"GAME_ID","AWAY_TEAM_ID","INN_CT","BAT_HOME_ID","OUTS_CT","BALLS_CT","STRIKES_CT","PITCH_SEQ_TX","AWAY_SCORE_CT","HOME_SCORE_CT","BAT_ID","BAT_HAND_CD","RESP_BAT_ID","RESP_BAT_HAND_CD","PIT_ID","PIT_HAND_CD","RESP_PIT_ID","RESP_PIT_HAND_CD","POS2_FLD_ID","POS3_FLD_ID","POS4_FLD_ID","POS5_FLD_ID","POS6_FLD_ID","POS7_FLD_ID","POS8_FLD_ID","POS9_FLD_ID","BASE1_RUN_ID","BASE2_RUN_ID","BASE3_RUN_ID","EVENT_TX","LEADOFF_FL","PH_FL","BAT_FLD_CD","BAT_LINEUP_ID","EVENT_CD","BAT_EVENT_FL","AB_FL","H_CD","SH_FL","SF_FL","EVENT_OUTS_CT","DP_FL","TP_FL","RBI_CT","WP_FL","PB_FL","FLD_CD","BATTEDBALL_CD","BUNT_FL","FOUL_FL","BATTEDBALL_LOC_TX","ERR_CT","ERR1_FLD_CD","ERR1_CD","ERR2_FLD_CD","ERR2_CD","ERR3_FLD_CD","ERR3_CD","BAT_DEST_ID","RUN1_DEST_ID","RUN2_DEST_ID","RUN3_DEST_ID","BAT_PLAY_TX","RUN1_PLAY_TX","RUN2_PLAY_TX","RUN3_PLAY_TX","RUN1_SB_FL","RUN2_SB_FL","RUN3_SB_FL","RUN1_CS_FL","RUN2_CS_FL","RUN3_CS_FL","RUN1_PK_FL","RUN2_PK_FL","RUN3_PK_FL","RUN1_RESP_PIT_ID","RUN2_RESP_PIT_ID","RUN3_RESP_PIT_ID","GAME_NEW_FL","GAME_END_FL","PR_RUN1_FL","PR_RUN2_FL","PR_RUN3_FL","REMOVED_FOR_PR_RUN1_ID","REMOVED_FOR_PR_RUN2_ID","REMOVED_FOR_PR_RUN3_ID","REMOVED_FOR_PH_BAT_ID","REMOVED_FOR_PH_BAT_FLD_CD","PO1_FLD_CD","PO2_FLD_CD","PO3_FLD_CD","ASS1_FLD_CD","ASS2_FLD_CD","ASS3_FLD_CD","ASS4_FLD_CD","ASS5_FLD_CD","EVENT_ID","HOME_TEAM_ID","BAT_TEAM_ID","FLD_TEAM_ID","BAT_LAST_ID","INN_NEW_FL","INN_END_FL","START_BAT_SCORE_CT","START_FLD_SCORE_CT","INN_RUNS_CT","GAME_PA_CT","INN_PA_CT","PA_NEW_FL","PA_TRUNC_FL","START_BASES_CD","END_BASES_CD","BAT_START_FL","RESP_BAT_START_FL","BAT_ON_DECK_ID","BAT_IN_HOLD_ID","PIT_START_FL","RESP_PIT_START_FL","RUN1_FLD_CD","RUN1_LINEUP_CD","RUN1_ORIGIN_EVENT_ID","RUN2_FLD_CD","RUN2_LINEUP_CD","RUN2_ORIGIN_EVENT_ID","RUN3_FLD_CD","RUN3_LINEUP_CD","RUN3_ORIGIN_EVENT_ID","RUN1_RESP_CAT_ID","RUN2_RESP_CAT_ID","RUN3_RESP_CAT_ID","PA_BALL_CT","PA_CALLED_BALL_CT","PA_INTENT_BALL_CT","PA_PITCHOUT_BALL_CT","PA_HITBATTER_BALL_CT","PA_OTHER_BALL_CT","PA_STRIKE_CT","PA_CALLED_STRIKE_CT","PA_SWINGMISS_STRIKE_CT","PA_FOUL_STRIKE_CT","PA_INPLAY_STRIKE_CT","PA_OTHER_STRIKE_CT","EVENT_RUNS_CT","FLD_ID","BASE2_FORCE_FL","BASE3_FORCE_FL","BASE4_FORCE_FL","BAT_SAFE_ERR_FL","BAT_FATE_ID","RUN1_FATE_ID","RUN2_FATE_ID","RUN3_FATE_ID","FATE_RUNS_CT","ASS6_FLD_CD","ASS7_FLD_CD","ASS8_FLD_CD","ASS9_FLD_CD","ASS10_FLD_CD","UNKNOWN_OUT_EXC_FL","UNCERTAIN_PLAY_EXC_FL","FILENAME_TX","LINE_NUMBER_CT"
"BAL197804140","MIL",1,0,0,0,0,"",0,0,"molip001","?","molip001","?","martd001","?","martd001","?","dempr001","murre001","smitb101","decid001","belam101","bumba001","harll101","singk001","","","","63","T","F",6,1,2,"T","T",0,"F","F",1,"F","F",0,"F","F",6,"G","F","F","",0,0,"N",0,"N",0,"N",0,0,0,0,"63","","","","F","F","F","F","F","F","F","F","F","","","","T","F","F","F","F","","","","",0,3,0,0,6,0,0,0,0,1,"BAL","MIL","BAL",0,"T","F",0,0,0,0,0,"T","F",0,0,"T","T","moned101","coopc001","T","T",0,0,0,0,0,0,0,0,0,"","","",0,0,0,0,0,0,0,0,0,0,0,0,0,"belam101","F","F","F","F",0,0,0,0,0,0,0,0,0,0,F,F,"1978BAL.EVA.regular.event.csv",2
"BAL197804140","MIL",1,0,1,0,0,"",0,0,"moned101","?","moned101","?","martd001","?","martd001","?","dempr001","murre001","smitb101","decid001","belam101","bumba001","harll101","singk001","","","","5","F","F",4,2,2,"T","T",0,"F","F",1,"F","F",0,"F","F",5,"F","F","F","",0,0,"N",0,"N",0,"N",0,0,0,0,"5","","","","F","F","F","F","F","F","F","F","F","","","","F","F","F","F","F","","","","",0,5,0,0,0,0,0,0,0,2,"BAL","MIL","BAL",0,"F","F",0,0,0,1,1,"T","F",0,0,"T","T","coopc001","hisll101","T","T",0,0,0,0,0,0,0,0,0,"","","",0,0,0,0,0,0,0,0,0,0,0,0,0,"decid001","F","F","F","F",0,0,0,0,0,0,0,0,0,0,F,F,"1978BAL.EVA.regular.event.csv",3
"BAL197804140","MIL",1,0,2,0,0,"",0,0,"coopc001","?","coopc001","?","martd001","?","martd001","?","dempr001","murre001","smitb101","decid001","belam101","bumba001","harll101","singk001","","","","K","F","F",3,3,3,"T","T",0,"F","F",1,"F","F",0,"F","F",0,"","F","F","",0,0,"N",0,"N",0,"N",0,0,0,0,"2","","","","F","F","F","F","F","F","F","F","F","","","","F","F","F","F","F","","","","",0,2,0,0,0,0,0,0,0,3,"BAL","MIL","BAL",0,"F","T",0,0,0,2,2,"T","F",0,0,"T","T","hisll101","oglib001","T","T",0,0,0,0,0,0,0,0,0,"","","",0,0,0,0,0,0,0,0,0,0,0,0,0,"","F","F","F","F",0,0,0,0,0,0,0,0,0,0,F,F,"1978BAL.EVA.regular.event.csv",4
"BAL197804140","MIL",1,1,0,0,0,"",0,0,"bumba001","?","bumba001","?","sorel001","?","sorel001","?","martb001","coopc001","moned101","bands101","molip001","hisll101","thomg001","lezcs001","","","","K","T","F",7,1,3,"T","T",0,"F","F",1,"F","F",0,"F","F",0,"","F","F","",0,0,"N",0,"N",0,"N",0,0,0,0,"2","","","","F","F","F","F","F","F","F","F","F","","","","F","F","F","F","F","","","","",0,2,0,0,0,0,0,0,0,4,"BAL","BAL","MIL",1,"T","F",0,0,0,0,0,"T","F",0,0,"T","T","smitb101","singk001","T","T",0,0,0,0,0,0,0,0,0,"","","",0,0,0,0,0,0,0,0,0,0,0,0,0,"","F","F","F","F",0,0,0,0,0,0,0,0,0,0,F,F,"1978BAL.EVA.regular.event.csv",5
"BAL197804140","MIL",1,1,1,0,0,"",0,0,"smitb101","?","smitb101","?","sorel001","?","sorel001","?","martb001","coopc001","moned101","bands101","molip001","hisll101","thomg001","lezcs001","","","","K/C","F","F",4,2,3,"T","T",0,"F","F",1,"F","F",0,"F","F",0,"","F","F","",0,0,"N",0,"N",0,"N",0,0,0,0,"2","","","","F","F","F","F","F","F","F","F","F","","","","F","F","F","F","F","","","","",0,2,0,0,0,0,0,0,0,5,"BAL","BAL","MIL",1,"F","F",0,0,0,1,1,"T","F",0,0,"T","T","singk001","murre001","T","T",0,0,0,0,0,0,0,0,0,"","","",0,0,0,0,0,0,0,0,0,0,0,0,0,"","F","F","F","F",0,0,0,0,0,0,0,0,0,0,F,F,"1978BAL.EVA.regular.event.csv",6
"BAL197804140","MIL",1,1,2,0,0,"",0,0,"singk001","?","singk001","?","sorel001","?","sorel001","?","martb001","coopc001","moned101","bands101","molip001","hisll101","thomg001","lezcs001","","","","13","F","F",9,3,2,"T","T",0,"F","F",1,"F","F",0,"F","F",1,"G","F","F","",0,0,"N",0,"N",0,"N",0,0,0,0,"13","","","","F","F","F","F","F","F","F","F","F","","","","F","F","F","F","F","","","","",0,3,0,0,1,0,0,0,0,6,"BAL","BAL","MIL",1,"F","T",0,0,0,2,2,"T","F",0,0,"T","T","murre001","may-l101","T","T",0,0,0,0,0,0,0,0,0,"","","",0,0,0,0,0,0,0,0,0,0,0,0,0,"sorel001","F","F","F","F",0,0,0,0,0,0,0,0,0,0,F,F,"1978BAL.EVA.regular.event.csv",7
"BAL197804140","MIL",2,0,0,0,0,"",0,0,"hisll101","?","hisll101","?","martd001","?","martd001","?","dempr001","murre001","smitb101","decid001","belam101","bumba001","harll101","singk001","","","","K","T","F",7,4,3,"T","T",0,"F","F",1,"F","F",0,"F","F",0,"","F","F","",0,0,"N",0,"N",0,"N",0,0,0,0,"2","","","","F","F","F","F","F","F","F","F","F","","","","F","F","F","F","F","","","","",0,2,0,0,0,0,0,0,0,7,"BAL","MIL","BAL",0,"T","F",0,0,0,3,0,"T","F",0,0,"T","T","oglib001","lezcs001","T","T",0,0,0,0,0,0,0,0,0,"","","",0,0,0,0,0,0,0,0,0,0,0,0,0,"","F","F","F","F",0,0,0,0,0,0,0,0,0,0,F,F,"1978BAL.EVA.regular.event.csv",8
"BAL197804140","MIL",2,0,1,0,0,"",0,0,"oglib001","?","oglib001","?","martd001","?","martd001","?","dempr001","murre001","smitb101","decid001","belam101","bumba001","harll101","singk001","","","","5","F","F",10,5,2,"T","T",0,"F","F",1,"F","F",0,"F","F",5,"F","F","F","",0,0,"N",0,"N",0,"N",0,0,0,0,"5","","","","F","F","F","F","F","F","F","F","F","","","","F","F","F","F","F","","","","",0,5,0,0,0,0,0,0,0,8,"BAL","MIL","BAL",0,"F","F",0,0,0,4,1,"T","F",0,0,"T","T","lezcs001","bands101","T","T",0,0,0,0,0,0,0,0,0,"","","",0,0,0,0,0,0,0,0,0,0,0,0,0,"decid001","F","F","F","F",0,0,0,0,0,0,0,0,0,0,F,F,"1978BAL.EVA.regular.event.csv",9
"BAL197804140","MIL",2,0,2,0,0,"",0,0,"lezcs001","?","lezcs001","?","martd001","?","martd001","?","dempr001","murre001","smitb101","decid001","belam101","bumba001","harll101","singk001","","","","K","F","F",9,6,3,"T","T",0,"F","F",1,"F","F",0,"F","F",0,"","F","F","",0,0,"N",0,"N",0,"N",0,0,0,0,"2","","","","F","F","F","F","F","F","F","F","F","","","","F","F","F","F","F","","","","",0,2,0,0,0,0,0,0,0,9,"BAL","MIL","BAL",0,"F","T",0,0,0,5,2,"T","F",0,0,"T","T","bands101","thomg001","T","T",0,0,0,0,0,0,0,0,0,"","","",0,0,0,0,0,0,0,0,0,0,0,0,0,"","F","F","F","F",0,0,0,0,0,0,0,0,0,0,F,F,"1978BAL.EVA.regular.event.csv",10
"BAL197804140","MIL",2,1,0,0,0,"",0,0,"murre001","?","murre001","?","sorel001","?","sorel001","?","martb001","coopc001","moned101","bands101","molip001","hisll101","thomg001","lezcs001","","","","6","T","F",3,4,2,"T","T",0,"F","F",1,"F","F",0,"F","F",6,"F","F","F","",0,0,"N",0,"N",0,"N",0,0,0,0,"6","","","","F","F","F","F","F","F","F","F","F","","","","F","F","F","F","F","","","","",0,6,0,0,0,0,0,0,0,10,"BAL","BAL","MIL",1,"T","F",0,0,0,3,0,"T","F",0,0,"T","T","may-l101","harll101","T","T",0,0,0,0,0,0,0,0,0,"","","",0,0,0,0,0,0,0,0,0,0,0,0,0,"molip001","F","F","F","F",0,0,0,0,0,0,0,0,0,0,F,F,"1978BAL.EVA.regular.event.csv",11
"BAL197804140","MIL",2,1,1,0,0,"",0,0,"may-l101","?","may-l101","?","sorel001","?","sorel001","?","martb001","coopc001","moned101","bands101","molip001","hisll101","thomg001","lezcs001","","","","53","F","F",10,5,2,"T","T",0,"F","F",1,"F","F",0,"F","F",5,"G","F","F","",0,0,"N",0,"N",0,"N",0,0,0,0,"53","","","","F","F","F","F","F","F","F","F","F","","","","F","F","F","F","F","","","","",0,3,0,0,5,0,0,0,0,11,"BAL","BAL","MIL",1,"F","F",0,0,0,4,1,"T","F",0,0,"T","T","harll101","decid001","T","T",0,0,0,0,0,0,0,0,0,"","","",0,0,0,0,0,0,0,0,0,0,0,0,0,"bands101","F","F","F","F",0,0,0,0,0,0,0,0,0,0,F,F,"1978BAL.EVA.regular.event.csv",12
"BAL197804140","MIL",2,1,2,0,0,"",0,0,"harll101","?","harll101","?","sorel001","?","sorel001","?","martb001","coopc001","moned101","bands101","molip001","hisll101","thomg001","lezcs001","","","","43","F","F",8,6,2,"T","T",0,"F","F",1,"F","F",0,"F","F",4,"G","F","F","",0,0,"N",0,"N",0,"N",0,0,0,0,"43","","","","F","F","F","F","F","F","F","F","F","","","","F","F","F","F","F","","","","",0,3,0,0,4,0,0,0,0,12,"BAL","BAL","MIL",1,"F","T",0,0,0,5,2,"T","F",0,0,"T","T","decid001","dempr001","T","T",0,0,0,0,0,0,0,0,0,"","","",0,0,0,0,0,0,0,0,0,0,0,0,0,"moned101","F","F","F","F",0,0,0,0,0,0,0,0,0,0,F,F,"1978BAL.EVA.regular.event.csv",13
"BAL197804140","MIL",3,0,0,0,0,"",0,0,"bands101","?","bands101","?","martd001","?","martd001","?","dempr001","murre001","smitb101","decid001","belam101","bumba001","harll101","singk001","","","","W","T","F",5,7,14,"T","F",0,"F","F",0,"F","F",0,"F","F",0,"","F","F","",0,0,"N",0,"N",0,"N",1,0,0,0,"","","","","F","F","F","F","F","F","F","F","F","","","","F","F","F","F","F","","","","",0,0,0,0,0,0,0,0,0,13,"BAL","MIL","BAL",0,"T","F",0,0,0,6,0,"T","F",0,1,"T","T","thomg001","martb001","T","T",0,0,0,0,0,0,0,0,0,"","","",0,0,0,0,0,0,0,0,0,0,0,0,0,"","F","F","F","F",4,0,0,0,4,0,0,0,0,0,F,F,"1978BAL.EVA.regular.event.csv",14
"BAL197804140","MIL",3,0,0,0,0,"",0,0,"thomg001","?","thomg001","?","martd001","?","martd001","?","dempr001","murre001","smitb101","decid001","belam101","bumba001","harll101","singk001","bands101","","","D7.1-3","F","F",8,8,21,"T","T",2,"F","F",0,"F","F",0,"F","F",7,"","F","F","",0,0,"N",0,"N",0,"N",2,3,0,0,"","","","","F","F","F","F","F","F","F","F","F","martd001","","","F","F","F","F","F","","","","",0,0,0,0,0,0,0,0,0,14,"BAL","MIL","BAL",0,"F","F",0,0,0,7,1,"T","F",1,6,"T","T","martb001","molip001","T","T",5,7,13,0,0,0,0,0,0,"dempr001","","",0,0,0,0,0,0,0,0,0,0,0,0,0,"bumba001","F","F","F","F",4,4,0,0,4,0,0,0,0,0,F,F,"1978BAL.EVA.regular.event.csv",15
"BAL197804140","MIL",3,0,0,0,0,"",0,0,"martb001","?","martb001","?","martd001","?","martd001","?","dempr001","murre001","smitb101","decid001","belam101","bumba001","harll101","singk001","","thomg001","bands101","K/C","F","F",2,9,3,"T","T",0,"F","F",1,"F","F",0,"F","F",0,"","F","F","",0,0,"N",0,"N",0,"N",0,0,2,3,"2","","","","F","F","F","F","F","F","F","F","F","","martd001","martd001","F","F","F","F","F","","","","",0,2,0,0,0,0,0,0,0,15,"BAL","MIL","BAL",0,"F","F",0,0,0,8,2,"T","F",6,6,"T","T","molip001","moned101","T","T",0,0,0,8,8,14,5,7,13,"","dempr001","dempr001",0,0,0,0,0,0,0,0,0,0,0,0,0,"","F","F","F","F",0,0,4,4,4,0,0,0,0,0,F,F,"1978BAL.EVA.regular.event.csv",16
"BAL197804140","MIL",3,0,1,0,0,"",0,0,"molip001","?","molip001","?","martd001","?","martd001","?","dempr001","murre001","smitb101","decid001","belam101","bumba001","harll101","singk001","","thomg001","bands101","S7.3-H;2-H","F","F",6,1,20,"T","T",1,"F","F",0,"F","F",2,"F","F",7,"","F","F","",0,0,"N",0,"N",0,"N",1,0,4,4,"","","","","F","F","F","F","F","F","F","F","F","","martd001","martd001","F","F","F","F","F","","","","",0,0,0,0,0,0,0,0,0,16,"BAL","MIL","BAL",0,"F","F",0,0,0,9,3,"T","F",6,1,"T","T","moned101","coopc001","T","T",0,0,0,8,8,14,5,7,13,"","dempr001","dempr001",0,0,0,0,0,0,0,0,0,0,0,0,2,"bumba001","F","F","F","F",4,0,4,4,2,0,0,0,0,0,F,F,"1978BAL.EVA.regular.event.csv",17
"BAL197804140","MIL",3,0,1,0,0,"",2,0,"moned101","?","moned101","?","martd001","?","martd001","?","dempr001","murre001","smitb101","decid001","belam101","bumba001","harll101","singk001","molip001","","","HR/F7.1-H","F","F",4,2,23,"T","T",4,"F","F",0,"F","F",2,"F","F",0,"F","F","F","7",0,0,"N",0,"N",0,"N",4,4,0,0,"","","","","F","F","F","F","F","F","F","F","F","martd001","","","F","F","F","F","F","","","","",0,0,0,0,0,0,0,0,0,17,"BAL","MIL","BAL",0,"F","F",2,0,2,10,4,"T","F",1,0,"T","T","coopc001","hisll101","T","T",6,1,16,0,0,0,0,0,0,"dempr001","","",0,0,0,0,0,0,0,0,0,0,0,0,2,"","F","F","F","F",4,4,0,0,0,0,0,0,0,0,F,F,"1978BAL.EVA.regular.event.csv",18
"BAL197804140","MIL",3,0,1,0,0,"",4,0,"coopc001","?","coopc001","?","martd001","?","martd001","?","dempr001","murre001","smitb101","decid001","belam101","bumba001","harll101","singk001","","","","K","F","F",3,3,3,"T","T",0,"F","F",1,"F","F",0,"F","F",0,"","F","F","",0,0,"N",0,"N",0,"N",0,0,0,0,"2","","","","F","F","F","F","F","F","F","F","F","","","","F","F","F","F","F","","","","",0,2,0,0,0,0,0,0,0,18,"BAL","MIL","BAL",0,"F","F",4,0,4,11,5,"T","F",0,0,"T","T","hisll101","oglib001","T","T",0,0,0,0,0,0,0,0,0,"","","",0,0,0,0,0,0,0,0,0,0,0,0,0,"","F","F","F","F",0,0,0,0,0,0,0,0,0,0,F,F,"1978BAL.EVA.regular.event.csv",19
"BAL197804140","MIL",3,0,2,0,0,"",4,0,"hisll101","?","hisll101","?","martd001","?","martd001","?","dempr001","murre001","smitb101","decid001","belam101","bumba001","harll101","singk001","","","","13","F","F",7,4,2,"T","T",0,"F","F",1,"F","F",0,"F","F",1,"G","F","F","",0,0,"N",0,"N",0,"N",0,0,0,0,"13","","","","F","F","F","F","F","F","F","F","F","","","","F","F","F","F","F","","","","",0,3,0,0,1,0,0,0,0,19,"BAL","MIL","BAL",0,"F","T",4,0,4,12,6,"T","F",0,0,"T","T","oglib001","lezcs001","T","T",0,0,0,0,0,0,0,0,0,"","","",0,0,0,0,0,0,0,0,0,0,0,0,0,"martd001","F","F","F","F",0,0,0,0,0,0,0,0,0,0,F,F,"1978BAL.EVA.regular.event.csv",20
"BAL197804140","MIL",3,1,0,0,0,"",4,0,"decid001","?","decid001","?","sorel001","?","sorel001","?","martb001","coopc001","moned101","bands101","molip001","hisll101","thomg001","lezcs001","","","","W","T","F",5,7,14,"T","F",0,"F","F",0,"F","F",0,"F","F",0,"","F","F","",0,0,"N",0,"N",0,"N",1,0,0,0,"","","","","F","F","F","F","F","F","F","F","F","","","","F","F","F","F","F","","","","",0,0,0,0,0,0,0,0,0,20,"BAL","BAL","MIL",1,"T","F",0,4,0,6,0,"T","F",0,1,"T","T","dempr001","belam101","T","T",0,0,0,0,0,0,0,0,0,"","","",0,0,0,0,0,0,0,0,0,0,0,0,0,"","F","F","F","F",4,0,0,0,5,0,0,0,0,0,F,F,"1978BAL.EVA.regular.event.csv",21
"BAL197804140","MIL",3,1,0,0,0,"",4,0,"dempr001","?","dempr001","?","sorel001","?","sorel001","?","martb001","coopc001","moned101","bands101","molip001","hisll101","thomg001","lezcs001","decid001","","","S4.1-2","F","F",2,8,20,"T","T",1,"F","F",0,"F","F",0,"F","F",4,"","F","F","",0,0,"N",0,"N",0,"N",1,2,0,0,"","","","","F","F","F","F","F","F","F","F","F","sorel001","","","F","F","F","F","F","","","","",0,0,0,0,0,0,0,0,0,21,"BAL","BAL","MIL",1,"F","F",0,4,0,7,1,"T","F",1,3,"T","T","belam101","bumba001","T","T",5,7,20,0,0,0,0,0,0,"martb001","","",0,0,0,0,0,0,0,0,0,0,0,0,0,"moned101","F","F","F","F",4,4,0,0,5,0,0,0,0,0,F,F,"1978BAL.EVA.regular.event.csv",22
"BAL197804140","MIL",3,1,0,0,0,"",4,0,"belam101","?","belam101","?","sorel001","?","sorel001","?","martb001","coopc001","moned101","bands101","molip001","hisll101","thomg001","lezcs001","dempr001","decid001","","W.2-3;1-2","F","F",6,9,14,"T","F",0,"F","F",0,"F","F",0,"F","F",0,"","F","F","",0,0,"N",0,"N",0,"N",1,2,3,0,"","","","","F","F","F","F","F","F","F","F","F","sorel001","sorel001","","F","F","F","F","F","","","","",0,0,0,0,0,0,0,0,0,22,"BAL","BAL","MIL",1,"F","F",0,4,0,8,2,"T","F",3,7,"T","T","bumba001","smitb101","T","T",2,8,21,5,7,20,0,0,0,"martb001","martb001","",0,0,0,0,0,0,0,0,0,0,0,0,0,"","F","F","F","F",4,4,4,0,5,0,0,0,0,0,F,F,"1978BAL.EVA.regular.event.csv",23
"BAL197804140","MIL",3,1,0,0,0,"",4,0,"bumba001","?","bumba001","?","sorel001","?","sorel001","?","martb001","coopc001","moned101","bands101","molip001","hisll101","thomg001","lezcs001","belam101","dempr001","decid001","S8.3-H;2-3;1-2","F","F",7,1,20,"T","T",1,"F","F",0,"F","F",1,"F","F",8,"","F","F","",0,0,"N",0,"N",0,"N",1,2,3,4,"","","","","F","F","F","F","F","F","F","F","F","sorel001","sorel001","sorel001","F","F","F","F","F","","","","",0,0,0,0,0,0,0,0,0,23,"BAL","BAL","MIL",1,"F","F",0,4,0,9,3,"T","F",7,7,"T","T","smitb101","singk001","T","T",6,9,22,2,8,21,5,7,20,"martb001","martb001","martb001",0,0,0,0,0,0,0,0,0,0,0,0,1,"thomg001","F","F","F","F",4,4,4,4,4,0,0,0,0,0,F,F,"1978BAL.EVA.regular.event.csv",24
"BAL197804140","MIL",3,1,0,0,0,"",4,1,"smitb101","?","smitb101","?","sorel001","?","sorel001","?","martb001","coopc001","moned101","bands101","molip001","hisll101","thomg001","lezcs001","bumba001","belam101","dempr001","E3.3-H(RBI);2-H(NR);1-3(E7);B-2","F","F",4,2,18,"T","T",0,"F","F",0,"F","F",1,"F","F",3,"G","F","F","",2,3,"F",7,"F",0,"N",2,3,4,4,"","","","","F","F","F","F","F","F","F","F","F","sorel001","sorel001","sorel001","F","F","F","F","F","","","","",0,0,0,0,0,0,0,0,0,24,"BAL","BAL","MIL",1,"F","F",1,4,1,10,4,"T","F",7,6,"T","T","singk001","murre001","T","T",7,1,23,6,9,22,2,8,21,"martb001","martb001","martb001",0,0,0,0,0,0,0,0,0,0,0,0,2,"coopc001","F","F","F","T",5,4,4,4,2,0,0,0,0,0,F,F,"1978BAL.EVA.regular.event.csv",25
"BAL197804140","MIL",3,1,0,0,0,"",4,3,"singk001","?","singk001","?","sorel001","?","sorel001","?","martb001","coopc001","moned101","bands101","molip001","hisll101","thomg001","lezcs001","","smitb101","bumba001","K","F","F",9,3,3,"T","T",0,"F","F",1,"F","F",0,"F","F",0,"","F","F","",0,0,"N",0,"N",0,"N",0,0,2,3,"2","","","","F","F","F","F","F","F","F","F","F","","sorel001","sorel001","F","F","F","F","F","","","","",0,2,0,0,0,0,0,0,0,25,"BAL","BAL","MIL",1,"F","F",3,4,3,11,5,"T","F",6,6,"T","T","murre001","may-l101","T","T",0,0,0,4,2,24,7,1,23,"","martb001","martb001",0,0,0,0,0,0,0,0,0,0,0,0,0,"","F","F","F","F",0,0,5,4,2,0,0,0,0,0,F,F,"1978BAL.EVA.regular.event.csv",26
"BAL197804140","MIL",3,1,1,0,0,"",4,3,"murre001","?","murre001","?","sorel001","?","sorel001","?","martb001","coopc001","moned101","bands101","molip001","hisll101","thomg001","lezcs001","","smitb101","bumba001","IW","F","F",3,4,15,"T","F",0,"F","F",0,"F","F",0,"F","F",0,"","F","F","",0,0,"N",0,"N",0,"N",1,0,2,3,"","","","","F","F","F","F","F","F","F","F","F","","sorel001","sorel001","F","F","F","F","F","","","","",0,0,0,0,0,0,0,0,0,26,"BAL","BAL","MIL",1,"F","F",3,4,3,12,6,"T","F",6,7,"T","T","may-l101","harll101","T","T",0,0,0,4,2,24,7,1,23,"","martb001","martb001",0,0,0,0,0,0,0,0,0,0,0,0,0,"","F","F","F","F",0,0,5,4,2,0,0,0,0,0,F,F,"1978BAL.EVA.regular.event.csv",27
"BAL197804140","MIL",3,1,1,0,0,"",4,3,"may-l101","?","may-l101","?","sorel001","?","sorel001","?","martb001","coopc001","moned101","bands101","molip001","hisll101","thomg001","lezcs001","murre001","smitb101","bumba001","S8.3-H;2-H(UR);1-3;BX2(84)","F","F",10,5,20,"T","T",1,"F","F",1,"F","F",2,"F","F",8,"","F","F","",0,0,"N",0,"N",0,"N",0,3,5,4,"84","","","","F","F","F","F","F","F","F","F","F","sorel001","sorel001","sorel001","F","F","F","F","F","","","","",0,4,0,0,8,0,0,0,0,27,"BAL","BAL","MIL",1,"F","F",3,4,3,13,7,"T","F",7,4,"T","T","harll101","decid001","T","T",3,4,26,4,2,24,7,1,23,"martb001","martb001","martb001",0,0,0,0,0,0,0,0,0,0,0,0,2,"thomg001","F","F","F","F",0,0,5,4,0,0,0,0,0,0,F,F,"1978BAL.EVA.regular.event.csv",28
"BAL197804140","MIL",3,1,2,0,0,"",4,5,"harll101","?","harll101","?","sorel001","?","sorel001","?","martb001","coopc001","moned101","bands101","molip001","hisll101","thomg001","lezcs001","","","murre001","63","F","F",8,6,2,"T","T",0,"F","F",1,"F","F",0,"F","F",6,"G","F","F","",0,0,"N",0,"N",0,"N",0,0,0,3,"63","","","","F","F","F","F","F","F","F","F","F","","","sorel001","F","F","F","F","F","","","","",0,3,0,0,6,0,0,0,0,28,"BAL","BAL","MIL",1,"F","T",5,4,5,14,8,"T","F",4,4,"T","T","decid001","dempr001","T","T",0,0,0,0,0,0,3,4,26,"","","martb001",0,0,0,0,0,0,0,0,0,0,0,0,0,"molip001","F","F","F","F",0,0,0,0,0,0,0,0,0,0,F,F,"1978BAL.EVA.regular.event.csv",29
"BAL197804140","MIL",4,0,0,0,0,"",4,5,"oglib001","?","oglib001","?","martd001","?","martd001","?","dempr001","murre001","smitb101","decid001","belam101","bumba001","harll101","singk001","","","","43","T","F",10,5,2,"T","T",0,"F","F",1,"F","F",0,"F","F",4,"G","F","F","",0,0,"N",0,"N",0,"N",0,0,0,0,"43","","","","F","F","F","F","F","F","F","F","F","","","","F","F","F","F","F","","","","",0,3,0,0,4,0,0,0,0,29,"BAL","MIL","BAL",0,"T","F",4,5,0,13,0,"T","F",0,0,"T","T","lezcs001","bands101","T","T",0,0,0,0,0,0,0,0,0,"","","",0,0,0,0,0,0,0,0,0,0,0,0,0,"smitb101","F","F","F","F",0,0,0,0,0,0,0,0,0,0,F,F,"1978BAL.EVA.regular.event.csv",30
"BAL197804140","MIL",4,0,1,0,0,"",4,5,"lezcs001","?","lezcs001","?","martd001","?","martd001","?","dempr001","murre001","smitb101","decid001","belam101","bumba001","harll101","singk001","","","","7/L","F","F",9,6,2,"T","T",0,"F","F",1,"F","F",0,"F","F",7,"L","F","F","",0,0,"N",0,"N",0,"N",0,0,0,0,"7","","","","F","F","F","F","F","F","F","F","F","","","","F","F","F","F","F","","","","",0,7,0,0,0,0,0,0,0,30,"BAL","MIL","BAL",0,"F","F",4,5,0,14,1,"T","F",0,0,"T","T","bands101","thomg001","T","T",0,0,0,0,0,0,0,0,0,"","","",0,0,0,0,0,0,0,0,0,0,0,0,0,"bumba001","F","F","F","F",0,0,0,0,0,0,0,0,0,0,F,F,"1978BAL.EVA.regular.event.csv",31
"BAL197804140","MIL",4,0,2,0,0,"",4,5,"bands101","?","bands101","?","martd001","?","martd001","?","dempr001","murre001","smitb101","decid001","belam101","bumba001","harll101","singk001","","","","D7","F","F",5,7,21,"T","T",2,"F","F",0,"F","F",0,"F","F",7,"","F","F","",0,0,"N",0,"N",0,"N",2,0,0,0,"","","","","F","F","F","F","F","F","F","F","F","","","","F","F","F","F","F","","","","",0,0,0,0,0,0,0,0,0,31,"BAL","MIL","BAL",0,"F","F",4,5,0,15,2,"T","F",0,2,"T","T","thomg001","martb001","T","T",0,0,0,0,0,0,0,0,0,"","","",0,0,0,0,0,0,0,0,0,0,0,0,0,"bumba001","F","F","F","F",0,0,0,0,0,0,0,0,0,0,F,F,"1978BAL.EVA.regular.event.csv",32
"BAL197804140","MIL",4,0,2,0,0,"",4,5,"thomg001","?","thomg001","?","martd001","?","martd001","?","dempr001","murre001","smitb101","decid001","belam101","bumba001","harll101","singk001","","bands101","","K","F","F",8,8,3,"T","T",0,"F","F",1,"F","F",0,"F","F",0,"","F","F","",0,0,"N",0,"N",0,"N",0,0,2,0,"2","","","","F","F","F","F","F","F","F","F","F","","martd001","","F","F","F","F","F","","","","",0,2,0,0,0,0,0,0,0,32,"BAL","MIL","BAL",0,"F","T",4,5,0,16,3,"T","F",2,2,"T","T","martb001","molip001","T","T",0,0,0,5,7,31,0,0,0,"","dempr001","",0,0,0,0,0,0,0,0,0,0,0,0,0,"","F","F","F","F",0,0,0,0,0,0,0,0,0,0,F,F,"1978BAL.EVA.regular.event.csv",33
"BAL197804140","MIL",4,1,0,0,0,"",4,5,"decid001","?","decid001","?","sorel001","?","sorel001","?","martb001","coopc001","moned101","bands101","molip001","hisll101","thomg001","lezcs001","","","","S6","T","F",5,7,20,"T","T",1,"F","F",0,"F","F",0,"F","F",6,"","F","F","",0,0,"N",0,"N",0,"N",1,0,0,0,"","","","","F","F","F","F","F","F","F","F","F","","","","F","F","F","F","F","","","","",0,0,0,0,0,0,0,0,0,33,"BAL","BAL","MIL",1,"T","F",5,4,0,15,0,"T","F",0,1,"T","T","dempr001","belam101","T","T",0,0,0,0,0,0,0,0,0,"","","",0,0,0,0,0,0,0,0,0,0,0,0,0,"molip001","F","F","F","F",0,0,0,0,0,0,0,0,0,0,F,F,"1978BAL.EVA.regular.event.csv",34
"BAL197804140","MIL",4,1,0,0,0,"",4,5,"dempr001","?","dempr001","?","sorel001","?","sorel001","?","martb001","coopc001","moned101","bands101","molip001","hisll101","thomg001","lezcs001","decid001","","","K","F","F",2,8,3,"T","T",0,"F","F",1,"F","F",0,"F","F",0,"","F","F","",0,0,"N",0,"N",0,"N",0,1,0,0,"2","","","","F","F","F","F","F","F","F","F","F","sorel001","","","F","F","F","F","F","","","","",0,2,0,0,0,0,0,0,0,34,"BAL","BAL","MIL",1,"F","F",5,4,0,16,1,"T","F",1,1,"T","T","belam101","bumba001","T","T",5,7,33,0,0,0,0,0,0,"martb001","","",0,0,0,0,0,0,0,0,0,0,0,0,0,"","F","F","F","F",0,0,0,0,0,0,0,0,0,0,F,F,"1978BAL.EVA.regular.event.csv",35
"BAL197804140","MIL",4,1,1,0,0,"",4,5,"belam101","?","belam101","?","sorel001","?","sorel001","?","martb001","coopc001","moned101","bands101","molip001","hisll101","thomg001","lezcs001","decid001","","","FC4.1-2;B-1","F","F",6,9,19,"T","T",0,"F","F",0,"F","F",0,"F","F",4,"G","F","F","",0,0,"N",0,"N",0,"N",1,2,0,0,"","","","","F","F","F","F","F","F","F","F","F","sorel001","","","F","F","F","F","F","","","","",0,0,0,0,0,0,0,0,0,35,"BAL","BAL","MIL",1,"F","F",5,4,0,17,2,"T","F",1,3,"T","T","bumba001","smitb101","T","T",5,7,33,0,0,0,0,0,0,"martb001","","",0,0,0,0,0,0,0,0,0,0,0,0,0,"moned101","F","F","F","F",0,0,0,0,0,0,0,0,0,0,F,F,"1978BAL.EVA.regular.event.csv",36
"BAL197804140","MIL",4,1,1,0,0,"",4,5,"bumba001","?","bumba001","?","sorel001","?","sorel001","?","martb001","coopc001","moned101","bands101","molip001","hisll101","thomg001","lezcs001","belam101","decid001","","K","F","F",7,1,3,"T","T",0,"F","F",1,"F","F",0,"F","F",0,"","F","F","",0,0,"N",0,"N",0,"N",0,1,2,0,"2","","","","F","F","F","F","F","F","F","F","F","sorel001","sorel001","","F","F","F","F","F","","","","",0,2,0,0,0,0,0,0,0,36,"BAL","BAL","MIL",1,"F","F",5,4,0,18,3,"T","F",3,3,"T","T","smitb101","singk001","T","T",6,9,35,5,7,33,0,0,0,"martb001","martb001","",0,0,0,0,0,0,0,0,0,0,0,0,0,"","F","F","F","F",0,0,0,0,0,0,0,0,0,0,F,F,"1978BAL.EVA.regular.event.csv",37
"BAL197804140","MIL",4,1,2,0,0,"",4,5,"smitb101","?","smitb101","?","sorel001","?","sorel001","?","martb001","coopc001","moned101","bands101","molip001","hisll101","thomg001","lezcs001","belam101","decid001","","13","F","F",4,2,2,"T","T",0,"F","F",1,"F","F",0,"F","F",1,"G","F","F","",0,0,"N",0,"N",0,"N",0,1,2,0,"13","","","","F","F","F","F","F","F","F","F","F","sorel001","sorel001","","F","F","F","F","F","","","","",0,3,0,0,1,0,0,0,0,37,"BAL","BAL","MIL",1,"F","T",5,4,0,19,4,"T","F",3,3,"T","T","singk001","murre001","T","T",6,9,35,5,7,33,0,0,0,"martb001","martb001","",0,0,0,0,0,0,0,0,0,0,0,0,0,"sorel001","F","F","F","F",0,0,0,0,0,0,0,0,0,0,F,F,"1978BAL.EVA.regular.event.csv",38
"BAL197804140","MIL",5,0,0,0,0,"",4,5,"martb001","?","martb001","?","martd001","?","martd001","?","dempr001","murre001","smitb101","decid001","belam101","bumba001","harll101","singk001","","","","63","T","F",2,9,2,"T","T",0,"F","F",1,"F","F",0,"F","F",6,"G","F","F","",0,0,"N",0,"N",0,"N",0,0,0,0,"63","","","","F","F","F","F","F","F","F","F","F","","","","F","F","F","F","F","","","","",0,3,0,0,6,0,0,0,0,38,"BAL","MIL","BAL",0,"T","F",4,5,0,17,0,"T","F",0,0,"T","T","molip001","moned101","T","T",0,0,0,0,0,0,0,0,0,"","","",0,0,0,0,0,0,0,0,0,0,0,0,0,"belam101","F","F","F","F",0,0,0,0,0,0,0,0,0,0,F,F,"1978BAL.EVA.regular.event.csv",39
"BAL197804140","MIL",5,0,1,0,0,"",4,5,"molip001","?","molip001","?","martd001","?","martd001","?","dempr001","murre001","smitb101","decid001","belam101","bumba001","harll101","singk001","","","","63","F","F",6,1,2,"T","T",0,"F","F",1,"F","F",0,"F","F",6,"G","F","F","",0,0,"N",0,"N",0,"N",0,0,0,0,"63","","","","F","F","F","F","F","F","F","F","F","","","","F","F","F","F","F","","","","",0,3,0,0,6,0,0,0,0,39,"BAL","MIL","BAL",0,"F","F",4,5,0,18,1,"T","F",0,0,"T","T","moned101","coopc001","T","T",0,0,0,0,0,0,0,0,0,"","","",0,0,0,0,0,0,0,0,0,0,0,0,0,"belam101","F","F","F","F",0,0,0,0,0,0,0,0,0,0,F,F,"1978BAL.EVA.regular.event.csv",40
"BAL197804140","MIL",5,0,2,0,0,"",4,5,"moned101","?","moned101","?","martd001","?","martd001","?","dempr001","murre001","smitb101","decid001","belam101","bumba001","harll101","singk001","","","","K/C","F","F",4,2,3,"T","T",0,"F","F",1,"F","F",0,"F","F",0,"","F","F","",0,0,"N",0,"N",0,"N",0,0,0,0,"2","","","","F","F","F","F","F","F","F","F","F","","","","F","F","F","F","F","","","","",0,2,0,0,0,0,0,0,0,40,"BAL","MIL","BAL",0,"F","T",4,5,0,19,2,"T","F",0,0,"T","T","coopc001","hisll101","T","T",0,0,0,0,0,0,0,0,0,"","","",0,0,0,0,0,0,0,0,0,0,0,0,0,"","F","F","F","F",0,0,0,0,0,0,0,0,0,0,F,F,"1978BAL.EVA.regular.event.csv",41
"BAL197804140","MIL",5,1,0,0,0,"",4,5,"singk001","?","singk001","?","sorel001","?","sorel001","?","martb001","coopc001","moned101","bands101","molip001","hisll101","thomg001","lezcs001","","","","S9","T","F",9,3,20,"T","T",1,"F","F",0,"F","F",0,"F","F",9,"","F","F","",0,0,"N",0,"N",0,"N",1,0,0,0,"","","","","F","F","F","F","F","F","F","F","F","","","","F","F","F","F","F","","","","",0,0,0,0,0,0,0,0,0,41,"BAL","BAL","MIL",1,"T","F",5,4,0,20,0,"T","F",0,1,"T","T","murre001","may-l101","T","T",0,0,0,0,0,0,0,0,0,"","","",0,0,0,0,0,0,0,0,0,0,0,0,0,"lezcs001","F","F","F","F",0,0,0,0,0,0,0,0,0,0,F,F,"1978BAL.EVA.regular.event.csv",42
"BAL197804140","MIL",5,1,0,0,0,"",4,5,"murre001","?","murre001","?","sorel001","?","sorel001","?","martb001","coopc001","moned101","bands101","molip001","hisll101","thomg001","lezcs001","singk001","","","8/L","F","F",3,4,2,"T","T",0,"F","F",1,"F","F",0,"F","F",8,"L","F","F","",0,0,"N",0,"N",0,"N",0,1,0,0,"8","","","","F","F","F","F","F","F","F","F","F","sorel001","","","F","F","F","F","F","","","","",0,8,0,0,0,0,0,0,0,42,"BAL","BAL","MIL",1,"F","F",5,4,0,21,1,"T","F",1,1,"T","T","may-l101","harll101","T","T",9,3,41,0,0,0,0,0,0,"martb001","","",0,0,0,0,0,0,0,0,0,0,0,0,0,"thomg001","F","F","F","F",0,0,0,0,0,0,0,0,0,0,F,F,"1978BAL.EVA.regular.event.csv",43
"BAL197804140","MIL",5,1,1,0,0,"",4,5,"may-l101","?","may-l101","?","sorel001","?","sorel001","?","martb001","coopc001","moned101","bands101","molip001","hisll101","thomg001","lezcs001","singk001","","","54(1)3/GDP","F","F",10,5,2,"T","T",0,"F","F",2,"T","F",0,"F","F",5,"G","F","F","",0,0,"N",0,"N",0,"N",0,0,0,0,"43","54","","","F","F","F","F","F","F","F","F","F","sorel001","","","F","F","F","F","F","","","","",0,4,3,0,5,4,0,0,0,43,"BAL","BAL","MIL",1,"F","T",5,4,0,22,2,"T","F",1,0,"T","T","harll101","decid001","T","T",9,3,41,0,0,0,0,0,0,"martb001","","",0,0,0,0,0,0,0,0,0,0,0,0,0,"bands101","T","F","F","F",0,0,0,0,0,0,0,0,0,0,F,F,"1978BAL.EVA.regular.event.csv",44
"BAL197804140","MIL",6,0,0,0,0,"",4,5,"coopc001","?","coopc001","?","martd001","?","martd001","?","dempr001","murre001","smitb101","decid001","belam101","bumba001","harll101","singk001","","","","3/G","T","F",3,3,2,"T","T",0,"F","F",1,"F","F",0,"F","F",3,"G","F","F","",0,0,"N",0,"N",0,"N",0,0,0,0,"3","","","","F","F","F","F","F","F","F","F","F","","","","F","F","F","F","F","","","","",0,3,0,0,0,0,0,0,0,44,"BAL","MIL","BAL",0,"T","F",4,5,0,20,0,"T","F",0,0,"T","T","hisll101","oglib001","T","T",0,0,0,0,0,0,0,0,0,"","","",0,0,0,0,0,0,0,0,0,0,0,0,0,"murre001","F","F","F","F",0,0,0,0,0,0,0,0,0,0,F,F,"1978BAL.EVA.regular.event.csv",45
"BAL197804140","MIL",6,0,1,0,0,"",4,5,"hisll101","?","hisll101","?","martd001","?","martd001","?","dempr001","murre001","smitb101","decid001","belam101","bumba001","harll101","singk001","","","","63","F","F",7,4,2,"T","T",0,"F","F",1,"F","F",0,"F","F",6,"G","F","F","",0,0,"N",0,"N",0,"N",0,0,0,0,"63","","","","F","F","F","F","F","F","F","F","F","","","","F","F","F","F","F","","","","",0,3,0,0,6,0,0,0,0,45,"BAL","MIL","BAL",0,"F","F",4,5,0,21,1,"T","F",0,0,"T","T","oglib001","lezcs001","T","T",0,0,0,0,0,0,0,0,0,"","","",0,0,0,0,0,0,0,0,0,0,0,0,0,"belam101","F","F","F","F",0,0,0,0,0,0,0,0,0,0,F,F,"1978BAL.EVA.regular.event.csv",46
"BAL197804140","MIL",6,0,2,0,0,"",4,5,"oglib001","?","oglib001","?","martd001","?","martd001","?","dempr001","murre001","smitb101","decid001","belam101","bumba001","harll101","singk001","","","","S8","F","F",10,5,20,"T","T",1,"F","F",0,"F","F",0,"F","F",8,"","F","F","",0,0,"N",0,"N",0,"N",1,0,0,0,"","","","","F","F","F","F","F","F","F","F","F","","","","F","F","F","F","F","","","","",0,0,0,0,0,0,0,0,0,46,"BAL","MIL","BAL",0,"F","F",4,5,0,22,2,"T","F",0,1,"T","T","lezcs001","bands101","T","T",0,0,0,0,0,0,0,0,0,"","","",0,0,0,0,0,0,0,0,0,0,0,0,0,"harll101","F","F","F","F",0,0,0,0,0,0,0,0,0,0,F,F,"1978BAL.EVA.regular.event.csv",47
"BAL197804140","MIL",6,0,2,0,0,"",4,5,"lezcs001","?","lezcs001","?","martd001","?","martd001","?","dempr001","murre001","smitb101","decid001","belam101","bumba001","harll101","singk001","oglib001","","","SB2","F","F",9,6,4,"F","F",0,"F","F",0,"F","F",0,"F","F",0,"","F","F","",0,0,"N",0,"N",0,"N",0,2,0,0,"","","","","T","F","F","F","F","F","F","F","F","martd001","","","F","F","F","F","F","","","","",0,0,0,0,0,0,0,0,0,47,"BAL","MIL","BAL",0,"F","F",4,5,0,23,3,"T","F",1,2,"T","T","bands101","thomg001","T","T",10,5,46,0,0,0,0,0,0,"dempr001","","",0,0,0,0,0,0,0,0,0,0,0,0,0,"","F","F","F","F",0,0,0,0,0,0,0,0,0,0,F,F,"1978BAL.EVA.regular.event.csv",48
"BAL197804140","MIL",6,0,2,0,0,"",4,5,"lezcs001","?","lezcs001","?","martd001","?","martd001","?","dempr001","murre001","smitb101","decid001","belam101","bumba001","harll101","singk001","","oglib001","","W","F","F",9,6,14,"T","F",0,"F","F",0,"F","F",0,"F","F",0,"","F","F","",0,0,"N",0,"N",0,"N",1,0,2,0,"","","","","F","F","F","F","F","F","F","F","F","","martd001","","F","F","F","F","F","","","","",0,0,0,0,0,0,0,0,0,48,"BAL","MIL","BAL",0,"F","F",4,5,0,23,3,"F","F",2,3,"T","T","bands101","thomg001","T","T",0,0,0,10,5,46,0,0,0,"","dempr001","",0,0,0,0,0,0,0,0,0,0,0,0,0,"","F","F","F","F",0,0,0,0,0,0,0,0,0,0,F,F,"1978BAL.EVA.regular.event.csv",49
"BAL197804140","MIL",6,0,2,0,0,"",4,5,"bands101","?","bands101","?","martd001","?","martd001","?","dempr001","murre001","smitb101","decid001","belam101","bumba001","harll101","singk001","lezcs001","oglib001","","9/L","F","F",5,7,2,"T","T",0,"F","F",1,"F","F",0,"F","F",9,"L","F","F","",0,0,"N",0,"N",0,"N",0,1,2,0,"9","","","","F","F","F","F","F","F","F","F","F","martd001","martd001","","F","F","F","F","F","","","","",0,9,0,0,0,0,0,0,0,49,"BAL","MIL","BAL",0,"F","T",4,5,0,24,4,"T","F",3,3,"T","T","thomg001","martb001","T","T",9,6,48,10,5,46,0,0,0,"dempr001","dempr001","",0,0,0,0,0,0,0,0,0,0,0,0,0,"singk001","F","F","F","F",0,0,0,0,0,0,0,0,0,0,F,F,"1978BAL.EVA.regular.event.csv",50
"BAL197804140","MIL",6,1,0,0,0,"",4,5,"harll101","?","harll101","?","sorel001","?","sorel001","?","martb001","coopc001","moned101","bands101","molip001","hisll101","thomg001","lezcs001","","","","43","T","F",8,6,2,"T","T",0,"F","F",1,"F","F",0,"F","F",4,"G","F","F","",0,0,"N",0,"N",0,"N",0,0,0,0,"43","","","","F","F","F","F","F","F","F","F","F","","","","F","F","F","F","F","","","","",0,3,0,0,4,0,0,0,0,50,"BAL","BAL","MIL",1,"T","F",5,4,0,23,0,"T","F",0,0,"T","T","decid001","dempr001","T","T",0,0,0,0,0,0,0,0,0,"","","",0,0,0,0,0,0,0,0,0,0,0,0,0,"moned101","F","F","F","F",0,0,0,0,0,0,0,0,0,0,F,F,"1978BAL.EVA.regular.event.csv",51
"BAL197804140","MIL",6,1,1,0,0,"",4,5,"decid001","?","decid001","?","sorel001","?","sorel001","?","martb001","coopc001","moned101","bands101","molip001","hisll101","thomg001","lezcs001","","","","63","F","F",5,7,2,"T","T",0,"F","F",1,"F","F",0,"F","F",6,"G","F","F","",0,0,"N",0,"N",0,"N",0,0,0,0,"63","","","","F","F","F","F","F","F","F","F","F","","","","F","F","F","F","F","","","","",0,3,0,0,6,0,0,0,0,51,"BAL","BAL","MIL",1,"F","F",5,4,0,24,1,"T","F",0,0,"T","T","dempr001","belam101","T","T",0,0,0,0,0,0,0,0,0,"","","",0,0,0,0,0,0,0,0,0,0,0,0,0,"molip001","F","F","F","F",0,0,0,0,0,0,0,0,0,0,F,F,"1978BAL.EVA.regular.event.csv",52
"BAL197804140","MIL",6,1,2,0,0,"",4,5,"dempr001","?","dempr001","?","sorel001","?","sorel001","?","martb001","coopc001","moned101","bands101","molip001","hisll101","thomg001","lezcs001","","","","K/C","F","F",2,8,3,"T","T",0,"F","F",1,"F","F",0,"F","F",0,"","F","F","",0,0,"N",0,"N",0,"N",0,0,0,0,"2","","","","F","F","F","F","F","F","F","F","F","","","","F","F","F","F","F","","","","",0,2,0,0,0,0,0,0,0,52,"BAL","BAL","MIL",1,"F","T",5,4,0,25,2,"T","F",0,0,"T","T","belam101","bumba001","T","T",0,0,0,0,0,0,0,0,0,"","","",0,0,0,0,0,0,0,0,0,0,0,0,0,"","F","F","F","F",0,0,0,0,0,0,0,0,0,0,F,F,"1978BAL.EVA.regular.event.csv",53
"BAL197804140","MIL",7,0,0,0,0,"",4,5,"thomg001","?","thomg001","?","martd001","?","martd001","?","dempr001","murre001","smitb101","decid001","belam101","bumba001","harll101","singk001","","","","53","T","F",8,8,2,"T","T",0,"F","F",1,"F","F",0,"F","F",5,"G","F","F","",0,0,"N",0,"N",0,"N",0,0,0,0,"53","","","","F","F","F","F","F","F","F","F","F","","","","F","F","F","F","F","","","","",0,3,0,0,5,0,0,0,0,53,"BAL","MIL","BAL",0,"T","F",4,5,0,25,0,"T","F",0,0,"T","T","martb001","molip001","T","T",0,0,0,0,0,0,0,0,0,"","","",0,0,0,0,0,0,0,0,0,0,0,0,0,"decid001","F","F","F","F",0,0,0,0,0,0,0,0,0,0,F,F,"1978BAL.EVA.regular.event.csv",54
"BAL197804140","MIL",7,0,1,0,0,"",4,5,"martb001","?","martb001","?","martd001","?","martd001","?","dempr001","murre001","smitb101","decid001","belam101","bumba001","harll101","singk001","","","","S7","F","F",2,9,20,"T","T",1,"F","F",0,"F","F",0,"F","F",7,"","F","F","",0,0,"N",0,"N",0,"N",1,0,0,0,"","","","","F","F","F","F","F","F","F","F","F","","","","F","F","F","F","F","","","","",0,0,0,0,0,0,0,0,0,54,"BAL","MIL","BAL",0,"F","F",4,5,0,26,1,"T","F",0,1,"T","T","molip001","moned101","T","T",0,0,0,0,0,0,0,0,0,"","","",0,0,0,0,0,0,0,0,0,0,0,0,0,"bumba001","F","F","F","F",0,0,0,0,0,0,0,0,0,0,F,F,"1978BAL.EVA.regular.event.csv",55
"BAL197804140","MIL",7,0,1,0,0,"",4,5,"molip001","?","molip001","?","martd001","?","martd001","?","dempr001","murre001","smitb101","decid001","belam101","bumba001","harll101","singk001","martb001","","","64(1)3/GDP","F","F",6,1,2,"T","T",0,"F","F",2,"T","F",0,"F","F",6,"G","F","F","",0,0,"N",0,"N",0,"N",0,0,0,0,"43","64","","","F","F","F","F","F","F","F","F","F","martd001","","","F","F","F","F","F","","","","",0,4,3,0,6,4,0,0,0,55,"BAL","MIL","BAL",0,"F","T",4,5,0,27,2,"T","F",1,0,"T","T","moned101","coopc001","T","T",2,9,54,0,0,0,0,0,0,"dempr001","","",0,0,0,0,0,0,0,0,0,0,0,0,0,"belam101","T","F","F","F",0,0,0,0,0,0,0,0,0,0,F,F,"1978BAL.EVA.regular.event.csv",56
"BAL197804140","MIL",7,1,0,0,0,"",4,5,"belam101","?","belam101","?","sorel001","?","sorel001","?","martb001","coopc001","moned101","bands101","molip001","hisll101","thomg001","lezcs001","","","","S4","T","F",6,9,20,"T","T",1,"F","F",0,"F","F",0,"F","F",4,"","F","F","",0,0,"N",0,"N",0,"N",1,0,0,0,"","","","","F","F","F","F","F","F","F","F","F","","","","F","F","F","F","F","","","","",0,0,0,0,0,0,0,0,0,56,"BAL","BAL","MIL",1,"T","F",5,4,0,26,0,"T","F",0,1,"T","T","bumba001","smitb101","T","T",0,0,0,0,0,0,0,0,0,"","","",0,0,0,0,0,0,0,0,0,0,0,0,0,"moned101","F","F","F","F",4,0,0,0,1,0,0,0,0,0,F,F,"1978BAL.EVA.regular.event.csv",57
"BAL197804140","MIL",7,1,0,0,0,"",4,5,"bumba001","?","bumba001","?","sorel001","?","sorel001","?","martb001","coopc001","moned101","bands101","molip001","hisll101","thomg001","lezcs001","belam101","","","14/SH.1-2","F","F",7,1,2,"T","F",0,"T","F",1,"F","F",0,"F","F",1,"G","T","F","",0,0,"N",0,"N",0,"N",0,2,0,0,"14","","","","F","F","F","F","F","F","F","F","F","sorel001","","","F","F","F","F","F","","","","",0,4,0,0,1,0,0,0,0,57,"BAL","BAL","MIL",1,"F","F",5,4,0,27,1,"T","F",1,2,"T","T","smitb101","singk001","T","T",6,9,56,0,0,0,0,0,0,"martb001","","",0,0,0,0,0,0,0,0,0,0,0,0,0,"sorel001","F","F","F","F",0,4,0,0,1,0,0,0,0,0,F,F,"1978BAL.EVA.regular.event.csv",58
"BAL197804140","MIL",7,1,1,0,0,"",4,5,"smitb101","?","smitb101","?","sorel001","?","sorel001","?","martb001","coopc001","moned101","bands101","molip001","hisll101","thomg001","lezcs001","","belam101","","23","F","F",4,2,2,"T","T",0,"F","F",1,"F","F",0,"F","F",2,"G","F","F","",0,0,"N",0,"N",0,"N",0,0,2,0,"23","","","","F","F","F","F","F","F","F","F","F","","sorel001","","F","F","F","F","F","","","","",0,3,0,0,2,0,0,0,0,58,"BAL","BAL","MIL",1,"F","F",5,4,0,28,2,"T","F",2,2,"T","T","singk001","murre001","T","T",0,0,0,6,9,56,0,0,0,"","martb001","",0,0,0,0,0,0,0,0,0,0,0,0,0,"martb001","F","F","F","F",0,0,4,0,1,0,0,0,0,0,F,F,"1978BAL.EVA.regular.event.csv",59
"BAL197804140","MIL",7,1,2,0,0,"",4,5,"singk001","?","singk001","?","sorel001","?","sorel001","?","martb001","coopc001","moned101","bands101","molip001","hisll101","thomg001","lezcs001","","belam101","","S9.2-H","F","F",9,3,20,"T","T",1,"F","F",0,"F","F",1,"F","F",9,"","F","F","",0,0,"N",0,"N",0,"N",1,0,4,0,"","","","","F","F","F","F","F","F","F","F","F","","sorel001","","F","F","F","F","F","","","","",0,0,0,0,0,0,0,0,0,59,"BAL","BAL","MIL",1,"F","F",5,4,0,29,3,"T","F",2,1,"T","T","murre001","may-l101","T","T",0,0,0,6,9,56,0,0,0,"","martb001","",0,0,0,0,0,0,0,0,0,0,0,0,1,"lezcs001","F","F","F","F",0,0,4,0,0,0,0,0,0,0,F,F,"1978BAL.EVA.regular.event.csv",60
"BAL197804140","MIL",7,1,2,0,0,"",4,6,"murre001","?","murre001","?","mcclb001","?","mcclb001","?","martb001","coopc001","moned101","bands101","molip001","hisll101","thomg001","lezcs001","lopec101","","","54(1)/FO","F","F",3,4,2,"T","T",0,"F","F",1,"F","F",0,"F","F",5,"G","F","F","",0,0,"N",0,"N",0,"N",1,0,0,0,"","54","","","F","F","F","F","F","F","F","F","F","sorel001","","","F","F","T","F","F","singk001","","","",0,4,0,0,5,0,0,0,0,60,"BAL","BAL","MIL",1,"F","T",6,4,1,30,4,"T","F",1,1,"T","T","may-l101","harll101","F","F",0,3,59,0,0,0,0,0,0,"martb001","","",0,0,0,0,0,0,0,0,0,0,0,0,0,"bands101","T","F","F","F",1,0,0,0,0,0,0,0,0,0,F,F,"1978BAL.EVA.regular.event.csv",61
"BAL197804140","MIL",8,0,0,0,0,"",4,6,"moned101","?","moned101","?","martd001","?","martd001","?","dempr001","murre001","smitb101","decid001","belam101","bumba001","harll101","lopec101","","","","63","T","F",4,2,2,"T","T",0,"F","F",1,"F","F",0,"F","F",6,"G","F","F","",0,0,"N",0,"N",0,"N",0,0,0,0,"63","","","","F","F","F","F","F","F","F","F","F","","","","F","F","F","F","F","","","","",0,3,0,0,6,0,0,0,0,61,"BAL","MIL","BAL",0,"T","F",4,6,0,28,0,"T","F",0,0,"T","T","coopc001","hisll101","T","T",0,0,0,0,0,0,0,0,0,"","","",0,0,0,0,0,0,0,0,0,0,0,0,0,"belam101","F","F","F","F",0,0,0,0,1,0,0,0,0,0,F,F,"1978BAL.EVA.regular.event.csv",62
"BAL197804140","MIL",8,0,1,0,0,"",4,6,"coopc001","?","coopc001","?","martd001","?","martd001","?","dempr001","murre001","smitb101","decid001","belam101","bumba001","harll101","lopec101","","","","HR","F","F",3,3,23,"T","T",4,"F","F",0,"F","F",1,"F","F",0,"","F","F","",0,0,"N",0,"N",0,"N",4,0,0,0,"","","","","F","F","F","F","F","F","F","F","F","","","","F","F","F","F","F","","","","",0,0,0,0,0,0,0,0,0,62,"BAL","MIL","BAL",0,"F","F",4,6,0,29,1,"T","F",0,0,"T","T","hisll101","oglib001","T","T",0,0,0,0,0,0,0,0,0,"","","",0,0,0,0,0,0,0,0,0,0,0,0,1,"","F","F","F","F",4,0,0,0,0,0,0,0,0,0,F,F,"1978BAL.EVA.regular.event.csv",63
"BAL197804140","MIL",8,0,1,0,0,"",5,6,"hisll101","?","hisll101","?","stand101","?","stand101","?","dempr001","murre001","smitb101","decid001","belam101","bumba001","harll101","lopec101","","","","8","F","F",7,4,2,"T","T",0,"F","F",1,"F","F",0,"F","F",8,"F","F","F","",0,0,"N",0,"N",0,"N",0,0,0,0,"8","","","","F","F","F","F","F","F","F","F","F","","","","F","F","F","F","F","","","","",0,8,0,0,0,0,0,0,0,63,"BAL","MIL","BAL",0,"F","F",5,6,1,30,2,"T","F",0,0,"T","T","oglib001","lezcs001","F","F",0,0,0,0,0,0,0,0,0,"","","",0,0,0,0,0,0,0,0,0,0,0,0,0,"harll101","F","F","F","F",0,0,0,0,0,0,0,0,0,0,F,F,"1978BAL.EVA.regular.event.csv",64
"BAL197804140","MIL",8,0,2,0,0,"",5,6,"oglib001","?","oglib001","?","stand101","?","stand101","?","dempr001","murre001","smitb101","decid001","belam101","bumba001","harll101","lopec101","","","","5/P","F","F",10,5,2,"T","T",0,"F","F",1,"F","F",0,"F","F",5,"P","F","F","",0,0,"N",0,"N",0,"N",0,0,0,0,"5","","","","F","F","F","F","F","F","F","F","F","","","","F","F","F","F","F","","","","",0,5,0,0,0,0,0,0,0,64,"BAL","MIL","BAL",0,"F","T",5,6,1,31,3,"T","F",0,0,"T","T","lezcs001","bands101","F","F",0,0,0,0,0,0,0,0,0,"","","",0,0,0,0,0,0,0,0,0,0,0,0,0,"decid001","F","F","F","F",0,0,0,0,0,0,0,0,0,0,F,F,"1978BAL.EVA.regular.event.csv",65
"BAL197804140","MIL",8,1,0,0,0,"",5,6,"may-l101","?","may-l101","?","mcclb001","?","mcclb001","?","martb001","coopc001","moned101","bands101","molip001","hisll101","thomg001","lezcs001","","","","K","T","F",10,5,3,"T","T",0,"F","F",1,"F","F",0,"F","F",0,"","F","F","",0,0,"N",0,"N",0,"N",0,0,0,0,"2","","","","F","F","F","F","F","F","F","F","F","","","","F","F","F","F","F","","","","",0,2,0,0,0,0,0,0,0,65,"BAL","BAL","MIL",1,"T","F",6,5,0,31,0,"T","F",0,0,"T","T","harll101","decid001","F","F",0,0,0,0,0,0,0,0,0,"","","",0,0,0,0,0,0,0,0,0,0,0,0,0,"","F","F","F","F",0,0,0,0,0,0,0,0,0,0,F,F,"1978BAL.EVA.regular.event.csv",66
"BAL197804140","MIL",8,1,1,0,0,"",5,6,"harll101","?","harll101","?","mcclb001","?","mcclb001","?","martb001","coopc001","moned101","bands101","molip001","hisll101","thomg001","lezcs001","","","","S3","F","F",8,6,20,"T","T",1,"F","F",0,"F","F",0,"F","F",3,"","F","F","",0,0,"N",0,"N",0,"N",1,0,0,0,"","","","","F","F","F","F","F","F","F","F","F","","","","F","F","F","F","F","","","","",0,0,0,0,0,0,0,0,0,66,"BAL","BAL","MIL",1,"F","F",6,5,0,32,1,"T","F",0,1,"T","T","decid001","dempr001","F","F",0,0,0,0,0,0,0,0,0,"","","",0,0,0,0,0,0,0,0,0,0,0,0,0,"coopc001","F","F","F","F",0,0,0,0,0,0,0,0,0,0,F,F,"1978BAL.EVA.regular.event.csv",67
"BAL197804140","MIL",8,1,1,0,0,"",5,6,"decid001","?","decid001","?","mcclb001","?","mcclb001","?","martb001","coopc001","moned101","bands101","molip001","hisll101","thomg001","lezcs001","harll101","","","D7.1-3","F","F",5,7,21,"T","T",2,"F","F",0,"F","F",0,"F","F",7,"","F","F","",0,0,"N",0,"N",0,"N",2,3,0,0,"","","","","F","F","F","F","F","F","F","F","F","mcclb001","","","F","F","F","F","F","","","","",0,0,0,0,0,0,0,0,0,67,"BAL","BAL","MIL",1,"F","F",6,5,0,33,2,"T","F",1,6,"T","T","dempr001","belam101","F","F",8,6,66,0,0,0,0,0,0,"martb001","","",0,0,0,0,0,0,0,0,0,0,0,0,0,"hisll101","F","F","F","F",0,0,0,0,0,0,0,0,0,0,F,F,"1978BAL.EVA.regular.event.csv",68
"BAL197804140","MIL",8,1,1,0,0,"",5,6,"dempr001","?","dempr001","?","castb101","?","castb101","?","martb001","coopc001","moned101","bands101","molip001","hisll101","thomg001","lezcs001","","decid001","harll101","FC6.3XH(62);2-3;B-1","F","F",2,8,19,"T","T",0,"F","F",1,"F","F",0,"F","F",6,"G","F","F","",0,0,"N",0,"N",0,"N",1,0,3,0,"","","","62","F","F","F","F","F","F","F","F","F","","mcclb001","mcclb001","F","F","F","F","F","","","","",0,2,0,0,6,0,0,0,0,68,"BAL","BAL","MIL",1,"F","F",6,5,0,34,3,"T","F",6,5,"T","T","belam101","bumba001","F","F",0,0,0,5,7,67,8,6,66,"","martb001","martb001",0,0,0,0,0,0,0,0,0,0,0,0,0,"molip001","F","F","F","F",0,0,0,0,0,0,0,0,0,0,F,F,"1978BAL.EVA.regular.event.csv",69
"BAL197804140","MIL",8,1,2,0,0,"",5,6,"belam101","?","belam101","?","castb101","?","castb101","?","martb001","coopc001","moned101","bands101","molip001","hisll101","thomg001","lezcs001","dempr001","","decid001","K/C","F","F",6,9,3,"T","T",0,"F","F",1,"F","F",0,"F","F",0,"","F","F","",0,0,"N",0,"N",0,"N",0,1,0,3,"2","","","","F","F","F","F","F","F","F","F","F","mcclb001","","mcclb001","F","F","F","F","F","","","","",0,2,0,0,0,0,0,0,0,69,"BAL","BAL","MIL",1,"F","T",6,5,0,35,4,"T","F",5,5,"T","T","bumba001","smitb101","F","F",2,8,68,0,0,0,5,7,67,"martb001","","martb001",0,0,0,0,0,0,0,0,0,0,0,0,0,"","F","F","F","F",0,0,0,0,0,0,0,0,0,0,F,F,"1978BAL.EVA.regular.event.csv",70
"BAL197804140","MIL",9,0,0,0,0,"",5,6,"lezcs001","?","lezcs001","?","stand101","?","stand101","?","dempr001","murre001","smitb101","decid001","belam101","bumba001","harll101","lopec101","","","","W","T","F",9,6,14,"T","F",0,"F","F",0,"F","F",0,"F","F",0,"","F","F","",0,0,"N",0,"N",0,"N",1,0,0,0,"","","","","F","F","F","F","F","F","F","F","F","","","","F","F","F","F","F","","","","",0,0,0,0,0,0,0,0,0,70,"BAL","MIL","BAL",0,"T","F",5,6,0,32,0,"T","F",0,1,"T","T","bands101","thomg001","F","F",0,0,0,0,0,0,0,0,0,"","","",0,0,0,0,0,0,0,0,0,0,0,0,0,"","F","F","F","F",0,0,0,0,0,0,0,0,0,0,F,F,"1978BAL.EVA.regular.event.csv",71
"BAL197804140","MIL",9,0,0,0,0,"",5,6,"bands101","?","bands101","?","stand101","?","stand101","?","dempr001","murre001","smitb101","decid001","belam101","bumba001","harll101","lopec101","lezcs001","","","9(B)3(1)/DP","F","F",5,7,2,"T","T",0,"F","F",2,"T","F",0,"F","F",9,"F","F","F","",0,0,"N",0,"N",0,"N",0,0,0,0,"9","93","","","F","F","F","F","F","F","F","F","F","stand101","","","F","F","F","F","F","","","","",0,9,3,0,9,0,0,0,0,71,"BAL","MIL","BAL",0,"F","F",5,6,0,33,1,"T","F",1,0,"T","T","thomg001","martb001","F","F",9,6,70,0,0,0,0,0,0,"dempr001","","",0,0,0,0,0,0,0,0,0,0,0,0,0,"lopec101","F","F","F","F",0,0,0,0,0,0,0,0,0,0,F,F,"1978BAL.EVA.regular.event.csv",72
"BAL197804140","MIL",9,0,2,0,0,"",5,6,"thomg001","?","thomg001","?","stand101","?","stand101","?","dempr001","murre001","smitb101","decid001","belam101","bumba001","harll101","lopec101","","","","W","F","F",8,8,14,"T","F",0,"F","F",0,"F","F",0,"F","F",0,"","F","F","",0,0,"N",0,"N",0,"N",1,0,0,0,"","","","","F","F","F","F","F","F","F","F","F","","","","F","F","F","F","F","","","","",0,0,0,0,0,0,0,0,0,72,"BAL","MIL","BAL",0,"F","F",5,6,0,34,2,"T","F",0,1,"T","T","martb001","molip001","F","F",0,0,0,0,0,0,0,0,0,"","","",0,0,0,0,0,0,0,0,0,0,0,0,0,"","F","F","F","F",1,0,0,0,0,0,0,0,0,0,F,F,"1978BAL.EVA.regular.event.csv",73
"BAL197804140","MIL",9,0,2,0,0,"",5,6,"david101","?","david101","?","stand101","?","stand101","?","dempr001","murre001","smitb101","decid001","belam101","bumba001","harll101","lopec101","thomg001","","","K","F","T",11,9,3,"T","T",0,"F","F",1,"F","F",0,"F","F",0,"","F","F","",0,0,"N",0,"N",0,"N",0,1,0,0,"2","","","","F","F","F","F","F","F","F","F","F","stand101","","","F","T","F","F","F","","","","martb001",2,2,0,0,0,0,0,0,0,73,"BAL","MIL","BAL",0,"F","T",5,6,0,35,3,"T","F",1,1,"F","F","molip001","moned101","F","F",8,8,72,0,0,0,0,0,0,"dempr001","","",0,0,0,0,0,0,0,0,0,0,0,0,0,"","F","F","F","F",0,1,0,0,0,0,0,0,0,0,F,F,"1978BAL.EVA.regular.event.csv",74
"BAL197804150","MIL",1,0,0,0,0,"",0,0,"molip001","?","molip001","?","palmj001","?","palmj001","?","dempr001","murre001","dauer001","decid001","belam101","roeng001","bumba001","lopec101","","","","K","T","F",6,1,3,"T","T",0,"F","F",1,"F","F",0,"F","F",0,"","F","F","",0,0,"N",0,"N",0,"N",0,0,0,0,"2","","","","F","F","F","F","F","F","F","F","F","","","","T","F","F","F","F","","","","",0,2,0,0,0,0,0,0,0,1,"BAL","MIL","BAL",0,"T","F",0,0,0,0,0,"T","F",0,0,"T","T","moned101","coopc001","T","T",0,0,0,0,0,0,0,0,0,"","","",0,0,0,0,0,0,0,0,0,0,0,0,0,"","F","F","F","F",0,0,0,0,0,0,0,0,0,0,F,F,"1978BAL.EVA.regular.event.csv",75
"BAL197804150","MIL",1,0,1,0,0,"",0,0,"moned101","?","moned101","?","palmj001","?","palmj001","?","dempr001","murre001","dauer001","decid001","belam101","roeng001","bumba001","lopec101","","","","2/F","F","F",4,2,2,"T","T",0,"F","F",1,"F","F",0,"F","F",2,"F","F","F","",0,0,"N",0,"N",0,"N",0,0,0,0,"2","","","","F","F","F","F","F","F","F","F","F","","","","F","F","F","F","F","","","","",0,2,0,0,0,0,0,0,0,2,"BAL","MIL","BAL",0,"F","F",0,0,0,1,1,"T","F",0,0,"T","T","coopc001","hisll101","T","T",0,0,0,0,0,0,0,0,0,"","","",0,0,0,0,0,0,0,0,0,0,0,0,0,"dempr001","F","F","F","F",0,0,0,0,0,0,0,0,0,0,F,F,"1978BAL.EVA.regular.event.csv",76
"BAL197804150","MIL",1,0,2,0,0,"",0,0,"coopc001","?","coopc001","?","palmj001","?","palmj001","?","dempr001","murre001","dauer001","decid001","belam101","roeng001","bumba001","lopec101","","","","K","F","F",3,3,3,"T","T",0,"F","F",1,"F","F",0,"F","F",0,"","F","F","",0,0,"N",0,"N",0,"N",0,0,0,0,"2","","","","F","F","F","F","F","F","F","F","F","","","","F","F","F","F","F","","","","",0,2,0,0,0,0,0,0,0,3,"BAL","MIL","BAL",0,"F","T",0,0,0,2,2,"T","F",0,0,"T","T","hisll101","oglib001","T","T",0,0,0,0,0,0,0,0,0,"","","",0,0,0,0,0,0,0,0,0,0,0,0,0,"","F","F","F","F",0,0,0,0,0,0,0,0,0,0,F,F,"1978BAL.EVA.regular.event.csv",77
"BAL197804150","MIL",1,1,0,0,0,"",0,0,"bumba001","?","bumba001","?","auguj001","?","auguj001","?","etcha101","coopc001","moned101","bands101","molip001","hisll101","thomg001","lezcs001","","","","K23","T","F",8,1,3,"T","T",0,"F","F",1,"F","F",0,"F","F",0,"","F","F","",0,0,"N",0,"N",0,"N",0,0,0,0,"23","","","","F","F","F","F","F","F","F","F","F","","","","F","F","F","F","F","","","","",0,3,0,0,2,0,0,0,0,4,"BAL","BAL","MIL",1,"T","F",0,0,0,0,0,"T","F",0,0,"T","T","belam101","roeng001","T","T",0,0,0,0,0,0,0,0,0,"","","",0,0,0,0,0,0,0,0,0,0,0,0,0,"","F","F","F","F",0,0,0,0,0,0,0,0,0,0,F,F,"1978BAL.EVA.regular.event.csv",78
"BAL197804150","MIL",1,1,1,0,0,"",0,0,"belam101","?","belam101","?","auguj001","?","auguj001","?","etcha101","coopc001","moned101","bands101","molip001","hisll101","thomg001","lezcs001","","","","S7","F","F",6,2,20,"T","T",1,"F","F",0,"F","F",0,"F","F",7,"","F","F","",0,0,"N",0,"N",0,"N",1,0,0,0,"","","","","F","F","F","F","F","F","F","F","F","","","","F","F","F","F","F","","","","",0,0,0,0,0,0,0,0,0,5,"BAL","BAL","MIL",1,"F","F",0,0,0,1,1,"T","F",0,1,"T","T","roeng001","murre001","T","T",0,0,0,0,0,0,0,0,0,"","","",0,0,0,0,0,0,0,0,0,0,0,0,0,"hisll101","F","F","F","F",0,0,0,0,0,0,0,0,0,0,F,F,"1978BAL.EVA.regular.event.csv",79
"BAL197804150","MIL",1,1,1,0,0,"",0,0,"roeng001","?","roeng001","?","auguj001","?","auguj001","?","etcha101","coopc001","moned101","bands101","molip001","hisll101","thomg001","lezcs001","belam101","","","64(1)/FO","F","F",7,3,2,"T","T",0,"F","F",1,"F","F",0,"F","F",6,"G","F","F","",0,0,"N",0,"N",0,"N",1,0,0,0,"","64","","","F","F","F","F","F","F","F","F","F","auguj001","","","F","F","F","F","F","","","","",0,4,0,0,6,0,0,0,0,6,"BAL","BAL","MIL",1,"F","F",0,0,0,2,2,"T","F",1,1,"T","T","murre001","may-l101","T","T",6,2,5,0,0,0,0,0,0,"etcha101","","",0,0,0,0,0,0,0,0,0,0,0,0,0,"molip001","T","F","F","F",0,0,0,0,0,0,0,0,0,0,F,F,"1978BAL.EVA.regular.event.csv",80
"BAL197804150","MIL",1,1,2,0,0,"",0,0,"murre001","?","murre001","?","auguj001","?","auguj001","?","etcha101","coopc001","moned101","bands101","molip001","hisll101","thomg001","lezcs001","roeng001","","","K","F","F",3,4,3,"T","T",0,"F","F",1,"F","F",0,"F","F",0,"","F","F","",0,0,"N",0,"N",0,"N",0,1,0,0,"2","","","","F","F","F","F","F","F","F","F","F","auguj001","","","F","F","F","F","F","","","","",0,2,0,0,0,0,0,0,0,7,"BAL","BAL","MIL",1,"F","T",0,0,0,3,3,"T","F",1,1,"T","T","may-l101","decid001","T","T",7,3,6,0,0,0,0,0,0,"etcha101","","",0,0,0,0,0,0,0,0,0,0,0,0,0,"","F","F","F","F",0,0,0,0,0,0,0,0,0,0,F,F,"1978BAL.EVA.regular.event.csv",81
"BAL197804150","MIL",2,0,0,0,0,"",0,0,"hisll101","?","hisll101","?","palmj001","?","palmj001","?","dempr001","murre001","dauer001","decid001","belam101","roeng001","bumba001","lopec101","","","","63","T","F",7,4,2,"T","T",0,"F","F",1,"F","F",0,"F","F",6,"G","F","F","",0,0,"N",0,"N",0,"N",0,0,0,0,"63","","","","F","F","F","F","F","F","F","F","F","","","","F","F","F","F","F","","","","",0,3,0,0,6,0,0,0,0,8,"BAL","MIL","BAL",0,"T","F",0,0,0,3,0,"T","F",0,0,"T","T","oglib001","lezcs001","T","T",0,0,0,0,0,0,0,0,0,"","","",0,0,0,0,0,0,0,0,0,0,0,0,0,"belam101","F","F","F","F",0,0,0,0,0,0,0,0,0,0,F,F,"1978BAL.EVA.regular.event.csv",82
"BAL197804150","MIL",2,0,1,0,0,"",0,0,"oglib001","?","oglib001","?","palmj001","?","palmj001","?","dempr001","murre001","dauer001","decid001","belam101","roeng001","bumba001","lopec101","","","","8","F","F",10,5,2,"T","T",0,"F","F",1,"F","F",0,"F","F",8,"F","F","F","",0,0,"N",0,"N",0,"N",0,0,0,0,"8","","","","F","F","F","F","F","F","F","F","F","","","","F","F","F","F","F","","","","",0,8,0,0,0,0,0,0,0,9,"BAL","MIL","BAL",0,"F","F",0,0,0,4,1,"T","F",0,0,"T","T","lezcs001","bands101","T","T",0,0,0,0,0,0,0,0,0,"","","",0,0,0,0,0,0,0,0,0,0,0,0,0,"bumba001","F","F","F","F",0,0,0,0,0,0,0,0,0,0,F,F,"1978BAL.EVA.regular.event.csv",83
"BAL197804150","MIL",2,0,2,0,0,"",0,0,"lezcs001","?","lezcs001","?","palmj001","?","palmj001","?","dempr001","murre001","dauer001","decid001","belam101","roeng001","bumba001","lopec101","","","","63","F","F",9,6,2,"T","T",0,"F","F",1,"F","F",0,"F","F",6,"G","F","F","",0,0,"N",0,"N",0,"N",0,0,0,0,"63","","","","F","F","F","F","F","F","F","F","F","","","","F","F","F","F","F","","","","",0,3,0,0,6,0,0,0,0,10,"BAL","MIL","BAL",0,"F","T",0,0,0,5,2,"T","F",0,0,"T","T","bands101","thomg001","T","T",0,0,0,0,0,0,0,0,0,"","","",0,0,0,0,0,0,0,0,0,0,0,0,0,"belam101","F","F","F","F",0,0,0,0,0,0,0,0,0,0,F,F,"1978BAL.EVA.regular.event.csv",84
"BAL197804150","MIL",2,1,0,0,0,"",0,0,"may-l101","?","may-l101","?","auguj001","?","auguj001","?","etcha101","coopc001","moned101","bands101","molip001","hisll101","thomg001","lezcs001","","","","S9","T","F",10,5,20,"T","T",1,"F","F",0,"F","F",0,"F","F",9,"","F","F","",0,0,"N",0,"N",0,"N",1,0,0,0,"","","","","F","F","F","F","F","F","F","F","F","","","","F","F","F","F","F","","","","",0,0,0,0,0,0,0,0,0,11,"BAL","BAL","MIL",1,"T","F",0,0,0,4,0,"T","F",0,1,"T","T","decid001","lopec101","T","T",0,0,0,0,0,0,0,0,0,"","","",0,0,0,0,0,0,0,0,0,0,0,0,0,"lezcs001","F","F","F","F",4,0,0,0,2,0,0,0,0,0,F,F,"1978BAL.EVA.regular.event.csv",85
"BAL197804150","MIL",2,1,0,0,0,"",0,0,"decid001","?","decid001","?","auguj001","?","auguj001","?","etcha101","coopc001","moned101","bands101","molip001","hisll101","thomg001","lezcs001","may-l101","","","D8.1-3","F","F",5,6,21,"T","T",2,"F","F",0,"F","F",0,"F","F",8,"","F","F","",0,0,"N",0,"N",0,"N",2,3,0,0,"","","","","F","F","F","F","F","F","F","F","F","auguj001","","","F","F","F","F","F","","","","",0,0,0,0,0,0,0,0,0,12,"BAL","BAL","MIL",1,"F","F",0,0,0,5,1,"T","F",1,6,"T","T","lopec101","dempr001","T","T",10,5,11,0,0,0,0,0,0,"etcha101","","",0,0,0,0,0,0,0,0,0,0,0,0,0,"thomg001","F","F","F","F",4,4,0,0,2,0,0,0,0,0,F,F,"1978BAL.EVA.regular.event.csv",86
"BAL197804150","MIL",2,1,0,0,0,"",0,0,"lopec101","?","lopec101","?","auguj001","?","auguj001","?","etcha101","coopc001","moned101","bands101","molip001","hisll101","thomg001","lezcs001","","decid001","may-l101","BK.3-H;2-3","F","F",9,7,11,"F","F",0,"F","F",0,"F","F",0,"F","F",0,"","F","F","",0,0,"N",0,"N",0,"N",0,0,3,4,"","","","","F","F","F","F","F","F","F","F","F","","auguj001","auguj001","F","F","F","F","F","","","","",0,0,0,0,0,0,0,0,0,13,"BAL","BAL","MIL",1,"F","F",0,0,0,6,2,"T","F",6,4,"T","T","dempr001","dauer001","T","T",0,0,0,5,6,12,10,5,11,"","etcha101","etcha101",0,0,0,0,0,0,0,0,0,0,0,0,1,"","F","F","F","F",0,0,4,4,1,0,0,0,0,0,F,F,"1978BAL.EVA.regular.event.csv",87
"BAL197804150","MIL",2,1,0,0,0,"",0,1,"lopec101","?","lopec101","?","auguj001","?","auguj001","?","etcha101","coopc001","moned101","bands101","molip001","hisll101","thomg001","lezcs001","","","decid001","W","F","F",9,7,14,"T","F",0,"F","F",0,"F","F",0,"F","F",0,"","F","F","",0,0,"N",0,"N",0,"N",1,0,0,3,"","","","","F","F","F","F","F","F","F","F","F","","","auguj001","F","F","F","F","F","","","","",0,0,0,0,0,0,0,0,0,14,"BAL","BAL","MIL",1,"F","F",1,0,1,6,2,"F","F",4,5,"T","T","dempr001","dauer001","T","T",0,0,0,0,0,0,5,6,12,"","","etcha101",0,0,0,0,0,0,0,0,0,0,0,0,0,"","F","F","F","F",0,0,0,4,1,0,0,0,0,0,F,F,"1978BAL.EVA.regular.event.csv",88
"BAL197804150","MIL",2,1,0,0,0,"",0,1,"dempr001","?","dempr001","?","auguj001","?","auguj001","?","etcha101","coopc001","moned101","bands101","molip001","hisll101","thomg001","lezcs001","lopec101","","decid001","CS2(26)","F","F",2,8,6,"F","F",0,"F","F",1,"F","F",0,"F","F",0,"","F","F","",0,0,"N",0,"N",0,"N",0,0,0,3,"","26","","","F","F","F","T","F","F","F","F","F","auguj001","","auguj001","F","F","F","F","F","","","","",0,6,0,0,2,0,0,0,0,15,"BAL","BAL","MIL",1,"F","F",1,0,1,7,3,"T","F",5,4,"T","T","dauer001","bumba001","T","T",9,7,14,0,0,0,5,6,12,"etcha101","","etcha101",0,0,0,0,0,0,0,0,0,0,0,0,0,"","F","F","F","F",0,0,0,4,1,0,0,0,0,0,F,F,"1978BAL.EVA.regular.event.csv",89
"BAL197804150","MIL",2,1,1,0,0,"",0,1,"dempr001","?","dempr001","?","auguj001","?","auguj001","?","etcha101","coopc001","moned101","bands101","molip001","hisll101","thomg001","lezcs001","","","decid001","8/SF.3-H","F","F",2,8,2,"T","F",0,"F","T",1,"F","F",1,"F","F",8,"F","F","F","",0,0,"N",0,"N",0,"N",0,0,0,4,"8","","","","F","F","F","F","F","F","F","F","F","","","auguj001","F","F","F","F","F","","","","",0,8,0,0,0,0,0,0,0,16,"BAL","BAL","MIL",1,"F","F",1,0,1,7,3,"F","F",4,0,"T","T","dauer001","bumba001","T","T",0,0,0,0,0,0,5,6,12,"","","etcha101",0,0,0,0,0,0,0,0,0,0,0,0,1,"thomg001","F","F","F","F",0,0,0,4,0,0,0,0,0,0,F,F,"1978BAL.EVA.regular.event.csv",90
"BAL197804150","MIL",2,1,2,0,0,"",0,2,"dauer001","?","dauer001","?","auguj001","?","auguj001","?","etcha101","coopc001","moned101","bands101","molip001","hisll101","thomg001","lezcs001","","","","E6","F","F",4,9,18,"T","T",0,"F","F",0,"F","F",0,"F","F",6,"G","F","F","",1,6,"F",0,"N",0,"N",1,0,0,0,"","","","","F","F","F","F","F","F","F","F","F","","","","F","F","F","F","F","","","","",0,0,0,0,0,0,0,0,0,17,"BAL","BAL","MIL",1,"F","F",2,0,2,8,4,"T","F",0,1,"T","T","bumba001","belam101","T","T",0,0,0,0,0,0,0,0,0,"","","",0,0,0,0,0,0,0,0,0,0,0,0,0,"molip001","F","F","F","T",0,0,0,0,0,0,0,0,0,0,F,F,"1978BAL.EVA.regular.event.csv",91
"BAL197804150","MIL",2,1,2,0,0,"",0,2,"bumba001","?","bumba001","?","auguj001","?","auguj001","?","etcha101","coopc001","moned101","bands101","molip001","hisll101","thomg001","lezcs001","dauer001","","","53","F","F",8,1,2,"T","T",0,"F","F",1,"F","F",0,"F","F",5,"G","F","F","",0,0,"N",0,"N",0,"N",0,1,0,0,"53","","","","F","F","F","F","F","F","F","F","F","auguj001","","","F","F","F","F","F","","","","",0,3,0,0,5,0,0,0,0,18,"BAL","BAL","MIL",1,"F","T",2,0,2,9,5,"T","F",1,1,"T","T","belam101","roeng001","T","T",4,9,17,0,0,0,0,0,0,"etcha101","","",0,0,0,0,0,0,0,0,0,0,0,0,0,"bands101","F","F","F","F",0,0,0,0,0,0,0,0,0,0,F,F,"1978BAL.EVA.regular.event.csv",92
"BAL197804150","MIL",3,0,0,0,0,"",0,2,"bands101","?","bands101","?","palmj001","?","palmj001","?","dempr001","murre001","dauer001","decid001","belam101","roeng001","bumba001","lopec101","","","","9","T","F",5,7,2,"T","T",0,"F","F",1,"F","F",0,"F","F",9,"F","F","F","",0,0,"N",0,"N",0,"N",0,0,0,0,"9","","","","F","F","F","F","F","F","F","F","F","","","","F","F","F","F","F","","","","",0,9,0,0,0,0,0,0,0,19,"BAL","MIL","BAL",0,"T","F",0,2,0,6,0,"T","F",0,0,"T","T","thomg001","etcha101","T","T",0,0,0,0,0,0,0,0,0,"","","",0,0,0,0,0,0,0,0,0,0,0,0,0,"lopec101","F","F","F","F",0,0,0,0,0,0,0,0,0,0,F,F,"1978BAL.EVA.regular.event.csv",93
"BAL197804150","MIL",3,0,1,0,0,"",0,2,"thomg001","?","thomg001","?","palmj001","?","palmj001","?","dempr001","murre001","dauer001","decid001","belam101","roeng001","bumba001","lopec101","","","","K","F","F",8,8,3,"T","T",0,"F","F",1,"F","F",0,"F","F",0,"","F","F","",0,0,"N",0,"N",0,"N",0,0,0,0,"2","","","","F","F","F","F","F","F","F","F","F","","","","F","F","F","F","F","","","","",0,2,0,0,0,0,0,0,0,20,"BAL","MIL","BAL",0,"F","F",0,2,0,7,1,"T","F",0,0,"T","T","etcha101","molip001","T","T",0,0,0,0,0,0,0,0,0,"","","",0,0,0,0,0,0,0,0,0,0,0,0,0,"","F","F","F","F",0,0,0,0,0,0,0,0,0,0,F,F,"1978BAL.EVA.regular.event.csv",94
"BAL197804150","MIL",3,0,2,0,0,"",0,2,"etcha101","?","etcha101","?","palmj001","?","palmj001","?","dempr001","murre001","dauer001","decid001","belam101","roeng001","bumba001","lopec101","","","","K","F","F",2,9,3,"T","T",0,"F","F",1,"F","F",0,"F","F",0,"","F","F","",0,0,"N",0,"N",0,"N",0,0,0,0,"2","","","","F","F","F","F","F","F","F","F","F","","","","F","F","F","F","F","","","","",0,2,0,0,0,0,0,0,0,21,"BAL","MIL","BAL",0,"F","T",0,2,0,8,2,"T","F",0,0,"T","T","molip001","moned101","T","T",0,0,0,0,0,0,0,0,0,"","","",0,0,0,0,0,0,0,0,0,0,0,0,0,"","F","F","F","F",0,0,0,0,0,0,0,0,0,0,F,F,"1978BAL.EVA.regular.event.csv",95
"BAL197804150","MIL",3,1,0,0,0,"",0,2,"belam101","?","belam101","?","auguj001","?","auguj001","?","etcha101","coopc001","moned101","bands101","molip001","hisll101","thomg001","lezcs001","","","","S8","T","F",6,2,20,"T","T",1,"F","F",0,"F","F",0,"F","F",8,"","F","F","",0,0,"N",0,"N",0,"N",1,0,0,0,"","","","","F","F","F","F","F","F","F","F","F","","","","F","F","F","F","F","","","","",0,0,0,0,0,0,0,0,0,22,"BAL","BAL","MIL",1,"T","F",2,0,0,10,0,"T","F",0,1,"T","T","roeng001","murre001","T","T",0,0,0,0,0,0,0,0,0,"","","",0,0,0,0,0,0,0,0,0,0,0,0,0,"thomg001","F","F","F","F",0,0,0,0,0,0,0,0,0,0,F,F,"1978BAL.EVA.regular.event.csv",96
"BAL197804150","MIL",3,1,0,0,0,"",0,2,"roeng001","?","roeng001","?","auguj001","?","auguj001","?","etcha101","coopc001","moned101","bands101","molip001","hisll101","thomg001","lezcs001","belam101","","","64(1)3/GDP","F","F",7,3,2,"T","T",0,"F","F",2,"T","F",0,"F","F",6,"G","F","F","",0,0,"N",0,"N",0,"N",0,0,0,0,"43","64","","","F","F","F","F","F","F","F","F","F","auguj001","","","F","F","F","F","F","","","","",0,4,3,0,6,4,0,0,0,23,"BAL","BAL","MIL",1,"F","F",2,0,0,11,1,"T","F",1,0,"T","T","murre001","may-l101","T","T",6,2,22,0,0,0,0,0,0,"etcha101","","",0,0,0,0,0,0,0,0,0,0,0,0,0,"molip001","T","F","F","F",0,0,0,0,0,0,0,0,0,0,F,F,"1978BAL.EVA.regular.event.csv",97
"BAL197804150","MIL",3,1,2,0,0,"",0,2,"murre001","?","murre001","?","auguj001","?","auguj001","?","etcha101","coopc001","moned101","bands101","molip001","hisll101","thomg001","lezcs001","","","","S9","F","F",3,4,20,"T","T",1,"F","F",0,"F","F",0,"F","F",9,"","F","F","",0,0,"N",0,"N",0,"N",1,0,0,0,"","","","","F","F","F","F","F","F","F","F","F","","","","F","F","F","F","F","","","","",0,0,0,0,0,0,0,0,0,24,"BAL","BAL","MIL",1,"F","F",2,0,0,12,2,"T","F",0,1,"T","T","may-l101","decid001","T","T",0,0,0,0,0,0,0,0,0,"","","",0,0,0,0,0,0,0,0,0,0,0,0,0,"lezcs001","F","F","F","F",0,0,0,0,0,0,0,0,0,0,F,F,"1978BAL.EVA.regular.event.csv",98
"BAL197804150","MIL",3,1,2,0,0,"",0,2,"may-l101","?","may-l101","?","auguj001","?","auguj001","?","etcha101","coopc001","moned101","bands101","molip001","hisll101","thomg001","lezcs001","murre001","","","9","F","F",10,5,2,"T","T",0,"F","F",1,"F","F",0,"F","F",9,"F","F","F","",0,0,"N",0,"N",0,"N",0,1,0,0,"9","","","","F","F","F","F","F","F","F","F","F","auguj001","","","F","F","F","F","F","","","","",0,9,0,0,0,0,0,0,0,25,"BAL","BAL","MIL",1,"F","T",2,0,0,13,3,"T","F",1,1,"T","T","decid001","lopec101","T","T",3,4,24,0,0,0,0,0,0,"etcha101","","",0,0,0,0,0,0,0,0,0,0,0,0,0,"lezcs001","F","F","F","F",0,0,0,0,0,0,0,0,0,0,F,F,"1978BAL.EVA.regular.event.csv",99
"BAL197804150","MIL",4,0,0,0,0,"",0,2,"molip001","?","molip001","?","palmj001","?","palmj001","?","dempr001","murre001","dauer001","decid001","belam101","roeng001","bumba001","lopec101","","","","9/L","T","F",6,1,2,"T","T",0,"F","F",1,"F","F",0,"F","F",9,"L","F","F","",0,0,"N",0,"N",0,"N",0,0,0,0,"9","","","","F","F","F","F","F","F","F","F","F","","","","F","F","F","F","F","","","","",0,9,0,0,0,0,0,0,0,26,"BAL","MIL","BAL",0,"T","F",0,2,0,9,0,"T","F",0,0,"T","T","moned101","coopc001","T","T",0,0,0,0,0,0,0,0,0,"","","",0,0,0,0,0,0,0,0,0,0,0,0,0,"lopec101","F","F","F","F",0,0,0,0,0,0,0,0,0,0,F,F,"1978BAL.EVA.regular.event.csv",100
"BAL197804150","MIL",4,0,1,0,0,"",0,2,"moned101","?","moned101","?","palmj001","?","palmj001","?","dempr001","murre001","dauer001","decid001","belam101","roeng001","bumba001","lopec101","","","","53","F","F",4,2,2,"T","T",0,"F","F",1,"F","F",0,"F","F",5,"G","F","F","",0,0,"N",0,"N",0,"N",0,0,0,0,"53","","","","F","F","F","F","F","F","F","F","F","","","","F","F","F","F","F","","","","",0,3,0,0,5,0,0,0,0,27,"BAL","MIL","BAL",0,"F","F",0,2,0,10,1,"T","F",0,0,"T","T","coopc001","hisll101","T","T",0,0,0,0,0,0,0,0,0,"","","",0,0,0,0,0,0,0,0,0,0,0,0,0,"decid001","F","F","F","F",0,0,0,0,0,0,0,0,0,0,F,F,"1978BAL.EVA.regular.event.csv",101
"BAL197804150","MIL",4,0,2,0,0,"",0,2,"coopc001","?","coopc001","?","palmj001","?","palmj001","?","dempr001","murre001","dauer001","decid001","belam101","roeng001","bumba001","lopec101","","","","8","F","F",3,3,2,"T","T",0,"F","F",1,"F","F",0,"F","F",8,"F","F","F","",0,0,"N",0,"N",0,"N",0,0,0,0,"8","","","","F","F","F","F","F","F","F","F","F","","","","F","F","F","F","F","","","","",0,8,0,0,0,0,0,0,0,28,"BAL","MIL","BAL",0,"F","T",0,2,0,11,2,"T","F",0,0,"T","T","hisll101","oglib001","T","T",0,0,0,0,0,0,0,0,0,"","","",0,0,0,0,0,0,0,0,0,0,0,0,0,"bumba001","F","F","F","F",0,0,0,0,0,0,0,0,0,0,F,F,"1978BAL.EVA.regular.event.csv",102
"BAL197804150","MIL",4,1,0,0,0,"",0,2,"decid001","?","decid001","?","auguj001","?","auguj001","?","etcha101","coopc001","moned101","bands101","molip001","hisll101","thomg001","lezcs001","","","","9","T","F",5,6,2,"T","T",0,"F","F",1,"F","F",0,"F","F",9,"F","F","F","",0,0,"N",0,"N",0,"N",0,0,0,0,"9","","","","F","F","F","F","F","F","F","F","F","","","","F","F","F","F","F","","","","",0,9,0,0,0,0,0,0,0,29,"BAL","BAL","MIL",1,"T","F",2,0,0,14,0,"T","F",0,0,"T","T","lopec101","dempr001","T","T",0,0,0,0,0,0,0,0,0,"","","",0,0,0,0,0,0,0,0,0,0,0,0,0,"lezcs001","F","F","F","F",0,0,0,0,0,0,0,0,0,0,F,F,"1978BAL.EVA.regular.event.csv",103
"BAL197804150","MIL",4,1,1,0,0,"",0,2,"lopec101","?","lopec101","?","auguj001","?","auguj001","?","etcha101","coopc001","moned101","bands101","molip001","hisll101","thomg001","lezcs001","","","","13","F","F",9,7,2,"T","T",0,"F","F",1,"F","F",0,"F","F",1,"G","F","F","",0,0,"N",0,"N",0,"N",0,0,0,0,"13","","","","F","F","F","F","F","F","F","F","F","","","","F","F","F","F","F","","","","",0,3,0,0,1,0,0,0,0,30,"BAL","BAL","MIL",1,"F","F",2,0,0,15,1,"T","F",0,0,"T","T","dempr001","dauer001","T","T",0,0,0,0,0,0,0,0,0,"","","",0,0,0,0,0,0,0,0,0,0,0,0,0,"auguj001","F","F","F","F",0,0,0,0,0,0,0,0,0,0,F,F,"1978BAL.EVA.regular.event.csv",104
"BAL197804150","MIL",4,1,2,0,0,"",0,2,"dempr001","?","dempr001","?","auguj001","?","auguj001","?","etcha101","coopc001","moned101","bands101","molip001","hisll101","thomg001","lezcs001","","","","W","F","F",2,8,14,"T","F",0,"F","F",0,"F","F",0,"F","F",0,"","F","F","",0,0,"N",0,"N",0,"N",1,0,0,0,"","","","","F","F","F","F","F","F","F","F","F","","","","F","F","F","F","F","","","","",0,0,0,0,0,0,0,0,0,31,"BAL","BAL","MIL",1,"F","F",2,0,0,16,2,"T","F",0,1,"T","T","dauer001","bumba001","T","T",0,0,0,0,0,0,0,0,0,"","","",0,0,0,0,0,0,0,0,0,0,0,0,0,"","F","F","F","F",0,0,0,0,0,0,0,0,0,0,F,F,"1978BAL.EVA.regular.event.csv",105
"BAL197804150","MIL",4,1,2,0,0,"",0,2,"dauer001","?","dauer001","?","auguj001","?","auguj001","?","etcha101","coopc001","moned101","bands101","molip001","hisll101","thomg001","lezcs001","dempr001","","","7/7D","F","F",4,9,2,"T","T",0,"F","F",1,"F","F",0,"F","F",7,"F","F","F","7D",0,0,"N",0,"N",0,"N",0,1,0,0,"7","","","","F","F","F","F","F","F","F","F","F","auguj001","","","F","F","F","F","F","","","","",0,7,0,0,0,0,0,0,0,32,"BAL","BAL","MIL",1,"F","T",2,0,0,17,3,"T","F",1,1,"T","T","bumba001","belam101","T","T",2,8,31,0,0,0,0,0,0,"etcha101","","",0,0,0,0,0,0,0,0,0,0,0,0,0,"hisll101","F","F","F","F",0,0,0,0,0,0,0,0,0,0,F,F,"1978BAL.EVA.regular.event.csv",106
"BAL197804150","MIL",5,0,0,0,0,"",0,2,"hisll101","?","hisll101","?","palmj001","?","palmj001","?","dempr001","murre001","dauer001","decid001","belam101","roeng001","bumba001","lopec101","","","","K","T","F",7,4,3,"T","T",0,"F","F",1,"F","F",0,"F","F",0,"","F","F","",0,0,"N",0,"N",0,"N",0,0,0,0,"2","","","","F","F","F","F","F","F","F","F","F","","","","F","F","F","F","F","","","","",0,2,0,0,0,0,0,0,0,33,"BAL","MIL","BAL",0,"T","F",0,2,0,12,0,"T","F",0,0,"T","T","oglib001","lezcs001","T","T",0,0,0,0,0,0,0,0,0,"","","",0,0,0,0,0,0,0,0,0,0,0,0,0,"","F","F","F","F",0,0,0,0,0,0,0,0,0,0,F,F,"1978BAL.EVA.regular.event.csv",107
"BAL197804150","MIL",5,0,1,0,0,"",0,2,"oglib001","?","oglib001","?","palmj001","?","palmj001","?","dempr001","murre001","dauer001","decid001","belam101","roeng001","bumba001","lopec101","","","","K","F","F",10,5,3,"T","T",0,"F","F",1,"F","F",0,"F","F",0,"","F","F","",0,0,"N",0,"N",0,"N",0,0,0,0,"2","","","","F","F","F","F","F","F","F","F","F","","","","F","F","F","F","F","","","","",0,2,0,0,0,0,0,0,0,34,"BAL","MIL","BAL",0,"F","F",0,2,0,13,1,"T","F",0,0,"T","T","lezcs001","bands101","T","T",0,0,0,0,0,0,0,0,0,"","","",0,0,0,0,0,0,0,0,0,0,0,0,0,"","F","F","F","F",0,0,0,0,0,0,0,0,0,0,F,F,"1978BAL.EVA.regular.event.csv",108
"BAL197804150","MIL",5,0,2,0,0,"",0,2,"lezcs001","?","lezcs001","?","palmj001","?","palmj001","?","dempr001","murre001","dauer001","decid001","belam101","roeng001","bumba001","lopec101","","","","W","F","F",9,6,14,"T","F",0,"F","F",0,"F","F",0,"F","F",0,"","F","F","",0,0,"N",0,"N",0,"N",1,0,0,0,"","","","","F","F","F","F","F","F","F","F","F","","","","F","F","F","F","F","","","","",0,0,0,0,0,0,0,0,0,35,"BAL","MIL","BAL",0,"F","F",0,2,0,14,2,"T","F",0,1,"T","T","bands101","thomg001","T","T",0,0,0,0,0,0,0,0,0,"","","",0,0,0,0,0,0,0,0,0,0,0,0,0,"","F","F","F","F",0,0,0,0,0,0,0,0,0,0,F,F,"1978BAL.EVA.regular.event.csv",109
"BAL197804150","MIL",5,0,2,0,0,"",0,2,"bands101","?","bands101","?","palmj001","?","palmj001","?","dempr001","murre001","dauer001","decid001","belam101","roeng001","bumba001","lopec101","lezcs001","","","53","F","F",5,7,2,"T","T",0,"F","F",1,"F","F",0,"F","F",5,"G","F","F","",0,0,"N",0,"N",0,"N",0,1,0,0,"53","","","","F","F","F","F","F","F","F","F","F","palmj001","","","F","F","F","F","F","","","","",0,3,0,0,5,0,0,0,0,36,"BAL","MIL","BAL",0,"F","T",0,2,0,15,3,"T","F",1,1,"T","T","thomg001","etcha101","T","T",9,6,35,0,0,0,0,0,0,"dempr001","","",0,0,0,0,0,0,0,0,0,0,0,0,0,"decid001","F","F","F","F",0,0,0,0,0,0,0,0,0,0,F,F,"1978BAL.EVA.regular.event.csv",110
"BAL197804150","MIL",5,1,0,0,0,"",0,2,"bumba001","?","bumba001","?","auguj001","?","auguj001","?","etcha101","coopc001","moned101","bands101","molip001","hisll101","thomg001","lezcs001","","","","S8","T","F",8,1,20,"T","T",1,"F","F",0,"F","F",0,"F","F",8,"","F","F","",0,0,"N",0,"N",0,"N",1,0,0,0,"","","","","F","F","F","F","F","F","F","F","F","","","","F","F","F","F","F","","","","",0,0,0,0,0,0,0,0,0,37,"BAL","BAL","MIL",1,"T","F",2,0,0,18,0,"T","F",0,1,"T","T","belam101","roeng001","T","T",0,0,0,0,0,0,0,0,0,"","","",0,0,0,0,0,0,0,0,0,0,0,0,0,"thomg001","F","F","F","F",4,0,0,0,5,0,0,0,0,0,F,F,"1978BAL.EVA.regular.event.csv",111
"BAL197804150","MIL",5,1,0,0,0,"",0,2,"belam101","?","belam101","?","auguj001","?","auguj001","?","etcha101","coopc001","moned101","bands101","molip001","hisll101","thomg001","lezcs001","bumba001","","","S/BG6.1-2","F","F",6,2,20,"T","T",1,"F","F",0,"F","F",0,"F","F",0,"G","T","F","6",0,0,"N",0,"N",0,"N",1,2,0,0,"","","","","F","F","F","F","F","F","F","F","F","auguj001","","","F","F","F","F","F","","","","",0,0,0,0,0,0,0,0,0,38,"BAL","BAL","MIL",1,"F","F",2,0,0,19,1,"T","F",1,3,"T","T","roeng001","murre001","T","T",8,1,37,0,0,0,0,0,0,"etcha101","","",0,0,0,0,0,0,0,0,0,0,0,0,0,"","F","F","F","F",4,4,0,0,5,0,0,0,0,0,F,F,"1978BAL.EVA.regular.event.csv",112
"BAL197804150","MIL",5,1,0,0,0,"",0,2,"roeng001","?","roeng001","?","auguj001","?","auguj001","?","etcha101","coopc001","moned101","bands101","molip001","hisll101","thomg001","lezcs001","belam101","bumba001","","S2/BG.2-3;1-2","F","F",7,3,20,"T","T",1,"F","F",0,"F","F",0,"F","F",2,"G","T","F","",0,0,"N",0,"N",0,"N",1,2,3,0,"","","","","F","F","F","F","F","F","F","F","F","auguj001","auguj001","","F","F","F","F","F","","","","",0,0,0,0,0,0,0,0,0,39,"BAL","BAL","MIL",1,"F","F",2,0,0,20,2,"T","F",3,7,"T","T","murre001","may-l101","T","T",6,2,38,8,1,37,0,0,0,"etcha101","etcha101","",0,0,0,0,0,0,0,0,0,0,0,0,0,"etcha101","F","F","F","F",4,4,4,0,5,0,0,0,0,0,F,F,"1978BAL.EVA.regular.event.csv",113
"BAL197804150","MIL",5,1,0,0,0,"",0,2,"murre001","?","murre001","?","auguj001","?","auguj001","?","etcha101","coopc001","moned101","bands101","molip001","hisll101","thomg001","lezcs001","roeng001","belam101","bumba001","D7.3-H;2-H;1-3","F","F",3,4,21,"T","T",2,"F","F",0,"F","F",2,"F","F",7,"","F","F","",0,0,"N",0,"N",0,"N",2,3,4,4,"","","","","F","F","F","F","F","F","F","F","F","auguj001","auguj001","auguj001","F","F","F","F","F","","","","",0,0,0,0,0,0,0,0,0,40,"BAL","BAL","MIL",1,"F","F",2,0,0,21,3,"T","F",7,6,"T","T","may-l101","decid001","T","T",7,3,39,6,2,38,8,1,37,"etcha101","etcha101","etcha101",0,0,0,0,0,0,0,0,0,0,0,0,2,"hisll101","F","F","F","F",4,4,4,4,3,0,0,0,0,0,F,F,"1978BAL.EVA.regular.event.csv",114
"BAL197804150","MIL",5,1,0,0,0,"",0,4,"may-l101","?","may-l101","?","auguj001","?","auguj001","?","etcha101","coopc001","moned101","bands101","molip001","hisll101","thomg001","lezcs001","","murre001","roeng001","53","F","F",10,5,2,"T","T",0,"F","F",1,"F","F",0,"F","F",5,"G","F","F","",0,0,"N",0,"N",0,"N",0,0,2,3,"53","","","","F","F","F","F","F","F","F","F","F","","auguj001","auguj001","F","F","F","F","F","","","","",0,3,0,0,5,0,0,0,0,41,"BAL","BAL","MIL",1,"F","F",4,0,2,22,4,"T","F",6,6,"T","T","decid001","lopec101","T","T",0,0,0,3,4,40,7,3,39,"","etcha101","etcha101",0,0,0,0,0,0,0,0,0,0,0,0,0,"bands101","F","F","F","F",0,0,4,4,3,0,0,0,0,0,F,F,"1978BAL.EVA.regular.event.csv",115
"BAL197804150","MIL",5,1,1,0,0,"",0,4,"decid001","?","decid001","?","auguj001","?","auguj001","?","etcha101","coopc001","moned101","bands101","molip001","hisll101","thomg001","lezcs001","","murre001","roeng001","IW","F","F",5,6,15,"T","F",0,"F","F",0,"F","F",0,"F","F",0,"","F","F","",0,0,"N",0,"N",0,"N",1,0,2,3,"","","","","F","F","F","F","F","F","F","F","F","","auguj001","auguj001","F","F","F","F","F","","","","",0,0,0,0,0,0,0,0,0,42,"BAL","BAL","MIL",1,"F","F",4,0,2,23,5,"T","F",6,7,"T","T","lopec101","dempr001","T","T",0,0,0,3,4,40,7,3,39,"","etcha101","etcha101",0,0,0,0,0,0,0,0,0,0,0,0,0,"","F","F","F","F",4,0,4,4,3,0,0,0,0,0,F,F,"1978BAL.EVA.regular.event.csv",116
"BAL197804150","MIL",5,1,1,0,0,"",0,4,"lopec101","?","lopec101","?","auguj001","?","auguj001","?","etcha101","coopc001","moned101","bands101","molip001","hisll101","thomg001","lezcs001","decid001","murre001","roeng001","BK.3-H;2-3;1-2","F","F",9,7,11,"F","F",0,"F","F",0,"F","F",0,"F","F",0,"","F","F","",0,0,"N",0,"N",0,"N",0,2,3,4,"","","","","F","F","F","F","F","F","F","F","F","auguj001","auguj001","auguj001","F","F","F","F","F","","","","",0,0,0,0,0,0,0,0,0,43,"BAL","BAL","MIL",1,"F","F",4,0,2,24,6,"T","F",7,6,"T","T","dempr001","dauer001","T","T",5,6,42,3,4,40,7,3,39,"etcha101","etcha101","etcha101",0,0,0,0,0,0,0,0,0,0,0,0,1,"","F","F","F","F",0,4,4,4,2,0,0,0,0,0,F,F,"1978BAL.EVA.regular.event.csv",117
"BAL197804150","MIL",5,1,1,0,0,"",0,5,"lopec101","?","lopec101","?","auguj001","?","auguj001","?","etcha101","coopc001","moned101","bands101","molip001","hisll101","thomg001","lezcs001","","decid001","murre001","IW","F","F",9,7,15,"T","F",0,"F","F",0,"F","F",0,"F","F",0,"","F","F","",0,0,"N",0,"N",0,"N",1,0,2,3,"","","","","F","F","F","F","F","F","F","F","F","","auguj001","auguj001","F","F","F","F","F","","","","",0,0,0,0,0,0,0,0,0,44,"BAL","BAL","MIL",1,"F","F",5,0,3,24,6,"F","F",6,7,"T","T","dempr001","dauer001","T","T",0,0,0,5,6,42,3,4,40,"","etcha101","etcha101",0,0,0,0,0,0,0,0,0,0,0,0,0,"","F","F","F","F",0,0,4,4,2,0,0,0,0,0,F,F,"1978BAL.EVA.regular.event.csv",118
"BAL197804150","MIL",5,1,1,0,0,"",0,5,"dempr001","?","dempr001","?","caldm001","?","caldm001","?","etcha101","coopc001","moned101","bands101","molip001","hisll101","thomg001","lezcs001","lopec101","decid001","murre001","K","F","F",2,8,3,"T","T",0,"F","F",1,"F","F",0,"F","F",0,"","F","F","",0,0,"N",0,"N",0,"N",0,1,2,3,"2","","","","F","F","F","F","F","F","F","F","F","auguj001","auguj001","auguj001","F","F","F","F","F","","","","",0,2,0,0,0,0,0,0,0,45,"BAL","BAL","MIL",1,"F","F",5,0,3,25,7,"T","F",7,7,"T","T","dauer001","bumba001","F","F",9,7,44,5,6,42,3,4,40,"etcha101","etcha101","etcha101",0,0,0,0,0,0,0,0,0,0,0,0,0,"","F","F","F","F",0,0,4,4,2,0,0,0,0,0,F,F,"1978BAL.EVA.regular.event.csv",119
"BAL197804150","MIL",5,1,2,0,0,"",0,5,"dauer001","?","dauer001","?","caldm001","?","caldm001","?","etcha101","coopc001","moned101","bands101","molip001","hisll101","thomg001","lezcs001","lopec101","decid001","murre001","S7.3-H;2-H;1-2","F","F",4,9,20,"T","T",1,"F","F",0,"F","F",2,"F","F",7,"","F","F","",0,0,"N",0,"N",0,"N",1,2,4,4,"","","","","F","F","F","F","F","F","F","F","F","auguj001","auguj001","auguj001","F","F","F","F","F","","","","",0,0,0,0,0,0,0,0,0,46,"BAL","BAL","MIL",1,"F","F",5,0,3,26,8,"T","F",7,3,"T","T","bumba001","belam101","F","F",9,7,44,5,6,42,3,4,40,"etcha101","etcha101","etcha101",0,0,0,0,0,0,0,0,0,0,0,0,2,"hisll101","F","F","F","F",0,0,4,4,0,0,0,0,0,0,F,F,"1978BAL.EVA.regular.event.csv",120
"BAL197804150","MIL",5,1,2,0,0,"",0,7,"bumba001","?","bumba001","?","caldm001","?","caldm001","?","etcha101","coopc001","moned101","bands101","molip001","hisll101","thomg001","lezcs001","dauer001","lopec101","","K","F","F",8,1,3,"T","T",0,"F","F",1,"F","F",0,"F","F",0,"","F","F","",0,0,"N",0,"N",0,"N",0,1,2,0,"2","","","","F","F","F","F","F","F","F","F","F","caldm001","auguj001","","F","F","F","F","F","","","","",0,2,0,0,0,0,0,0,0,47,"BAL","BAL","MIL",1,"F","T",7,0,5,27,9,"T","F",3,3,"T","T","belam101","roeng001","F","F",4,9,46,9,7,44,0,0,0,"etcha101","etcha101","",0,0,0,0,0,0,0,0,0,0,0,0,0,"","F","F","F","F",0,0,0,0,0,0,0,0,0,0,F,F,"1978BAL.EVA.regular.event.csv",121
"BAL197804150","MIL",6,0,0,0,0,"",0,7,"thomg001","?","thomg001","?","palmj001","?","palmj001","?","dempr001","murre001","dauer001","decid001","belam101","roeng001","bumba001","lopec101","","","","53","T","F",8,8,2,"T","T",0,"F","F",1,"F","F",0,"F","F",5,"G","F","F","",0,0,"N",0,"N",0,"N",0,0,0,0,"53","","","","F","F","F","F","F","F","F","F","F","","","","F","F","F","F","F","","","","",0,3,0,0,5,0,0,0,0,48,"BAL","MIL","BAL",0,"T","F",0,7,0,16,0,"T","F",0,0,"T","T","etcha101","molip001","T","T",0,0,0,0,0,0,0,0,0,"","","",0,0,0,0,0,0,0,0,0,0,0,0,0,"decid001","F","F","F","F",0,0,0,0,0,0,0,0,0,0,F,F,"1978BAL.EVA.regular.event.csv",122
"BAL197804150","MIL",6,0,1,0,0,"",0,7,"etcha101","?","etcha101","?","palmj001","?","palmj001","?","dempr001","murre001","dauer001","decid001","belam101","roeng001","bumba001","lopec101","","","","S","F","F",2,9,20,"T","T",1,"F","F",0,"F","F",0,"F","F",0,"","F","F","",0,0,"N",0,"N",0,"N",1,0,0,0,"","","","","F","F","F","F","F","F","F","F","F","","","","F","F","F","F","F","","","","",0,0,0,0,0,0,0,0,0,49,"BAL","MIL","BAL",0,"F","F",0,7,0,17,1,"T","F",0,1,"T","T","molip001","moned101","T","T",0,0,0,0,0,0,0,0,0,"","","",0,0,0,0,0,0,0,0,0,0,0,0,0,"","F","F","F","F",0,0,0,0,0,0,0,0,0,0,F,F,"1978BAL.EVA.regular.event.csv",123
"BAL197804150","MIL",6,0,1,0,0,"",0,7,"molip001","?","molip001","?","palmj001","?","palmj001","?","dempr001","murre001","dauer001","decid001","belam101","roeng001","bumba001","lopec101","etcha101","","","46(1)3/GDP","F","F",6,1,2,"T","T",0,"F","F",2,"T","F",0,"F","F",4,"G","F","F","",0,0,"N",0,"N",0,"N",0,0,0,0,"63","46","","","F","F","F","F","F","F","F","F","F","palmj001","","","F","F","F","F","F","","","","",0,6,3,0,4,6,0,0,0,50,"BAL","MIL","BAL",0,"F","T",0,7,0,18,2,"T","F",1,0,"T","T","moned101","coopc001","T","T",2,9,49,0,0,0,0,0,0,"dempr001","","",0,0,0,0,0,0,0,0,0,0,0,0,0,"dauer001","T","F","F","F",0,0,0,0,0,0,0,0,0,0,F,F,"1978BAL.EVA.regular.event.csv",124
"BAL197804150","MIL",6,1,0,0,0,"",0,7,"belam101","?","belam101","?","caldm001","?","caldm001","?","etcha101","coopc001","moned101","bands101","molip001","hisll101","thomg001","lezcs001","","","","13","T","F",6,2,2,"T","T",0,"F","F",1,"F","F",0,"F","F",1,"G","F","F","",0,0,"N",0,"N",0,"N",0,0,0,0,"13","","","","F","F","F","F","F","F","F","F","F","","","","F","F","F","F","F","","","","",0,3,0,0,1,0,0,0,0,51,"BAL","BAL","MIL",1,"T","F",7,0,0,28,0,"T","F",0,0,"T","T","roeng001","murre001","F","F",0,0,0,0,0,0,0,0,0,"","","",0,0,0,0,0,0,0,0,0,0,0,0,0,"caldm001","F","F","F","F",0,0,0,0,0,0,0,0,0,0,F,F,"1978BAL.EVA.regular.event.csv",125
"BAL197804150","MIL",6,1,1,0,0,"",0,7,"roeng001","?","roeng001","?","caldm001","?","caldm001","?","etcha101","coopc001","moned101","bands101","molip001","hisll101","thomg001","lezcs001","","","","S9/G","F","F",7,3,20,"T","T",1,"F","F",0,"F","F",0,"F","F",9,"G","F","F","",0,0,"N",0,"N",0,"N",1,0,0,0,"","","","","F","F","F","F","F","F","F","F","F","","","","F","F","F","F","F","","","","",0,0,0,0,0,0,0,0,0,52,"BAL","BAL","MIL",1,"F","F",7,0,0,29,1,"T","F",0,1,"T","T","murre001","may-l101","F","F",0,0,0,0,0,0,0,0,0,"","","",0,0,0,0,0,0,0,0,0,0,0,0,0,"lezcs001","F","F","F","F",0,0,0,0,0,0,0,0,0,0,F,F,"1978BAL.EVA.regular.event.csv",126
"BAL197804150","MIL",6,1,1,0,0,"",0,7,"murre001","?","murre001","?","caldm001","?","caldm001","?","etcha101","coopc001","moned101","bands101","molip001","hisll101","thomg001","lezcs001","roeng001","","","K","F","F",3,4,3,"T","T",0,"F","F",1,"F","F",0,"F","F",0,"","F","F","",0,0,"N",0,"N",0,"N",0,1,0,0,"2","","","","F","F","F","F","F","F","F","F","F","caldm001","","","F","F","F","F","F","","","","",0,2,0,0,0,0,0,0,0,53,"BAL","BAL","MIL",1,"F","F",7,0,0,30,2,"T","F",1,1,"T","T","may-l101","decid001","F","F",7,3,52,0,0,0,0,0,0,"etcha101","","",0,0,0,0,0,0,0,0,0,0,0,0,0,"","F","F","F","F",0,0,0,0,0,0,0,0,0,0,F,F,"1978BAL.EVA.regular.event.csv",127
"BAL197804150","MIL",6,1,2,0,0,"",0,7,"may-l101","?","may-l101","?","caldm001","?","caldm001","?","etcha101","coopc001","moned101","bands101","molip001","hisll101","thomg001","lezcs001","roeng001","","","K/C","F","F",10,5,3,"T","T",0,"F","F",1,"F","F",0,"F","F",0,"","F","F","",0,0,"N",0,"N",0,"N",0,1,0,0,"2","","","","F","F","F","F","F","F","F","F","F","caldm001","","","F","F","F","F","F","","","","",0,2,0,0,0,0,0,0,0,54,"BAL","BAL","MIL",1,"F","T",7,0,0,31,3,"T","F",1,1,"T","T","decid001","lopec101","F","F",7,3,52,0,0,0,0,0,0,"etcha101","","",0,0,0,0,0,0,0,0,0,0,0,0,0,"","F","F","F","F",0,0,0,0,0,0,0,0,0,0,F,F,"1978BAL.EVA.regular.event.csv",128
"BAL197804150","MIL",7,0,0,0,0,"",0,7,"moned101","?","moned101","?","palmj001","?","palmj001","?","dempr001","murre001","dauer001","decid001","belam101","roeng001","bumba001","lopec101","","","","6/L","T","F",4,2,2,"T","T",0,"F","F",1,"F","F",0,"F","F",6,"L","F","F","",0,0,"N",0,"N",0,"N",0,0,0,0,"6","","","","F","F","F","F","F","F","F","F","F","","","","F","F","F","F","F","","","","",0,6,0,0,0,0,0,0,0,55,"BAL","MIL","BAL",0,"T","F",0,7,0,19,0,"T","F",0,0,"T","T","coopc001","hisll101","T","T",0,0,0,0,0,0,0,0,0,"","","",0,0,0,0,0,0,0,0,0,0,0,0,0,"belam101","F","F","F","F",0,0,0,0,0,0,0,0,0,0,F,F,"1978BAL.EVA.regular.event.csv",129
"BAL197804150","MIL",7,0,1,0,0,"",0,7,"coopc001","?","coopc001","?","palmj001","?","palmj001","?","dempr001","murre001","dauer001","decid001","belam101","roeng001","bumba001","lopec101","","","","8","F","F",3,3,2,"T","T",0,"F","F",1,"F","F",0,"F","F",8,"F","F","F","",0,0,"N",0,"N",0,"N",0,0,0,0,"8","","","","F","F","F","F","F","F","F","F","F","","","","F","F","F","F","F","","","","",0,8,0,0,0,0,0,0,0,56,"BAL","MIL","BAL",0,"F","F",0,7,0,20,1,"T","F",0,0,"T","T","hisll101","oglib001","T","T",0,0,0,0,0,0,0,0,0,"","","",0,0,0,0,0,0,0,0,0,0,0,0,0,"bumba001","F","F","F","F",0,0,0,0,0,0,0,0,0,0,F,F,"1978BAL.EVA.regular.event.csv",130
"BAL197804150","MIL",7,0,2,0,0,"",0,7,"hisll101","?","hisll101","?","palmj001","?","palmj001","?","dempr001","murre001","dauer001","decid001","belam101","roeng001","bumba001","lopec101","","","","S9","F","F",7,4,20,"T","T",1,"F","F",0,"F","F",0,"F","F",9,"","F","F","",0,0,"N",0,"N",0,"N",1,0,0,0,"","","","","F","F","F","F","F","F","F","F","F","","","","F","F","F","F","F","","","","",0,0,0,0,0,0,0,0,0,57,"BAL","MIL","BAL",0,"F","F",0,7,0,21,2,"T","F",0,1,"T","T","oglib001","lezcs001","T","T",0,0,0,0,0,0,0,0,0,"","","",0,0,0,0,0,0,0,0,0,0,0,0,0,"lopec101","F","F","F","F",1,0,0,0,0,0,0,0,0,0,F,F,"1978BAL.EVA.regular.event.csv",131
"BAL197804150","MIL",7,0,2,0,0,"",0,7,"oglib001","?","oglib001","?","palmj001","?","palmj001","?","dempr001","murre001","dauer001","decid001","belam101","roeng001","bumba001","lopec101","hisll101","","","6","F","F",10,5,2,"T","T",0,"F","F",1,"F","F",0,"F","F",6,"F","F","F","",0,0,"N",0,"N",0,"N",0,1,0,0,"6","","","","F","F","F","F","F","F","F","F","F","palmj001","","","F","F","F","F","F","","","","",0,6,0,0,0,0,0,0,0,58,"BAL","MIL","BAL",0,"F","T",0,7,0,22,3,"T","F",1,1,"T","T","lezcs001","bands101","T","T",7,4,57,0,0,0,0,0,0,"dempr001","","",0,0,0,0,0,0,0,0,0,0,0,0,0,"belam101","F","F","F","F",0,1,0,0,0,0,0,0,0,0,F,F,"1978BAL.EVA.regular.event.csv",132
"BAL197804150","MIL",7,1,0,0,0,"",0,7,"decid001","?","decid001","?","caldm001","?","caldm001","?","etcha101","coopc001","moned101","bands101","johnt102","hisll101","thomg001","lezcs001","","","","K","T","F",5,6,3,"T","T",0,"F","F",1,"F","F",0,"F","F",0,"","F","F","",0,0,"N",0,"N",0,"N",0,0,0,0,"2","","","","F","F","F","F","F","F","F","F","F","","","","F","F","F","F","F","","","","",0,2,0,0,0,0,0,0,0,59,"BAL","BAL","MIL",1,"T","F",7,0,0,32,0,"T","F",0,0,"T","T","lopec101","dempr001","F","F",0,0,0,0,0,0,0,0,0,"","","",0,0,0,0,0,0,0,0,0,0,0,0,0,"","F","F","F","F",0,0,0,0,0,0,0,0,0,0,F,F,"1978BAL.EVA.regular.event.csv",133
"BAL197804150","MIL",7,1,1,0,0,"",0,7,"lopec101","?","lopec101","?","caldm001","?","caldm001","?","etcha101","coopc001","moned101","bands101","johnt102","hisll101","thomg001","lezcs001","","","","K","F","F",9,7,3,"T","T",0,"F","F",1,"F","F",0,"F","F",0,"","F","F","",0,0,"N",0,"N",0,"N",0,0,0,0,"2","","","","F","F","F","F","F","F","F","F","F","","","","F","F","F","F","F","","","","",0,2,0,0,0,0,0,0,0,60,"BAL","BAL","MIL",1,"F","F",7,0,0,33,1,"T","F",0,0,"T","T","dempr001","dauer001","F","F",0,0,0,0,0,0,0,0,0,"","","",0,0,0,0,0,0,0,0,0,0,0,0,0,"","F","F","F","F",0,0,0,0,0,0,0,0,0,0,F,F,"1978BAL.EVA.regular.event.csv",134
"BAL197804150","MIL",7,1,2,0,0,"",0,7,"dempr001","?","dempr001","?","caldm001","?","caldm001","?","etcha101","coopc001","moned101","bands101","johnt102","hisll101","thomg001","lezcs001","","","","13","F","F",2,8,2,"T","T",0,"F","F",1,"F","F",0,"F","F",1,"G","F","F","",0,0,"N",0,"N",0,"N",0,0,0,0,"13","","","","F","F","F","F","F","F","F","F","F","","","","F","F","F","F","F","","","","",0,3,0,0,1,0,0,0,0,61,"BAL","BAL","MIL",1,"F","T",7,0,0,34,2,"T","F",0,0,"T","T","dauer001","bumba001","F","F",0,0,0,0,0,0,0,0,0,"","","",0,0,0,0,0,0,0,0,0,0,0,0,0,"caldm001","F","F","F","F",0,0,0,0,0,0,0,0,0,0,F,F,"1978BAL.EVA.regular.event.csv",135
"BAL197804150","MIL",8,0,0,0,0,"",0,7,"lezcs001","?","lezcs001","?","palmj001","?","palmj001","?","dempr001","murre001","dauer001","decid001","belam101","roeng001","bumba001","lopec101","","","","63","T","F",9,6,2,"T","T",0,"F","F",1,"F","F",0,"F","F",6,"G","F","F","",0,0,"N",0,"N",0,"N",0,0,0,0,"63","","","","F","F","F","F","F","F","F","F","F","","","","F","F","F","F","F","","","","",0,3,0,0,6,0,0,0,0,62,"BAL","MIL","BAL",0,"T","F",0,7,0,23,0,"T","F",0,0,"T","T","bands101","thomg001","T","T",0,0,0,0,0,0,0,0,0,"","","",0,0,0,0,0,0,0,0,0,0,0,0,0,"belam101","F","F","F","F",0,0,0,0,0,0,0,0,0,0,F,F,"1978BAL.EVA.regular.event.csv",136
"BAL197804150","MIL",8,0,1,0,0,"",0,7,"bands101","?","bands101","?","palmj001","?","palmj001","?","dempr001","murre001","dauer001","decid001","belam101","roeng001","bumba001","lopec101","","","","53","F","F",5,7,2,"T","T",0,"F","F",1,"F","F",0,"F","F",5,"G","F","F","",0,0,"N",0,"N",0,"N",0,0,0,0,"53","","","","F","F","F","F","F","F","F","F","F","","","","F","F","F","F","F","","","","",0,3,0,0,5,0,0,0,0,63,"BAL","MIL","BAL",0,"F","F",0,7,0,24,1,"T","F",0,0,"T","T","thomg001","etcha101","T","T",0,0,0,0,0,0,0,0,0,"","","",0,0,0,0,0,0,0,0,0,0,0,0,0,"decid001","F","F","F","F",0,0,0,0,0,0,0,0,0,0,F,F,"1978BAL.EVA.regular.event.csv",137
"BAL197804150","MIL",8,0,2,0,0,"",0,7,"thomg001","?","thomg001","?","palmj001","?","palmj001","?","dempr001","murre001","dauer001","decid001","belam101","roeng001","bumba001","lopec101","","","","2/F","F","F",8,8,2,"T","T",0,"F","F",1,"F","F",0,"F","F",2,"F","F","F","",0,0,"N",0,"N",0,"N",0,0,0,0,"2","","","","F","F","F","F","F","F","F","F","F","","","","F","F","F","F","F","","","","",0,2,0,0,0,0,0,0,0,64,"BAL","MIL","BAL",0,"F","T",0,7,0,25,2,"T","F",0,0,"T","T","etcha101","johnt102","T","T",0,0,0,0,0,0,0,0,0,"","","",0,0,0,0,0,0,0,0,0,0,0,0,0,"dempr001","F","F","F","F",0,0,0,0,0,0,0,0,0,0,F,F,"1978BAL.EVA.regular.event.csv",138
"BAL197804150","MIL",8,1,0,0,0,"",0,7,"dauer001","?","dauer001","?","rodre102","?","rodre102","?","etcha101","coopc001","moned101","bands101","johnt102","hisll101","thomg001","lezcs001","","","","53","T","F",4,9,2,"T","T",0,"F","F",1,"F","F",0,"F","F",5,"G","F","F","",0,0,"N",0,"N",0,"N",0,0,0,0,"53","","","","F","F","F","F","F","F","F","F","F","","","","F","F","F","F","F","","","","",0,3,0,0,5,0,0,0,0,65,"BAL","BAL","MIL",1,"T","F",7,0,0,35,0,"T","F",0,0,"T","T","bumba001","belam101","F","F",0,0,0,0,0,0,0,0,0,"","","",0,0,0,0,0,0,0,0,0,0,0,0,0,"bands101","F","F","F","F",0,0,0,0,0,0,0,0,0,0,F,F,"1978BAL.EVA.regular.event.csv",139
"BAL197804150","MIL",8,1,1,0,0,"",0,7,"bumba001","?","bumba001","?","rodre102","?","rodre102","?","etcha101","coopc001","moned101","bands101","johnt102","hisll101","thomg001","lezcs001","","","","K","F","F",8,1,3,"T","T",0,"F","F",1,"F","F",0,"F","F",0,"","F","F","",0,0,"N",0,"N",0,"N",0,0,0,0,"2","","","","F","F","F","F","F","F","F","F","F","","","","F","F","F","F","F","","","","",0,2,0,0,0,0,0,0,0,66,"BAL","BAL","MIL",1,"F","F",7,0,0,36,1,"T","F",0,0,"T","T","belam101","roeng001","F","F",0,0,0,0,0,0,0,0,0,"","","",0,0,0,0,0,0,0,0,0,0,0,0,0,"","F","F","F","F",0,0,0,0,0,0,0,0,0,0,F,F,"1978BAL.EVA.regular.event.csv",140
"BAL197804150","MIL",8,1,2,0,0,"",0,7,"belam101","?","belam101","?","rodre102","?","rodre102","?","etcha101","coopc001","moned101","bands101","johnt102","hisll101","thomg001","lezcs001","","","","9","F","F",6,2,2,"T","T",0,"F","F",1,"F","F",0,"F","F",9,"F","F","F","",0,0,"N",0,"N",0,"N",0,0,0,0,"9","","","","F","F","F","F","F","F","F","F","F","","","","F","F","F","F","F","","","","",0,9,0,0,0,0,0,0,0,67,"BAL","BAL","MIL",1,"F","T",7,0,0,37,2,"T","F",0,0,"T","T","roeng001","murre001","F","F",0,0,0,0,0,0,0,0,0,"","","",0,0,0,0,0,0,0,0,0,0,0,0,0,"lezcs001","F","F","F","F",0,0,0,0,0,0,0,0,0,0,F,F,"1978BAL.EVA.regular.event.csv",141
"BAL197804150","MIL",9,0,0,0,0,"",0,7,"gantj001","?","gantj001","?","palmj001","?","palmj001","?","dempr001","murre001","dauer001","decid001","belam101","roeng001","bumba001","lopec101","","","","K","T","T",11,9,3,"T","T",0,"F","F",1,"F","F",0,"F","F",0,"","F","F","",0,0,"N",0,"N",0,"N",0,0,0,0,"2","","","","F","F","F","F","F","F","F","F","F","","","","F","F","F","F","F","","","","etcha101",2,2,0,0,0,0,0,0,0,68,"BAL","MIL","BAL",0,"T","F",0,7,0,26,0,"T","F",0,0,"F","F","johnt102","moned101","T","T",0,0,0,0,0,0,0,0,0,"","","",0,0,0,0,0,0,0,0,0,0,0,0,0,"","F","F","F","F",0,0,0,0,0,0,0,0,0,0,F,F,"1978BAL.EVA.regular.event.csv",142
"BAL197804150","MIL",9,0,1,0,0,"",0,7,"johnt102","?","johnt102","?","palmj001","?","palmj001","?","dempr001","murre001","dauer001","decid001","belam101","roeng001","bumba001","lopec101","","","","43","F","F",6,1,2,"T","T",0,"F","F",1,"F","F",0,"F","F",4,"G","F","F","",0,0,"N",0,"N",0,"N",0,0,0,0,"43","","","","F","F","F","F","F","F","F","F","F","","","","F","F","F","F","F","","","","",0,3,0,0,4,0,0,0,0,69,"BAL","MIL","BAL",0,"F","F",0,7,0,27,1,"T","F",0,0,"F","F","moned101","coopc001","T","T",0,0,0,0,0,0,0,0,0,"","","",0,0,0,0,0,0,0,0,0,0,0,0,0,"dauer001","F","F","F","F",0,0,0,0,0,0,0,0,0,0,F,F,"1978BAL.EVA.regular.event.csv",143
"BAL197804150","MIL",9,0,2,0,0,"",0,7,"moned101","?","moned101","?","palmj001","?","palmj001","?","dempr001","murre001","dauer001","decid001","belam101","roeng001","bumba001","lopec101","","","","53","F","F",4,2,2,"T","T",0,"F","F",1,"F","F",0,"F","F",5,"G","F","F","",0,0,"N",0,"N",0,"N",0,0,0,0,"53","","","","F","F","F","F","F","F","F","F","F","","","","F","T","F","F","F","","","","",0,3,0,0,5,0,0,0,0,70,"BAL","MIL","BAL",0,"F","T",0,7,0,28,2,"T","F",0,0,"T","T","coopc001","hisll101","T","T",0,0,0,0,0,0,0,0,0,"","","",0,0,0,0,0,0,0,0,0,0,0,0,0,"decid001","F","F","F","F",0,0,0,0,0,0,0,0,0,0,F,F,"1978BAL.EVA.regular.event.csv",144
"BAL197804161","MIL",1,0,0,0,0,"",0,0,"molip001","?","molip001","?","briln101","?","briln101","?","dempr001","murre001","smitb101","decid001","garck001","bumba001","harll101","singk001","","","","13","T","F",6,1,2,"T","T",0,"F","F",1,"F","F",0,"F","F",1,"G","F","F","",0,0,"N",0,"N",0,"N",0,0,0,0,"13","","","","F","F","F","F","F","F","F","F","F","","","","T","F","F","F","F","","","","",0,3,0,0,1,0,0,0,0,1,"BAL","MIL","BAL",0,"T","F",0,0,0,0,0,"T","F",0,0,"T","T","moned101","coopc001","T","T",0,0,0,0,0,0,0,0,0,"","","",0,0,0,0,0,0,0,0,0,0,0,0,0,"briln101","F","F","F","F",0,0,0,0,0,0,0,0,0,0,F,F,"1978BAL.EVA.regular.event.csv",145
"BAL197804161","MIL",1,0,1,0,0,"",0,0,"moned101","?","moned101","?","briln101","?","briln101","?","dempr001","murre001","smitb101","decid001","garck001","bumba001","harll101","singk001","","","","K/C","F","F",5,2,3,"T","T",0,"F","F",1,"F","F",0,"F","F",0,"","F","F","",0,0,"N",0,"N",0,"N",0,0,0,0,"2","","","","F","F","F","F","F","F","F","F","F","","","","F","F","F","F","F","","","","",0,2,0,0,0,0,0,0,0,2,"BAL","MIL","BAL",0,"F","F",0,0,0,1,1,"T","F",0,0,"T","T","coopc001","hisll101","T","T",0,0,0,0,0,0,0,0,0,"","","",0,0,0,0,0,0,0,0,0,0,0,0,0,"","F","F","F","F",0,0,0,0,0,0,0,0,0,0,F,F,"1978BAL.EVA.regular.event.csv",146
"BAL197804161","MIL",1,0,2,0,0,"",0,0,"coopc001","?","coopc001","?","briln101","?","briln101","?","dempr001","murre001","smitb101","decid001","garck001","bumba001","harll101","singk001","","","","7","F","F",3,3,2,"T","T",0,"F","F",1,"F","F",0,"F","F",7,"F","F","F","",0,0,"N",0,"N",0,"N",0,0,0,0,"7","","","","F","F","F","F","F","F","F","F","F","","","","F","F","F","F","F","","","","",0,7,0,0,0,0,0,0,0,3,"BAL","MIL","BAL",0,"F","T",0,0,0,2,2,"T","F",0,0,"T","T","hisll101","oglib001","T","T",0,0,0,0,0,0,0,0,0,"","","",0,0,0,0,0,0,0,0,0,0,0,0,0,"bumba001","F","F","F","F",0,0,0,0,0,0,0,0,0,0,F,F,"1978BAL.EVA.regular.event.csv",147
"BAL197804161","MIL",1,1,0,0,0,"",0,0,"bumba001","?","bumba001","?","haasm001","?","haasm001","?","martb001","coopc001","sakal001","moned101","molip001","oglib001","thomg001","david101","","","","D7","T","F",7,1,21,"T","T",2,"F","F",0,"F","F",0,"F","F",7,"","F","F","",0,0,"N",0,"N",0,"N",2,0,0,0,"","","","","F","F","F","F","F","F","F","F","F","","","","F","F","F","F","F","","","","",0,0,0,0,0,0,0,0,0,4,"BAL","BAL","MIL",1,"T","F",0,0,0,0,0,"T","F",0,2,"T","T","smitb101","singk001","T","T",0,0,0,0,0,0,0,0,0,"","","",0,0,0,0,0,0,0,0,0,0,0,0,0,"oglib001","F","F","F","F",4,0,0,0,3,0,0,0,0,0,F,F,"1978BAL.EVA.regular.event.csv",148
"BAL197804161","MIL",1,1,0,0,0,"",0,0,"smitb101","?","smitb101","?","haasm001","?","haasm001","?","martb001","coopc001","sakal001","moned101","molip001","oglib001","thomg001","david101","","bumba001","","43.2-3","F","F",4,2,2,"T","T",0,"F","F",1,"F","F",0,"F","F",4,"G","F","F","",0,0,"N",0,"N",0,"N",0,0,3,0,"43","","","","F","F","F","F","F","F","F","F","F","","haasm001","","F","F","F","F","F","","","","",0,3,0,0,4,0,0,0,0,5,"BAL","BAL","MIL",1,"F","F",0,0,0,1,1,"T","F",2,4,"T","T","singk001","murre001","T","T",0,0,0,7,1,4,0,0,0,"","martb001","",0,0,0,0,0,0,0,0,0,0,0,0,0,"sakal001","F","F","F","F",0,0,4,0,3,0,0,0,0,0,F,F,"1978BAL.EVA.regular.event.csv",149
"BAL197804161","MIL",1,1,1,0,0,"",0,0,"singk001","?","singk001","?","haasm001","?","haasm001","?","martb001","coopc001","sakal001","moned101","molip001","oglib001","thomg001","david101","","","bumba001","43.3-H","F","F",9,3,2,"T","T",0,"F","F",1,"F","F",1,"F","F",4,"G","F","F","",0,0,"N",0,"N",0,"N",0,0,0,4,"43","","","","F","F","F","F","F","F","F","F","F","","","haasm001","F","F","F","F","F","","","","",0,3,0,0,4,0,0,0,0,6,"BAL","BAL","MIL",1,"F","F",0,0,0,2,2,"T","F",4,0,"T","T","murre001","may-l101","T","T",0,0,0,0,0,0,7,1,4,"","","martb001",0,0,0,0,0,0,0,0,0,0,0,0,1,"sakal001","F","F","F","F",0,0,0,4,2,0,0,0,0,0,F,F,"1978BAL.EVA.regular.event.csv",150
"BAL197804161","MIL",1,1,2,0,0,"",0,1,"murre001","?","murre001","?","haasm001","?","haasm001","?","martb001","coopc001","sakal001","moned101","molip001","oglib001","thomg001","david101","","","","W","F","F",3,4,14,"T","F",0,"F","F",0,"F","F",0,"F","F",0,"","F","F","",0,0,"N",0,"N",0,"N",1,0,0,0,"","","","","F","F","F","F","F","F","F","F","F","","","","F","F","F","F","F","","","","",0,0,0,0,0,0,0,0,0,7,"BAL","BAL","MIL",1,"F","F",1,0,1,3,3,"T","F",0,1,"T","T","may-l101","harll101","T","T",0,0,0,0,0,0,0,0,0,"","","",0,0,0,0,0,0,0,0,0,0,0,0,0,"","F","F","F","F",4,0,0,0,2,0,0,0,0,0,F,F,"1978BAL.EVA.regular.event.csv",151
"BAL197804161","MIL",1,1,2,0,0,"",0,1,"may-l101","?","may-l101","?","haasm001","?","haasm001","?","martb001","coopc001","sakal001","moned101","molip001","oglib001","thomg001","david101","murre001","","","HR.1-H","F","F",10,5,23,"T","T",4,"F","F",0,"F","F",2,"F","F",0,"","F","F","",0,0,"N",0,"N",0,"N",4,4,0,0,"","","","","F","F","F","F","F","F","F","F","F","haasm001","","","F","F","F","F","F","","","","",0,0,0,0,0,0,0,0,0,8,"BAL","BAL","MIL",1,"F","F",1,0,1,4,4,"T","F",1,0,"T","T","harll101","decid001","T","T",3,4,7,0,0,0,0,0,0,"martb001","","",0,0,0,0,0,0,0,0,0,0,0,0,2,"","F","F","F","F",4,4,0,0,0,0,0,0,0,0,F,F,"1978BAL.EVA.regular.event.csv",152
"BAL197804161","MIL",1,1,2,0,0,"",0,3,"harll101","?","harll101","?","haasm001","?","haasm001","?","martb001","coopc001","sakal001","moned101","molip001","oglib001","thomg001","david101","","","","31","F","F",8,6,2,"T","T",0,"F","F",1,"F","F",0,"F","F",3,"G","F","F","",0,0,"N",0,"N",0,"N",0,0,0,0,"31","","","","F","F","F","F","F","F","F","F","F","","","","F","F","F","F","F","","","","",0,1,0,0,3,0,0,0,0,9,"BAL","BAL","MIL",1,"F","T",3,0,3,5,5,"T","F",0,0,"T","T","decid001","dempr001","T","T",0,0,0,0,0,0,0,0,0,"","","",0,0,0,0,0,0,0,0,0,0,0,0,0,"coopc001","F","F","F","F",0,0,0,0,0,0,0,0,0,0,F,F,"1978BAL.EVA.regular.event.csv",153
"BAL197804161","MIL",2,0,0,0,0,"",0,3,"hisll101","?","hisll101","?","briln101","?","briln101","?","dempr001","murre001","smitb101","decid001","garck001","bumba001","harll101","singk001","","","","W","T","F",10,4,14,"T","F",0,"F","F",0,"F","F",0,"F","F",0,"","F","F","",0,0,"N",0,"N",0,"N",1,0,0,0,"","","","","F","F","F","F","F","F","F","F","F","","","","F","F","F","F","F","","","","",0,0,0,0,0,0,0,0,0,10,"BAL","MIL","BAL",0,"T","F",0,3,0,3,0,"T","F",0,1,"T","T","oglib001","david101","T","T",0,0,0,0,0,0,0,0,0,"","","",0,0,0,0,0,0,0,0,0,0,0,0,0,"","F","F","F","F",0,0,0,0,0,0,0,0,0,0,F,F,"1978BAL.EVA.regular.event.csv",154
"BAL197804161","MIL",2,0,0,0,0,"",0,3,"oglib001","?","oglib001","?","briln101","?","briln101","?","dempr001","murre001","smitb101","decid001","garck001","bumba001","harll101","singk001","hisll101","","","W.1-2","F","F",7,5,14,"T","F",0,"F","F",0,"F","F",0,"F","F",0,"","F","F","",0,0,"N",0,"N",0,"N",1,2,0,0,"","","","","F","F","F","F","F","F","F","F","F","briln101","","","F","F","F","F","F","","","","",0,0,0,0,0,0,0,0,0,11,"BAL","MIL","BAL",0,"F","F",0,3,0,4,1,"T","F",1,3,"T","T","david101","thomg001","T","T",10,4,10,0,0,0,0,0,0,"dempr001","","",0,0,0,0,0,0,0,0,0,0,0,0,0,"","F","F","F","F",0,0,0,0,0,0,0,0,0,0,F,F,"1978BAL.EVA.regular.event.csv",155
"BAL197804161","MIL",2,0,0,0,0,"",0,3,"david101","?","david101","?","briln101","?","briln101","?","dempr001","murre001","smitb101","decid001","garck001","bumba001","harll101","singk001","oglib001","hisll101","","8.2-3","F","F",9,6,2,"T","T",0,"F","F",1,"F","F",0,"F","F",8,"F","F","F","",0,0,"N",0,"N",0,"N",0,1,3,0,"8","","","","F","F","F","F","F","F","F","F","F","briln101","briln101","","F","F","F","F","F","","","","",0,8,0,0,0,0,0,0,0,12,"BAL","MIL","BAL",0,"F","F",0,3,0,5,2,"T","F",3,5,"T","T","thomg001","sakal001","T","T",7,5,11,10,4,10,0,0,0,"dempr001","dempr001","",0,0,0,0,0,0,0,0,0,0,0,0,0,"harll101","F","F","F","F",0,0,0,0,0,0,0,0,0,0,F,F,"1978BAL.EVA.regular.event.csv",156
"BAL197804161","MIL",2,0,1,0,0,"",0,3,"thomg001","?","thomg001","?","briln101","?","briln101","?","dempr001","murre001","smitb101","decid001","garck001","bumba001","harll101","singk001","oglib001","","hisll101","5(B)4(1)/LDP","F","F",8,7,2,"T","T",0,"F","F",2,"T","F",0,"F","F",5,"L","F","F","",0,0,"N",0,"N",0,"N",0,0,0,3,"5","54","","","F","F","F","F","F","F","F","F","F","briln101","","briln101","F","F","F","F","F","","","","",0,5,4,0,5,0,0,0,0,13,"BAL","MIL","BAL",0,"F","T",0,3,0,6,3,"T","F",5,4,"T","T","sakal001","martb001","T","T",7,5,11,0,0,0,10,4,10,"dempr001","","dempr001",0,0,0,0,0,0,0,0,0,0,0,0,0,"decid001","F","F","F","F",0,0,0,0,0,0,0,0,0,0,F,F,"1978BAL.EVA.regular.event.csv",157
"BAL197804161","MIL",2,1,0,0,0,"",0,3,"decid001","?","decid001","?","haasm001","?","haasm001","?","martb001","coopc001","sakal001","moned101","molip001","oglib001","thomg001","david101","","","","6","T","F",5,7,2,"T","T",0,"F","F",1,"F","F",0,"F","F",6,"F","F","F","",0,0,"N",0,"N",0,"N",0,0,0,0,"6","","","","F","F","F","F","F","F","F","F","F","","","","F","F","F","F","F","","","","",0,6,0,0,0,0,0,0,0,14,"BAL","BAL","MIL",1,"T","F",3,0,0,6,0,"T","F",0,0,"T","T","dempr001","garck001","T","T",0,0,0,0,0,0,0,0,0,"","","",0,0,0,0,0,0,0,0,0,0,0,0,0,"molip001","F","F","F","F",0,0,0,0,0,0,0,0,0,0,F,F,"1978BAL.EVA.regular.event.csv",158
"BAL197804161","MIL",2,1,1,0,0,"",0,3,"dempr001","?","dempr001","?","haasm001","?","haasm001","?","martb001","coopc001","sakal001","moned101","molip001","oglib001","thomg001","david101","","","","3/F","F","F",2,8,2,"T","T",0,"F","F",1,"F","F",0,"F","F",3,"F","F","F","",0,0,"N",0,"N",0,"N",0,0,0,0,"3","","","","F","F","F","F","F","F","F","F","F","","","","F","F","F","F","F","","","","",0,3,0,0,0,0,0,0,0,15,"BAL","BAL","MIL",1,"F","F",3,0,0,7,1,"T","F",0,0,"T","T","garck001","bumba001","T","T",0,0,0,0,0,0,0,0,0,"","","",0,0,0,0,0,0,0,0,0,0,0,0,0,"coopc001","F","F","F","F",0,0,0,0,0,0,0,0,0,0,F,F,"1978BAL.EVA.regular.event.csv",159
"BAL197804161","MIL",2,1,2,0,0,"",0,3,"garck001","?","garck001","?","haasm001","?","haasm001","?","martb001","coopc001","sakal001","moned101","molip001","oglib001","thomg001","david101","","","","8/L","F","F",6,9,2,"T","T",0,"F","F",1,"F","F",0,"F","F",8,"L","F","F","",0,0,"N",0,"N",0,"N",0,0,0,0,"8","","","","F","F","F","F","F","F","F","F","F","","","","F","F","F","F","F","","","","",0,8,0,0,0,0,0,0,0,16,"BAL","BAL","MIL",1,"F","T",3,0,0,8,2,"T","F",0,0,"T","T","bumba001","smitb101","T","T",0,0,0,0,0,0,0,0,0,"","","",0,0,0,0,0,0,0,0,0,0,0,0,0,"thomg001","F","F","F","F",0,0,0,0,0,0,0,0,0,0,F,F,"1978BAL.EVA.regular.event.csv",160
"BAL197804161","MIL",3,0,0,0,0,"",0,3,"sakal001","?","sakal001","?","briln101","?","briln101","?","dempr001","murre001","smitb101","decid001","garck001","bumba001","harll101","singk001","","","","8","T","F",4,8,2,"T","T",0,"F","F",1,"F","F",0,"F","F",8,"F","F","F","",0,0,"N",0,"N",0,"N",0,0,0,0,"8","","","","F","F","F","F","F","F","F","F","F","","","","F","F","F","F","F","","","","",0,8,0,0,0,0,0,0,0,17,"BAL","MIL","BAL",0,"T","F",0,3,0,7,0,"T","F",0,0,"T","T","martb001","molip001","T","T",0,0,0,0,0,0,0,0,0,"","","",0,0,0,0,0,0,0,0,0,0,0,0,0,"harll101","F","F","F","F",0,0,0,0,0,0,0,0,0,0,F,F,"1978BAL.EVA.regular.event.csv",161
"BAL197804161","MIL",3,0,1,0,0,"",0,3,"martb001","?","martb001","?","briln101","?","briln101","?","dempr001","murre001","smitb101","decid001","garck001","bumba001","harll101","singk001","","","","K","F","F",2,9,3,"T","T",0,"F","F",1,"F","F",0,"F","F",0,"","F","F","",0,0,"N",0,"N",0,"N",0,0,0,0,"2","","","","F","F","F","F","F","F","F","F","F","","","","F","F","F","F","F","","","","",0,2,0,0,0,0,0,0,0,18,"BAL","MIL","BAL",0,"F","F",0,3,0,8,1,"T","F",0,0,"T","T","molip001","moned101","T","T",0,0,0,0,0,0,0,0,0,"","","",0,0,0,0,0,0,0,0,0,0,0,0,0,"","F","F","F","F",0,0,0,0,0,0,0,0,0,0,F,F,"1978BAL.EVA.regular.event.csv",162
"BAL197804161","MIL",3,0,2,0,0,"",0,3,"molip001","?","molip001","?","briln101","?","briln101","?","dempr001","murre001","smitb101","decid001","garck001","bumba001","harll101","singk001","","","","S7","F","F",6,1,20,"T","T",1,"F","F",0,"F","F",0,"F","F",7,"","F","F","",0,0,"N",0,"N",0,"N",1,0,0,0,"","","","","F","F","F","F","F","F","F","F","F","","","","F","F","F","F","F","","","","",0,0,0,0,0,0,0,0,0,19,"BAL","MIL","BAL",0,"F","F",0,3,0,9,2,"T","F",0,1,"T","T","moned101","coopc001","T","T",0,0,0,0,0,0,0,0,0,"","","",0,0,0,0,0,0,0,0,0,0,0,0,0,"bumba001","F","F","F","F",0,0,0,0,0,0,0,0,0,0,F,F,"1978BAL.EVA.regular.event.csv",163
"BAL197804161","MIL",3,0,2,0,0,"",0,3,"moned101","?","moned101","?","briln101","?","briln101","?","dempr001","murre001","smitb101","decid001","garck001","bumba001","harll101","singk001","molip001","","","6","F","F",5,2,2,"T","T",0,"F","F",1,"F","F",0,"F","F",6,"F","F","F","",0,0,"N",0,"N",0,"N",0,1,0,0,"6","","","","F","F","F","F","F","F","F","F","F","briln101","","","F","F","F","F","F","","","","",0,6,0,0,0,0,0,0,0,20,"BAL","MIL","BAL",0,"F","T",0,3,0,10,3,"T","F",1,1,"T","T","coopc001","hisll101","T","T",6,1,19,0,0,0,0,0,0,"dempr001","","",0,0,0,0,0,0,0,0,0,0,0,0,0,"garck001","F","F","F","F",0,0,0,0,0,0,0,0,0,0,F,F,"1978BAL.EVA.regular.event.csv",164
"BAL197804161","MIL",3,1,0,0,0,"",0,3,"bumba001","?","bumba001","?","haasm001","?","haasm001","?","martb001","coopc001","sakal001","moned101","molip001","oglib001","thomg001","david101","","","","S7","T","F",7,1,20,"T","T",1,"F","F",0,"F","F",0,"F","F",7,"","F","F","",0,0,"N",0,"N",0,"N",1,0,0,0,"","","","","F","F","F","F","F","F","F","F","F","","","","F","F","F","F","F","","","","",0,0,0,0,0,0,0,0,0,21,"BAL","BAL","MIL",1,"T","F",3,0,0,9,0,"T","F",0,1,"T","T","smitb101","singk001","T","T",0,0,0,0,0,0,0,0,0,"","","",0,0,0,0,0,0,0,0,0,0,0,0,0,"oglib001","F","F","F","F",4,0,0,0,1,0,0,0,0,0,F,F,"1978BAL.EVA.regular.event.csv",165
"BAL197804161","MIL",3,1,0,0,0,"",0,3,"smitb101","?","smitb101","?","haasm001","?","haasm001","?","martb001","coopc001","sakal001","moned101","molip001","oglib001","thomg001","david101","bumba001","","","13/SH.1-2","F","F",4,2,2,"T","F",0,"T","F",1,"F","F",0,"F","F",1,"G","T","F","",0,0,"N",0,"N",0,"N",0,2,0,0,"13","","","","F","F","F","F","F","F","F","F","F","haasm001","","","F","F","F","F","F","","","","",0,3,0,0,1,0,0,0,0,22,"BAL","BAL","MIL",1,"F","F",3,0,0,10,1,"T","F",1,2,"T","T","singk001","murre001","T","T",7,1,21,0,0,0,0,0,0,"martb001","","",0,0,0,0,0,0,0,0,0,0,0,0,0,"haasm001","F","F","F","F",0,4,0,0,1,0,0,0,0,0,F,F,"1978BAL.EVA.regular.event.csv",166
"BAL197804161","MIL",3,1,1,0,0,"",0,3,"singk001","?","singk001","?","haasm001","?","haasm001","?","martb001","coopc001","sakal001","moned101","molip001","oglib001","thomg001","david101","","bumba001","","S7.2-3;B-2(THH)","F","F",9,3,20,"T","T",1,"F","F",0,"F","F",0,"F","F",7,"","F","F","",0,0,"N",0,"N",0,"N",2,0,3,0,"","","","","F","F","F","F","F","F","F","F","F","","haasm001","","F","F","F","F","F","","","","",0,0,0,0,0,0,0,0,0,23,"BAL","BAL","MIL",1,"F","F",3,0,0,11,2,"T","F",2,6,"T","T","murre001","may-l101","T","T",0,0,0,7,1,21,0,0,0,"","martb001","",0,0,0,0,0,0,0,0,0,0,0,0,0,"oglib001","F","F","F","F",0,0,4,0,1,0,0,0,0,0,F,F,"1978BAL.EVA.regular.event.csv",167
"BAL197804161","MIL",3,1,1,0,0,"",0,3,"murre001","?","murre001","?","haasm001","?","haasm001","?","martb001","coopc001","sakal001","moned101","molip001","oglib001","thomg001","david101","","singk001","bumba001","K/C","F","F",3,4,3,"T","T",0,"F","F",1,"F","F",0,"F","F",0,"","F","F","",0,0,"N",0,"N",0,"N",0,0,2,3,"2","","","","F","F","F","F","F","F","F","F","F","","haasm001","haasm001","F","F","F","F","F","","","","",0,2,0,0,0,0,0,0,0,24,"BAL","BAL","MIL",1,"F","F",3,0,0,12,3,"T","F",6,6,"T","T","may-l101","harll101","T","T",0,0,0,9,3,23,7,1,21,"","martb001","martb001",0,0,0,0,0,0,0,0,0,0,0,0,0,"","F","F","F","F",0,0,0,4,1,0,0,0,0,0,F,F,"1978BAL.EVA.regular.event.csv",168
"BAL197804161","MIL",3,1,2,0,0,"",0,3,"may-l101","?","may-l101","?","haasm001","?","haasm001","?","martb001","coopc001","sakal001","moned101","molip001","oglib001","thomg001","david101","","singk001","bumba001","S5.3-H;2-3","F","F",10,5,20,"T","T",1,"F","F",0,"F","F",1,"F","F",5,"","F","F","",0,0,"N",0,"N",0,"N",1,0,3,4,"","","","","F","F","F","F","F","F","F","F","F","","haasm001","haasm001","F","F","F","F","F","","","","",0,0,0,0,0,0,0,0,0,25,"BAL","BAL","MIL",1,"F","F",3,0,0,13,4,"T","F",6,5,"T","T","harll101","decid001","T","T",0,0,0,9,3,23,7,1,21,"","martb001","martb001",0,0,0,0,0,0,0,0,0,0,0,0,1,"moned101","F","F","F","F",0,0,0,4,0,0,0,0,0,0,F,F,"1978BAL.EVA.regular.event.csv",169
"BAL197804161","MIL",3,1,2,0,0,"",0,4,"harll101","?","harll101","?","haasm001","?","haasm001","?","martb001","coopc001","sakal001","moned101","molip001","oglib001","thomg001","david101","may-l101","","singk001","43","F","F",8,6,2,"T","T",0,"F","F",1,"F","F",0,"F","F",4,"G","F","F","",0,0,"N",0,"N",0,"N",0,1,0,3,"43","","","","F","F","F","F","F","F","F","F","F","haasm001","","haasm001","F","F","F","F","F","","","","",0,3,0,0,4,0,0,0,0,26,"BAL","BAL","MIL",1,"F","T",4,0,1,14,5,"T","F",5,5,"T","T","decid001","dempr001","T","T",10,5,25,0,0,0,9,3,23,"martb001","","martb001",0,0,0,0,0,0,0,0,0,0,0,0,0,"sakal001","F","F","F","F",0,0,0,0,0,0,0,0,0,0,F,F,"1978BAL.EVA.regular.event.csv",170
"BAL197804161","MIL",4,0,0,0,0,"",0,4,"coopc001","?","coopc001","?","briln101","?","briln101","?","dempr001","murre001","smitb101","decid001","garck001","bumba001","harll101","singk001","","","","HR","T","F",3,3,23,"T","T",4,"F","F",0,"F","F",1,"F","F",0,"","F","F","",0,0,"N",0,"N",0,"N",4,0,0,0,"","","","","F","F","F","F","F","F","F","F","F","","","","F","F","F","F","F","","","","",0,0,0,0,0,0,0,0,0,27,"BAL","MIL","BAL",0,"T","F",0,4,0,11,0,"T","F",0,0,"T","T","hisll101","oglib001","T","T",0,0,0,0,0,0,0,0,0,"","","",0,0,0,0,0,0,0,0,0,0,0,0,1,"","F","F","F","F",4,0,0,0,0,0,0,0,0,0,F,F,"1978BAL.EVA.regular.event.csv",171
"BAL197804161","MIL",4,0,0,0,0,"",1,4,"hisll101","?","hisll101","?","briln101","?","briln101","?","dempr001","murre001","smitb101","decid001","garck001","bumba001","harll101","singk001","","","","6/L","F","F",10,4,2,"T","T",0,"F","F",1,"F","F",0,"F","F",6,"L","F","F","",0,0,"N",0,"N",0,"N",0,0,0,0,"6","","","","F","F","F","F","F","F","F","F","F","","","","F","F","F","F","F","","","","",0,6,0,0,0,0,0,0,0,28,"BAL","MIL","BAL",0,"F","F",1,4,1,12,1,"T","F",0,0,"T","T","oglib001","david101","T","T",0,0,0,0,0,0,0,0,0,"","","",0,0,0,0,0,0,0,0,0,0,0,0,0,"garck001","F","F","F","F",0,0,0,0,0,0,0,0,0,0,F,F,"1978BAL.EVA.regular.event.csv",172
"BAL197804161","MIL",4,0,1,0,0,"",1,4,"oglib001","?","oglib001","?","briln101","?","briln101","?","dempr001","murre001","smitb101","decid001","garck001","bumba001","harll101","singk001","","","","9","F","F",7,5,2,"T","T",0,"F","F",1,"F","F",0,"F","F",9,"F","F","F","",0,0,"N",0,"N",0,"N",0,0,0,0,"9","","","","F","F","F","F","F","F","F","F","F","","","","F","F","F","F","F","","","","",0,9,0,0,0,0,0,0,0,29,"BAL","MIL","BAL",0,"F","F",1,4,1,13,2,"T","F",0,0,"T","T","david101","thomg001","T","T",0,0,0,0,0,0,0,0,0,"","","",0,0,0,0,0,0,0,0,0,0,0,0,0,"singk001","F","F","F","F",0,0,0,0,0,0,0,0,0,0,F,F,"1978BAL.EVA.regular.event.csv",173
"BAL197804161","MIL",4,0,2,0,0,"",1,4,"david101","?","david101","?","briln101","?","briln101","?","dempr001","murre001","smitb101","decid001","garck001","bumba001","harll101","singk001","","","","D7","F","F",9,6,21,"T","T",2,"F","F",0,"F","F",0,"F","F",7,"","F","F","",0,0,"N",0,"N",0,"N",2,0,0,0,"","","","","F","F","F","F","F","F","F","F","F","","","","F","F","F","F","F","","","","",0,0,0,0,0,0,0,0,0,30,"BAL","MIL","BAL",0,"F","F",1,4,1,14,3,"T","F",0,2,"T","T","thomg001","sakal001","T","T",0,0,0,0,0,0,0,0,0,"","","",0,0,0,0,0,0,0,0,0,0,0,0,0,"bumba001","F","F","F","F",0,0,0,0,0,0,0,0,0,0,F,F,"1978BAL.EVA.regular.event.csv",174
"BAL197804161","MIL",4,0,2,0,0,"",1,4,"thomg001","?","thomg001","?","briln101","?","briln101","?","dempr001","murre001","smitb101","decid001","garck001","bumba001","harll101","singk001","","david101","","K/C","F","F",8,7,3,"T","T",0,"F","F",1,"F","F",0,"F","F",0,"","F","F","",0,0,"N",0,"N",0,"N",0,0,2,0,"2","","","","F","F","F","F","F","F","F","F","F","","briln101","","F","F","F","F","F","","","","",0,2,0,0,0,0,0,0,0,31,"BAL","MIL","BAL",0,"F","T",1,4,1,15,4,"T","F",2,2,"T","T","sakal001","martb001","T","T",0,0,0,9,6,30,0,0,0,"","dempr001","",0,0,0,0,0,0,0,0,0,0,0,0,0,"","F","F","F","F",0,0,0,0,0,0,0,0,0,0,F,F,"1978BAL.EVA.regular.event.csv",175
"BAL197804161","MIL",4,1,0,0,0,"",1,4,"decid001","?","decid001","?","haasm001","?","haasm001","?","martb001","coopc001","sakal001","moned101","molip001","oglib001","thomg001","david101","","","","8","T","F",5,7,2,"T","T",0,"F","F",1,"F","F",0,"F","F",8,"F","F","F","",0,0,"N",0,"N",0,"N",0,0,0,0,"8","","","","F","F","F","F","F","F","F","F","F","","","","F","F","F","F","F","","","","",0,8,0,0,0,0,0,0,0,32,"BAL","BAL","MIL",1,"T","F",4,1,0,15,0,"T","F",0,0,"T","T","dempr001","garck001","T","T",0,0,0,0,0,0,0,0,0,"","","",0,0,0,0,0,0,0,0,0,0,0,0,0,"thomg001","F","F","F","F",0,0,0,0,0,0,0,0,0,0,F,F,"1978BAL.EVA.regular.event.csv",176
"BAL197804161","MIL",4,1,1,0,0,"",1,4,"dempr001","?","dempr001","?","haasm001","?","haasm001","?","martb001","coopc001","sakal001","moned101","molip001","oglib001","thomg001","david101","","","","K/C","F","F",2,8,3,"T","T",0,"F","F",1,"F","F",0,"F","F",0,"","F","F","",0,0,"N",0,"N",0,"N",0,0,0,0,"2","","","","F","F","F","F","F","F","F","F","F","","","","F","F","F","F","F","","","","",0,2,0,0,0,0,0,0,0,33,"BAL","BAL","MIL",1,"F","F",4,1,0,16,1,"T","F",0,0,"T","T","garck001","bumba001","T","T",0,0,0,0,0,0,0,0,0,"","","",0,0,0,0,0,0,0,0,0,0,0,0,0,"","F","F","F","F",0,0,0,0,0,0,0,0,0,0,F,F,"1978BAL.EVA.regular.event.csv",177
"BAL197804161","MIL",4,1,2,0,0,"",1,4,"garck001","?","garck001","?","haasm001","?","haasm001","?","martb001","coopc001","sakal001","moned101","molip001","oglib001","thomg001","david101","","","","43","F","F",6,9,2,"T","T",0,"F","F",1,"F","F",0,"F","F",4,"G","F","F","",0,0,"N",0,"N",0,"N",0,0,0,0,"43","","","","F","F","F","F","F","F","F","F","F","","","","F","F","F","F","F","","","","",0,3,0,0,4,0,0,0,0,34,"BAL","BAL","MIL",1,"F","T",4,1,0,17,2,"T","F",0,0,"T","T","bumba001","smitb101","T","T",0,0,0,0,0,0,0,0,0,"","","",0,0,0,0,0,0,0,0,0,0,0,0,0,"sakal001","F","F","F","F",0,0,0,0,0,0,0,0,0,0,F,F,"1978BAL.EVA.regular.event.csv",178
"BAL197804161","MIL",5,0,0,0,0,"",1,4,"sakal001","?","sakal001","?","briln101","?","briln101","?","dempr001","murre001","smitb101","decid001","garck001","bumba001","harll101","singk001","","","","63","T","F",4,8,2,"T","T",0,"F","F",1,"F","F",0,"F","F",6,"G","F","F","",0,0,"N",0,"N",0,"N",0,0,0,0,"63","","","","F","F","F","F","F","F","F","F","F","","","","F","F","F","F","F","","","","",0,3,0,0,6,0,0,0,0,35,"BAL","MIL","BAL",0,"T","F",1,4,0,16,0,"T","F",0,0,"T","T","martb001","molip001","T","T",0,0,0,0,0,0,0,0,0,"","","",0,0,0,0,0,0,0,0,0,0,0,0,0,"garck001","F","F","F","F",0,0,0,0,0,0,0,0,0,0,F,F,"1978BAL.EVA.regular.event.csv",179
"BAL197804161","MIL",5,0,1,0,0,"",1,4,"martb001","?","martb001","?","briln101","?","briln101","?","dempr001","murre001","smitb101","decid001","garck001","bumba001","harll101","singk001","","","","K","F","F",2,9,3,"T","T",0,"F","F",1,"F","F",0,"F","F",0,"","F","F","",0,0,"N",0,"N",0,"N",0,0,0,0,"2","","","","F","F","F","F","F","F","F","F","F","","","","F","F","F","F","F","","","","",0,2,0,0,0,0,0,0,0,36,"BAL","MIL","BAL",0,"F","F",1,4,0,17,1,"T","F",0,0,"T","T","molip001","moned101","T","T",0,0,0,0,0,0,0,0,0,"","","",0,0,0,0,0,0,0,0,0,0,0,0,0,"","F","F","F","F",0,0,0,0,0,0,0,0,0,0,F,F,"1978BAL.EVA.regular.event.csv",180
"BAL197804161","MIL",5,0,2,0,0,"",1,4,"molip001","?","molip001","?","briln101","?","briln101","?","dempr001","murre001","smitb101","decid001","garck001","bumba001","harll101","singk001","","","","K","F","F",6,1,3,"T","T",0,"F","F",1,"F","F",0,"F","F",0,"","F","F","",0,0,"N",0,"N",0,"N",0,0,0,0,"2","","","","F","F","F","F","F","F","F","F","F","","","","F","F","F","F","F","","","","",0,2,0,0,0,0,0,0,0,37,"BAL","MIL","BAL",0,"F","T",1,4,0,18,2,"T","F",0,0,"T","T","moned101","coopc001","T","T",0,0,0,0,0,0,0,0,0,"","","",0,0,0,0,0,0,0,0,0,0,0,0,0,"","F","F","F","F",0,0,0,0,0,0,0,0,0,0,F,F,"1978BAL.EVA.regular.event.csv",181
"BAL197804161","MIL",5,1,0,0,0,"",1,4,"bumba001","?","bumba001","?","haasm001","?","haasm001","?","martb001","coopc001","sakal001","moned101","molip001","oglib001","thomg001","david101","","","","7","T","F",7,1,2,"T","T",0,"F","F",1,"F","F",0,"F","F",7,"F","F","F","",0,0,"N",0,"N",0,"N",0,0,0,0,"7","","","","F","F","F","F","F","F","F","F","F","","","","F","F","F","F","F","","","","",0,7,0,0,0,0,0,0,0,38,"BAL","BAL","MIL",1,"T","F",4,1,0,18,0,"T","F",0,0,"T","T","smitb101","singk001","T","T",0,0,0,0,0,0,0,0,0,"","","",0,0,0,0,0,0,0,0,0,0,0,0,0,"oglib001","F","F","F","F",0,0,0,0,0,0,0,0,0,0,F,F,"1978BAL.EVA.regular.event.csv",182
"BAL197804161","MIL",5,1,1,0,0,"",1,4,"smitb101","?","smitb101","?","haasm001","?","haasm001","?","martb001","coopc001","sakal001","moned101","molip001","oglib001","thomg001","david101","","","","9","F","F",4,2,2,"T","T",0,"F","F",1,"F","F",0,"F","F",9,"F","F","F","",0,0,"N",0,"N",0,"N",0,0,0,0,"9","","","","F","F","F","F","F","F","F","F","F","","","","F","F","F","F","F","","","","",0,9,0,0,0,0,0,0,0,39,"BAL","BAL","MIL",1,"F","F",4,1,0,19,1,"T","F",0,0,"T","T","singk001","murre001","T","T",0,0,0,0,0,0,0,0,0,"","","",0,0,0,0,0,0,0,0,0,0,0,0,0,"david101","F","F","F","F",0,0,0,0,0,0,0,0,0,0,F,F,"1978BAL.EVA.regular.event.csv",183
"BAL197804161","MIL",5,1,2,0,0,"",1,4,"singk001","?","singk001","?","haasm001","?","haasm001","?","martb001","coopc001","sakal001","moned101","molip001","oglib001","thomg001","david101","","","","S7","F","F",9,3,20,"T","T",1,"F","F",0,"F","F",0,"F","F",7,"","F","F","",0,0,"N",0,"N",0,"N",1,0,0,0,"","","","","F","F","F","F","F","F","F","F","F","","","","F","F","F","F","F","","","","",0,0,0,0,0,0,0,0,0,40,"BAL","BAL","MIL",1,"F","F",4,1,0,20,2,"T","F",0,1,"T","T","murre001","may-l101","T","T",0,0,0,0,0,0,0,0,0,"","","",0,0,0,0,0,0,0,0,0,0,0,0,0,"oglib001","F","F","F","F",0,0,0,0,0,0,0,0,0,0,F,F,"1978BAL.EVA.regular.event.csv",184
"BAL197804161","MIL",5,1,2,0,0,"",1,4,"murre001","?","murre001","?","haasm001","?","haasm001","?","martb001","coopc001","sakal001","moned101","molip001","oglib001","thomg001","david101","singk001","","","3","F","F",3,4,2,"T","T",0,"F","F",1,"F","F",0,"F","F",3,"F","F","F","",0,0,"N",0,"N",0,"N",0,1,0,0,"3","","","","F","F","F","F","F","F","F","F","F","haasm001","","","F","F","F","F","F","","","","",0,3,0,0,0,0,0,0,0,41,"BAL","BAL","MIL",1,"F","T",4,1,0,21,3,"T","F",1,1,"T","T","may-l101","harll101","T","T",9,3,40,0,0,0,0,0,0,"martb001","","",0,0,0,0,0,0,0,0,0,0,0,0,0,"coopc001","F","F","F","F",0,0,0,0,0,0,0,0,0,0,F,F,"1978BAL.EVA.regular.event.csv",185
"BAL197804161","MIL",6,0,0,0,0,"",1,4,"moned101","?","moned101","?","briln101","?","briln101","?","dempr001","murre001","smitb101","decid001","garck001","bumba001","harll101","singk001","","","","K/C","T","F",5,2,3,"T","T",0,"F","F",1,"F","F",0,"F","F",0,"","F","F","",0,0,"N",0,"N",0,"N",0,0,0,0,"2","","","","F","F","F","F","F","F","F","F","F","","","","F","F","F","F","F","","","","",0,2,0,0,0,0,0,0,0,42,"BAL","MIL","BAL",0,"T","F",1,4,0,19,0,"T","F",0,0,"T","T","coopc001","hisll101","T","T",0,0,0,0,0,0,0,0,0,"","","",0,0,0,0,0,0,0,0,0,0,0,0,0,"","F","F","F","F",0,0,0,0,0,0,0,0,0,0,F,F,"1978BAL.EVA.regular.event.csv",186
"BAL197804161","MIL",6,0,1,0,0,"",1,4,"coopc001","?","coopc001","?","briln101","?","briln101","?","dempr001","murre001","smitb101","decid001","garck001","bumba001","harll101","singk001","","","","S","F","F",3,3,20,"T","T",1,"F","F",0,"F","F",0,"F","F",0,"","F","F","",0,0,"N",0,"N",0,"N",1,0,0,0,"","","","","F","F","F","F","F","F","F","F","F","","","","F","F","F","F","F","","","","",0,0,0,0,0,0,0,0,0,43,"BAL","MIL","BAL",0,"F","F",1,4,0,20,1,"T","F",0,1,"T","T","hisll101","oglib001","T","T",0,0,0,0,0,0,0,0,0,"","","",0,0,0,0,0,0,0,0,0,0,0,0,0,"","F","F","F","F",0,0,0,0,0,0,0,0,0,0,F,F,"1978BAL.EVA.regular.event.csv",187
"BAL197804161","MIL",6,0,1,0,0,"",1,4,"hisll101","?","hisll101","?","briln101","?","briln101","?","dempr001","murre001","smitb101","decid001","garck001","bumba001","harll101","singk001","coopc001","","","K","F","F",10,4,3,"T","T",0,"F","F",1,"F","F",0,"F","F",0,"","F","F","",0,0,"N",0,"N",0,"N",0,1,0,0,"2","","","","F","F","F","F","F","F","F","F","F","briln101","","","F","F","F","F","F","","","","",0,2,0,0,0,0,0,0,0,44,"BAL","MIL","BAL",0,"F","F",1,4,0,21,2,"T","F",1,1,"T","T","oglib001","david101","T","T",3,3,43,0,0,0,0,0,0,"dempr001","","",0,0,0,0,0,0,0,0,0,0,0,0,0,"","F","F","F","F",0,0,0,0,0,0,0,0,0,0,F,F,"1978BAL.EVA.regular.event.csv",188
"BAL197804161","MIL",6,0,2,0,0,"",1,4,"oglib001","?","oglib001","?","briln101","?","briln101","?","dempr001","murre001","smitb101","decid001","garck001","bumba001","harll101","singk001","coopc001","","","9","F","F",7,5,2,"T","T",0,"F","F",1,"F","F",0,"F","F",9,"F","F","F","",0,0,"N",0,"N",0,"N",0,1,0,0,"9","","","","F","F","F","F","F","F","F","F","F","briln101","","","F","F","F","F","F","","","","",0,9,0,0,0,0,0,0,0,45,"BAL","MIL","BAL",0,"F","T",1,4,0,22,3,"T","F",1,1,"T","T","david101","thomg001","T","T",3,3,43,0,0,0,0,0,0,"dempr001","","",0,0,0,0,0,0,0,0,0,0,0,0,0,"singk001","F","F","F","F",0,0,0,0,0,0,0,0,0,0,F,F,"1978BAL.EVA.regular.event.csv",189
"BAL197804161","MIL",6,1,0,0,0,"",1,4,"may-l101","?","may-l101","?","haasm001","?","haasm001","?","martb001","coopc001","sakal001","moned101","molip001","oglib001","thomg001","david101","","","","HR","T","F",10,5,23,"T","T",4,"F","F",0,"F","F",1,"F","F",0,"","F","F","",0,0,"N",0,"N",0,"N",4,0,0,0,"","","","","F","F","F","F","F","F","F","F","F","","","","F","F","F","F","F","","","","",0,0,0,0,0,0,0,0,0,46,"BAL","BAL","MIL",1,"T","F",4,1,0,22,0,"T","F",0,0,"T","T","harll101","decid001","T","T",0,0,0,0,0,0,0,0,0,"","","",0,0,0,0,0,0,0,0,0,0,0,0,1,"","F","F","F","F",4,0,0,0,2,0,0,0,0,0,F,F,"1978BAL.EVA.regular.event.csv",190
"BAL197804161","MIL",6,1,0,0,0,"",1,5,"harll101","?","harll101","?","haasm001","?","haasm001","?","martb001","coopc001","sakal001","moned101","molip001","oglib001","thomg001","david101","","","","HR","F","F",8,6,23,"T","T",4,"F","F",0,"F","F",1,"F","F",0,"","F","F","",0,0,"N",0,"N",0,"N",4,0,0,0,"","","","","F","F","F","F","F","F","F","F","F","","","","F","F","F","F","F","","","","",0,0,0,0,0,0,0,0,0,47,"BAL","BAL","MIL",1,"F","F",5,1,1,23,1,"T","F",0,0,"T","T","decid001","dempr001","T","T",0,0,0,0,0,0,0,0,0,"","","",0,0,0,0,0,0,0,0,0,0,0,0,1,"","F","F","F","F",4,0,0,0,1,0,0,0,0,0,F,F,"1978BAL.EVA.regular.event.csv",191
"BAL197804161","MIL",6,1,0,0,0,"",1,6,"decid001","?","decid001","?","haasm001","?","haasm001","?","martb001","coopc001","sakal001","moned101","molip001","oglib001","thomg001","david101","","","","7","F","F",5,7,2,"T","T",0,"F","F",1,"F","F",0,"F","F",7,"F","F","F","",0,0,"N",0,"N",0,"N",0,0,0,0,"7","","","","F","F","F","F","F","F","F","F","F","","","","F","F","F","F","F","","","","",0,7,0,0,0,0,0,0,0,48,"BAL","BAL","MIL",1,"F","F",6,1,2,24,2,"T","F",0,0,"T","T","dempr001","garck001","T","T",0,0,0,0,0,0,0,0,0,"","","",0,0,0,0,0,0,0,0,0,0,0,0,0,"oglib001","F","F","F","F",0,0,0,0,1,0,0,0,0,0,F,F,"1978BAL.EVA.regular.event.csv",192
"BAL197804161","MIL",6,1,1,0,0,"",1,6,"dempr001","?","dempr001","?","haasm001","?","haasm001","?","martb001","coopc001","sakal001","moned101","molip001","oglib001","thomg001","david101","","","","S8","F","F",2,8,20,"T","T",1,"F","F",0,"F","F",0,"F","F",8,"","F","F","",0,0,"N",0,"N",0,"N",1,0,0,0,"","","","","F","F","F","F","F","F","F","F","F","","","","F","F","F","F","F","","","","",0,0,0,0,0,0,0,0,0,49,"BAL","BAL","MIL",1,"F","F",6,1,2,25,3,"T","F",0,1,"T","T","garck001","bumba001","T","T",0,0,0,0,0,0,0,0,0,"","","",0,0,0,0,0,0,0,0,0,0,0,0,0,"thomg001","F","F","F","F",5,0,0,0,1,0,0,0,0,0,F,F,"1978BAL.EVA.regular.event.csv",193
"BAL197804161","MIL",6,1,1,0,0,"",1,6,"garck001","?","garck001","?","castb101","?","castb101","?","martb001","coopc001","sakal001","moned101","molip001","oglib001","thomg001","david101","dempr001","","","S7.1-2","F","F",6,9,20,"T","T",1,"F","F",0,"F","F",0,"F","F",7,"","F","F","",0,0,"N",0,"N",0,"N",1,2,0,0,"","","","","F","F","F","F","F","F","F","F","F","haasm001","","","F","F","F","F","F","","","","",0,0,0,0,0,0,0,0,0,50,"BAL","BAL","MIL",1,"F","F",6,1,2,26,4,"T","F",1,3,"T","T","bumba001","smitb101","F","F",2,8,49,0,0,0,0,0,0,"martb001","","",0,0,0,0,0,0,0,0,0,0,0,0,0,"oglib001","F","F","F","F",0,5,0,0,1,0,0,0,0,0,F,F,"1978BAL.EVA.regular.event.csv",194
"BAL197804161","MIL",6,1,1,0,0,"",1,6,"bumba001","?","bumba001","?","castb101","?","castb101","?","martb001","coopc001","sakal001","moned101","molip001","oglib001","thomg001","david101","garck001","dempr001","","6(1)/FO.2-H(E6/TH1)(UR);B-2","F","F",7,1,2,"T","T",0,"F","F",1,"F","F",0,"F","F",6,"G","F","F","",1,6,"T",0,"N",0,"N",2,0,5,0,"","6","","","F","F","F","F","F","F","F","F","F","castb101","haasm001","","F","F","F","F","F","","","","",0,6,0,0,0,0,0,0,0,51,"BAL","BAL","MIL",1,"F","F",6,1,2,27,5,"T","F",3,2,"T","T","smitb101","singk001","F","F",6,9,50,2,8,49,0,0,0,"martb001","martb001","",0,0,0,0,0,0,0,0,0,0,0,0,1,"molip001","T","F","F","F",0,0,5,0,0,0,0,0,0,0,F,F,"1978BAL.EVA.regular.event.csv",195
"BAL197804161","MIL",6,1,2,0,0,"",1,7,"smitb101","?","smitb101","?","castb101","?","castb101","?","martb001","coopc001","sakal001","moned101","molip001","oglib001","thomg001","david101","","bumba001","","13","F","F",4,2,2,"T","T",0,"F","F",1,"F","F",0,"F","F",1,"G","F","F","",0,0,"N",0,"N",0,"N",0,0,2,0,"13","","","","F","F","F","F","F","F","F","F","F","","castb101","","F","F","F","F","F","","","","",0,3,0,0,1,0,0,0,0,52,"BAL","BAL","MIL",1,"F","T",7,1,3,28,6,"T","F",2,2,"T","T","singk001","murre001","F","F",0,0,0,7,1,51,0,0,0,"","martb001","",0,0,0,0,0,0,0,0,0,0,0,0,0,"castb101","F","F","F","F",0,0,0,0,0,0,0,0,0,0,F,F,"1978BAL.EVA.regular.event.csv",196
"BAL197804161","MIL",7,0,0,0,0,"",1,7,"david101","?","david101","?","briln101","?","briln101","?","dempr001","murre001","smitb101","decid001","garck001","bumba001","harll101","singk001","","","","HP","T","F",9,6,16,"T","F",0,"F","F",0,"F","F",0,"F","F",0,"","F","F","",0,0,"N",0,"N",0,"N",1,0,0,0,"","","","","F","F","F","F","F","F","F","F","F","","","","F","F","F","F","F","","","","",0,0,0,0,0,0,0,0,0,53,"BAL","MIL","BAL",0,"T","F",1,7,0,23,0,"T","F",0,1,"T","T","thomg001","sakal001","T","T",0,0,0,0,0,0,0,0,0,"","","",0,0,0,0,0,0,0,0,0,0,0,0,0,"","F","F","F","F",1,0,0,0,0,0,0,0,0,0,F,F,"1978BAL.EVA.regular.event.csv",197
"BAL197804161","MIL",7,0,0,0,0,"",1,7,"thomg001","?","thomg001","?","briln101","?","briln101","?","dempr001","murre001","smitb101","decid001","garck001","bumba001","harll101","singk001","david101","","","K","F","F",8,7,3,"T","T",0,"F","F",1,"F","F",0,"F","F",0,"","F","F","",0,0,"N",0,"N",0,"N",0,1,0,0,"2","","","","F","F","F","F","F","F","F","F","F","briln101","","","F","F","F","F","F","","","","",0,2,0,0,0,0,0,0,0,54,"BAL","MIL","BAL",0,"F","F",1,7,0,24,1,"T","F",1,1,"T","T","sakal001","martb001","T","T",9,6,53,0,0,0,0,0,0,"dempr001","","",0,0,0,0,0,0,0,0,0,0,0,0,0,"","F","F","F","F",0,1,0,0,0,0,0,0,0,0,F,F,"1978BAL.EVA.regular.event.csv",198
"BAL197804161","MIL",7,0,1,0,0,"",1,7,"sakal001","?","sakal001","?","briln101","?","briln101","?","dempr001","murre001","smitb101","decid001","garck001","bumba001","harll101","singk001","david101","","","K/C","F","F",4,8,3,"T","T",0,"F","F",1,"F","F",0,"F","F",0,"","F","F","",0,0,"N",0,"N",0,"N",0,1,0,0,"2","","","","F","F","F","F","F","F","F","F","F","briln101","","","F","F","F","F","F","","","","",0,2,0,0,0,0,0,0,0,55,"BAL","MIL","BAL",0,"F","F",1,7,0,25,2,"T","F",1,1,"T","T","martb001","molip001","T","T",9,6,53,0,0,0,0,0,0,"dempr001","","",0,0,0,0,0,0,0,0,0,0,0,0,0,"","F","F","F","F",0,1,0,0,0,0,0,0,0,0,F,F,"1978BAL.EVA.regular.event.csv",199
"BAL197804161","MIL",7,0,2,0,0,"",1,7,"bands101","?","bands101","?","briln101","?","briln101","?","dempr001","murre001","smitb101","decid001","garck001","bumba001","harll101","singk001","david101","","","7","F","T",11,9,2,"T","T",0,"F","F",1,"F","F",0,"F","F",7,"F","F","F","",0,0,"N",0,"N",0,"N",0,1,0,0,"7","","","","F","F","F","F","F","F","F","F","F","briln101","","","F","F","F","F","F","","","","martb001",2,7,0,0,0,0,0,0,0,56,"BAL","MIL","BAL",0,"F","T",1,7,0,26,3,"T","F",1,1,"F","F","molip001","moned101","T","T",9,6,53,0,0,0,0,0,0,"dempr001","","",0,0,0,0,0,0,0,0,0,0,0,0,0,"bumba001","F","F","F","F",0,1,0,0,0,0,0,0,0,0,F,F,"1978BAL.EVA.regular.event.csv",200
"BAL197804161","MIL",7,1,0,0,0,"",1,7,"singk001","?","singk001","?","castb101","?","castb101","?","etcha101","coopc001","sakal001","moned101","molip001","oglib001","thomg001","david101","","","","2/G","T","F",9,3,2,"T","T",0,"F","F",1,"F","F",0,"F","F",2,"G","F","F","",0,0,"N",0,"N",0,"N",0,0,0,0,"2","","","","F","F","F","F","F","F","F","F","F","","","","F","F","F","F","F","","","","",0,2,0,0,0,0,0,0,0,57,"BAL","BAL","MIL",1,"T","F",7,1,0,29,0,"T","F",0,0,"T","T","murre001","may-l101","F","F",0,0,0,0,0,0,0,0,0,"","","",0,0,0,0,0,0,0,0,0,0,0,0,0,"etcha101","F","F","F","F",0,0,0,0,0,0,0,0,0,0,F,F,"1978BAL.EVA.regular.event.csv",201
"BAL197804161","MIL",7,1,1,0,0,"",1,7,"murre001","?","murre001","?","castb101","?","castb101","?","etcha101","coopc001","sakal001","moned101","molip001","oglib001","thomg001","david101","","","","2/G","F","F",3,4,2,"T","T",0,"F","F",1,"F","F",0,"F","F",2,"G","F","F","",0,0,"N",0,"N",0,"N",0,0,0,0,"2","","","","F","F","F","F","F","F","F","F","F","","","","F","F","F","F","F","","","","",0,2,0,0,0,0,0,0,0,58,"BAL","BAL","MIL",1,"F","F",7,1,0,30,1,"T","F",0,0,"T","T","may-l101","harll101","F","F",0,0,0,0,0,0,0,0,0,"","","",0,0,0,0,0,0,0,0,0,0,0,0,0,"etcha101","F","F","F","F",0,0,0,0,0,0,0,0,0,0,F,F,"1978BAL.EVA.regular.event.csv",202
"BAL197804161","MIL",7,1,2,0,0,"",1,7,"may-l101","?","may-l101","?","castb101","?","castb101","?","etcha101","coopc001","sakal001","moned101","molip001","oglib001","thomg001","david101","","","","9","F","F",10,5,2,"T","T",0,"F","F",1,"F","F",0,"F","F",9,"F","F","F","",0,0,"N",0,"N",0,"N",0,0,0,0,"9","","","","F","F","F","F","F","F","F","F","F","","","","F","F","F","F","F","","","","",0,9,0,0,0,0,0,0,0,59,"BAL","BAL","MIL",1,"F","T",7,1,0,31,2,"T","F",0,0,"T","T","harll101","decid001","F","F",0,0,0,0,0,0,0,0,0,"","","",0,0,0,0,0,0,0,0,0,0,0,0,0,"david101","F","F","F","F",0,0,0,0,0,0,0,0,0,0,F,F,"1978BAL.EVA.regular.event.csv",203
"BAL197804161","MIL",8,0,0,0,0,"",1,7,"molip001","?","molip001","?","stodt001","?","stodt001","?","dempr001","murre001","smitb101","decid001","garck001","bumba001","harll101","lopec101","","","","13","T","F",6,1,2,"T","T",0,"F","F",1,"F","F",0,"F","F",1,"G","F","F","",0,0,"N",0,"N",0,"N",0,0,0,0,"13","","","","F","F","F","F","F","F","F","F","F","","","","F","F","F","F","F","","","","",0,3,0,0,1,0,0,0,0,60,"BAL","MIL","BAL",0,"T","F",1,7,0,27,0,"T","F",0,0,"T","T","moned101","coopc001","F","F",0,0,0,0,0,0,0,0,0,"","","",0,0,0,0,0,0,0,0,0,0,0,0,0,"stodt001","F","F","F","F",0,0,0,0,0,0,0,0,0,0,F,F,"1978BAL.EVA.regular.event.csv",204
"BAL197804161","MIL",8,0,1,0,0,"",1,7,"moned101","?","moned101","?","stodt001","?","stodt001","?","dempr001","murre001","smitb101","decid001","garck001","bumba001","harll101","lopec101","","","","K","F","F",5,2,3,"T","T",0,"F","F",1,"F","F",0,"F","F",0,"","F","F","",0,0,"N",0,"N",0,"N",0,0,0,0,"2","","","","F","F","F","F","F","F","F","F","F","","","","F","F","F","F","F","","","","",0,2,0,0,0,0,0,0,0,61,"BAL","MIL","BAL",0,"F","F",1,7,0,28,1,"T","F",0,0,"T","T","coopc001","hisll101","F","F",0,0,0,0,0,0,0,0,0,"","","",0,0,0,0,0,0,0,0,0,0,0,0,0,"","F","F","F","F",0,0,0,0,0,0,0,0,0,0,F,F,"1978BAL.EVA.regular.event.csv",205
"BAL197804161","MIL",8,0,2,0,0,"",1,7,"coopc001","?","coopc001","?","stodt001","?","stodt001","?","dempr001","murre001","smitb101","decid001","garck001","bumba001","harll101","lopec101","","","","8","F","F",3,3,2,"T","T",0,"F","F",1,"F","F",0,"F","F",8,"F","F","F","",0,0,"N",0,"N",0,"N",0,0,0,0,"8","","","","F","F","F","F","F","F","F","F","F","","","","F","F","F","F","F","","","","",0,8,0,0,0,0,0,0,0,62,"BAL","MIL","BAL",0,"F","T",1,7,0,29,2,"T","F",0,0,"T","T","hisll101","oglib001","F","F",0,0,0,0,0,0,0,0,0,"","","",0,0,0,0,0,0,0,0,0,0,0,0,0,"harll101","F","F","F","F",0,0,0,0,0,0,0,0,0,0,F,F,"1978BAL.EVA.regular.event.csv",206
"BAL197804161","MIL",8,1,0,0,0,"",1,7,"harll101","?","harll101","?","castb101","?","castb101","?","etcha101","coopc001","sakal001","moned101","molip001","oglib001","thomg001","david101","","","","53","T","F",8,6,2,"T","T",0,"F","F",1,"F","F",0,"F","F",5,"G","F","F","",0,0,"N",0,"N",0,"N",0,0,0,0,"53","","","","F","F","F","F","F","F","F","F","F","","","","F","F","F","F","F","","","","",0,3,0,0,5,0,0,0,0,63,"BAL","BAL","MIL",1,"T","F",7,1,0,32,0,"T","F",0,0,"T","T","decid001","dempr001","F","F",0,0,0,0,0,0,0,0,0,"","","",0,0,0,0,0,0,0,0,0,0,0,0,0,"moned101","F","F","F","F",0,0,0,0,0,0,0,0,0,0,F,F,"1978BAL.EVA.regular.event.csv",207
"BAL197804161","MIL",8,1,1,0,0,"",1,7,"decid001","?","decid001","?","castb101","?","castb101","?","etcha101","coopc001","sakal001","moned101","molip001","oglib001","thomg001","david101","","","","S8","F","F",5,7,20,"T","T",1,"F","F",0,"F","F",0,"F","F",8,"","F","F","",0,0,"N",0,"N",0,"N",1,0,0,0,"","","","","F","F","F","F","F","F","F","F","F","","","","F","F","F","F","F","","","","",0,0,0,0,0,0,0,0,0,64,"BAL","BAL","MIL",1,"F","F",7,1,0,33,1,"T","F",0,1,"T","T","dempr001","garck001","F","F",0,0,0,0,0,0,0,0,0,"","","",0,0,0,0,0,0,0,0,0,0,0,0,0,"thomg001","F","F","F","F",0,0,0,0,0,0,0,0,0,0,F,F,"1978BAL.EVA.regular.event.csv",208
"BAL197804161","MIL",8,1,1,0,0,"",1,7,"dempr001","?","dempr001","?","castb101","?","castb101","?","etcha101","coopc001","sakal001","moned101","molip001","oglib001","thomg001","david101","decid001","","","D9.1-3","F","F",2,8,21,"T","T",2,"F","F",0,"F","F",0,"F","F",9,"","F","F","",0,0,"N",0,"N",0,"N",2,3,0,0,"","","","","F","F","F","F","F","F","F","F","F","castb101","","","F","F","F","F","F","","","","",0,0,0,0,0,0,0,0,0,65,"BAL","BAL","MIL",1,"F","F",7,1,0,34,2,"T","F",1,6,"T","T","garck001","bumba001","F","F",5,7,64,0,0,0,0,0,0,"etcha101","","",0,0,0,0,0,0,0,0,0,0,0,0,0,"david101","F","F","F","F",0,0,0,0,0,0,0,0,0,0,F,F,"1978BAL.EVA.regular.event.csv",209
"BAL197804161","MIL",8,1,1,0,0,"",1,7,"garck001","?","garck001","?","castb101","?","castb101","?","etcha101","coopc001","sakal001","moned101","molip001","oglib001","thomg001","david101","","dempr001","decid001","W","F","F",6,9,14,"T","F",0,"F","F",0,"F","F",0,"F","F",0,"","F","F","",0,0,"N",0,"N",0,"N",1,0,2,3,"","","","","F","F","F","F","F","F","F","F","F","","castb101","castb101","F","F","F","F","F","","","","",0,0,0,0,0,0,0,0,0,66,"BAL","BAL","MIL",1,"F","F",7,1,0,35,3,"T","F",6,7,"T","T","bumba001","smitb101","F","F",0,0,0,2,8,65,5,7,64,"","etcha101","etcha101",0,0,0,0,0,0,0,0,0,0,0,0,0,"","F","F","F","F",0,0,0,0,0,0,0,0,0,0,F,F,"1978BAL.EVA.regular.event.csv",210
"BAL197804161","MIL",8,1,1,0,0,"",1,7,"bumba001","?","bumba001","?","castb101","?","castb101","?","etcha101","coopc001","sakal001","moned101","molip001","oglib001","thomg001","david101","garck001","dempr001","decid001","64(1)3/GDP","F","F",7,1,2,"T","T",0,"F","F",2,"T","F",0,"F","F",6,"G","F","F","",0,0,"N",0,"N",0,"N",0,0,2,3,"43","64","","","F","F","F","F","F","F","F","F","F","castb101","castb101","castb101","F","F","F","F","F","","","","",0,4,3,0,6,4,0,0,0,67,"BAL","BAL","MIL",1,"F","T",7,1,0,36,4,"T","F",7,6,"T","T","smitb101","lopec101","F","F",6,9,66,2,8,65,5,7,64,"etcha101","etcha101","etcha101",0,0,0,0,0,0,0,0,0,0,0,0,0,"molip001","T","F","F","F",0,0,0,0,0,0,0,0,0,0,F,F,"1978BAL.EVA.regular.event.csv",211
"BAL197804161","MIL",9,0,0,0,0,"",1,7,"hisll101","?","hisll101","?","stodt001","?","stodt001","?","dempr001","murre001","smitb101","decid001","garck001","bumba001","harll101","lopec101","","","","53","T","F",10,4,2,"T","T",0,"F","F",1,"F","F",0,"F","F",5,"G","F","F","",0,0,"N",0,"N",0,"N",0,0,0,0,"53","","","","F","F","F","F","F","F","F","F","F","","","","F","F","F","F","F","","","","",0,3,0,0,5,0,0,0,0,68,"BAL","MIL","BAL",0,"T","F",1,7,0,30,0,"T","F",0,0,"T","T","oglib001","david101","F","F",0,0,0,0,0,0,0,0,0,"","","",0,0,0,0,0,0,0,0,0,0,0,0,0,"decid001","F","F","F","F",0,0,0,0,4,0,0,0,0,0,F,F,"1978BAL.EVA.regular.event.csv",212
"BAL197804161","MIL",9,0,1,0,0,"",1,7,"oglib001","?","oglib001","?","stodt001","?","stodt001","?","dempr001","murre001","smitb101","decid001","garck001","bumba001","harll101","lopec101","","","","S8","F","F",7,5,20,"T","T",1,"F","F",0,"F","F",0,"F","F",8,"","F","F","",0,0,"N",0,"N",0,"N",1,0,0,0,"","","","","F","F","F","F","F","F","F","F","F","","","","F","F","F","F","F","","","","",0,0,0,0,0,0,0,0,0,69,"BAL","MIL","BAL",0,"F","F",1,7,0,31,1,"T","F",0,1,"T","T","david101","thomg001","F","F",0,0,0,0,0,0,0,0,0,"","","",0,0,0,0,0,0,0,0,0,0,0,0,0,"harll101","F","F","F","F",4,0,0,0,4,0,0,0,0,0,F,F,"1978BAL.EVA.regular.event.csv",213
"BAL197804161","MIL",9,0,1,0,0,"",1,7,"david101","?","david101","?","stodt001","?","stodt001","?","dempr001","murre001","smitb101","decid001","garck001","bumba001","harll101","lopec101","oglib001","","","S7.1-3","F","F",9,6,20,"T","T",1,"F","F",0,"F","F",0,"F","F",7,"","F","F","",0,0,"N",0,"N",0,"N",1,3,0,0,"","","","","F","F","F","F","F","F","F","F","F","stodt001","","","F","F","F","F","F","","","","",0,0,0,0,0,0,0,0,0,70,"BAL","MIL","BAL",0,"F","F",1,7,0,32,2,"T","F",1,5,"T","T","thomg001","sakal001","F","F",7,5,69,0,0,0,0,0,0,"dempr001","","",0,0,0,0,0,0,0,0,0,0,0,0,0,"bumba001","F","F","F","F",4,4,0,0,4,0,0,0,0,0,F,F,"1978BAL.EVA.regular.event.csv",214
"BAL197804161","MIL",9,0,1,0,0,"",1,7,"thomg001","?","thomg001","?","stodt001","?","stodt001","?","dempr001","murre001","smitb101","decid001","garck001","bumba001","harll101","lopec101","david101","","oglib001","S7.3-H;1-2","F","F",8,7,20,"T","T",1,"F","F",0,"F","F",1,"F","F",7,"","F","F","",0,0,"N",0,"N",0,"N",1,2,0,4,"","","","","F","F","F","F","F","F","F","F","F","stodt001","","stodt001","F","F","F","F","F","","","","",0,0,0,0,0,0,0,0,0,71,"BAL","MIL","BAL",0,"F","F",1,7,0,33,3,"T","F",5,3,"T","T","sakal001","etcha101","F","F",9,6,70,0,0,0,7,5,69,"dempr001","","dempr001",0,0,0,0,0,0,0,0,0,0,0,0,1,"bumba001","F","F","F","F",5,4,0,4,3,0,0,0,0,0,F,F,"1978BAL.EVA.regular.event.csv",215
"BAL197804161","MIL",9,0,1,0,0,"",2,7,"sakal001","?","sakal001","?","stodt001","?","stodt001","?","dempr001","murre001","smitb101","decid001","garck001","bumba001","harll101","lopec101","thomg001","david101","","E3.2-H(NR);1-2","F","F",4,8,18,"T","T",0,"F","F",0,"F","F",0,"F","F",3,"G","F","F","",1,3,"F",0,"N",0,"N",1,2,4,0,"","","","","F","F","F","F","F","F","F","F","F","stodt001","stodt001","","F","F","F","F","F","","","","",0,0,0,0,0,0,0,0,0,72,"BAL","MIL","BAL",0,"F","F",2,7,1,34,4,"T","F",3,3,"T","T","etcha101","molip001","F","F",8,7,71,9,6,70,0,0,0,"dempr001","dempr001","",0,0,0,0,0,0,0,0,0,0,0,0,1,"murre001","F","F","F","T",5,5,4,0,2,0,0,0,0,0,F,F,"1978BAL.EVA.regular.event.csv",216
"BAL197804161","MIL",9,0,1,0,0,"",3,7,"lezcs001","?","lezcs001","?","stodt001","?","stodt001","?","dempr001","murre001","smitb101","decid001","garck001","bumba001","harll101","lopec101","sakal001","thomg001","","S9.2-3;1-2","F","T",11,9,20,"T","T",1,"F","F",0,"F","F",0,"F","F",9,"","F","F","",0,0,"N",0,"N",0,"N",1,2,3,0,"","","","","F","F","F","F","F","F","F","F","F","stodt001","stodt001","","F","F","F","F","F","","","","etcha101",2,0,0,0,0,0,0,0,0,73,"BAL","MIL","BAL",0,"F","F",3,7,2,35,5,"T","F",3,7,"F","F","molip001","moned101","F","F",4,8,72,8,7,71,0,0,0,"dempr001","dempr001","",0,0,0,0,0,0,0,0,0,0,0,0,0,"lopec101","F","F","F","F",3,5,5,0,2,0,0,0,0,0,F,F,"1978BAL.EVA.regular.event.csv",217
"BAL197804161","MIL",9,0,1,0,0,"",3,7,"molip001","?","molip001","?","stand101","?","stand101","?","dempr001","murre001","smitb101","decid001","garck001","bumba001","harll101","lopec101","lezcs001","sakal001","thomg001","S9.3-H(UR);2-3;1-2","F","F",6,1,20,"T","T",1,"F","F",0,"F","F",1,"F","F",9,"","F","F","",0,0,"N",0,"N",0,"N",1,2,3,5,"","","","","F","F","F","F","F","F","F","F","F","stodt001","stodt001","stodt001","F","F","F","F","F","","","","",0,0,0,0,0,0,0,0,0,74,"BAL","MIL","BAL",0,"F","F",3,7,2,36,6,"T","F",7,7,"T","T","moned101","coopc001","F","F",0,9,73,4,8,72,8,7,71,"dempr001","dempr001","dempr001",0,0,0,0,0,0,0,0,0,0,0,0,1,"lopec101","F","F","F","F",2,3,5,5,1,0,0,0,0,0,F,F,"1978BAL.EVA.regular.event.csv",218
"BAL197804161","MIL",9,0,1,0,0,"",4,7,"moned101","?","moned101","?","stand101","?","stand101","?","dempr001","murre001","smitb101","decid001","garck001","bumba001","harll101","lopec101","molip001","lezcs001","sakal001","7/SF.3-H(UR)","F","F",5,2,2,"T","F",0,"F","T",1,"F","F",1,"F","F",7,"F","F","F","",0,0,"N",0,"N",0,"N",0,1,2,5,"7","","","","F","F","F","F","F","F","F","F","F","stand101","stodt001","stodt001","F","F","F","F","F","","","","",0,7,0,0,0,0,0,0,0,75,"BAL","MIL","BAL",0,"F","F",4,7,3,37,7,"T","F",7,3,"T","T","coopc001","hisll101","F","F",6,1,74,0,9,73,4,8,72,"dempr001","dempr001","dempr001",0,0,0,0,0,0,0,0,0,0,0,0,1,"bumba001","F","F","F","F",0,2,3,5,0,0,0,0,0,0,F,F,"1978BAL.EVA.regular.event.csv",219
"BAL197804161","MIL",9,0,2,0,0,"",5,7,"coopc001","?","coopc001","?","stand101","?","stand101","?","dempr001","murre001","smitb101","decid001","garck001","bumba001","harll101","lopec101","molip001","lezcs001","","W.2-3;1-2","F","F",3,3,14,"T","F",0,"F","F",0,"F","F",0,"F","F",0,"","F","F","",0,0,"N",0,"N",0,"N",1,2,3,0,"","","","","F","F","F","F","F","F","F","F","F","stand101","stodt001","","F","F","F","F","F","","","","",0,0,0,0,0,0,0,0,0,76,"BAL","MIL","BAL",0,"F","F",5,7,4,38,8,"T","F",3,7,"T","T","hisll101","oglib001","F","F",6,1,74,0,9,73,0,0,0,"dempr001","dempr001","",0,0,0,0,0,0,0,0,0,0,0,0,0,"","F","F","F","F",1,2,3,0,0,0,0,0,0,0,F,F,"1978BAL.EVA.regular.event.csv",220
"BAL197804161","MIL",9,0,2,0,0,"",5,7,"hisll101","?","hisll101","?","stand101","?","stand101","?","dempr001","murre001","smitb101","decid001","garck001","bumba001","harll101","lopec101","coopc001","molip001","lezcs001","K","F","F",10,4,3,"T","T",0,"F","F",1,"F","F",0,"F","F",0,"","F","F","",0,0,"N",0,"N",0,"N",0,1,2,3,"2","","","","F","F","F","F","F","F","F","F","F","stand101","stand101","stodt001","F","T","F","F","F","","","","",0,2,0,0,0,0,0,0,0,77,"BAL","MIL","BAL",0,"F","T",5,7,4,39,9,"T","F",7,7,"T","T","oglib001","david101","F","F",3,3,76,6,1,74,0,9,73,"dempr001","dempr001","dempr001",0,0,0,0,0,0,0,0,0,0,0,0,0,"","F","F","F","F",0,1,2,3,0,0,0,0,0,0,F,F,"1978BAL.EVA.regular.event.csv",221
"BAL197804162","MIL",1,0,0,0,0,"",0,0,"wohlj001","?","wohlj001","?","mcgrs001","?","mcgrs001","?","skagd101","murre001","dauer001","decid001","belam101","kellp101","bumba001","harll101","","","","63","T","F",9,1,2,"T","T",0,"F","F",1,"F","F",0,"F","F",6,"G","F","F","",0,0,"N",0,"N",0,"N",0,0,0,0,"63","","","","F","F","F","F","F","F","F","F","F","","","","T","F","F","F","F","","","","",0,3,0,0,6,0,0,0,0,1,"BAL","MIL","BAL",0,"T","F",0,0,0,0,0,"T","F",0,0,"T","T","moned101","bands101","T","T",0,0,0,0,0,0,0,0,0,"","","",0,0,0,0,0,0,0,0,0,0,0,0,0,"belam101","F","F","F","F",0,0,0,0,0,0,0,0,0,0,F,F,"1978BAL.EVA.regular.event.csv",222
"BAL197804162","MIL",1,0,1,0,0,"",0,0,"moned101","?","moned101","?","mcgrs001","?","mcgrs001","?","skagd101","murre001","dauer001","decid001","belam101","kellp101","bumba001","harll101","","","","8","F","F",6,2,2,"T","T",0,"F","F",1,"F","F",0,"F","F",8,"F","F","F","",0,0,"N",0,"N",0,"N",0,0,0,0,"8","","","","F","F","F","F","F","F","F","F","F","","","","F","F","F","F","F","","","","",0,8,0,0,0,0,0,0,0,2,"BAL","MIL","BAL",0,"F","F",0,0,0,1,1,"T","F",0,0,"T","T","bands101","hisll101","T","T",0,0,0,0,0,0,0,0,0,"","","",0,0,0,0,0,0,0,0,0,0,0,0,0,"bumba001","F","F","F","F",0,0,0,0,0,0,0,0,0,0,F,F,"1978BAL.EVA.regular.event.csv",223
"BAL197804162","MIL",1,0,2,0,0,"",0,0,"bands101","?","bands101","?","mcgrs001","?","mcgrs001","?","skagd101","murre001","dauer001","decid001","belam101","kellp101","bumba001","harll101","","","","53","F","F",5,3,2,"T","T",0,"F","F",1,"F","F",0,"F","F",5,"G","F","F","",0,0,"N",0,"N",0,"N",0,0,0,0,"53","","","","F","F","F","F","F","F","F","F","F","","","","F","F","F","F","F","","","","",0,3,0,0,5,0,0,0,0,3,"BAL","MIL","BAL",0,"F","T",0,0,0,2,2,"T","F",0,0,"T","T","hisll101","david101","T","T",0,0,0,0,0,0,0,0,0,"","","",0,0,0,0,0,0,0,0,0,0,0,0,0,"decid001","F","F","F","F",0,0,0,0,0,0,0,0,0,0,F,F,"1978BAL.EVA.regular.event.csv",224
"BAL197804162","MIL",1,1,0,0,0,"",0,0,"bumba001","?","bumba001","?","repla101","?","repla101","?","moorc001","coopc001","sakal001","bands101","moned101","hisll101","thomg001","wohlj001","","","","3/L","T","F",8,1,2,"T","T",0,"F","F",1,"F","F",0,"F","F",3,"L","F","F","",0,0,"N",0,"N",0,"N",0,0,0,0,"3","","","","F","F","F","F","F","F","F","F","F","","","","F","F","F","F","F","","","","",0,3,0,0,0,0,0,0,0,4,"BAL","BAL","MIL",1,"T","F",0,0,0,0,0,"T","F",0,0,"T","T","belam101","kellp101","T","T",0,0,0,0,0,0,0,0,0,"","","",0,0,0,0,0,0,0,0,0,0,0,0,0,"coopc001","F","F","F","F",0,0,0,0,0,0,0,0,0,0,F,F,"1978BAL.EVA.regular.event.csv",225
"BAL197804162","MIL",1,1,1,0,0,"",0,0,"belam101","?","belam101","?","repla101","?","repla101","?","moorc001","coopc001","sakal001","bands101","moned101","hisll101","thomg001","wohlj001","","","","53","F","F",6,2,2,"T","T",0,"F","F",1,"F","F",0,"F","F",5,"G","F","F","",0,0,"N",0,"N",0,"N",0,0,0,0,"53","","","","F","F","F","F","F","F","F","F","F","","","","F","F","F","F","F","","","","",0,3,0,0,5,0,0,0,0,5,"BAL","BAL","MIL",1,"F","F",0,0,0,1,1,"T","F",0,0,"T","T","kellp101","murre001","T","T",0,0,0,0,0,0,0,0,0,"","","",0,0,0,0,0,0,0,0,0,0,0,0,0,"bands101","F","F","F","F",0,0,0,0,0,0,0,0,0,0,F,F,"1978BAL.EVA.regular.event.csv",226
"BAL197804162","MIL",1,1,2,0,0,"",0,0,"kellp101","?","kellp101","?","repla101","?","repla101","?","moorc001","coopc001","sakal001","bands101","moned101","hisll101","thomg001","wohlj001","","","","S9/G","F","F",7,3,20,"T","T",1,"F","F",0,"F","F",0,"F","F",9,"G","F","F","",0,0,"N",0,"N",0,"N",1,0,0,0,"","","","","F","F","F","F","F","F","F","F","F","","","","F","F","F","F","F","","","","",0,0,0,0,0,0,0,0,0,6,"BAL","BAL","MIL",1,"F","F",0,0,0,2,2,"T","F",0,1,"T","T","murre001","may-l101","T","T",0,0,0,0,0,0,0,0,0,"","","",0,0,0,0,0,0,0,0,0,0,0,0,0,"wohlj001","F","F","F","F",0,0,0,0,0,0,0,0,0,0,F,F,"1978BAL.EVA.regular.event.csv",227
"BAL197804162","MIL",1,1,2,0,0,"",0,0,"murre001","?","murre001","?","repla101","?","repla101","?","moorc001","coopc001","sakal001","bands101","moned101","hisll101","thomg001","wohlj001","kellp101","","","SB2","F","F",3,4,4,"F","F",0,"F","F",0,"F","F",0,"F","F",0,"","F","F","",0,0,"N",0,"N",0,"N",0,2,0,0,"","","","","T","F","F","F","F","F","F","F","F","repla101","","","F","F","F","F","F","","","","",0,0,0,0,0,0,0,0,0,7,"BAL","BAL","MIL",1,"F","F",0,0,0,3,3,"T","F",1,2,"T","T","may-l101","harll101","T","T",7,3,6,0,0,0,0,0,0,"moorc001","","",0,0,0,0,0,0,0,0,0,0,0,0,0,"","F","F","F","F",0,0,0,0,0,0,0,0,0,0,F,F,"1978BAL.EVA.regular.event.csv",228
"BAL197804162","MIL",1,1,2,0,0,"",0,0,"murre001","?","murre001","?","repla101","?","repla101","?","moorc001","coopc001","sakal001","bands101","moned101","hisll101","thomg001","wohlj001","","kellp101","","53","F","F",3,4,2,"T","T",0,"F","F",1,"F","F",0,"F","F",5,"G","F","F","",0,0,"N",0,"N",0,"N",0,0,2,0,"53","","","","F","F","F","F","F","F","F","F","F","","repla101","","F","F","F","F","F","","","","",0,3,0,0,5,0,0,0,0,8,"BAL","BAL","MIL",1,"F","T",0,0,0,3,3,"F","F",2,2,"T","T","may-l101","harll101","T","T",0,0,0,7,3,6,0,0,0,"","moorc001","",0,0,0,0,0,0,0,0,0,0,0,0,0,"bands101","F","F","F","F",0,0,0,0,0,0,0,0,0,0,F,F,"1978BAL.EVA.regular.event.csv",229
"BAL197804162","MIL",2,0,0,0,0,"",0,0,"hisll101","?","hisll101","?","mcgrs001","?","mcgrs001","?","skagd101","murre001","dauer001","decid001","belam101","kellp101","bumba001","harll101","","","","S8","T","F",7,4,20,"T","T",1,"F","F",0,"F","F",0,"F","F",8,"","F","F","",0,0,"N",0,"N",0,"N",1,0,0,0,"","","","","F","F","F","F","F","F","F","F","F","","","","F","F","F","F","F","","","","",0,0,0,0,0,0,0,0,0,9,"BAL","MIL","BAL",0,"T","F",0,0,0,3,0,"T","F",0,1,"T","T","david101","coopc001","T","T",0,0,0,0,0,0,0,0,0,"","","",0,0,0,0,0,0,0,0,0,0,0,0,0,"bumba001","F","F","F","F",0,0,0,0,0,0,0,0,0,0,F,F,"1978BAL.EVA.regular.event.csv",230
"BAL197804162","MIL",2,0,0,0,0,"",0,0,"david101","?","david101","?","mcgrs001","?","mcgrs001","?","skagd101","murre001","dauer001","decid001","belam101","kellp101","bumba001","harll101","hisll101","","","64(1)3/GDP","F","F",10,5,2,"T","T",0,"F","F",2,"T","F",0,"F","F",6,"G","F","F","",0,0,"N",0,"N",0,"N",0,0,0,0,"43","64","","","F","F","F","F","F","F","F","F","F","mcgrs001","","","F","F","F","F","F","","","","",0,4,3,0,6,4,0,0,0,10,"BAL","MIL","BAL",0,"F","F",0,0,0,4,1,"T","F",1,0,"T","T","coopc001","thomg001","T","T",7,4,9,0,0,0,0,0,0,"skagd101","","",0,0,0,0,0,0,0,0,0,0,0,0,0,"belam101","T","F","F","F",0,0,0,0,0,0,0,0,0,0,F,F,"1978BAL.EVA.regular.event.csv",231
"BAL197804162","MIL",2,0,2,0,0,"",0,0,"coopc001","?","coopc001","?","mcgrs001","?","mcgrs001","?","skagd101","murre001","dauer001","decid001","belam101","kellp101","bumba001","harll101","","","","K","F","F",3,6,3,"T","T",0,"F","F",1,"F","F",0,"F","F",0,"","F","F","",0,0,"N",0,"N",0,"N",0,0,0,0,"2","","","","F","F","F","F","F","F","F","F","F","","","","F","F","F","F","F","","","","",0,2,0,0,0,0,0,0,0,11,"BAL","MIL","BAL",0,"F","T",0,0,0,5,2,"T","F",0,0,"T","T","thomg001","moorc001","T","T",0,0,0,0,0,0,0,0,0,"","","",0,0,0,0,0,0,0,0,0,0,0,0,0,"","F","F","F","F",0,0,0,0,0,0,0,0,0,0,F,F,"1978BAL.EVA.regular.event.csv",232
"BAL197804162","MIL",2,1,0,0,0,"",0,0,"may-l101","?","may-l101","?","repla101","?","repla101","?","moorc001","coopc001","sakal001","bands101","moned101","hisll101","thomg001","wohlj001","","","","63","T","F",10,5,2,"T","T",0,"F","F",1,"F","F",0,"F","F",6,"G","F","F","",0,0,"N",0,"N",0,"N",0,0,0,0,"63","","","","F","F","F","F","F","F","F","F","F","","","","F","F","F","F","F","","","","",0,3,0,0,6,0,0,0,0,12,"BAL","BAL","MIL",1,"T","F",0,0,0,4,0,"T","F",0,0,"T","T","harll101","decid001","T","T",0,0,0,0,0,0,0,0,0,"","","",0,0,0,0,0,0,0,0,0,0,0,0,0,"moned101","F","F","F","F",0,0,0,0,0,0,0,0,0,0,F,F,"1978BAL.EVA.regular.event.csv",233
"BAL197804162","MIL",2,1,1,0,0,"",0,0,"harll101","?","harll101","?","repla101","?","repla101","?","moorc001","coopc001","sakal001","bands101","moned101","hisll101","thomg001","wohlj001","","","","3/L","F","F",9,6,2,"T","T",0,"F","F",1,"F","F",0,"F","F",3,"L","F","F","",0,0,"N",0,"N",0,"N",0,0,0,0,"3","","","","F","F","F","F","F","F","F","F","F","","","","F","F","F","F","F","","","","",0,3,0,0,0,0,0,0,0,13,"BAL","BAL","MIL",1,"F","F",0,0,0,5,1,"T","F",0,0,"T","T","decid001","dauer001","T","T",0,0,0,0,0,0,0,0,0,"","","",0,0,0,0,0,0,0,0,0,0,0,0,0,"coopc001","F","F","F","F",0,0,0,0,0,0,0,0,0,0,F,F,"1978BAL.EVA.regular.event.csv",234
"BAL197804162","MIL",2,1,2,0,0,"",0,0,"decid001","?","decid001","?","repla101","?","repla101","?","moorc001","coopc001","sakal001","bands101","moned101","hisll101","thomg001","wohlj001","","","","53","F","F",5,7,2,"T","T",0,"F","F",1,"F","F",0,"F","F",5,"G","F","F","",0,0,"N",0,"N",0,"N",0,0,0,0,"53","","","","F","F","F","F","F","F","F","F","F","","","","F","F","F","F","F","","","","",0,3,0,0,5,0,0,0,0,14,"BAL","BAL","MIL",1,"F","T",0,0,0,6,2,"T","F",0,0,"T","T","dauer001","skagd101","T","T",0,0,0,0,0,0,0,0,0,"","","",0,0,0,0,0,0,0,0,0,0,0,0,0,"bands101","F","F","F","F",0,0,0,0,0,0,0,0,0,0,F,F,"1978BAL.EVA.regular.event.csv",235
"BAL197804162","MIL",3,0,0,0,0,"",0,0,"thomg001","?","thomg001","?","mcgrs001","?","mcgrs001","?","skagd101","murre001","dauer001","decid001","belam101","kellp101","bumba001","harll101","","","","8","T","F",8,7,2,"T","T",0,"F","F",1,"F","F",0,"F","F",8,"F","F","F","",0,0,"N",0,"N",0,"N",0,0,0,0,"8","","","","F","F","F","F","F","F","F","F","F","","","","F","F","F","F","F","","","","",0,8,0,0,0,0,0,0,0,15,"BAL","MIL","BAL",0,"T","F",0,0,0,6,0,"T","F",0,0,"T","T","moorc001","sakal001","T","T",0,0,0,0,0,0,0,0,0,"","","",0,0,0,0,0,0,0,0,0,0,0,0,0,"bumba001","F","F","F","F",0,0,0,0,1,0,0,0,0,0,F,F,"1978BAL.EVA.regular.event.csv",236
"BAL197804162","MIL",3,0,1,0,0,"",0,0,"moorc001","?","moorc001","?","mcgrs001","?","mcgrs001","?","skagd101","murre001","dauer001","decid001","belam101","kellp101","bumba001","harll101","","","","S8","F","F",2,8,20,"T","T",1,"F","F",0,"F","F",0,"F","F",8,"","F","F","",0,0,"N",0,"N",0,"N",1,0,0,0,"","","","","F","F","F","F","F","F","F","F","F","","","","F","F","F","F","F","","","","",0,0,0,0,0,0,0,0,0,16,"BAL","MIL","BAL",0,"F","F",0,0,0,7,1,"T","F",0,1,"T","T","sakal001","wohlj001","T","T",0,0,0,0,0,0,0,0,0,"","","",0,0,0,0,0,0,0,0,0,0,0,0,0,"bumba001","F","F","F","F",4,0,0,0,1,0,0,0,0,0,F,F,"1978BAL.EVA.regular.event.csv",237
"BAL197804162","MIL",3,0,1,0,0,"",0,0,"sakal001","?","sakal001","?","mcgrs001","?","mcgrs001","?","skagd101","murre001","dauer001","decid001","belam101","kellp101","bumba001","harll101","moorc001","","","S7.1-2","F","F",4,9,20,"T","T",1,"F","F",0,"F","F",0,"F","F",7,"","F","F","",0,0,"N",0,"N",0,"N",1,2,0,0,"","","","","F","F","F","F","F","F","F","F","F","mcgrs001","","","F","F","F","F","F","","","","",0,0,0,0,0,0,0,0,0,17,"BAL","MIL","BAL",0,"F","F",0,0,0,8,2,"T","F",1,3,"T","T","wohlj001","moned101","T","T",2,8,16,0,0,0,0,0,0,"skagd101","","",0,0,0,0,0,0,0,0,0,0,0,0,0,"kellp101","F","F","F","F",0,4,0,0,1,0,0,0,0,0,F,F,"1978BAL.EVA.regular.event.csv",238
"BAL197804162","MIL",3,0,1,0,0,"",0,0,"wohlj001","?","wohlj001","?","mcgrs001","?","mcgrs001","?","skagd101","murre001","dauer001","decid001","belam101","kellp101","bumba001","harll101","sakal001","moorc001","","5/L","F","F",9,1,2,"T","T",0,"F","F",1,"F","F",0,"F","F",5,"L","F","F","",0,0,"N",0,"N",0,"N",0,1,2,0,"5","","","","F","F","F","F","F","F","F","F","F","mcgrs001","mcgrs001","","F","F","F","F","F","","","","",0,5,0,0,0,0,0,0,0,18,"BAL","MIL","BAL",0,"F","F",0,0,0,9,3,"T","F",3,3,"T","T","moned101","bands101","T","T",4,9,17,2,8,16,0,0,0,"skagd101","skagd101","",0,0,0,0,0,0,0,0,0,0,0,0,0,"decid001","F","F","F","F",0,0,4,0,1,0,0,0,0,0,F,F,"1978BAL.EVA.regular.event.csv",239
"BAL197804162","MIL",3,0,2,0,0,"",0,0,"moned101","?","moned101","?","mcgrs001","?","mcgrs001","?","skagd101","murre001","dauer001","decid001","belam101","kellp101","bumba001","harll101","sakal001","moorc001","","S7.2-H;1-2","F","F",6,2,20,"T","T",1,"F","F",0,"F","F",1,"F","F",7,"","F","F","",0,0,"N",0,"N",0,"N",1,2,4,0,"","","","","F","F","F","F","F","F","F","F","F","mcgrs001","mcgrs001","","F","F","F","F","F","","","","",0,0,0,0,0,0,0,0,0,19,"BAL","MIL","BAL",0,"F","F",0,0,0,10,4,"T","F",3,3,"T","T","bands101","hisll101","T","T",4,9,17,2,8,16,0,0,0,"skagd101","skagd101","",0,0,0,0,0,0,0,0,0,0,0,0,1,"kellp101","F","F","F","F",0,0,4,0,0,0,0,0,0,0,F,F,"1978BAL.EVA.regular.event.csv",240
"BAL197804162","MIL",3,0,2,0,0,"",1,0,"bands101","?","bands101","?","mcgrs001","?","mcgrs001","?","skagd101","murre001","dauer001","decid001","belam101","kellp101","bumba001","harll101","moned101","sakal001","","9","F","F",5,3,2,"T","T",0,"F","F",1,"F","F",0,"F","F",9,"F","F","F","",0,0,"N",0,"N",0,"N",0,1,2,0,"9","","","","F","F","F","F","F","F","F","F","F","mcgrs001","mcgrs001","","F","F","F","F","F","","","","",0,9,0,0,0,0,0,0,0,20,"BAL","MIL","BAL",0,"F","T",1,0,1,11,5,"T","F",3,3,"T","T","hisll101","david101","T","T",6,2,19,4,9,17,0,0,0,"skagd101","skagd101","",0,0,0,0,0,0,0,0,0,0,0,0,0,"harll101","F","F","F","F",0,0,0,0,0,0,0,0,0,0,F,F,"1978BAL.EVA.regular.event.csv",241
"BAL197804162","MIL",3,1,0,0,0,"",1,0,"dauer001","?","dauer001","?","repla101","?","repla101","?","moorc001","coopc001","sakal001","bands101","moned101","hisll101","thomg001","wohlj001","","","","4","T","F",4,8,2,"T","T",0,"F","F",1,"F","F",0,"F","F",4,"F","F","F","",0,0,"N",0,"N",0,"N",0,0,0,0,"4","","","","F","F","F","F","F","F","F","F","F","","","","F","F","F","F","F","","","","",0,4,0,0,0,0,0,0,0,21,"BAL","BAL","MIL",1,"T","F",0,1,0,7,0,"T","F",0,0,"T","T","skagd101","bumba001","T","T",0,0,0,0,0,0,0,0,0,"","","",0,0,0,0,0,0,0,0,0,0,0,0,0,"sakal001","F","F","F","F",0,0,0,0,0,0,0,0,0,0,F,F,"1978BAL.EVA.regular.event.csv",242
"BAL197804162","MIL",3,1,1,0,0,"",1,0,"skagd101","?","skagd101","?","repla101","?","repla101","?","moorc001","coopc001","sakal001","bands101","moned101","hisll101","thomg001","wohlj001","","","","W","F","F",2,9,14,"T","F",0,"F","F",0,"F","F",0,"F","F",0,"","F","F","",0,0,"N",0,"N",0,"N",1,0,0,0,"","","","","F","F","F","F","F","F","F","F","F","","","","F","F","F","F","F","","","","",0,0,0,0,0,0,0,0,0,22,"BAL","BAL","MIL",1,"F","F",0,1,0,8,1,"T","F",0,1,"T","T","bumba001","belam101","T","T",0,0,0,0,0,0,0,0,0,"","","",0,0,0,0,0,0,0,0,0,0,0,0,0,"","F","F","F","F",0,0,0,0,0,0,0,0,0,0,F,F,"1978BAL.EVA.regular.event.csv",243
"BAL197804162","MIL",3,1,1,0,0,"",1,0,"bumba001","?","bumba001","?","repla101","?","repla101","?","moorc001","coopc001","sakal001","bands101","moned101","hisll101","thomg001","wohlj001","skagd101","","","S9.1-3","F","F",8,1,20,"T","T",1,"F","F",0,"F","F",0,"F","F",9,"","F","F","",0,0,"N",0,"N",0,"N",1,3,0,0,"","","","","F","F","F","F","F","F","F","F","F","repla101","","","F","F","F","F","F","","","","",0,0,0,0,0,0,0,0,0,23,"BAL","BAL","MIL",1,"F","F",0,1,0,9,2,"T","F",1,5,"T","T","belam101","kellp101","T","T",2,9,22,0,0,0,0,0,0,"moorc001","","",0,0,0,0,0,0,0,0,0,0,0,0,0,"wohlj001","F","F","F","F",0,0,0,0,0,0,0,0,0,0,F,F,"1978BAL.EVA.regular.event.csv",244
"BAL197804162","MIL",3,1,1,0,0,"",1,0,"belam101","?","belam101","?","repla101","?","repla101","?","moorc001","coopc001","sakal001","bands101","moned101","hisll101","thomg001","wohlj001","bumba001","","skagd101","SB2","F","F",6,2,4,"F","F",0,"F","F",0,"F","F",0,"F","F",0,"","F","F","",0,0,"N",0,"N",0,"N",0,2,0,3,"","","","","T","F","F","F","F","F","F","F","F","repla101","","repla101","F","F","F","F","F","","","","",0,0,0,0,0,0,0,0,0,24,"BAL","BAL","MIL",1,"F","F",0,1,0,10,3,"T","F",5,6,"T","T","kellp101","murre001","T","T",8,1,23,0,0,0,2,9,22,"moorc001","","moorc001",0,0,0,0,0,0,0,0,0,0,0,0,0,"","F","F","F","F",0,0,0,0,0,0,0,0,0,0,F,F,"1978BAL.EVA.regular.event.csv",245
"BAL197804162","MIL",3,1,1,0,0,"",1,0,"belam101","?","belam101","?","repla101","?","repla101","?","moorc001","coopc001","sakal001","bands101","moned101","hisll101","thomg001","wohlj001","","bumba001","skagd101","FC1.3XH(1525);2-3;B-2","F","F",6,2,19,"T","T",0,"F","F",1,"F","F",0,"F","F",1,"G","F","F","",0,0,"N",0,"N",0,"N",2,0,3,0,"","","","1525","F","F","F","F","F","F","F","F","F","","repla101","repla101","F","F","F","F","F","","","","",0,5,0,0,1,5,2,0,0,25,"BAL","BAL","MIL",1,"F","F",0,1,0,10,3,"F","F",6,6,"T","T","kellp101","murre001","T","T",0,0,0,8,1,23,2,9,22,"","moorc001","moorc001",0,0,0,0,0,0,0,0,0,0,0,0,0,"repla101","F","F","F","F",0,0,0,0,0,0,0,0,0,0,F,F,"1978BAL.EVA.regular.event.csv",246
"BAL197804162","MIL",3,1,2,0,0,"",1,0,"kellp101","?","kellp101","?","repla101","?","repla101","?","moorc001","coopc001","sakal001","bands101","moned101","hisll101","thomg001","wohlj001","","belam101","bumba001","9","F","F",7,3,2,"T","T",0,"F","F",1,"F","F",0,"F","F",9,"F","F","F","",0,0,"N",0,"N",0,"N",0,0,2,3,"9","","","","F","F","F","F","F","F","F","F","F","","repla101","repla101","F","F","F","F","F","","","","",0,9,0,0,0,0,0,0,0,26,"BAL","BAL","MIL",1,"F","T",0,1,0,11,4,"T","F",6,6,"T","T","murre001","may-l101","T","T",0,0,0,6,2,25,8,1,23,"","moorc001","moorc001",0,0,0,0,0,0,0,0,0,0,0,0,0,"wohlj001","F","F","F","F",0,0,0,0,0,0,0,0,0,0,F,F,"1978BAL.EVA.regular.event.csv",247
"BAL197804162","MIL",4,0,0,0,0,"",1,0,"hisll101","?","hisll101","?","mcgrs001","?","mcgrs001","?","skagd101","murre001","dauer001","decid001","belam101","kellp101","bumba001","harll101","","","","W","T","F",7,4,14,"T","F",0,"F","F",0,"F","F",0,"F","F",0,"","F","F","",0,0,"N",0,"N",0,"N",1,0,0,0,"","","","","F","F","F","F","F","F","F","F","F","","","","F","F","F","F","F","","","","",0,0,0,0,0,0,0,0,0,27,"BAL","MIL","BAL",0,"T","F",1,0,0,12,0,"T","F",0,1,"T","T","david101","coopc001","T","T",0,0,0,0,0,0,0,0,0,"","","",0,0,0,0,0,0,0,0,0,0,0,0,0,"","F","F","F","F",4,0,0,0,2,0,0,0,0,0,F,F,"1978BAL.EVA.regular.event.csv",248
"BAL197804162","MIL",4,0,0,0,0,"",1,0,"david101","?","david101","?","mcgrs001","?","mcgrs001","?","skagd101","murre001","dauer001","decid001","belam101","kellp101","bumba001","harll101","hisll101","","","K","F","F",10,5,3,"T","T",0,"F","F",1,"F","F",0,"F","F",0,"","F","F","",0,0,"N",0,"N",0,"N",0,1,0,0,"2","","","","F","F","F","F","F","F","F","F","F","mcgrs001","","","F","F","F","F","F","","","","",0,2,0,0,0,0,0,0,0,28,"BAL","MIL","BAL",0,"F","F",1,0,0,13,1,"T","F",1,1,"T","T","coopc001","thomg001","T","T",7,4,27,0,0,0,0,0,0,"skagd101","","",0,0,0,0,0,0,0,0,0,0,0,0,0,"","F","F","F","F",0,4,0,0,2,0,0,0,0,0,F,F,"1978BAL.EVA.regular.event.csv",249
"BAL197804162","MIL",4,0,1,0,0,"",1,0,"coopc001","?","coopc001","?","mcgrs001","?","mcgrs001","?","skagd101","murre001","dauer001","decid001","belam101","kellp101","bumba001","harll101","hisll101","","","SB2","F","F",3,6,4,"F","F",0,"F","F",0,"F","F",0,"F","F",0,"","F","F","",0,0,"N",0,"N",0,"N",0,2,0,0,"","","","","T","F","F","F","F","F","F","F","F","mcgrs001","","","F","F","F","F","F","","","","",0,0,0,0,0,0,0,0,0,29,"BAL","MIL","BAL",0,"F","F",1,0,0,14,2,"T","F",1,2,"T","T","thomg001","moorc001","T","T",7,4,27,0,0,0,0,0,0,"skagd101","","",0,0,0,0,0,0,0,0,0,0,0,0,0,"","F","F","F","F",0,4,0,0,2,0,0,0,0,0,F,F,"1978BAL.EVA.regular.event.csv",250
"BAL197804162","MIL",4,0,1,0,0,"",1,0,"coopc001","?","coopc001","?","mcgrs001","?","mcgrs001","?","skagd101","murre001","dauer001","decid001","belam101","kellp101","bumba001","harll101","","hisll101","","43.2-3","F","F",3,6,2,"T","T",0,"F","F",1,"F","F",0,"F","F",4,"G","F","F","",0,0,"N",0,"N",0,"N",0,0,3,0,"43","","","","F","F","F","F","F","F","F","F","F","","mcgrs001","","F","F","F","F","F","","","","",0,3,0,0,4,0,0,0,0,30,"BAL","MIL","BAL",0,"F","F",1,0,0,14,2,"F","F",2,4,"T","T","thomg001","moorc001","T","T",0,0,0,7,4,27,0,0,0,"","skagd101","",0,0,0,0,0,0,0,0,0,0,0,0,0,"dauer001","F","F","F","F",0,0,4,0,2,0,0,0,0,0,F,F,"1978BAL.EVA.regular.event.csv",251
"BAL197804162","MIL",4,0,2,0,0,"",1,0,"thomg001","?","thomg001","?","mcgrs001","?","mcgrs001","?","skagd101","murre001","dauer001","decid001","belam101","kellp101","bumba001","harll101","","","hisll101","HR.3-H","F","F",8,7,23,"T","T",4,"F","F",0,"F","F",2,"F","F",0,"","F","F","",0,0,"N",0,"N",0,"N",4,0,0,4,"","","","","F","F","F","F","F","F","F","F","F","","","mcgrs001","F","F","F","F","F","","","","",0,0,0,0,0,0,0,0,0,31,"BAL","MIL","BAL",0,"F","F",1,0,0,15,3,"T","F",4,0,"T","T","moorc001","sakal001","T","T",0,0,0,0,0,0,7,4,27,"","","skagd101",0,0,0,0,0,0,0,0,0,0,0,0,2,"","F","F","F","F",4,0,0,4,0,0,0,0,0,0,F,F,"1978BAL.EVA.regular.event.csv",252
"BAL197804162","MIL",4,0,2,0,0,"",3,0,"moorc001","?","moorc001","?","mcgrs001","?","mcgrs001","?","skagd101","murre001","dauer001","decid001","belam101","kellp101","bumba001","harll101","","","","63","F","F",2,8,2,"T","T",0,"F","F",1,"F","F",0,"F","F",6,"G","F","F","",0,0,"N",0,"N",0,"N",0,0,0,0,"63","","","","F","F","F","F","F","F","F","F","F","","","","F","F","F","F","F","","","","",0,3,0,0,6,0,0,0,0,32,"BAL","MIL","BAL",0,"F","T",3,0,2,16,4,"T","F",0,0,"T","T","sakal001","wohlj001","T","T",0,0,0,0,0,0,0,0,0,"","","",0,0,0,0,0,0,0,0,0,0,0,0,0,"belam101","F","F","F","F",0,0,0,0,0,0,0,0,0,0,F,F,"1978BAL.EVA.regular.event.csv",253
"BAL197804162","MIL",4,1,0,0,0,"",3,0,"murre001","?","murre001","?","repla101","?","repla101","?","moorc001","coopc001","sakal001","bands101","moned101","hisll101","thomg001","wohlj001","","","","K/C","T","F",3,4,3,"T","T",0,"F","F",1,"F","F",0,"F","F",0,"","F","F","",0,0,"N",0,"N",0,"N",0,0,0,0,"2","","","","F","F","F","F","F","F","F","F","F","","","","F","F","F","F","F","","","","",0,2,0,0,0,0,0,0,0,33,"BAL","BAL","MIL",1,"T","F",0,3,0,12,0,"T","F",0,0,"T","T","may-l101","harll101","T","T",0,0,0,0,0,0,0,0,0,"","","",0,0,0,0,0,0,0,0,0,0,0,0,0,"","F","F","F","F",0,0,0,0,0,0,0,0,0,0,F,F,"1978BAL.EVA.regular.event.csv",254
"BAL197804162","MIL",4,1,1,0,0,"",3,0,"may-l101","?","may-l101","?","repla101","?","repla101","?","moorc001","coopc001","sakal001","bands101","moned101","hisll101","thomg001","wohlj001","","","","K","F","F",10,5,3,"T","T",0,"F","F",1,"F","F",0,"F","F",0,"","F","F","",0,0,"N",0,"N",0,"N",0,0,0,0,"2","","","","F","F","F","F","F","F","F","F","F","","","","F","F","F","F","F","","","","",0,2,0,0,0,0,0,0,0,34,"BAL","BAL","MIL",1,"F","F",0,3,0,13,1,"T","F",0,0,"T","T","harll101","decid001","T","T",0,0,0,0,0,0,0,0,0,"","","",0,0,0,0,0,0,0,0,0,0,0,0,0,"","F","F","F","F",0,0,0,0,0,0,0,0,0,0,F,F,"1978BAL.EVA.regular.event.csv",255
"BAL197804162","MIL",4,1,2,0,0,"",3,0,"harll101","?","harll101","?","repla101","?","repla101","?","moorc001","coopc001","sakal001","bands101","moned101","hisll101","thomg001","wohlj001","","","","S9","F","F",9,6,20,"T","T",1,"F","F",0,"F","F",0,"F","F",9,"","F","F","",0,0,"N",0,"N",0,"N",1,0,0,0,"","","","","F","F","F","F","F","F","F","F","F","","","","F","F","F","F","F","","","","",0,0,0,0,0,0,0,0,0,35,"BAL","BAL","MIL",1,"F","F",0,3,0,14,2,"T","F",0,1,"T","T","decid001","dauer001","T","T",0,0,0,0,0,0,0,0,0,"","","",0,0,0,0,0,0,0,0,0,0,0,0,0,"wohlj001","F","F","F","F",0,0,0,0,0,0,0,0,0,0,F,F,"1978BAL.EVA.regular.event.csv",256
"BAL197804162","MIL",4,1,2,0,0,"",3,0,"decid001","?","decid001","?","repla101","?","repla101","?","moorc001","coopc001","sakal001","bands101","moned101","hisll101","thomg001","wohlj001","harll101","","","D7.1-3","F","F",5,7,21,"T","T",2,"F","F",0,"F","F",0,"F","F",7,"","F","F","",0,0,"N",0,"N",0,"N",2,3,0,0,"","","","","F","F","F","F","F","F","F","F","F","repla101","","","F","F","F","F","F","","","","",0,0,0,0,0,0,0,0,0,36,"BAL","BAL","MIL",1,"F","F",0,3,0,15,3,"T","F",1,6,"T","T","dauer001","skagd101","T","T",9,6,35,0,0,0,0,0,0,"moorc001","","",0,0,0,0,0,0,0,0,0,0,0,0,0,"hisll101","F","F","F","F",0,0,0,0,0,0,0,0,0,0,F,F,"1978BAL.EVA.regular.event.csv",257
"BAL197804162","MIL",4,1,2,0,0,"",3,0,"dauer001","?","dauer001","?","repla101","?","repla101","?","moorc001","coopc001","sakal001","bands101","moned101","hisll101","thomg001","wohlj001","","decid001","harll101","53","F","F",4,8,2,"T","T",0,"F","F",1,"F","F",0,"F","F",5,"G","F","F","",0,0,"N",0,"N",0,"N",0,0,2,3,"53","","","","F","F","F","F","F","F","F","F","F","","repla101","repla101","F","F","F","F","F","","","","",0,3,0,0,5,0,0,0,0,37,"BAL","BAL","MIL",1,"F","T",0,3,0,16,4,"T","F",6,6,"T","T","skagd101","bumba001","T","T",0,0,0,5,7,36,9,6,35,"","moorc001","moorc001",0,0,0,0,0,0,0,0,0,0,0,0,0,"bands101","F","F","F","F",0,0,0,0,0,0,0,0,0,0,F,F,"1978BAL.EVA.regular.event.csv",258
"BAL197804162","MIL",5,0,0,0,0,"",3,0,"sakal001","?","sakal001","?","mcgrs001","?","mcgrs001","?","skagd101","murre001","dauer001","decid001","belam101","kellp101","bumba001","harll101","","","","K/C","T","F",4,9,3,"T","T",0,"F","F",1,"F","F",0,"F","F",0,"","F","F","",0,0,"N",0,"N",0,"N",0,0,0,0,"2","","","","F","F","F","F","F","F","F","F","F","","","","F","F","F","F","F","","","","",0,2,0,0,0,0,0,0,0,38,"BAL","MIL","BAL",0,"T","F",3,0,0,17,0,"T","F",0,0,"T","T","wohlj001","moned101","T","T",0,0,0,0,0,0,0,0,0,"","","",0,0,0,0,0,0,0,0,0,0,0,0,0,"","F","F","F","F",0,0,0,0,0,0,0,0,0,0,F,F,"1978BAL.EVA.regular.event.csv",259
"BAL197804162","MIL",5,0,1,0,0,"",3,0,"wohlj001","?","wohlj001","?","mcgrs001","?","mcgrs001","?","skagd101","murre001","dauer001","decid001","belam101","kellp101","bumba001","harll101","","","","8","F","F",9,1,2,"T","T",0,"F","F",1,"F","F",0,"F","F",8,"F","F","F","",0,0,"N",0,"N",0,"N",0,0,0,0,"8","","","","F","F","F","F","F","F","F","F","F","","","","F","F","F","F","F","","","","",0,8,0,0,0,0,0,0,0,39,"BAL","MIL","BAL",0,"F","F",3,0,0,18,1,"T","F",0,0,"T","T","moned101","bands101","T","T",0,0,0,0,0,0,0,0,0,"","","",0,0,0,0,0,0,0,0,0,0,0,0,0,"bumba001","F","F","F","F",0,0,0,0,0,0,0,0,0,0,F,F,"1978BAL.EVA.regular.event.csv",260
"BAL197804162","MIL",5,0,2,0,0,"",3,0,"moned101","?","moned101","?","mcgrs001","?","mcgrs001","?","skagd101","murre001","dauer001","decid001","belam101","kellp101","bumba001","harll101","","","","S8","F","F",6,2,20,"T","T",1,"F","F",0,"F","F",0,"F","F",8,"","F","F","",0,0,"N",0,"N",0,"N",1,0,0,0,"","","","","F","F","F","F","F","F","F","F","F","","","","F","F","F","F","F","","","","",0,0,0,0,0,0,0,0,0,40,"BAL","MIL","BAL",0,"F","F",3,0,0,19,2,"T","F",0,1,"T","T","bands101","hisll101","T","T",0,0,0,0,0,0,0,0,0,"","","",0,0,0,0,0,0,0,0,0,0,0,0,0,"bumba001","F","F","F","F",0,0,0,0,0,0,0,0,0,0,F,F,"1978BAL.EVA.regular.event.csv",261
"BAL197804162","MIL",5,0,2,0,0,"",3,0,"bands101","?","bands101","?","mcgrs001","?","mcgrs001","?","skagd101","murre001","dauer001","decid001","belam101","kellp101","bumba001","harll101","moned101","","","64(1)/FO","F","F",5,3,2,"T","T",0,"F","F",1,"F","F",0,"F","F",6,"G","F","F","",0,0,"N",0,"N",0,"N",1,0,0,0,"","64","","","F","F","F","F","F","F","F","F","F","mcgrs001","","","F","F","F","F","F","","","","",0,4,0,0,6,0,0,0,0,41,"BAL","MIL","BAL",0,"F","T",3,0,0,20,3,"T","F",1,1,"T","T","hisll101","david101","T","T",6,2,40,0,0,0,0,0,0,"skagd101","","",0,0,0,0,0,0,0,0,0,0,0,0,0,"belam101","T","F","F","F",0,0,0,0,0,0,0,0,0,0,F,F,"1978BAL.EVA.regular.event.csv",262
"BAL197804162","MIL",5,1,0,0,0,"",3,0,"skagd101","?","skagd101","?","repla101","?","repla101","?","moorc001","coopc001","sakal001","bands101","moned101","hisll101","thomg001","wohlj001","","","","3/F","T","F",2,9,2,"T","T",0,"F","F",1,"F","F",0,"F","F",3,"F","F","F","",0,0,"N",0,"N",0,"N",0,0,0,0,"3","","","","F","F","F","F","F","F","F","F","F","","","","F","F","F","F","F","","","","",0,3,0,0,0,0,0,0,0,42,"BAL","BAL","MIL",1,"T","F",0,3,0,17,0,"T","F",0,0,"T","T","bumba001","belam101","T","T",0,0,0,0,0,0,0,0,0,"","","",0,0,0,0,0,0,0,0,0,0,0,0,0,"coopc001","F","F","F","F",0,0,0,0,0,0,0,0,0,0,F,F,"1978BAL.EVA.regular.event.csv",263
"BAL197804162","MIL",5,1,1,0,0,"",3,0,"bumba001","?","bumba001","?","repla101","?","repla101","?","moorc001","coopc001","sakal001","bands101","moned101","hisll101","thomg001","wohlj001","","","","23","F","F",8,1,2,"T","T",0,"F","F",1,"F","F",0,"F","F",2,"G","F","F","",0,0,"N",0,"N",0,"N",0,0,0,0,"23","","","","F","F","F","F","F","F","F","F","F","","","","F","F","F","F","F","","","","",0,3,0,0,2,0,0,0,0,43,"BAL","BAL","MIL",1,"F","F",0,3,0,18,1,"T","F",0,0,"T","T","belam101","kellp101","T","T",0,0,0,0,0,0,0,0,0,"","","",0,0,0,0,0,0,0,0,0,0,0,0,0,"moorc001","F","F","F","F",0,0,0,0,0,0,0,0,0,0,F,F,"1978BAL.EVA.regular.event.csv",264
"BAL197804162","MIL",5,1,2,0,0,"",3,0,"belam101","?","belam101","?","repla101","?","repla101","?","moorc001","coopc001","sakal001","bands101","moned101","hisll101","thomg001","wohlj001","","","","4","F","F",6,2,2,"T","T",0,"F","F",1,"F","F",0,"F","F",4,"F","F","F","",0,0,"N",0,"N",0,"N",0,0,0,0,"4","","","","F","F","F","F","F","F","F","F","F","","","","F","F","F","F","F","","","","",0,4,0,0,0,0,0,0,0,44,"BAL","BAL","MIL",1,"F","T",0,3,0,19,2,"T","F",0,0,"T","T","kellp101","murre001","T","T",0,0,0,0,0,0,0,0,0,"","","",0,0,0,0,0,0,0,0,0,0,0,0,0,"sakal001","F","F","F","F",0,0,0,0,0,0,0,0,0,0,F,F,"1978BAL.EVA.regular.event.csv",265
"BAL197804162","MIL",6,0,0,0,0,"",3,0,"hisll101","?","hisll101","?","mcgrs001","?","mcgrs001","?","skagd101","murre001","dauer001","decid001","belam101","kellp101","bumba001","harll101","","","","S8","T","F",7,4,20,"T","T",1,"F","F",0,"F","F",0,"F","F",8,"","F","F","",0,0,"N",0,"N",0,"N",1,0,0,0,"","","","","F","F","F","F","F","F","F","F","F","","","","F","F","F","F","F","","","","",0,0,0,0,0,0,0,0,0,45,"BAL","MIL","BAL",0,"T","F",3,0,0,21,0,"T","F",0,1,"T","T","david101","coopc001","T","T",0,0,0,0,0,0,0,0,0,"","","",0,0,0,0,0,0,0,0,0,0,0,0,0,"bumba001","F","F","F","F",4,0,0,0,2,0,0,0,0,0,F,F,"1978BAL.EVA.regular.event.csv",266
"BAL197804162","MIL",6,0,0,0,0,"",3,0,"david101","?","david101","?","mcgrs001","?","mcgrs001","?","skagd101","murre001","dauer001","decid001","belam101","kellp101","bumba001","harll101","hisll101","","","S9.1-3;B-2(E9)","F","F",10,5,20,"T","T",1,"F","F",0,"F","F",0,"F","F",9,"","F","F","",1,9,"F",0,"N",0,"N",2,3,0,0,"","","","","F","F","F","F","F","F","F","F","F","mcgrs001","","","F","F","F","F","F","","","","",0,0,0,0,0,0,0,0,0,46,"BAL","MIL","BAL",0,"F","F",3,0,0,22,1,"T","F",1,6,"T","T","coopc001","thomg001","T","T",7,4,45,0,0,0,0,0,0,"skagd101","","",0,0,0,0,0,0,0,0,0,0,0,0,0,"harll101","F","F","F","F",5,4,0,0,2,0,0,0,0,0,F,F,"1978BAL.EVA.regular.event.csv",267
"BAL197804162","MIL",6,0,0,0,0,"",3,0,"coopc001","?","coopc001","?","mcgrs001","?","mcgrs001","?","skagd101","murre001","dauer001","decid001","belam101","kellp101","bumba001","harll101","","david101","hisll101","D7.3-H;2-H(UR)","F","F",3,6,21,"T","T",2,"F","F",0,"F","F",2,"F","F",7,"","F","F","",0,0,"N",0,"N",0,"N",2,0,5,4,"","","","","F","F","F","F","F","F","F","F","F","","mcgrs001","mcgrs001","F","F","F","F","F","","","","",0,0,0,0,0,0,0,0,0,47,"BAL","MIL","BAL",0,"F","F",3,0,0,23,2,"T","F",6,2,"T","T","thomg001","moorc001","T","T",0,0,0,10,5,46,7,4,45,"","skagd101","skagd101",0,0,0,0,0,0,0,0,0,0,0,0,2,"kellp101","F","F","F","F",0,0,5,4,0,0,0,0,0,0,F,F,"1978BAL.EVA.regular.event.csv",268
"BAL197804162","MIL",6,0,0,0,0,"",5,0,"thomg001","?","thomg001","?","kerrj101","?","kerrj101","?","skagd101","murre001","dauer001","decid001","belam101","kellp101","bumba001","harll101","","coopc001","","W","F","F",8,7,14,"T","F",0,"F","F",0,"F","F",0,"F","F",0,"","F","F","",0,0,"N",0,"N",0,"N",1,0,2,0,"","","","","F","F","F","F","F","F","F","F","F","","mcgrs001","","F","F","F","F","F","","","","",0,0,0,0,0,0,0,0,0,48,"BAL","MIL","BAL",0,"F","F",5,0,2,24,3,"T","F",2,3,"T","T","moorc001","sakal001","F","F",0,0,0,3,6,47,0,0,0,"","skagd101","",0,0,0,0,0,0,0,0,0,0,0,0,0,"","F","F","F","F",0,0,0,0,0,0,0,0,0,0,F,F,"1978BAL.EVA.regular.event.csv",269
"BAL197804162","MIL",6,0,0,0,0,"",5,0,"moorc001","?","moorc001","?","kerrj101","?","kerrj101","?","skagd101","murre001","dauer001","decid001","belam101","kellp101","bumba001","harll101","thomg001","coopc001","","34(1)/FO.2-3","F","F",2,8,2,"T","T",0,"F","F",1,"F","F",0,"F","F",3,"G","F","F","",0,0,"N",0,"N",0,"N",1,0,3,0,"","34","","","F","F","F","F","F","F","F","F","F","kerrj101","mcgrs001","","F","F","F","F","F","","","","",0,4,0,0,3,0,0,0,0,49,"BAL","MIL","BAL",0,"F","F",5,0,2,25,4,"T","F",3,5,"T","T","sakal001","wohlj001","F","F",8,7,48,3,6,47,0,0,0,"skagd101","skagd101","",0,0,0,0,0,0,0,0,0,0,0,0,0,"murre001","T","F","F","F",0,0,0,0,0,0,0,0,0,0,F,F,"1978BAL.EVA.regular.event.csv",270
"BAL197804162","MIL",6,0,1,0,0,"",5,0,"sakal001","?","sakal001","?","kerrj101","?","kerrj101","?","skagd101","murre001","dauer001","decid001","belam101","kellp101","bumba001","harll101","moorc001","","coopc001","FC1/DP.3XH(12);1X2(246)","F","F",4,9,19,"T","T",0,"F","F",2,"T","F",0,"F","F",1,"G","F","F","",0,0,"N",0,"N",0,"N",1,0,0,0,"","246","","12","F","F","F","F","F","F","F","F","F","kerrj101","","mcgrs001","F","F","F","F","F","","","","",0,2,6,0,1,2,4,0,0,50,"BAL","MIL","BAL",0,"F","T",5,0,2,26,5,"T","F",5,1,"T","T","wohlj001","moned101","F","F",2,8,49,0,0,0,3,6,47,"skagd101","","skagd101",0,0,0,0,0,0,0,0,0,0,0,0,0,"kerrj101","F","F","F","F",0,0,0,0,0,0,0,0,0,0,F,F,"1978BAL.EVA.regular.event.csv",271
"BAL197804162","MIL",6,1,0,0,0,"",5,0,"kellp101","?","kellp101","?","repla101","?","repla101","?","moorc001","coopc001","sakal001","bands101","moned101","hisll101","thomg001","wohlj001","","","","S7","T","F",7,3,20,"T","T",1,"F","F",0,"F","F",0,"F","F",7,"","F","F","",0,0,"N",0,"N",0,"N",1,0,0,0,"","","","","F","F","F","F","F","F","F","F","F","","","","F","F","F","F","F","","","","",0,0,0,0,0,0,0,0,0,51,"BAL","BAL","MIL",1,"T","F",0,5,0,20,0,"T","F",0,1,"T","T","murre001","may-l101","T","T",0,0,0,0,0,0,0,0,0,"","","",0,0,0,0,0,0,0,0,0,0,0,0,0,"hisll101","F","F","F","F",4,0,0,0,2,0,0,0,0,0,F,F,"1978BAL.EVA.regular.event.csv",272
"BAL197804162","MIL",6,1,0,0,0,"",5,0,"murre001","?","murre001","?","repla101","?","repla101","?","moorc001","coopc001","sakal001","bands101","moned101","hisll101","thomg001","wohlj001","kellp101","","","7","F","F",3,4,2,"T","T",0,"F","F",1,"F","F",0,"F","F",7,"F","F","F","",0,0,"N",0,"N",0,"N",0,1,0,0,"7","","","","F","F","F","F","F","F","F","F","F","repla101","","","F","F","F","F","F","","","","",0,7,0,0,0,0,0,0,0,52,"BAL","BAL","MIL",1,"F","F",0,5,0,21,1,"T","F",1,1,"T","T","may-l101","harll101","T","T",7,3,51,0,0,0,0,0,0,"moorc001","","",0,0,0,0,0,0,0,0,0,0,0,0,0,"hisll101","F","F","F","F",0,4,0,0,2,0,0,0,0,0,F,F,"1978BAL.EVA.regular.event.csv",273
"BAL197804162","MIL",6,1,1,0,0,"",5,0,"may-l101","?","may-l101","?","repla101","?","repla101","?","moorc001","coopc001","sakal001","bands101","moned101","hisll101","thomg001","wohlj001","kellp101","","","6","F","F",10,5,2,"T","T",0,"F","F",1,"F","F",0,"F","F",6,"F","F","F","",0,0,"N",0,"N",0,"N",0,1,0,0,"6","","","","F","F","F","F","F","F","F","F","F","repla101","","","F","F","F","F","F","","","","",0,6,0,0,0,0,0,0,0,53,"BAL","BAL","MIL",1,"F","F",0,5,0,22,2,"T","F",1,1,"T","T","harll101","decid001","T","T",7,3,51,0,0,0,0,0,0,"moorc001","","",0,0,0,0,0,0,0,0,0,0,0,0,0,"moned101","F","F","F","F",0,4,0,0,2,0,0,0,0,0,F,F,"1978BAL.EVA.regular.event.csv",274
"BAL197804162","MIL",6,1,2,0,0,"",5,0,"harll101","?","harll101","?","repla101","?","repla101","?","moorc001","coopc001","sakal001","bands101","moned101","hisll101","thomg001","wohlj001","kellp101","","","HR.1-H","F","F",9,6,23,"T","T",4,"F","F",0,"F","F",2,"F","F",0,"","F","F","",0,0,"N",0,"N",0,"N",4,4,0,0,"","","","","F","F","F","F","F","F","F","F","F","repla101","","","F","F","F","F","F","","","","",0,0,0,0,0,0,0,0,0,54,"BAL","BAL","MIL",1,"F","F",0,5,0,23,3,"T","F",1,0,"T","T","decid001","dauer001","T","T",7,3,51,0,0,0,0,0,0,"moorc001","","",0,0,0,0,0,0,0,0,0,0,0,0,2,"","F","F","F","F",4,4,0,0,0,0,0,0,0,0,F,F,"1978BAL.EVA.regular.event.csv",275
"BAL197804162","MIL",6,1,2,0,0,"",5,2,"decid001","?","decid001","?","repla101","?","repla101","?","moorc001","coopc001","sakal001","bands101","moned101","hisll101","thomg001","wohlj001","","","","S9","F","F",5,7,20,"T","T",1,"F","F",0,"F","F",0,"F","F",9,"","F","F","",0,0,"N",0,"N",0,"N",1,0,0,0,"","","","","F","F","F","F","F","F","F","F","F","","","","F","F","F","F","F","","","","",0,0,0,0,0,0,0,0,0,55,"BAL","BAL","MIL",1,"F","F",2,5,2,24,4,"T","F",0,1,"T","T","dauer001","skagd101","T","T",0,0,0,0,0,0,0,0,0,"","","",0,0,0,0,0,0,0,0,0,0,0,0,0,"wohlj001","F","F","F","F",0,0,0,0,0,0,0,0,0,0,F,F,"1978BAL.EVA.regular.event.csv",276
"BAL197804162","MIL",6,1,2,0,0,"",5,2,"dauer001","?","dauer001","?","rodre102","?","rodre102","?","moorc001","coopc001","sakal001","bands101","moned101","hisll101","thomg001","wohlj001","decid001","","","K/C","F","F",4,8,3,"T","T",0,"F","F",1,"F","F",0,"F","F",0,"","F","F","",0,0,"N",0,"N",0,"N",0,1,0,0,"2","","","","F","F","F","F","F","F","F","F","F","repla101","","","F","F","F","F","F","","","","",0,2,0,0,0,0,0,0,0,56,"BAL","BAL","MIL",1,"F","T",2,5,2,25,5,"T","F",1,1,"T","T","skagd101","bumba001","F","F",5,7,55,0,0,0,0,0,0,"moorc001","","",0,0,0,0,0,0,0,0,0,0,0,0,0,"","F","F","F","F",0,0,0,0,0,0,0,0,0,0,F,F,"1978BAL.EVA.regular.event.csv",277
"BAL197804162","MIL",7,0,0,0,0,"",5,2,"wohlj001","?","wohlj001","?","kerrj101","?","kerrj101","?","skagd101","murre001","dauer001","decid001","belam101","kellp101","bumba001","harll101","","","","K/C","T","F",9,1,3,"T","T",0,"F","F",1,"F","F",0,"F","F",0,"","F","F","",0,0,"N",0,"N",0,"N",0,0,0,0,"2","","","","F","F","F","F","F","F","F","F","F","","","","F","F","F","F","F","","","","",0,2,0,0,0,0,0,0,0,57,"BAL","MIL","BAL",0,"T","F",5,2,0,27,0,"T","F",0,0,"T","T","moned101","bands101","F","F",0,0,0,0,0,0,0,0,0,"","","",0,0,0,0,0,0,0,0,0,0,0,0,0,"","F","F","F","F",0,0,0,0,0,0,0,0,0,0,F,F,"1978BAL.EVA.regular.event.csv",278
"BAL197804162","MIL",7,0,1,0,0,"",5,2,"moned101","?","moned101","?","kerrj101","?","kerrj101","?","skagd101","murre001","dauer001","decid001","belam101","kellp101","bumba001","harll101","","","","9","F","F",6,2,2,"T","T",0,"F","F",1,"F","F",0,"F","F",9,"F","F","F","",0,0,"N",0,"N",0,"N",0,0,0,0,"9","","","","F","F","F","F","F","F","F","F","F","","","","F","F","F","F","F","","","","",0,9,0,0,0,0,0,0,0,58,"BAL","MIL","BAL",0,"F","F",5,2,0,28,1,"T","F",0,0,"T","T","bands101","hisll101","F","F",0,0,0,0,0,0,0,0,0,"","","",0,0,0,0,0,0,0,0,0,0,0,0,0,"harll101","F","F","F","F",0,0,0,0,0,0,0,0,0,0,F,F,"1978BAL.EVA.regular.event.csv",279
"BAL197804162","MIL",7,0,2,0,0,"",5,2,"bands101","?","bands101","?","kerrj101","?","kerrj101","?","skagd101","murre001","dauer001","decid001","belam101","kellp101","bumba001","harll101","","","","9","F","F",5,3,2,"T","T",0,"F","F",1,"F","F",0,"F","F",9,"F","F","F","",0,0,"N",0,"N",0,"N",0,0,0,0,"9","","","","F","F","F","F","F","F","F","F","F","","","","F","F","F","F","F","","","","",0,9,0,0,0,0,0,0,0,59,"BAL","MIL","BAL",0,"F","T",5,2,0,29,2,"T","F",0,0,"T","T","hisll101","david101","F","F",0,0,0,0,0,0,0,0,0,"","","",0,0,0,0,0,0,0,0,0,0,0,0,0,"harll101","F","F","F","F",0,0,0,0,0,0,0,0,0,0,F,F,"1978BAL.EVA.regular.event.csv",280
"BAL197804162","MIL",7,1,0,0,0,"",5,2,"skagd101","?","skagd101","?","rodre102","?","rodre102","?","moorc001","coopc001","sakal001","bands101","moned101","hisll101","thomg001","wohlj001","","","","K","T","F",2,9,3,"T","T",0,"F","F",1,"F","F",0,"F","F",0,"","F","F","",0,0,"N",0,"N",0,"N",0,0,0,0,"2","","","","F","F","F","F","F","F","F","F","F","","","","F","F","F","F","F","","","","",0,2,0,0,0,0,0,0,0,60,"BAL","BAL","MIL",1,"T","F",2,5,0,26,0,"T","F",0,0,"T","T","bumba001","belam101","F","F",0,0,0,0,0,0,0,0,0,"","","",0,0,0,0,0,0,0,0,0,0,0,0,0,"","F","F","F","F",0,0,0,0,0,0,0,0,0,0,F,F,"1978BAL.EVA.regular.event.csv",281
"BAL197804162","MIL",7,1,1,0,0,"",5,2,"bumba001","?","bumba001","?","rodre102","?","rodre102","?","moorc001","coopc001","sakal001","bands101","moned101","hisll101","thomg001","wohlj001","","","","9","F","F",8,1,2,"T","T",0,"F","F",1,"F","F",0,"F","F",9,"F","F","F","",0,0,"N",0,"N",0,"N",0,0,0,0,"9","","","","F","F","F","F","F","F","F","F","F","","","","F","F","F","F","F","","","","",0,9,0,0,0,0,0,0,0,61,"BAL","BAL","MIL",1,"F","F",2,5,0,27,1,"T","F",0,0,"T","T","belam101","kellp101","F","F",0,0,0,0,0,0,0,0,0,"","","",0,0,0,0,0,0,0,0,0,0,0,0,0,"wohlj001","F","F","F","F",0,0,0,0,0,0,0,0,0,0,F,F,"1978BAL.EVA.regular.event.csv",282
"BAL197804162","MIL",7,1,2,0,0,"",5,2,"belam101","?","belam101","?","rodre102","?","rodre102","?","moorc001","coopc001","sakal001","bands101","moned101","hisll101","thomg001","wohlj001","","","","43","F","F",6,2,2,"T","T",0,"F","F",1,"F","F",0,"F","F",4,"G","F","F","",0,0,"N",0,"N",0,"N",0,0,0,0,"43","","","","F","F","F","F","F","F","F","F","F","","","","F","F","F","F","F","","","","",0,3,0,0,4,0,0,0,0,62,"BAL","BAL","MIL",1,"F","T",2,5,0,28,2,"T","F",0,0,"T","T","kellp101","murre001","F","F",0,0,0,0,0,0,0,0,0,"","","",0,0,0,0,0,0,0,0,0,0,0,0,0,"sakal001","F","F","F","F",0,0,0,0,0,0,0,0,0,0,F,F,"1978BAL.EVA.regular.event.csv",283
"BAL197804162","MIL",8,0,0,0,0,"",5,2,"hisll101","?","hisll101","?","kerrj101","?","kerrj101","?","skagd101","murre001","dauer001","decid001","belam101","kellp101","bumba001","harll101","","","","HR","T","F",7,4,23,"T","T",4,"F","F",0,"F","F",1,"F","F",0,"","F","F","",0,0,"N",0,"N",0,"N",4,0,0,0,"","","","","F","F","F","F","F","F","F","F","F","","","","F","F","F","F","F","","","","",0,0,0,0,0,0,0,0,0,63,"BAL","MIL","BAL",0,"T","F",5,2,0,30,0,"T","F",0,0,"T","T","david101","coopc001","F","F",0,0,0,0,0,0,0,0,0,"","","",0,0,0,0,0,0,0,0,0,0,0,0,1,"","F","F","F","F",4,0,0,0,2,0,0,0,0,0,F,F,"1978BAL.EVA.regular.event.csv",284
"BAL197804162","MIL",8,0,0,0,0,"",6,2,"david101","?","david101","?","kerrj101","?","kerrj101","?","skagd101","murre001","dauer001","decid001","belam101","kellp101","bumba001","harll101","","","","HR","F","F",10,5,23,"T","T",4,"F","F",0,"F","F",1,"F","F",0,"","F","F","",0,0,"N",0,"N",0,"N",4,0,0,0,"","","","","F","F","F","F","F","F","F","F","F","","","","F","F","F","F","F","","","","",0,0,0,0,0,0,0,0,0,64,"BAL","MIL","BAL",0,"F","F",6,2,1,31,1,"T","F",0,0,"T","T","coopc001","thomg001","F","F",0,0,0,0,0,0,0,0,0,"","","",0,0,0,0,0,0,0,0,0,0,0,0,1,"","F","F","F","F",4,0,0,0,1,0,0,0,0,0,F,F,"1978BAL.EVA.regular.event.csv",285
"BAL197804162","MIL",8,0,0,0,0,"",7,2,"coopc001","?","coopc001","?","kerrj101","?","kerrj101","?","skagd101","murre001","dauer001","decid001","belam101","kellp101","bumba001","harll101","","","","E7.B-2","F","F",3,6,18,"T","T",0,"F","F",0,"F","F",0,"F","F",7,"F","F","F","",1,7,"F",0,"N",0,"N",2,0,0,0,"","","","","F","F","F","F","F","F","F","F","F","","","","F","F","F","F","F","","","","",0,0,0,0,0,0,0,0,0,65,"BAL","MIL","BAL",0,"F","F",7,2,2,32,2,"T","F",0,2,"T","T","thomg001","moorc001","F","F",0,0,0,0,0,0,0,0,0,"","","",0,0,0,0,0,0,0,0,0,0,0,0,0,"kellp101","F","F","F","T",5,0,0,0,1,0,0,0,0,0,F,F,"1978BAL.EVA.regular.event.csv",286
"BAL197804162","MIL",8,0,0,0,0,"",7,2,"thomg001","?","thomg001","?","kerrj101","?","kerrj101","?","skagd101","murre001","dauer001","decid001","belam101","kellp101","bumba001","harll101","","coopc001","","W","F","F",8,7,14,"T","F",0,"F","F",0,"F","F",0,"F","F",0,"","F","F","",0,0,"N",0,"N",0,"N",1,0,2,0,"","","","","F","F","F","F","F","F","F","F","F","","kerrj101","","F","F","F","F","F","","","","",0,0,0,0,0,0,0,0,0,66,"BAL","MIL","BAL",0,"F","F",7,2,2,33,3,"T","F",2,3,"T","T","moorc001","sakal001","F","F",0,0,0,3,6,65,0,0,0,"","skagd101","",0,0,0,0,0,0,0,0,0,0,0,0,0,"","F","F","F","F",0,0,5,0,1,0,0,0,0,0,F,F,"1978BAL.EVA.regular.event.csv",287
"BAL197804162","MIL",8,0,0,0,0,"",7,2,"moorc001","?","moorc001","?","kerrj101","?","kerrj101","?","skagd101","murre001","dauer001","decid001","belam101","kellp101","bumba001","harll101","thomg001","coopc001","","13/SH.2-3;1-2","F","F",2,8,2,"T","F",0,"T","F",1,"F","F",0,"F","F",1,"G","T","F","",0,0,"N",0,"N",0,"N",0,2,3,0,"13","","","","F","F","F","F","F","F","F","F","F","kerrj101","kerrj101","","F","F","F","F","F","","","","",0,3,0,0,1,0,0,0,0,67,"BAL","MIL","BAL",0,"F","F",7,2,2,34,4,"T","F",3,6,"T","T","sakal001","wohlj001","F","F",8,7,66,3,6,65,0,0,0,"skagd101","skagd101","",0,0,0,0,0,0,0,0,0,0,0,0,0,"kerrj101","F","F","F","F",0,0,5,0,1,0,0,0,0,0,F,F,"1978BAL.EVA.regular.event.csv",288
"BAL197804162","MIL",8,0,1,0,0,"",7,2,"sakal001","?","sakal001","?","kerrj101","?","kerrj101","?","skagd101","murre001","dauer001","decid001","belam101","kellp101","bumba001","harll101","","thomg001","coopc001","IW","F","F",4,9,15,"T","F",0,"F","F",0,"F","F",0,"F","F",0,"","F","F","",0,0,"N",0,"N",0,"N",1,0,2,3,"","","","","F","F","F","F","F","F","F","F","F","","kerrj101","kerrj101","F","F","F","F","F","","","","",0,0,0,0,0,0,0,0,0,68,"BAL","MIL","BAL",0,"F","F",7,2,2,35,5,"T","F",6,7,"T","T","wohlj001","moned101","F","F",0,0,0,8,7,66,3,6,65,"","skagd101","skagd101",0,0,0,0,0,0,0,0,0,0,0,0,0,"","F","F","F","F",0,0,0,5,1,0,0,0,0,0,F,F,"1978BAL.EVA.regular.event.csv",289
"BAL197804162","MIL",8,0,1,0,0,"",7,2,"wohlj001","?","wohlj001","?","kerrj101","?","kerrj101","?","skagd101","murre001","dauer001","decid001","belam101","kellp101","bumba001","harll101","sakal001","thomg001","coopc001","W.3-H(UR);2-3;1-2","F","F",9,1,14,"T","F",0,"F","F",0,"F","F",1,"F","F",0,"","F","F","",0,0,"N",0,"N",0,"N",1,2,3,5,"","","","","F","F","F","F","F","F","F","F","F","kerrj101","kerrj101","kerrj101","F","F","F","F","F","","","","",0,0,0,0,0,0,0,0,0,69,"BAL","MIL","BAL",0,"F","F",7,2,2,36,6,"T","F",7,7,"T","T","moned101","bands101","F","F",4,9,68,8,7,66,3,6,65,"skagd101","skagd101","skagd101",0,0,0,0,0,0,0,0,0,0,0,0,1,"","F","F","F","F",0,0,0,5,0,0,0,0,0,0,F,F,"1978BAL.EVA.regular.event.csv",290
"BAL197804162","MIL",8,0,1,0,0,"",8,2,"moned101","?","moned101","?","martt001","?","martt001","?","skagd101","murre001","dauer001","decid001","belam101","kellp101","bumba001","harll101","wohlj001","sakal001","thomg001","6","F","F",6,2,2,"T","T",0,"F","F",1,"F","F",0,"F","F",6,"F","F","F","",0,0,"N",0,"N",0,"N",0,1,2,3,"6","","","","F","F","F","F","F","F","F","F","F","kerrj101","kerrj101","kerrj101","F","F","F","F","F","","","","",0,6,0,0,0,0,0,0,0,70,"BAL","MIL","BAL",0,"F","F",8,2,3,37,7,"T","F",7,7,"T","T","bands101","hisll101","F","F",9,1,69,4,9,68,8,7,66,"skagd101","skagd101","skagd101",0,0,0,0,0,0,0,0,0,0,0,0,0,"belam101","F","F","F","F",0,0,0,0,0,0,0,0,0,0,F,F,"1978BAL.EVA.regular.event.csv",291
"BAL197804162","MIL",8,0,2,0,0,"",8,2,"bands101","?","bands101","?","martt001","?","martt001","?","skagd101","murre001","dauer001","decid001","belam101","kellp101","bumba001","harll101","wohlj001","sakal001","thomg001","43","F","F",5,3,2,"T","T",0,"F","F",1,"F","F",0,"F","F",4,"G","F","F","",0,0,"N",0,"N",0,"N",0,1,2,3,"43","","","","F","F","F","F","F","F","F","F","F","kerrj101","kerrj101","kerrj101","F","F","F","F","F","","","","",0,3,0,0,4,0,0,0,0,71,"BAL","MIL","BAL",0,"F","T",8,2,3,38,8,"T","F",7,7,"T","T","hisll101","david101","F","F",9,1,69,4,9,68,8,7,66,"skagd101","skagd101","skagd101",0,0,0,0,0,0,0,0,0,0,0,0,0,"dauer001","F","F","F","F",0,0,0,0,0,0,0,0,0,0,F,F,"1978BAL.EVA.regular.event.csv",292
"BAL197804162","MIL",8,1,0,0,0,"",8,2,"kellp101","?","kellp101","?","rodre102","?","rodre102","?","moorc001","coopc001","sakal001","bands101","moned101","hisll101","thomg001","wohlj001","","","","S9","T","F",7,3,20,"T","T",1,"F","F",0,"F","F",0,"F","F",9,"","F","F","",0,0,"N",0,"N",0,"N",1,0,0,0,"","","","","F","F","F","F","F","F","F","F","F","","","","F","F","F","F","F","","","","",0,0,0,0,0,0,0,0,0,72,"BAL","BAL","MIL",1,"T","F",2,8,0,29,0,"T","F",0,1,"T","T","murre001","may-l101","F","F",0,0,0,0,0,0,0,0,0,"","","",0,0,0,0,0,0,0,0,0,0,0,0,0,"wohlj001","F","F","F","F",0,0,0,0,0,0,0,0,0,0,F,F,"1978BAL.EVA.regular.event.csv",293
"BAL197804162","MIL",8,1,0,0,0,"",8,2,"murre001","?","murre001","?","rodre102","?","rodre102","?","moorc001","coopc001","sakal001","bands101","moned101","hisll101","thomg001","wohlj001","kellp101","","","K","F","F",3,4,3,"T","T",0,"F","F",1,"F","F",0,"F","F",0,"","F","F","",0,0,"N",0,"N",0,"N",0,1,0,0,"2","","","","F","F","F","F","F","F","F","F","F","rodre102","","","F","F","F","F","F","","","","",0,2,0,0,0,0,0,0,0,73,"BAL","BAL","MIL",1,"F","F",2,8,0,30,1,"T","F",1,1,"T","T","may-l101","harll101","F","F",7,3,72,0,0,0,0,0,0,"moorc001","","",0,0,0,0,0,0,0,0,0,0,0,0,0,"","F","F","F","F",0,0,0,0,0,0,0,0,0,0,F,F,"1978BAL.EVA.regular.event.csv",294
"BAL197804162","MIL",8,1,1,0,0,"",8,2,"may-l101","?","may-l101","?","rodre102","?","rodre102","?","moorc001","coopc001","sakal001","bands101","moned101","hisll101","thomg001","wohlj001","kellp101","","","2/F","F","F",10,5,2,"T","T",0,"F","F",1,"F","F",0,"F","F",2,"F","F","F","",0,0,"N",0,"N",0,"N",0,1,0,0,"2","","","","F","F","F","F","F","F","F","F","F","rodre102","","","F","F","F","F","F","","","","",0,2,0,0,0,0,0,0,0,74,"BAL","BAL","MIL",1,"F","F",2,8,0,31,2,"T","F",1,1,"T","T","harll101","decid001","F","F",7,3,72,0,0,0,0,0,0,"moorc001","","",0,0,0,0,0,0,0,0,0,0,0,0,0,"moorc001","F","F","F","F",0,0,0,0,0,0,0,0,0,0,F,F,"1978BAL.EVA.regular.event.csv",295
"BAL197804162","MIL",8,1,2,0,0,"",8,2,"harll101","?","harll101","?","rodre102","?","rodre102","?","moorc001","coopc001","sakal001","bands101","moned101","hisll101","thomg001","wohlj001","kellp101","","","43","F","F",9,6,2,"T","T",0,"F","F",1,"F","F",0,"F","F",4,"G","F","F","",0,0,"N",0,"N",0,"N",0,1,0,0,"43","","","","F","F","F","F","F","F","F","F","F","rodre102","","","F","F","F","F","F","","","","",0,3,0,0,4,0,0,0,0,75,"BAL","BAL","MIL",1,"F","T",2,8,0,32,3,"T","F",1,1,"T","T","decid001","dauer001","F","F",7,3,72,0,0,0,0,0,0,"moorc001","","",0,0,0,0,0,0,0,0,0,0,0,0,0,"sakal001","F","F","F","F",0,0,0,0,0,0,0,0,0,0,F,F,"1978BAL.EVA.regular.event.csv",296
"BAL197804162","MIL",9,0,0,0,0,"",8,2,"hisll101","?","hisll101","?","martt001","?","martt001","?","skagd101","murre001","dauer001","decid001","belam101","kellp101","bumba001","harll101","","","","7/L","T","F",7,4,2,"T","T",0,"F","F",1,"F","F",0,"F","F",7,"L","F","F","",0,0,"N",0,"N",0,"N",0,0,0,0,"7","","","","F","F","F","F","F","F","F","F","F","","","","F","F","F","F","F","","","","",0,7,0,0,0,0,0,0,0,76,"BAL","MIL","BAL",0,"T","F",8,2,0,39,0,"T","F",0,0,"T","T","david101","coopc001","F","F",0,0,0,0,0,0,0,0,0,"","","",0,0,0,0,0,0,0,0,0,0,0,0,0,"kellp101","F","F","F","F",0,0,0,0,1,0,0,0,0,0,F,F,"1978BAL.EVA.regular.event.csv",297
"BAL197804162","MIL",9,0,1,0,0,"",8,2,"david101","?","david101","?","martt001","?","martt001","?","skagd101","murre001","dauer001","decid001","belam101","kellp101","bumba001","harll101","","","","W","F","F",10,5,14,"T","F",0,"F","F",0,"F","F",0,"F","F",0,"","F","F","",0,0,"N",0,"N",0,"N",1,0,0,0,"","","","","F","F","F","F","F","F","F","F","F","","","","F","F","F","F","F","","","","",0,0,0,0,0,0,0,0,0,77,"BAL","MIL","BAL",0,"F","F",8,2,0,40,1,"T","F",0,1,"T","T","coopc001","thomg001","F","F",0,0,0,0,0,0,0,0,0,"","","",0,0,0,0,0,0,0,0,0,0,0,0,0,"","F","F","F","F",4,0,0,0,1,0,0,0,0,0,F,F,"1978BAL.EVA.regular.event.csv",298
"BAL197804162","MIL",9,0,1,0,0,"",8,2,"coopc001","?","coopc001","?","martt001","?","martt001","?","skagd101","murre001","dauer001","decid001","belam101","kellp101","bumba001","harll101","david101","","","S9.1-2","F","F",3,6,20,"T","T",1,"F","F",0,"F","F",0,"F","F",9,"","F","F","",0,0,"N",0,"N",0,"N",1,2,0,0,"","","","","F","F","F","F","F","F","F","F","F","martt001","","","F","F","F","F","F","","","","",0,0,0,0,0,0,0,0,0,78,"BAL","MIL","BAL",0,"F","F",8,2,0,41,2,"T","F",1,3,"T","T","thomg001","moorc001","F","F",10,5,77,0,0,0,0,0,0,"skagd101","","",0,0,0,0,0,0,0,0,0,0,0,0,0,"harll101","F","F","F","F",0,4,0,0,1,0,0,0,0,0,F,F,"1978BAL.EVA.regular.event.csv",299
"BAL197804162","MIL",9,0,1,0,0,"",8,2,"thomg001","?","thomg001","?","martt001","?","martt001","?","skagd101","murre001","dauer001","decid001","belam101","kellp101","bumba001","harll101","coopc001","david101","","W.2-3;1-2","F","F",8,7,14,"T","F",0,"F","F",0,"F","F",0,"F","F",0,"","F","F","",0,0,"N",0,"N",0,"N",1,2,3,0,"","","","","F","F","F","F","F","F","F","F","F","martt001","martt001","","F","F","F","F","F","","","","",0,0,0,0,0,0,0,0,0,79,"BAL","MIL","BAL",0,"F","F",8,2,0,42,3,"T","F",3,7,"T","T","moorc001","sakal001","F","F",3,6,78,10,5,77,0,0,0,"skagd101","skagd101","",0,0,0,0,0,0,0,0,0,0,0,0,0,"","F","F","F","F",0,0,4,0,1,0,0,0,0,0,F,F,"1978BAL.EVA.regular.event.csv",300
"BAL197804162","MIL",9,0,1,0,0,"",8,2,"moorc001","?","moorc001","?","martt001","?","martt001","?","skagd101","murre001","dauer001","decid001","belam101","kellp101","bumba001","harll101","thomg001","coopc001","david101","W.3-H;2-3;1-2","F","F",2,8,14,"T","F",0,"F","F",0,"F","F",1,"F","F",0,"","F","F","",0,0,"N",0,"N",0,"N",1,2,3,4,"","","","","F","F","F","F","F","F","F","F","F","martt001","martt001","martt001","F","F","F","F","F","","","","",0,0,0,0,0,0,0,0,0,80,"BAL","MIL","BAL",0,"F","F",8,2,0,43,4,"T","F",7,7,"T","T","sakal001","wohlj001","F","F",8,7,79,3,6,78,10,5,77,"skagd101","skagd101","skagd101",0,0,0,0,0,0,0,0,0,0,0,0,1,"","F","F","F","F",0,0,0,4,0,0,0,0,0,0,F,F,"1978BAL.EVA.regular.event.csv",301
"BAL197804162","MIL",9,0,1,0,0,"",9,2,"sakal001","?","sakal001","?","martt001","?","martt001","?","skagd101","murre001","dauer001","decid001","belam101","kellp101","bumba001","harll101","moorc001","thomg001","coopc001","K/C","F","F",4,9,3,"T","T",0,"F","F",1,"F","F",0,"F","F",0,"","F","F","",0,0,"N",0,"N",0,"N",0,1,2,3,"2","","","","F","F","F","F","F","F","F","F","F","martt001","martt001","martt001","F","F","F","F","F","","","","",0,2,0,0,0,0,0,0,0,81,"BAL","MIL","BAL",0,"F","F",9,2,1,44,5,"T","F",7,7,"T","T","wohlj001","moned101","F","F",2,8,80,8,7,79,3,6,78,"skagd101","skagd101","skagd101",0,0,0,0,0,0,0,0,0,0,0,0,0,"","F","F","F","F",0,0,0,0,0,0,0,0,0,0,F,F,"1978BAL.EVA.regular.event.csv",302
"BAL197804162","MIL",9,0,2,0,0,"",9,2,"wohlj001","?","wohlj001","?","martt001","?","martt001","?","skagd101","murre001","dauer001","decid001","belam101","kellp101","bumba001","harll101","moorc001","thomg001","coopc001","8","F","F",9,1,2,"T","T",0,"F","F",1,"F","F",0,"F","F",8,"F","F","F","",0,0,"N",0,"N",0,"N",0,1,2,3,"8","","","","F","F","F","F","F","F","F","F","F","martt001","martt001","martt001","F","F","F","F","F","","","","",0,8,0,0,0,0,0,0,0,82,"BAL","MIL","BAL",0,"F","T",9,2,1,45,6,"T","F",7,7,"T","T","moned101","bands101","F","F",2,8,80,8,7,79,3,6,78,"skagd101","skagd101","skagd101",0,0,0,0,0,0,0,0,0,0,0,0,0,"bumba001","F","F","F","F",0,0,0,0,0,0,0,0,0,0,F,F,"1978BAL.EVA.regular.event.csv",303
"BAL197804162","MIL",9,1,0,0,0,"",9,2,"decid001","?","decid001","?","rodre102","?","rodre102","?","moorc001","coopc001","sakal001","bands101","moned101","hisll101","thomg001","wohlj001","","","","63","T","F",5,7,2,"T","T",0,"F","F",1,"F","F",0,"F","F",6,"G","F","F","",0,0,"N",0,"N",0,"N",0,0,0,0,"63","","","","F","F","F","F","F","F","F","F","F","","","","F","F","F","F","F","","","","",0,3,0,0,6,0,0,0,0,83,"BAL","BAL","MIL",1,"T","F",2,9,0,33,0,"T","F",0,0,"T","T","dauer001","skagd101","F","F",0,0,0,0,0,0,0,0,0,"","","",0,0,0,0,0,0,0,0,0,0,0,0,0,"moned101","F","F","F","F",0,0,0,0,0,0,0,0,0,0,F,F,"1978BAL.EVA.regular.event.csv",304
"BAL197804162","MIL",9,1,1,0,0,"",9,2,"singk001","?","singk001","?","rodre102","?","rodre102","?","moorc001","coopc001","sakal001","bands101","moned101","hisll101","thomg001","wohlj001","","","","8","F","T",11,8,2,"T","T",0,"F","F",1,"F","F",0,"F","F",8,"F","F","F","",0,0,"N",0,"N",0,"N",0,0,0,0,"8","","","","F","F","F","F","F","F","F","F","F","","","","F","F","F","F","F","","","","dauer001",4,8,0,0,0,0,0,0,0,84,"BAL","BAL","MIL",1,"F","F",2,9,0,34,1,"T","F",0,0,"F","F","skagd101","bumba001","F","F",0,0,0,0,0,0,0,0,0,"","","",0,0,0,0,0,0,0,0,0,0,0,0,0,"thomg001","F","F","F","F",0,0,0,0,0,0,0,0,0,0,F,F,"1978BAL.EVA.regular.event.csv",305
"BAL197804162","MIL",9,1,2,0,0,"",9,2,"crowt101","?","crowt101","?","rodre102","?","rodre102","?","moorc001","coopc001","sakal001","bands101","moned101","hisll101","thomg001","wohlj001","","","","6","F","T",11,9,2,"T","T",0,"F","F",1,"F","F",0,"F","F",6,"F","F","F","",0,0,"N",0,"N",0,"N",0,0,0,0,"6","","","","F","F","F","F","F","F","F","F","F","","","","F","T","F","F","F","","","","skagd101",2,6,0,0,0,0,0,0,0,85,"BAL","BAL","MIL",1,"F","T",2,9,0,35,2,"T","F",0,0,"F","F","bumba001","belam101","F","F",0,0,0,0,0,0,0,0,0,"","","",0,0,0,0,0,0,0,0,0,0,0,0,0,"moned101","F","F","F","F",0,0,0,0,0,0,0,0,0,0,F,F,"1978BAL.EVA.regular.event.csv",306
"BAL197804210","KCA",1,0,0,0,0,"",0,0,"poqut101","?","poqut101","?","palmj001","?","palmj001","?","dempr001","murre001","smitb101","decid001","belam101","bumba001","harll101","singk001","","","","53","T","F",7,1,2,"T","T",0,"F","F",1,"F","F",0,"F","F",5,"G","F","F","",0,0,"N",0,"N",0,"N",0,0,0,0,"53","","","","F","F","F","F","F","F","F","F","F","","","","T","F","F","F","F","","","","",0,3,0,0,5,0,0,0,0,1,"BAL","KCA","BAL",0,"T","F",0,0,0,0,0,"T","F",0,0,"T","T","mcrah001","bretg001","T","T",0,0,0,0,0,0,0,0,0,"","","",0,0,0,0,0,0,0,0,0,0,0,0,0,"decid001","F","F","F","F",0,0,0,0,0,0,0,0,0,0,F,F,"1978BAL.EVA.regular.event.csv",307
"BAL197804210","KCA",1,0,1,0,0,"",0,0,"mcrah001","?","mcrah001","?","palmj001","?","palmj001","?","dempr001","murre001","smitb101","decid001","belam101","bumba001","harll101","singk001","","","","4/FL","F","F",10,2,2,"T","T",0,"F","F",1,"F","F",0,"F","F",4,"F","F","T","",0,0,"N",0,"N",0,"N",0,0,0,0,"4","","","","F","F","F","F","F","F","F","F","F","","","","F","F","F","F","F","","","","",0,4,0,0,0,0,0,0,0,2,"BAL","KCA","BAL",0,"F","F",0,0,0,1,1,"T","F",0,0,"T","T","bretg001","cowea001","T","T",0,0,0,0,0,0,0,0,0,"","","",0,0,0,0,0,0,0,0,0,0,0,0,0,"smitb101","F","F","F","F",0,0,0,0,0,0,0,0,0,0,F,F,"1978BAL.EVA.regular.event.csv",308
"BAL197804210","KCA",1,0,2,0,0,"",0,0,"bretg001","?","bretg001","?","palmj001","?","palmj001","?","dempr001","murre001","smitb101","decid001","belam101","bumba001","harll101","singk001","","","","W","F","F",5,3,14,"T","F",0,"F","F",0,"F","F",0,"F","F",0,"","F","F","",0,0,"N",0,"N",0,"N",1,0,0,0,"","","","","F","F","F","F","F","F","F","F","F","","","","F","F","F","F","F","","","","",0,0,0,0,0,0,0,0,0,3,"BAL","KCA","BAL",0,"F","F",0,0,0,2,2,"T","F",0,1,"T","T","cowea001","portd001","T","T",0,0,0,0,0,0,0,0,0,"","","",0,0,0,0,0,0,0,0,0,0,0,0,0,"","F","F","F","F",0,0,0,0,0,0,0,0,0,0,F,F,"1978BAL.EVA.regular.event.csv",309
"BAL197804210","KCA",1,0,2,0,0,"",0,0,"cowea001","?","cowea001","?","palmj001","?","palmj001","?","dempr001","murre001","smitb101","decid001","belam101","bumba001","harll101","singk001","bretg001","","","2/FL","F","F",9,4,2,"T","T",0,"F","F",1,"F","F",0,"F","F",2,"F","F","T","",0,0,"N",0,"N",0,"N",0,1,0,0,"2","","","","F","F","F","F","F","F","F","F","F","palmj001","","","F","F","F","F","F","","","","",0,2,0,0,0,0,0,0,0,4,"BAL","KCA","BAL",0,"F","T",0,0,0,3,3,"T","F",1,1,"T","T","portd001","hurdc001","T","T",5,3,3,0,0,0,0,0,0,"dempr001","","",0,0,0,0,0,0,0,0,0,0,0,0,0,"dempr001","F","F","F","F",0,0,0,0,0,0,0,0,0,0,F,F,"1978BAL.EVA.regular.event.csv",310
"BAL197804210","KCA",1,1,0,0,0,"",0,0,"bumba001","?","bumba001","?","leond001","?","leond001","?","portd001","hurdc001","whitf001","bretg001","patef101","poqut101","otisa001","cowea001","","","","W","T","F",7,1,14,"T","F",0,"F","F",0,"F","F",0,"F","F",0,"","F","F","",0,0,"N",0,"N",0,"N",1,0,0,0,"","","","","F","F","F","F","F","F","F","F","F","","","","F","F","F","F","F","","","","",0,0,0,0,0,0,0,0,0,5,"BAL","BAL","KCA",1,"T","F",0,0,0,0,0,"T","F",0,1,"T","T","harll101","singk001","T","T",0,0,0,0,0,0,0,0,0,"","","",0,0,0,0,0,0,0,0,0,0,0,0,0,"","F","F","F","F",0,0,0,0,0,0,0,0,0,0,F,F,"1978BAL.EVA.regular.event.csv",311
"BAL197804210","KCA",1,1,0,0,0,"",0,0,"harll101","?","harll101","?","leond001","?","leond001","?","portd001","hurdc001","whitf001","bretg001","patef101","poqut101","otisa001","cowea001","bumba001","","","SB2","F","F",8,2,4,"F","F",0,"F","F",0,"F","F",0,"F","F",0,"","F","F","",0,0,"N",0,"N",0,"N",0,2,0,0,"","","","","T","F","F","F","F","F","F","F","F","leond001","","","F","F","F","F","F","","","","",0,0,0,0,0,0,0,0,0,6,"BAL","BAL","KCA",1,"F","F",0,0,0,1,1,"T","F",1,2,"T","T","singk001","murre001","T","T",7,1,5,0,0,0,0,0,0,"portd001","","",0,0,0,0,0,0,0,0,0,0,0,0,0,"","F","F","F","F",0,0,0,0,0,0,0,0,0,0,F,F,"1978BAL.EVA.regular.event.csv",312
"BAL197804210","KCA",1,1,0,0,0,"",0,0,"harll101","?","harll101","?","leond001","?","leond001","?","portd001","hurdc001","whitf001","bretg001","patef101","poqut101","otisa001","cowea001","","bumba001","","K","F","F",8,2,3,"T","T",0,"F","F",1,"F","F",0,"F","F",0,"","F","F","",0,0,"N",0,"N",0,"N",0,0,2,0,"2","","","","F","F","F","F","F","F","F","F","F","","leond001","","F","F","F","F","F","","","","",0,2,0,0,0,0,0,0,0,7,"BAL","BAL","KCA",1,"F","F",0,0,0,1,1,"F","F",2,2,"T","T","singk001","murre001","T","T",0,0,0,7,1,5,0,0,0,"","portd001","",0,0,0,0,0,0,0,0,0,0,0,0,0,"","F","F","F","F",0,0,0,0,0,0,0,0,0,0,F,F,"1978BAL.EVA.regular.event.csv",313
"BAL197804210","KCA",1,1,1,0,0,"",0,0,"singk001","?","singk001","?","leond001","?","leond001","?","portd001","hurdc001","whitf001","bretg001","patef101","poqut101","otisa001","cowea001","","bumba001","","S8.2-3","F","F",9,3,20,"T","T",1,"F","F",0,"F","F",0,"F","F",8,"","F","F","",0,0,"N",0,"N",0,"N",1,0,3,0,"","","","","F","F","F","F","F","F","F","F","F","","leond001","","F","F","F","F","F","","","","",0,0,0,0,0,0,0,0,0,8,"BAL","BAL","KCA",1,"F","F",0,0,0,2,2,"T","F",2,5,"T","T","murre001","may-l101","T","T",0,0,0,7,1,5,0,0,0,"","portd001","",0,0,0,0,0,0,0,0,0,0,0,0,0,"otisa001","F","F","F","F",0,0,0,0,0,0,0,0,0,0,F,F,"1978BAL.EVA.regular.event.csv",314
"BAL197804210","KCA",1,1,1,0,0,"",0,0,"murre001","?","murre001","?","leond001","?","leond001","?","portd001","hurdc001","whitf001","bretg001","patef101","poqut101","otisa001","cowea001","singk001","","bumba001","K","F","F",3,4,3,"T","T",0,"F","F",1,"F","F",0,"F","F",0,"","F","F","",0,0,"N",0,"N",0,"N",0,1,0,3,"2","","","","F","F","F","F","F","F","F","F","F","leond001","","leond001","F","F","F","F","F","","","","",0,2,0,0,0,0,0,0,0,9,"BAL","BAL","KCA",1,"F","F",0,0,0,3,3,"T","F",5,5,"T","T","may-l101","decid001","T","T",9,3,8,0,0,0,7,1,5,"portd001","","portd001",0,0,0,0,0,0,0,0,0,0,0,0,0,"","F","F","F","F",0,0,0,0,0,0,0,0,0,0,F,F,"1978BAL.EVA.regular.event.csv",315
"BAL197804210","KCA",1,1,2,0,0,"",0,0,"may-l101","?","may-l101","?","leond001","?","leond001","?","portd001","hurdc001","whitf001","bretg001","patef101","poqut101","otisa001","cowea001","singk001","","bumba001","43","F","F",10,5,2,"T","T",0,"F","F",1,"F","F",0,"F","F",4,"G","F","F","",0,0,"N",0,"N",0,"N",0,1,0,3,"43","","","","F","F","F","F","F","F","F","F","F","leond001","","leond001","F","F","F","F","F","","","","",0,3,0,0,4,0,0,0,0,10,"BAL","BAL","KCA",1,"F","T",0,0,0,4,4,"T","F",5,5,"T","T","decid001","smitb101","T","T",9,3,8,0,0,0,7,1,5,"portd001","","portd001",0,0,0,0,0,0,0,0,0,0,0,0,0,"whitf001","F","F","F","F",0,0,0,0,0,0,0,0,0,0,F,F,"1978BAL.EVA.regular.event.csv",316
"BAL197804210","KCA",2,0,0,0,0,"",0,0,"portd001","?","portd001","?","palmj001","?","palmj001","?","dempr001","murre001","smitb101","decid001","belam101","bumba001","harll101","singk001","","","","31","T","F",2,5,2,"T","T",0,"F","F",1,"F","F",0,"F","F",3,"G","F","F","",0,0,"N",0,"N",0,"N",0,0,0,0,"31","","","","F","F","F","F","F","F","F","F","F","","","","F","F","F","F","F","","","","",0,1,0,0,3,0,0,0,0,11,"BAL","KCA","BAL",0,"T","F",0,0,0,4,0,"T","F",0,0,"T","T","hurdc001","otisa001","T","T",0,0,0,0,0,0,0,0,0,"","","",0,0,0,0,0,0,0,0,0,0,0,0,0,"murre001","F","F","F","F",0,0,0,0,0,0,0,0,0,0,F,F,"1978BAL.EVA.regular.event.csv",317
"BAL197804210","KCA",2,0,1,0,0,"",0,0,"hurdc001","?","hurdc001","?","palmj001","?","palmj001","?","dempr001","murre001","smitb101","decid001","belam101","bumba001","harll101","singk001","","","","K+PB.B-1","F","F",3,6,3,"T","T",0,"F","F",0,"F","F",0,"F","T",0,"","F","F","",0,0,"N",0,"N",0,"N",1,0,0,0,"","","","","F","F","F","F","F","F","F","F","F","","","","F","F","F","F","F","","","","",0,0,0,0,0,0,0,0,0,12,"BAL","KCA","BAL",0,"F","F",0,0,0,5,1,"T","F",0,1,"T","T","otisa001","patef101","T","T",0,0,0,0,0,0,0,0,0,"","","",0,0,0,0,0,0,0,0,0,0,0,0,0,"","F","F","F","F",0,0,0,0,0,0,0,0,0,0,F,F,"1978BAL.EVA.regular.event.csv",318
"BAL197804210","KCA",2,0,1,0,0,"",0,0,"otisa001","?","otisa001","?","palmj001","?","palmj001","?","dempr001","murre001","smitb101","decid001","belam101","bumba001","harll101","singk001","hurdc001","","","8","F","F",8,7,2,"T","T",0,"F","F",1,"F","F",0,"F","F",8,"F","F","F","",0,0,"N",0,"N",0,"N",0,1,0,0,"8","","","","F","F","F","F","F","F","F","F","F","palmj001","","","F","F","F","F","F","","","","",0,8,0,0,0,0,0,0,0,13,"BAL","KCA","BAL",0,"F","F",0,0,0,6,2,"T","F",1,1,"T","T","patef101","whitf001","T","T",3,6,12,0,0,0,0,0,0,"dempr001","","",0,0,0,0,0,0,0,0,0,0,0,0,0,"harll101","F","F","F","F",0,0,0,0,0,0,0,0,0,0,F,F,"1978BAL.EVA.regular.event.csv",319
"BAL197804210","KCA",2,0,2,0,0,"",0,0,"patef101","?","patef101","?","palmj001","?","palmj001","?","dempr001","murre001","smitb101","decid001","belam101","bumba001","harll101","singk001","hurdc001","","","54(1)/FO","F","F",6,8,2,"T","T",0,"F","F",1,"F","F",0,"F","F",5,"G","F","F","",0,0,"N",0,"N",0,"N",1,0,0,0,"","54","","","F","F","F","F","F","F","F","F","F","palmj001","","","F","F","F","F","F","","","","",0,4,0,0,5,0,0,0,0,14,"BAL","KCA","BAL",0,"F","T",0,0,0,7,3,"T","F",1,1,"T","T","whitf001","poqut101","T","T",3,6,12,0,0,0,0,0,0,"dempr001","","",0,0,0,0,0,0,0,0,0,0,0,0,0,"decid001","T","F","F","F",0,0,0,0,0,0,0,0,0,0,F,F,"1978BAL.EVA.regular.event.csv",320
"BAL197804210","KCA",2,1,0,0,0,"",0,0,"decid001","?","decid001","?","leond001","?","leond001","?","portd001","hurdc001","whitf001","bretg001","patef101","poqut101","otisa001","cowea001","","","","63","T","F",5,6,2,"T","T",0,"F","F",1,"F","F",0,"F","F",6,"G","F","F","",0,0,"N",0,"N",0,"N",0,0,0,0,"63","","","","F","F","F","F","F","F","F","F","F","","","","F","F","F","F","F","","","","",0,3,0,0,6,0,0,0,0,15,"BAL","BAL","KCA",1,"T","F",0,0,0,5,0,"T","F",0,0,"T","T","smitb101","dempr001","T","T",0,0,0,0,0,0,0,0,0,"","","",0,0,0,0,0,0,0,0,0,0,0,0,0,"patef101","F","F","F","F",0,0,0,0,0,0,0,0,0,0,F,F,"1978BAL.EVA.regular.event.csv",321
"BAL197804210","KCA",2,1,1,0,0,"",0,0,"smitb101","?","smitb101","?","leond001","?","leond001","?","portd001","hurdc001","whitf001","bretg001","patef101","poqut101","otisa001","cowea001","","","","K","F","F",4,7,3,"T","T",0,"F","F",1,"F","F",0,"F","F",0,"","F","F","",0,0,"N",0,"N",0,"N",0,0,0,0,"2","","","","F","F","F","F","F","F","F","F","F","","","","F","F","F","F","F","","","","",0,2,0,0,0,0,0,0,0,16,"BAL","BAL","KCA",1,"F","F",0,0,0,6,1,"T","F",0,0,"T","T","dempr001","belam101","T","T",0,0,0,0,0,0,0,0,0,"","","",0,0,0,0,0,0,0,0,0,0,0,0,0,"","F","F","F","F",0,0,0,0,0,0,0,0,0,0,F,F,"1978BAL.EVA.regular.event.csv",322
"BAL197804210","KCA",2,1,2,0,0,"",0,0,"dempr001","?","dempr001","?","leond001","?","leond001","?","portd001","hurdc001","whitf001","bretg001","patef101","poqut101","otisa001","cowea001","","","","63","F","F",2,8,2,"T","T",0,"F","F",1,"F","F",0,"F","F",6,"G","F","F","",0,0,"N",0,"N",0,"N",0,0,0,0,"63","","","","F","F","F","F","F","F","F","F","F","","","","F","F","F","F","F","","","","",0,3,0,0,6,0,0,0,0,17,"BAL","BAL","KCA",1,"F","T",0,0,0,7,2,"T","F",0,0,"T","T","belam101","bumba001","T","T",0,0,0,0,0,0,0,0,0,"","","",0,0,0,0,0,0,0,0,0,0,0,0,0,"patef101","F","F","F","F",0,0,0,0,0,0,0,0,0,0,F,F,"1978BAL.EVA.regular.event.csv",323
"BAL197804210","KCA",3,0,0,0,0,"",0,0,"whitf001","?","whitf001","?","palmj001","?","palmj001","?","dempr001","murre001","smitb101","decid001","belam101","bumba001","harll101","singk001","","","","8","T","F",4,9,2,"T","T",0,"F","F",1,"F","F",0,"F","F",8,"F","F","F","",0,0,"N",0,"N",0,"N",0,0,0,0,"8","","","","F","F","F","F","F","F","F","F","F","","","","F","F","F","F","F","","","","",0,8,0,0,0,0,0,0,0,18,"BAL","KCA","BAL",0,"T","F",0,0,0,8,0,"T","F",0,0,"T","T","poqut101","mcrah001","T","T",0,0,0,0,0,0,0,0,0,"","","",0,0,0,0,0,0,0,0,0,0,0,0,0,"harll101","F","F","F","F",0,0,0,0,0,0,0,0,0,0,F,F,"1978BAL.EVA.regular.event.csv",324
"BAL197804210","KCA",3,0,1,0,0,"",0,0,"poqut101","?","poqut101","?","palmj001","?","palmj001","?","dempr001","murre001","smitb101","decid001","belam101","bumba001","harll101","singk001","","","","D8","F","F",7,1,21,"T","T",2,"F","F",0,"F","F",0,"F","F",8,"","F","F","",0,0,"N",0,"N",0,"N",2,0,0,0,"","","","","F","F","F","F","F","F","F","F","F","","","","F","F","F","F","F","","","","",0,0,0,0,0,0,0,0,0,19,"BAL","KCA","BAL",0,"F","F",0,0,0,9,1,"T","F",0,2,"T","T","mcrah001","bretg001","T","T",0,0,0,0,0,0,0,0,0,"","","",0,0,0,0,0,0,0,0,0,0,0,0,0,"harll101","F","F","F","F",0,0,0,0,0,0,0,0,0,0,F,F,"1978BAL.EVA.regular.event.csv",325
"BAL197804210","KCA",3,0,1,0,0,"",0,0,"mcrah001","?","mcrah001","?","palmj001","?","palmj001","?","dempr001","murre001","smitb101","decid001","belam101","bumba001","harll101","singk001","","poqut101","","7","F","F",10,2,2,"T","T",0,"F","F",1,"F","F",0,"F","F",7,"F","F","F","",0,0,"N",0,"N",0,"N",0,0,2,0,"7","","","","F","F","F","F","F","F","F","F","F","","palmj001","","F","F","F","F","F","","","","",0,7,0,0,0,0,0,0,0,20,"BAL","KCA","BAL",0,"F","F",0,0,0,10,2,"T","F",2,2,"T","T","bretg001","cowea001","T","T",0,0,0,7,1,19,0,0,0,"","dempr001","",0,0,0,0,0,0,0,0,0,0,0,0,0,"bumba001","F","F","F","F",0,0,0,0,0,0,0,0,0,0,F,F,"1978BAL.EVA.regular.event.csv",326
"BAL197804210","KCA",3,0,2,0,0,"",0,0,"bretg001","?","bretg001","?","palmj001","?","palmj001","?","dempr001","murre001","smitb101","decid001","belam101","bumba001","harll101","singk001","","poqut101","","9/L","F","F",5,3,2,"T","T",0,"F","F",1,"F","F",0,"F","F",9,"L","F","F","",0,0,"N",0,"N",0,"N",0,0,2,0,"9","","","","F","F","F","F","F","F","F","F","F","","palmj001","","F","F","F","F","F","","","","",0,9,0,0,0,0,0,0,0,21,"BAL","KCA","BAL",0,"F","T",0,0,0,11,3,"T","F",2,2,"T","T","cowea001","portd001","T","T",0,0,0,7,1,19,0,0,0,"","dempr001","",0,0,0,0,0,0,0,0,0,0,0,0,0,"singk001","F","F","F","F",0,0,0,0,0,0,0,0,0,0,F,F,"1978BAL.EVA.regular.event.csv",327
"BAL197804210","KCA",3,1,0,0,0,"",0,0,"belam101","?","belam101","?","leond001","?","leond001","?","portd001","hurdc001","whitf001","bretg001","patef101","poqut101","otisa001","cowea001","","","","53","T","F",6,9,2,"T","T",0,"F","F",1,"F","F",0,"F","F",5,"G","F","F","",0,0,"N",0,"N",0,"N",0,0,0,0,"53","","","","F","F","F","F","F","F","F","F","F","","","","F","F","F","F","F","","","","",0,3,0,0,5,0,0,0,0,22,"BAL","BAL","KCA",1,"T","F",0,0,0,8,0,"T","F",0,0,"T","T","bumba001","harll101","T","T",0,0,0,0,0,0,0,0,0,"","","",0,0,0,0,0,0,0,0,0,0,0,0,0,"bretg001","F","F","F","F",0,0,0,0,0,0,0,0,0,0,F,F,"1978BAL.EVA.regular.event.csv",328
"BAL197804210","KCA",3,1,1,0,0,"",0,0,"bumba001","?","bumba001","?","leond001","?","leond001","?","portd001","hurdc001","whitf001","bretg001","patef101","poqut101","otisa001","cowea001","","","","S8","F","F",7,1,20,"T","T",1,"F","F",0,"F","F",0,"F","F",8,"","F","F","",0,0,"N",0,"N",0,"N",1,0,0,0,"","","","","F","F","F","F","F","F","F","F","F","","","","F","F","F","F","F","","","","",0,0,0,0,0,0,0,0,0,23,"BAL","BAL","KCA",1,"F","F",0,0,0,9,1,"T","F",0,1,"T","T","harll101","singk001","T","T",0,0,0,0,0,0,0,0,0,"","","",0,0,0,0,0,0,0,0,0,0,0,0,0,"otisa001","F","F","F","F",0,0,0,0,0,0,0,0,0,0,F,F,"1978BAL.EVA.regular.event.csv",329
"BAL197804210","KCA",3,1,1,0,0,"",0,0,"harll101","?","harll101","?","leond001","?","leond001","?","portd001","hurdc001","whitf001","bretg001","patef101","poqut101","otisa001","cowea001","bumba001","","","CS2(26)","F","F",8,2,6,"F","F",0,"F","F",1,"F","F",0,"F","F",0,"","F","F","",0,0,"N",0,"N",0,"N",0,0,0,0,"","26","","","F","F","F","T","F","F","F","F","F","leond001","","","F","F","F","F","F","","","","",0,6,0,0,2,0,0,0,0,24,"BAL","BAL","KCA",1,"F","F",0,0,0,10,2,"T","F",1,0,"T","T","singk001","murre001","T","T",7,1,23,0,0,0,0,0,0,"portd001","","",0,0,0,0,0,0,0,0,0,0,0,0,0,"","F","F","F","F",0,0,0,0,0,0,0,0,0,0,F,F,"1978BAL.EVA.regular.event.csv",330
"BAL197804210","KCA",3,1,2,0,0,"",0,0,"harll101","?","harll101","?","leond001","?","leond001","?","portd001","hurdc001","whitf001","bretg001","patef101","poqut101","otisa001","cowea001","","","","K","F","F",8,2,3,"T","T",0,"F","F",1,"F","F",0,"F","F",0,"","F","F","",0,0,"N",0,"N",0,"N",0,0,0,0,"2","","","","F","F","F","F","F","F","F","F","F","","","","F","F","F","F","F","","","","",0,2,0,0,0,0,0,0,0,25,"BAL","BAL","KCA",1,"F","T",0,0,0,10,2,"F","F",0,0,"T","T","singk001","murre001","T","T",0,0,0,0,0,0,0,0,0,"","","",0,0,0,0,0,0,0,0,0,0,0,0,0,"","F","F","F","F",0,0,0,0,0,0,0,0,0,0,F,F,"1978BAL.EVA.regular.event.csv",331
"BAL197804210","KCA",4,0,0,0,0,"",0,0,"cowea001","?","cowea001","?","palmj001","?","palmj001","?","dempr001","murre001","smitb101","decid001","belam101","bumba001","harll101","singk001","","","","8","T","F",9,4,2,"T","T",0,"F","F",1,"F","F",0,"F","F",8,"F","F","F","",0,0,"N",0,"N",0,"N",0,0,0,0,"8","","","","F","F","F","F","F","F","F","F","F","","","","F","F","F","F","F","","","","",0,8,0,0,0,0,0,0,0,26,"BAL","KCA","BAL",0,"T","F",0,0,0,12,0,"T","F",0,0,"T","T","portd001","hurdc001","T","T",0,0,0,0,0,0,0,0,0,"","","",0,0,0,0,0,0,0,0,0,0,0,0,0,"harll101","F","F","F","F",0,0,0,0,0,0,0,0,0,0,F,F,"1978BAL.EVA.regular.event.csv",332
"BAL197804210","KCA",4,0,1,0,0,"",0,0,"portd001","?","portd001","?","palmj001","?","palmj001","?","dempr001","murre001","smitb101","decid001","belam101","bumba001","harll101","singk001","","","","S","F","F",2,5,20,"T","T",1,"F","F",0,"F","F",0,"F","F",0,"","F","F","",0,0,"N",0,"N",0,"N",1,0,0,0,"","","","","F","F","F","F","F","F","F","F","F","","","","F","F","F","F","F","","","","",0,0,0,0,0,0,0,0,0,27,"BAL","KCA","BAL",0,"F","F",0,0,0,13,1,"T","F",0,1,"T","T","hurdc001","otisa001","T","T",0,0,0,0,0,0,0,0,0,"","","",0,0,0,0,0,0,0,0,0,0,0,0,0,"","F","F","F","F",0,0,0,0,0,0,0,0,0,0,F,F,"1978BAL.EVA.regular.event.csv",333
"BAL197804210","KCA",4,0,1,0,0,"",0,0,"hurdc001","?","hurdc001","?","palmj001","?","palmj001","?","dempr001","murre001","smitb101","decid001","belam101","bumba001","harll101","singk001","portd001","","","K+CS2(24)/DP","F","F",3,6,3,"T","T",0,"F","F",2,"T","F",0,"F","F",0,"","F","F","",0,0,"N",0,"N",0,"N",0,0,0,0,"2","24","","","F","F","F","T","F","F","F","F","F","palmj001","","","F","F","F","F","F","","","","",0,2,4,0,2,0,0,0,0,28,"BAL","KCA","BAL",0,"F","T",0,0,0,14,2,"T","F",1,0,"T","T","otisa001","patef101","T","T",2,5,27,0,0,0,0,0,0,"dempr001","","",0,0,0,0,0,0,0,0,0,0,0,0,0,"","F","F","F","F",0,0,0,0,0,0,0,0,0,0,F,F,"1978BAL.EVA.regular.event.csv",334
"BAL197804210","KCA",4,1,0,0,0,"",0,0,"singk001","?","singk001","?","leond001","?","leond001","?","portd001","hurdc001","whitf001","bretg001","patef101","poqut101","otisa001","cowea001","","","","8","T","F",9,3,2,"T","T",0,"F","F",1,"F","F",0,"F","F",8,"F","F","F","",0,0,"N",0,"N",0,"N",0,0,0,0,"8","","","","F","F","F","F","F","F","F","F","F","","","","F","F","F","F","F","","","","",0,8,0,0,0,0,0,0,0,29,"BAL","BAL","KCA",1,"T","F",0,0,0,11,0,"T","F",0,0,"T","T","murre001","may-l101","T","T",0,0,0,0,0,0,0,0,0,"","","",0,0,0,0,0,0,0,0,0,0,0,0,0,"otisa001","F","F","F","F",0,0,0,0,0,0,0,0,0,0,F,F,"1978BAL.EVA.regular.event.csv",335
"BAL197804210","KCA",4,1,1,0,0,"",0,0,"murre001","?","murre001","?","leond001","?","leond001","?","portd001","hurdc001","whitf001","bretg001","patef101","poqut101","otisa001","cowea001","","","","13","F","F",3,4,2,"T","T",0,"F","F",1,"F","F",0,"F","F",1,"G","F","F","",0,0,"N",0,"N",0,"N",0,0,0,0,"13","","","","F","F","F","F","F","F","F","F","F","","","","F","F","F","F","F","","","","",0,3,0,0,1,0,0,0,0,30,"BAL","BAL","KCA",1,"F","F",0,0,0,12,1,"T","F",0,0,"T","T","may-l101","decid001","T","T",0,0,0,0,0,0,0,0,0,"","","",0,0,0,0,0,0,0,0,0,0,0,0,0,"leond001","F","F","F","F",0,0,0,0,0,0,0,0,0,0,F,F,"1978BAL.EVA.regular.event.csv",336
"BAL197804210","KCA",4,1,2,0,0,"",0,0,"may-l101","?","may-l101","?","leond001","?","leond001","?","portd001","hurdc001","whitf001","bretg001","patef101","poqut101","otisa001","cowea001","","","","K","F","F",10,5,3,"T","T",0,"F","F",1,"F","F",0,"F","F",0,"","F","F","",0,0,"N",0,"N",0,"N",0,0,0,0,"2","","","","F","F","F","F","F","F","F","F","F","","","","F","F","F","F","F","","","","",0,2,0,0,0,0,0,0,0,31,"BAL","BAL","KCA",1,"F","T",0,0,0,13,2,"T","F",0,0,"T","T","decid001","smitb101","T","T",0,0,0,0,0,0,0,0,0,"","","",0,0,0,0,0,0,0,0,0,0,0,0,0,"","F","F","F","F",0,0,0,0,0,0,0,0,0,0,F,F,"1978BAL.EVA.regular.event.csv",337
"BAL197804210","KCA",5,0,0,0,0,"",0,0,"otisa001","?","otisa001","?","palmj001","?","palmj001","?","dempr001","murre001","smitb101","decid001","belam101","bumba001","harll101","singk001","","","","9","T","F",8,7,2,"T","T",0,"F","F",1,"F","F",0,"F","F",9,"F","F","F","",0,0,"N",0,"N",0,"N",0,0,0,0,"9","","","","F","F","F","F","F","F","F","F","F","","","","F","F","F","F","F","","","","",0,9,0,0,0,0,0,0,0,32,"BAL","KCA","BAL",0,"T","F",0,0,0,15,0,"T","F",0,0,"T","T","patef101","whitf001","T","T",0,0,0,0,0,0,0,0,0,"","","",0,0,0,0,0,0,0,0,0,0,0,0,0,"singk001","F","F","F","F",0,0,0,0,0,0,0,0,0,0,F,F,"1978BAL.EVA.regular.event.csv",338
"BAL197804210","KCA",5,0,1,0,0,"",0,0,"patef101","?","patef101","?","palmj001","?","palmj001","?","dempr001","murre001","smitb101","decid001","belam101","bumba001","harll101","singk001","","","","63","F","F",6,8,2,"T","T",0,"F","F",1,"F","F",0,"F","F",6,"G","F","F","",0,0,"N",0,"N",0,"N",0,0,0,0,"63","","","","F","F","F","F","F","F","F","F","F","","","","F","F","F","F","F","","","","",0,3,0,0,6,0,0,0,0,33,"BAL","KCA","BAL",0,"F","F",0,0,0,16,1,"T","F",0,0,"T","T","whitf001","poqut101","T","T",0,0,0,0,0,0,0,0,0,"","","",0,0,0,0,0,0,0,0,0,0,0,0,0,"belam101","F","F","F","F",0,0,0,0,0,0,0,0,0,0,F,F,"1978BAL.EVA.regular.event.csv",339
"BAL197804210","KCA",5,0,2,0,0,"",0,0,"whitf001","?","whitf001","?","palmj001","?","palmj001","?","dempr001","murre001","smitb101","decid001","belam101","bumba001","harll101","singk001","","","","53","F","F",4,9,2,"T","T",0,"F","F",1,"F","F",0,"F","F",5,"G","F","F","",0,0,"N",0,"N",0,"N",0,0,0,0,"53","","","","F","F","F","F","F","F","F","F","F","","","","F","F","F","F","F","","","","",0,3,0,0,5,0,0,0,0,34,"BAL","KCA","BAL",0,"F","T",0,0,0,17,2,"T","F",0,0,"T","T","poqut101","mcrah001","T","T",0,0,0,0,0,0,0,0,0,"","","",0,0,0,0,0,0,0,0,0,0,0,0,0,"decid001","F","F","F","F",0,0,0,0,0,0,0,0,0,0,F,F,"1978BAL.EVA.regular.event.csv",340
"BAL197804210","KCA",5,1,0,0,0,"",0,0,"decid001","?","decid001","?","leond001","?","leond001","?","portd001","hurdc001","whitf001","bretg001","patef101","poqut101","otisa001","cowea001","","","","13","T","F",5,6,2,"T","T",0,"F","F",1,"F","F",0,"F","F",1,"G","F","F","",0,0,"N",0,"N",0,"N",0,0,0,0,"13","","","","F","F","F","F","F","F","F","F","F","","","","F","F","F","F","F","","","","",0,3,0,0,1,0,0,0,0,35,"BAL","BAL","KCA",1,"T","F",0,0,0,14,0,"T","F",0,0,"T","T","smitb101","dempr001","T","T",0,0,0,0,0,0,0,0,0,"","","",0,0,0,0,0,0,0,0,0,0,0,0,0,"leond001","F","F","F","F",0,0,0,0,0,0,0,0,0,0,F,F,"1978BAL.EVA.regular.event.csv",341
"BAL197804210","KCA",5,1,1,0,0,"",0,0,"smitb101","?","smitb101","?","leond001","?","leond001","?","portd001","hurdc001","whitf001","bretg001","patef101","poqut101","otisa001","cowea001","","","","7","F","F",4,7,2,"T","T",0,"F","F",1,"F","F",0,"F","F",7,"F","F","F","",0,0,"N",0,"N",0,"N",0,0,0,0,"7","","","","F","F","F","F","F","F","F","F","F","","","","F","F","F","F","F","","","","",0,7,0,0,0,0,0,0,0,36,"BAL","BAL","KCA",1,"F","F",0,0,0,15,1,"T","F",0,0,"T","T","dempr001","belam101","T","T",0,0,0,0,0,0,0,0,0,"","","",0,0,0,0,0,0,0,0,0,0,0,0,0,"poqut101","F","F","F","F",0,0,0,0,0,0,0,0,0,0,F,F,"1978BAL.EVA.regular.event.csv",342
"BAL197804210","KCA",5,1,2,0,0,"",0,0,"dempr001","?","dempr001","?","leond001","?","leond001","?","portd001","hurdc001","whitf001","bretg001","patef101","poqut101","otisa001","cowea001","","","","W","F","F",2,8,14,"T","F",0,"F","F",0,"F","F",0,"F","F",0,"","F","F","",0,0,"N",0,"N",0,"N",1,0,0,0,"","","","","F","F","F","F","F","F","F","F","F","","","","F","F","F","F","F","","","","",0,0,0,0,0,0,0,0,0,37,"BAL","BAL","KCA",1,"F","F",0,0,0,16,2,"T","F",0,1,"T","T","belam101","bumba001","T","T",0,0,0,0,0,0,0,0,0,"","","",0,0,0,0,0,0,0,0,0,0,0,0,0,"","F","F","F","F",0,0,0,0,0,0,0,0,0,0,F,F,"1978BAL.EVA.regular.event.csv",343
"BAL197804210","KCA",5,1,2,0,0,"",0,0,"belam101","?","belam101","?","leond001","?","leond001","?","portd001","hurdc001","whitf001","bretg001","patef101","poqut101","otisa001","cowea001","dempr001","","","D7.1-3","F","F",6,9,21,"T","T",2,"F","F",0,"F","F",0,"F","F",7,"","F","F","",0,0,"N",0,"N",0,"N",2,3,0,0,"","","","","F","F","F","F","F","F","F","F","F","leond001","","","F","F","F","F","F","","","","",0,0,0,0,0,0,0,0,0,38,"BAL","BAL","KCA",1,"F","F",0,0,0,17,3,"T","F",1,6,"T","T","bumba001","harll101","T","T",2,8,37,0,0,0,0,0,0,"portd001","","",0,0,0,0,0,0,0,0,0,0,0,0,0,"poqut101","F","F","F","F",0,0,0,0,0,0,0,0,0,0,F,F,"1978BAL.EVA.regular.event.csv",344
"BAL197804210","KCA",5,1,2,0,0,"",0,0,"bumba001","?","bumba001","?","leond001","?","leond001","?","portd001","hurdc001","whitf001","bretg001","patef101","poqut101","otisa001","cowea001","","belam101","dempr001","13","F","F",7,1,2,"T","T",0,"F","F",1,"F","F",0,"F","F",1,"G","F","F","",0,0,"N",0,"N",0,"N",0,0,2,3,"13","","","","F","F","F","F","F","F","F","F","F","","leond001","leond001","F","F","F","F","F","","","","",0,3,0,0,1,0,0,0,0,39,"BAL","BAL","KCA",1,"F","T",0,0,0,18,4,"T","F",6,6,"T","T","harll101","singk001","T","T",0,0,0,6,9,38,2,8,37,"","portd001","portd001",0,0,0,0,0,0,0,0,0,0,0,0,0,"leond001","F","F","F","F",0,0,0,0,0,0,0,0,0,0,F,F,"1978BAL.EVA.regular.event.csv",345
"BAL197804210","KCA",6,0,0,0,0,"",0,0,"poqut101","?","poqut101","?","palmj001","?","palmj001","?","dempr001","murre001","smitb101","decid001","belam101","bumba001","harll101","singk001","","","","HR/9","T","F",7,1,23,"T","T",4,"F","F",0,"F","F",1,"F","F",0,"","F","F","9",0,0,"N",0,"N",0,"N",4,0,0,0,"","","","","F","F","F","F","F","F","F","F","F","","","","F","F","F","F","F","","","","",0,0,0,0,0,0,0,0,0,40,"BAL","KCA","BAL",0,"T","F",0,0,0,18,0,"T","F",0,0,"T","T","mcrah001","bretg001","T","T",0,0,0,0,0,0,0,0,0,"","","",0,0,0,0,0,0,0,0,0,0,0,0,1,"","F","F","F","F",4,0,0,0,0,0,0,0,0,0,F,F,"1978BAL.EVA.regular.event.csv",346
"BAL197804210","KCA",6,0,0,0,0,"",1,0,"mcrah001","?","mcrah001","?","palmj001","?","palmj001","?","dempr001","murre001","smitb101","decid001","belam101","bumba001","harll101","singk001","","","","7","F","F",10,2,2,"T","T",0,"F","F",1,"F","F",0,"F","F",7,"F","F","F","",0,0,"N",0,"N",0,"N",0,0,0,0,"7","","","","F","F","F","F","F","F","F","F","F","","","","F","F","F","F","F","","","","",0,7,0,0,0,0,0,0,0,41,"BAL","KCA","BAL",0,"F","F",1,0,1,19,1,"T","F",0,0,"T","T","bretg001","cowea001","T","T",0,0,0,0,0,0,0,0,0,"","","",0,0,0,0,0,0,0,0,0,0,0,0,0,"bumba001","F","F","F","F",0,0,0,0,0,0,0,0,0,0,F,F,"1978BAL.EVA.regular.event.csv",347
"BAL197804210","KCA",6,0,1,0,0,"",1,0,"bretg001","?","bretg001","?","palmj001","?","palmj001","?","dempr001","murre001","smitb101","decid001","belam101","bumba001","harll101","singk001","","","","43","F","F",5,3,2,"T","T",0,"F","F",1,"F","F",0,"F","F",4,"G","F","F","",0,0,"N",0,"N",0,"N",0,0,0,0,"43","","","","F","F","F","F","F","F","F","F","F","","","","F","F","F","F","F","","","","",0,3,0,0,4,0,0,0,0,42,"BAL","KCA","BAL",0,"F","F",1,0,1,20,2,"T","F",0,0,"T","T","cowea001","portd001","T","T",0,0,0,0,0,0,0,0,0,"","","",0,0,0,0,0,0,0,0,0,0,0,0,0,"smitb101","F","F","F","F",0,0,0,0,0,0,0,0,0,0,F,F,"1978BAL.EVA.regular.event.csv",348
"BAL197804210","KCA",6,0,2,0,0,"",1,0,"cowea001","?","cowea001","?","palmj001","?","palmj001","?","dempr001","murre001","smitb101","decid001","belam101","bumba001","harll101","singk001","","","","53","F","F",9,4,2,"T","T",0,"F","F",1,"F","F",0,"F","F",5,"G","F","F","",0,0,"N",0,"N",0,"N",0,0,0,0,"53","","","","F","F","F","F","F","F","F","F","F","","","","F","F","F","F","F","","","","",0,3,0,0,5,0,0,0,0,43,"BAL","KCA","BAL",0,"F","T",1,0,1,21,3,"T","F",0,0,"T","T","portd001","hurdc001","T","T",0,0,0,0,0,0,0,0,0,"","","",0,0,0,0,0,0,0,0,0,0,0,0,0,"decid001","F","F","F","F",0,0,0,0,0,0,0,0,0,0,F,F,"1978BAL.EVA.regular.event.csv",349
"BAL197804210","KCA",6,1,0,0,0,"",1,0,"harll101","?","harll101","?","leond001","?","leond001","?","portd001","hurdc001","whitf001","bretg001","patef101","poqut101","otisa001","cowea001","","","","D7","T","F",8,2,21,"T","T",2,"F","F",0,"F","F",0,"F","F",7,"","F","F","",0,0,"N",0,"N",0,"N",2,0,0,0,"","","","","F","F","F","F","F","F","F","F","F","","","","F","F","F","F","F","","","","",0,0,0,0,0,0,0,0,0,44,"BAL","BAL","KCA",1,"T","F",0,1,0,19,0,"T","F",0,2,"T","T","singk001","murre001","T","T",0,0,0,0,0,0,0,0,0,"","","",0,0,0,0,0,0,0,0,0,0,0,0,0,"poqut101","F","F","F","F",4,0,0,0,2,0,0,0,0,0,F,F,"1978BAL.EVA.regular.event.csv",350
"BAL197804210","KCA",6,1,0,0,0,"",1,0,"singk001","?","singk001","?","leond001","?","leond001","?","portd001","hurdc001","whitf001","bretg001","patef101","poqut101","otisa001","cowea001","","harll101","","7","F","F",9,3,2,"T","T",0,"F","F",1,"F","F",0,"F","F",7,"F","F","F","",0,0,"N",0,"N",0,"N",0,0,2,0,"7","","","","F","F","F","F","F","F","F","F","F","","leond001","","F","F","F","F","F","","","","",0,7,0,0,0,0,0,0,0,45,"BAL","BAL","KCA",1,"F","F",0,1,0,20,1,"T","F",2,2,"T","T","murre001","may-l101","T","T",0,0,0,8,2,44,0,0,0,"","portd001","",0,0,0,0,0,0,0,0,0,0,0,0,0,"poqut101","F","F","F","F",0,0,4,0,2,0,0,0,0,0,F,F,"1978BAL.EVA.regular.event.csv",351
"BAL197804210","KCA",6,1,1,0,0,"",1,0,"murre001","?","murre001","?","leond001","?","leond001","?","portd001","hurdc001","whitf001","bretg001","patef101","poqut101","otisa001","cowea001","","harll101","","8","F","F",3,4,2,"T","T",0,"F","F",1,"F","F",0,"F","F",8,"F","F","F","",0,0,"N",0,"N",0,"N",0,0,2,0,"8","","","","F","F","F","F","F","F","F","F","F","","leond001","","F","F","F","F","F","","","","",0,8,0,0,0,0,0,0,0,46,"BAL","BAL","KCA",1,"F","F",0,1,0,21,2,"T","F",2,2,"T","T","may-l101","decid001","T","T",0,0,0,8,2,44,0,0,0,"","portd001","",0,0,0,0,0,0,0,0,0,0,0,0,0,"otisa001","F","F","F","F",0,0,4,0,2,0,0,0,0,0,F,F,"1978BAL.EVA.regular.event.csv",352
"BAL197804210","KCA",6,1,2,0,0,"",1,0,"may-l101","?","may-l101","?","leond001","?","leond001","?","portd001","hurdc001","whitf001","bretg001","patef101","poqut101","otisa001","cowea001","","harll101","","D9.2-H","F","F",10,5,21,"T","T",2,"F","F",0,"F","F",1,"F","F",9,"","F","F","",0,0,"N",0,"N",0,"N",2,0,4,0,"","","","","F","F","F","F","F","F","F","F","F","","leond001","","F","F","F","F","F","","","","",0,0,0,0,0,0,0,0,0,47,"BAL","BAL","KCA",1,"F","F",0,1,0,22,3,"T","F",2,2,"T","T","decid001","smitb101","T","T",0,0,0,8,2,44,0,0,0,"","portd001","",0,0,0,0,0,0,0,0,0,0,0,0,1,"cowea001","F","F","F","F",4,0,4,0,1,0,0,0,0,0,F,F,"1978BAL.EVA.regular.event.csv",353
"BAL197804210","KCA",6,1,2,0,0,"",1,1,"decid001","?","decid001","?","leond001","?","leond001","?","portd001","hurdc001","whitf001","bretg001","patef101","poqut101","otisa001","cowea001","","may-l101","","WP.2-3","F","F",5,6,9,"F","F",0,"F","F",0,"F","F",0,"T","F",0,"","F","F","",0,0,"N",0,"N",0,"N",0,0,3,0,"","","","","F","F","F","F","F","F","F","F","F","","leond001","","F","F","F","F","F","","","","",0,0,0,0,0,0,0,0,0,48,"BAL","BAL","KCA",1,"F","F",1,1,1,23,4,"T","F",2,4,"T","T","smitb101","dempr001","T","T",0,0,0,10,5,47,0,0,0,"","portd001","",0,0,0,0,0,0,0,0,0,0,0,0,0,"","F","F","F","F",0,0,4,0,1,0,0,0,0,0,F,F,"1978BAL.EVA.regular.event.csv",354
"BAL197804210","KCA",6,1,2,0,0,"",1,1,"decid001","?","decid001","?","leond001","?","leond001","?","portd001","hurdc001","whitf001","bretg001","patef101","poqut101","otisa001","cowea001","","","may-l101","WP.3-H","F","F",5,6,9,"F","F",0,"F","F",0,"F","F",0,"T","F",0,"","F","F","",0,0,"N",0,"N",0,"N",0,0,0,4,"","","","","F","F","F","F","F","F","F","F","F","","","leond001","F","F","F","F","F","","","","",0,0,0,0,0,0,0,0,0,49,"BAL","BAL","KCA",1,"F","F",1,1,1,23,4,"F","F",4,0,"T","T","smitb101","dempr001","T","T",0,0,0,0,0,0,10,5,47,"","","portd001",0,0,0,0,0,0,0,0,0,0,0,0,1,"","F","F","F","F",0,0,0,4,0,0,0,0,0,0,F,F,"1978BAL.EVA.regular.event.csv",355
"BAL197804210","KCA",6,1,2,0,0,"",1,2,"decid001","?","decid001","?","leond001","?","leond001","?","portd001","hurdc001","whitf001","bretg001","patef101","poqut101","otisa001","cowea001","","","","K/C","F","F",5,6,3,"T","T",0,"F","F",1,"F","F",0,"F","F",0,"","F","F","",0,0,"N",0,"N",0,"N",0,0,0,0,"2","","","","F","F","F","F","F","F","F","F","F","","","","F","F","F","F","F","","","","",0,2,0,0,0,0,0,0,0,50,"BAL","BAL","KCA",1,"F","T",2,1,2,23,4,"F","F",0,0,"T","T","smitb101","dempr001","T","T",0,0,0,0,0,0,0,0,0,"","","",0,0,0,0,0,0,0,0,0,0,0,0,0,"","F","F","F","F",0,0,0,0,0,0,0,0,0,0,F,F,"1978BAL.EVA.regular.event.csv",356
"BAL197804210","KCA",7,0,0,0,0,"",1,2,"portd001","?","portd001","?","palmj001","?","palmj001","?","dempr001","murre001","smitb101","decid001","belam101","bumba001","harll101","singk001","","","","S9","T","F",2,5,20,"T","T",1,"F","F",0,"F","F",0,"F","F",9,"","F","F","",0,0,"N",0,"N",0,"N",1,0,0,0,"","","","","F","F","F","F","F","F","F","F","F","","","","F","F","F","F","F","","","","",0,0,0,0,0,0,0,0,0,51,"BAL","KCA","BAL",0,"T","F",1,2,0,22,0,"T","F",0,1,"T","T","hurdc001","otisa001","T","T",0,0,0,0,0,0,0,0,0,"","","",0,0,0,0,0,0,0,0,0,0,0,0,0,"singk001","F","F","F","F",0,0,0,0,0,0,0,0,0,0,F,F,"1978BAL.EVA.regular.event.csv",357
"BAL197804210","KCA",7,0,0,0,0,"",1,2,"hurdc001","?","hurdc001","?","palmj001","?","palmj001","?","dempr001","murre001","smitb101","decid001","belam101","bumba001","harll101","singk001","portd001","","","9","F","F",3,6,2,"T","T",0,"F","F",1,"F","F",0,"F","F",9,"F","F","F","",0,0,"N",0,"N",0,"N",0,1,0,0,"9","","","","F","F","F","F","F","F","F","F","F","palmj001","","","F","F","F","F","F","","","","",0,9,0,0,0,0,0,0,0,52,"BAL","KCA","BAL",0,"F","F",1,2,0,23,1,"T","F",1,1,"T","T","otisa001","patef101","T","T",2,5,51,0,0,0,0,0,0,"dempr001","","",0,0,0,0,0,0,0,0,0,0,0,0,0,"singk001","F","F","F","F",0,0,0,0,0,0,0,0,0,0,F,F,"1978BAL.EVA.regular.event.csv",358
"BAL197804210","KCA",7,0,1,0,0,"",1,2,"otisa001","?","otisa001","?","palmj001","?","palmj001","?","dempr001","murre001","smitb101","decid001","belam101","bumba001","harll101","singk001","portd001","","","K+CS2(26)/DP","F","F",8,7,3,"T","T",0,"F","F",2,"T","F",0,"F","F",0,"","F","F","",0,0,"N",0,"N",0,"N",0,0,0,0,"2","26","","","F","F","F","T","F","F","F","F","F","palmj001","","","F","F","F","F","F","","","","",0,2,6,0,2,0,0,0,0,53,"BAL","KCA","BAL",0,"F","T",1,2,0,24,2,"T","F",1,0,"T","T","patef101","whitf001","T","T",2,5,51,0,0,0,0,0,0,"dempr001","","",0,0,0,0,0,0,0,0,0,0,0,0,0,"","F","F","F","F",0,0,0,0,0,0,0,0,0,0,F,F,"1978BAL.EVA.regular.event.csv",359
"BAL197804210","KCA",7,1,0,0,0,"",1,2,"smitb101","?","smitb101","?","leond001","?","leond001","?","portd001","hurdc001","whitf001","bretg001","patef101","poqut101","otisa001","cowea001","","","","9","T","F",4,7,2,"T","T",0,"F","F",1,"F","F",0,"F","F",9,"F","F","F","",0,0,"N",0,"N",0,"N",0,0,0,0,"9","","","","F","F","F","F","F","F","F","F","F","","","","F","F","F","F","F","","","","",0,9,0,0,0,0,0,0,0,54,"BAL","BAL","KCA",1,"T","F",2,1,0,24,0,"T","F",0,0,"T","T","dempr001","belam101","T","T",0,0,0,0,0,0,0,0,0,"","","",0,0,0,0,0,0,0,0,0,0,0,0,0,"cowea001","F","F","F","F",0,0,0,0,0,0,0,0,0,0,F,F,"1978BAL.EVA.regular.event.csv",360
"BAL197804210","KCA",7,1,1,0,0,"",1,2,"dempr001","?","dempr001","?","leond001","?","leond001","?","portd001","hurdc001","whitf001","bretg001","patef101","poqut101","otisa001","cowea001","","","","K/C","F","F",2,8,3,"T","T",0,"F","F",1,"F","F",0,"F","F",0,"","F","F","",0,0,"N",0,"N",0,"N",0,0,0,0,"2","","","","F","F","F","F","F","F","F","F","F","","","","F","F","F","F","F","","","","",0,2,0,0,0,0,0,0,0,55,"BAL","BAL","KCA",1,"F","F",2,1,0,25,1,"T","F",0,0,"T","T","belam101","bumba001","T","T",0,0,0,0,0,0,0,0,0,"","","",0,0,0,0,0,0,0,0,0,0,0,0,0,"","F","F","F","F",0,0,0,0,0,0,0,0,0,0,F,F,"1978BAL.EVA.regular.event.csv",361
"BAL197804210","KCA",7,1,2,0,0,"",1,2,"belam101","?","belam101","?","leond001","?","leond001","?","portd001","hurdc001","whitf001","bretg001","patef101","poqut101","otisa001","cowea001","","","","9/L","F","F",6,9,2,"T","T",0,"F","F",1,"F","F",0,"F","F",9,"L","F","F","",0,0,"N",0,"N",0,"N",0,0,0,0,"9","","","","F","F","F","F","F","F","F","F","F","","","","F","F","F","F","F","","","","",0,9,0,0,0,0,0,0,0,56,"BAL","BAL","KCA",1,"F","T",2,1,0,26,2,"T","F",0,0,"T","T","bumba001","harll101","T","T",0,0,0,0,0,0,0,0,0,"","","",0,0,0,0,0,0,0,0,0,0,0,0,0,"cowea001","F","F","F","F",0,0,0,0,0,0,0,0,0,0,F,F,"1978BAL.EVA.regular.event.csv",362
"BAL197804210","KCA",8,0,0,0,0,"",1,2,"lacop101","?","lacop101","?","palmj001","?","palmj001","?","dempr001","murre001","smitb101","decid001","belam101","bumba001","harll101","singk001","","","","8/L","T","T",11,8,2,"T","T",0,"F","F",1,"F","F",0,"F","F",8,"L","F","F","",0,0,"N",0,"N",0,"N",0,0,0,0,"8","","","","F","F","F","F","F","F","F","F","F","","","","F","F","F","F","F","","","","patef101",6,8,0,0,0,0,0,0,0,57,"BAL","KCA","BAL",0,"T","F",1,2,0,25,0,"T","F",0,0,"F","F","whitf001","poqut101","T","T",0,0,0,0,0,0,0,0,0,"","","",0,0,0,0,0,0,0,0,0,0,0,0,0,"harll101","F","F","F","F",0,0,0,0,0,0,0,0,0,0,F,F,"1978BAL.EVA.regular.event.csv",363
"BAL197804210","KCA",8,0,1,0,0,"",1,2,"lahoj101","?","lahoj101","?","palmj001","?","palmj001","?","dempr001","murre001","smitb101","decid001","belam101","bumba001","harll101","singk001","","","","3/FL","F","T",11,9,2,"T","T",0,"F","F",1,"F","F",0,"F","F",3,"F","F","T","",0,0,"N",0,"N",0,"N",0,0,0,0,"3","","","","F","F","F","F","F","F","F","F","F","","","","F","F","F","F","F","","","","whitf001",4,3,0,0,0,0,0,0,0,58,"BAL","KCA","BAL",0,"F","F",1,2,0,26,1,"T","F",0,0,"F","F","poqut101","mcrah001","T","T",0,0,0,0,0,0,0,0,0,"","","",0,0,0,0,0,0,0,0,0,0,0,0,0,"murre001","F","F","F","F",0,0,0,0,0,0,0,0,0,0,F,F,"1978BAL.EVA.regular.event.csv",364
"BAL197804210","KCA",8,0,2,0,0,"",1,2,"poqut101","?","poqut101","?","palmj001","?","palmj001","?","dempr001","murre001","smitb101","decid001","belam101","bumba001","harll101","singk001","","","","13","F","F",7,1,2,"T","T",0,"F","F",1,"F","F",0,"F","F",1,"G","F","F","",0,0,"N",0,"N",0,"N",0,0,0,0,"13","","","","F","F","F","F","F","F","F","F","F","","","","F","F","F","F","F","","","","",0,3,0,0,1,0,0,0,0,59,"BAL","KCA","BAL",0,"F","T",1,2,0,27,2,"T","F",0,0,"T","T","mcrah001","bretg001","T","T",0,0,0,0,0,0,0,0,0,"","","",0,0,0,0,0,0,0,0,0,0,0,0,0,"palmj001","F","F","F","F",0,0,0,0,0,0,0,0,0,0,F,F,"1978BAL.EVA.regular.event.csv",365
"BAL197804210","KCA",8,1,0,0,0,"",1,2,"bumba001","?","bumba001","?","leond001","?","leond001","?","portd001","hurdc001","terrj101","bretg001","washu001","poqut101","otisa001","cowea001","","","","43","T","F",7,1,2,"T","T",0,"F","F",1,"F","F",0,"F","F",4,"G","F","F","",0,0,"N",0,"N",0,"N",0,0,0,0,"43","","","","F","F","F","F","F","F","F","F","F","","","","F","F","F","F","F","","","","",0,3,0,0,4,0,0,0,0,60,"BAL","BAL","KCA",1,"T","F",2,1,0,27,0,"T","F",0,0,"T","T","harll101","singk001","T","T",0,0,0,0,0,0,0,0,0,"","","",0,0,0,0,0,0,0,0,0,0,0,0,0,"terrj101","F","F","F","F",0,0,0,0,0,0,0,0,0,0,F,F,"1978BAL.EVA.regular.event.csv",366
"BAL197804210","KCA",8,1,1,0,0,"",1,2,"harll101","?","harll101","?","leond001","?","leond001","?","portd001","hurdc001","terrj101","bretg001","washu001","poqut101","otisa001","cowea001","","","","7/L","F","F",8,2,2,"T","T",0,"F","F",1,"F","F",0,"F","F",7,"L","F","F","",0,0,"N",0,"N",0,"N",0,0,0,0,"7","","","","F","F","F","F","F","F","F","F","F","","","","F","F","F","F","F","","","","",0,7,0,0,0,0,0,0,0,61,"BAL","BAL","KCA",1,"F","F",2,1,0,28,1,"T","F",0,0,"T","T","singk001","murre001","T","T",0,0,0,0,0,0,0,0,0,"","","",0,0,0,0,0,0,0,0,0,0,0,0,0,"poqut101","F","F","F","F",0,0,0,0,0,0,0,0,0,0,F,F,"1978BAL.EVA.regular.event.csv",367
"BAL197804210","KCA",8,1,2,0,0,"",1,2,"singk001","?","singk001","?","leond001","?","leond001","?","portd001","hurdc001","terrj101","bretg001","washu001","poqut101","otisa001","cowea001","","","","S9","F","F",9,3,20,"T","T",1,"F","F",0,"F","F",0,"F","F",9,"","F","F","",0,0,"N",0,"N",0,"N",1,0,0,0,"","","","","F","F","F","F","F","F","F","F","F","","","","F","F","F","F","F","","","","",0,0,0,0,0,0,0,0,0,62,"BAL","BAL","KCA",1,"F","F",2,1,0,29,2,"T","F",0,1,"T","T","murre001","may-l101","T","T",0,0,0,0,0,0,0,0,0,"","","",0,0,0,0,0,0,0,0,0,0,0,0,0,"cowea001","F","F","F","F",1,0,0,0,0,0,0,0,0,0,F,F,"1978BAL.EVA.regular.event.csv",368
"BAL197804210","KCA",8,1,2,0,0,"",1,2,"murre001","?","murre001","?","leond001","?","leond001","?","portd001","hurdc001","terrj101","bretg001","washu001","poqut101","otisa001","cowea001","lopec101","","","7","F","F",3,4,2,"T","T",0,"F","F",1,"F","F",0,"F","F",7,"F","F","F","",0,0,"N",0,"N",0,"N",0,1,0,0,"7","","","","F","F","F","F","F","F","F","F","F","leond001","","","F","F","T","F","F","singk001","","","",0,7,0,0,0,0,0,0,0,63,"BAL","BAL","KCA",1,"F","T",2,1,0,30,3,"T","F",1,1,"T","T","may-l101","decid001","T","T",0,3,62,0,0,0,0,0,0,"portd001","","",0,0,0,0,0,0,0,0,0,0,0,0,0,"poqut101","F","F","F","F",0,1,0,0,0,0,0,0,0,0,F,F,"1978BAL.EVA.regular.event.csv",369
"BAL197804210","KCA",9,0,0,0,0,"",1,2,"mcrah001","?","mcrah001","?","stand101","?","stand101","?","dempr001","murre001","smitb101","decid001","belam101","bumba001","harll101","lopec101","","","","43","T","F",10,2,2,"T","T",0,"F","F",1,"F","F",0,"F","F",4,"G","F","F","",0,0,"N",0,"N",0,"N",0,0,0,0,"43","","","","F","F","F","F","F","F","F","F","F","","","","F","F","F","F","F","","","","",0,3,0,0,4,0,0,0,0,64,"BAL","KCA","BAL",0,"T","F",1,2,0,28,0,"T","F",0,0,"T","T","bretg001","cowea001","F","F",0,0,0,0,0,0,0,0,0,"","","",0,0,0,0,0,0,0,0,0,0,0,0,0,"smitb101","F","F","F","F",0,0,0,0,0,0,0,0,0,0,F,F,"1978BAL.EVA.regular.event.csv",370
"BAL197804210","KCA",9,0,1,0,0,"",1,2,"bretg001","?","bretg001","?","stand101","?","stand101","?","dempr001","murre001","smitb101","decid001","belam101","bumba001","harll101","lopec101","","","","63","F","F",5,3,2,"T","T",0,"F","F",1,"F","F",0,"F","F",6,"G","F","F","",0,0,"N",0,"N",0,"N",0,0,0,0,"63","","","","F","F","F","F","F","F","F","F","F","","","","F","F","F","F","F","","","","",0,3,0,0,6,0,0,0,0,65,"BAL","KCA","BAL",0,"F","F",1,2,0,29,1,"T","F",0,0,"T","T","cowea001","portd001","F","F",0,0,0,0,0,0,0,0,0,"","","",0,0,0,0,0,0,0,0,0,0,0,0,0,"belam101","F","F","F","F",0,0,0,0,0,0,0,0,0,0,F,F,"1978BAL.EVA.regular.event.csv",371
"BAL197804210","KCA",9,0,2,0,0,"",1,2,"cowea001","?","cowea001","?","stand101","?","stand101","?","dempr001","murre001","smitb101","decid001","belam101","bumba001","harll101","lopec101","","","","S9","F","F",9,4,20,"T","T",1,"F","F",0,"F","F",0,"F","F",9,"","F","F","",0,0,"N",0,"N",0,"N",1,0,0,0,"","","","","F","F","F","F","F","F","F","F","F","","","","F","F","F","F","F","","","","",0,0,0,0,0,0,0,0,0,66,"BAL","KCA","BAL",0,"F","F",1,2,0,30,2,"T","F",0,1,"T","T","portd001","hurdc001","F","F",0,0,0,0,0,0,0,0,0,"","","",0,0,0,0,0,0,0,0,0,0,0,0,0,"lopec101","F","F","F","F",2,0,0,0,0,0,0,0,0,0,F,F,"1978BAL.EVA.regular.event.csv",372
"BAL197804210","KCA",9,0,2,0,0,"",1,2,"portd001","?","portd001","?","stand101","?","stand101","?","dempr001","murre001","smitb101","decid001","belam101","bumba001","harll101","lopec101","wilsw001","","","SB2","F","F",2,5,4,"F","F",0,"F","F",0,"F","F",0,"F","F",0,"","F","F","",0,0,"N",0,"N",0,"N",0,2,0,0,"","","","","T","F","F","F","F","F","F","F","F","stand101","","","F","F","T","F","F","cowea001","","","",0,0,0,0,0,0,0,0,0,67,"BAL","KCA","BAL",0,"F","F",1,2,0,31,3,"T","F",1,2,"T","T","hurdc001","otisa001","F","F",0,4,66,0,0,0,0,0,0,"dempr001","","",0,0,0,0,0,0,0,0,0,0,0,0,0,"","F","F","F","F",0,2,0,0,0,0,0,0,0,0,F,F,"1978BAL.EVA.regular.event.csv",373
"BAL197804210","KCA",9,0,2,0,0,"",1,2,"portd001","?","portd001","?","stand101","?","stand101","?","dempr001","murre001","smitb101","decid001","belam101","bumba001","harll101","lopec101","","wilsw001","","1/P","F","F",2,5,2,"T","T",0,"F","F",1,"F","F",0,"F","F",1,"P","F","F","",0,0,"N",0,"N",0,"N",0,0,2,0,"1","","","","F","F","F","F","F","F","F","F","F","","stand101","","F","T","F","F","F","","","","",0,1,0,0,0,0,0,0,0,68,"BAL","KCA","BAL",0,"F","T",1,2,0,31,3,"F","F",2,2,"T","T","hurdc001","otisa001","F","F",0,0,0,0,4,66,0,0,0,"","dempr001","",0,0,0,0,0,0,0,0,0,0,0,0,0,"stand101","F","F","F","F",0,0,2,0,0,0,0,0,0,0,F,F,"1978BAL.EVA.regular.event.csv",374
"BAL197804220","KCA",1,0,0,0,0,"",0,0,"zdebj101","?","zdebj101","?","flanm001","?","flanm001","?","dempr001","murre001","dauer001","decid001","belam101","roeng001","bumba001","lopec101","","","","3/G","T","F",7,1,2,"T","T",0,"F","F",1,"F","F",0,"F","F",3,"G","F","F","",0,0,"N",0,"N",0,"N",0,0,0,0,"3","","","","F","F","F","F","F","F","F","F","F","","","","T","F","F","F","F","","","","",0,3,0,0,0,0,0,0,0,1,"BAL","KCA","BAL",0,"T","F",0,0,0,0,0,"T","F",0,0,"T","T","mcrah001","bretg001","T","T",0,0,0,0,0,0,0,0,0,"","","",0,0,0,0,0,0,0,0,0,0,0,0,0,"murre001","F","F","F","F",0,0,0,0,0,0,0,0,0,0,F,F,"1978BAL.EVA.regular.event.csv",375
"BAL197804220","KCA",1,0,1,0,0,"",0,0,"mcrah001","?","mcrah001","?","flanm001","?","flanm001","?","dempr001","murre001","dauer001","decid001","belam101","roeng001","bumba001","lopec101","","","","8","F","F",10,2,2,"T","T",0,"F","F",1,"F","F",0,"F","F",8,"F","F","F","",0,0,"N",0,"N",0,"N",0,0,0,0,"8","","","","F","F","F","F","F","F","F","F","F","","","","F","F","F","F","F","","","","",0,8,0,0,0,0,0,0,0,2,"BAL","KCA","BAL",0,"F","F",0,0,0,1,1,"T","F",0,0,"T","T","bretg001","cowea001","T","T",0,0,0,0,0,0,0,0,0,"","","",0,0,0,0,0,0,0,0,0,0,0,0,0,"bumba001","F","F","F","F",0,0,0,0,0,0,0,0,0,0,F,F,"1978BAL.EVA.regular.event.csv",376
"BAL197804220","KCA",1,0,2,0,0,"",0,0,"bretg001","?","bretg001","?","flanm001","?","flanm001","?","dempr001","murre001","dauer001","decid001","belam101","roeng001","bumba001","lopec101","","","","13","F","F",5,3,2,"T","T",0,"F","F",1,"F","F",0,"F","F",1,"G","F","F","",0,0,"N",0,"N",0,"N",0,0,0,0,"13","","","","F","F","F","F","F","F","F","F","F","","","","F","F","F","F","F","","","","",0,3,0,0,1,0,0,0,0,3,"BAL","KCA","BAL",0,"F","T",0,0,0,2,2,"T","F",0,0,"T","T","cowea001","otisa001","T","T",0,0,0,0,0,0,0,0,0,"","","",0,0,0,0,0,0,0,0,0,0,0,0,0,"flanm001","F","F","F","F",0,0,0,0,0,0,0,0,0,0,F,F,"1978BAL.EVA.regular.event.csv",377
"BAL197804220","KCA",1,1,0,0,0,"",0,0,"bumba001","?","bumba001","?","splip001","?","splip001","?","portd001","wathj001","whitf001","bretg001","patef101","zdebj101","otisa001","cowea001","","","","13","T","F",8,1,2,"T","T",0,"F","F",1,"F","F",0,"F","F",1,"G","F","F","",0,0,"N",0,"N",0,"N",0,0,0,0,"13","","","","F","F","F","F","F","F","F","F","F","","","","F","F","F","F","F","","","","",0,3,0,0,1,0,0,0,0,4,"BAL","BAL","KCA",1,"T","F",0,0,0,0,0,"T","F",0,0,"T","T","belam101","roeng001","T","T",0,0,0,0,0,0,0,0,0,"","","",0,0,0,0,0,0,0,0,0,0,0,0,0,"splip001","F","F","F","F",0,0,0,0,0,0,0,0,0,0,F,F,"1978BAL.EVA.regular.event.csv",378
"BAL197804220","KCA",1,1,1,0,0,"",0,0,"belam101","?","belam101","?","splip001","?","splip001","?","portd001","wathj001","whitf001","bretg001","patef101","zdebj101","otisa001","cowea001","","","","13","F","F",6,2,2,"T","T",0,"F","F",1,"F","F",0,"F","F",1,"G","F","F","",0,0,"N",0,"N",0,"N",0,0,0,0,"13","","","","F","F","F","F","F","F","F","F","F","","","","F","F","F","F","F","","","","",0,3,0,0,1,0,0,0,0,5,"BAL","BAL","KCA",1,"F","F",0,0,0,1,1,"T","F",0,0,"T","T","roeng001","murre001","T","T",0,0,0,0,0,0,0,0,0,"","","",0,0,0,0,0,0,0,0,0,0,0,0,0,"splip001","F","F","F","F",0,0,0,0,0,0,0,0,0,0,F,F,"1978BAL.EVA.regular.event.csv",379
"BAL197804220","KCA",1,1,2,0,0,"",0,0,"roeng001","?","roeng001","?","splip001","?","splip001","?","portd001","wathj001","whitf001","bretg001","patef101","zdebj101","otisa001","cowea001","","","","3/FL","F","F",7,3,2,"T","T",0,"F","F",1,"F","F",0,"F","F",3,"F","F","T","",0,0,"N",0,"N",0,"N",0,0,0,0,"3","","","","F","F","F","F","F","F","F","F","F","","","","F","F","F","F","F","","","","",0,3,0,0,0,0,0,0,0,6,"BAL","BAL","KCA",1,"F","T",0,0,0,2,2,"T","F",0,0,"T","T","murre001","may-l101","T","T",0,0,0,0,0,0,0,0,0,"","","",0,0,0,0,0,0,0,0,0,0,0,0,0,"wathj001","F","F","F","F",0,0,0,0,0,0,0,0,0,0,F,F,"1978BAL.EVA.regular.event.csv",380
"BAL197804220","KCA",2,0,0,0,0,"",0,0,"cowea001","?","cowea001","?","flanm001","?","flanm001","?","dempr001","murre001","dauer001","decid001","belam101","roeng001","bumba001","lopec101","","","","13","T","F",9,4,2,"T","T",0,"F","F",1,"F","F",0,"F","F",1,"G","F","F","",0,0,"N",0,"N",0,"N",0,0,0,0,"13","","","","F","F","F","F","F","F","F","F","F","","","","F","F","F","F","F","","","","",0,3,0,0,1,0,0,0,0,7,"BAL","KCA","BAL",0,"T","F",0,0,0,3,0,"T","F",0,0,"T","T","otisa001","wathj001","T","T",0,0,0,0,0,0,0,0,0,"","","",0,0,0,0,0,0,0,0,0,0,0,0,0,"flanm001","F","F","F","F",0,0,0,0,0,0,0,0,0,0,F,F,"1978BAL.EVA.regular.event.csv",381
"BAL197804220","KCA",2,0,1,0,0,"",0,0,"otisa001","?","otisa001","?","flanm001","?","flanm001","?","dempr001","murre001","dauer001","decid001","belam101","roeng001","bumba001","lopec101","","","","63","F","F",8,5,2,"T","T",0,"F","F",1,"F","F",0,"F","F",6,"G","F","F","",0,0,"N",0,"N",0,"N",0,0,0,0,"63","","","","F","F","F","F","F","F","F","F","F","","","","F","F","F","F","F","","","","",0,3,0,0,6,0,0,0,0,8,"BAL","KCA","BAL",0,"F","F",0,0,0,4,1,"T","F",0,0,"T","T","wathj001","portd001","T","T",0,0,0,0,0,0,0,0,0,"","","",0,0,0,0,0,0,0,0,0,0,0,0,0,"belam101","F","F","F","F",0,0,0,0,0,0,0,0,0,0,F,F,"1978BAL.EVA.regular.event.csv",382
"BAL197804220","KCA",2,0,2,0,0,"",0,0,"wathj001","?","wathj001","?","flanm001","?","flanm001","?","dempr001","murre001","dauer001","decid001","belam101","roeng001","bumba001","lopec101","","","","9","F","F",3,6,2,"T","T",0,"F","F",1,"F","F",0,"F","F",9,"F","F","F","",0,0,"N",0,"N",0,"N",0,0,0,0,"9","","","","F","F","F","F","F","F","F","F","F","","","","F","F","F","F","F","","","","",0,9,0,0,0,0,0,0,0,9,"BAL","KCA","BAL",0,"F","T",0,0,0,5,2,"T","F",0,0,"T","T","portd001","patef101","T","T",0,0,0,0,0,0,0,0,0,"","","",0,0,0,0,0,0,0,0,0,0,0,0,0,"lopec101","F","F","F","F",0,0,0,0,0,0,0,0,0,0,F,F,"1978BAL.EVA.regular.event.csv",383
"BAL197804220","KCA",2,1,0,0,0,"",0,0,"murre001","?","murre001","?","splip001","?","splip001","?","portd001","wathj001","whitf001","bretg001","patef101","zdebj101","otisa001","cowea001","","","","S7","T","F",3,4,20,"T","T",1,"F","F",0,"F","F",0,"F","F",7,"","F","F","",0,0,"N",0,"N",0,"N",1,0,0,0,"","","","","F","F","F","F","F","F","F","F","F","","","","F","F","F","F","F","","","","",0,0,0,0,0,0,0,0,0,10,"BAL","BAL","KCA",1,"T","F",0,0,0,3,0,"T","F",0,1,"T","T","may-l101","lopec101","T","T",0,0,0,0,0,0,0,0,0,"","","",0,0,0,0,0,0,0,0,0,0,0,0,0,"zdebj101","F","F","F","F",0,0,0,0,0,0,0,0,0,0,F,F,"1978BAL.EVA.regular.event.csv",384
"BAL197804220","KCA",2,1,0,0,0,"",0,0,"may-l101","?","may-l101","?","splip001","?","splip001","?","portd001","wathj001","whitf001","bretg001","patef101","zdebj101","otisa001","cowea001","murre001","","","9","F","F",10,5,2,"T","T",0,"F","F",1,"F","F",0,"F","F",9,"F","F","F","",0,0,"N",0,"N",0,"N",0,1,0,0,"9","","","","F","F","F","F","F","F","F","F","F","splip001","","","F","F","F","F","F","","","","",0,9,0,0,0,0,0,0,0,11,"BAL","BAL","KCA",1,"F","F",0,0,0,4,1,"T","F",1,1,"T","T","lopec101","decid001","T","T",3,4,10,0,0,0,0,0,0,"portd001","","",0,0,0,0,0,0,0,0,0,0,0,0,0,"cowea001","F","F","F","F",0,0,0,0,0,0,0,0,0,0,F,F,"1978BAL.EVA.regular.event.csv",385
"BAL197804220","KCA",2,1,1,0,0,"",0,0,"lopec101","?","lopec101","?","splip001","?","splip001","?","portd001","wathj001","whitf001","bretg001","patef101","zdebj101","otisa001","cowea001","murre001","","","64(1)3/GDP","F","F",9,6,2,"T","T",0,"F","F",2,"T","F",0,"F","F",6,"G","F","F","",0,0,"N",0,"N",0,"N",0,0,0,0,"43","64","","","F","F","F","F","F","F","F","F","F","splip001","","","F","F","F","F","F","","","","",0,4,3,0,6,4,0,0,0,12,"BAL","BAL","KCA",1,"F","T",0,0,0,5,2,"T","F",1,0,"T","T","decid001","dempr001","T","T",3,4,10,0,0,0,0,0,0,"portd001","","",0,0,0,0,0,0,0,0,0,0,0,0,0,"patef101","T","F","F","F",0,0,0,0,0,0,0,0,0,0,F,F,"1978BAL.EVA.regular.event.csv",386
"BAL197804220","KCA",3,0,0,0,0,"",0,0,"portd001","?","portd001","?","flanm001","?","flanm001","?","dempr001","murre001","dauer001","decid001","belam101","roeng001","bumba001","lopec101","","","","9","T","F",2,7,2,"T","T",0,"F","F",1,"F","F",0,"F","F",9,"F","F","F","",0,0,"N",0,"N",0,"N",0,0,0,0,"9","","","","F","F","F","F","F","F","F","F","F","","","","F","F","F","F","F","","","","",0,9,0,0,0,0,0,0,0,13,"BAL","KCA","BAL",0,"T","F",0,0,0,6,0,"T","F",0,0,"T","T","patef101","whitf001","T","T",0,0,0,0,0,0,0,0,0,"","","",0,0,0,0,0,0,0,0,0,0,0,0,0,"lopec101","F","F","F","F",0,0,0,0,0,0,0,0,0,0,F,F,"1978BAL.EVA.regular.event.csv",387
"BAL197804220","KCA",3,0,1,0,0,"",0,0,"patef101","?","patef101","?","flanm001","?","flanm001","?","dempr001","murre001","dauer001","decid001","belam101","roeng001","bumba001","lopec101","","","","S7","F","F",6,8,20,"T","T",1,"F","F",0,"F","F",0,"F","F",7,"","F","F","",0,0,"N",0,"N",0,"N",1,0,0,0,"","","","","F","F","F","F","F","F","F","F","F","","","","F","F","F","F","F","","","","",0,0,0,0,0,0,0,0,0,14,"BAL","KCA","BAL",0,"F","F",0,0,0,7,1,"T","F",0,1,"T","T","whitf001","zdebj101","T","T",0,0,0,0,0,0,0,0,0,"","","",0,0,0,0,0,0,0,0,0,0,0,0,0,"roeng001","F","F","F","F",0,0,0,0,0,0,0,0,0,0,F,F,"1978BAL.EVA.regular.event.csv",388
"BAL197804220","KCA",3,0,1,0,0,"",0,0,"whitf001","?","whitf001","?","flanm001","?","flanm001","?","dempr001","murre001","dauer001","decid001","belam101","roeng001","bumba001","lopec101","patef101","","","9","F","F",4,9,2,"T","T",0,"F","F",1,"F","F",0,"F","F",9,"F","F","F","",0,0,"N",0,"N",0,"N",0,1,0,0,"9","","","","F","F","F","F","F","F","F","F","F","flanm001","","","F","F","F","F","F","","","","",0,9,0,0,0,0,0,0,0,15,"BAL","KCA","BAL",0,"F","F",0,0,0,8,2,"T","F",1,1,"T","T","zdebj101","mcrah001","T","T",6,8,14,0,0,0,0,0,0,"dempr001","","",0,0,0,0,0,0,0,0,0,0,0,0,0,"lopec101","F","F","F","F",0,0,0,0,0,0,0,0,0,0,F,F,"1978BAL.EVA.regular.event.csv",389
"BAL197804220","KCA",3,0,2,0,0,"",0,0,"zdebj101","?","zdebj101","?","flanm001","?","flanm001","?","dempr001","murre001","dauer001","decid001","belam101","roeng001","bumba001","lopec101","patef101","","","K","F","F",7,1,3,"T","T",0,"F","F",1,"F","F",0,"F","F",0,"","F","F","",0,0,"N",0,"N",0,"N",0,1,0,0,"2","","","","F","F","F","F","F","F","F","F","F","flanm001","","","F","F","F","F","F","","","","",0,2,0,0,0,0,0,0,0,16,"BAL","KCA","BAL",0,"F","T",0,0,0,9,3,"T","F",1,1,"T","T","mcrah001","bretg001","T","T",6,8,14,0,0,0,0,0,0,"dempr001","","",0,0,0,0,0,0,0,0,0,0,0,0,0,"","F","F","F","F",0,0,0,0,0,0,0,0,0,0,F,F,"1978BAL.EVA.regular.event.csv",390
"BAL197804220","KCA",3,1,0,0,0,"",0,0,"decid001","?","decid001","?","splip001","?","splip001","?","portd001","wathj001","whitf001","bretg001","patef101","zdebj101","otisa001","cowea001","","","","23","T","F",5,7,2,"T","T",0,"F","F",1,"F","F",0,"F","F",2,"G","F","F","",0,0,"N",0,"N",0,"N",0,0,0,0,"23","","","","F","F","F","F","F","F","F","F","F","","","","F","F","F","F","F","","","","",0,3,0,0,2,0,0,0,0,17,"BAL","BAL","KCA",1,"T","F",0,0,0,6,0,"T","F",0,0,"T","T","dempr001","dauer001","T","T",0,0,0,0,0,0,0,0,0,"","","",0,0,0,0,0,0,0,0,0,0,0,0,0,"portd001","F","F","F","F",0,0,0,0,0,0,0,0,0,0,F,F,"1978BAL.EVA.regular.event.csv",391
"BAL197804220","KCA",3,1,1,0,0,"",0,0,"dempr001","?","dempr001","?","splip001","?","splip001","?","portd001","wathj001","whitf001","bretg001","patef101","zdebj101","otisa001","cowea001","","","","8","F","F",2,8,2,"T","T",0,"F","F",1,"F","F",0,"F","F",8,"F","F","F","",0,0,"N",0,"N",0,"N",0,0,0,0,"8","","","","F","F","F","F","F","F","F","F","F","","","","F","F","F","F","F","","","","",0,8,0,0,0,0,0,0,0,18,"BAL","BAL","KCA",1,"F","F",0,0,0,7,1,"T","F",0,0,"T","T","dauer001","bumba001","T","T",0,0,0,0,0,0,0,0,0,"","","",0,0,0,0,0,0,0,0,0,0,0,0,0,"otisa001","F","F","F","F",0,0,0,0,0,0,0,0,0,0,F,F,"1978BAL.EVA.regular.event.csv",392
"BAL197804220","KCA",3,1,2,0,0,"",0,0,"dauer001","?","dauer001","?","splip001","?","splip001","?","portd001","wathj001","whitf001","bretg001","patef101","zdebj101","otisa001","cowea001","","","","9","F","F",4,9,2,"T","T",0,"F","F",1,"F","F",0,"F","F",9,"F","F","F","",0,0,"N",0,"N",0,"N",0,0,0,0,"9","","","","F","F","F","F","F","F","F","F","F","","","","F","F","F","F","F","","","","",0,9,0,0,0,0,0,0,0,19,"BAL","BAL","KCA",1,"F","T",0,0,0,8,2,"T","F",0,0,"T","T","bumba001","belam101","T","T",0,0,0,0,0,0,0,0,0,"","","",0,0,0,0,0,0,0,0,0,0,0,0,0,"cowea001","F","F","F","F",0,0,0,0,0,0,0,0,0,0,F,F,"1978BAL.EVA.regular.event.csv",393
"BAL197804220","KCA",4,0,0,0,0,"",0,0,"mcrah001","?","mcrah001","?","flanm001","?","flanm001","?","dempr001","murre001","dauer001","decid001","belam101","roeng001","bumba001","lopec101","","","","HR/7","T","F",10,2,23,"T","T",4,"F","F",0,"F","F",1,"F","F",0,"","F","F","7",0,0,"N",0,"N",0,"N",4,0,0,0,"","","","","F","F","F","F","F","F","F","F","F","","","","F","F","F","F","F","","","","",0,0,0,0,0,0,0,0,0,20,"BAL","KCA","BAL",0,"T","F",0,0,0,10,0,"T","F",0,0,"T","T","bretg001","cowea001","T","T",0,0,0,0,0,0,0,0,0,"","","",0,0,0,0,0,0,0,0,0,0,0,0,1,"","F","F","F","F",4,0,0,0,0,0,0,0,0,0,F,F,"1978BAL.EVA.regular.event.csv",394
"BAL197804220","KCA",4,0,0,0,0,"",1,0,"bretg001","?","bretg001","?","flanm001","?","flanm001","?","dempr001","murre001","dauer001","decid001","belam101","roeng001","bumba001","lopec101","","","","K","F","F",5,3,3,"T","T",0,"F","F",1,"F","F",0,"F","F",0,"","F","F","",0,0,"N",0,"N",0,"N",0,0,0,0,"2","","","","F","F","F","F","F","F","F","F","F","","","","F","F","F","F","F","","","","",0,2,0,0,0,0,0,0,0,21,"BAL","KCA","BAL",0,"F","F",1,0,1,11,1,"T","F",0,0,"T","T","cowea001","otisa001","T","T",0,0,0,0,0,0,0,0,0,"","","",0,0,0,0,0,0,0,0,0,0,0,0,0,"","F","F","F","F",0,0,0,0,0,0,0,0,0,0,F,F,"1978BAL.EVA.regular.event.csv",395
"BAL197804220","KCA",4,0,1,0,0,"",1,0,"cowea001","?","cowea001","?","flanm001","?","flanm001","?","dempr001","murre001","dauer001","decid001","belam101","roeng001","bumba001","lopec101","","","","K","F","F",9,4,3,"T","T",0,"F","F",1,"F","F",0,"F","F",0,"","F","F","",0,0,"N",0,"N",0,"N",0,0,0,0,"2","","","","F","F","F","F","F","F","F","F","F","","","","F","F","F","F","F","","","","",0,2,0,0,0,0,0,0,0,22,"BAL","KCA","BAL",0,"F","F",1,0,1,12,2,"T","F",0,0,"T","T","otisa001","wathj001","T","T",0,0,0,0,0,0,0,0,0,"","","",0,0,0,0,0,0,0,0,0,0,0,0,0,"","F","F","F","F",0,0,0,0,0,0,0,0,0,0,F,F,"1978BAL.EVA.regular.event.csv",396
"BAL197804220","KCA",4,0,2,0,0,"",1,0,"otisa001","?","otisa001","?","flanm001","?","flanm001","?","dempr001","murre001","dauer001","decid001","belam101","roeng001","bumba001","lopec101","","","","13","F","F",8,5,2,"T","T",0,"F","F",1,"F","F",0,"F","F",1,"G","F","F","",0,0,"N",0,"N",0,"N",0,0,0,0,"13","","","","F","F","F","F","F","F","F","F","F","","","","F","F","F","F","F","","","","",0,3,0,0,1,0,0,0,0,23,"BAL","KCA","BAL",0,"F","T",1,0,1,13,3,"T","F",0,0,"T","T","wathj001","portd001","T","T",0,0,0,0,0,0,0,0,0,"","","",0,0,0,0,0,0,0,0,0,0,0,0,0,"flanm001","F","F","F","F",0,0,0,0,0,0,0,0,0,0,F,F,"1978BAL.EVA.regular.event.csv",397
"BAL197804220","KCA",4,1,0,0,0,"",1,0,"bumba001","?","bumba001","?","splip001","?","splip001","?","portd001","wathj001","whitf001","bretg001","patef101","zdebj101","otisa001","cowea001","","","","43","T","F",8,1,2,"T","T",0,"F","F",1,"F","F",0,"F","F",4,"G","F","F","",0,0,"N",0,"N",0,"N",0,0,0,0,"43","","","","F","F","F","F","F","F","F","F","F","","","","F","F","F","F","F","","","","",0,3,0,0,4,0,0,0,0,24,"BAL","BAL","KCA",1,"T","F",0,1,0,9,0,"T","F",0,0,"T","T","belam101","roeng001","T","T",0,0,0,0,0,0,0,0,0,"","","",0,0,0,0,0,0,0,0,0,0,0,0,0,"whitf001","F","F","F","F",0,0,0,0,0,0,0,0,0,0,F,F,"1978BAL.EVA.regular.event.csv",398
"BAL197804220","KCA",4,1,1,0,0,"",1,0,"belam101","?","belam101","?","splip001","?","splip001","?","portd001","wathj001","whitf001","bretg001","patef101","zdebj101","otisa001","cowea001","","","","63","F","F",6,2,2,"T","T",0,"F","F",1,"F","F",0,"F","F",6,"G","F","F","",0,0,"N",0,"N",0,"N",0,0,0,0,"63","","","","F","F","F","F","F","F","F","F","F","","","","F","F","F","F","F","","","","",0,3,0,0,6,0,0,0,0,25,"BAL","BAL","KCA",1,"F","F",0,1,0,10,1,"T","F",0,0,"T","T","roeng001","murre001","T","T",0,0,0,0,0,0,0,0,0,"","","",0,0,0,0,0,0,0,0,0,0,0,0,0,"patef101","F","F","F","F",0,0,0,0,0,0,0,0,0,0,F,F,"1978BAL.EVA.regular.event.csv",399
"BAL197804220","KCA",4,1,2,0,0,"",1,0,"roeng001","?","roeng001","?","splip001","?","splip001","?","portd001","wathj001","whitf001","bretg001","patef101","zdebj101","otisa001","cowea001","","","","HP","F","F",7,3,16,"T","F",0,"F","F",0,"F","F",0,"F","F",0,"","F","F","",0,0,"N",0,"N",0,"N",1,0,0,0,"","","","","F","F","F","F","F","F","F","F","F","","","","F","F","F","F","F","","","","",0,0,0,0,0,0,0,0,0,26,"BAL","BAL","KCA",1,"F","F",0,1,0,11,2,"T","F",0,1,"T","T","murre001","may-l101","T","T",0,0,0,0,0,0,0,0,0,"","","",0,0,0,0,0,0,0,0,0,0,0,0,0,"","F","F","F","F",0,0,0,0,0,0,0,0,0,0,F,F,"1978BAL.EVA.regular.event.csv",400
"BAL197804220","KCA",4,1,2,0,0,"",1,0,"murre001","?","murre001","?","splip001","?","splip001","?","portd001","wathj001","whitf001","bretg001","patef101","zdebj101","otisa001","cowea001","roeng001","","","8","F","F",3,4,2,"T","T",0,"F","F",1,"F","F",0,"F","F",8,"F","F","F","",0,0,"N",0,"N",0,"N",0,1,0,0,"8","","","","F","F","F","F","F","F","F","F","F","splip001","","","F","F","F","F","F","","","","",0,8,0,0,0,0,0,0,0,27,"BAL","BAL","KCA",1,"F","T",0,1,0,12,3,"T","F",1,1,"T","T","may-l101","lopec101","T","T",7,3,26,0,0,0,0,0,0,"portd001","","",0,0,0,0,0,0,0,0,0,0,0,0,0,"otisa001","F","F","F","F",0,0,0,0,0,0,0,0,0,0,F,F,"1978BAL.EVA.regular.event.csv",401
"BAL197804220","KCA",5,0,0,0,0,"",1,0,"wathj001","?","wathj001","?","flanm001","?","flanm001","?","dempr001","murre001","dauer001","decid001","belam101","roeng001","bumba001","lopec101","","","","D7","T","F",3,6,21,"T","T",2,"F","F",0,"F","F",0,"F","F",7,"","F","F","",0,0,"N",0,"N",0,"N",2,0,0,0,"","","","","F","F","F","F","F","F","F","F","F","","","","F","F","F","F","F","","","","",0,0,0,0,0,0,0,0,0,28,"BAL","KCA","BAL",0,"T","F",1,0,0,14,0,"T","F",0,2,"T","T","portd001","patef101","T","T",0,0,0,0,0,0,0,0,0,"","","",0,0,0,0,0,0,0,0,0,0,0,0,0,"roeng001","F","F","F","F",4,0,0,0,1,0,0,0,0,0,F,F,"1978BAL.EVA.regular.event.csv",402
"BAL197804220","KCA",5,0,0,0,0,"",1,0,"portd001","?","portd001","?","flanm001","?","flanm001","?","dempr001","murre001","dauer001","decid001","belam101","roeng001","bumba001","lopec101","","wathj001","","S/89.2-H;B-3(E8)","F","F",2,7,20,"T","T",1,"F","F",0,"F","F",1,"F","F",0,"","F","F","89",1,8,"F",0,"N",0,"N",3,0,4,0,"","","","","F","F","F","F","F","F","F","F","F","","flanm001","","F","F","F","F","F","","","","",0,0,0,0,0,0,0,0,0,29,"BAL","KCA","BAL",0,"F","F",1,0,0,15,1,"T","F",2,4,"T","T","patef101","whitf001","T","T",0,0,0,3,6,28,0,0,0,"","dempr001","",0,0,0,0,0,0,0,0,0,0,0,0,1,"","F","F","F","F",0,0,4,0,0,0,0,0,0,0,F,F,"1978BAL.EVA.regular.event.csv",403
"BAL197804220","KCA",5,0,0,0,0,"",2,0,"patef101","?","patef101","?","flanm001","?","flanm001","?","dempr001","murre001","dauer001","decid001","belam101","roeng001","bumba001","lopec101","","","portd001","63","F","F",6,8,2,"T","T",0,"F","F",1,"F","F",0,"F","F",6,"G","F","F","",0,0,"N",0,"N",0,"N",0,0,0,3,"63","","","","F","F","F","F","F","F","F","F","F","","","flanm001","F","F","F","F","F","","","","",0,3,0,0,6,0,0,0,0,30,"BAL","KCA","BAL",0,"F","F",2,0,1,16,2,"T","F",4,4,"T","T","whitf001","zdebj101","T","T",0,0,0,0,0,0,2,7,29,"","","dempr001",0,0,0,0,0,0,0,0,0,0,0,0,0,"belam101","F","F","F","F",0,0,0,0,0,0,0,0,0,0,F,F,"1978BAL.EVA.regular.event.csv",404
"BAL197804220","KCA",5,0,1,0,0,"",2,0,"whitf001","?","whitf001","?","flanm001","?","flanm001","?","dempr001","murre001","dauer001","decid001","belam101","roeng001","bumba001","lopec101","","","portd001","FC1.3XH(12)","F","F",4,9,19,"T","T",0,"F","F",1,"F","F",0,"F","F",1,"G","F","F","",0,0,"N",0,"N",0,"N",1,0,0,0,"","","","12","F","F","F","F","F","F","F","F","F","","","flanm001","F","F","F","F","F","","","","",0,2,0,0,1,0,0,0,0,31,"BAL","KCA","BAL",0,"F","F",2,0,1,17,3,"T","F",4,1,"T","T","zdebj101","mcrah001","T","T",0,0,0,0,0,0,2,7,29,"","","dempr001",0,0,0,0,0,0,0,0,0,0,0,0,0,"flanm001","F","F","F","F",0,0,0,0,0,0,0,0,0,0,F,F,"1978BAL.EVA.regular.event.csv",405
"BAL197804220","KCA",5,0,2,0,0,"",2,0,"zdebj101","?","zdebj101","?","flanm001","?","flanm001","?","dempr001","murre001","dauer001","decid001","belam101","roeng001","bumba001","lopec101","whitf001","","","CS2(26)","F","F",7,1,6,"F","F",0,"F","F",1,"F","F",0,"F","F",0,"","F","F","",0,0,"N",0,"N",0,"N",0,0,0,0,"","26","","","F","F","F","T","F","F","F","F","F","flanm001","","","F","F","F","F","F","","","","",0,6,0,0,2,0,0,0,0,32,"BAL","KCA","BAL",0,"F","T",2,0,1,18,4,"T","T",1,0,"T","T","mcrah001","bretg001","T","T",4,9,31,0,0,0,0,0,0,"dempr001","","",0,0,0,0,0,0,0,0,0,0,0,0,0,"","F","F","F","F",0,0,0,0,0,0,0,0,0,0,F,F,"1978BAL.EVA.regular.event.csv",406
"BAL197804220","KCA",5,1,0,0,0,"",2,0,"may-l101","?","may-l101","?","splip001","?","splip001","?","portd001","wathj001","whitf001","bretg001","patef101","zdebj101","otisa001","cowea001","","","","5/L","T","F",10,5,2,"T","T",0,"F","F",1,"F","F",0,"F","F",5,"L","F","F","",0,0,"N",0,"N",0,"N",0,0,0,0,"5","","","","F","F","F","F","F","F","F","F","F","","","","F","F","F","F","F","","","","",0,5,0,0,0,0,0,0,0,33,"BAL","BAL","KCA",1,"T","F",0,2,0,13,0,"T","F",0,0,"T","T","lopec101","decid001","T","T",0,0,0,0,0,0,0,0,0,"","","",0,0,0,0,0,0,0,0,0,0,0,0,0,"bretg001","F","F","F","F",0,0,0,0,1,0,0,0,0,0,F,F,"1978BAL.EVA.regular.event.csv",407
"BAL197804220","KCA",5,1,1,0,0,"",2,0,"lopec101","?","lopec101","?","splip001","?","splip001","?","portd001","wathj001","whitf001","bretg001","patef101","zdebj101","otisa001","cowea001","","","","HR/7","F","F",9,6,23,"T","T",4,"F","F",0,"F","F",1,"F","F",0,"","F","F","7",0,0,"N",0,"N",0,"N",4,0,0,0,"","","","","F","F","F","F","F","F","F","F","F","","","","F","F","F","F","F","","","","",0,0,0,0,0,0,0,0,0,34,"BAL","BAL","KCA",1,"F","F",0,2,0,14,1,"T","F",0,0,"T","T","decid001","dempr001","T","T",0,0,0,0,0,0,0,0,0,"","","",0,0,0,0,0,0,0,0,0,0,0,0,1,"","F","F","F","F",4,0,0,0,0,0,0,0,0,0,F,F,"1978BAL.EVA.regular.event.csv",408
"BAL197804220","KCA",5,1,1,0,0,"",2,1,"decid001","?","decid001","?","splip001","?","splip001","?","portd001","wathj001","whitf001","bretg001","patef101","zdebj101","otisa001","cowea001","","","","9","F","F",5,7,2,"T","T",0,"F","F",1,"F","F",0,"F","F",9,"F","F","F","",0,0,"N",0,"N",0,"N",0,0,0,0,"9","","","","F","F","F","F","F","F","F","F","F","","","","F","F","F","F","F","","","","",0,9,0,0,0,0,0,0,0,35,"BAL","BAL","KCA",1,"F","F",1,2,1,15,2,"T","F",0,0,"T","T","dempr001","dauer001","T","T",0,0,0,0,0,0,0,0,0,"","","",0,0,0,0,0,0,0,0,0,0,0,0,0,"cowea001","F","F","F","F",0,0,0,0,0,0,0,0,0,0,F,F,"1978BAL.EVA.regular.event.csv",409
"BAL197804220","KCA",5,1,2,0,0,"",2,1,"dempr001","?","dempr001","?","splip001","?","splip001","?","portd001","wathj001","whitf001","bretg001","patef101","zdebj101","otisa001","cowea001","","","","S9","F","F",2,8,20,"T","T",1,"F","F",0,"F","F",0,"F","F",9,"","F","F","",0,0,"N",0,"N",0,"N",1,0,0,0,"","","","","F","F","F","F","F","F","F","F","F","","","","F","F","F","F","F","","","","",0,0,0,0,0,0,0,0,0,36,"BAL","BAL","KCA",1,"F","F",1,2,1,16,3,"T","F",0,1,"T","T","dauer001","bumba001","T","T",0,0,0,0,0,0,0,0,0,"","","",0,0,0,0,0,0,0,0,0,0,0,0,0,"cowea001","F","F","F","F",0,0,0,0,0,0,0,0,0,0,F,F,"1978BAL.EVA.regular.event.csv",410
"BAL197804220","KCA",5,1,2,0,0,"",2,1,"dauer001","?","dauer001","?","splip001","?","splip001","?","portd001","wathj001","whitf001","bretg001","patef101","zdebj101","otisa001","cowea001","dempr001","","","7/L","F","F",4,9,2,"T","T",0,"F","F",1,"F","F",0,"F","F",7,"L","F","F","",0,0,"N",0,"N",0,"N",0,1,0,0,"7","","","","F","F","F","F","F","F","F","F","F","splip001","","","F","F","F","F","F","","","","",0,7,0,0,0,0,0,0,0,37,"BAL","BAL","KCA",1,"F","T",1,2,1,17,4,"T","F",1,1,"T","T","bumba001","belam101","T","T",2,8,36,0,0,0,0,0,0,"portd001","","",0,0,0,0,0,0,0,0,0,0,0,0,0,"zdebj101","F","F","F","F",0,0,0,0,0,0,0,0,0,0,F,F,"1978BAL.EVA.regular.event.csv",411
"BAL197804220","KCA",6,0,0,0,0,"",2,1,"zdebj101","?","zdebj101","?","flanm001","?","flanm001","?","dempr001","murre001","dauer001","decid001","belam101","roeng001","bumba001","lopec101","","","","43","T","F",7,1,2,"T","T",0,"F","F",1,"F","F",0,"F","F",4,"G","F","F","",0,0,"N",0,"N",0,"N",0,0,0,0,"43","","","","F","F","F","F","F","F","F","F","F","","","","F","F","F","F","F","","","","",0,3,0,0,4,0,0,0,0,38,"BAL","KCA","BAL",0,"T","F",2,1,0,18,0,"T","F",0,0,"T","T","mcrah001","bretg001","T","T",0,0,0,0,0,0,0,0,0,"","","",0,0,0,0,0,0,0,0,0,0,0,0,0,"dauer001","F","F","F","F",0,0,0,0,0,0,0,0,0,0,F,F,"1978BAL.EVA.regular.event.csv",412
"BAL197804220","KCA",6,0,1,0,0,"",2,1,"mcrah001","?","mcrah001","?","flanm001","?","flanm001","?","dempr001","murre001","dauer001","decid001","belam101","roeng001","bumba001","lopec101","","","","13","F","F",10,2,2,"T","T",0,"F","F",1,"F","F",0,"F","F",1,"G","F","F","",0,0,"N",0,"N",0,"N",0,0,0,0,"13","","","","F","F","F","F","F","F","F","F","F","","","","F","F","F","F","F","","","","",0,3,0,0,1,0,0,0,0,39,"BAL","KCA","BAL",0,"F","F",2,1,0,19,1,"T","F",0,0,"T","T","bretg001","cowea001","T","T",0,0,0,0,0,0,0,0,0,"","","",0,0,0,0,0,0,0,0,0,0,0,0,0,"flanm001","F","F","F","F",0,0,0,0,0,0,0,0,0,0,F,F,"1978BAL.EVA.regular.event.csv",413
"BAL197804220","KCA",6,0,2,0,0,"",2,1,"bretg001","?","bretg001","?","flanm001","?","flanm001","?","dempr001","murre001","dauer001","decid001","belam101","roeng001","bumba001","lopec101","","","","31","F","F",5,3,2,"T","T",0,"F","F",1,"F","F",0,"F","F",3,"G","F","F","",0,0,"N",0,"N",0,"N",0,0,0,0,"31","","","","F","F","F","F","F","F","F","F","F","","","","F","F","F","F","F","","","","",0,1,0,0,3,0,0,0,0,40,"BAL","KCA","BAL",0,"F","T",2,1,0,20,2,"T","F",0,0,"T","T","cowea001","otisa001","T","T",0,0,0,0,0,0,0,0,0,"","","",0,0,0,0,0,0,0,0,0,0,0,0,0,"murre001","F","F","F","F",0,0,0,0,0,0,0,0,0,0,F,F,"1978BAL.EVA.regular.event.csv",414
"BAL197804220","KCA",6,1,0,0,0,"",2,1,"bumba001","?","bumba001","?","splip001","?","splip001","?","portd001","wathj001","whitf001","bretg001","patef101","zdebj101","otisa001","cowea001","","","","31","T","F",8,1,2,"T","T",0,"F","F",1,"F","F",0,"F","F",3,"G","F","F","",0,0,"N",0,"N",0,"N",0,0,0,0,"31","","","","F","F","F","F","F","F","F","F","F","","","","F","F","F","F","F","","","","",0,1,0,0,3,0,0,0,0,41,"BAL","BAL","KCA",1,"T","F",1,2,0,18,0,"T","F",0,0,"T","T","belam101","roeng001","T","T",0,0,0,0,0,0,0,0,0,"","","",0,0,0,0,0,0,0,0,0,0,0,0,0,"wathj001","F","F","F","F",0,0,0,0,0,0,0,0,0,0,F,F,"1978BAL.EVA.regular.event.csv",415
"BAL197804220","KCA",6,1,1,0,0,"",2,1,"belam101","?","belam101","?","splip001","?","splip001","?","portd001","wathj001","whitf001","bretg001","patef101","zdebj101","otisa001","cowea001","","","","63","F","F",6,2,2,"T","T",0,"F","F",1,"F","F",0,"F","F",6,"G","F","F","",0,0,"N",0,"N",0,"N",0,0,0,0,"63","","","","F","F","F","F","F","F","F","F","F","","","","F","F","F","F","F","","","","",0,3,0,0,6,0,0,0,0,42,"BAL","BAL","KCA",1,"F","F",1,2,0,19,1,"T","F",0,0,"T","T","roeng001","murre001","T","T",0,0,0,0,0,0,0,0,0,"","","",0,0,0,0,0,0,0,0,0,0,0,0,0,"patef101","F","F","F","F",0,0,0,0,0,0,0,0,0,0,F,F,"1978BAL.EVA.regular.event.csv",416
"BAL197804220","KCA",6,1,2,0,0,"",2,1,"roeng001","?","roeng001","?","splip001","?","splip001","?","portd001","wathj001","whitf001","bretg001","patef101","zdebj101","otisa001","cowea001","","","","7","F","F",7,3,2,"T","T",0,"F","F",1,"F","F",0,"F","F",7,"F","F","F","",0,0,"N",0,"N",0,"N",0,0,0,0,"7","","","","F","F","F","F","F","F","F","F","F","","","","F","F","F","F","F","","","","",0,7,0,0,0,0,0,0,0,43,"BAL","BAL","KCA",1,"F","T",1,2,0,20,2,"T","F",0,0,"T","T","murre001","may-l101","T","T",0,0,0,0,0,0,0,0,0,"","","",0,0,0,0,0,0,0,0,0,0,0,0,0,"zdebj101","F","F","F","F",0,0,0,0,0,0,0,0,0,0,F,F,"1978BAL.EVA.regular.event.csv",417
"BAL197804220","KCA",7,0,0,0,0,"",2,1,"cowea001","?","cowea001","?","flanm001","?","flanm001","?","dempr001","murre001","dauer001","decid001","belam101","roeng001","bumba001","lopec101","","","","HR/7","T","F",9,4,23,"T","T",4,"F","F",0,"F","F",1,"F","F",0,"","F","F","7",0,0,"N",0,"N",0,"N",4,0,0,0,"","","","","F","F","F","F","F","F","F","F","F","","","","F","F","F","F","F","","","","",0,0,0,0,0,0,0,0,0,44,"BAL","KCA","BAL",0,"T","F",2,1,0,21,0,"T","F",0,0,"T","T","otisa001","wathj001","T","T",0,0,0,0,0,0,0,0,0,"","","",0,0,0,0,0,0,0,0,0,0,0,0,1,"","F","F","F","F",4,0,0,0,1,0,0,0,0,0,F,F,"1978BAL.EVA.regular.event.csv",418
"BAL197804220","KCA",7,0,0,0,0,"",3,1,"otisa001","?","otisa001","?","flanm001","?","flanm001","?","dempr001","murre001","dauer001","decid001","belam101","roeng001","bumba001","lopec101","","","","S8","F","F",8,5,20,"T","T",1,"F","F",0,"F","F",0,"F","F",8,"","F","F","",0,0,"N",0,"N",0,"N",1,0,0,0,"","","","","F","F","F","F","F","F","F","F","F","","","","F","F","F","F","F","","","","",0,0,0,0,0,0,0,0,0,45,"BAL","KCA","BAL",0,"F","F",3,1,1,22,1,"T","F",0,1,"T","T","wathj001","portd001","T","T",0,0,0,0,0,0,0,0,0,"","","",0,0,0,0,0,0,0,0,0,0,0,0,0,"bumba001","F","F","F","F",4,0,0,0,1,0,0,0,0,0,F,F,"1978BAL.EVA.regular.event.csv",419
"BAL197804220","KCA",7,0,0,0,0,"",3,1,"wathj001","?","wathj001","?","flanm001","?","flanm001","?","dempr001","murre001","dauer001","decid001","belam101","roeng001","bumba001","lopec101","otisa001","","","D7.1-H","F","F",3,6,21,"T","T",2,"F","F",0,"F","F",1,"F","F",7,"","F","F","",0,0,"N",0,"N",0,"N",2,4,0,0,"","","","","F","F","F","F","F","F","F","F","F","flanm001","","","F","F","F","F","F","","","","",0,0,0,0,0,0,0,0,0,46,"BAL","KCA","BAL",0,"F","F",3,1,1,23,2,"T","F",1,2,"T","T","portd001","patef101","T","T",8,5,45,0,0,0,0,0,0,"dempr001","","",0,0,0,0,0,0,0,0,0,0,0,0,1,"roeng001","F","F","F","F",0,4,0,0,0,0,0,0,0,0,F,F,"1978BAL.EVA.regular.event.csv",420
"BAL197804220","KCA",7,0,0,0,0,"",4,1,"portd001","?","portd001","?","flanm001","?","flanm001","?","dempr001","murre001","dauer001","decid001","belam101","roeng001","bumba001","lopec101","","wathj001","","3/G.2-3","F","F",2,7,2,"T","T",0,"F","F",1,"F","F",0,"F","F",3,"G","F","F","",0,0,"N",0,"N",0,"N",0,0,3,0,"3","","","","F","F","F","F","F","F","F","F","F","","flanm001","","F","F","F","F","F","","","","",0,3,0,0,0,0,0,0,0,47,"BAL","KCA","BAL",0,"F","F",4,1,2,24,3,"T","F",2,4,"T","T","patef101","whitf001","T","T",0,0,0,3,6,46,0,0,0,"","dempr001","",0,0,0,0,0,0,0,0,0,0,0,0,0,"murre001","F","F","F","F",0,0,0,0,0,0,0,0,0,0,F,F,"1978BAL.EVA.regular.event.csv",421
"BAL197804220","KCA",7,0,1,0,0,"",4,1,"patef101","?","patef101","?","flanm001","?","flanm001","?","dempr001","murre001","dauer001","decid001","belam101","roeng001","bumba001","lopec101","","","wathj001","FC1.3XH(15)","F","F",6,8,19,"T","T",0,"F","F",1,"F","F",0,"F","F",1,"G","F","F","",0,0,"N",0,"N",0,"N",1,0,0,0,"","","","15","F","F","F","F","F","F","F","F","F","","","flanm001","F","F","F","F","F","","","","",0,5,0,0,1,0,0,0,0,48,"BAL","KCA","BAL",0,"F","F",4,1,2,25,4,"T","F",4,1,"T","T","whitf001","zdebj101","T","T",0,0,0,0,0,0,3,6,46,"","","dempr001",0,0,0,0,0,0,0,0,0,0,0,0,0,"flanm001","F","F","F","F",0,0,0,0,0,0,0,0,0,0,F,F,"1978BAL.EVA.regular.event.csv",422
"BAL197804220","KCA",7,0,2,0,0,"",4,1,"whitf001","?","whitf001","?","flanm001","?","flanm001","?","dempr001","murre001","dauer001","decid001","belam101","roeng001","bumba001","lopec101","patef101","","","9","F","F",4,9,2,"T","T",0,"F","F",1,"F","F",0,"F","F",9,"F","F","F","",0,0,"N",0,"N",0,"N",0,1,0,0,"9","","","","F","F","F","F","F","F","F","F","F","flanm001","","","F","F","F","F","F","","","","",0,9,0,0,0,0,0,0,0,49,"BAL","KCA","BAL",0,"F","T",4,1,2,26,5,"T","F",1,1,"T","T","zdebj101","mcrah001","T","T",6,8,48,0,0,0,0,0,0,"dempr001","","",0,0,0,0,0,0,0,0,0,0,0,0,0,"lopec101","F","F","F","F",0,0,0,0,0,0,0,0,0,0,F,F,"1978BAL.EVA.regular.event.csv",423
"BAL197804220","KCA",7,1,0,0,0,"",4,1,"murre001","?","murre001","?","splip001","?","splip001","?","portd001","wathj001","whitf001","bretg001","patef101","zdebj101","otisa001","cowea001","","","","9","T","F",3,4,2,"T","T",0,"F","F",1,"F","F",0,"F","F",9,"F","F","F","",0,0,"N",0,"N",0,"N",0,0,0,0,"9","","","","F","F","F","F","F","F","F","F","F","","","","F","F","F","F","F","","","","",0,9,0,0,0,0,0,0,0,50,"BAL","BAL","KCA",1,"T","F",1,4,0,21,0,"T","F",0,0,"T","T","may-l101","lopec101","T","T",0,0,0,0,0,0,0,0,0,"","","",0,0,0,0,0,0,0,0,0,0,0,0,0,"cowea001","F","F","F","F",0,0,0,0,1,0,0,0,0,0,F,F,"1978BAL.EVA.regular.event.csv",424
"BAL197804220","KCA",7,1,1,0,0,"",4,1,"may-l101","?","may-l101","?","splip001","?","splip001","?","portd001","wathj001","whitf001","bretg001","patef101","zdebj101","otisa001","cowea001","","","","HR/7","F","F",10,5,23,"T","T",4,"F","F",0,"F","F",1,"F","F",0,"","F","F","7",0,0,"N",0,"N",0,"N",4,0,0,0,"","","","","F","F","F","F","F","F","F","F","F","","","","F","F","F","F","F","","","","",0,0,0,0,0,0,0,0,0,51,"BAL","BAL","KCA",1,"F","F",1,4,0,22,1,"T","F",0,0,"T","T","lopec101","decid001","T","T",0,0,0,0,0,0,0,0,0,"","","",0,0,0,0,0,0,0,0,0,0,0,0,1,"","F","F","F","F",4,0,0,0,0,0,0,0,0,0,F,F,"1978BAL.EVA.regular.event.csv",425
"BAL197804220","KCA",7,1,1,0,0,"",4,2,"lopec101","?","lopec101","?","splip001","?","splip001","?","portd001","wathj001","whitf001","bretg001","patef101","zdebj101","otisa001","cowea001","","","","3/G","F","F",9,6,2,"T","T",0,"F","F",1,"F","F",0,"F","F",3,"G","F","F","",0,0,"N",0,"N",0,"N",0,0,0,0,"3","","","","F","F","F","F","F","F","F","F","F","","","","F","F","F","F","F","","","","",0,3,0,0,0,0,0,0,0,52,"BAL","BAL","KCA",1,"F","F",2,4,1,23,2,"T","F",0,0,"T","T","decid001","dempr001","T","T",0,0,0,0,0,0,0,0,0,"","","",0,0,0,0,0,0,0,0,0,0,0,0,0,"wathj001","F","F","F","F",0,0,0,0,0,0,0,0,0,0,F,F,"1978BAL.EVA.regular.event.csv",426
"BAL197804220","KCA",7,1,2,0,0,"",4,2,"decid001","?","decid001","?","splip001","?","splip001","?","portd001","wathj001","whitf001","bretg001","patef101","zdebj101","otisa001","cowea001","","","","6","F","F",5,7,2,"T","T",0,"F","F",1,"F","F",0,"F","F",6,"F","F","F","",0,0,"N",0,"N",0,"N",0,0,0,0,"6","","","","F","F","F","F","F","F","F","F","F","","","","F","F","F","F","F","","","","",0,6,0,0,0,0,0,0,0,53,"BAL","BAL","KCA",1,"F","T",2,4,1,24,3,"T","F",0,0,"T","T","dempr001","dauer001","T","T",0,0,0,0,0,0,0,0,0,"","","",0,0,0,0,0,0,0,0,0,0,0,0,0,"patef101","F","F","F","F",0,0,0,0,0,0,0,0,0,0,F,F,"1978BAL.EVA.regular.event.csv",427
"BAL197804220","KCA",8,0,0,0,0,"",4,2,"zdebj101","?","zdebj101","?","flanm001","?","flanm001","?","dempr001","murre001","dauer001","decid001","belam101","roeng001","bumba001","lopec101","","","","53","T","F",7,1,2,"T","T",0,"F","F",1,"F","F",0,"F","F",5,"G","F","F","",0,0,"N",0,"N",0,"N",0,0,0,0,"53","","","","F","F","F","F","F","F","F","F","F","","","","F","F","F","F","F","","","","",0,3,0,0,5,0,0,0,0,54,"BAL","KCA","BAL",0,"T","F",4,2,0,27,0,"T","F",0,0,"T","T","mcrah001","bretg001","T","T",0,0,0,0,0,0,0,0,0,"","","",0,0,0,0,0,0,0,0,0,0,0,0,0,"decid001","F","F","F","F",0,0,0,0,0,0,0,0,0,0,F,F,"1978BAL.EVA.regular.event.csv",428
"BAL197804220","KCA",8,0,1,0,0,"",4,2,"mcrah001","?","mcrah001","?","flanm001","?","flanm001","?","dempr001","murre001","dauer001","decid001","belam101","roeng001","bumba001","lopec101","","","","2","F","F",10,2,2,"T","T",0,"F","F",1,"F","F",0,"F","F",2,"F","F","F","",0,0,"N",0,"N",0,"N",0,0,0,0,"2","","","","F","F","F","F","F","F","F","F","F","","","","F","F","F","F","F","","","","",0,2,0,0,0,0,0,0,0,55,"BAL","KCA","BAL",0,"F","F",4,2,0,28,1,"T","F",0,0,"T","T","bretg001","cowea001","T","T",0,0,0,0,0,0,0,0,0,"","","",0,0,0,0,0,0,0,0,0,0,0,0,0,"dempr001","F","F","F","F",0,0,0,0,0,0,0,0,0,0,F,F,"1978BAL.EVA.regular.event.csv",429
"BAL197804220","KCA",8,0,2,0,0,"",4,2,"bretg001","?","bretg001","?","flanm001","?","flanm001","?","dempr001","murre001","dauer001","decid001","belam101","roeng001","bumba001","lopec101","","","","D7","F","F",5,3,21,"T","T",2,"F","F",0,"F","F",0,"F","F",7,"","F","F","",0,0,"N",0,"N",0,"N",2,0,0,0,"","","","","F","F","F","F","F","F","F","F","F","","","","F","F","F","F","F","","","","",0,0,0,0,0,0,0,0,0,56,"BAL","KCA","BAL",0,"F","F",4,2,0,29,2,"T","F",0,2,"T","T","cowea001","otisa001","T","T",0,0,0,0,0,0,0,0,0,"","","",0,0,0,0,0,0,0,0,0,0,0,0,0,"roeng001","F","F","F","F",3,0,0,0,0,0,0,0,0,0,F,F,"1978BAL.EVA.regular.event.csv",430
"BAL197804220","KCA",8,0,2,0,0,"",4,2,"cowea001","?","cowea001","?","briln101","?","briln101","?","dempr001","murre001","dauer001","decid001","belam101","roeng001","bumba001","lopec101","","bretg001","","HP","F","F",9,4,16,"T","F",0,"F","F",0,"F","F",0,"F","F",0,"","F","F","",0,0,"N",0,"N",0,"N",1,0,2,0,"","","","","F","F","F","F","F","F","F","F","F","","flanm001","","F","F","F","F","F","","","","",0,0,0,0,0,0,0,0,0,57,"BAL","KCA","BAL",0,"F","F",4,2,0,30,3,"T","F",2,3,"T","T","otisa001","wathj001","F","F",0,0,0,5,3,56,0,0,0,"","dempr001","",0,0,0,0,0,0,0,0,0,0,0,0,0,"","F","F","F","F",2,0,3,0,0,0,0,0,0,0,F,F,"1978BAL.EVA.regular.event.csv",431
"BAL197804220","KCA",8,0,2,0,0,"",4,2,"otisa001","?","otisa001","?","briln101","?","briln101","?","dempr001","murre001","dauer001","decid001","belam101","roeng001","bumba001","lopec101","cowea001","bretg001","","W.2-3;1-2","F","F",8,5,14,"T","F",0,"F","F",0,"F","F",0,"F","F",0,"","F","F","",0,0,"N",0,"N",0,"N",1,2,3,0,"","","","","F","F","F","F","F","F","F","F","F","briln101","flanm001","","F","F","F","F","F","","","","",0,0,0,0,0,0,0,0,0,58,"BAL","KCA","BAL",0,"F","F",4,2,0,31,4,"T","F",3,7,"T","T","wathj001","portd001","F","F",9,4,57,5,3,56,0,0,0,"dempr001","dempr001","",0,0,0,0,0,0,0,0,0,0,0,0,0,"","F","F","F","F",1,2,3,0,0,0,0,0,0,0,F,F,"1978BAL.EVA.regular.event.csv",432
"BAL197804220","KCA",8,0,2,0,0,"",4,2,"lacop101","?","lacop101","?","martt001","?","martt001","?","dempr001","murre001","dauer001","decid001","belam101","roeng001","bumba001","lopec101","otisa001","cowea001","bretg001","31","F","T",11,6,2,"T","T",0,"F","F",1,"F","F",0,"F","F",3,"G","F","F","",0,0,"N",0,"N",0,"N",0,1,2,3,"31","","","","F","F","F","F","F","F","F","F","F","briln101","briln101","flanm001","F","F","F","F","F","","","","wathj001",3,1,0,0,3,0,0,0,0,59,"BAL","KCA","BAL",0,"F","T",4,2,0,32,5,"T","F",7,7,"F","F","portd001","patef101","F","F",8,5,58,9,4,57,5,3,56,"dempr001","dempr001","dempr001",0,0,0,0,0,0,0,0,0,0,0,0,0,"murre001","F","F","F","F",0,1,2,3,0,0,0,0,0,0,F,F,"1978BAL.EVA.regular.event.csv",433
"BAL197804220","KCA",8,1,0,0,0,"",4,2,"dempr001","?","dempr001","?","hraba101","?","hraba101","?","portd001","lacop101","whitf001","bretg001","patef101","zdebj101","otisa001","cowea001","","","","W","T","F",2,8,14,"T","F",0,"F","F",0,"F","F",0,"F","F",0,"","F","F","",0,0,"N",0,"N",0,"N",1,0,0,0,"","","","","F","F","F","F","F","F","F","F","F","","","","F","F","F","F","F","","","","",0,0,0,0,0,0,0,0,0,60,"BAL","BAL","KCA",1,"T","F",2,4,0,25,0,"T","F",0,1,"T","T","dauer001","bumba001","F","F",0,0,0,0,0,0,0,0,0,"","","",0,0,0,0,0,0,0,0,0,0,0,0,0,"","F","F","F","F",4,0,0,0,1,0,0,0,0,0,F,F,"1978BAL.EVA.regular.event.csv",434
"BAL197804220","KCA",8,1,0,0,0,"",4,2,"dauer001","?","dauer001","?","hraba101","?","hraba101","?","portd001","lacop101","whitf001","bretg001","patef101","zdebj101","otisa001","cowea001","dempr001","","","D7.1-H","F","F",4,9,21,"T","T",2,"F","F",0,"F","F",1,"F","F",7,"","F","F","",0,0,"N",0,"N",0,"N",2,4,0,0,"","","","","F","F","F","F","F","F","F","F","F","hraba101","","","F","F","F","F","F","","","","",0,0,0,0,0,0,0,0,0,61,"BAL","BAL","KCA",1,"F","F",2,4,0,26,1,"T","F",1,2,"T","T","bumba001","belam101","F","F",2,8,60,0,0,0,0,0,0,"portd001","","",0,0,0,0,0,0,0,0,0,0,0,0,1,"zdebj101","F","F","F","F",0,4,0,0,0,0,0,0,0,0,F,F,"1978BAL.EVA.regular.event.csv",435
"BAL197804220","KCA",8,1,0,0,0,"",4,3,"bumba001","?","bumba001","?","hraba101","?","hraba101","?","portd001","lacop101","whitf001","bretg001","patef101","zdebj101","otisa001","cowea001","","dauer001","","W","F","F",8,1,14,"T","F",0,"F","F",0,"F","F",0,"F","F",0,"","F","F","",0,0,"N",0,"N",0,"N",1,0,2,0,"","","","","F","F","F","F","F","F","F","F","F","","hraba101","","F","F","F","F","F","","","","",0,0,0,0,0,0,0,0,0,62,"BAL","BAL","KCA",1,"F","F",3,4,1,27,2,"T","F",2,3,"T","T","belam101","roeng001","F","F",0,0,0,4,9,61,0,0,0,"","portd001","",0,0,0,0,0,0,0,0,0,0,0,0,0,"","F","F","F","F",0,0,0,0,0,0,0,0,0,0,F,F,"1978BAL.EVA.regular.event.csv",436
"BAL197804220","KCA",8,1,0,0,0,"",4,3,"belam101","?","belam101","?","hraba101","?","hraba101","?","portd001","lacop101","whitf001","bretg001","patef101","zdebj101","otisa001","cowea001","bumba001","dauer001","","FC5.2X3(56);1-2","F","F",6,2,19,"T","T",0,"F","F",1,"F","F",0,"F","F",5,"G","F","F","",0,0,"N",0,"N",0,"N",1,2,0,0,"","","56","","F","F","F","F","F","F","F","F","F","hraba101","hraba101","","F","F","F","F","F","","","","",0,6,0,0,5,0,0,0,0,63,"BAL","BAL","KCA",1,"F","F",3,4,1,28,3,"T","F",3,3,"T","T","roeng001","murre001","F","F",8,1,62,4,9,61,0,0,0,"portd001","portd001","",0,0,0,0,0,0,0,0,0,0,0,0,0,"bretg001","F","F","F","F",0,0,0,0,0,0,0,0,0,0,F,F,"1978BAL.EVA.regular.event.csv",437
"BAL197804220","KCA",8,1,1,0,0,"",4,3,"roeng001","?","roeng001","?","hraba101","?","hraba101","?","portd001","lacop101","whitf001","bretg001","patef101","zdebj101","otisa001","cowea001","belam101","bumba001","","8","F","F",7,3,2,"T","T",0,"F","F",1,"F","F",0,"F","F",8,"F","F","F","",0,0,"N",0,"N",0,"N",0,1,2,0,"8","","","","F","F","F","F","F","F","F","F","F","hraba101","hraba101","","F","F","F","F","F","","","","",0,8,0,0,0,0,0,0,0,64,"BAL","BAL","KCA",1,"F","F",3,4,1,29,4,"T","F",3,3,"T","T","murre001","may-l101","F","F",6,2,63,8,1,62,0,0,0,"portd001","portd001","",0,0,0,0,0,0,0,0,0,0,0,0,0,"otisa001","F","F","F","F",0,0,0,0,0,0,0,0,0,0,F,F,"1978BAL.EVA.regular.event.csv",438
"BAL197804220","KCA",8,1,2,0,0,"",4,3,"murre001","?","murre001","?","hraba101","?","hraba101","?","portd001","lacop101","whitf001","bretg001","patef101","zdebj101","otisa001","cowea001","belam101","bumba001","","8","F","F",3,4,2,"T","T",0,"F","F",1,"F","F",0,"F","F",8,"F","F","F","",0,0,"N",0,"N",0,"N",0,1,2,0,"8","","","","F","F","F","F","F","F","F","F","F","hraba101","hraba101","","F","F","F","F","F","","","","",0,8,0,0,0,0,0,0,0,65,"BAL","BAL","KCA",1,"F","T",3,4,1,30,5,"T","F",3,3,"T","T","may-l101","lopec101","F","F",6,2,63,8,1,62,0,0,0,"portd001","portd001","",0,0,0,0,0,0,0,0,0,0,0,0,0,"otisa001","F","F","F","F",0,0,0,0,0,0,0,0,0,0,F,F,"1978BAL.EVA.regular.event.csv",439
"BAL197804220","KCA",9,0,0,0,0,"",4,3,"portd001","?","portd001","?","martt001","?","martt001","?","dempr001","murre001","dauer001","decid001","belam101","roeng001","bumba001","lopec101","","","","S9","T","F",2,7,20,"T","T",1,"F","F",0,"F","F",0,"F","F",9,"","F","F","",0,0,"N",0,"N",0,"N",1,0,0,0,"","","","","F","F","F","F","F","F","F","F","F","","","","F","F","F","F","F","","","","",0,0,0,0,0,0,0,0,0,66,"BAL","KCA","BAL",0,"T","F",4,3,0,33,0,"T","F",0,1,"T","T","patef101","whitf001","F","F",0,0,0,0,0,0,0,0,0,"","","",0,0,0,0,0,0,0,0,0,0,0,0,0,"lopec101","F","F","F","F",5,0,0,0,1,0,0,0,0,0,F,F,"1978BAL.EVA.regular.event.csv",440
"BAL197804220","KCA",9,0,0,0,0,"",4,3,"patef101","?","patef101","?","stand101","?","stand101","?","dempr001","murre001","dauer001","decid001","belam101","roeng001","bumba001","lopec101","portd001","","","FC1.1-2(E1/TH2)","F","F",6,8,19,"T","T",0,"F","F",0,"F","F",0,"F","F",1,"G","F","F","",1,1,"T",0,"N",0,"N",1,2,0,0,"","","","","F","F","F","F","F","F","F","F","F","martt001","","","F","F","F","F","F","","","","",0,0,0,0,0,0,0,0,0,67,"BAL","KCA","BAL",0,"F","F",4,3,0,34,1,"T","F",1,3,"T","T","whitf001","zdebj101","F","F",2,7,66,0,0,0,0,0,0,"dempr001","","",0,0,0,0,0,0,0,0,0,0,0,0,0,"stand101","F","F","F","F",3,5,0,0,1,0,0,0,0,0,F,F,"1978BAL.EVA.regular.event.csv",441
"BAL197804220","KCA",9,0,0,0,0,"",4,3,"whitf001","?","whitf001","?","stand101","?","stand101","?","dempr001","murre001","dauer001","decid001","belam101","roeng001","bumba001","lopec101","patef101","portd001","","W.2-3;1-2","F","F",4,9,14,"T","F",0,"F","F",0,"F","F",0,"F","F",0,"","F","F","",0,0,"N",0,"N",0,"N",1,2,3,0,"","","","","F","F","F","F","F","F","F","F","F","stand101","martt001","","F","F","F","F","F","","","","",0,0,0,0,0,0,0,0,0,68,"BAL","KCA","BAL",0,"F","F",4,3,0,35,2,"T","F",3,7,"T","T","zdebj101","mcrah001","F","F",6,8,67,2,7,66,0,0,0,"dempr001","dempr001","",0,0,0,0,0,0,0,0,0,0,0,0,0,"","F","F","F","F",1,3,5,0,1,0,0,0,0,0,F,F,"1978BAL.EVA.regular.event.csv",442
"BAL197804220","KCA",9,0,0,0,0,"",4,3,"poqut101","?","poqut101","?","stand101","?","stand101","?","dempr001","murre001","dauer001","decid001","belam101","roeng001","bumba001","lopec101","whitf001","patef101","portd001","8/SF.3-H(UR);2-3","F","T",11,1,2,"T","F",0,"F","T",1,"F","F",1,"F","F",8,"F","F","F","",0,0,"N",0,"N",0,"N",0,1,3,5,"8","","","","F","F","F","F","F","F","F","F","F","stand101","stand101","martt001","F","F","F","F","F","","","","zdebj101",7,8,0,0,0,0,0,0,0,69,"BAL","KCA","BAL",0,"F","F",4,3,0,36,3,"T","F",7,5,"F","F","mcrah001","bretg001","F","F",4,9,68,6,8,67,2,7,66,"dempr001","dempr001","dempr001",0,0,0,0,0,0,0,0,0,0,0,0,1,"bumba001","F","F","F","F",0,1,3,5,0,0,0,0,0,0,F,F,"1978BAL.EVA.regular.event.csv",443
"BAL197804220","KCA",9,0,1,0,0,"",5,3,"mcrah001","?","mcrah001","?","stand101","?","stand101","?","dempr001","murre001","dauer001","decid001","belam101","roeng001","bumba001","lopec101","whitf001","","patef101","9","F","F",10,2,2,"T","T",0,"F","F",1,"F","F",0,"F","F",9,"F","F","F","",0,0,"N",0,"N",0,"N",0,1,0,3,"9","","","","F","F","F","F","F","F","F","F","F","stand101","","stand101","F","F","F","F","F","","","","",0,9,0,0,0,0,0,0,0,70,"BAL","KCA","BAL",0,"F","F",5,3,1,37,4,"T","F",5,5,"T","T","bretg001","cowea001","F","F",4,9,68,0,0,0,6,8,67,"dempr001","","dempr001",0,0,0,0,0,0,0,0,0,0,0,0,0,"lopec101","F","F","F","F",0,1,0,3,0,0,0,0,0,0,F,F,"1978BAL.EVA.regular.event.csv",444
"BAL197804220","KCA",9,0,2,0,0,"",5,3,"bretg001","?","bretg001","?","stand101","?","stand101","?","dempr001","murre001","dauer001","decid001","belam101","roeng001","bumba001","lopec101","whitf001","","patef101","8","F","F",5,3,2,"T","T",0,"F","F",1,"F","F",0,"F","F",8,"F","F","F","",0,0,"N",0,"N",0,"N",0,1,0,3,"8","","","","F","F","F","F","F","F","F","F","F","stand101","","stand101","F","F","F","F","F","","","","",0,8,0,0,0,0,0,0,0,71,"BAL","KCA","BAL",0,"F","T",5,3,1,38,5,"T","F",5,5,"T","T","cowea001","otisa001","F","F",4,9,68,0,0,0,6,8,67,"dempr001","","dempr001",0,0,0,0,0,0,0,0,0,0,0,0,0,"bumba001","F","F","F","F",0,1,0,3,0,0,0,0,0,0,F,F,"1978BAL.EVA.regular.event.csv",445
"BAL197804220","KCA",9,1,0,0,0,"",5,3,"may-l101","?","may-l101","?","hraba101","?","hraba101","?","portd001","lacop101","whitf001","bretg001","patef101","poqut101","otisa001","cowea001","","","","8","T","F",10,5,2,"T","T",0,"F","F",1,"F","F",0,"F","F",8,"F","F","F","",0,0,"N",0,"N",0,"N",0,0,0,0,"8","","","","F","F","F","F","F","F","F","F","F","","","","F","F","F","F","F","","","","",0,8,0,0,0,0,0,0,0,72,"BAL","BAL","KCA",1,"T","F",3,5,0,31,0,"T","F",0,0,"T","T","lopec101","decid001","F","F",0,0,0,0,0,0,0,0,0,"","","",0,0,0,0,0,0,0,0,0,0,0,0,0,"otisa001","F","F","F","F",0,0,0,0,0,0,0,0,0,0,F,F,"1978BAL.EVA.regular.event.csv",446
"BAL197804220","KCA",9,1,1,0,0,"",5,3,"lopec101","?","lopec101","?","hraba101","?","hraba101","?","portd001","lacop101","whitf001","bretg001","patef101","poqut101","otisa001","cowea001","","","","S8","F","F",9,6,20,"T","T",1,"F","F",0,"F","F",0,"F","F",8,"","F","F","",0,0,"N",0,"N",0,"N",1,0,0,0,"","","","","F","F","F","F","F","F","F","F","F","","","","F","F","F","F","F","","","","",0,0,0,0,0,0,0,0,0,73,"BAL","BAL","KCA",1,"F","F",3,5,0,32,1,"T","F",0,1,"T","T","decid001","dempr001","F","F",0,0,0,0,0,0,0,0,0,"","","",0,0,0,0,0,0,0,0,0,0,0,0,0,"otisa001","F","F","F","F",1,0,0,0,0,0,0,0,0,0,F,F,"1978BAL.EVA.regular.event.csv",447
"BAL197804220","KCA",9,1,1,0,0,"",5,3,"decid001","?","decid001","?","hraba101","?","hraba101","?","portd001","lacop101","whitf001","bretg001","patef101","poqut101","otisa001","cowea001","lopec101","","","K","F","F",5,7,3,"T","T",0,"F","F",1,"F","F",0,"F","F",0,"","F","F","",0,0,"N",0,"N",0,"N",0,1,0,0,"2","","","","F","F","F","F","F","F","F","F","F","hraba101","","","F","F","F","F","F","","","","",0,2,0,0,0,0,0,0,0,74,"BAL","BAL","KCA",1,"F","F",3,5,0,33,2,"T","F",1,1,"T","T","dempr001","dauer001","F","F",9,6,73,0,0,0,0,0,0,"portd001","","",0,0,0,0,0,0,0,0,0,0,0,0,0,"","F","F","F","F",0,1,0,0,0,0,0,0,0,0,F,F,"1978BAL.EVA.regular.event.csv",448
"BAL197804220","KCA",9,1,2,0,0,"",5,3,"dempr001","?","dempr001","?","hraba101","?","hraba101","?","portd001","lacop101","whitf001","bretg001","patef101","poqut101","otisa001","cowea001","lopec101","","","23","F","F",2,8,2,"T","T",0,"F","F",1,"F","F",0,"F","F",2,"G","F","F","",0,0,"N",0,"N",0,"N",0,1,0,0,"23","","","","F","F","F","F","F","F","F","F","F","hraba101","","","F","T","F","F","F","","","","",0,3,0,0,2,0,0,0,0,75,"BAL","BAL","KCA",1,"F","T",3,5,0,34,3,"T","F",1,1,"T","T","dauer001","bumba001","F","F",9,6,73,0,0,0,0,0,0,"portd001","","",0,0,0,0,0,0,0,0,0,0,0,0,0,"portd001","F","F","F","F",0,1,0,0,0,0,0,0,0,0,F,F,"1978BAL.EVA.regular.event.csv",449
"BAL197804230","KCA",1,0,0,0,0,"",0,0,"wilsw001","?","wilsw001","?","martd001","?","martd001","?","dempr001","murre001","smitb101","decid001","belam101","bumba001","harll101","singk001","","","","31","T","F",8,1,2,"T","T",0,"F","F",1,"F","F",0,"F","F",3,"G","F","F","",0,0,"N",0,"N",0,"N",0,0,0,0,"31","","","","F","F","F","F","F","F","F","F","F","","","","T","F","F","F","F","","","","",0,1,0,0,3,0,0,0,0,1,"BAL","KCA","BAL",0,"T","F",0,0,0,0,0,"T","F",0,0,"T","T","mcrah001","bretg001","T","T",0,0,0,0,0,0,0,0,0,"","","",0,0,0,0,0,0,0,0,0,0,0,0,0,"murre001","F","F","F","F",0,0,0,0,0,0,0,0,0,0,F,F,"1978BAL.EVA.regular.event.csv",450
"BAL197804230","KCA",1,0,1,0,0,"",0,0,"mcrah001","?","mcrah001","?","martd001","?","martd001","?","dempr001","murre001","smitb101","decid001","belam101","bumba001","harll101","singk001","","","","K","F","F",10,2,3,"T","T",0,"F","F",1,"F","F",0,"F","F",0,"","F","F","",0,0,"N",0,"N",0,"N",0,0,0,0,"2","","","","F","F","F","F","F","F","F","F","F","","","","F","F","F","F","F","","","","",0,2,0,0,0,0,0,0,0,2,"BAL","KCA","BAL",0,"F","F",0,0,0,1,1,"T","F",0,0,"T","T","bretg001","cowea001","T","T",0,0,0,0,0,0,0,0,0,"","","",0,0,0,0,0,0,0,0,0,0,0,0,0,"","F","F","F","F",0,0,0,0,0,0,0,0,0,0,F,F,"1978BAL.EVA.regular.event.csv",451
"BAL197804230","KCA",1,0,2,0,0,"",0,0,"bretg001","?","bretg001","?","martd001","?","martd001","?","dempr001","murre001","smitb101","decid001","belam101","bumba001","harll101","singk001","","","","8","F","F",5,3,2,"T","T",0,"F","F",1,"F","F",0,"F","F",8,"F","F","F","",0,0,"N",0,"N",0,"N",0,0,0,0,"8","","","","F","F","F","F","F","F","F","F","F","","","","F","F","F","F","F","","","","",0,8,0,0,0,0,0,0,0,3,"BAL","KCA","BAL",0,"F","T",0,0,0,2,2,"T","F",0,0,"T","T","cowea001","portd001","T","T",0,0,0,0,0,0,0,0,0,"","","",0,0,0,0,0,0,0,0,0,0,0,0,0,"harll101","F","F","F","F",0,0,0,0,0,0,0,0,0,0,F,F,"1978BAL.EVA.regular.event.csv",452
"BAL197804230","KCA",1,1,0,0,0,"",0,0,"bumba001","?","bumba001","?","busbs101","?","busbs101","?","portd001","hurdc001","whitf001","bretg001","patef101","poqut101","wilsw001","cowea001","","","","W","T","F",7,1,14,"T","F",0,"F","F",0,"F","F",0,"F","F",0,"","F","F","",0,0,"N",0,"N",0,"N",1,0,0,0,"","","","","F","F","F","F","F","F","F","F","F","","","","F","F","F","F","F","","","","",0,0,0,0,0,0,0,0,0,4,"BAL","BAL","KCA",1,"T","F",0,0,0,0,0,"T","F",0,1,"T","T","smitb101","singk001","T","T",0,0,0,0,0,0,0,0,0,"","","",0,0,0,0,0,0,0,0,0,0,0,0,0,"","F","F","F","F",4,0,0,0,2,0,0,0,0,0,F,F,"1978BAL.EVA.regular.event.csv",453
"BAL197804230","KCA",1,1,0,0,0,"",0,0,"smitb101","?","smitb101","?","busbs101","?","busbs101","?","portd001","hurdc001","whitf001","bretg001","patef101","poqut101","wilsw001","cowea001","bumba001","","","SB2","F","F",4,2,4,"F","F",0,"F","F",0,"F","F",0,"F","F",0,"","F","F","",0,0,"N",0,"N",0,"N",0,2,0,0,"","","","","T","F","F","F","F","F","F","F","F","busbs101","","","F","F","F","F","F","","","","",0,0,0,0,0,0,0,0,0,5,"BAL","BAL","KCA",1,"F","F",0,0,0,1,1,"T","F",1,2,"T","T","singk001","murre001","T","T",7,1,4,0,0,0,0,0,0,"portd001","","",0,0,0,0,0,0,0,0,0,0,0,0,0,"","F","F","F","F",0,4,0,0,2,0,0,0,0,0,F,F,"1978BAL.EVA.regular.event.csv",454
"BAL197804230","KCA",1,1,0,0,0,"",0,0,"smitb101","?","smitb101","?","busbs101","?","busbs101","?","portd001","hurdc001","whitf001","bretg001","patef101","poqut101","wilsw001","cowea001","","bumba001","","13","F","F",4,2,2,"T","T",0,"F","F",1,"F","F",0,"F","F",1,"G","F","F","",0,0,"N",0,"N",0,"N",0,0,2,0,"13","","","","F","F","F","F","F","F","F","F","F","","busbs101","","F","F","F","F","F","","","","",0,3,0,0,1,0,0,0,0,6,"BAL","BAL","KCA",1,"F","F",0,0,0,1,1,"F","F",2,2,"T","T","singk001","murre001","T","T",0,0,0,7,1,4,0,0,0,"","portd001","",0,0,0,0,0,0,0,0,0,0,0,0,0,"busbs101","F","F","F","F",0,0,4,0,2,0,0,0,0,0,F,F,"1978BAL.EVA.regular.event.csv",455
"BAL197804230","KCA",1,1,1,0,0,"",0,0,"singk001","?","singk001","?","busbs101","?","busbs101","?","portd001","hurdc001","whitf001","bretg001","patef101","poqut101","wilsw001","cowea001","","bumba001","","W","F","F",9,3,14,"T","F",0,"F","F",0,"F","F",0,"F","F",0,"","F","F","",0,0,"N",0,"N",0,"N",1,0,2,0,"","","","","F","F","F","F","F","F","F","F","F","","busbs101","","F","F","F","F","F","","","","",0,0,0,0,0,0,0,0,0,7,"BAL","BAL","KCA",1,"F","F",0,0,0,2,2,"T","F",2,3,"T","T","murre001","may-l101","T","T",0,0,0,7,1,4,0,0,0,"","portd001","",0,0,0,0,0,0,0,0,0,0,0,0,0,"","F","F","F","F",4,0,4,0,2,0,0,0,0,0,F,F,"1978BAL.EVA.regular.event.csv",456
"BAL197804230","KCA",1,1,1,0,0,"",0,0,"murre001","?","murre001","?","busbs101","?","busbs101","?","portd001","hurdc001","whitf001","bretg001","patef101","poqut101","wilsw001","cowea001","singk001","bumba001","","W.2-3;1-2","F","F",3,4,14,"T","F",0,"F","F",0,"F","F",0,"F","F",0,"","F","F","",0,0,"N",0,"N",0,"N",1,2,3,0,"","","","","F","F","F","F","F","F","F","F","F","busbs101","busbs101","","F","F","F","F","F","","","","",0,0,0,0,0,0,0,0,0,8,"BAL","BAL","KCA",1,"F","F",0,0,0,3,3,"T","F",3,7,"T","T","may-l101","harll101","T","T",9,3,7,7,1,4,0,0,0,"portd001","portd001","",0,0,0,0,0,0,0,0,0,0,0,0,0,"","F","F","F","F",3,4,4,0,2,0,0,0,0,0,F,F,"1978BAL.EVA.regular.event.csv",457
"BAL197804230","KCA",1,1,1,0,0,"",0,0,"may-l101","?","may-l101","?","busbs101","?","busbs101","?","portd001","hurdc001","whitf001","bretg001","patef101","poqut101","wilsw001","cowea001","murre001","singk001","bumba001","S7.3-H;2-3;1-2","F","F",10,5,20,"T","T",1,"F","F",0,"F","F",1,"F","F",7,"","F","F","",0,0,"N",0,"N",0,"N",1,2,3,4,"","","","","F","F","F","F","F","F","F","F","F","busbs101","busbs101","busbs101","F","F","F","F","F","","","","",0,0,0,0,0,0,0,0,0,9,"BAL","BAL","KCA",1,"F","F",0,0,0,4,4,"T","F",7,7,"T","T","harll101","decid001","T","T",3,4,8,9,3,7,7,1,4,"portd001","portd001","portd001",0,0,0,0,0,0,0,0,0,0,0,0,1,"poqut101","F","F","F","F",0,3,4,4,1,0,0,0,0,0,F,F,"1978BAL.EVA.regular.event.csv",458
"BAL197804230","KCA",1,1,1,0,0,"",0,1,"roeng001","?","roeng001","?","gural001","?","gural001","?","portd001","hurdc001","whitf001","bretg001","patef101","poqut101","wilsw001","cowea001","may-l101","murre001","singk001","8/SF.3-H;2-3","F","T",11,6,2,"T","F",0,"F","T",1,"F","F",1,"F","F",8,"F","F","F","",0,0,"N",0,"N",0,"N",0,1,3,4,"8","","","","F","F","F","F","F","F","F","F","F","busbs101","busbs101","busbs101","F","F","F","F","F","","","","harll101",8,8,0,0,0,0,0,0,0,10,"BAL","BAL","KCA",1,"F","F",1,0,1,5,5,"T","F",7,5,"F","F","decid001","dempr001","F","F",10,5,9,3,4,8,9,3,7,"portd001","portd001","portd001",0,0,0,0,0,0,0,0,0,0,0,0,1,"wilsw001","F","F","F","F",0,0,3,4,0,0,0,0,0,0,F,F,"1978BAL.EVA.regular.event.csv",459
"BAL197804230","KCA",1,1,2,0,0,"",0,2,"decid001","?","decid001","?","gural001","?","gural001","?","portd001","hurdc001","whitf001","bretg001","patef101","poqut101","wilsw001","cowea001","may-l101","","murre001","54(1)/FO","F","F",5,7,2,"T","T",0,"F","F",1,"F","F",0,"F","F",5,"G","F","F","",0,0,"N",0,"N",0,"N",1,0,0,3,"","54","","","F","F","F","F","F","F","F","F","F","busbs101","","busbs101","F","F","F","F","F","","","","",0,4,0,0,5,0,0,0,0,11,"BAL","BAL","KCA",1,"F","T",2,0,2,6,6,"T","F",5,5,"T","T","dempr001","belam101","F","F",10,5,9,0,0,0,3,4,8,"portd001","","portd001",0,0,0,0,0,0,0,0,0,0,0,0,0,"bretg001","T","F","F","F",1,0,0,3,0,0,0,0,0,0,F,F,"1978BAL.EVA.regular.event.csv",460
"BAL197804230","KCA",2,0,0,0,0,"",0,2,"cowea001","?","cowea001","?","martd001","?","martd001","?","dempr001","murre001","smitb101","decid001","belam101","roeng001","bumba001","singk001","","","","K","T","F",9,4,3,"T","T",0,"F","F",1,"F","F",0,"F","F",0,"","F","F","",0,0,"N",0,"N",0,"N",0,0,0,0,"2","","","","F","F","F","F","F","F","F","F","F","","","","F","F","F","F","F","","","","",0,2,0,0,0,0,0,0,0,12,"BAL","KCA","BAL",0,"T","F",0,2,0,3,0,"T","F",0,0,"T","T","portd001","poqut101","T","T",0,0,0,0,0,0,0,0,0,"","","",0,0,0,0,0,0,0,0,0,0,0,0,0,"","F","F","F","F",0,0,0,0,1,0,0,0,0,0,F,F,"1978BAL.EVA.regular.event.csv",461
"BAL197804230","KCA",2,0,1,0,0,"",0,2,"portd001","?","portd001","?","martd001","?","martd001","?","dempr001","murre001","smitb101","decid001","belam101","roeng001","bumba001","singk001","","","","S8","F","F",2,5,20,"T","T",1,"F","F",0,"F","F",0,"F","F",8,"","F","F","",0,0,"N",0,"N",0,"N",1,0,0,0,"","","","","F","F","F","F","F","F","F","F","F","","","","F","F","F","F","F","","","","",0,0,0,0,0,0,0,0,0,13,"BAL","KCA","BAL",0,"F","F",0,2,0,4,1,"T","F",0,1,"T","T","poqut101","hurdc001","T","T",0,0,0,0,0,0,0,0,0,"","","",0,0,0,0,0,0,0,0,0,0,0,0,0,"bumba001","F","F","F","F",4,0,0,0,1,0,0,0,0,0,F,F,"1978BAL.EVA.regular.event.csv",462
"BAL197804230","KCA",2,0,1,0,0,"",0,2,"poqut101","?","poqut101","?","martd001","?","martd001","?","dempr001","murre001","smitb101","decid001","belam101","roeng001","bumba001","singk001","portd001","","","S7.1-2","F","F",7,6,20,"T","T",1,"F","F",0,"F","F",0,"F","F",7,"","F","F","",0,0,"N",0,"N",0,"N",1,2,0,0,"","","","","F","F","F","F","F","F","F","F","F","martd001","","","F","F","F","F","F","","","","",0,0,0,0,0,0,0,0,0,14,"BAL","KCA","BAL",0,"F","F",0,2,0,5,2,"T","F",1,3,"T","T","hurdc001","patef101","T","T",2,5,13,0,0,0,0,0,0,"dempr001","","",0,0,0,0,0,0,0,0,0,0,0,0,0,"roeng001","F","F","F","F",0,4,0,0,1,0,0,0,0,0,F,F,"1978BAL.EVA.regular.event.csv",463
"BAL197804230","KCA",2,0,1,0,0,"",0,2,"hurdc001","?","hurdc001","?","martd001","?","martd001","?","dempr001","murre001","smitb101","decid001","belam101","roeng001","bumba001","singk001","poqut101","portd001","","W.2-3;1-2","F","F",3,7,14,"T","F",0,"F","F",0,"F","F",0,"F","F",0,"","F","F","",0,0,"N",0,"N",0,"N",1,2,3,0,"","","","","F","F","F","F","F","F","F","F","F","martd001","martd001","","F","F","F","F","F","","","","",0,0,0,0,0,0,0,0,0,15,"BAL","KCA","BAL",0,"F","F",0,2,0,6,3,"T","F",3,7,"T","T","patef101","whitf001","T","T",7,6,14,2,5,13,0,0,0,"dempr001","dempr001","",0,0,0,0,0,0,0,0,0,0,0,0,0,"","F","F","F","F",0,0,4,0,1,0,0,0,0,0,F,F,"1978BAL.EVA.regular.event.csv",464
"BAL197804230","KCA",2,0,1,0,0,"",0,2,"patef101","?","patef101","?","martd001","?","martd001","?","dempr001","murre001","smitb101","decid001","belam101","roeng001","bumba001","singk001","hurdc001","poqut101","portd001","64(1)/FO.3-H;2-3","F","F",6,8,2,"T","T",0,"F","F",1,"F","F",1,"F","F",6,"G","F","F","",0,0,"N",0,"N",0,"N",1,0,3,4,"","64","","","F","F","F","F","F","F","F","F","F","martd001","martd001","martd001","F","F","F","F","F","","","","",0,4,0,0,6,0,0,0,0,16,"BAL","KCA","BAL",0,"F","F",0,2,0,7,4,"T","F",7,5,"T","T","whitf001","wilsw001","T","T",3,7,15,7,6,14,2,5,13,"dempr001","dempr001","dempr001",0,0,0,0,0,0,0,0,0,0,0,0,1,"belam101","T","F","F","F",0,0,0,4,0,0,0,0,0,0,F,F,"1978BAL.EVA.regular.event.csv",465
"BAL197804230","KCA",2,0,2,0,0,"",1,2,"whitf001","?","whitf001","?","martd001","?","martd001","?","dempr001","murre001","smitb101","decid001","belam101","roeng001","bumba001","singk001","patef101","","poqut101","SB2","F","F",4,9,4,"F","F",0,"F","F",0,"F","F",0,"F","F",0,"","F","F","",0,0,"N",0,"N",0,"N",0,2,0,3,"","","","","T","F","F","F","F","F","F","F","F","martd001","","martd001","F","F","F","F","F","","","","",0,0,0,0,0,0,0,0,0,17,"BAL","KCA","BAL",0,"F","F",1,2,1,8,5,"T","F",5,6,"T","T","wilsw001","mcrah001","T","T",6,8,16,0,0,0,7,6,14,"dempr001","","dempr001",0,0,0,0,0,0,0,0,0,0,0,0,0,"","F","F","F","F",0,0,0,0,0,0,0,0,0,0,F,F,"1978BAL.EVA.regular.event.csv",466
"BAL197804230","KCA",2,0,2,0,0,"",1,2,"whitf001","?","whitf001","?","martd001","?","martd001","?","dempr001","murre001","smitb101","decid001","belam101","roeng001","bumba001","singk001","","patef101","poqut101","8","F","F",4,9,2,"T","T",0,"F","F",1,"F","F",0,"F","F",8,"F","F","F","",0,0,"N",0,"N",0,"N",0,0,2,3,"8","","","","F","F","F","F","F","F","F","F","F","","martd001","martd001","F","F","F","F","F","","","","",0,8,0,0,0,0,0,0,0,18,"BAL","KCA","BAL",0,"F","T",1,2,1,8,5,"F","F",6,6,"T","T","wilsw001","mcrah001","T","T",0,0,0,6,8,16,7,6,14,"","dempr001","dempr001",0,0,0,0,0,0,0,0,0,0,0,0,0,"bumba001","F","F","F","F",0,0,0,0,0,0,0,0,0,0,F,F,"1978BAL.EVA.regular.event.csv",467
"BAL197804230","KCA",2,1,0,0,0,"",1,2,"dempr001","?","dempr001","?","gural001","?","gural001","?","portd001","hurdc001","whitf001","bretg001","patef101","poqut101","wilsw001","cowea001","","","","8","T","F",2,8,2,"T","T",0,"F","F",1,"F","F",0,"F","F",8,"F","F","F","",0,0,"N",0,"N",0,"N",0,0,0,0,"8","","","","F","F","F","F","F","F","F","F","F","","","","F","F","F","F","F","","","","",0,8,0,0,0,0,0,0,0,19,"BAL","BAL","KCA",1,"T","F",2,1,0,7,0,"T","F",0,0,"T","T","belam101","bumba001","F","F",0,0,0,0,0,0,0,0,0,"","","",0,0,0,0,0,0,0,0,0,0,0,0,0,"wilsw001","F","F","F","F",0,0,0,0,1,0,0,0,0,0,F,F,"1978BAL.EVA.regular.event.csv",468
"BAL197804230","KCA",2,1,1,0,0,"",1,2,"belam101","?","belam101","?","gural001","?","gural001","?","portd001","hurdc001","whitf001","bretg001","patef101","poqut101","wilsw001","cowea001","","","","W","F","F",6,9,14,"T","F",0,"F","F",0,"F","F",0,"F","F",0,"","F","F","",0,0,"N",0,"N",0,"N",1,0,0,0,"","","","","F","F","F","F","F","F","F","F","F","","","","F","F","F","F","F","","","","",0,0,0,0,0,0,0,0,0,20,"BAL","BAL","KCA",1,"F","F",2,1,0,8,1,"T","F",0,1,"T","T","bumba001","smitb101","F","F",0,0,0,0,0,0,0,0,0,"","","",0,0,0,0,0,0,0,0,0,0,0,0,0,"","F","F","F","F",4,0,0,0,1,0,0,0,0,0,F,F,"1978BAL.EVA.regular.event.csv",469
"BAL197804230","KCA",2,1,1,0,0,"",1,2,"bumba001","?","bumba001","?","gural001","?","gural001","?","portd001","hurdc001","whitf001","bretg001","patef101","poqut101","wilsw001","cowea001","belam101","","","SB2","F","F",8,1,4,"F","F",0,"F","F",0,"F","F",0,"F","F",0,"","F","F","",0,0,"N",0,"N",0,"N",0,2,0,0,"","","","","T","F","F","F","F","F","F","F","F","gural001","","","F","F","F","F","F","","","","",0,0,0,0,0,0,0,0,0,21,"BAL","BAL","KCA",1,"F","F",2,1,0,9,2,"T","F",1,2,"T","T","smitb101","singk001","F","F",6,9,20,0,0,0,0,0,0,"portd001","","",0,0,0,0,0,0,0,0,0,0,0,0,0,"","F","F","F","F",0,4,0,0,1,0,0,0,0,0,F,F,"1978BAL.EVA.regular.event.csv",470
"BAL197804230","KCA",2,1,1,0,0,"",1,2,"bumba001","?","bumba001","?","gural001","?","gural001","?","portd001","hurdc001","whitf001","bretg001","patef101","poqut101","wilsw001","cowea001","","belam101","","8","F","F",8,1,2,"T","T",0,"F","F",1,"F","F",0,"F","F",8,"F","F","F","",0,0,"N",0,"N",0,"N",0,0,2,0,"8","","","","F","F","F","F","F","F","F","F","F","","gural001","","F","F","F","F","F","","","","",0,8,0,0,0,0,0,0,0,22,"BAL","BAL","KCA",1,"F","F",2,1,0,9,2,"F","F",2,2,"T","T","smitb101","singk001","F","F",0,0,0,6,9,20,0,0,0,"","portd001","",0,0,0,0,0,0,0,0,0,0,0,0,0,"wilsw001","F","F","F","F",0,0,4,0,1,0,0,0,0,0,F,F,"1978BAL.EVA.regular.event.csv",471
"BAL197804230","KCA",2,1,2,0,0,"",1,2,"smitb101","?","smitb101","?","gural001","?","gural001","?","portd001","hurdc001","whitf001","bretg001","patef101","poqut101","wilsw001","cowea001","","belam101","","S8.2-H","F","F",4,2,20,"T","T",1,"F","F",0,"F","F",1,"F","F",8,"","F","F","",0,0,"N",0,"N",0,"N",1,0,4,0,"","","","","F","F","F","F","F","F","F","F","F","","gural001","","F","F","F","F","F","","","","",0,0,0,0,0,0,0,0,0,23,"BAL","BAL","KCA",1,"F","F",2,1,0,10,3,"T","F",2,1,"T","T","singk001","murre001","F","F",0,0,0,6,9,20,0,0,0,"","portd001","",0,0,0,0,0,0,0,0,0,0,0,0,1,"wilsw001","F","F","F","F",0,0,4,0,0,0,0,0,0,0,F,F,"1978BAL.EVA.regular.event.csv",472
"BAL197804230","KCA",2,1,2,0,0,"",1,3,"singk001","?","singk001","?","gural001","?","gural001","?","portd001","hurdc001","whitf001","bretg001","patef101","poqut101","wilsw001","cowea001","smitb101","","","43","F","F",9,3,2,"T","T",0,"F","F",1,"F","F",0,"F","F",4,"G","F","F","",0,0,"N",0,"N",0,"N",0,1,0,0,"43","","","","F","F","F","F","F","F","F","F","F","gural001","","","F","F","F","F","F","","","","",0,3,0,0,4,0,0,0,0,24,"BAL","BAL","KCA",1,"F","T",3,1,1,11,4,"T","F",1,1,"T","T","murre001","may-l101","F","F",4,2,23,0,0,0,0,0,0,"portd001","","",0,0,0,0,0,0,0,0,0,0,0,0,0,"whitf001","F","F","F","F",0,0,0,0,0,0,0,0,0,0,F,F,"1978BAL.EVA.regular.event.csv",473
"BAL197804230","KCA",3,0,0,0,0,"",1,3,"wilsw001","?","wilsw001","?","martd001","?","martd001","?","dempr001","murre001","smitb101","decid001","belam101","roeng001","bumba001","singk001","","","","43","T","F",8,1,2,"T","T",0,"F","F",1,"F","F",0,"F","F",4,"G","F","F","",0,0,"N",0,"N",0,"N",0,0,0,0,"43","","","","F","F","F","F","F","F","F","F","F","","","","F","F","F","F","F","","","","",0,3,0,0,4,0,0,0,0,25,"BAL","KCA","BAL",0,"T","F",1,3,0,9,0,"T","F",0,0,"T","T","mcrah001","bretg001","T","T",0,0,0,0,0,0,0,0,0,"","","",0,0,0,0,0,0,0,0,0,0,0,0,0,"smitb101","F","F","F","F",0,0,0,0,2,0,0,0,0,0,F,F,"1978BAL.EVA.regular.event.csv",474
"BAL197804230","KCA",3,0,1,0,0,"",1,3,"mcrah001","?","mcrah001","?","martd001","?","martd001","?","dempr001","murre001","smitb101","decid001","belam101","roeng001","bumba001","singk001","","","","E5","F","F",10,2,18,"T","T",0,"F","F",0,"F","F",0,"F","F",5,"G","F","F","",1,5,"F",0,"N",0,"N",1,0,0,0,"","","","","F","F","F","F","F","F","F","F","F","","","","F","F","F","F","F","","","","",0,0,0,0,0,0,0,0,0,26,"BAL","KCA","BAL",0,"F","F",1,3,0,10,1,"T","F",0,1,"T","T","bretg001","cowea001","T","T",0,0,0,0,0,0,0,0,0,"","","",0,0,0,0,0,0,0,0,0,0,0,0,0,"decid001","F","F","F","T",0,0,0,0,2,0,0,0,0,0,F,F,"1978BAL.EVA.regular.event.csv",475
"BAL197804230","KCA",3,0,1,0,0,"",1,3,"bretg001","?","bretg001","?","martd001","?","martd001","?","dempr001","murre001","smitb101","decid001","belam101","roeng001","bumba001","singk001","mcrah001","","","46(1)/FO","F","F",5,3,2,"T","T",0,"F","F",1,"F","F",0,"F","F",4,"G","F","F","",0,0,"N",0,"N",0,"N",1,0,0,0,"","46","","","F","F","F","F","F","F","F","F","F","martd001","","","F","F","F","F","F","","","","",0,6,0,0,4,0,0,0,0,27,"BAL","KCA","BAL",0,"F","F",1,3,0,11,2,"T","F",1,1,"T","T","cowea001","portd001","T","T",10,2,26,0,0,0,0,0,0,"dempr001","","",0,0,0,0,0,0,0,0,0,0,0,0,0,"smitb101","T","F","F","F",5,0,0,0,2,0,0,0,0,0,F,F,"1978BAL.EVA.regular.event.csv",476
"BAL197804230","KCA",3,0,2,0,0,"",1,3,"cowea001","?","cowea001","?","martd001","?","martd001","?","dempr001","murre001","smitb101","decid001","belam101","roeng001","bumba001","singk001","bretg001","","","D9.1-3","F","F",9,4,21,"T","T",2,"F","F",0,"F","F",0,"F","F",9,"","F","F","",0,0,"N",0,"N",0,"N",2,3,0,0,"","","","","F","F","F","F","F","F","F","F","F","martd001","","","F","F","F","F","F","","","","",0,0,0,0,0,0,0,0,0,28,"BAL","KCA","BAL",0,"F","F",1,3,0,12,3,"T","F",1,6,"T","T","portd001","poqut101","T","T",5,3,27,0,0,0,0,0,0,"dempr001","","",0,0,0,0,0,0,0,0,0,0,0,0,0,"singk001","F","F","F","F",5,5,0,0,2,0,0,0,0,0,F,F,"1978BAL.EVA.regular.event.csv",477
"BAL197804230","KCA",3,0,2,0,0,"",1,3,"portd001","?","portd001","?","martd001","?","martd001","?","dempr001","murre001","smitb101","decid001","belam101","roeng001","bumba001","singk001","","cowea001","bretg001","S8.3-H(UR);2-H(UR)","F","F",2,5,20,"T","T",1,"F","F",0,"F","F",2,"F","F",8,"","F","F","",0,0,"N",0,"N",0,"N",1,0,5,5,"","","","","F","F","F","F","F","F","F","F","F","","martd001","martd001","F","F","F","F","F","","","","",0,0,0,0,0,0,0,0,0,29,"BAL","KCA","BAL",0,"F","F",1,3,0,13,4,"T","F",6,1,"T","T","poqut101","hurdc001","T","T",0,0,0,9,4,28,5,3,27,"","dempr001","dempr001",0,0,0,0,0,0,0,0,0,0,0,0,2,"bumba001","F","F","F","F",0,0,5,5,0,0,0,0,0,0,F,F,"1978BAL.EVA.regular.event.csv",478
"BAL197804230","KCA",3,0,2,0,0,"",3,3,"poqut101","?","poqut101","?","martd001","?","martd001","?","dempr001","murre001","smitb101","decid001","belam101","roeng001","bumba001","singk001","portd001","","","3/G","F","F",7,6,2,"T","T",0,"F","F",1,"F","F",0,"F","F",3,"G","F","F","",0,0,"N",0,"N",0,"N",0,1,0,0,"3","","","","F","F","F","F","F","F","F","F","F","martd001","","","F","F","F","F","F","","","","",0,3,0,0,0,0,0,0,0,30,"BAL","KCA","BAL",0,"F","T",3,3,2,14,5,"T","F",1,1,"T","T","hurdc001","patef101","T","T",2,5,29,0,0,0,0,0,0,"dempr001","","",0,0,0,0,0,0,0,0,0,0,0,0,0,"murre001","F","F","F","F",0,0,0,0,0,0,0,0,0,0,F,F,"1978BAL.EVA.regular.event.csv",479
"BAL197804230","KCA",3,1,0,0,0,"",3,3,"murre001","?","murre001","?","gural001","?","gural001","?","portd001","hurdc001","whitf001","bretg001","patef101","poqut101","wilsw001","cowea001","","","","5/L","T","F",3,4,2,"T","T",0,"F","F",1,"F","F",0,"F","F",5,"L","F","F","",0,0,"N",0,"N",0,"N",0,0,0,0,"5","","","","F","F","F","F","F","F","F","F","F","","","","F","F","F","F","F","","","","",0,5,0,0,0,0,0,0,0,31,"BAL","BAL","KCA",1,"T","F",3,3,0,12,0,"T","F",0,0,"T","T","may-l101","roeng001","F","F",0,0,0,0,0,0,0,0,0,"","","",0,0,0,0,0,0,0,0,0,0,0,0,0,"bretg001","F","F","F","F",0,0,0,0,0,0,0,0,0,0,F,F,"1978BAL.EVA.regular.event.csv",480
"BAL197804230","KCA",3,1,1,0,0,"",3,3,"may-l101","?","may-l101","?","gural001","?","gural001","?","portd001","hurdc001","whitf001","bretg001","patef101","poqut101","wilsw001","cowea001","","","","53","F","F",10,5,2,"T","T",0,"F","F",1,"F","F",0,"F","F",5,"G","F","F","",0,0,"N",0,"N",0,"N",0,0,0,0,"53","","","","F","F","F","F","F","F","F","F","F","","","","F","F","F","F","F","","","","",0,3,0,0,5,0,0,0,0,32,"BAL","BAL","KCA",1,"F","F",3,3,0,13,1,"T","F",0,0,"T","T","roeng001","decid001","F","F",0,0,0,0,0,0,0,0,0,"","","",0,0,0,0,0,0,0,0,0,0,0,0,0,"bretg001","F","F","F","F",0,0,0,0,0,0,0,0,0,0,F,F,"1978BAL.EVA.regular.event.csv",481
"BAL197804230","KCA",3,1,2,0,0,"",3,3,"roeng001","?","roeng001","?","gural001","?","gural001","?","portd001","hurdc001","whitf001","bretg001","patef101","poqut101","wilsw001","cowea001","","","","7","F","F",7,6,2,"T","T",0,"F","F",1,"F","F",0,"F","F",7,"F","F","F","",0,0,"N",0,"N",0,"N",0,0,0,0,"7","","","","F","F","F","F","F","F","F","F","F","","","","F","F","F","F","F","","","","",0,7,0,0,0,0,0,0,0,33,"BAL","BAL","KCA",1,"F","T",3,3,0,14,2,"T","F",0,0,"F","F","decid001","dempr001","F","F",0,0,0,0,0,0,0,0,0,"","","",0,0,0,0,0,0,0,0,0,0,0,0,0,"poqut101","F","F","F","F",0,0,0,0,0,0,0,0,0,0,F,F,"1978BAL.EVA.regular.event.csv",482
"BAL197804230","KCA",4,0,0,0,0,"",3,3,"hurdc001","?","hurdc001","?","martd001","?","martd001","?","dempr001","murre001","smitb101","decid001","belam101","roeng001","bumba001","singk001","","","","S8","T","F",3,7,20,"T","T",1,"F","F",0,"F","F",0,"F","F",8,"","F","F","",0,0,"N",0,"N",0,"N",1,0,0,0,"","","","","F","F","F","F","F","F","F","F","F","","","","F","F","F","F","F","","","","",0,0,0,0,0,0,0,0,0,34,"BAL","KCA","BAL",0,"T","F",3,3,0,15,0,"T","F",0,1,"T","T","patef101","whitf001","T","T",0,0,0,0,0,0,0,0,0,"","","",0,0,0,0,0,0,0,0,0,0,0,0,0,"bumba001","F","F","F","F",0,0,0,0,0,0,0,0,0,0,F,F,"1978BAL.EVA.regular.event.csv",483
"BAL197804230","KCA",4,0,0,0,0,"",3,3,"patef101","?","patef101","?","martd001","?","martd001","?","dempr001","murre001","smitb101","decid001","belam101","roeng001","bumba001","singk001","hurdc001","","","54(1)3/GDP","F","F",6,8,2,"T","T",0,"F","F",2,"T","F",0,"F","F",5,"G","F","F","",0,0,"N",0,"N",0,"N",0,0,0,0,"43","54","","","F","F","F","F","F","F","F","F","F","martd001","","","F","F","F","F","F","","","","",0,4,3,0,5,4,0,0,0,35,"BAL","KCA","BAL",0,"F","F",3,3,0,16,1,"T","F",1,0,"T","T","whitf001","wilsw001","T","T",3,7,34,0,0,0,0,0,0,"dempr001","","",0,0,0,0,0,0,0,0,0,0,0,0,0,"decid001","T","F","F","F",0,0,0,0,0,0,0,0,0,0,F,F,"1978BAL.EVA.regular.event.csv",484
"BAL197804230","KCA",4,0,2,0,0,"",3,3,"whitf001","?","whitf001","?","martd001","?","martd001","?","dempr001","murre001","smitb101","decid001","belam101","roeng001","bumba001","singk001","","","","S8","F","F",4,9,20,"T","T",1,"F","F",0,"F","F",0,"F","F",8,"","F","F","",0,0,"N",0,"N",0,"N",1,0,0,0,"","","","","F","F","F","F","F","F","F","F","F","","","","F","F","F","F","F","","","","",0,0,0,0,0,0,0,0,0,36,"BAL","KCA","BAL",0,"F","F",3,3,0,17,2,"T","F",0,1,"T","T","wilsw001","mcrah001","T","T",0,0,0,0,0,0,0,0,0,"","","",0,0,0,0,0,0,0,0,0,0,0,0,0,"bumba001","F","F","F","F",0,0,0,0,0,0,0,0,0,0,F,F,"1978BAL.EVA.regular.event.csv",485
"BAL197804230","KCA",4,0,2,0,0,"",3,3,"wilsw001","?","wilsw001","?","martd001","?","martd001","?","dempr001","murre001","smitb101","decid001","belam101","roeng001","bumba001","singk001","whitf001","","","S9.1-2","F","F",8,1,20,"T","T",1,"F","F",0,"F","F",0,"F","F",9,"","F","F","",0,0,"N",0,"N",0,"N",1,2,0,0,"","","","","F","F","F","F","F","F","F","F","F","martd001","","","F","F","F","F","F","","","","",0,0,0,0,0,0,0,0,0,37,"BAL","KCA","BAL",0,"F","F",3,3,0,18,3,"T","F",1,3,"T","T","mcrah001","bretg001","T","T",4,9,36,0,0,0,0,0,0,"dempr001","","",0,0,0,0,0,0,0,0,0,0,0,0,0,"singk001","F","F","F","F",0,0,0,0,0,0,0,0,0,0,F,F,"1978BAL.EVA.regular.event.csv",486
"BAL197804230","KCA",4,0,2,0,0,"",3,3,"mcrah001","?","mcrah001","?","stodt001","?","stodt001","?","dempr001","murre001","smitb101","decid001","belam101","roeng001","bumba001","singk001","wilsw001","whitf001","","7","F","F",10,2,2,"T","T",0,"F","F",1,"F","F",0,"F","F",7,"F","F","F","",0,0,"N",0,"N",0,"N",0,1,2,0,"7","","","","F","F","F","F","F","F","F","F","F","martd001","martd001","","F","F","F","F","F","","","","",0,7,0,0,0,0,0,0,0,38,"BAL","KCA","BAL",0,"F","T",3,3,0,19,4,"T","F",3,3,"T","T","bretg001","cowea001","F","F",8,1,37,4,9,36,0,0,0,"dempr001","dempr001","",0,0,0,0,0,0,0,0,0,0,0,0,0,"roeng001","F","F","F","F",0,0,0,0,0,0,0,0,0,0,F,F,"1978BAL.EVA.regular.event.csv",487
"BAL197804230","KCA",4,1,0,0,0,"",3,3,"decid001","?","decid001","?","gural001","?","gural001","?","portd001","hurdc001","whitf001","bretg001","patef101","poqut101","wilsw001","cowea001","","","","D9","T","F",5,7,21,"T","T",2,"F","F",0,"F","F",0,"F","F",9,"","F","F","",0,0,"N",0,"N",0,"N",2,0,0,0,"","","","","F","F","F","F","F","F","F","F","F","","","","F","F","F","F","F","","","","",0,0,0,0,0,0,0,0,0,39,"BAL","BAL","KCA",1,"T","F",3,3,0,15,0,"T","F",0,2,"T","T","dempr001","belam101","F","F",0,0,0,0,0,0,0,0,0,"","","",0,0,0,0,0,0,0,0,0,0,0,0,0,"cowea001","F","F","F","F",0,0,0,0,0,0,0,0,0,0,F,F,"1978BAL.EVA.regular.event.csv",488
"BAL197804230","KCA",4,1,0,0,0,"",3,3,"dempr001","?","dempr001","?","gural001","?","gural001","?","portd001","hurdc001","whitf001","bretg001","patef101","poqut101","wilsw001","cowea001","","decid001","","9/L","F","F",2,8,2,"T","T",0,"F","F",1,"F","F",0,"F","F",9,"L","F","F","",0,0,"N",0,"N",0,"N",0,0,2,0,"9","","","","F","F","F","F","F","F","F","F","F","","gural001","","F","F","F","F","F","","","","",0,9,0,0,0,0,0,0,0,40,"BAL","BAL","KCA",1,"F","F",3,3,0,16,1,"T","F",2,2,"T","T","belam101","bumba001","F","F",0,0,0,5,7,39,0,0,0,"","portd001","",0,0,0,0,0,0,0,0,0,0,0,0,0,"cowea001","F","F","F","F",0,0,0,0,0,0,0,0,0,0,F,F,"1978BAL.EVA.regular.event.csv",489
"BAL197804230","KCA",4,1,1,0,0,"",3,3,"belam101","?","belam101","?","gural001","?","gural001","?","portd001","hurdc001","whitf001","bretg001","patef101","poqut101","wilsw001","cowea001","","decid001","","9.2-3","F","F",6,9,2,"T","T",0,"F","F",1,"F","F",0,"F","F",9,"F","F","F","",0,0,"N",0,"N",0,"N",0,0,3,0,"9","","","","F","F","F","F","F","F","F","F","F","","gural001","","F","F","F","F","F","","","","",0,9,0,0,0,0,0,0,0,41,"BAL","BAL","KCA",1,"F","F",3,3,0,17,2,"T","F",2,4,"T","T","bumba001","smitb101","F","F",0,0,0,5,7,39,0,0,0,"","portd001","",0,0,0,0,0,0,0,0,0,0,0,0,0,"cowea001","F","F","F","F",0,0,0,0,0,0,0,0,0,0,F,F,"1978BAL.EVA.regular.event.csv",490
"BAL197804230","KCA",4,1,2,0,0,"",3,3,"bumba001","?","bumba001","?","gural001","?","gural001","?","portd001","hurdc001","whitf001","bretg001","patef101","poqut101","wilsw001","cowea001","","","decid001","4","F","F",8,1,2,"T","T",0,"F","F",1,"F","F",0,"F","F",4,"F","F","F","",0,0,"N",0,"N",0,"N",0,0,0,3,"4","","","","F","F","F","F","F","F","F","F","F","","","gural001","F","F","F","F","F","","","","",0,4,0,0,0,0,0,0,0,42,"BAL","BAL","KCA",1,"F","T",3,3,0,18,3,"T","F",4,4,"T","T","smitb101","singk001","F","F",0,0,0,0,0,0,5,7,39,"","","portd001",0,0,0,0,0,0,0,0,0,0,0,0,0,"whitf001","F","F","F","F",0,0,0,0,0,0,0,0,0,0,F,F,"1978BAL.EVA.regular.event.csv",491
"BAL197804230","KCA",5,0,0,0,0,"",3,3,"bretg001","?","bretg001","?","stodt001","?","stodt001","?","dempr001","murre001","smitb101","decid001","belam101","roeng001","bumba001","singk001","","","","D7","T","F",5,3,21,"T","T",2,"F","F",0,"F","F",0,"F","F",7,"","F","F","",0,0,"N",0,"N",0,"N",2,0,0,0,"","","","","F","F","F","F","F","F","F","F","F","","","","F","F","F","F","F","","","","",0,0,0,0,0,0,0,0,0,43,"BAL","KCA","BAL",0,"T","F",3,3,0,20,0,"T","F",0,2,"T","T","cowea001","portd001","F","F",0,0,0,0,0,0,0,0,0,"","","",0,0,0,0,0,0,0,0,0,0,0,0,0,"roeng001","F","F","F","F",0,0,0,0,0,0,0,0,0,0,F,F,"1978BAL.EVA.regular.event.csv",492
"BAL197804230","KCA",5,0,0,0,0,"",3,3,"cowea001","?","cowea001","?","stodt001","?","stodt001","?","dempr001","murre001","smitb101","decid001","belam101","roeng001","bumba001","singk001","","bretg001","","HP","F","F",9,4,16,"T","F",0,"F","F",0,"F","F",0,"F","F",0,"","F","F","",0,0,"N",0,"N",0,"N",1,0,2,0,"","","","","F","F","F","F","F","F","F","F","F","","stodt001","","F","F","F","F","F","","","","",0,0,0,0,0,0,0,0,0,44,"BAL","KCA","BAL",0,"F","F",3,3,0,21,1,"T","F",2,3,"T","T","portd001","poqut101","F","F",0,0,0,5,3,43,0,0,0,"","dempr001","",0,0,0,0,0,0,0,0,0,0,0,0,0,"","F","F","F","F",0,0,0,0,0,0,0,0,0,0,F,F,"1978BAL.EVA.regular.event.csv",493
"BAL197804230","KCA",5,0,0,0,0,"",3,3,"portd001","?","portd001","?","stodt001","?","stodt001","?","dempr001","murre001","smitb101","decid001","belam101","roeng001","bumba001","singk001","cowea001","bretg001","","46(1)3/GDP.2-3","F","F",2,5,2,"T","T",0,"F","F",2,"T","F",0,"F","F",4,"G","F","F","",0,0,"N",0,"N",0,"N",0,0,3,0,"63","46","","","F","F","F","F","F","F","F","F","F","stodt001","stodt001","","F","F","F","F","F","","","","",0,6,3,0,4,6,0,0,0,45,"BAL","KCA","BAL",0,"F","F",3,3,0,22,2,"T","F",3,4,"T","T","poqut101","hurdc001","F","F",9,4,44,5,3,43,0,0,0,"dempr001","dempr001","",0,0,0,0,0,0,0,0,0,0,0,0,0,"smitb101","T","F","F","F",0,0,0,0,0,0,0,0,0,0,F,F,"1978BAL.EVA.regular.event.csv",494
"BAL197804230","KCA",5,0,2,0,0,"",3,3,"poqut101","?","poqut101","?","stodt001","?","stodt001","?","dempr001","murre001","smitb101","decid001","belam101","roeng001","bumba001","singk001","","","bretg001","43","F","F",7,6,2,"T","T",0,"F","F",1,"F","F",0,"F","F",4,"G","F","F","",0,0,"N",0,"N",0,"N",0,0,0,3,"43","","","","F","F","F","F","F","F","F","F","F","","","stodt001","F","F","F","F","F","","","","",0,3,0,0,4,0,0,0,0,46,"BAL","KCA","BAL",0,"F","T",3,3,0,23,3,"T","F",4,4,"T","T","hurdc001","patef101","F","F",0,0,0,0,0,0,5,3,43,"","","dempr001",0,0,0,0,0,0,0,0,0,0,0,0,0,"smitb101","F","F","F","F",0,0,0,0,0,0,0,0,0,0,F,F,"1978BAL.EVA.regular.event.csv",495
"BAL197804230","KCA",5,1,0,0,0,"",3,3,"smitb101","?","smitb101","?","gural001","?","gural001","?","portd001","hurdc001","whitf001","bretg001","patef101","poqut101","wilsw001","cowea001","","","","S8","T","F",4,2,20,"T","T",1,"F","F",0,"F","F",0,"F","F",8,"","F","F","",0,0,"N",0,"N",0,"N",1,0,0,0,"","","","","F","F","F","F","F","F","F","F","F","","","","F","F","F","F","F","","","","",0,0,0,0,0,0,0,0,0,47,"BAL","BAL","KCA",1,"T","F",3,3,0,19,0,"T","F",0,1,"T","T","singk001","murre001","F","F",0,0,0,0,0,0,0,0,0,"","","",0,0,0,0,0,0,0,0,0,0,0,0,0,"wilsw001","F","F","F","F",0,0,0,0,0,0,0,0,0,0,F,F,"1978BAL.EVA.regular.event.csv",496
"BAL197804230","KCA",5,1,0,0,0,"",3,3,"singk001","?","singk001","?","gural001","?","gural001","?","portd001","hurdc001","whitf001","bretg001","patef101","poqut101","wilsw001","cowea001","smitb101","","","16(1)/FO","F","F",9,3,2,"T","T",0,"F","F",1,"F","F",0,"F","F",1,"G","F","F","",0,0,"N",0,"N",0,"N",1,0,0,0,"","16","","","F","F","F","F","F","F","F","F","F","gural001","","","F","F","F","F","F","","","","",0,6,0,0,1,0,0,0,0,48,"BAL","BAL","KCA",1,"F","F",3,3,0,20,1,"T","F",1,1,"T","T","murre001","may-l101","F","F",4,2,47,0,0,0,0,0,0,"portd001","","",0,0,0,0,0,0,0,0,0,0,0,0,0,"gural001","T","F","F","F",0,0,0,0,0,0,0,0,0,0,F,F,"1978BAL.EVA.regular.event.csv",497
"BAL197804230","KCA",5,1,1,0,0,"",3,3,"murre001","?","murre001","?","gural001","?","gural001","?","portd001","hurdc001","whitf001","bretg001","patef101","poqut101","wilsw001","cowea001","singk001","","","S7.1-2","F","F",3,4,20,"T","T",1,"F","F",0,"F","F",0,"F","F",7,"","F","F","",0,0,"N",0,"N",0,"N",1,2,0,0,"","","","","F","F","F","F","F","F","F","F","F","gural001","","","F","F","F","F","F","","","","",0,0,0,0,0,0,0,0,0,49,"BAL","BAL","KCA",1,"F","F",3,3,0,21,2,"T","F",1,3,"T","T","may-l101","roeng001","F","F",9,3,48,0,0,0,0,0,0,"portd001","","",0,0,0,0,0,0,0,0,0,0,0,0,0,"poqut101","F","F","F","F",0,0,0,0,0,0,0,0,0,0,F,F,"1978BAL.EVA.regular.event.csv",498
"BAL197804230","KCA",5,1,1,0,0,"",3,3,"may-l101","?","may-l101","?","gural001","?","gural001","?","portd001","hurdc001","whitf001","bretg001","patef101","poqut101","wilsw001","cowea001","murre001","singk001","","8","F","F",10,5,2,"T","T",0,"F","F",1,"F","F",0,"F","F",8,"F","F","F","",0,0,"N",0,"N",0,"N",0,1,2,0,"8","","","","F","F","F","F","F","F","F","F","F","gural001","gural001","","F","F","F","F","F","","","","",0,8,0,0,0,0,0,0,0,50,"BAL","BAL","KCA",1,"F","F",3,3,0,22,3,"T","F",3,3,"T","T","roeng001","decid001","F","F",3,4,49,9,3,48,0,0,0,"portd001","portd001","",0,0,0,0,0,0,0,0,0,0,0,0,0,"wilsw001","F","F","F","F",0,0,0,0,0,0,0,0,0,0,F,F,"1978BAL.EVA.regular.event.csv",499
"BAL197804230","KCA",5,1,2,0,0,"",3,3,"roeng001","?","roeng001","?","gural001","?","gural001","?","portd001","hurdc001","whitf001","bretg001","patef101","poqut101","wilsw001","cowea001","murre001","singk001","","53","F","F",7,6,2,"T","T",0,"F","F",1,"F","F",0,"F","F",5,"G","F","F","",0,0,"N",0,"N",0,"N",0,1,2,0,"53","","","","F","F","F","F","F","F","F","F","F","gural001","gural001","","F","F","F","F","F","","","","",0,3,0,0,5,0,0,0,0,51,"BAL","BAL","KCA",1,"F","T",3,3,0,23,4,"T","F",3,3,"F","F","decid001","dempr001","F","F",3,4,49,9,3,48,0,0,0,"portd001","portd001","",0,0,0,0,0,0,0,0,0,0,0,0,0,"bretg001","F","F","F","F",0,0,0,0,0,0,0,0,0,0,F,F,"1978BAL.EVA.regular.event.csv",500
"BAL197804230","KCA",6,0,0,0,0,"",3,3,"hurdc001","?","hurdc001","?","stodt001","?","stodt001","?","dempr001","murre001","smitb101","decid001","belam101","roeng001","bumba001","singk001","","","","W","T","F",3,7,14,"T","F",0,"F","F",0,"F","F",0,"F","F",0,"","F","F","",0,0,"N",0,"N",0,"N",1,0,0,0,"","","","","F","F","F","F","F","F","F","F","F","","","","F","F","F","F","F","","","","",0,0,0,0,0,0,0,0,0,52,"BAL","KCA","BAL",0,"T","F",3,3,0,24,0,"T","F",0,1,"T","T","patef101","whitf001","F","F",0,0,0,0,0,0,0,0,0,"","","",0,0,0,0,0,0,0,0,0,0,0,0,0,"","F","F","F","F",4,0,0,0,2,0,0,0,0,0,F,F,"1978BAL.EVA.regular.event.csv",501
"BAL197804230","KCA",6,0,0,0,0,"",3,3,"patef101","?","patef101","?","stodt001","?","stodt001","?","dempr001","murre001","smitb101","decid001","belam101","roeng001","bumba001","singk001","hurdc001","","","2","F","F",6,8,2,"T","T",0,"F","F",1,"F","F",0,"F","F",2,"F","F","F","",0,0,"N",0,"N",0,"N",0,1,0,0,"2","","","","F","F","F","F","F","F","F","F","F","stodt001","","","F","F","F","F","F","","","","",0,2,0,0,0,0,0,0,0,53,"BAL","KCA","BAL",0,"F","F",3,3,0,25,1,"T","F",1,1,"T","T","whitf001","wilsw001","F","F",3,7,52,0,0,0,0,0,0,"dempr001","","",0,0,0,0,0,0,0,0,0,0,0,0,0,"dempr001","F","F","F","F",0,4,0,0,2,0,0,0,0,0,F,F,"1978BAL.EVA.regular.event.csv",502
"BAL197804230","KCA",6,0,1,0,0,"",3,3,"whitf001","?","whitf001","?","stodt001","?","stodt001","?","dempr001","murre001","smitb101","decid001","belam101","roeng001","bumba001","singk001","hurdc001","","","K","F","F",4,9,3,"T","T",0,"F","F",1,"F","F",0,"F","F",0,"","F","F","",0,0,"N",0,"N",0,"N",0,1,0,0,"2","","","","F","F","F","F","F","F","F","F","F","stodt001","","","F","F","F","F","F","","","","",0,2,0,0,0,0,0,0,0,54,"BAL","KCA","BAL",0,"F","F",3,3,0,26,2,"T","F",1,1,"T","T","wilsw001","mcrah001","F","F",3,7,52,0,0,0,0,0,0,"dempr001","","",0,0,0,0,0,0,0,0,0,0,0,0,0,"","F","F","F","F",0,4,0,0,2,0,0,0,0,0,F,F,"1978BAL.EVA.regular.event.csv",503
"BAL197804230","KCA",6,0,2,0,0,"",3,3,"wilsw001","?","wilsw001","?","stodt001","?","stodt001","?","dempr001","murre001","smitb101","decid001","belam101","roeng001","bumba001","singk001","hurdc001","","","S9.1-3","F","F",8,1,20,"T","T",1,"F","F",0,"F","F",0,"F","F",9,"","F","F","",0,0,"N",0,"N",0,"N",1,3,0,0,"","","","","F","F","F","F","F","F","F","F","F","stodt001","","","F","F","F","F","F","","","","",0,0,0,0,0,0,0,0,0,55,"BAL","KCA","BAL",0,"F","F",3,3,0,27,3,"T","F",1,5,"T","T","mcrah001","bretg001","F","F",3,7,52,0,0,0,0,0,0,"dempr001","","",0,0,0,0,0,0,0,0,0,0,0,0,0,"singk001","F","F","F","F",4,4,0,0,2,0,0,0,0,0,F,F,"1978BAL.EVA.regular.event.csv",504
"BAL197804230","KCA",6,0,2,0,0,"",3,3,"mcrah001","?","mcrah001","?","stodt001","?","stodt001","?","dempr001","murre001","smitb101","decid001","belam101","roeng001","bumba001","singk001","wilsw001","","hurdc001","D7.3-H;1-H","F","F",10,2,21,"T","T",2,"F","F",0,"F","F",2,"F","F",7,"","F","F","",0,0,"N",0,"N",0,"N",2,4,0,4,"","","","","F","F","F","F","F","F","F","F","F","stodt001","","stodt001","F","F","F","F","F","","","","",0,0,0,0,0,0,0,0,0,56,"BAL","KCA","BAL",0,"F","F",3,3,0,28,4,"T","F",5,2,"T","T","bretg001","cowea001","F","F",8,1,55,0,0,0,3,7,52,"dempr001","","dempr001",0,0,0,0,0,0,0,0,0,0,0,0,2,"roeng001","F","F","F","F",0,4,0,4,0,0,0,0,0,0,F,F,"1978BAL.EVA.regular.event.csv",505
"BAL197804230","KCA",6,0,2,0,0,"",5,3,"bretg001","?","bretg001","?","martt001","?","martt001","?","dempr001","murre001","smitb101","decid001","belam101","roeng001","bumba001","singk001","","mcrah001","","W","F","F",5,3,14,"T","F",0,"F","F",0,"F","F",0,"F","F",0,"","F","F","",0,0,"N",0,"N",0,"N",1,0,2,0,"","","","","F","F","F","F","F","F","F","F","F","","stodt001","","F","F","F","F","F","","","","",0,0,0,0,0,0,0,0,0,57,"BAL","KCA","BAL",0,"F","F",5,3,2,29,5,"T","F",2,3,"T","T","cowea001","portd001","F","F",0,0,0,10,2,56,0,0,0,"","dempr001","",0,0,0,0,0,0,0,0,0,0,0,0,0,"","F","F","F","F",0,0,0,0,0,0,0,0,0,0,F,F,"1978BAL.EVA.regular.event.csv",506
"BAL197804230","KCA",6,0,2,0,0,"",5,3,"cowea001","?","cowea001","?","martt001","?","martt001","?","dempr001","murre001","smitb101","decid001","belam101","roeng001","bumba001","singk001","bretg001","mcrah001","","8/L","F","F",9,4,2,"T","T",0,"F","F",1,"F","F",0,"F","F",8,"L","F","F","",0,0,"N",0,"N",0,"N",0,1,2,0,"8","","","","F","F","F","F","F","F","F","F","F","martt001","stodt001","","F","F","F","F","F","","","","",0,8,0,0,0,0,0,0,0,58,"BAL","KCA","BAL",0,"F","T",5,3,2,30,6,"T","F",3,3,"T","T","portd001","poqut101","F","F",5,3,57,10,2,56,0,0,0,"dempr001","dempr001","",0,0,0,0,0,0,0,0,0,0,0,0,0,"bumba001","F","F","F","F",0,0,0,0,0,0,0,0,0,0,F,F,"1978BAL.EVA.regular.event.csv",507
"BAL197804230","KCA",6,1,0,0,0,"",5,3,"decid001","?","decid001","?","gural001","?","gural001","?","portd001","hurdc001","whitf001","bretg001","patef101","poqut101","wilsw001","cowea001","","","","D9","T","F",5,7,21,"T","T",2,"F","F",0,"F","F",0,"F","F",9,"","F","F","",0,0,"N",0,"N",0,"N",2,0,0,0,"","","","","F","F","F","F","F","F","F","F","F","","","","F","F","F","F","F","","","","",0,0,0,0,0,0,0,0,0,59,"BAL","BAL","KCA",1,"T","F",3,5,0,24,0,"T","F",0,2,"T","T","dempr001","belam101","F","F",0,0,0,0,0,0,0,0,0,"","","",0,0,0,0,0,0,0,0,0,0,0,0,0,"cowea001","F","F","F","F",0,0,0,0,0,0,0,0,0,0,F,F,"1978BAL.EVA.regular.event.csv",508
"BAL197804230","KCA",6,1,0,0,0,"",5,3,"dempr001","?","dempr001","?","gural001","?","gural001","?","portd001","hurdc001","whitf001","bretg001","patef101","poqut101","wilsw001","cowea001","","decid001","","S7.2-3","F","F",2,8,20,"T","T",1,"F","F",0,"F","F",0,"F","F",7,"","F","F","",0,0,"N",0,"N",0,"N",1,0,3,0,"","","","","F","F","F","F","F","F","F","F","F","","gural001","","F","F","F","F","F","","","","",0,0,0,0,0,0,0,0,0,60,"BAL","BAL","KCA",1,"F","F",3,5,0,25,1,"T","F",2,5,"T","T","belam101","bumba001","F","F",0,0,0,5,7,59,0,0,0,"","portd001","",0,0,0,0,0,0,0,0,0,0,0,0,0,"poqut101","F","F","F","F",0,0,0,0,0,0,0,0,0,0,F,F,"1978BAL.EVA.regular.event.csv",509
"BAL197804230","KCA",6,1,0,0,0,"",5,3,"belam101","?","belam101","?","gural001","?","gural001","?","portd001","hurdc001","whitf001","bretg001","patef101","poqut101","wilsw001","cowea001","dempr001","","decid001","13/SH.1-2","F","F",6,9,2,"T","F",0,"T","F",1,"F","F",0,"F","F",1,"G","T","F","",0,0,"N",0,"N",0,"N",0,2,0,3,"13","","","","F","F","F","F","F","F","F","F","F","gural001","","gural001","F","F","F","F","F","","","","",0,3,0,0,1,0,0,0,0,61,"BAL","BAL","KCA",1,"F","F",3,5,0,26,2,"T","F",5,6,"T","T","bumba001","smitb101","F","F",2,8,60,0,0,0,5,7,59,"portd001","","portd001",0,0,0,0,0,0,0,0,0,0,0,0,0,"gural001","F","F","F","F",0,0,0,0,0,0,0,0,0,0,F,F,"1978BAL.EVA.regular.event.csv",510
"BAL197804230","KCA",6,1,1,0,0,"",5,3,"bumba001","?","bumba001","?","gural001","?","gural001","?","portd001","hurdc001","whitf001","bretg001","patef101","poqut101","wilsw001","cowea001","","dempr001","decid001","4","F","F",8,1,2,"T","T",0,"F","F",1,"F","F",0,"F","F",4,"F","F","F","",0,0,"N",0,"N",0,"N",0,0,2,3,"4","","","","F","F","F","F","F","F","F","F","F","","gural001","gural001","F","F","F","F","F","","","","",0,4,0,0,0,0,0,0,0,62,"BAL","BAL","KCA",1,"F","F",3,5,0,27,3,"T","F",6,6,"T","T","smitb101","singk001","F","F",0,0,0,2,8,60,5,7,59,"","portd001","portd001",0,0,0,0,0,0,0,0,0,0,0,0,0,"whitf001","F","F","F","F",0,0,0,0,0,0,0,0,0,0,F,F,"1978BAL.EVA.regular.event.csv",511
"BAL197804230","KCA",6,1,2,0,0,"",5,3,"smitb101","?","smitb101","?","gural001","?","gural001","?","portd001","hurdc001","whitf001","bretg001","patef101","poqut101","wilsw001","cowea001","","dempr001","decid001","W","F","F",4,2,14,"T","F",0,"F","F",0,"F","F",0,"F","F",0,"","F","F","",0,0,"N",0,"N",0,"N",1,0,2,3,"","","","","F","F","F","F","F","F","F","F","F","","gural001","gural001","F","F","F","F","F","","","","",0,0,0,0,0,0,0,0,0,63,"BAL","BAL","KCA",1,"F","F",3,5,0,28,4,"T","F",6,7,"T","T","singk001","murre001","F","F",0,0,0,2,8,60,5,7,59,"","portd001","portd001",0,0,0,0,0,0,0,0,0,0,0,0,0,"","F","F","F","F",0,0,0,0,0,0,0,0,0,0,F,F,"1978BAL.EVA.regular.event.csv",512
"BAL197804230","KCA",6,1,2,0,0,"",5,3,"singk001","?","singk001","?","mings101","?","mings101","?","portd001","hurdc001","whitf001","bretg001","patef101","poqut101","wilsw001","cowea001","smitb101","dempr001","decid001","K","F","F",9,3,3,"T","T",0,"F","F",1,"F","F",0,"F","F",0,"","F","F","",0,0,"N",0,"N",0,"N",0,1,2,3,"2","","","","F","F","F","F","F","F","F","F","F","gural001","gural001","gural001","F","F","F","F","F","","","","",0,2,0,0,0,0,0,0,0,64,"BAL","BAL","KCA",1,"F","T",3,5,0,29,5,"T","F",7,7,"T","T","murre001","may-l101","F","F",4,2,63,2,8,60,5,7,59,"portd001","portd001","portd001",0,0,0,0,0,0,0,0,0,0,0,0,0,"","F","F","F","F",0,0,0,0,0,0,0,0,0,0,F,F,"1978BAL.EVA.regular.event.csv",513
"BAL197804230","KCA",7,0,0,0,0,"",5,3,"portd001","?","portd001","?","martt001","?","martt001","?","dempr001","murre001","smitb101","decid001","belam101","roeng001","bumba001","singk001","","","","9","T","F",2,5,2,"T","T",0,"F","F",1,"F","F",0,"F","F",9,"F","F","F","",0,0,"N",0,"N",0,"N",0,0,0,0,"9","","","","F","F","F","F","F","F","F","F","F","","","","F","F","F","F","F","","","","",0,9,0,0,0,0,0,0,0,65,"BAL","KCA","BAL",0,"T","F",5,3,0,31,0,"T","F",0,0,"T","T","poqut101","hurdc001","F","F",0,0,0,0,0,0,0,0,0,"","","",0,0,0,0,0,0,0,0,0,0,0,0,0,"singk001","F","F","F","F",0,0,0,0,0,0,0,0,0,0,F,F,"1978BAL.EVA.regular.event.csv",514
"BAL197804230","KCA",7,0,1,0,0,"",5,3,"zdebj101","?","zdebj101","?","martt001","?","martt001","?","dempr001","murre001","smitb101","decid001","belam101","roeng001","bumba001","singk001","","","","43","F","T",11,6,2,"T","T",0,"F","F",1,"F","F",0,"F","F",4,"G","F","F","",0,0,"N",0,"N",0,"N",0,0,0,0,"43","","","","F","F","F","F","F","F","F","F","F","","","","F","F","F","F","F","","","","poqut101",7,3,0,0,4,0,0,0,0,66,"BAL","KCA","BAL",0,"F","F",5,3,0,32,1,"T","F",0,0,"F","F","hurdc001","patef101","F","F",0,0,0,0,0,0,0,0,0,"","","",0,0,0,0,0,0,0,0,0,0,0,0,0,"smitb101","F","F","F","F",0,0,0,0,0,0,0,0,0,0,F,F,"1978BAL.EVA.regular.event.csv",515
"BAL197804230","KCA",7,0,2,0,0,"",5,3,"hurdc001","?","hurdc001","?","martt001","?","martt001","?","dempr001","murre001","smitb101","decid001","belam101","roeng001","bumba001","singk001","","","","W","F","F",3,7,14,"T","F",0,"F","F",0,"F","F",0,"F","F",0,"","F","F","",0,0,"N",0,"N",0,"N",1,0,0,0,"","","","","F","F","F","F","F","F","F","F","F","","","","F","F","F","F","F","","","","",0,0,0,0,0,0,0,0,0,67,"BAL","KCA","BAL",0,"F","F",5,3,0,33,2,"T","F",0,1,"T","T","patef101","whitf001","F","F",0,0,0,0,0,0,0,0,0,"","","",0,0,0,0,0,0,0,0,0,0,0,0,0,"","F","F","F","F",2,0,0,0,0,0,0,0,0,0,F,F,"1978BAL.EVA.regular.event.csv",516
"BAL197804230","KCA",7,0,2,0,0,"",5,3,"patef101","?","patef101","?","martt001","?","martt001","?","dempr001","murre001","smitb101","decid001","belam101","roeng001","bumba001","singk001","hurdc001","","","W.1-2","F","F",6,8,14,"T","F",0,"F","F",0,"F","F",0,"F","F",0,"","F","F","",0,0,"N",0,"N",0,"N",1,2,0,0,"","","","","F","F","F","F","F","F","F","F","F","martt001","","","F","F","F","F","F","","","","",0,0,0,0,0,0,0,0,0,68,"BAL","KCA","BAL",0,"F","F",5,3,0,34,3,"T","F",1,3,"T","T","whitf001","wilsw001","F","F",3,7,67,0,0,0,0,0,0,"dempr001","","",0,0,0,0,0,0,0,0,0,0,0,0,0,"","F","F","F","F",1,2,0,0,0,0,0,0,0,0,F,F,"1978BAL.EVA.regular.event.csv",517
"BAL197804230","KCA",7,0,2,0,0,"",5,3,"whitf001","?","whitf001","?","martt001","?","martt001","?","dempr001","murre001","smitb101","decid001","belam101","roeng001","bumba001","singk001","patef101","hurdc001","","43","F","F",4,9,2,"T","T",0,"F","F",1,"F","F",0,"F","F",4,"G","F","F","",0,0,"N",0,"N",0,"N",0,1,2,0,"43","","","","F","F","F","F","F","F","F","F","F","martt001","martt001","","F","F","F","F","F","","","","",0,3,0,0,4,0,0,0,0,69,"BAL","KCA","BAL",0,"F","T",5,3,0,35,4,"T","F",3,3,"T","T","wilsw001","mcrah001","F","F",6,8,68,3,7,67,0,0,0,"dempr001","dempr001","",0,0,0,0,0,0,0,0,0,0,0,0,0,"smitb101","F","F","F","F",0,1,2,0,0,0,0,0,0,0,F,F,"1978BAL.EVA.regular.event.csv",518
"BAL197804230","KCA",7,1,0,0,0,"",5,3,"murre001","?","murre001","?","mings101","?","mings101","?","portd001","hurdc001","whitf001","bretg001","patef101","zdebj101","wilsw001","cowea001","","","","53","T","F",3,4,2,"T","T",0,"F","F",1,"F","F",0,"F","F",5,"G","F","F","",0,0,"N",0,"N",0,"N",0,0,0,0,"53","","","","F","F","F","F","F","F","F","F","F","","","","F","F","F","F","F","","","","",0,3,0,0,5,0,0,0,0,70,"BAL","BAL","KCA",1,"T","F",3,5,0,30,0,"T","F",0,0,"T","T","may-l101","roeng001","F","F",0,0,0,0,0,0,0,0,0,"","","",0,0,0,0,0,0,0,0,0,0,0,0,0,"bretg001","F","F","F","F",0,0,0,0,0,0,0,0,0,0,F,F,"1978BAL.EVA.regular.event.csv",519
"BAL197804230","KCA",7,1,1,0,0,"",5,3,"may-l101","?","may-l101","?","mings101","?","mings101","?","portd001","hurdc001","whitf001","bretg001","patef101","zdebj101","wilsw001","cowea001","","","","HP","F","F",10,5,16,"T","F",0,"F","F",0,"F","F",0,"F","F",0,"","F","F","",0,0,"N",0,"N",0,"N",1,0,0,0,"","","","","F","F","F","F","F","F","F","F","F","","","","F","F","F","F","F","","","","",0,0,0,0,0,0,0,0,0,71,"BAL","BAL","KCA",1,"F","F",3,5,0,31,1,"T","F",0,1,"T","T","roeng001","decid001","F","F",0,0,0,0,0,0,0,0,0,"","","",0,0,0,0,0,0,0,0,0,0,0,0,0,"","F","F","F","F",0,0,0,0,0,0,0,0,0,0,F,F,"1978BAL.EVA.regular.event.csv",520
"BAL197804230","KCA",7,1,1,0,0,"",5,3,"roeng001","?","roeng001","?","mings101","?","mings101","?","portd001","hurdc001","whitf001","bretg001","patef101","zdebj101","wilsw001","cowea001","may-l101","","","W.1-2","F","F",7,6,14,"T","F",0,"F","F",0,"F","F",0,"F","F",0,"","F","F","",0,0,"N",0,"N",0,"N",1,2,0,0,"","","","","F","F","F","F","F","F","F","F","F","mings101","","","F","F","F","F","F","","","","",0,0,0,0,0,0,0,0,0,72,"BAL","BAL","KCA",1,"F","F",3,5,0,32,2,"T","F",1,3,"F","F","decid001","dempr001","F","F",10,5,71,0,0,0,0,0,0,"portd001","","",0,0,0,0,0,0,0,0,0,0,0,0,0,"","F","F","F","F",0,0,0,0,0,0,0,0,0,0,F,F,"1978BAL.EVA.regular.event.csv",521
"BAL197804230","KCA",7,1,1,0,0,"",5,3,"decid001","?","decid001","?","birdd101","?","birdd101","?","portd001","hurdc001","whitf001","bretg001","patef101","zdebj101","wilsw001","cowea001","roeng001","may-l101","","64(1)3/GDP","F","F",5,7,2,"T","T",0,"F","F",2,"T","F",0,"F","F",6,"G","F","F","",0,0,"N",0,"N",0,"N",0,0,2,0,"43","64","","","F","F","F","F","F","F","F","F","F","mings101","mings101","","F","F","F","F","F","","","","",0,4,3,0,6,4,0,0,0,73,"BAL","BAL","KCA",1,"F","T",3,5,0,33,3,"T","F",3,2,"T","T","dempr001","belam101","F","F",7,6,72,10,5,71,0,0,0,"portd001","portd001","",0,0,0,0,0,0,0,0,0,0,0,0,0,"patef101","T","F","F","F",0,0,0,0,0,0,0,0,0,0,F,F,"1978BAL.EVA.regular.event.csv",522
"BAL197804230","KCA",8,0,0,0,0,"",5,3,"wilsw001","?","wilsw001","?","martt001","?","martt001","?","dempr001","murre001","smitb101","decid001","belam101","roeng001","bumba001","singk001","","","","43","T","F",8,1,2,"T","T",0,"F","F",1,"F","F",0,"F","F",4,"G","F","F","",0,0,"N",0,"N",0,"N",0,0,0,0,"43","","","","F","F","F","F","F","F","F","F","F","","","","F","F","F","F","F","","","","",0,3,0,0,4,0,0,0,0,74,"BAL","KCA","BAL",0,"T","F",5,3,0,36,0,"T","F",0,0,"T","T","mcrah001","bretg001","F","F",0,0,0,0,0,0,0,0,0,"","","",0,0,0,0,0,0,0,0,0,0,0,0,0,"smitb101","F","F","F","F",0,0,0,0,1,0,0,0,0,0,F,F,"1978BAL.EVA.regular.event.csv",523
"BAL197804230","KCA",8,0,1,0,0,"",5,3,"mcrah001","?","mcrah001","?","martt001","?","martt001","?","dempr001","murre001","smitb101","decid001","belam101","roeng001","bumba001","singk001","","","","HR/7","F","F",10,2,23,"T","T",4,"F","F",0,"F","F",1,"F","F",0,"","F","F","7",0,0,"N",0,"N",0,"N",4,0,0,0,"","","","","F","F","F","F","F","F","F","F","F","","","","F","F","F","F","F","","","","",0,0,0,0,0,0,0,0,0,75,"BAL","KCA","BAL",0,"F","F",5,3,0,37,1,"T","F",0,0,"T","T","bretg001","cowea001","F","F",0,0,0,0,0,0,0,0,0,"","","",0,0,0,0,0,0,0,0,0,0,0,0,1,"","F","F","F","F",4,0,0,0,0,0,0,0,0,0,F,F,"1978BAL.EVA.regular.event.csv",524
"BAL197804230","KCA",8,0,1,0,0,"",6,3,"bretg001","?","bretg001","?","martt001","?","martt001","?","dempr001","murre001","smitb101","decid001","belam101","roeng001","bumba001","singk001","","","","K","F","F",5,3,3,"T","T",0,"F","F",1,"F","F",0,"F","F",0,"","F","F","",0,0,"N",0,"N",0,"N",0,0,0,0,"2","","","","F","F","F","F","F","F","F","F","F","","","","F","F","F","F","F","","","","",0,2,0,0,0,0,0,0,0,76,"BAL","KCA","BAL",0,"F","F",6,3,1,38,2,"T","F",0,0,"T","T","cowea001","portd001","F","F",0,0,0,0,0,0,0,0,0,"","","",0,0,0,0,0,0,0,0,0,0,0,0,0,"","F","F","F","F",0,0,0,0,0,0,0,0,0,0,F,F,"1978BAL.EVA.regular.event.csv",525
"BAL197804230","KCA",8,0,2,0,0,"",6,3,"cowea001","?","cowea001","?","martt001","?","martt001","?","dempr001","murre001","smitb101","decid001","belam101","roeng001","bumba001","singk001","","","","K","F","F",9,4,3,"T","T",0,"F","F",1,"F","F",0,"F","F",0,"","F","F","",0,0,"N",0,"N",0,"N",0,0,0,0,"2","","","","F","F","F","F","F","F","F","F","F","","","","F","F","F","F","F","","","","",0,2,0,0,0,0,0,0,0,77,"BAL","KCA","BAL",0,"F","T",6,3,1,39,3,"T","F",0,0,"T","T","portd001","zdebj101","F","F",0,0,0,0,0,0,0,0,0,"","","",0,0,0,0,0,0,0,0,0,0,0,0,0,"","F","F","F","F",0,0,0,0,0,0,0,0,0,0,F,F,"1978BAL.EVA.regular.event.csv",526
"BAL197804230","KCA",8,1,0,0,0,"",6,3,"dempr001","?","dempr001","?","birdd101","?","birdd101","?","portd001","lacop101","whitf001","bretg001","patef101","zdebj101","wilsw001","cowea001","","","","63","T","F",2,8,2,"T","T",0,"F","F",1,"F","F",0,"F","F",6,"G","F","F","",0,0,"N",0,"N",0,"N",0,0,0,0,"63","","","","F","F","F","F","F","F","F","F","F","","","","F","F","F","F","F","","","","",0,3,0,0,6,0,0,0,0,78,"BAL","BAL","KCA",1,"T","F",3,6,0,34,0,"T","F",0,0,"T","T","belam101","bumba001","F","F",0,0,0,0,0,0,0,0,0,"","","",0,0,0,0,0,0,0,0,0,0,0,0,0,"patef101","F","F","F","F",0,0,0,0,2,0,0,0,0,0,F,F,"1978BAL.EVA.regular.event.csv",527
"BAL197804230","KCA",8,1,1,0,0,"",6,3,"crowt101","?","crowt101","?","birdd101","?","birdd101","?","portd001","lacop101","whitf001","bretg001","patef101","zdebj101","wilsw001","cowea001","","","","S9","F","T",11,9,20,"T","T",1,"F","F",0,"F","F",0,"F","F",9,"","F","F","",0,0,"N",0,"N",0,"N",1,0,0,0,"","","","","F","F","F","F","F","F","F","F","F","","","","F","F","F","F","F","","","","belam101",6,0,0,0,0,0,0,0,0,79,"BAL","BAL","KCA",1,"F","F",3,6,0,35,1,"T","F",0,1,"F","F","bumba001","smitb101","F","F",0,0,0,0,0,0,0,0,0,"","","",0,0,0,0,0,0,0,0,0,0,0,0,0,"cowea001","F","F","F","F",4,0,0,0,2,0,0,0,0,0,F,F,"1978BAL.EVA.regular.event.csv",528
"BAL197804230","KCA",8,1,1,0,0,"",6,3,"bumba001","?","bumba001","?","birdd101","?","birdd101","?","portd001","lacop101","whitf001","bretg001","patef101","zdebj101","wilsw001","cowea001","crowt101","","","W.1-2","F","F",8,1,14,"T","F",0,"F","F",0,"F","F",0,"F","F",0,"","F","F","",0,0,"N",0,"N",0,"N",1,2,0,0,"","","","","F","F","F","F","F","F","F","F","F","birdd101","","","F","F","F","F","F","","","","",0,0,0,0,0,0,0,0,0,80,"BAL","BAL","KCA",1,"F","F",3,6,0,36,2,"T","F",1,3,"T","T","smitb101","singk001","F","F",0,9,79,0,0,0,0,0,0,"portd001","","",0,0,0,0,0,0,0,0,0,0,0,0,0,"","F","F","F","F",4,4,0,0,2,0,0,0,0,0,F,F,"1978BAL.EVA.regular.event.csv",529
"BAL197804230","KCA",8,1,1,0,0,"",6,3,"smitb101","?","smitb101","?","birdd101","?","birdd101","?","portd001","lacop101","whitf001","bretg001","patef101","zdebj101","wilsw001","cowea001","bumba001","crowt101","","W.2-3;1-2","F","F",4,2,14,"T","F",0,"F","F",0,"F","F",0,"F","F",0,"","F","F","",0,0,"N",0,"N",0,"N",1,2,3,0,"","","","","F","F","F","F","F","F","F","F","F","birdd101","birdd101","","F","F","F","F","F","","","","",0,0,0,0,0,0,0,0,0,81,"BAL","BAL","KCA",1,"F","F",3,6,0,37,3,"T","F",3,7,"T","T","singk001","murre001","F","F",8,1,80,0,9,79,0,0,0,"portd001","portd001","",0,0,0,0,0,0,0,0,0,0,0,0,0,"","F","F","F","F",2,4,4,0,2,0,0,0,0,0,F,F,"1978BAL.EVA.regular.event.csv",530
"BAL197804230","KCA",8,1,1,0,0,"",6,3,"lopec101","?","lopec101","?","hraba101","?","hraba101","?","portd001","lacop101","whitf001","bretg001","patef101","zdebj101","wilsw001","cowea001","smitb101","bumba001","crowt101","K","F","T",11,3,3,"T","T",0,"F","F",1,"F","F",0,"F","F",0,"","F","F","",0,0,"N",0,"N",0,"N",0,1,2,3,"2","","","","F","F","F","F","F","F","F","F","F","birdd101","birdd101","birdd101","F","F","F","F","F","","","","singk001",9,2,0,0,0,0,0,0,0,82,"BAL","BAL","KCA",1,"F","F",3,6,0,38,4,"T","F",7,7,"F","F","murre001","may-l101","F","F",4,2,81,8,1,80,11,9,79,"portd001","portd001","portd001",0,0,0,0,0,0,0,0,0,0,0,0,0,"","F","F","F","F",0,2,4,4,2,0,0,0,0,0,F,F,"1978BAL.EVA.regular.event.csv",531
"BAL197804230","KCA",8,1,2,0,0,"",6,3,"murre001","?","murre001","?","hraba101","?","hraba101","?","portd001","lacop101","whitf001","bretg001","patef101","zdebj101","wilsw001","cowea001","smitb101","bumba001","crowt101","S9.3-H;2-H;1-2","F","F",3,4,20,"T","T",1,"F","F",0,"F","F",2,"F","F",9,"","F","F","",0,0,"N",0,"N",0,"N",1,2,4,4,"","","","","F","F","F","F","F","F","F","F","F","birdd101","birdd101","birdd101","F","F","F","F","F","","","","",0,0,0,0,0,0,0,0,0,83,"BAL","BAL","KCA",1,"F","F",3,6,0,39,5,"T","F",7,3,"T","T","may-l101","roeng001","F","F",4,2,81,8,1,80,0,9,79,"portd001","portd001","portd001",0,0,0,0,0,0,0,0,0,0,0,0,2,"cowea001","F","F","F","F",1,2,4,4,0,0,0,0,0,0,F,F,"1978BAL.EVA.regular.event.csv",532
"BAL197804230","KCA",8,1,2,0,0,"",6,5,"may-l101","?","may-l101","?","pattm101","?","pattm101","?","portd001","lacop101","whitf001","bretg001","patef101","zdebj101","wilsw001","cowea001","murre001","smitb101","","K","F","F",10,5,3,"T","T",0,"F","F",1,"F","F",0,"F","F",0,"","F","F","",0,0,"N",0,"N",0,"N",0,1,2,0,"2","","","","F","F","F","F","F","F","F","F","F","hraba101","birdd101","","F","F","F","F","F","","","","",0,2,0,0,0,0,0,0,0,84,"BAL","BAL","KCA",1,"F","T",5,6,2,40,6,"T","F",3,3,"T","T","roeng001","decid001","F","F",3,4,83,4,2,81,0,0,0,"portd001","portd001","",0,0,0,0,0,0,0,0,0,0,0,0,0,"","F","F","F","F",0,1,2,0,0,0,0,0,0,0,F,F,"1978BAL.EVA.regular.event.csv",533
"BAL197804230","KCA",9,0,0,0,0,"",6,5,"portd001","?","portd001","?","martt001","?","martt001","?","dempr001","crowt101","smitb101","decid001","garck001","roeng001","bumba001","lopec101","","","","S7","T","F",2,5,20,"T","T",1,"F","F",0,"F","F",0,"F","F",7,"","F","F","",0,0,"N",0,"N",0,"N",1,0,0,0,"","","","","F","F","F","F","F","F","F","F","F","","","","F","F","F","F","F","","","","",0,0,0,0,0,0,0,0,0,85,"BAL","KCA","BAL",0,"T","F",6,5,0,40,0,"T","F",0,1,"T","T","zdebj101","lacop101","F","F",0,0,0,0,0,0,0,0,0,"","","",0,0,0,0,0,0,0,0,0,0,0,0,0,"roeng001","F","F","F","F",0,0,0,0,0,0,0,0,0,0,F,F,"1978BAL.EVA.regular.event.csv",534
"BAL197804230","KCA",9,0,0,0,0,"",6,5,"lahoj101","?","lahoj101","?","stand101","?","stand101","?","dempr001","crowt101","smitb101","decid001","garck001","roeng001","bumba001","lopec101","portd001","","","31.1-2","F","T",11,6,2,"T","T",0,"F","F",1,"F","F",0,"F","F",3,"G","F","F","",0,0,"N",0,"N",0,"N",0,2,0,0,"31","","","","F","F","F","F","F","F","F","F","F","martt001","","","F","F","F","F","F","","","","zdebj101",7,1,0,0,3,0,0,0,0,86,"BAL","KCA","BAL",0,"F","F",6,5,0,41,1,"T","F",1,2,"F","F","lacop101","patef101","F","F",2,5,85,0,0,0,0,0,0,"dempr001","","",0,0,0,0,0,0,0,0,0,0,0,0,0,"crowt101","F","F","F","F",0,0,0,0,0,0,0,0,0,0,F,F,"1978BAL.EVA.regular.event.csv",535
"BAL197804230","KCA",9,0,1,0,0,"",6,5,"lacop101","?","lacop101","?","stand101","?","stand101","?","dempr001","crowt101","smitb101","decid001","garck001","roeng001","bumba001","lopec101","","portd001","","IW","F","F",3,7,15,"T","F",0,"F","F",0,"F","F",0,"F","F",0,"","F","F","",0,0,"N",0,"N",0,"N",1,0,2,0,"","","","","F","F","F","F","F","F","F","F","F","","martt001","","F","F","F","F","F","","","","",0,0,0,0,0,0,0,0,0,87,"BAL","KCA","BAL",0,"F","F",6,5,0,42,2,"T","F",2,3,"F","F","patef101","whitf001","F","F",0,0,0,2,5,85,0,0,0,"","dempr001","",0,0,0,0,0,0,0,0,0,0,0,0,0,"","F","F","F","F",1,0,0,0,0,0,0,0,0,0,F,F,"1978BAL.EVA.regular.event.csv",536
"BAL197804230","KCA",9,0,1,0,0,"",6,5,"patef101","?","patef101","?","stand101","?","stand101","?","dempr001","crowt101","smitb101","decid001","garck001","roeng001","bumba001","lopec101","lacop101","portd001","","K+CS3(245)/C/DP","F","F",6,8,3,"T","T",0,"F","F",2,"T","F",0,"F","F",0,"","F","F","",0,0,"N",0,"N",0,"N",0,1,0,0,"2","","245","","F","F","F","F","T","F","F","F","F","stand101","martt001","","F","F","F","F","F","","","","",0,2,5,0,2,4,0,0,0,88,"BAL","KCA","BAL",0,"F","T",6,5,0,43,3,"T","F",3,1,"T","T","whitf001","wilsw001","F","F",3,7,87,2,5,85,0,0,0,"dempr001","dempr001","",0,0,0,0,0,0,0,0,0,0,0,0,0,"","F","F","F","F",0,1,0,0,0,0,0,0,0,0,F,F,"1978BAL.EVA.regular.event.csv",537
"BAL197804230","KCA",9,1,0,0,0,"",6,5,"kellp101","?","kellp101","?","pattm101","?","pattm101","?","portd001","lacop101","whitf001","bretg001","patef101","wilsw001","otisa001","cowea001","","","","23","T","T",11,6,2,"T","T",0,"F","F",1,"F","F",0,"F","F",2,"G","F","F","",0,0,"N",0,"N",0,"N",0,0,0,0,"23","","","","F","F","F","F","F","F","F","F","F","","","","F","F","F","F","F","","","","roeng001",7,3,0,0,2,0,0,0,0,89,"BAL","BAL","KCA",1,"T","F",5,6,0,41,0,"T","F",0,0,"F","F","decid001","dempr001","F","F",0,0,0,0,0,0,0,0,0,"","","",0,0,0,0,0,0,0,0,0,0,0,0,0,"portd001","F","F","F","F",0,0,0,0,0,0,0,0,0,0,F,F,"1978BAL.EVA.regular.event.csv",538
"BAL197804230","KCA",9,1,1,0,0,"",6,5,"decid001","?","decid001","?","pattm101","?","pattm101","?","portd001","lacop101","whitf001","bretg001","patef101","wilsw001","otisa001","cowea001","","","","7","F","F",5,7,2,"T","T",0,"F","F",1,"F","F",0,"F","F",7,"F","F","F","",0,0,"N",0,"N",0,"N",0,0,0,0,"7","","","","F","F","F","F","F","F","F","F","F","","","","F","F","F","F","F","","","","",0,7,0,0,0,0,0,0,0,90,"BAL","BAL","KCA",1,"F","F",5,6,0,42,1,"T","F",0,0,"T","T","dempr001","crowt101","F","F",0,0,0,0,0,0,0,0,0,"","","",0,0,0,0,0,0,0,0,0,0,0,0,0,"wilsw001","F","F","F","F",0,0,0,0,0,0,0,0,0,0,F,F,"1978BAL.EVA.regular.event.csv",539
"BAL197804230","KCA",9,1,2,0,0,"",6,5,"dempr001","?","dempr001","?","pattm101","?","pattm101","?","portd001","lacop101","whitf001","bretg001","patef101","wilsw001","otisa001","cowea001","","","","9","F","F",2,8,2,"T","T",0,"F","F",1,"F","F",0,"F","F",9,"F","F","F","",0,0,"N",0,"N",0,"N",0,0,0,0,"9","","","","F","F","F","F","F","F","F","F","F","","","","F","T","F","F","F","","","","",0,9,0,0,0,0,0,0,0,91,"BAL","BAL","KCA",1,"F","T",5,6,0,43,2,"T","F",0,0,"T","T","crowt101","bumba001","F","F",0,0,0,0,0,0,0,0,0,"","","",0,0,0,0,0,0,0,0,0,0,0,0,0,"cowea001","F","F","F","F",0,0,0,0,0,0,0,0,0,0,F,F,"1978BAL.EVA.regular.event.csv",540
"BAL197804240","NYA",1,0,0,0,0,"",0,0,"randw001","?","randw001","?","mcgrs001","?","mcgrs001","?","dempr001","murre001","dauer001","decid001","belam101","roeng001","bumba001","lopec101","","","","9","T","F",4,1,2,"T","T",0,"F","F",1,"F","F",0,"F","F",9,"F","F","F","",0,0,"N",0,"N",0,"N",0,0,0,0,"9","","","","F","F","F","F","F","F","F","F","F","","","","T","F","F","F","F","","","","",0,9,0,0,0,0,0,0,0,1,"BAL","NYA","BAL",0,"T","F",0,0,0,0,0,"T","F",0,0,"T","T","rivem001","munst101","T","T",0,0,0,0,0,0,0,0,0,"","","",0,0,0,0,0,0,0,0,0,0,0,0,0,"lopec101","F","F","F","F",0,0,0,0,0,0,0,0,0,0,F,F,"1978BAL.EVA.regular.event.csv",541
"BAL197804240","NYA",1,0,1,0,0,"",0,0,"rivem001","?","rivem001","?","mcgrs001","?","mcgrs001","?","dempr001","murre001","dauer001","decid001","belam101","roeng001","bumba001","lopec101","","","","8","F","F",8,2,2,"T","T",0,"F","F",1,"F","F",0,"F","F",8,"F","F","F","",0,0,"N",0,"N",0,"N",0,0,0,0,"8","","","","F","F","F","F","F","F","F","F","F","","","","F","F","F","F","F","","","","",0,8,0,0,0,0,0,0,0,2,"BAL","NYA","BAL",0,"F","F",0,0,0,1,1,"T","F",0,0,"T","T","munst101","jackr001","T","T",0,0,0,0,0,0,0,0,0,"","","",0,0,0,0,0,0,0,0,0,0,0,0,0,"bumba001","F","F","F","F",0,0,0,0,0,0,0,0,0,0,F,F,"1978BAL.EVA.regular.event.csv",542
"BAL197804240","NYA",1,0,2,0,0,"",0,0,"munst101","?","munst101","?","mcgrs001","?","mcgrs001","?","dempr001","murre001","dauer001","decid001","belam101","roeng001","bumba001","lopec101","","","","53","F","F",2,3,2,"T","T",0,"F","F",1,"F","F",0,"F","F",5,"G","F","F","",0,0,"N",0,"N",0,"N",0,0,0,0,"53","","","","F","F","F","F","F","F","F","F","F","","","","F","F","F","F","F","","","","",0,3,0,0,5,0,0,0,0,3,"BAL","NYA","BAL",0,"F","T",0,0,0,2,2,"T","F",0,0,"T","T","jackr001","pinil001","T","T",0,0,0,0,0,0,0,0,0,"","","",0,0,0,0,0,0,0,0,0,0,0,0,0,"decid001","F","F","F","F",0,0,0,0,0,0,0,0,0,0,F,F,"1978BAL.EVA.regular.event.csv",543
"BAL197804240","NYA",1,1,0,0,0,"",0,0,"bumba001","?","bumba001","?","guidr001","?","guidr001","?","munst101","chamc001","randw001","nettg001","dentb001","pinil001","rivem001","jackr001","","","","43","T","F",8,1,2,"T","T",0,"F","F",1,"F","F",0,"F","F",4,"G","F","F","",0,0,"N",0,"N",0,"N",0,0,0,0,"43","","","","F","F","F","F","F","F","F","F","F","","","","F","F","F","F","F","","","","",0,3,0,0,4,0,0,0,0,4,"BAL","BAL","NYA",1,"T","F",0,0,0,0,0,"T","F",0,0,"T","T","belam101","roeng001","T","T",0,0,0,0,0,0,0,0,0,"","","",0,0,0,0,0,0,0,0,0,0,0,0,0,"randw001","F","F","F","F",0,0,0,0,0,0,0,0,0,0,F,F,"1978BAL.EVA.regular.event.csv",544
"BAL197804240","NYA",1,1,1,0,0,"",0,0,"belam101","?","belam101","?","guidr001","?","guidr001","?","munst101","chamc001","randw001","nettg001","dentb001","pinil001","rivem001","jackr001","","","","8","F","F",6,2,2,"T","T",0,"F","F",1,"F","F",0,"F","F",8,"F","F","F","",0,0,"N",0,"N",0,"N",0,0,0,0,"8","","","","F","F","F","F","F","F","F","F","F","","","","F","F","F","F","F","","","","",0,8,0,0,0,0,0,0,0,5,"BAL","BAL","NYA",1,"F","F",0,0,0,1,1,"T","F",0,0,"T","T","roeng001","murre001","T","T",0,0,0,0,0,0,0,0,0,"","","",0,0,0,0,0,0,0,0,0,0,0,0,0,"rivem001","F","F","F","F",0,0,0,0,0,0,0,0,0,0,F,F,"1978BAL.EVA.regular.event.csv",545
"BAL197804240","NYA",1,1,2,0,0,"",0,0,"roeng001","?","roeng001","?","guidr001","?","guidr001","?","munst101","chamc001","randw001","nettg001","dentb001","pinil001","rivem001","jackr001","","","","3","F","F",7,3,2,"T","T",0,"F","F",1,"F","F",0,"F","F",3,"F","F","F","",0,0,"N",0,"N",0,"N",0,0,0,0,"3","","","","F","F","F","F","F","F","F","F","F","","","","F","F","F","F","F","","","","",0,3,0,0,0,0,0,0,0,6,"BAL","BAL","NYA",1,"F","T",0,0,0,2,2,"T","F",0,0,"T","T","murre001","may-l101","T","T",0,0,0,0,0,0,0,0,0,"","","",0,0,0,0,0,0,0,0,0,0,0,0,0,"chamc001","F","F","F","F",0,0,0,0,0,0,0,0,0,0,F,F,"1978BAL.EVA.regular.event.csv",546
"BAL197804240","NYA",2,0,0,0,0,"",0,0,"jackr001","?","jackr001","?","mcgrs001","?","mcgrs001","?","dempr001","murre001","dauer001","decid001","belam101","roeng001","bumba001","lopec101","","","","7/7D","T","F",9,4,2,"T","T",0,"F","F",1,"F","F",0,"F","F",7,"F","F","F","7D",0,0,"N",0,"N",0,"N",0,0,0,0,"7","","","","F","F","F","F","F","F","F","F","F","","","","F","F","F","F","F","","","","",0,7,0,0,0,0,0,0,0,7,"BAL","NYA","BAL",0,"T","F",0,0,0,3,0,"T","F",0,0,"T","T","pinil001","johnc001","T","T",0,0,0,0,0,0,0,0,0,"","","",0,0,0,0,0,0,0,0,0,0,0,0,0,"roeng001","F","F","F","F",0,0,0,0,0,0,0,0,0,0,F,F,"1978BAL.EVA.regular.event.csv",547
"BAL197804240","NYA",2,0,1,0,0,"",0,0,"pinil001","?","pinil001","?","mcgrs001","?","mcgrs001","?","dempr001","murre001","dauer001","decid001","belam101","roeng001","bumba001","lopec101","","","","43","F","F",7,5,2,"T","T",0,"F","F",1,"F","F",0,"F","F",4,"G","F","F","",0,0,"N",0,"N",0,"N",0,0,0,0,"43","","","","F","F","F","F","F","F","F","F","F","","","","F","F","F","F","F","","","","",0,3,0,0,4,0,0,0,0,8,"BAL","NYA","BAL",0,"F","F",0,0,0,4,1,"T","F",0,0,"T","T","johnc001","chamc001","T","T",0,0,0,0,0,0,0,0,0,"","","",0,0,0,0,0,0,0,0,0,0,0,0,0,"dauer001","F","F","F","F",0,0,0,0,0,0,0,0,0,0,F,F,"1978BAL.EVA.regular.event.csv",548
"BAL197804240","NYA",2,0,2,0,0,"",0,0,"johnc001","?","johnc001","?","mcgrs001","?","mcgrs001","?","dempr001","murre001","dauer001","decid001","belam101","roeng001","bumba001","lopec101","","","","W","F","F",10,6,14,"T","F",0,"F","F",0,"F","F",0,"F","F",0,"","F","F","",0,0,"N",0,"N",0,"N",1,0,0,0,"","","","","F","F","F","F","F","F","F","F","F","","","","F","F","F","F","F","","","","",0,0,0,0,0,0,0,0,0,9,"BAL","NYA","BAL",0,"F","F",0,0,0,5,2,"T","F",0,1,"T","T","chamc001","nettg001","T","T",0,0,0,0,0,0,0,0,0,"","","",0,0,0,0,0,0,0,0,0,0,0,0,0,"","F","F","F","F",0,0,0,0,0,0,0,0,0,0,F,F,"1978BAL.EVA.regular.event.csv",549
"BAL197804240","NYA",2,0,2,0,0,"",0,0,"chamc001","?","chamc001","?","mcgrs001","?","mcgrs001","?","dempr001","murre001","dauer001","decid001","belam101","roeng001","bumba001","lopec101","johnc001","","","64(1)/FO","F","F",3,7,2,"T","T",0,"F","F",1,"F","F",0,"F","F",6,"G","F","F","",0,0,"N",0,"N",0,"N",1,0,0,0,"","64","","","F","F","F","F","F","F","F","F","F","mcgrs001","","","F","F","F","F","F","","","","",0,4,0,0,6,0,0,0,0,10,"BAL","NYA","BAL",0,"F","T",0,0,0,6,3,"T","F",1,1,"T","T","nettg001","dentb001","T","T",10,6,9,0,0,0,0,0,0,"dempr001","","",0,0,0,0,0,0,0,0,0,0,0,0,0,"belam101","T","F","F","F",0,0,0,0,0,0,0,0,0,0,F,F,"1978BAL.EVA.regular.event.csv",550
"BAL197804240","NYA",2,1,0,0,0,"",0,0,"murre001","?","murre001","?","guidr001","?","guidr001","?","munst101","chamc001","randw001","nettg001","dentb001","pinil001","rivem001","jackr001","","","","63","T","F",3,4,2,"T","T",0,"F","F",1,"F","F",0,"F","F",6,"G","F","F","",0,0,"N",0,"N",0,"N",0,0,0,0,"63","","","","F","F","F","F","F","F","F","F","F","","","","F","F","F","F","F","","","","",0,3,0,0,6,0,0,0,0,11,"BAL","BAL","NYA",1,"T","F",0,0,0,3,0,"T","F",0,0,"T","T","may-l101","decid001","T","T",0,0,0,0,0,0,0,0,0,"","","",0,0,0,0,0,0,0,0,0,0,0,0,0,"dentb001","F","F","F","F",0,0,0,0,0,0,0,0,0,0,F,F,"1978BAL.EVA.regular.event.csv",551
"BAL197804240","NYA",2,1,1,0,0,"",0,0,"may-l101","?","may-l101","?","guidr001","?","guidr001","?","munst101","chamc001","randw001","nettg001","dentb001","pinil001","rivem001","jackr001","","","","D7","F","F",10,5,21,"T","T",2,"F","F",0,"F","F",0,"F","F",7,"","F","F","",0,0,"N",0,"N",0,"N",2,0,0,0,"","","","","F","F","F","F","F","F","F","F","F","","","","F","F","F","F","F","","","","",0,0,0,0,0,0,0,0,0,12,"BAL","BAL","NYA",1,"F","F",0,0,0,4,1,"T","F",0,2,"T","T","decid001","lopec101","T","T",0,0,0,0,0,0,0,0,0,"","","",0,0,0,0,0,0,0,0,0,0,0,0,0,"pinil001","F","F","F","F",0,0,0,0,0,0,0,0,0,0,F,F,"1978BAL.EVA.regular.event.csv",552
"BAL197804240","NYA",2,1,1,0,0,"",0,0,"decid001","?","decid001","?","guidr001","?","guidr001","?","munst101","chamc001","randw001","nettg001","dentb001","pinil001","rivem001","jackr001","","may-l101","","6","F","F",5,6,2,"T","T",0,"F","F",1,"F","F",0,"F","F",6,"F","F","F","",0,0,"N",0,"N",0,"N",0,0,2,0,"6","","","","F","F","F","F","F","F","F","F","F","","guidr001","","F","F","F","F","F","","","","",0,6,0,0,0,0,0,0,0,13,"BAL","BAL","NYA",1,"F","F",0,0,0,5,2,"T","F",2,2,"T","T","lopec101","dempr001","T","T",0,0,0,10,5,12,0,0,0,"","munst101","",0,0,0,0,0,0,0,0,0,0,0,0,0,"dentb001","F","F","F","F",0,0,0,0,0,0,0,0,0,0,F,F,"1978BAL.EVA.regular.event.csv",553
"BAL197804240","NYA",2,1,2,0,0,"",0,0,"lopec101","?","lopec101","?","guidr001","?","guidr001","?","munst101","chamc001","randw001","nettg001","dentb001","pinil001","rivem001","jackr001","","may-l101","","S6.2-3","F","F",9,7,20,"T","T",1,"F","F",0,"F","F",0,"F","F",6,"","F","F","",0,0,"N",0,"N",0,"N",1,0,3,0,"","","","","F","F","F","F","F","F","F","F","F","","guidr001","","F","F","F","F","F","","","","",0,0,0,0,0,0,0,0,0,14,"BAL","BAL","NYA",1,"F","F",0,0,0,6,3,"T","F",2,5,"T","T","dempr001","dauer001","T","T",0,0,0,10,5,12,0,0,0,"","munst101","",0,0,0,0,0,0,0,0,0,0,0,0,0,"dentb001","F","F","F","F",0,0,0,0,0,0,0,0,0,0,F,F,"1978BAL.EVA.regular.event.csv",554
"BAL197804240","NYA",2,1,2,0,0,"",0,0,"dempr001","?","dempr001","?","guidr001","?","guidr001","?","munst101","chamc001","randw001","nettg001","dentb001","pinil001","rivem001","jackr001","lopec101","","may-l101","63","F","F",2,8,2,"T","T",0,"F","F",1,"F","F",0,"F","F",6,"G","F","F","",0,0,"N",0,"N",0,"N",0,1,0,3,"63","","","","F","F","F","F","F","F","F","F","F","guidr001","","guidr001","F","F","F","F","F","","","","",0,3,0,0,6,0,0,0,0,15,"BAL","BAL","NYA",1,"F","T",0,0,0,7,4,"T","F",5,5,"T","T","dauer001","bumba001","T","T",9,7,14,0,0,0,10,5,12,"munst101","","munst101",0,0,0,0,0,0,0,0,0,0,0,0,0,"dentb001","F","F","F","F",0,0,0,0,0,0,0,0,0,0,F,F,"1978BAL.EVA.regular.event.csv",555
"BAL197804240","NYA",3,0,0,0,0,"",0,0,"nettg001","?","nettg001","?","mcgrs001","?","mcgrs001","?","dempr001","murre001","dauer001","decid001","belam101","roeng001","bumba001","lopec101","","","","8","T","F",5,8,2,"T","T",0,"F","F",1,"F","F",0,"F","F",8,"F","F","F","",0,0,"N",0,"N",0,"N",0,0,0,0,"8","","","","F","F","F","F","F","F","F","F","F","","","","F","F","F","F","F","","","","",0,8,0,0,0,0,0,0,0,16,"BAL","NYA","BAL",0,"T","F",0,0,0,7,0,"T","F",0,0,"T","T","dentb001","randw001","T","T",0,0,0,0,0,0,0,0,0,"","","",0,0,0,0,0,0,0,0,0,0,0,0,0,"bumba001","F","F","F","F",0,0,0,0,0,0,0,0,0,0,F,F,"1978BAL.EVA.regular.event.csv",556
"BAL197804240","NYA",3,0,1,0,0,"",0,0,"dentb001","?","dentb001","?","mcgrs001","?","mcgrs001","?","dempr001","murre001","dauer001","decid001","belam101","roeng001","bumba001","lopec101","","","","9","F","F",6,9,2,"T","T",0,"F","F",1,"F","F",0,"F","F",9,"F","F","F","",0,0,"N",0,"N",0,"N",0,0,0,0,"9","","","","F","F","F","F","F","F","F","F","F","","","","F","F","F","F","F","","","","",0,9,0,0,0,0,0,0,0,17,"BAL","NYA","BAL",0,"F","F",0,0,0,8,1,"T","F",0,0,"T","T","randw001","rivem001","T","T",0,0,0,0,0,0,0,0,0,"","","",0,0,0,0,0,0,0,0,0,0,0,0,0,"lopec101","F","F","F","F",0,0,0,0,0,0,0,0,0,0,F,F,"1978BAL.EVA.regular.event.csv",557
"BAL197804240","NYA",3,0,2,0,0,"",0,0,"randw001","?","randw001","?","mcgrs001","?","mcgrs001","?","dempr001","murre001","dauer001","decid001","belam101","roeng001","bumba001","lopec101","","","","8","F","F",4,1,2,"T","T",0,"F","F",1,"F","F",0,"F","F",8,"F","F","F","",0,0,"N",0,"N",0,"N",0,0,0,0,"8","","","","F","F","F","F","F","F","F","F","F","","","","F","F","F","F","F","","","","",0,8,0,0,0,0,0,0,0,18,"BAL","NYA","BAL",0,"F","T",0,0,0,9,2,"T","F",0,0,"T","T","rivem001","munst101","T","T",0,0,0,0,0,0,0,0,0,"","","",0,0,0,0,0,0,0,0,0,0,0,0,0,"bumba001","F","F","F","F",0,0,0,0,0,0,0,0,0,0,F,F,"1978BAL.EVA.regular.event.csv",558
"BAL197804240","NYA",3,1,0,0,0,"",0,0,"dauer001","?","dauer001","?","guidr001","?","guidr001","?","munst101","chamc001","randw001","nettg001","dentb001","pinil001","rivem001","jackr001","","","","63","T","F",4,9,2,"T","T",0,"F","F",1,"F","F",0,"F","F",6,"G","F","F","",0,0,"N",0,"N",0,"N",0,0,0,0,"63","","","","F","F","F","F","F","F","F","F","F","","","","F","F","F","F","F","","","","",0,3,0,0,6,0,0,0,0,19,"BAL","BAL","NYA",1,"T","F",0,0,0,8,0,"T","F",0,0,"T","T","bumba001","belam101","T","T",0,0,0,0,0,0,0,0,0,"","","",0,0,0,0,0,0,0,0,0,0,0,0,0,"dentb001","F","F","F","F",0,0,0,0,0,0,0,0,0,0,F,F,"1978BAL.EVA.regular.event.csv",559
"BAL197804240","NYA",3,1,1,0,0,"",0,0,"bumba001","?","bumba001","?","guidr001","?","guidr001","?","munst101","chamc001","randw001","nettg001","dentb001","pinil001","rivem001","jackr001","","","","W","F","F",8,1,14,"T","F",0,"F","F",0,"F","F",0,"F","F",0,"","F","F","",0,0,"N",0,"N",0,"N",1,0,0,0,"","","","","F","F","F","F","F","F","F","F","F","","","","F","F","F","F","F","","","","",0,0,0,0,0,0,0,0,0,20,"BAL","BAL","NYA",1,"F","F",0,0,0,9,1,"T","F",0,1,"T","T","belam101","roeng001","T","T",0,0,0,0,0,0,0,0,0,"","","",0,0,0,0,0,0,0,0,0,0,0,0,0,"","F","F","F","F",0,0,0,0,0,0,0,0,0,0,F,F,"1978BAL.EVA.regular.event.csv",560
"BAL197804240","NYA",3,1,1,0,0,"",0,0,"belam101","?","belam101","?","guidr001","?","guidr001","?","munst101","chamc001","randw001","nettg001","dentb001","pinil001","rivem001","jackr001","bumba001","","","CS2(26)","F","F",6,2,6,"F","F",0,"F","F",1,"F","F",0,"F","F",0,"","F","F","",0,0,"N",0,"N",0,"N",0,0,0,0,"","26","","","F","F","F","T","F","F","F","F","F","guidr001","","","F","F","F","F","F","","","","",0,6,0,0,2,0,0,0,0,21,"BAL","BAL","NYA",1,"F","F",0,0,0,10,2,"T","F",1,0,"T","T","roeng001","murre001","T","T",8,1,20,0,0,0,0,0,0,"munst101","","",0,0,0,0,0,0,0,0,0,0,0,0,0,"","F","F","F","F",0,0,0,0,0,0,0,0,0,0,F,F,"1978BAL.EVA.regular.event.csv",561
"BAL197804240","NYA",3,1,2,0,0,"",0,0,"belam101","?","belam101","?","guidr001","?","guidr001","?","munst101","chamc001","randw001","nettg001","dentb001","pinil001","rivem001","jackr001","","","","7","F","F",6,2,2,"T","T",0,"F","F",1,"F","F",0,"F","F",7,"F","F","F","",0,0,"N",0,"N",0,"N",0,0,0,0,"7","","","","F","F","F","F","F","F","F","F","F","","","","F","F","F","F","F","","","","",0,7,0,0,0,0,0,0,0,22,"BAL","BAL","NYA",1,"F","T",0,0,0,10,2,"F","F",0,0,"T","T","roeng001","murre001","T","T",0,0,0,0,0,0,0,0,0,"","","",0,0,0,0,0,0,0,0,0,0,0,0,0,"pinil001","F","F","F","F",0,0,0,0,0,0,0,0,0,0,F,F,"1978BAL.EVA.regular.event.csv",562
"BAL197804240","NYA",4,0,0,0,0,"",0,0,"rivem001","?","rivem001","?","mcgrs001","?","mcgrs001","?","dempr001","murre001","dauer001","decid001","belam101","roeng001","bumba001","lopec101","","","","S8","T","F",8,2,20,"T","T",1,"F","F",0,"F","F",0,"F","F",8,"","F","F","",0,0,"N",0,"N",0,"N",1,0,0,0,"","","","","F","F","F","F","F","F","F","F","F","","","","F","F","F","F","F","","","","",0,0,0,0,0,0,0,0,0,23,"BAL","NYA","BAL",0,"T","F",0,0,0,10,0,"T","F",0,1,"T","T","munst101","jackr001","T","T",0,0,0,0,0,0,0,0,0,"","","",0,0,0,0,0,0,0,0,0,0,0,0,0,"bumba001","F","F","F","F",0,0,0,0,0,0,0,0,0,0,F,F,"1978BAL.EVA.regular.event.csv",563
"BAL197804240","NYA",4,0,0,0,0,"",0,0,"munst101","?","munst101","?","mcgrs001","?","mcgrs001","?","dempr001","murre001","dauer001","decid001","belam101","roeng001","bumba001","lopec101","rivem001","","","16(1)/FO","F","F",2,3,2,"T","T",0,"F","F",1,"F","F",0,"F","F",1,"G","F","F","",0,0,"N",0,"N",0,"N",1,0,0,0,"","16","","","F","F","F","F","F","F","F","F","F","mcgrs001","","","F","F","F","F","F","","","","",0,6,0,0,1,0,0,0,0,24,"BAL","NYA","BAL",0,"F","F",0,0,0,11,1,"T","F",1,1,"T","T","jackr001","pinil001","T","T",8,2,23,0,0,0,0,0,0,"dempr001","","",0,0,0,0,0,0,0,0,0,0,0,0,0,"mcgrs001","T","F","F","F",0,0,0,0,0,0,0,0,0,0,F,F,"1978BAL.EVA.regular.event.csv",564
"BAL197804240","NYA",4,0,1,0,0,"",0,0,"jackr001","?","jackr001","?","mcgrs001","?","mcgrs001","?","dempr001","murre001","dauer001","decid001","belam101","roeng001","bumba001","lopec101","munst101","","","S1.1-2","F","F",9,4,20,"T","T",1,"F","F",0,"F","F",0,"F","F",1,"","F","F","",0,0,"N",0,"N",0,"N",1,2,0,0,"","","","","F","F","F","F","F","F","F","F","F","mcgrs001","","","F","F","F","F","F","","","","",0,0,0,0,0,0,0,0,0,25,"BAL","NYA","BAL",0,"F","F",0,0,0,12,2,"T","F",1,3,"T","T","pinil001","johnc001","T","T",2,3,24,0,0,0,0,0,0,"dempr001","","",0,0,0,0,0,0,0,0,0,0,0,0,0,"mcgrs001","F","F","F","F",0,0,0,0,0,0,0,0,0,0,F,F,"1978BAL.EVA.regular.event.csv",565
"BAL197804240","NYA",4,0,1,0,0,"",0,0,"pinil001","?","pinil001","?","mcgrs001","?","mcgrs001","?","dempr001","murre001","dauer001","decid001","belam101","roeng001","bumba001","lopec101","jackr001","munst101","","6(1)3/GDP","F","F",7,5,2,"T","T",0,"F","F",2,"T","F",0,"F","F",6,"G","F","F","",0,0,"N",0,"N",0,"N",0,0,2,0,"63","6","","","F","F","F","F","F","F","F","F","F","mcgrs001","mcgrs001","","F","F","F","F","F","","","","",0,6,3,0,6,0,0,0,0,26,"BAL","NYA","BAL",0,"F","T",0,0,0,13,3,"T","F",3,2,"T","T","johnc001","chamc001","T","T",9,4,25,2,3,24,0,0,0,"dempr001","dempr001","",0,0,0,0,0,0,0,0,0,0,0,0,0,"belam101","T","F","F","F",0,0,0,0,0,0,0,0,0,0,F,F,"1978BAL.EVA.regular.event.csv",566
"BAL197804240","NYA",4,1,0,0,0,"",0,0,"roeng001","?","roeng001","?","guidr001","?","guidr001","?","munst101","chamc001","randw001","nettg001","dentb001","pinil001","rivem001","jackr001","","","","53","T","F",7,3,2,"T","T",0,"F","F",1,"F","F",0,"F","F",5,"G","F","F","",0,0,"N",0,"N",0,"N",0,0,0,0,"53","","","","F","F","F","F","F","F","F","F","F","","","","F","F","F","F","F","","","","",0,3,0,0,5,0,0,0,0,27,"BAL","BAL","NYA",1,"T","F",0,0,0,11,0,"T","F",0,0,"T","T","murre001","may-l101","T","T",0,0,0,0,0,0,0,0,0,"","","",0,0,0,0,0,0,0,0,0,0,0,0,0,"nettg001","F","F","F","F",0,0,0,0,0,0,0,0,0,0,F,F,"1978BAL.EVA.regular.event.csv",567
"BAL197804240","NYA",4,1,1,0,0,"",0,0,"murre001","?","murre001","?","guidr001","?","guidr001","?","munst101","chamc001","randw001","nettg001","dentb001","pinil001","rivem001","jackr001","","","","S7","F","F",3,4,20,"T","T",1,"F","F",0,"F","F",0,"F","F",7,"","F","F","",0,0,"N",0,"N",0,"N",1,0,0,0,"","","","","F","F","F","F","F","F","F","F","F","","","","F","F","F","F","F","","","","",0,0,0,0,0,0,0,0,0,28,"BAL","BAL","NYA",1,"F","F",0,0,0,12,1,"T","F",0,1,"T","T","may-l101","decid001","T","T",0,0,0,0,0,0,0,0,0,"","","",0,0,0,0,0,0,0,0,0,0,0,0,0,"pinil001","F","F","F","F",0,0,0,0,0,0,0,0,0,0,F,F,"1978BAL.EVA.regular.event.csv",568
"BAL197804240","NYA",4,1,1,0,0,"",0,0,"may-l101","?","may-l101","?","guidr001","?","guidr001","?","munst101","chamc001","randw001","nettg001","dentb001","pinil001","rivem001","jackr001","murre001","","","8","F","F",10,5,2,"T","T",0,"F","F",1,"F","F",0,"F","F",8,"F","F","F","",0,0,"N",0,"N",0,"N",0,1,0,0,"8","","","","F","F","F","F","F","F","F","F","F","guidr001","","","F","F","F","F","F","","","","",0,8,0,0,0,0,0,0,0,29,"BAL","BAL","NYA",1,"F","F",0,0,0,13,2,"T","F",1,1,"T","T","decid001","lopec101","T","T",3,4,28,0,0,0,0,0,0,"munst101","","",0,0,0,0,0,0,0,0,0,0,0,0,0,"rivem001","F","F","F","F",0,0,0,0,0,0,0,0,0,0,F,F,"1978BAL.EVA.regular.event.csv",569
"BAL197804240","NYA",4,1,2,0,0,"",0,0,"decid001","?","decid001","?","guidr001","?","guidr001","?","munst101","chamc001","randw001","nettg001","dentb001","pinil001","rivem001","jackr001","murre001","","","S7.1-2","F","F",5,6,20,"T","T",1,"F","F",0,"F","F",0,"F","F",7,"","F","F","",0,0,"N",0,"N",0,"N",1,2,0,0,"","","","","F","F","F","F","F","F","F","F","F","guidr001","","","F","F","F","F","F","","","","",0,0,0,0,0,0,0,0,0,30,"BAL","BAL","NYA",1,"F","F",0,0,0,14,3,"T","F",1,3,"T","T","lopec101","dempr001","T","T",3,4,28,0,0,0,0,0,0,"munst101","","",0,0,0,0,0,0,0,0,0,0,0,0,0,"pinil001","F","F","F","F",0,0,0,0,0,0,0,0,0,0,F,F,"1978BAL.EVA.regular.event.csv",570
"BAL197804240","NYA",4,1,2,0,0,"",0,0,"lopec101","?","lopec101","?","guidr001","?","guidr001","?","munst101","chamc001","randw001","nettg001","dentb001","pinil001","rivem001","jackr001","decid001","murre001","","4(1)/FO","F","F",9,7,2,"T","T",0,"F","F",1,"F","F",0,"F","F",4,"G","F","F","",0,0,"N",0,"N",0,"N",1,0,2,0,"","4","","","F","F","F","F","F","F","F","F","F","guidr001","guidr001","","F","F","F","F","F","","","","",0,4,0,0,0,0,0,0,0,31,"BAL","BAL","NYA",1,"F","T",0,0,0,15,4,"T","F",3,3,"T","T","dempr001","dauer001","T","T",5,6,30,3,4,28,0,0,0,"munst101","munst101","",0,0,0,0,0,0,0,0,0,0,0,0,0,"randw001","T","F","F","F",0,0,0,0,0,0,0,0,0,0,F,F,"1978BAL.EVA.regular.event.csv",571
"BAL197804240","NYA",5,0,0,0,0,"",0,0,"johnc001","?","johnc001","?","mcgrs001","?","mcgrs001","?","dempr001","murre001","dauer001","decid001","belam101","roeng001","bumba001","lopec101","","","","53","T","F",10,6,2,"T","T",0,"F","F",1,"F","F",0,"F","F",5,"G","F","F","",0,0,"N",0,"N",0,"N",0,0,0,0,"53","","","","F","F","F","F","F","F","F","F","F","","","","F","F","F","F","F","","","","",0,3,0,0,5,0,0,0,0,32,"BAL","NYA","BAL",0,"T","F",0,0,0,14,0,"T","F",0,0,"T","T","chamc001","nettg001","T","T",0,0,0,0,0,0,0,0,0,"","","",0,0,0,0,0,0,0,0,0,0,0,0,0,"decid001","F","F","F","F",0,0,0,0,8,0,0,0,0,0,F,F,"1978BAL.EVA.regular.event.csv",572
"BAL197804240","NYA",5,0,1,0,0,"",0,0,"chamc001","?","chamc001","?","mcgrs001","?","mcgrs001","?","dempr001","murre001","dauer001","decid001","belam101","roeng001","bumba001","lopec101","","","","S8","F","F",3,7,20,"T","T",1,"F","F",0,"F","F",0,"F","F",8,"","F","F","",0,0,"N",0,"N",0,"N",1,0,0,0,"","","","","F","F","F","F","F","F","F","F","F","","","","F","F","F","F","F","","","","",0,0,0,0,0,0,0,0,0,33,"BAL","NYA","BAL",0,"F","F",0,0,0,15,1,"T","F",0,1,"T","T","nettg001","dentb001","T","T",0,0,0,0,0,0,0,0,0,"","","",0,0,0,0,0,0,0,0,0,0,0,0,0,"bumba001","F","F","F","F",4,0,0,0,8,0,0,0,0,0,F,F,"1978BAL.EVA.regular.event.csv",573
"BAL197804240","NYA",5,0,1,0,0,"",0,0,"nettg001","?","nettg001","?","mcgrs001","?","mcgrs001","?","dempr001","murre001","dauer001","decid001","belam101","roeng001","bumba001","lopec101","chamc001","","","S8.1-3","F","F",5,8,20,"T","T",1,"F","F",0,"F","F",0,"F","F",8,"","F","F","",0,0,"N",0,"N",0,"N",1,3,0,0,"","","","","F","F","F","F","F","F","F","F","F","mcgrs001","","","F","F","F","F","F","","","","",0,0,0,0,0,0,0,0,0,34,"BAL","NYA","BAL",0,"F","F",0,0,0,16,2,"T","F",1,5,"T","T","dentb001","randw001","T","T",3,7,33,0,0,0,0,0,0,"dempr001","","",0,0,0,0,0,0,0,0,0,0,0,0,0,"bumba001","F","F","F","F",4,4,0,0,8,0,0,0,0,0,F,F,"1978BAL.EVA.regular.event.csv",574
"BAL197804240","NYA",5,0,1,0,0,"",0,0,"dentb001","?","dentb001","?","mcgrs001","?","mcgrs001","?","dempr001","murre001","dauer001","decid001","belam101","roeng001","bumba001","lopec101","nettg001","","chamc001","S9.3-H;1-2","F","F",6,9,20,"T","T",1,"F","F",0,"F","F",1,"F","F",9,"","F","F","",0,0,"N",0,"N",0,"N",1,2,0,4,"","","","","F","F","F","F","F","F","F","F","F","mcgrs001","","mcgrs001","F","F","F","F","F","","","","",0,0,0,0,0,0,0,0,0,35,"BAL","NYA","BAL",0,"F","F",0,0,0,17,3,"T","F",5,3,"T","T","randw001","rivem001","T","T",5,8,34,0,0,0,3,7,33,"dempr001","","dempr001",0,0,0,0,0,0,0,0,0,0,0,0,1,"lopec101","F","F","F","F",4,4,0,4,7,0,0,0,0,0,F,F,"1978BAL.EVA.regular.event.csv",575
"BAL197804240","NYA",5,0,1,0,0,"",1,0,"randw001","?","randw001","?","mcgrs001","?","mcgrs001","?","dempr001","murre001","dauer001","decid001","belam101","roeng001","bumba001","lopec101","dentb001","nettg001","","S8.2-3;1-2","F","F",4,1,20,"T","T",1,"F","F",0,"F","F",0,"F","F",8,"","F","F","",0,0,"N",0,"N",0,"N",1,2,3,0,"","","","","F","F","F","F","F","F","F","F","F","mcgrs001","mcgrs001","","F","F","F","F","F","","","","",0,0,0,0,0,0,0,0,0,36,"BAL","NYA","BAL",0,"F","F",1,0,1,18,4,"T","F",3,7,"T","T","rivem001","munst101","T","T",6,9,35,5,8,34,0,0,0,"dempr001","dempr001","",0,0,0,0,0,0,0,0,0,0,0,0,0,"bumba001","F","F","F","F",4,4,4,0,7,0,0,0,0,0,F,F,"1978BAL.EVA.regular.event.csv",576
"BAL197804240","NYA",5,0,1,0,0,"",1,0,"rivem001","?","rivem001","?","mcgrs001","?","mcgrs001","?","dempr001","murre001","dauer001","decid001","belam101","roeng001","bumba001","lopec101","randw001","dentb001","nettg001","S7.3-H;2-3;1-2","F","F",8,2,20,"T","T",1,"F","F",0,"F","F",1,"F","F",7,"","F","F","",0,0,"N",0,"N",0,"N",1,2,3,4,"","","","","F","F","F","F","F","F","F","F","F","mcgrs001","mcgrs001","mcgrs001","F","F","F","F","F","","","","",0,0,0,0,0,0,0,0,0,37,"BAL","NYA","BAL",0,"F","F",1,0,1,19,5,"T","F",7,7,"T","T","munst101","jackr001","T","T",4,1,36,6,9,35,5,8,34,"dempr001","dempr001","dempr001",0,0,0,0,0,0,0,0,0,0,0,0,1,"roeng001","F","F","F","F",4,4,4,4,6,0,0,0,0,0,F,F,"1978BAL.EVA.regular.event.csv",577
"BAL197804240","NYA",5,0,1,0,0,"",2,0,"munst101","?","munst101","?","kerrj101","?","kerrj101","?","dempr001","murre001","dauer001","decid001","belam101","roeng001","bumba001","lopec101","rivem001","randw001","dentb001","S9.3-H;2-3;1-2","F","F",2,3,20,"T","T",1,"F","F",0,"F","F",1,"F","F",9,"","F","F","",0,0,"N",0,"N",0,"N",1,2,3,4,"","","","","F","F","F","F","F","F","F","F","F","mcgrs001","mcgrs001","mcgrs001","F","F","F","F","F","","","","",0,0,0,0,0,0,0,0,0,38,"BAL","NYA","BAL",0,"F","F",2,0,2,20,6,"T","F",7,7,"T","T","jackr001","pinil001","F","F",8,2,37,4,1,36,6,9,35,"dempr001","dempr001","dempr001",0,0,0,0,0,0,0,0,0,0,0,0,1,"lopec101","F","F","F","F",4,4,4,4,5,0,0,0,0,0,F,F,"1978BAL.EVA.regular.event.csv",578
"BAL197804240","NYA",5,0,1,0,0,"",3,0,"jackr001","?","jackr001","?","kerrj101","?","kerrj101","?","dempr001","murre001","dauer001","decid001","belam101","roeng001","bumba001","lopec101","munst101","rivem001","randw001","S7.3-H;2-H;1-3;B-2(THH)","F","F",9,4,20,"T","T",1,"F","F",0,"F","F",2,"F","F",7,"","F","F","",0,0,"N",0,"N",0,"N",2,3,4,4,"","","","","F","F","F","F","F","F","F","F","F","kerrj101","mcgrs001","mcgrs001","F","F","F","F","F","","","","",0,0,0,0,0,0,0,0,0,39,"BAL","NYA","BAL",0,"F","F",3,0,3,21,7,"T","F",7,6,"T","T","pinil001","johnc001","F","F",2,3,38,8,2,37,4,1,36,"dempr001","dempr001","dempr001",0,0,0,0,0,0,0,0,0,0,0,0,2,"roeng001","F","F","F","F",4,4,4,4,3,0,0,0,0,0,F,F,"1978BAL.EVA.regular.event.csv",579
"BAL197804240","NYA",5,0,1,0,0,"",5,0,"pinil001","?","pinil001","?","kerrj101","?","kerrj101","?","dempr001","murre001","dauer001","decid001","belam101","roeng001","bumba001","lopec101","","jackr001","munst101","IW","F","F",7,5,15,"T","F",0,"F","F",0,"F","F",0,"F","F",0,"","F","F","",0,0,"N",0,"N",0,"N",1,0,2,3,"","","","","F","F","F","F","F","F","F","F","F","","kerrj101","kerrj101","F","F","F","F","F","","","","",0,0,0,0,0,0,0,0,0,40,"BAL","NYA","BAL",0,"F","F",5,0,5,22,8,"T","F",6,7,"T","T","johnc001","chamc001","F","F",0,0,0,9,4,39,2,3,38,"","dempr001","dempr001",0,0,0,0,0,0,0,0,0,0,0,0,0,"","F","F","F","F",4,0,4,4,3,0,0,0,0,0,F,F,"1978BAL.EVA.regular.event.csv",580
"BAL197804240","NYA",5,0,1,0,0,"",5,0,"johnc001","?","johnc001","?","kerrj101","?","kerrj101","?","dempr001","murre001","dauer001","decid001","belam101","roeng001","bumba001","lopec101","pinil001","jackr001","munst101","K","F","F",10,6,3,"T","T",0,"F","F",1,"F","F",0,"F","F",0,"","F","F","",0,0,"N",0,"N",0,"N",0,1,2,3,"2","","","","F","F","F","F","F","F","F","F","F","kerrj101","kerrj101","kerrj101","F","F","F","F","F","","","","",0,2,0,0,0,0,0,0,0,41,"BAL","NYA","BAL",0,"F","F",5,0,5,23,9,"T","F",7,7,"T","T","chamc001","nettg001","F","F",7,5,40,9,4,39,2,3,38,"dempr001","dempr001","dempr001",0,0,0,0,0,0,0,0,0,0,0,0,0,"","F","F","F","F",0,4,4,4,3,0,0,0,0,0,F,F,"1978BAL.EVA.regular.event.csv",581
"BAL197804240","NYA",5,0,2,0,0,"",5,0,"chamc001","?","chamc001","?","kerrj101","?","kerrj101","?","dempr001","murre001","dauer001","decid001","belam101","roeng001","bumba001","lopec101","pinil001","jackr001","munst101","D9.3-H;2-H;1-H","F","F",3,7,21,"T","T",2,"F","F",0,"F","F",3,"F","F",9,"","F","F","",0,0,"N",0,"N",0,"N",2,4,4,4,"","","","","F","F","F","F","F","F","F","F","F","kerrj101","kerrj101","kerrj101","F","F","F","F","F","","","","",0,0,0,0,0,0,0,0,0,42,"BAL","NYA","BAL",0,"F","F",5,0,5,24,10,"T","F",7,2,"T","T","nettg001","dentb001","F","F",7,5,40,9,4,39,2,3,38,"dempr001","dempr001","dempr001",0,0,0,0,0,0,0,0,0,0,0,0,3,"lopec101","F","F","F","F",0,4,4,4,0,0,0,0,0,0,F,F,"1978BAL.EVA.regular.event.csv",582
"BAL197804240","NYA",5,0,2,0,0,"",8,0,"nettg001","?","nettg001","?","kerrj101","?","kerrj101","?","dempr001","murre001","dauer001","decid001","belam101","roeng001","bumba001","lopec101","","chamc001","","IW","F","F",5,8,15,"T","F",0,"F","F",0,"F","F",0,"F","F",0,"","F","F","",0,0,"N",0,"N",0,"N",1,0,2,0,"","","","","F","F","F","F","F","F","F","F","F","","kerrj101","","F","F","F","F","F","","","","",0,0,0,0,0,0,0,0,0,43,"BAL","NYA","BAL",0,"F","F",8,0,8,25,11,"T","F",2,3,"T","T","dentb001","randw001","F","F",0,0,0,3,7,42,0,0,0,"","dempr001","",0,0,0,0,0,0,0,0,0,0,0,0,0,"","F","F","F","F",0,0,0,0,0,0,0,0,0,0,F,F,"1978BAL.EVA.regular.event.csv",583
"BAL197804240","NYA",5,0,2,0,0,"",8,0,"dentb001","?","dentb001","?","kerrj101","?","kerrj101","?","dempr001","murre001","dauer001","decid001","belam101","roeng001","bumba001","lopec101","nettg001","chamc001","","9","F","F",6,9,2,"T","T",0,"F","F",1,"F","F",0,"F","F",9,"F","F","F","",0,0,"N",0,"N",0,"N",0,1,2,0,"9","","","","F","F","F","F","F","F","F","F","F","kerrj101","kerrj101","","F","F","F","F","F","","","","",0,9,0,0,0,0,0,0,0,44,"BAL","NYA","BAL",0,"F","T",8,0,8,26,12,"T","F",3,3,"T","T","randw001","rivem001","F","F",5,8,43,3,7,42,0,0,0,"dempr001","dempr001","",0,0,0,0,0,0,0,0,0,0,0,0,0,"lopec101","F","F","F","F",0,0,0,0,0,0,0,0,0,0,F,F,"1978BAL.EVA.regular.event.csv",584
"BAL197804240","NYA",5,1,0,0,0,"",8,0,"dempr001","?","dempr001","?","guidr001","?","guidr001","?","munst101","chamc001","randw001","nettg001","dentb001","pinil001","rivem001","jackr001","","","","9","T","F",2,8,2,"T","T",0,"F","F",1,"F","F",0,"F","F",9,"F","F","F","",0,0,"N",0,"N",0,"N",0,0,0,0,"9","","","","F","F","F","F","F","F","F","F","F","","","","F","F","F","F","F","","","","",0,9,0,0,0,0,0,0,0,45,"BAL","BAL","NYA",1,"T","F",0,8,0,16,0,"T","F",0,0,"T","T","dauer001","bumba001","T","T",0,0,0,0,0,0,0,0,0,"","","",0,0,0,0,0,0,0,0,0,0,0,0,0,"jackr001","F","F","F","F",0,0,0,0,0,0,0,0,0,0,F,F,"1978BAL.EVA.regular.event.csv",585
"BAL197804240","NYA",5,1,1,0,0,"",8,0,"dauer001","?","dauer001","?","guidr001","?","guidr001","?","munst101","chamc001","randw001","nettg001","dentb001","pinil001","rivem001","jackr001","","","","43","F","F",4,9,2,"T","T",0,"F","F",1,"F","F",0,"F","F",4,"G","F","F","",0,0,"N",0,"N",0,"N",0,0,0,0,"43","","","","F","F","F","F","F","F","F","F","F","","","","F","F","F","F","F","","","","",0,3,0,0,4,0,0,0,0,46,"BAL","BAL","NYA",1,"F","F",0,8,0,17,1,"T","F",0,0,"T","T","bumba001","belam101","T","T",0,0,0,0,0,0,0,0,0,"","","",0,0,0,0,0,0,0,0,0,0,0,0,0,"randw001","F","F","F","F",0,0,0,0,0,0,0,0,0,0,F,F,"1978BAL.EVA.regular.event.csv",586
"BAL197804240","NYA",5,1,2,0,0,"",8,0,"bumba001","?","bumba001","?","guidr001","?","guidr001","?","munst101","chamc001","randw001","nettg001","dentb001","pinil001","rivem001","jackr001","","","","13","F","F",8,1,2,"T","T",0,"F","F",1,"F","F",0,"F","F",1,"G","F","F","",0,0,"N",0,"N",0,"N",0,0,0,0,"13","","","","F","F","F","F","F","F","F","F","F","","","","F","F","F","F","F","","","","",0,3,0,0,1,0,0,0,0,47,"BAL","BAL","NYA",1,"F","T",0,8,0,18,2,"T","F",0,0,"T","T","belam101","roeng001","T","T",0,0,0,0,0,0,0,0,0,"","","",0,0,0,0,0,0,0,0,0,0,0,0,0,"guidr001","F","F","F","F",0,0,0,0,0,0,0,0,0,0,F,F,"1978BAL.EVA.regular.event.csv",587
"BAL197804240","NYA",6,0,0,0,0,"",8,0,"randw001","?","randw001","?","kerrj101","?","kerrj101","?","dempr001","murre001","dauer001","decid001","belam101","roeng001","bumba001","lopec101","","","","S4","T","F",4,1,20,"T","T",1,"F","F",0,"F","F",0,"F","F",4,"","F","F","",0,0,"N",0,"N",0,"N",1,0,0,0,"","","","","F","F","F","F","F","F","F","F","F","","","","F","F","F","F","F","","","","",0,0,0,0,0,0,0,0,0,48,"BAL","NYA","BAL",0,"T","F",8,0,0,27,0,"T","F",0,1,"T","T","rivem001","munst101","F","F",0,0,0,0,0,0,0,0,0,"","","",0,0,0,0,0,0,0,0,0,0,0,0,0,"dauer001","F","F","F","F",0,0,0,0,0,0,0,0,0,0,F,F,"1978BAL.EVA.regular.event.csv",588
"BAL197804240","NYA",6,0,0,0,0,"",8,0,"rivem001","?","rivem001","?","kerrj101","?","kerrj101","?","dempr001","murre001","dauer001","decid001","belam101","roeng001","bumba001","lopec101","randw001","","","K","F","F",8,2,3,"T","T",0,"F","F",1,"F","F",0,"F","F",0,"","F","F","",0,0,"N",0,"N",0,"N",0,1,0,0,"2","","","","F","F","F","F","F","F","F","F","F","kerrj101","","","F","F","F","F","F","","","","",0,2,0,0,0,0,0,0,0,49,"BAL","NYA","BAL",0,"F","F",8,0,0,28,1,"T","F",1,1,"T","T","munst101","jackr001","F","F",4,1,48,0,0,0,0,0,0,"dempr001","","",0,0,0,0,0,0,0,0,0,0,0,0,0,"","F","F","F","F",0,0,0,0,0,0,0,0,0,0,F,F,"1978BAL.EVA.regular.event.csv",589
"BAL197804240","NYA",6,0,1,0,0,"",8,0,"munst101","?","munst101","?","kerrj101","?","kerrj101","?","dempr001","murre001","dauer001","decid001","belam101","roeng001","bumba001","lopec101","randw001","","","S7.1-3","F","F",2,3,20,"T","T",1,"F","F",0,"F","F",0,"F","F",7,"","F","F","",0,0,"N",0,"N",0,"N",1,3,0,0,"","","","","F","F","F","F","F","F","F","F","F","kerrj101","","","F","F","F","F","F","","","","",0,0,0,0,0,0,0,0,0,50,"BAL","NYA","BAL",0,"F","F",8,0,0,29,2,"T","F",1,5,"T","T","jackr001","pinil001","F","F",4,1,48,0,0,0,0,0,0,"dempr001","","",0,0,0,0,0,0,0,0,0,0,0,0,0,"roeng001","F","F","F","F",0,0,0,0,0,0,0,0,0,0,F,F,"1978BAL.EVA.regular.event.csv",590
"BAL197804240","NYA",6,0,1,0,0,"",8,0,"jackr001","?","jackr001","?","kerrj101","?","kerrj101","?","dempr001","murre001","dauer001","decid001","belam101","roeng001","bumba001","lopec101","munst101","","randw001","3","F","F",9,4,2,"T","T",0,"F","F",1,"F","F",0,"F","F",3,"F","F","F","",0,0,"N",0,"N",0,"N",0,1,0,3,"3","","","","F","F","F","F","F","F","F","F","F","kerrj101","","kerrj101","F","F","F","F","F","","","","",0,3,0,0,0,0,0,0,0,51,"BAL","NYA","BAL",0,"F","F",8,0,0,30,3,"T","F",5,5,"T","T","pinil001","johnc001","F","F",2,3,50,0,0,0,4,1,48,"dempr001","","dempr001",0,0,0,0,0,0,0,0,0,0,0,0,0,"murre001","F","F","F","F",0,0,0,0,0,0,0,0,0,0,F,F,"1978BAL.EVA.regular.event.csv",591
"BAL197804240","NYA",6,0,2,0,0,"",8,0,"pinil001","?","pinil001","?","kerrj101","?","kerrj101","?","dempr001","murre001","dauer001","decid001","belam101","roeng001","bumba001","lopec101","munst101","","randw001","8","F","F",7,5,2,"T","T",0,"F","F",1,"F","F",0,"F","F",8,"F","F","F","",0,0,"N",0,"N",0,"N",0,1,0,3,"8","","","","F","F","F","F","F","F","F","F","F","kerrj101","","kerrj101","F","F","F","F","F","","","","",0,8,0,0,0,0,0,0,0,52,"BAL","NYA","BAL",0,"F","T",8,0,0,31,4,"T","F",5,5,"T","T","johnc001","chamc001","F","F",2,3,50,0,0,0,4,1,48,"dempr001","","dempr001",0,0,0,0,0,0,0,0,0,0,0,0,0,"bumba001","F","F","F","F",0,0,0,0,0,0,0,0,0,0,F,F,"1978BAL.EVA.regular.event.csv",592
"BAL197804240","NYA",6,1,0,0,0,"",8,0,"belam101","?","belam101","?","guidr001","?","guidr001","?","munst101","chamc001","randw001","nettg001","dentb001","pinil001","rivem001","jackr001","","","","D7","T","F",6,2,21,"T","T",2,"F","F",0,"F","F",0,"F","F",7,"","F","F","",0,0,"N",0,"N",0,"N",2,0,0,0,"","","","","F","F","F","F","F","F","F","F","F","","","","F","F","F","F","F","","","","",0,0,0,0,0,0,0,0,0,53,"BAL","BAL","NYA",1,"T","F",0,8,0,19,0,"T","F",0,2,"T","T","roeng001","murre001","T","T",0,0,0,0,0,0,0,0,0,"","","",0,0,0,0,0,0,0,0,0,0,0,0,0,"pinil001","F","F","F","F",0,0,0,0,0,0,0,0,0,0,F,F,"1978BAL.EVA.regular.event.csv",593
"BAL197804240","NYA",6,1,0,0,0,"",8,0,"roeng001","?","roeng001","?","guidr001","?","guidr001","?","munst101","chamc001","randw001","nettg001","dentb001","pinil001","rivem001","jackr001","","belam101","","8","F","F",7,3,2,"T","T",0,"F","F",1,"F","F",0,"F","F",8,"F","F","F","",0,0,"N",0,"N",0,"N",0,0,2,0,"8","","","","F","F","F","F","F","F","F","F","F","","guidr001","","F","F","F","F","F","","","","",0,8,0,0,0,0,0,0,0,54,"BAL","BAL","NYA",1,"F","F",0,8,0,20,1,"T","F",2,2,"T","T","murre001","may-l101","T","T",0,0,0,6,2,53,0,0,0,"","munst101","",0,0,0,0,0,0,0,0,0,0,0,0,0,"rivem001","F","F","F","F",0,0,0,0,0,0,0,0,0,0,F,F,"1978BAL.EVA.regular.event.csv",594
"BAL197804240","NYA",6,1,1,0,0,"",8,0,"murre001","?","murre001","?","guidr001","?","guidr001","?","munst101","chamc001","randw001","nettg001","dentb001","pinil001","rivem001","jackr001","","belam101","","K","F","F",3,4,3,"T","T",0,"F","F",1,"F","F",0,"F","F",0,"","F","F","",0,0,"N",0,"N",0,"N",0,0,2,0,"2","","","","F","F","F","F","F","F","F","F","F","","guidr001","","F","F","F","F","F","","","","",0,2,0,0,0,0,0,0,0,55,"BAL","BAL","NYA",1,"F","F",0,8,0,21,2,"T","F",2,2,"T","T","may-l101","decid001","T","T",0,0,0,6,2,53,0,0,0,"","munst101","",0,0,0,0,0,0,0,0,0,0,0,0,0,"","F","F","F","F",0,0,0,0,0,0,0,0,0,0,F,F,"1978BAL.EVA.regular.event.csv",595
"BAL197804240","NYA",6,1,2,0,0,"",8,0,"may-l101","?","may-l101","?","guidr001","?","guidr001","?","munst101","chamc001","randw001","nettg001","dentb001","pinil001","rivem001","jackr001","","belam101","","63","F","F",10,5,2,"T","T",0,"F","F",1,"F","F",0,"F","F",6,"G","F","F","",0,0,"N",0,"N",0,"N",0,0,2,0,"63","","","","F","F","F","F","F","F","F","F","F","","guidr001","","F","F","F","F","F","","","","",0,3,0,0,6,0,0,0,0,56,"BAL","BAL","NYA",1,"F","T",0,8,0,22,3,"T","F",2,2,"T","T","decid001","lopec101","T","T",0,0,0,6,2,53,0,0,0,"","munst101","",0,0,0,0,0,0,0,0,0,0,0,0,0,"dentb001","F","F","F","F",0,0,0,0,0,0,0,0,0,0,F,F,"1978BAL.EVA.regular.event.csv",596
"BAL197804240","NYA",7,0,0,0,0,"",8,0,"johnc001","?","johnc001","?","kerrj101","?","kerrj101","?","dempr001","murre001","dauer001","decid001","belam101","roeng001","bumba001","lopec101","","","","63","T","F",10,6,2,"T","T",0,"F","F",1,"F","F",0,"F","F",6,"G","F","F","",0,0,"N",0,"N",0,"N",0,0,0,0,"63","","","","F","F","F","F","F","F","F","F","F","","","","F","F","F","F","F","","","","",0,3,0,0,6,0,0,0,0,57,"BAL","NYA","BAL",0,"T","F",8,0,0,32,0,"T","F",0,0,"T","T","chamc001","nettg001","F","F",0,0,0,0,0,0,0,0,0,"","","",0,0,0,0,0,0,0,0,0,0,0,0,0,"belam101","F","F","F","F",0,0,0,0,0,0,0,0,0,0,F,F,"1978BAL.EVA.regular.event.csv",597
"BAL197804240","NYA",7,0,1,0,0,"",8,0,"chamc001","?","chamc001","?","kerrj101","?","kerrj101","?","dempr001","murre001","dauer001","decid001","belam101","roeng001","bumba001","lopec101","","","","63","F","F",3,7,2,"T","T",0,"F","F",1,"F","F",0,"F","F",6,"G","F","F","",0,0,"N",0,"N",0,"N",0,0,0,0,"63","","","","F","F","F","F","F","F","F","F","F","","","","F","F","F","F","F","","","","",0,3,0,0,6,0,0,0,0,58,"BAL","NYA","BAL",0,"F","F",8,0,0,33,1,"T","F",0,0,"T","T","nettg001","dentb001","F","F",0,0,0,0,0,0,0,0,0,"","","",0,0,0,0,0,0,0,0,0,0,0,0,0,"belam101","F","F","F","F",0,0,0,0,0,0,0,0,0,0,F,F,"1978BAL.EVA.regular.event.csv",598
"BAL197804240","NYA",7,0,2,0,0,"",8,0,"nettg001","?","nettg001","?","kerrj101","?","kerrj101","?","dempr001","murre001","dauer001","decid001","belam101","roeng001","bumba001","lopec101","","","","W","F","F",5,8,14,"T","F",0,"F","F",0,"F","F",0,"F","F",0,"","F","F","",0,0,"N",0,"N",0,"N",1,0,0,0,"","","","","F","F","F","F","F","F","F","F","F","","","","F","F","F","F","F","","","","",0,0,0,0,0,0,0,0,0,59,"BAL","NYA","BAL",0,"F","F",8,0,0,34,2,"T","F",0,1,"T","T","dentb001","randw001","F","F",0,0,0,0,0,0,0,0,0,"","","",0,0,0,0,0,0,0,0,0,0,0,0,0,"","F","F","F","F",0,0,0,0,0,0,0,0,0,0,F,F,"1978BAL.EVA.regular.event.csv",599
"BAL197804240","NYA",7,0,2,0,0,"",8,0,"dentb001","?","dentb001","?","kerrj101","?","kerrj101","?","dempr001","murre001","dauer001","decid001","belam101","roeng001","bumba001","lopec101","nettg001","","","E5.1-2","F","F",6,9,18,"T","T",0,"F","F",0,"F","F",0,"F","F",5,"G","F","F","",1,5,"F",0,"N",0,"N",1,2,0,0,"","","","","F","F","F","F","F","F","F","F","F","kerrj101","","","F","F","F","F","F","","","","",0,0,0,0,0,0,0,0,0,60,"BAL","NYA","BAL",0,"F","F",8,0,0,35,3,"T","F",1,3,"T","T","randw001","rivem001","F","F",5,8,59,0,0,0,0,0,0,"dempr001","","",0,0,0,0,0,0,0,0,0,0,0,0,0,"decid001","F","F","F","T",0,0,0,0,0,0,0,0,0,0,F,F,"1978BAL.EVA.regular.event.csv",600
"BAL197804240","NYA",7,0,2,0,0,"",8,0,"randw001","?","randw001","?","kerrj101","?","kerrj101","?","dempr001","murre001","dauer001","decid001","belam101","roeng001","bumba001","lopec101","dentb001","nettg001","","W.2-3;1-2","F","F",4,1,14,"T","F",0,"F","F",0,"F","F",0,"F","F",0,"","F","F","",0,0,"N",0,"N",0,"N",1,2,3,0,"","","","","F","F","F","F","F","F","F","F","F","kerrj101","kerrj101","","F","F","F","F","F","","","","",0,0,0,0,0,0,0,0,0,61,"BAL","NYA","BAL",0,"F","F",8,0,0,36,4,"T","F",3,7,"T","T","rivem001","munst101","F","F",6,9,60,5,8,59,0,0,0,"dempr001","dempr001","",0,0,0,0,0,0,0,0,0,0,0,0,0,"","F","F","F","F",0,0,0,0,0,0,0,0,0,0,F,F,"1978BAL.EVA.regular.event.csv",601
"BAL197804240","NYA",7,0,2,0,0,"",8,0,"rivem001","?","rivem001","?","kerrj101","?","kerrj101","?","dempr001","murre001","dauer001","decid001","belam101","roeng001","bumba001","lopec101","randw001","dentb001","nettg001","8","F","F",8,2,2,"T","T",0,"F","F",1,"F","F",0,"F","F",8,"F","F","F","",0,0,"N",0,"N",0,"N",0,1,2,3,"8","","","","F","F","F","F","F","F","F","F","F","kerrj101","kerrj101","kerrj101","F","F","F","F","F","","","","",0,8,0,0,0,0,0,0,0,62,"BAL","NYA","BAL",0,"F","T",8,0,0,37,5,"T","F",7,7,"T","T","munst101","jackr001","F","F",4,1,61,6,9,60,5,8,59,"dempr001","dempr001","dempr001",0,0,0,0,0,0,0,0,0,0,0,0,0,"bumba001","F","F","F","F",0,0,0,0,0,0,0,0,0,0,F,F,"1978BAL.EVA.regular.event.csv",602
"BAL197804240","NYA",7,1,0,0,0,"",8,0,"decid001","?","decid001","?","guidr001","?","guidr001","?","munst101","chamc001","randw001","nettg001","dentb001","pinil001","rivem001","jackr001","","","","D7","T","F",5,6,21,"T","T",2,"F","F",0,"F","F",0,"F","F",7,"","F","F","",0,0,"N",0,"N",0,"N",2,0,0,0,"","","","","F","F","F","F","F","F","F","F","F","","","","F","F","F","F","F","","","","",0,0,0,0,0,0,0,0,0,63,"BAL","BAL","NYA",1,"T","F",0,8,0,23,0,"T","F",0,2,"T","T","lopec101","dempr001","T","T",0,0,0,0,0,0,0,0,0,"","","",0,0,0,0,0,0,0,0,0,0,0,0,0,"pinil001","F","F","F","F",5,0,0,0,1,0,0,0,0,0,F,F,"1978BAL.EVA.regular.event.csv",603
"BAL197804240","NYA",7,1,0,0,0,"",8,0,"lopec101","?","lopec101","?","guidr001","?","guidr001","?","munst101","chamc001","randw001","nettg001","dentb001","pinil001","rivem001","jackr001","","decid001","","PB.2-3","F","F",9,7,10,"F","F",0,"F","F",0,"F","F",0,"F","T",0,"","F","F","",0,0,"N",0,"N",0,"N",0,0,3,0,"","","","","F","F","F","F","F","F","F","F","F","","guidr001","","F","F","F","F","F","","","","",0,0,0,0,0,0,0,0,0,64,"BAL","BAL","NYA",1,"F","F",0,8,0,24,1,"T","F",2,4,"T","T","dempr001","dauer001","T","T",0,0,0,5,6,63,0,0,0,"","munst101","",0,0,0,0,0,0,0,0,0,0,0,0,0,"","F","F","F","F",0,0,5,0,1,0,0,0,0,0,F,F,"1978BAL.EVA.regular.event.csv",604
"BAL197804240","NYA",7,1,0,0,0,"",8,0,"lopec101","?","lopec101","?","guidr001","?","guidr001","?","munst101","chamc001","randw001","nettg001","dentb001","pinil001","rivem001","jackr001","","","decid001","K","F","F",9,7,3,"T","T",0,"F","F",1,"F","F",0,"F","F",0,"","F","F","",0,0,"N",0,"N",0,"N",0,0,0,3,"2","","","","F","F","F","F","F","F","F","F","F","","","guidr001","F","F","F","F","F","","","","",0,2,0,0,0,0,0,0,0,65,"BAL","BAL","NYA",1,"F","F",0,8,0,24,1,"F","F",4,4,"T","T","dempr001","dauer001","T","T",0,0,0,0,0,0,5,6,63,"","","munst101",0,0,0,0,0,0,0,0,0,0,0,0,0,"","F","F","F","F",0,0,0,5,1,0,0,0,0,0,F,F,"1978BAL.EVA.regular.event.csv",605
"BAL197804240","NYA",7,1,1,0,0,"",8,0,"dempr001","?","dempr001","?","guidr001","?","guidr001","?","munst101","chamc001","randw001","nettg001","dentb001","pinil001","rivem001","jackr001","","","decid001","W","F","F",2,8,14,"T","F",0,"F","F",0,"F","F",0,"F","F",0,"","F","F","",0,0,"N",0,"N",0,"N",1,0,0,3,"","","","","F","F","F","F","F","F","F","F","F","","","guidr001","F","F","F","F","F","","","","",0,0,0,0,0,0,0,0,0,66,"BAL","BAL","NYA",1,"F","F",0,8,0,25,2,"T","F",4,5,"T","T","dauer001","bumba001","T","T",0,0,0,0,0,0,5,6,63,"","","munst101",0,0,0,0,0,0,0,0,0,0,0,0,0,"","F","F","F","F",0,0,0,5,1,0,0,0,0,0,F,F,"1978BAL.EVA.regular.event.csv",606
"BAL197804240","NYA",7,1,1,0,0,"",8,0,"dauer001","?","dauer001","?","guidr001","?","guidr001","?","munst101","chamc001","randw001","nettg001","dentb001","pinil001","rivem001","jackr001","dempr001","","decid001","7/SF.3-H(UR)","F","F",4,9,2,"T","F",0,"F","T",1,"F","F",1,"F","F",7,"F","F","F","",0,0,"N",0,"N",0,"N",0,1,0,5,"7","","","","F","F","F","F","F","F","F","F","F","guidr001","","guidr001","F","F","F","F","F","","","","",0,7,0,0,0,0,0,0,0,67,"BAL","BAL","NYA",1,"F","F",0,8,0,26,3,"T","F",5,1,"T","T","bumba001","belam101","T","T",2,8,66,0,0,0,5,6,63,"munst101","","munst101",0,0,0,0,0,0,0,0,0,0,0,0,1,"pinil001","F","F","F","F",0,0,0,5,0,0,0,0,0,0,F,F,"1978BAL.EVA.regular.event.csv",607
"BAL197804240","NYA",7,1,2,0,0,"",8,1,"bumba001","?","bumba001","?","guidr001","?","guidr001","?","munst101","chamc001","randw001","nettg001","dentb001","pinil001","rivem001","jackr001","dempr001","","","13","F","F",8,1,2,"T","T",0,"F","F",1,"F","F",0,"F","F",1,"G","F","F","",0,0,"N",0,"N",0,"N",0,1,0,0,"13","","","","F","F","F","F","F","F","F","F","F","guidr001","","","F","F","F","F","F","","","","",0,3,0,0,1,0,0,0,0,68,"BAL","BAL","NYA",1,"F","T",1,8,1,27,4,"T","F",1,1,"T","T","belam101","roeng001","T","T",2,8,66,0,0,0,0,0,0,"munst101","","",0,0,0,0,0,0,0,0,0,0,0,0,0,"guidr001","F","F","F","F",0,0,0,0,0,0,0,0,0,0,F,F,"1978BAL.EVA.regular.event.csv",608
"BAL197804240","NYA",8,0,0,0,0,"",8,1,"munst101","?","munst101","?","kerrj101","?","kerrj101","?","dempr001","murre001","dauer001","decid001","belam101","roeng001","bumba001","lopec101","","","","53","T","F",2,3,2,"T","T",0,"F","F",1,"F","F",0,"F","F",5,"G","F","F","",0,0,"N",0,"N",0,"N",0,0,0,0,"53","","","","F","F","F","F","F","F","F","F","F","","","","F","F","F","F","F","","","","",0,3,0,0,5,0,0,0,0,69,"BAL","NYA","BAL",0,"T","F",8,1,0,38,0,"T","F",0,0,"T","T","jackr001","pinil001","F","F",0,0,0,0,0,0,0,0,0,"","","",0,0,0,0,0,0,0,0,0,0,0,0,0,"decid001","F","F","F","F",0,0,0,0,0,0,0,0,0,0,F,F,"1978BAL.EVA.regular.event.csv",609
"BAL197804240","NYA",8,0,1,0,0,"",8,1,"jackr001","?","jackr001","?","kerrj101","?","kerrj101","?","dempr001","murre001","dauer001","decid001","belam101","roeng001","bumba001","lopec101","","","","63","F","F",9,4,2,"T","T",0,"F","F",1,"F","F",0,"F","F",6,"G","F","F","",0,0,"N",0,"N",0,"N",0,0,0,0,"63","","","","F","F","F","F","F","F","F","F","F","","","","F","F","F","F","F","","","","",0,3,0,0,6,0,0,0,0,70,"BAL","NYA","BAL",0,"F","F",8,1,0,39,1,"T","F",0,0,"T","T","pinil001","johnc001","F","F",0,0,0,0,0,0,0,0,0,"","","",0,0,0,0,0,0,0,0,0,0,0,0,0,"belam101","F","F","F","F",0,0,0,0,0,0,0,0,0,0,F,F,"1978BAL.EVA.regular.event.csv",610
"BAL197804240","NYA",8,0,2,0,0,"",8,1,"pinil001","?","pinil001","?","kerrj101","?","kerrj101","?","dempr001","murre001","dauer001","decid001","belam101","roeng001","bumba001","lopec101","","","","S7","F","F",7,5,20,"T","T",1,"F","F",0,"F","F",0,"F","F",7,"","F","F","",0,0,"N",0,"N",0,"N",1,0,0,0,"","","","","F","F","F","F","F","F","F","F","F","","","","F","F","F","F","F","","","","",0,0,0,0,0,0,0,0,0,71,"BAL","NYA","BAL",0,"F","F",8,1,0,40,2,"T","F",0,1,"T","T","johnc001","chamc001","F","F",0,0,0,0,0,0,0,0,0,"","","",0,0,0,0,0,0,0,0,0,0,0,0,0,"roeng001","F","F","F","F",2,0,0,0,0,0,0,0,0,0,F,F,"1978BAL.EVA.regular.event.csv",611
"BAL197804240","NYA",8,0,2,0,0,"",8,1,"johnc001","?","johnc001","?","kerrj101","?","kerrj101","?","dempr001","murre001","dauer001","decid001","belam101","roeng001","bumba001","lopec101","pinil001","","","E5.1-2","F","F",10,6,18,"T","T",0,"F","F",0,"F","F",0,"F","F",5,"G","F","F","",1,5,"F",0,"N",0,"N",1,2,0,0,"","","","","F","F","F","F","F","F","F","F","F","kerrj101","","","F","F","F","F","F","","","","",0,0,0,0,0,0,0,0,0,72,"BAL","NYA","BAL",0,"F","F",8,1,0,41,3,"T","F",1,3,"T","T","chamc001","nettg001","F","F",7,5,71,0,0,0,0,0,0,"dempr001","","",0,0,0,0,0,0,0,0,0,0,0,0,0,"decid001","F","F","F","T",1,2,0,0,0,0,0,0,0,0,F,F,"1978BAL.EVA.regular.event.csv",612
"BAL197804240","NYA",8,0,2,0,0,"",8,1,"chamc001","?","chamc001","?","kerrj101","?","kerrj101","?","dempr001","murre001","dauer001","decid001","belam101","roeng001","bumba001","lopec101","johnc001","pinil001","","43","F","F",3,7,2,"T","T",0,"F","F",1,"F","F",0,"F","F",4,"G","F","F","",0,0,"N",0,"N",0,"N",0,1,2,0,"43","","","","F","F","F","F","F","F","F","F","F","kerrj101","kerrj101","","F","F","F","F","F","","","","",0,3,0,0,4,0,0,0,0,73,"BAL","NYA","BAL",0,"F","T",8,1,0,42,4,"T","F",3,3,"T","T","nettg001","dentb001","F","F",10,6,72,7,5,71,0,0,0,"dempr001","dempr001","",0,0,0,0,0,0,0,0,0,0,0,0,0,"dauer001","F","F","F","F",0,1,2,0,0,0,0,0,0,0,F,F,"1978BAL.EVA.regular.event.csv",613
"BAL197804240","NYA",8,1,0,0,0,"",8,1,"belam101","?","belam101","?","gossr001","?","gossr001","?","munst101","chamc001","randw001","nettg001","dentb001","pinil001","rivem001","jackr001","","","","S7","T","F",6,2,20,"T","T",1,"F","F",0,"F","F",0,"F","F",7,"","F","F","",0,0,"N",0,"N",0,"N",1,0,0,0,"","","","","F","F","F","F","F","F","F","F","F","","","","F","F","F","F","F","","","","",0,0,0,0,0,0,0,0,0,74,"BAL","BAL","NYA",1,"T","F",1,8,0,28,0,"T","F",0,1,"T","T","roeng001","murre001","F","F",0,0,0,0,0,0,0,0,0,"","","",0,0,0,0,0,0,0,0,0,0,0,0,0,"pinil001","F","F","F","F",4,0,0,0,1,0,0,0,0,0,F,F,"1978BAL.EVA.regular.event.csv",614
"BAL197804240","NYA",8,1,0,0,0,"",8,1,"harll101","?","harll101","?","gossr001","?","gossr001","?","munst101","chamc001","randw001","nettg001","dentb001","pinil001","rivem001","jackr001","belam101","","","7","F","T",11,3,2,"T","T",0,"F","F",1,"F","F",0,"F","F",7,"F","F","F","",0,0,"N",0,"N",0,"N",0,1,0,0,"7","","","","F","F","F","F","F","F","F","F","F","gossr001","","","F","F","F","F","F","","","","roeng001",7,7,0,0,0,0,0,0,0,75,"BAL","BAL","NYA",1,"F","F",1,8,0,29,1,"T","F",1,1,"F","F","murre001","may-l101","F","F",6,2,74,0,0,0,0,0,0,"munst101","","",0,0,0,0,0,0,0,0,0,0,0,0,0,"pinil001","F","F","F","F",0,4,0,0,1,0,0,0,0,0,F,F,"1978BAL.EVA.regular.event.csv",615
"BAL197804240","NYA",8,1,1,0,0,"",8,1,"murre001","?","murre001","?","gossr001","?","gossr001","?","munst101","chamc001","randw001","nettg001","dentb001","pinil001","rivem001","jackr001","belam101","","","W.1-2","F","F",3,4,14,"T","F",0,"F","F",0,"F","F",0,"F","F",0,"","F","F","",0,0,"N",0,"N",0,"N",1,2,0,0,"","","","","F","F","F","F","F","F","F","F","F","gossr001","","","F","F","F","F","F","","","","",0,0,0,0,0,0,0,0,0,76,"BAL","BAL","NYA",1,"F","F",1,8,0,30,2,"T","F",1,3,"T","T","may-l101","decid001","F","F",6,2,74,0,0,0,0,0,0,"munst101","","",0,0,0,0,0,0,0,0,0,0,0,0,0,"","F","F","F","F",0,4,0,0,1,0,0,0,0,0,F,F,"1978BAL.EVA.regular.event.csv",616
"BAL197804240","NYA",8,1,1,0,0,"",8,1,"may-l101","?","may-l101","?","gossr001","?","gossr001","?","munst101","chamc001","randw001","nettg001","dentb001","pinil001","rivem001","jackr001","murre001","belam101","","64(1)/FO.2-H(E4);B-2","F","F",10,5,2,"T","T",0,"F","F",1,"F","F",0,"F","F",6,"G","F","F","",1,4,"F",0,"N",0,"N",2,0,4,0,"","64","","","F","F","F","F","F","F","F","F","F","gossr001","gossr001","","F","F","F","F","F","","","","",0,4,0,0,6,0,0,0,0,77,"BAL","BAL","NYA",1,"F","F",1,8,0,31,3,"T","F",3,2,"T","T","decid001","lopec101","F","F",3,4,76,6,2,74,0,0,0,"munst101","munst101","",0,0,0,0,0,0,0,0,0,0,0,0,1,"dentb001","T","F","F","F",3,0,4,0,0,0,0,0,0,0,F,F,"1978BAL.EVA.regular.event.csv",617
"BAL197804240","NYA",8,1,2,0,0,"",8,2,"decid001","?","decid001","?","gossr001","?","gossr001","?","munst101","chamc001","randw001","nettg001","dentb001","pinil001","rivem001","jackr001","","may-l101","","HP","F","F",5,6,16,"T","F",0,"F","F",0,"F","F",0,"F","F",0,"","F","F","",0,0,"N",0,"N",0,"N",1,0,2,0,"","","","","F","F","F","F","F","F","F","F","F","","gossr001","","F","F","F","F","F","","","","",0,0,0,0,0,0,0,0,0,78,"BAL","BAL","NYA",1,"F","F",2,8,1,32,4,"T","F",2,3,"T","T","lopec101","dempr001","F","F",0,0,0,10,5,77,0,0,0,"","munst101","",0,0,0,0,0,0,0,0,0,0,0,0,0,"","F","F","F","F",2,0,3,0,0,0,0,0,0,0,F,F,"1978BAL.EVA.regular.event.csv",618
"BAL197804240","NYA",8,1,2,0,0,"",8,2,"singk001","?","singk001","?","gossr001","?","gossr001","?","munst101","chamc001","randw001","nettg001","dentb001","pinil001","rivem001","jackr001","decid001","may-l101","","W.2-3;1-2","F","T",11,7,14,"T","F",0,"F","F",0,"F","F",0,"F","F",0,"","F","F","",0,0,"N",0,"N",0,"N",1,2,3,0,"","","","","F","F","F","F","F","F","F","F","F","gossr001","gossr001","","F","F","F","F","F","","","","lopec101",9,0,0,0,0,0,0,0,0,79,"BAL","BAL","NYA",1,"F","F",2,8,1,33,5,"T","F",3,7,"F","F","dempr001","dauer001","F","F",5,6,78,10,5,77,0,0,0,"munst101","munst101","",0,0,0,0,0,0,0,0,0,0,0,0,0,"","F","F","F","F",1,2,3,0,0,0,0,0,0,0,F,F,"1978BAL.EVA.regular.event.csv",619
"BAL197804240","NYA",8,1,2,0,0,"",8,2,"dempr001","?","dempr001","?","gossr001","?","gossr001","?","munst101","chamc001","randw001","nettg001","dentb001","pinil001","rivem001","jackr001","singk001","decid001","may-l101","9","F","F",2,8,2,"T","T",0,"F","F",1,"F","F",0,"F","F",9,"F","F","F","",0,0,"N",0,"N",0,"N",0,1,2,3,"9","","","","F","F","F","F","F","F","F","F","F","gossr001","gossr001","gossr001","F","F","F","F","F","","","","",0,9,0,0,0,0,0,0,0,80,"BAL","BAL","NYA",1,"F","T",2,8,1,34,6,"T","F",7,7,"T","T","dauer001","bumba001","F","F",0,7,79,5,6,78,10,5,77,"munst101","munst101","munst101",0,0,0,0,0,0,0,0,0,0,0,0,0,"jackr001","F","F","F","F",0,1,2,3,0,0,0,0,0,0,F,F,"1978BAL.EVA.regular.event.csv",620
"BAL197804240","NYA",9,0,0,0,0,"",8,2,"nettg001","?","nettg001","?","kerrj101","?","kerrj101","?","dempr001","murre001","smitb101","dauer001","belam101","bumba001","harll101","singk001","","","","W","T","F",5,8,14,"T","F",0,"F","F",0,"F","F",0,"F","F",0,"","F","F","",0,0,"N",0,"N",0,"N",1,0,0,0,"","","","","F","F","F","F","F","F","F","F","F","","","","F","F","F","F","F","","","","",0,0,0,0,0,0,0,0,0,81,"BAL","NYA","BAL",0,"T","F",8,2,0,43,0,"T","F",0,1,"T","T","dentb001","randw001","F","F",0,0,0,0,0,0,0,0,0,"","","",0,0,0,0,0,0,0,0,0,0,0,0,0,"","F","F","F","F",0,0,0,0,0,0,0,0,0,0,F,F,"1978BAL.EVA.regular.event.csv",621
"BAL197804240","NYA",9,0,0,0,0,"",8,2,"dentb001","?","dentb001","?","kerrj101","?","kerrj101","?","dempr001","murre001","smitb101","dauer001","belam101","bumba001","harll101","singk001","nettg001","","","7","F","F",6,9,2,"T","T",0,"F","F",1,"F","F",0,"F","F",7,"F","F","F","",0,0,"N",0,"N",0,"N",0,1,0,0,"7","","","","F","F","F","F","F","F","F","F","F","kerrj101","","","F","F","F","F","F","","","","",0,7,0,0,0,0,0,0,0,82,"BAL","NYA","BAL",0,"F","F",8,2,0,44,1,"T","F",1,1,"T","T","randw001","rivem001","F","F",5,8,81,0,0,0,0,0,0,"dempr001","","",0,0,0,0,0,0,0,0,0,0,0,0,0,"bumba001","F","F","F","F",0,0,0,0,0,0,0,0,0,0,F,F,"1978BAL.EVA.regular.event.csv",622
"BAL197804240","NYA",9,0,1,0,0,"",8,2,"randw001","?","randw001","?","kerrj101","?","kerrj101","?","dempr001","murre001","smitb101","dauer001","belam101","bumba001","harll101","singk001","nettg001","","","54(1)/FO.B-2(E4)","F","F",4,1,2,"T","T",0,"F","F",1,"F","F",0,"F","F",5,"G","F","F","",1,4,"F",0,"N",0,"N",2,0,0,0,"","54","","","F","F","F","F","F","F","F","F","F","kerrj101","","","F","F","F","F","F","","","","",0,4,0,0,5,0,0,0,0,83,"BAL","NYA","BAL",0,"F","F",8,2,0,45,2,"T","F",1,2,"T","T","rivem001","munst101","F","F",5,8,81,0,0,0,0,0,0,"dempr001","","",0,0,0,0,0,0,0,0,0,0,0,0,0,"dauer001","T","F","F","F",2,0,0,0,0,0,0,0,0,0,F,F,"1978BAL.EVA.regular.event.csv",623
"BAL197804240","NYA",9,0,2,0,0,"",8,2,"rivem001","?","rivem001","?","kerrj101","?","kerrj101","?","dempr001","murre001","smitb101","dauer001","belam101","bumba001","harll101","singk001","","randw001","","43","F","F",8,2,2,"T","T",0,"F","F",1,"F","F",0,"F","F",4,"G","F","F","",0,0,"N",0,"N",0,"N",0,0,2,0,"43","","","","F","F","F","F","F","F","F","F","F","","kerrj101","","F","F","F","F","F","","","","",0,3,0,0,4,0,0,0,0,84,"BAL","NYA","BAL",0,"F","T",8,2,0,46,3,"T","F",2,2,"T","T","munst101","jackr001","F","F",0,0,0,4,1,83,0,0,0,"","dempr001","",0,0,0,0,0,0,0,0,0,0,0,0,0,"smitb101","F","F","F","F",0,0,2,0,0,0,0,0,0,0,F,F,"1978BAL.EVA.regular.event.csv",624
"BAL197804240","NYA",9,1,0,0,0,"",8,2,"kellp101","?","kellp101","?","gossr001","?","gossr001","?","munst101","chamc001","randw001","nettg001","dentb001","pinil001","rivem001","jackr001","","","","E1","T","T",11,9,18,"T","T",0,"F","F",0,"F","F",0,"F","F",1,"G","F","F","",1,1,"F",0,"N",0,"N",1,0,0,0,"","","","","F","F","F","F","F","F","F","F","F","","","","F","F","F","F","F","","","","dauer001",5,0,0,0,0,0,0,0,0,85,"BAL","BAL","NYA",1,"T","F",2,8,0,35,0,"T","F",0,1,"F","F","bumba001","belam101","F","F",0,0,0,0,0,0,0,0,0,"","","",0,0,0,0,0,0,0,0,0,0,0,0,0,"gossr001","F","F","F","T",0,0,0,0,0,0,0,0,0,0,F,F,"1978BAL.EVA.regular.event.csv",625
"BAL197804240","NYA",9,1,0,0,0,"",8,2,"bumba001","?","bumba001","?","gossr001","?","gossr001","?","munst101","chamc001","randw001","nettg001","dentb001","pinil001","rivem001","jackr001","kellp101","","","6(1)3/GDP","F","F",7,1,2,"T","T",0,"F","F",2,"T","F",0,"F","F",6,"G","F","F","",0,0,"N",0,"N",0,"N",0,0,0,0,"63","6","","","F","F","F","F","F","F","F","F","F","gossr001","","","F","F","F","F","F","","","","",0,6,3,0,6,0,0,0,0,86,"BAL","BAL","NYA",1,"F","F",2,8,0,36,1,"T","F",1,0,"T","T","belam101","harll101","F","F",0,9,85,0,0,0,0,0,0,"munst101","","",0,0,0,0,0,0,0,0,0,0,0,0,0,"dentb001","T","F","F","F",0,0,0,0,0,0,0,0,0,0,F,F,"1978BAL.EVA.regular.event.csv",626
"BAL197804240","NYA",9,1,2,0,0,"",8,2,"crowt101","?","crowt101","?","gossr001","?","gossr001","?","munst101","chamc001","randw001","nettg001","dentb001","pinil001","rivem001","jackr001","","","","4","F","T",11,2,2,"T","T",0,"F","F",1,"F","F",0,"F","F",4,"F","F","F","",0,0,"N",0,"N",0,"N",0,0,0,0,"4","","","","F","F","F","F","F","F","F","F","F","","","","F","T","F","F","F","","","","belam101",6,4,0,0,0,0,0,0,0,87,"BAL","BAL","NYA",1,"F","T",2,8,0,37,2,"T","F",0,0,"F","F","harll101","murre001","F","F",0,0,0,0,0,0,0,0,0,"","","",0,0,0,0,0,0,0,0,0,0,0,0,0,"randw001","F","F","F","F",0,0,0,0,0,0,0,0,0,0,F,F,"1978BAL.EVA.regular.event.csv",627
"BAL197804250","NYA",1,0,0,0,0,"",0,0,"randw001","?","randw001","?","palmj001","?","palmj001","?","dempr001","murre001","smitb101","decid001","belam101","bumba001","harll101","singk001","","","","K","T","F",4,1,3,"T","T",0,"F","F",1,"F","F",0,"F","F",0,"","F","F","",0,0,"N",0,"N",0,"N",0,0,0,0,"2","","","","F","F","F","F","F","F","F","F","F","","","","T","F","F","F","F","","","","",0,2,0,0,0,0,0,0,0,1,"BAL","NYA","BAL",0,"T","F",0,0,0,0,0,"T","F",0,0,"T","T","rivem001","munst101","T","T",0,0,0,0,0,0,0,0,0,"","","",0,0,0,0,0,0,0,0,0,0,0,0,0,"","F","F","F","F",0,0,0,0,0,0,0,0,0,0,F,F,"1978BAL.EVA.regular.event.csv",628
"BAL197804250","NYA",1,0,1,0,0,"",0,0,"rivem001","?","rivem001","?","palmj001","?","palmj001","?","dempr001","murre001","smitb101","decid001","belam101","bumba001","harll101","singk001","","","","S8/9","F","F",8,2,20,"T","T",1,"F","F",0,"F","F",0,"F","F",8,"","F","F","9",0,0,"N",0,"N",0,"N",1,0,0,0,"","","","","F","F","F","F","F","F","F","F","F","","","","F","F","F","F","F","","","","",0,0,0,0,0,0,0,0,0,2,"BAL","NYA","BAL",0,"F","F",0,0,0,1,1,"T","F",0,1,"T","T","munst101","jackr001","T","T",0,0,0,0,0,0,0,0,0,"","","",0,0,0,0,0,0,0,0,0,0,0,0,0,"harll101","F","F","F","F",0,0,0,0,0,0,0,0,0,0,F,F,"1978BAL.EVA.regular.event.csv",629
"BAL197804250","NYA",1,0,1,0,0,"",0,0,"munst101","?","munst101","?","palmj001","?","palmj001","?","dempr001","murre001","smitb101","decid001","belam101","bumba001","harll101","singk001","rivem001","","","K","F","F",2,3,3,"T","T",0,"F","F",1,"F","F",0,"F","F",0,"","F","F","",0,0,"N",0,"N",0,"N",0,1,0,0,"2","","","","F","F","F","F","F","F","F","F","F","palmj001","","","F","F","F","F","F","","","","",0,2,0,0,0,0,0,0,0,3,"BAL","NYA","BAL",0,"F","F",0,0,0,2,2,"T","F",1,1,"T","T","jackr001","chamc001","T","T",8,2,2,0,0,0,0,0,0,"dempr001","","",0,0,0,0,0,0,0,0,0,0,0,0,0,"","F","F","F","F",0,0,0,0,0,0,0,0,0,0,F,F,"1978BAL.EVA.regular.event.csv",630
"BAL197804250","NYA",1,0,2,0,0,"",0,0,"jackr001","?","jackr001","?","palmj001","?","palmj001","?","dempr001","murre001","smitb101","decid001","belam101","bumba001","harll101","singk001","rivem001","","","K/C","F","F",9,4,3,"T","T",0,"F","F",1,"F","F",0,"F","F",0,"","F","F","",0,0,"N",0,"N",0,"N",0,1,0,0,"2","","","","F","F","F","F","F","F","F","F","F","palmj001","","","F","F","F","F","F","","","","",0,2,0,0,0,0,0,0,0,4,"BAL","NYA","BAL",0,"F","T",0,0,0,3,3,"T","F",1,1,"T","T","chamc001","nettg001","T","T",8,2,2,0,0,0,0,0,0,"dempr001","","",0,0,0,0,0,0,0,0,0,0,0,0,0,"","F","F","F","F",0,0,0,0,0,0,0,0,0,0,F,F,"1978BAL.EVA.regular.event.csv",631
"BAL197804250","NYA",1,1,0,0,0,"",0,0,"bumba001","?","bumba001","?","beatj001","?","beatj001","?","munst101","chamc001","randw001","nettg001","dentb001","whitr101","rivem001","jackr001","","","","S7","T","F",7,1,20,"T","T",1,"F","F",0,"F","F",0,"F","F",7,"","F","F","",0,0,"N",0,"N",0,"N",1,0,0,0,"","","","","F","F","F","F","F","F","F","F","F","","","","F","F","F","F","F","","","","",0,0,0,0,0,0,0,0,0,5,"BAL","BAL","NYA",1,"T","F",0,0,0,0,0,"T","F",0,1,"T","T","harll101","singk001","T","T",0,0,0,0,0,0,0,0,0,"","","",0,0,0,0,0,0,0,0,0,0,0,0,0,"whitr101","F","F","F","F",4,0,0,0,1,0,0,0,0,0,F,F,"1978BAL.EVA.regular.event.csv",632
"BAL197804250","NYA",1,1,0,0,0,"",0,0,"harll101","?","harll101","?","beatj001","?","beatj001","?","munst101","chamc001","randw001","nettg001","dentb001","whitr101","rivem001","jackr001","bumba001","","","8","F","F",8,2,2,"T","T",0,"F","F",1,"F","F",0,"F","F",8,"F","F","F","",0,0,"N",0,"N",0,"N",0,1,0,0,"8","","","","F","F","F","F","F","F","F","F","F","beatj001","","","F","F","F","F","F","","","","",0,8,0,0,0,0,0,0,0,6,"BAL","BAL","NYA",1,"F","F",0,0,0,1,1,"T","F",1,1,"T","T","singk001","murre001","T","T",7,1,5,0,0,0,0,0,0,"munst101","","",0,0,0,0,0,0,0,0,0,0,0,0,0,"rivem001","F","F","F","F",0,4,0,0,1,0,0,0,0,0,F,F,"1978BAL.EVA.regular.event.csv",633
"BAL197804250","NYA",1,1,1,0,0,"",0,0,"singk001","?","singk001","?","beatj001","?","beatj001","?","munst101","chamc001","randw001","nettg001","dentb001","whitr101","rivem001","jackr001","bumba001","","","D.1-H","F","F",9,3,21,"T","T",2,"F","F",0,"F","F",1,"F","F",0,"","F","F","",0,0,"N",0,"N",0,"N",2,4,0,0,"","","","","F","F","F","F","F","F","F","F","F","beatj001","","","F","F","F","F","F","","","","",0,0,0,0,0,0,0,0,0,7,"BAL","BAL","NYA",1,"F","F",0,0,0,2,2,"T","F",1,2,"T","T","murre001","may-l101","T","T",7,1,5,0,0,0,0,0,0,"munst101","","",0,0,0,0,0,0,0,0,0,0,0,0,1,"","F","F","F","F",0,4,0,0,0,0,0,0,0,0,F,F,"1978BAL.EVA.regular.event.csv",634
"BAL197804250","NYA",1,1,1,0,0,"",0,1,"murre001","?","murre001","?","beatj001","?","beatj001","?","munst101","chamc001","randw001","nettg001","dentb001","whitr101","rivem001","jackr001","","singk001","","3/G","F","F",3,4,2,"T","T",0,"F","F",1,"F","F",0,"F","F",3,"G","F","F","",0,0,"N",0,"N",0,"N",0,0,2,0,"3","","","","F","F","F","F","F","F","F","F","F","","beatj001","","F","F","F","F","F","","","","",0,3,0,0,0,0,0,0,0,8,"BAL","BAL","NYA",1,"F","F",1,0,1,3,3,"T","F",2,2,"T","T","may-l101","decid001","T","T",0,0,0,9,3,7,0,0,0,"","munst101","",0,0,0,0,0,0,0,0,0,0,0,0,0,"chamc001","F","F","F","F",0,0,0,0,0,0,0,0,0,0,F,F,"1978BAL.EVA.regular.event.csv",635
"BAL197804250","NYA",1,1,2,0,0,"",0,1,"may-l101","?","may-l101","?","beatj001","?","beatj001","?","munst101","chamc001","randw001","nettg001","dentb001","whitr101","rivem001","jackr001","","singk001","","K","F","F",10,5,3,"T","T",0,"F","F",1,"F","F",0,"F","F",0,"","F","F","",0,0,"N",0,"N",0,"N",0,0,2,0,"2","","","","F","F","F","F","F","F","F","F","F","","beatj001","","F","F","F","F","F","","","","",0,2,0,0,0,0,0,0,0,9,"BAL","BAL","NYA",1,"F","T",1,0,1,4,4,"T","F",2,2,"T","T","decid001","smitb101","T","T",0,0,0,9,3,7,0,0,0,"","munst101","",0,0,0,0,0,0,0,0,0,0,0,0,0,"","F","F","F","F",0,0,0,0,0,0,0,0,0,0,F,F,"1978BAL.EVA.regular.event.csv",636
"BAL197804250","NYA",2,0,0,0,0,"",0,1,"chamc001","?","chamc001","?","palmj001","?","palmj001","?","dempr001","murre001","smitb101","decid001","belam101","bumba001","harll101","singk001","","","","43","T","F",3,5,2,"T","T",0,"F","F",1,"F","F",0,"F","F",4,"G","F","F","",0,0,"N",0,"N",0,"N",0,0,0,0,"43","","","","F","F","F","F","F","F","F","F","F","","","","F","F","F","F","F","","","","",0,3,0,0,4,0,0,0,0,10,"BAL","NYA","BAL",0,"T","F",0,1,0,4,0,"T","F",0,0,"T","T","nettg001","whitr101","T","T",0,0,0,0,0,0,0,0,0,"","","",0,0,0,0,0,0,0,0,0,0,0,0,0,"smitb101","F","F","F","F",0,0,0,0,0,0,0,0,0,0,F,F,"1978BAL.EVA.regular.event.csv",637
"BAL197804250","NYA",2,0,1,0,0,"",0,1,"nettg001","?","nettg001","?","palmj001","?","palmj001","?","dempr001","murre001","smitb101","decid001","belam101","bumba001","harll101","singk001","","","","W","F","F",5,6,14,"T","F",0,"F","F",0,"F","F",0,"F","F",0,"","F","F","",0,0,"N",0,"N",0,"N",1,0,0,0,"","","","","F","F","F","F","F","F","F","F","F","","","","F","F","F","F","F","","","","",0,0,0,0,0,0,0,0,0,11,"BAL","NYA","BAL",0,"F","F",0,1,0,5,1,"T","F",0,1,"T","T","whitr101","spenj101","T","T",0,0,0,0,0,0,0,0,0,"","","",0,0,0,0,0,0,0,0,0,0,0,0,0,"","F","F","F","F",0,0,0,0,0,0,0,0,0,0,F,F,"1978BAL.EVA.regular.event.csv",638
"BAL197804250","NYA",2,0,1,0,0,"",0,1,"whitr101","?","whitr101","?","palmj001","?","palmj001","?","dempr001","murre001","smitb101","decid001","belam101","bumba001","harll101","singk001","nettg001","","","8","F","F",7,7,2,"T","T",0,"F","F",1,"F","F",0,"F","F",8,"F","F","F","",0,0,"N",0,"N",0,"N",0,1,0,0,"8","","","","F","F","F","F","F","F","F","F","F","palmj001","","","F","F","F","F","F","","","","",0,8,0,0,0,0,0,0,0,12,"BAL","NYA","BAL",0,"F","F",0,1,0,6,2,"T","F",1,1,"T","T","spenj101","dentb001","T","T",5,6,11,0,0,0,0,0,0,"dempr001","","",0,0,0,0,0,0,0,0,0,0,0,0,0,"harll101","F","F","F","F",0,0,0,0,0,0,0,0,0,0,F,F,"1978BAL.EVA.regular.event.csv",639
"BAL197804250","NYA",2,0,2,0,0,"",0,1,"spenj101","?","spenj101","?","palmj001","?","palmj001","?","dempr001","murre001","smitb101","decid001","belam101","bumba001","harll101","singk001","nettg001","","","S9.1-3","F","F",10,8,20,"T","T",1,"F","F",0,"F","F",0,"F","F",9,"","F","F","",0,0,"N",0,"N",0,"N",1,3,0,0,"","","","","F","F","F","F","F","F","F","F","F","palmj001","","","F","F","F","F","F","","","","",0,0,0,0,0,0,0,0,0,13,"BAL","NYA","BAL",0,"F","F",0,1,0,7,3,"T","F",1,5,"T","T","dentb001","randw001","T","T",5,6,11,0,0,0,0,0,0,"dempr001","","",0,0,0,0,0,0,0,0,0,0,0,0,0,"singk001","F","F","F","F",0,0,0,0,0,0,0,0,0,0,F,F,"1978BAL.EVA.regular.event.csv",640
"BAL197804250","NYA",2,0,2,0,0,"",0,1,"dentb001","?","dentb001","?","palmj001","?","palmj001","?","dempr001","murre001","smitb101","decid001","belam101","bumba001","harll101","singk001","spenj101","","nettg001","13","F","F",6,9,2,"T","T",0,"F","F",1,"F","F",0,"F","F",1,"G","F","F","",0,0,"N",0,"N",0,"N",0,1,0,3,"13","","","","F","F","F","F","F","F","F","F","F","palmj001","","palmj001","F","F","F","F","F","","","","",0,3,0,0,1,0,0,0,0,14,"BAL","NYA","BAL",0,"F","T",0,1,0,8,4,"T","F",5,5,"T","T","randw001","rivem001","T","T",10,8,13,0,0,0,5,6,11,"dempr001","","dempr001",0,0,0,0,0,0,0,0,0,0,0,0,0,"palmj001","F","F","F","F",0,0,0,0,0,0,0,0,0,0,F,F,"1978BAL.EVA.regular.event.csv",641
"BAL197804250","NYA",2,1,0,0,0,"",0,1,"decid001","?","decid001","?","beatj001","?","beatj001","?","munst101","chamc001","randw001","nettg001","dentb001","whitr101","rivem001","jackr001","","","","K/C","T","F",5,6,3,"T","T",0,"F","F",1,"F","F",0,"F","F",0,"","F","F","",0,0,"N",0,"N",0,"N",0,0,0,0,"2","","","","F","F","F","F","F","F","F","F","F","","","","F","F","F","F","F","","","","",0,2,0,0,0,0,0,0,0,15,"BAL","BAL","NYA",1,"T","F",1,0,0,5,0,"T","F",0,0,"T","T","smitb101","dempr001","T","T",0,0,0,0,0,0,0,0,0,"","","",0,0,0,0,0,0,0,0,0,0,0,0,0,"","F","F","F","F",0,0,0,0,0,0,0,0,0,0,F,F,"1978BAL.EVA.regular.event.csv",642
"BAL197804250","NYA",2,1,1,0,0,"",0,1,"smitb101","?","smitb101","?","beatj001","?","beatj001","?","munst101","chamc001","randw001","nettg001","dentb001","whitr101","rivem001","jackr001","","","","63","F","F",4,7,2,"T","T",0,"F","F",1,"F","F",0,"F","F",6,"G","F","F","",0,0,"N",0,"N",0,"N",0,0,0,0,"63","","","","F","F","F","F","F","F","F","F","F","","","","F","F","F","F","F","","","","",0,3,0,0,6,0,0,0,0,16,"BAL","BAL","NYA",1,"F","F",1,0,0,6,1,"T","F",0,0,"T","T","dempr001","belam101","T","T",0,0,0,0,0,0,0,0,0,"","","",0,0,0,0,0,0,0,0,0,0,0,0,0,"dentb001","F","F","F","F",0,0,0,0,0,0,0,0,0,0,F,F,"1978BAL.EVA.regular.event.csv",643
"BAL197804250","NYA",2,1,2,0,0,"",0,1,"dempr001","?","dempr001","?","beatj001","?","beatj001","?","munst101","chamc001","randw001","nettg001","dentb001","whitr101","rivem001","jackr001","","","","8","F","F",2,8,2,"T","T",0,"F","F",1,"F","F",0,"F","F",8,"F","F","F","",0,0,"N",0,"N",0,"N",0,0,0,0,"8","","","","F","F","F","F","F","F","F","F","F","","","","F","F","F","F","F","","","","",0,8,0,0,0,0,0,0,0,17,"BAL","BAL","NYA",1,"F","T",1,0,0,7,2,"T","F",0,0,"T","T","belam101","bumba001","T","T",0,0,0,0,0,0,0,0,0,"","","",0,0,0,0,0,0,0,0,0,0,0,0,0,"rivem001","F","F","F","F",0,0,0,0,0,0,0,0,0,0,F,F,"1978BAL.EVA.regular.event.csv",644
"BAL197804250","NYA",3,0,0,0,0,"",0,1,"randw001","?","randw001","?","palmj001","?","palmj001","?","dempr001","murre001","smitb101","decid001","belam101","bumba001","harll101","singk001","","","","K23","T","F",4,1,3,"T","T",0,"F","F",1,"F","F",0,"F","F",0,"","F","F","",0,0,"N",0,"N",0,"N",0,0,0,0,"23","","","","F","F","F","F","F","F","F","F","F","","","","F","F","F","F","F","","","","",0,3,0,0,2,0,0,0,0,18,"BAL","NYA","BAL",0,"T","F",0,1,0,9,0,"T","F",0,0,"T","T","rivem001","munst101","T","T",0,0,0,0,0,0,0,0,0,"","","",0,0,0,0,0,0,0,0,0,0,0,0,0,"","F","F","F","F",0,0,0,0,0,0,0,0,0,0,F,F,"1978BAL.EVA.regular.event.csv",645
"BAL197804250","NYA",3,0,1,0,0,"",0,1,"rivem001","?","rivem001","?","palmj001","?","palmj001","?","dempr001","murre001","smitb101","decid001","belam101","bumba001","harll101","singk001","","","","7","F","F",8,2,2,"T","T",0,"F","F",1,"F","F",0,"F","F",7,"F","F","F","",0,0,"N",0,"N",0,"N",0,0,0,0,"7","","","","F","F","F","F","F","F","F","F","F","","","","F","F","F","F","F","","","","",0,7,0,0,0,0,0,0,0,19,"BAL","NYA","BAL",0,"F","F",0,1,0,10,1,"T","F",0,0,"T","T","munst101","jackr001","T","T",0,0,0,0,0,0,0,0,0,"","","",0,0,0,0,0,0,0,0,0,0,0,0,0,"bumba001","F","F","F","F",0,0,0,0,0,0,0,0,0,0,F,F,"1978BAL.EVA.regular.event.csv",646
"BAL197804250","NYA",3,0,2,0,0,"",0,1,"munst101","?","munst101","?","palmj001","?","palmj001","?","dempr001","murre001","smitb101","decid001","belam101","bumba001","harll101","singk001","","","","S7.BX2(74)","F","F",2,3,20,"T","T",1,"F","F",1,"F","F",0,"F","F",7,"","F","F","",0,0,"N",0,"N",0,"N",0,0,0,0,"74","","","","F","F","F","F","F","F","F","F","F","","","","F","F","F","F","F","","","","",0,4,0,0,7,0,0,0,0,20,"BAL","NYA","BAL",0,"F","T",0,1,0,11,2,"T","F",0,0,"T","T","jackr001","chamc001","T","T",0,0,0,0,0,0,0,0,0,"","","",0,0,0,0,0,0,0,0,0,0,0,0,0,"bumba001","F","F","F","F",0,0,0,0,0,0,0,0,0,0,F,F,"1978BAL.EVA.regular.event.csv",647
"BAL197804250","NYA",3,1,0,0,0,"",0,1,"belam101","?","belam101","?","beatj001","?","beatj001","?","munst101","chamc001","randw001","nettg001","dentb001","whitr101","rivem001","jackr001","","","","K","T","F",6,9,3,"T","T",0,"F","F",1,"F","F",0,"F","F",0,"","F","F","",0,0,"N",0,"N",0,"N",0,0,0,0,"2","","","","F","F","F","F","F","F","F","F","F","","","","F","F","F","F","F","","","","",0,2,0,0,0,0,0,0,0,21,"BAL","BAL","NYA",1,"T","F",1,0,0,8,0,"T","F",0,0,"T","T","bumba001","harll101","T","T",0,0,0,0,0,0,0,0,0,"","","",0,0,0,0,0,0,0,0,0,0,0,0,0,"","F","F","F","F",0,0,0,0,0,0,0,0,0,0,F,F,"1978BAL.EVA.regular.event.csv",648
"BAL197804250","NYA",3,1,1,0,0,"",0,1,"bumba001","?","bumba001","?","beatj001","?","beatj001","?","munst101","chamc001","randw001","nettg001","dentb001","whitr101","rivem001","jackr001","","","","43","F","F",7,1,2,"T","T",0,"F","F",1,"F","F",0,"F","F",4,"G","F","F","",0,0,"N",0,"N",0,"N",0,0,0,0,"43","","","","F","F","F","F","F","F","F","F","F","","","","F","F","F","F","F","","","","",0,3,0,0,4,0,0,0,0,22,"BAL","BAL","NYA",1,"F","F",1,0,0,9,1,"T","F",0,0,"T","T","harll101","singk001","T","T",0,0,0,0,0,0,0,0,0,"","","",0,0,0,0,0,0,0,0,0,0,0,0,0,"randw001","F","F","F","F",0,0,0,0,0,0,0,0,0,0,F,F,"1978BAL.EVA.regular.event.csv",649
"BAL197804250","NYA",3,1,2,0,0,"",0,1,"harll101","?","harll101","?","beatj001","?","beatj001","?","munst101","chamc001","randw001","nettg001","dentb001","whitr101","rivem001","jackr001","","","","S5/G","F","F",8,2,20,"T","T",1,"F","F",0,"F","F",0,"F","F",5,"G","F","F","",0,0,"N",0,"N",0,"N",1,0,0,0,"","","","","F","F","F","F","F","F","F","F","F","","","","F","F","F","F","F","","","","",0,0,0,0,0,0,0,0,0,23,"BAL","BAL","NYA",1,"F","F",1,0,0,10,2,"T","F",0,1,"T","T","singk001","murre001","T","T",0,0,0,0,0,0,0,0,0,"","","",0,0,0,0,0,0,0,0,0,0,0,0,0,"nettg001","F","F","F","F",0,0,0,0,0,0,0,0,0,0,F,F,"1978BAL.EVA.regular.event.csv",650
"BAL197804250","NYA",3,1,2,0,0,"",0,1,"singk001","?","singk001","?","beatj001","?","beatj001","?","munst101","chamc001","randw001","nettg001","dentb001","whitr101","rivem001","jackr001","harll101","","","SB2","F","F",9,3,4,"F","F",0,"F","F",0,"F","F",0,"F","F",0,"","F","F","",0,0,"N",0,"N",0,"N",0,2,0,0,"","","","","T","F","F","F","F","F","F","F","F","beatj001","","","F","F","F","F","F","","","","",0,0,0,0,0,0,0,0,0,24,"BAL","BAL","NYA",1,"F","F",1,0,0,11,3,"T","F",1,2,"T","T","murre001","may-l101","T","T",8,2,23,0,0,0,0,0,0,"munst101","","",0,0,0,0,0,0,0,0,0,0,0,0,0,"","F","F","F","F",0,0,0,0,0,0,0,0,0,0,F,F,"1978BAL.EVA.regular.event.csv",651
"BAL197804250","NYA",3,1,2,0,0,"",0,1,"singk001","?","singk001","?","beatj001","?","beatj001","?","munst101","chamc001","randw001","nettg001","dentb001","whitr101","rivem001","jackr001","","harll101","","W","F","F",9,3,14,"T","F",0,"F","F",0,"F","F",0,"F","F",0,"","F","F","",0,0,"N",0,"N",0,"N",1,0,2,0,"","","","","F","F","F","F","F","F","F","F","F","","beatj001","","F","F","F","F","F","","","","",0,0,0,0,0,0,0,0,0,25,"BAL","BAL","NYA",1,"F","F",1,0,0,11,3,"F","F",2,3,"T","T","murre001","may-l101","T","T",0,0,0,8,2,23,0,0,0,"","munst101","",0,0,0,0,0,0,0,0,0,0,0,0,0,"","F","F","F","F",0,0,0,0,0,0,0,0,0,0,F,F,"1978BAL.EVA.regular.event.csv",652
"BAL197804250","NYA",3,1,2,0,0,"",0,1,"murre001","?","murre001","?","beatj001","?","beatj001","?","munst101","chamc001","randw001","nettg001","dentb001","whitr101","rivem001","jackr001","singk001","harll101","","43","F","F",3,4,2,"T","T",0,"F","F",1,"F","F",0,"F","F",4,"G","F","F","",0,0,"N",0,"N",0,"N",0,1,2,0,"43","","","","F","F","F","F","F","F","F","F","F","beatj001","beatj001","","F","F","F","F","F","","","","",0,3,0,0,4,0,0,0,0,26,"BAL","BAL","NYA",1,"F","T",1,0,0,12,4,"T","F",3,3,"T","T","may-l101","decid001","T","T",9,3,25,8,2,23,0,0,0,"munst101","munst101","",0,0,0,0,0,0,0,0,0,0,0,0,0,"randw001","F","F","F","F",0,0,0,0,0,0,0,0,0,0,F,F,"1978BAL.EVA.regular.event.csv",653
"BAL197804250","NYA",4,0,0,0,0,"",0,1,"jackr001","?","jackr001","?","palmj001","?","palmj001","?","dempr001","murre001","smitb101","decid001","belam101","bumba001","harll101","singk001","","","","8","T","F",9,4,2,"T","T",0,"F","F",1,"F","F",0,"F","F",8,"F","F","F","",0,0,"N",0,"N",0,"N",0,0,0,0,"8","","","","F","F","F","F","F","F","F","F","F","","","","F","F","F","F","F","","","","",0,8,0,0,0,0,0,0,0,27,"BAL","NYA","BAL",0,"T","F",0,1,0,12,0,"T","F",0,0,"T","T","chamc001","nettg001","T","T",0,0,0,0,0,0,0,0,0,"","","",0,0,0,0,0,0,0,0,0,0,0,0,0,"harll101","F","F","F","F",0,0,0,0,1,0,0,0,0,0,F,F,"1978BAL.EVA.regular.event.csv",654
"BAL197804250","NYA",4,0,1,0,0,"",0,1,"chamc001","?","chamc001","?","palmj001","?","palmj001","?","dempr001","murre001","smitb101","decid001","belam101","bumba001","harll101","singk001","","","","S7","F","F",3,5,20,"T","T",1,"F","F",0,"F","F",0,"F","F",7,"","F","F","",0,0,"N",0,"N",0,"N",1,0,0,0,"","","","","F","F","F","F","F","F","F","F","F","","","","F","F","F","F","F","","","","",0,0,0,0,0,0,0,0,0,28,"BAL","NYA","BAL",0,"F","F",0,1,0,13,1,"T","F",0,1,"T","T","nettg001","whitr101","T","T",0,0,0,0,0,0,0,0,0,"","","",0,0,0,0,0,0,0,0,0,0,0,0,0,"bumba001","F","F","F","F",4,0,0,0,1,0,0,0,0,0,F,F,"1978BAL.EVA.regular.event.csv",655
"BAL197804250","NYA",4,0,1,0,0,"",0,1,"nettg001","?","nettg001","?","palmj001","?","palmj001","?","dempr001","murre001","smitb101","decid001","belam101","bumba001","harll101","singk001","chamc001","","","SB2","F","F",5,6,4,"F","F",0,"F","F",0,"F","F",0,"F","F",0,"","F","F","",0,0,"N",0,"N",0,"N",0,2,0,0,"","","","","T","F","F","F","F","F","F","F","F","palmj001","","","F","F","F","F","F","","","","",0,0,0,0,0,0,0,0,0,29,"BAL","NYA","BAL",0,"F","F",0,1,0,14,2,"T","F",1,2,"T","T","whitr101","spenj101","T","T",3,5,28,0,0,0,0,0,0,"dempr001","","",0,0,0,0,0,0,0,0,0,0,0,0,0,"","F","F","F","F",0,4,0,0,1,0,0,0,0,0,F,F,"1978BAL.EVA.regular.event.csv",656
"BAL197804250","NYA",4,0,1,0,0,"",0,1,"nettg001","?","nettg001","?","palmj001","?","palmj001","?","dempr001","murre001","smitb101","decid001","belam101","bumba001","harll101","singk001","","chamc001","","S9.2-H","F","F",5,6,20,"T","T",1,"F","F",0,"F","F",1,"F","F",9,"","F","F","",0,0,"N",0,"N",0,"N",1,0,4,0,"","","","","F","F","F","F","F","F","F","F","F","","palmj001","","F","F","F","F","F","","","","",0,0,0,0,0,0,0,0,0,30,"BAL","NYA","BAL",0,"F","F",0,1,0,14,2,"F","F",2,1,"T","T","whitr101","spenj101","T","T",0,0,0,3,5,28,0,0,0,"","dempr001","",0,0,0,0,0,0,0,0,0,0,0,0,1,"singk001","F","F","F","F",0,0,4,0,0,0,0,0,0,0,F,F,"1978BAL.EVA.regular.event.csv",657
"BAL197804250","NYA",4,0,1,0,0,"",1,1,"whitr101","?","whitr101","?","palmj001","?","palmj001","?","dempr001","murre001","smitb101","decid001","belam101","bumba001","harll101","singk001","nettg001","","","9","F","F",7,7,2,"T","T",0,"F","F",1,"F","F",0,"F","F",9,"F","F","F","",0,0,"N",0,"N",0,"N",0,1,0,0,"9","","","","F","F","F","F","F","F","F","F","F","palmj001","","","F","F","F","F","F","","","","",0,9,0,0,0,0,0,0,0,31,"BAL","NYA","BAL",0,"F","F",1,1,1,15,3,"T","F",1,1,"T","T","spenj101","dentb001","T","T",5,6,30,0,0,0,0,0,0,"dempr001","","",0,0,0,0,0,0,0,0,0,0,0,0,0,"singk001","F","F","F","F",0,0,0,0,0,0,0,0,0,0,F,F,"1978BAL.EVA.regular.event.csv",658
"BAL197804250","NYA",4,0,2,0,0,"",1,1,"spenj101","?","spenj101","?","palmj001","?","palmj001","?","dempr001","murre001","smitb101","decid001","belam101","bumba001","harll101","singk001","nettg001","","","3/G","F","F",10,8,2,"T","T",0,"F","F",1,"F","F",0,"F","F",3,"G","F","F","",0,0,"N",0,"N",0,"N",0,1,0,0,"3","","","","F","F","F","F","F","F","F","F","F","palmj001","","","F","F","F","F","F","","","","",0,3,0,0,0,0,0,0,0,32,"BAL","NYA","BAL",0,"F","T",1,1,1,16,4,"T","F",1,1,"T","T","dentb001","randw001","T","T",5,6,30,0,0,0,0,0,0,"dempr001","","",0,0,0,0,0,0,0,0,0,0,0,0,0,"murre001","F","F","F","F",0,0,0,0,0,0,0,0,0,0,F,F,"1978BAL.EVA.regular.event.csv",659
"BAL197804250","NYA",4,1,0,0,0,"",1,1,"may-l101","?","may-l101","?","beatj001","?","beatj001","?","munst101","chamc001","randw001","nettg001","dentb001","whitr101","rivem001","jackr001","","","","53","T","F",10,5,2,"T","T",0,"F","F",1,"F","F",0,"F","F",5,"G","F","F","",0,0,"N",0,"N",0,"N",0,0,0,0,"53","","","","F","F","F","F","F","F","F","F","F","","","","F","F","F","F","F","","","","",0,3,0,0,5,0,0,0,0,33,"BAL","BAL","NYA",1,"T","F",1,1,0,13,0,"T","F",0,0,"T","T","decid001","smitb101","T","T",0,0,0,0,0,0,0,0,0,"","","",0,0,0,0,0,0,0,0,0,0,0,0,0,"nettg001","F","F","F","F",0,0,0,0,0,0,0,0,0,0,F,F,"1978BAL.EVA.regular.event.csv",660
"BAL197804250","NYA",4,1,1,0,0,"",1,1,"decid001","?","decid001","?","beatj001","?","beatj001","?","munst101","chamc001","randw001","nettg001","dentb001","whitr101","rivem001","jackr001","","","","W","F","F",5,6,14,"T","F",0,"F","F",0,"F","F",0,"F","F",0,"","F","F","",0,0,"N",0,"N",0,"N",1,0,0,0,"","","","","F","F","F","F","F","F","F","F","F","","","","F","F","F","F","F","","","","",0,0,0,0,0,0,0,0,0,34,"BAL","BAL","NYA",1,"F","F",1,1,0,14,1,"T","F",0,1,"T","T","smitb101","dempr001","T","T",0,0,0,0,0,0,0,0,0,"","","",0,0,0,0,0,0,0,0,0,0,0,0,0,"","F","F","F","F",0,0,0,0,0,0,0,0,0,0,F,F,"1978BAL.EVA.regular.event.csv",661
"BAL197804250","NYA",4,1,1,0,0,"",1,1,"smitb101","?","smitb101","?","beatj001","?","beatj001","?","munst101","chamc001","randw001","nettg001","dentb001","whitr101","rivem001","jackr001","decid001","","","CS2(26)","F","F",4,7,6,"F","F",0,"F","F",1,"F","F",0,"F","F",0,"","F","F","",0,0,"N",0,"N",0,"N",0,0,0,0,"","26","","","F","F","F","T","F","F","F","F","F","beatj001","","","F","F","F","F","F","","","","",0,6,0,0,2,0,0,0,0,35,"BAL","BAL","NYA",1,"F","F",1,1,0,15,2,"T","F",1,0,"T","T","dempr001","belam101","T","T",5,6,34,0,0,0,0,0,0,"munst101","","",0,0,0,0,0,0,0,0,0,0,0,0,0,"","F","F","F","F",0,0,0,0,0,0,0,0,0,0,F,F,"1978BAL.EVA.regular.event.csv",662
"BAL197804250","NYA",4,1,2,0,0,"",1,1,"smitb101","?","smitb101","?","beatj001","?","beatj001","?","munst101","chamc001","randw001","nettg001","dentb001","whitr101","rivem001","jackr001","","","","9/L","F","F",4,7,2,"T","T",0,"F","F",1,"F","F",0,"F","F",9,"L","F","F","",0,0,"N",0,"N",0,"N",0,0,0,0,"9","","","","F","F","F","F","F","F","F","F","F","","","","F","F","F","F","F","","","","",0,9,0,0,0,0,0,0,0,36,"BAL","BAL","NYA",1,"F","T",1,1,0,15,2,"F","F",0,0,"T","T","dempr001","belam101","T","T",0,0,0,0,0,0,0,0,0,"","","",0,0,0,0,0,0,0,0,0,0,0,0,0,"jackr001","F","F","F","F",0,0,0,0,0,0,0,0,0,0,F,F,"1978BAL.EVA.regular.event.csv",663
"BAL197804250","NYA",5,0,0,0,0,"",1,1,"dentb001","?","dentb001","?","palmj001","?","palmj001","?","dempr001","murre001","smitb101","decid001","belam101","bumba001","harll101","singk001","","","","7","T","F",6,9,2,"T","T",0,"F","F",1,"F","F",0,"F","F",7,"F","F","F","",0,0,"N",0,"N",0,"N",0,0,0,0,"7","","","","F","F","F","F","F","F","F","F","F","","","","F","F","F","F","F","","","","",0,7,0,0,0,0,0,0,0,37,"BAL","NYA","BAL",0,"T","F",1,1,0,17,0,"T","F",0,0,"T","T","randw001","rivem001","T","T",0,0,0,0,0,0,0,0,0,"","","",0,0,0,0,0,0,0,0,0,0,0,0,0,"bumba001","F","F","F","F",0,0,0,0,2,0,0,0,0,0,F,F,"1978BAL.EVA.regular.event.csv",664
"BAL197804250","NYA",5,0,1,0,0,"",1,1,"randw001","?","randw001","?","palmj001","?","palmj001","?","dempr001","murre001","smitb101","decid001","belam101","bumba001","harll101","singk001","","","","E5","F","F",4,1,18,"T","T",0,"F","F",0,"F","F",0,"F","F",5,"G","F","F","",1,5,"F",0,"N",0,"N",1,0,0,0,"","","","","F","F","F","F","F","F","F","F","F","","","","F","F","F","F","F","","","","",0,0,0,0,0,0,0,0,0,38,"BAL","NYA","BAL",0,"F","F",1,1,0,18,1,"T","F",0,1,"T","T","rivem001","munst101","T","T",0,0,0,0,0,0,0,0,0,"","","",0,0,0,0,0,0,0,0,0,0,0,0,0,"decid001","F","F","F","T",5,0,0,0,2,0,0,0,0,0,F,F,"1978BAL.EVA.regular.event.csv",665
"BAL197804250","NYA",5,0,1,0,0,"",1,1,"rivem001","?","rivem001","?","palmj001","?","palmj001","?","dempr001","murre001","smitb101","decid001","belam101","bumba001","harll101","singk001","randw001","","","D9.1-H(UR)","F","F",8,2,21,"T","T",2,"F","F",0,"F","F",1,"F","F",9,"","F","F","",0,0,"N",0,"N",0,"N",2,5,0,0,"","","","","F","F","F","F","F","F","F","F","F","palmj001","","","F","F","F","F","F","","","","",0,0,0,0,0,0,0,0,0,39,"BAL","NYA","BAL",0,"F","F",1,1,0,19,2,"T","F",1,2,"T","T","munst101","jackr001","T","T",4,1,38,0,0,0,0,0,0,"dempr001","","",0,0,0,0,0,0,0,0,0,0,0,0,1,"singk001","F","F","F","F",5,5,0,0,1,0,0,0,0,0,F,F,"1978BAL.EVA.regular.event.csv",666
"BAL197804250","NYA",5,0,1,0,0,"",2,1,"munst101","?","munst101","?","palmj001","?","palmj001","?","dempr001","murre001","smitb101","decid001","belam101","bumba001","harll101","singk001","","rivem001","","53","F","F",2,3,2,"T","T",0,"F","F",1,"F","F",0,"F","F",5,"G","F","F","",0,0,"N",0,"N",0,"N",0,0,2,0,"53","","","","F","F","F","F","F","F","F","F","F","","palmj001","","F","F","F","F","F","","","","",0,3,0,0,5,0,0,0,0,40,"BAL","NYA","BAL",0,"F","F",2,1,1,20,3,"T","F",2,2,"T","T","jackr001","chamc001","T","T",0,0,0,8,2,39,0,0,0,"","dempr001","",0,0,0,0,0,0,0,0,0,0,0,0,0,"decid001","F","F","F","F",0,0,5,0,1,0,0,0,0,0,F,F,"1978BAL.EVA.regular.event.csv",667
"BAL197804250","NYA",5,0,2,0,0,"",2,1,"jackr001","?","jackr001","?","palmj001","?","palmj001","?","dempr001","murre001","smitb101","decid001","belam101","bumba001","harll101","singk001","","rivem001","","S4.2-3","F","F",9,4,20,"T","T",1,"F","F",0,"F","F",0,"F","F",4,"","F","F","",0,0,"N",0,"N",0,"N",1,0,3,0,"","","","","F","F","F","F","F","F","F","F","F","","palmj001","","F","F","F","F","F","","","","",0,0,0,0,0,0,0,0,0,41,"BAL","NYA","BAL",0,"F","F",2,1,1,21,4,"T","F",2,5,"T","T","chamc001","nettg001","T","T",0,0,0,8,2,39,0,0,0,"","dempr001","",0,0,0,0,0,0,0,0,0,0,0,0,0,"smitb101","F","F","F","F",0,0,5,0,1,0,0,0,0,0,F,F,"1978BAL.EVA.regular.event.csv",668
"BAL197804250","NYA",5,0,2,0,0,"",2,1,"chamc001","?","chamc001","?","palmj001","?","palmj001","?","dempr001","murre001","smitb101","decid001","belam101","bumba001","harll101","singk001","jackr001","","rivem001","S7.3-H(UR);1-3","F","F",3,5,20,"T","T",1,"F","F",0,"F","F",1,"F","F",7,"","F","F","",0,0,"N",0,"N",0,"N",1,3,0,5,"","","","","F","F","F","F","F","F","F","F","F","palmj001","","palmj001","F","F","F","F","F","","","","",0,0,0,0,0,0,0,0,0,42,"BAL","NYA","BAL",0,"F","F",2,1,1,22,5,"T","F",5,5,"T","T","nettg001","whitr101","T","T",9,4,41,0,0,0,8,2,39,"dempr001","","dempr001",0,0,0,0,0,0,0,0,0,0,0,0,1,"bumba001","F","F","F","F",0,0,0,5,0,0,0,0,0,0,F,F,"1978BAL.EVA.regular.event.csv",669
"BAL197804250","NYA",5,0,2,0,0,"",3,1,"nettg001","?","nettg001","?","palmj001","?","palmj001","?","dempr001","murre001","smitb101","decid001","belam101","bumba001","harll101","singk001","chamc001","","jackr001","8","F","F",5,6,2,"T","T",0,"F","F",1,"F","F",0,"F","F",8,"F","F","F","",0,0,"N",0,"N",0,"N",0,1,0,3,"8","","","","F","F","F","F","F","F","F","F","F","palmj001","","palmj001","F","F","F","F","F","","","","",0,8,0,0,0,0,0,0,0,43,"BAL","NYA","BAL",0,"F","T",3,1,2,23,6,"T","F",5,5,"T","T","whitr101","spenj101","T","T",3,5,42,0,0,0,9,4,41,"dempr001","","dempr001",0,0,0,0,0,0,0,0,0,0,0,0,0,"harll101","F","F","F","F",0,0,0,0,0,0,0,0,0,0,F,F,"1978BAL.EVA.regular.event.csv",670
"BAL197804250","NYA",5,1,0,0,0,"",3,1,"dempr001","?","dempr001","?","beatj001","?","beatj001","?","munst101","chamc001","randw001","nettg001","dentb001","whitr101","rivem001","jackr001","","","","3/L","T","F",2,8,2,"T","T",0,"F","F",1,"F","F",0,"F","F",3,"L","F","F","",0,0,"N",0,"N",0,"N",0,0,0,0,"3","","","","F","F","F","F","F","F","F","F","F","","","","F","F","F","F","F","","","","",0,3,0,0,0,0,0,0,0,44,"BAL","BAL","NYA",1,"T","F",1,3,0,16,0,"T","F",0,0,"T","T","belam101","bumba001","T","T",0,0,0,0,0,0,0,0,0,"","","",0,0,0,0,0,0,0,0,0,0,0,0,0,"chamc001","F","F","F","F",0,0,0,0,0,0,0,0,0,0,F,F,"1978BAL.EVA.regular.event.csv",671
"BAL197804250","NYA",5,1,1,0,0,"",3,1,"belam101","?","belam101","?","beatj001","?","beatj001","?","munst101","chamc001","randw001","nettg001","dentb001","whitr101","rivem001","jackr001","","","","53","F","F",6,9,2,"T","T",0,"F","F",1,"F","F",0,"F","F",5,"G","F","F","",0,0,"N",0,"N",0,"N",0,0,0,0,"53","","","","F","F","F","F","F","F","F","F","F","","","","F","F","F","F","F","","","","",0,3,0,0,5,0,0,0,0,45,"BAL","BAL","NYA",1,"F","F",1,3,0,17,1,"T","F",0,0,"T","T","bumba001","harll101","T","T",0,0,0,0,0,0,0,0,0,"","","",0,0,0,0,0,0,0,0,0,0,0,0,0,"nettg001","F","F","F","F",0,0,0,0,0,0,0,0,0,0,F,F,"1978BAL.EVA.regular.event.csv",672
"BAL197804250","NYA",5,1,2,0,0,"",3,1,"bumba001","?","bumba001","?","beatj001","?","beatj001","?","munst101","chamc001","randw001","nettg001","dentb001","whitr101","rivem001","jackr001","","","","13","F","F",7,1,2,"T","T",0,"F","F",1,"F","F",0,"F","F",1,"G","F","F","",0,0,"N",0,"N",0,"N",0,0,0,0,"13","","","","F","F","F","F","F","F","F","F","F","","","","F","F","F","F","F","","","","",0,3,0,0,1,0,0,0,0,46,"BAL","BAL","NYA",1,"F","T",1,3,0,18,2,"T","F",0,0,"T","T","harll101","singk001","T","T",0,0,0,0,0,0,0,0,0,"","","",0,0,0,0,0,0,0,0,0,0,0,0,0,"beatj001","F","F","F","F",0,0,0,0,0,0,0,0,0,0,F,F,"1978BAL.EVA.regular.event.csv",673
"BAL197804250","NYA",6,0,0,0,0,"",3,1,"whitr101","?","whitr101","?","palmj001","?","palmj001","?","dempr001","murre001","smitb101","decid001","belam101","bumba001","harll101","singk001","","","","31","T","F",7,7,2,"T","T",0,"F","F",1,"F","F",0,"F","F",3,"G","F","F","",0,0,"N",0,"N",0,"N",0,0,0,0,"31","","","","F","F","F","F","F","F","F","F","F","","","","F","F","F","F","F","","","","",0,1,0,0,3,0,0,0,0,47,"BAL","NYA","BAL",0,"T","F",3,1,0,24,0,"T","F",0,0,"T","T","spenj101","dentb001","T","T",0,0,0,0,0,0,0,0,0,"","","",0,0,0,0,0,0,0,0,0,0,0,0,0,"murre001","F","F","F","F",0,0,0,0,0,0,0,0,0,0,F,F,"1978BAL.EVA.regular.event.csv",674
"BAL197804250","NYA",6,0,1,0,0,"",3,1,"spenj101","?","spenj101","?","palmj001","?","palmj001","?","dempr001","murre001","smitb101","decid001","belam101","bumba001","harll101","singk001","","","","43","F","F",10,8,2,"T","T",0,"F","F",1,"F","F",0,"F","F",4,"G","F","F","",0,0,"N",0,"N",0,"N",0,0,0,0,"43","","","","F","F","F","F","F","F","F","F","F","","","","F","F","F","F","F","","","","",0,3,0,0,4,0,0,0,0,48,"BAL","NYA","BAL",0,"F","F",3,1,0,25,1,"T","F",0,0,"T","T","dentb001","randw001","T","T",0,0,0,0,0,0,0,0,0,"","","",0,0,0,0,0,0,0,0,0,0,0,0,0,"smitb101","F","F","F","F",0,0,0,0,0,0,0,0,0,0,F,F,"1978BAL.EVA.regular.event.csv",675
"BAL197804250","NYA",6,0,2,0,0,"",3,1,"dentb001","?","dentb001","?","palmj001","?","palmj001","?","dempr001","murre001","smitb101","decid001","belam101","bumba001","harll101","singk001","","","","S7","F","F",6,9,20,"T","T",1,"F","F",0,"F","F",0,"F","F",7,"","F","F","",0,0,"N",0,"N",0,"N",1,0,0,0,"","","","","F","F","F","F","F","F","F","F","F","","","","F","F","F","F","F","","","","",0,0,0,0,0,0,0,0,0,49,"BAL","NYA","BAL",0,"F","F",3,1,0,26,2,"T","F",0,1,"T","T","randw001","rivem001","T","T",0,0,0,0,0,0,0,0,0,"","","",0,0,0,0,0,0,0,0,0,0,0,0,0,"bumba001","F","F","F","F",0,0,0,0,0,0,0,0,0,0,F,F,"1978BAL.EVA.regular.event.csv",676
"BAL197804250","NYA",6,0,2,0,0,"",3,1,"randw001","?","randw001","?","palmj001","?","palmj001","?","dempr001","murre001","smitb101","decid001","belam101","bumba001","harll101","singk001","dentb001","","","13","F","F",4,1,2,"T","T",0,"F","F",1,"F","F",0,"F","F",1,"G","F","F","",0,0,"N",0,"N",0,"N",0,1,0,0,"13","","","","F","F","F","F","F","F","F","F","F","palmj001","","","F","F","F","F","F","","","","",0,3,0,0,1,0,0,0,0,50,"BAL","NYA","BAL",0,"F","T",3,1,0,27,3,"T","F",1,1,"T","T","rivem001","munst101","T","T",6,9,49,0,0,0,0,0,0,"dempr001","","",0,0,0,0,0,0,0,0,0,0,0,0,0,"palmj001","F","F","F","F",0,0,0,0,0,0,0,0,0,0,F,F,"1978BAL.EVA.regular.event.csv",677
"BAL197804250","NYA",6,1,0,0,0,"",3,1,"harll101","?","harll101","?","beatj001","?","beatj001","?","munst101","chamc001","randw001","nettg001","dentb001","whitr101","rivem001","jackr001","","","","2/G","T","F",8,2,2,"T","T",0,"F","F",1,"F","F",0,"F","F",2,"G","F","F","",0,0,"N",0,"N",0,"N",0,0,0,0,"2","","","","F","F","F","F","F","F","F","F","F","","","","F","F","F","F","F","","","","",0,2,0,0,0,0,0,0,0,51,"BAL","BAL","NYA",1,"T","F",1,3,0,19,0,"T","F",0,0,"T","T","singk001","murre001","T","T",0,0,0,0,0,0,0,0,0,"","","",0,0,0,0,0,0,0,0,0,0,0,0,0,"munst101","F","F","F","F",0,0,0,0,0,0,0,0,0,0,F,F,"1978BAL.EVA.regular.event.csv",678
"BAL197804250","NYA",6,1,1,0,0,"",3,1,"singk001","?","singk001","?","beatj001","?","beatj001","?","munst101","chamc001","randw001","nettg001","dentb001","whitr101","rivem001","jackr001","","","","43","F","F",9,3,2,"T","T",0,"F","F",1,"F","F",0,"F","F",4,"G","F","F","",0,0,"N",0,"N",0,"N",0,0,0,0,"43","","","","F","F","F","F","F","F","F","F","F","","","","F","F","F","F","F","","","","",0,3,0,0,4,0,0,0,0,52,"BAL","BAL","NYA",1,"F","F",1,3,0,20,1,"T","F",0,0,"T","T","murre001","may-l101","T","T",0,0,0,0,0,0,0,0,0,"","","",0,0,0,0,0,0,0,0,0,0,0,0,0,"randw001","F","F","F","F",0,0,0,0,0,0,0,0,0,0,F,F,"1978BAL.EVA.regular.event.csv",679
"BAL197804250","NYA",6,1,2,0,0,"",3,1,"murre001","?","murre001","?","beatj001","?","beatj001","?","munst101","chamc001","randw001","nettg001","dentb001","whitr101","rivem001","jackr001","","","","W","F","F",3,4,14,"T","F",0,"F","F",0,"F","F",0,"F","F",0,"","F","F","",0,0,"N",0,"N",0,"N",1,0,0,0,"","","","","F","F","F","F","F","F","F","F","F","","","","F","F","F","F","F","","","","",0,0,0,0,0,0,0,0,0,53,"BAL","BAL","NYA",1,"F","F",1,3,0,21,2,"T","F",0,1,"T","T","may-l101","decid001","T","T",0,0,0,0,0,0,0,0,0,"","","",0,0,0,0,0,0,0,0,0,0,0,0,0,"","F","F","F","F",0,0,0,0,0,0,0,0,0,0,F,F,"1978BAL.EVA.regular.event.csv",680
"BAL197804250","NYA",6,1,2,0,0,"",3,1,"may-l101","?","may-l101","?","beatj001","?","beatj001","?","munst101","chamc001","randw001","nettg001","dentb001","whitr101","rivem001","jackr001","murre001","","","43","F","F",10,5,2,"T","T",0,"F","F",1,"F","F",0,"F","F",4,"G","F","F","",0,0,"N",0,"N",0,"N",0,1,0,0,"43","","","","F","F","F","F","F","F","F","F","F","beatj001","","","F","F","F","F","F","","","","",0,3,0,0,4,0,0,0,0,54,"BAL","BAL","NYA",1,"F","T",1,3,0,22,3,"T","F",1,1,"T","T","decid001","smitb101","T","T",3,4,53,0,0,0,0,0,0,"munst101","","",0,0,0,0,0,0,0,0,0,0,0,0,0,"randw001","F","F","F","F",0,0,0,0,0,0,0,0,0,0,F,F,"1978BAL.EVA.regular.event.csv",681
"BAL197804250","NYA",7,0,0,0,0,"",3,1,"rivem001","?","rivem001","?","palmj001","?","palmj001","?","dempr001","murre001","smitb101","decid001","belam101","bumba001","harll101","singk001","","","","63","T","F",8,2,2,"T","T",0,"F","F",1,"F","F",0,"F","F",6,"G","F","F","",0,0,"N",0,"N",0,"N",0,0,0,0,"63","","","","F","F","F","F","F","F","F","F","F","","","","F","F","F","F","F","","","","",0,3,0,0,6,0,0,0,0,55,"BAL","NYA","BAL",0,"T","F",3,1,0,28,0,"T","F",0,0,"T","T","munst101","jackr001","T","T",0,0,0,0,0,0,0,0,0,"","","",0,0,0,0,0,0,0,0,0,0,0,0,0,"belam101","F","F","F","F",0,0,0,0,0,0,0,0,0,0,F,F,"1978BAL.EVA.regular.event.csv",682
"BAL197804250","NYA",7,0,1,0,0,"",3,1,"munst101","?","munst101","?","palmj001","?","palmj001","?","dempr001","murre001","smitb101","decid001","belam101","bumba001","harll101","singk001","","","","53","F","F",2,3,2,"T","T",0,"F","F",1,"F","F",0,"F","F",5,"G","F","F","",0,0,"N",0,"N",0,"N",0,0,0,0,"53","","","","F","F","F","F","F","F","F","F","F","","","","F","F","F","F","F","","","","",0,3,0,0,5,0,0,0,0,56,"BAL","NYA","BAL",0,"F","F",3,1,0,29,1,"T","F",0,0,"T","T","jackr001","chamc001","T","T",0,0,0,0,0,0,0,0,0,"","","",0,0,0,0,0,0,0,0,0,0,0,0,0,"decid001","F","F","F","F",0,0,0,0,0,0,0,0,0,0,F,F,"1978BAL.EVA.regular.event.csv",683
"BAL197804250","NYA",7,0,2,0,0,"",3,1,"jackr001","?","jackr001","?","palmj001","?","palmj001","?","dempr001","murre001","smitb101","decid001","belam101","bumba001","harll101","singk001","","","","43","F","F",9,4,2,"T","T",0,"F","F",1,"F","F",0,"F","F",4,"G","F","F","",0,0,"N",0,"N",0,"N",0,0,0,0,"43","","","","F","F","F","F","F","F","F","F","F","","","","F","F","F","F","F","","","","",0,3,0,0,4,0,0,0,0,57,"BAL","NYA","BAL",0,"F","T",3,1,0,30,2,"T","F",0,0,"T","T","chamc001","nettg001","T","T",0,0,0,0,0,0,0,0,0,"","","",0,0,0,0,0,0,0,0,0,0,0,0,0,"smitb101","F","F","F","F",0,0,0,0,0,0,0,0,0,0,F,F,"1978BAL.EVA.regular.event.csv",684
"BAL197804250","NYA",7,1,0,0,0,"",3,1,"decid001","?","decid001","?","beatj001","?","beatj001","?","munst101","chamc001","randw001","nettg001","dentb001","whitr101","rivem001","jackr001","","","","63","T","F",5,6,2,"T","T",0,"F","F",1,"F","F",0,"F","F",6,"G","F","F","",0,0,"N",0,"N",0,"N",0,0,0,0,"63","","","","F","F","F","F","F","F","F","F","F","","","","F","F","F","F","F","","","","",0,3,0,0,6,0,0,0,0,58,"BAL","BAL","NYA",1,"T","F",1,3,0,23,0,"T","F",0,0,"T","T","smitb101","dempr001","T","T",0,0,0,0,0,0,0,0,0,"","","",0,0,0,0,0,0,0,0,0,0,0,0,0,"dentb001","F","F","F","F",0,0,0,0,0,0,0,0,0,0,F,F,"1978BAL.EVA.regular.event.csv",685
"BAL197804250","NYA",7,1,1,0,0,"",3,1,"smitb101","?","smitb101","?","beatj001","?","beatj001","?","munst101","chamc001","randw001","nettg001","dentb001","whitr101","rivem001","jackr001","","","","S8/9","F","F",4,7,20,"T","T",1,"F","F",0,"F","F",0,"F","F",8,"","F","F","9",0,0,"N",0,"N",0,"N",1,0,0,0,"","","","","F","F","F","F","F","F","F","F","F","","","","F","F","F","F","F","","","","",0,0,0,0,0,0,0,0,0,59,"BAL","BAL","NYA",1,"F","F",1,3,0,24,1,"T","F",0,1,"T","T","dempr001","belam101","T","T",0,0,0,0,0,0,0,0,0,"","","",0,0,0,0,0,0,0,0,0,0,0,0,0,"rivem001","F","F","F","F",2,0,0,0,0,0,0,0,0,0,F,F,"1978BAL.EVA.regular.event.csv",686
"BAL197804250","NYA",7,1,1,0,0,"",3,1,"dempr001","?","dempr001","?","beatj001","?","beatj001","?","munst101","chamc001","randw001","nettg001","dentb001","whitr101","rivem001","jackr001","smitb101","","","S8.1-2","F","F",2,8,20,"T","T",1,"F","F",0,"F","F",0,"F","F",8,"","F","F","",0,0,"N",0,"N",0,"N",1,2,0,0,"","","","","F","F","F","F","F","F","F","F","F","beatj001","","","F","F","F","F","F","","","","",0,0,0,0,0,0,0,0,0,60,"BAL","BAL","NYA",1,"F","F",1,3,0,25,2,"T","F",1,3,"T","T","belam101","bumba001","T","T",4,7,59,0,0,0,0,0,0,"munst101","","",0,0,0,0,0,0,0,0,0,0,0,0,0,"rivem001","F","F","F","F",1,2,0,0,0,0,0,0,0,0,F,F,"1978BAL.EVA.regular.event.csv",687
"BAL197804250","NYA",7,1,1,0,0,"",3,1,"roeng001","?","roeng001","?","lyles101","?","lyles101","?","munst101","chamc001","randw001","nettg001","dentb001","whitr101","rivem001","jackr001","dempr001","smitb101","","7","F","T",11,9,2,"T","T",0,"F","F",1,"F","F",0,"F","F",7,"F","F","F","",0,0,"N",0,"N",0,"N",0,1,2,0,"7","","","","F","F","F","F","F","F","F","F","F","beatj001","beatj001","","F","F","F","F","F","","","","crowt101",11,7,0,0,0,0,0,0,0,61,"BAL","BAL","NYA",1,"F","F",1,3,0,26,3,"T","F",3,3,"F","F","bumba001","harll101","F","F",2,8,60,4,7,59,0,0,0,"munst101","munst101","",0,0,0,0,0,0,0,0,0,0,0,0,0,"whitr101","F","F","F","F",0,1,2,0,0,0,0,0,0,0,F,F,"1978BAL.EVA.regular.event.csv",688
"BAL197804250","NYA",7,1,2,0,0,"",3,1,"bumba001","?","bumba001","?","lyles101","?","lyles101","?","munst101","chamc001","randw001","nettg001","dentb001","whitr101","rivem001","jackr001","dempr001","smitb101","","4/L","F","F",7,1,2,"T","T",0,"F","F",1,"F","F",0,"F","F",4,"L","F","F","",0,0,"N",0,"N",0,"N",0,1,2,0,"4","","","","F","F","F","F","F","F","F","F","F","beatj001","beatj001","","F","F","F","F","F","","","","",0,4,0,0,0,0,0,0,0,62,"BAL","BAL","NYA",1,"F","T",1,3,0,27,4,"T","F",3,3,"T","T","harll101","singk001","F","F",2,8,60,4,7,59,0,0,0,"munst101","munst101","",0,0,0,0,0,0,0,0,0,0,0,0,0,"randw001","F","F","F","F",0,1,2,0,0,0,0,0,0,0,F,F,"1978BAL.EVA.regular.event.csv",689
"BAL197804250","NYA",8,0,0,0,0,"",3,1,"chamc001","?","chamc001","?","palmj001","?","palmj001","?","dempr001","murre001","smitb101","decid001","garck001","bumba001","harll101","singk001","","","","8","T","F",3,5,2,"T","T",0,"F","F",1,"F","F",0,"F","F",8,"F","F","F","",0,0,"N",0,"N",0,"N",0,0,0,0,"8","","","","F","F","F","F","F","F","F","F","F","","","","F","F","F","F","F","","","","",0,8,0,0,0,0,0,0,0,63,"BAL","NYA","BAL",0,"T","F",3,1,0,31,0,"T","F",0,0,"T","T","nettg001","whitr101","T","T",0,0,0,0,0,0,0,0,0,"","","",0,0,0,0,0,0,0,0,0,0,0,0,0,"harll101","F","F","F","F",0,0,0,0,0,0,0,0,0,0,F,F,"1978BAL.EVA.regular.event.csv",690
"BAL197804250","NYA",8,0,1,0,0,"",3,1,"nettg001","?","nettg001","?","palmj001","?","palmj001","?","dempr001","murre001","smitb101","decid001","garck001","bumba001","harll101","singk001","","","","K","F","F",5,6,3,"T","T",0,"F","F",1,"F","F",0,"F","F",0,"","F","F","",0,0,"N",0,"N",0,"N",0,0,0,0,"2","","","","F","F","F","F","F","F","F","F","F","","","","F","F","F","F","F","","","","",0,2,0,0,0,0,0,0,0,64,"BAL","NYA","BAL",0,"F","F",3,1,0,32,1,"T","F",0,0,"T","T","whitr101","spenj101","T","T",0,0,0,0,0,0,0,0,0,"","","",0,0,0,0,0,0,0,0,0,0,0,0,0,"","F","F","F","F",0,0,0,0,0,0,0,0,0,0,F,F,"1978BAL.EVA.regular.event.csv",691
"BAL197804250","NYA",8,0,2,0,0,"",3,1,"whitr101","?","whitr101","?","palmj001","?","palmj001","?","dempr001","murre001","smitb101","decid001","garck001","bumba001","harll101","singk001","","","","31","F","F",7,7,2,"T","T",0,"F","F",1,"F","F",0,"F","F",3,"G","F","F","",0,0,"N",0,"N",0,"N",0,0,0,0,"31","","","","F","F","F","F","F","F","F","F","F","","","","F","F","F","F","F","","","","",0,1,0,0,3,0,0,0,0,65,"BAL","NYA","BAL",0,"F","T",3,1,0,33,2,"T","F",0,0,"T","T","spenj101","dentb001","T","T",0,0,0,0,0,0,0,0,0,"","","",0,0,0,0,0,0,0,0,0,0,0,0,0,"murre001","F","F","F","F",0,0,0,0,0,0,0,0,0,0,F,F,"1978BAL.EVA.regular.event.csv",692
"BAL197804250","NYA",8,1,0,0,0,"",3,1,"harll101","?","harll101","?","lyles101","?","lyles101","?","munst101","chamc001","randw001","nettg001","dentb001","whitr101","rivem001","jackr001","","","","K/C","T","F",8,2,3,"T","T",0,"F","F",1,"F","F",0,"F","F",0,"","F","F","",0,0,"N",0,"N",0,"N",0,0,0,0,"2","","","","F","F","F","F","F","F","F","F","F","","","","F","F","F","F","F","","","","",0,2,0,0,0,0,0,0,0,66,"BAL","BAL","NYA",1,"T","F",1,3,0,28,0,"T","F",0,0,"T","T","singk001","murre001","F","F",0,0,0,0,0,0,0,0,0,"","","",0,0,0,0,0,0,0,0,0,0,0,0,0,"","F","F","F","F",0,0,0,0,0,0,0,0,0,0,F,F,"1978BAL.EVA.regular.event.csv",693
"BAL197804250","NYA",8,1,1,0,0,"",3,1,"singk001","?","singk001","?","lyles101","?","lyles101","?","munst101","chamc001","randw001","nettg001","dentb001","whitr101","rivem001","jackr001","","","","63","F","F",9,3,2,"T","T",0,"F","F",1,"F","F",0,"F","F",6,"G","F","F","",0,0,"N",0,"N",0,"N",0,0,0,0,"63","","","","F","F","F","F","F","F","F","F","F","","","","F","F","F","F","F","","","","",0,3,0,0,6,0,0,0,0,67,"BAL","BAL","NYA",1,"F","F",1,3,0,29,1,"T","F",0,0,"T","T","murre001","may-l101","F","F",0,0,0,0,0,0,0,0,0,"","","",0,0,0,0,0,0,0,0,0,0,0,0,0,"dentb001","F","F","F","F",0,0,0,0,0,0,0,0,0,0,F,F,"1978BAL.EVA.regular.event.csv",694
"BAL197804250","NYA",8,1,2,0,0,"",3,1,"murre001","?","murre001","?","lyles101","?","lyles101","?","munst101","chamc001","randw001","nettg001","dentb001","whitr101","rivem001","jackr001","","","","9","F","F",3,4,2,"T","T",0,"F","F",1,"F","F",0,"F","F",9,"F","F","F","",0,0,"N",0,"N",0,"N",0,0,0,0,"9","","","","F","F","F","F","F","F","F","F","F","","","","F","F","F","F","F","","","","",0,9,0,0,0,0,0,0,0,68,"BAL","BAL","NYA",1,"F","T",1,3,0,30,2,"T","F",0,0,"T","T","may-l101","decid001","F","F",0,0,0,0,0,0,0,0,0,"","","",0,0,0,0,0,0,0,0,0,0,0,0,0,"jackr001","F","F","F","F",0,0,0,0,0,0,0,0,0,0,F,F,"1978BAL.EVA.regular.event.csv",695
"BAL197804250","NYA",9,0,0,0,0,"",3,1,"spenj101","?","spenj101","?","palmj001","?","palmj001","?","dempr001","murre001","smitb101","decid001","garck001","bumba001","harll101","singk001","","","","HR","T","F",10,8,23,"T","T",4,"F","F",0,"F","F",1,"F","F",0,"","F","F","",0,0,"N",0,"N",0,"N",4,0,0,0,"","","","","F","F","F","F","F","F","F","F","F","","","","F","F","F","F","F","","","","",0,0,0,0,0,0,0,0,0,69,"BAL","NYA","BAL",0,"T","F",3,1,0,34,0,"T","F",0,0,"T","T","dentb001","randw001","T","T",0,0,0,0,0,0,0,0,0,"","","",0,0,0,0,0,0,0,0,0,0,0,0,1,"","F","F","F","F",4,0,0,0,0,0,0,0,0,0,F,F,"1978BAL.EVA.regular.event.csv",696
"BAL197804250","NYA",9,0,0,0,0,"",4,1,"dentb001","?","dentb001","?","palmj001","?","palmj001","?","dempr001","murre001","smitb101","decid001","garck001","bumba001","harll101","singk001","","","","S8/9","F","F",6,9,20,"T","T",1,"F","F",0,"F","F",0,"F","F",8,"","F","F","9",0,0,"N",0,"N",0,"N",1,0,0,0,"","","","","F","F","F","F","F","F","F","F","F","","","","F","F","F","F","F","","","","",0,0,0,0,0,0,0,0,0,70,"BAL","NYA","BAL",0,"F","F",4,1,1,35,1,"T","F",0,1,"T","T","randw001","rivem001","T","T",0,0,0,0,0,0,0,0,0,"","","",0,0,0,0,0,0,0,0,0,0,0,0,0,"harll101","F","F","F","F",0,0,0,0,0,0,0,0,0,0,F,F,"1978BAL.EVA.regular.event.csv",697
"BAL197804250","NYA",9,0,0,0,0,"",4,1,"randw001","?","randw001","?","palmj001","?","palmj001","?","dempr001","murre001","smitb101","decid001","garck001","bumba001","harll101","singk001","dentb001","","","9","F","F",4,1,2,"T","T",0,"F","F",1,"F","F",0,"F","F",9,"F","F","F","",0,0,"N",0,"N",0,"N",0,1,0,0,"9","","","","F","F","F","F","F","F","F","F","F","palmj001","","","F","F","F","F","F","","","","",0,9,0,0,0,0,0,0,0,71,"BAL","NYA","BAL",0,"F","F",4,1,1,36,2,"T","F",1,1,"T","T","rivem001","munst101","T","T",6,9,70,0,0,0,0,0,0,"dempr001","","",0,0,0,0,0,0,0,0,0,0,0,0,0,"singk001","F","F","F","F",0,0,0,0,0,0,0,0,0,0,F,F,"1978BAL.EVA.regular.event.csv",698
"BAL197804250","NYA",9,0,1,0,0,"",4,1,"rivem001","?","rivem001","?","palmj001","?","palmj001","?","dempr001","murre001","smitb101","decid001","garck001","bumba001","harll101","singk001","dentb001","","","7","F","F",8,2,2,"T","T",0,"F","F",1,"F","F",0,"F","F",7,"F","F","F","",0,0,"N",0,"N",0,"N",0,1,0,0,"7","","","","F","F","F","F","F","F","F","F","F","palmj001","","","F","F","F","F","F","","","","",0,7,0,0,0,0,0,0,0,72,"BAL","NYA","BAL",0,"F","F",4,1,1,37,3,"T","F",1,1,"T","T","munst101","jackr001","T","T",6,9,70,0,0,0,0,0,0,"dempr001","","",0,0,0,0,0,0,0,0,0,0,0,0,0,"bumba001","F","F","F","F",0,0,0,0,0,0,0,0,0,0,F,F,"1978BAL.EVA.regular.event.csv",699
"BAL197804250","NYA",9,0,2,0,0,"",4,1,"munst101","?","munst101","?","palmj001","?","palmj001","?","dempr001","murre001","smitb101","decid001","garck001","bumba001","harll101","singk001","dentb001","","","8","F","F",2,3,2,"T","T",0,"F","F",1,"F","F",0,"F","F",8,"F","F","F","",0,0,"N",0,"N",0,"N",0,1,0,0,"8","","","","F","F","F","F","F","F","F","F","F","palmj001","","","F","F","F","F","F","","","","",0,8,0,0,0,0,0,0,0,73,"BAL","NYA","BAL",0,"F","T",4,1,1,38,4,"T","F",1,1,"T","T","jackr001","chamc001","T","T",6,9,70,0,0,0,0,0,0,"dempr001","","",0,0,0,0,0,0,0,0,0,0,0,0,0,"harll101","F","F","F","F",0,0,0,0,0,0,0,0,0,0,F,F,"1978BAL.EVA.regular.event.csv",700
"BAL197804250","NYA",9,1,0,0,0,"",4,1,"may-l101","?","may-l101","?","lyles101","?","lyles101","?","munst101","chamc001","randw001","nettg001","dentb001","whitr101","rivem001","jackr001","","","","S8","T","F",10,5,20,"T","T",1,"F","F",0,"F","F",0,"F","F",8,"","F","F","",0,0,"N",0,"N",0,"N",1,0,0,0,"","","","","F","F","F","F","F","F","F","F","F","","","","F","F","F","F","F","","","","",0,0,0,0,0,0,0,0,0,74,"BAL","BAL","NYA",1,"T","F",1,4,0,31,0,"T","F",0,1,"T","T","decid001","smitb101","F","F",0,0,0,0,0,0,0,0,0,"","","",0,0,0,0,0,0,0,0,0,0,0,0,0,"rivem001","F","F","F","F",4,0,0,0,2,0,0,0,0,0,F,F,"1978BAL.EVA.regular.event.csv",701
"BAL197804250","NYA",9,1,0,0,0,"",4,1,"decid001","?","decid001","?","lyles101","?","lyles101","?","munst101","chamc001","randw001","nettg001","dentb001","whitr101","rivem001","jackr001","may-l101","","","S7.1-3","F","F",5,6,20,"T","T",1,"F","F",0,"F","F",0,"F","F",7,"","F","F","",0,0,"N",0,"N",0,"N",1,3,0,0,"","","","","F","F","F","F","F","F","F","F","F","lyles101","","","F","F","F","F","F","","","","",0,0,0,0,0,0,0,0,0,75,"BAL","BAL","NYA",1,"F","F",1,4,0,32,1,"T","F",1,5,"T","T","smitb101","dempr001","F","F",10,5,74,0,0,0,0,0,0,"munst101","","",0,0,0,0,0,0,0,0,0,0,0,0,0,"whitr101","F","F","F","F",4,4,0,0,2,0,0,0,0,0,F,F,"1978BAL.EVA.regular.event.csv",702
"BAL197804250","NYA",9,1,0,0,0,"",4,1,"smitb101","?","smitb101","?","lyles101","?","lyles101","?","munst101","chamc001","randw001","nettg001","dentb001","whitr101","rivem001","jackr001","decid001","","may-l101","D7.3-H;1-3","F","F",4,7,21,"T","T",2,"F","F",0,"F","F",1,"F","F",7,"","F","F","",0,0,"N",0,"N",0,"N",2,3,0,4,"","","","","F","F","F","F","F","F","F","F","F","lyles101","","lyles101","F","F","F","F","F","","","","",0,0,0,0,0,0,0,0,0,76,"BAL","BAL","NYA",1,"F","F",1,4,0,33,2,"T","F",5,6,"T","T","dempr001","garck001","F","F",5,6,75,0,0,0,10,5,74,"munst101","","munst101",0,0,0,0,0,0,0,0,0,0,0,0,1,"whitr101","F","F","F","F",3,4,0,4,1,0,0,0,0,0,F,F,"1978BAL.EVA.regular.event.csv",703
"BAL197804250","NYA",9,1,0,0,0,"",4,2,"dempr001","?","dempr001","?","lyles101","?","lyles101","?","munst101","chamc001","randw001","nettg001","dentb001","whitr101","rivem001","jackr001","","smitb101","decid001","9/SF.3-H;2-3","F","F",2,8,2,"T","F",0,"F","T",1,"F","F",1,"F","F",9,"F","F","F","",0,0,"N",0,"N",0,"N",0,0,3,4,"9","","","","F","F","F","F","F","F","F","F","F","","lyles101","lyles101","F","F","F","F","F","","","","",0,9,0,0,0,0,0,0,0,77,"BAL","BAL","NYA",1,"F","F",2,4,1,34,3,"T","F",6,4,"T","T","garck001","bumba001","F","F",0,0,0,4,7,76,5,6,75,"","munst101","munst101",0,0,0,0,0,0,0,0,0,0,0,0,1,"jackr001","F","F","F","F",0,0,3,4,0,0,0,0,0,0,F,F,"1978BAL.EVA.regular.event.csv",704
"BAL197804250","NYA",9,1,1,0,0,"",4,3,"lopec101","?","lopec101","?","lyles101","?","lyles101","?","munst101","chamc001","randw001","nettg001","dentb001","whitr101","rivem001","jackr001","","","smitb101","53","F","T",11,9,2,"T","T",0,"F","F",1,"F","F",0,"F","F",5,"G","F","F","",0,0,"N",0,"N",0,"N",0,0,0,3,"53","","","","F","F","F","F","F","F","F","F","F","","","lyles101","F","F","F","F","F","","","","garck001",6,3,0,0,5,0,0,0,0,78,"BAL","BAL","NYA",1,"F","F",3,4,2,35,4,"T","F",4,4,"F","F","bumba001","harll101","F","F",0,0,0,0,0,0,4,7,76,"","","munst101",0,0,0,0,0,0,0,0,0,0,0,0,0,"nettg001","F","F","F","F",0,0,0,3,0,0,0,0,0,0,F,F,"1978BAL.EVA.regular.event.csv",705
"BAL197804250","NYA",9,1,2,0,0,"",4,3,"dauer001","?","dauer001","?","lyles101","?","lyles101","?","munst101","chamc001","randw001","nettg001","dentb001","whitr101","rivem001","jackr001","","","smitb101","8","F","T",11,1,2,"T","T",0,"F","F",1,"F","F",0,"F","F",8,"F","F","F","",0,0,"N",0,"N",0,"N",0,0,0,3,"8","","","","F","F","F","F","F","F","F","F","F","","","lyles101","F","T","F","F","F","","","","bumba001",7,8,0,0,0,0,0,0,0,79,"BAL","BAL","NYA",1,"F","T",3,4,2,36,5,"T","F",4,4,"F","F","harll101","singk001","F","F",0,0,0,0,0,0,4,7,76,"","","munst101",0,0,0,0,0,0,0,0,0,0,0,0,0,"rivem001","F","F","F","F",0,0,0,3,0,0,0,0,0,0,F,F,"1978BAL.EVA.regular.event.csv",706
"BAL197805030","TEX",1,0,0,0,0,"",0,0,"hargm001","?","hargm001","?","palmj001","?","palmj001","?","dempr001","murre001","smitb101","decid001","garck001","bumba001","harll101","singk001","","","","7","T","F",3,1,2,"T","T",0,"F","F",1,"F","F",0,"F","F",7,"F","F","F","",0,0,"N",0,"N",0,"N",0,0,0,0,"7","","","","F","F","F","F","F","F","F","F","F","","","","T","F","F","F","F","","","","",0,7,0,0,0,0,0,0,0,1,"BAL","TEX","BAL",0,"T","F",0,0,0,0,0,"T","F",0,0,"T","T","willb101","oliva001","T","T",0,0,0,0,0,0,0,0,0,"","","",0,0,0,0,0,0,0,0,0,0,0,0,0,"bumba001","F","F","F","F",0,0,0,0,0,0,0,0,0,0,F,F,"1978BAL.EVA.regular.event.csv",707
"BAL197805030","TEX",1,0,1,0,0,"",0,0,"willb101","?","willb101","?","palmj001","?","palmj001","?","dempr001","murre001","smitb101","decid001","garck001","bumba001","harll101","singk001","","","","7","F","F",4,2,2,"T","T",0,"F","F",1,"F","F",0,"F","F",7,"F","F","F","",0,0,"N",0,"N",0,"N",0,0,0,0,"7","","","","F","F","F","F","F","F","F","F","F","","","","F","F","F","F","F","","","","",0,7,0,0,0,0,0,0,0,2,"BAL","TEX","BAL",0,"F","F",0,0,0,1,1,"T","F",0,0,"T","T","oliva001","ziskr101","T","T",0,0,0,0,0,0,0,0,0,"","","",0,0,0,0,0,0,0,0,0,0,0,0,0,"bumba001","F","F","F","F",0,0,0,0,0,0,0,0,0,0,F,F,"1978BAL.EVA.regular.event.csv",708
"BAL197805030","TEX",1,0,2,0,0,"",0,0,"oliva001","?","oliva001","?","palmj001","?","palmj001","?","dempr001","murre001","smitb101","decid001","garck001","bumba001","harll101","singk001","","","","7","F","F",7,3,2,"T","T",0,"F","F",1,"F","F",0,"F","F",7,"F","F","F","",0,0,"N",0,"N",0,"N",0,0,0,0,"7","","","","F","F","F","F","F","F","F","F","F","","","","F","F","F","F","F","","","","",0,7,0,0,0,0,0,0,0,3,"BAL","TEX","BAL",0,"F","T",0,0,0,2,2,"T","F",0,0,"T","T","ziskr101","washc001","T","T",0,0,0,0,0,0,0,0,0,"","","",0,0,0,0,0,0,0,0,0,0,0,0,0,"bumba001","F","F","F","F",0,0,0,0,0,0,0,0,0,0,F,F,"1978BAL.EVA.regular.event.csv",709
"BAL197805030","TEX",1,1,0,0,0,"",0,0,"bumba001","?","bumba001","?","alexd001","?","alexd001","?","sundj001","hargm001","willb101","harrt001","campb101","oliva001","benij001","ziskr101","","","","W","T","F",7,1,14,"T","F",0,"F","F",0,"F","F",0,"F","F",0,"","F","F","",0,0,"N",0,"N",0,"N",1,0,0,0,"","","","","F","F","F","F","F","F","F","F","F","","","","F","F","F","F","F","","","","",0,0,0,0,0,0,0,0,0,4,"BAL","BAL","TEX",1,"T","F",0,0,0,0,0,"T","F",0,1,"T","T","smitb101","murre001","T","T",0,0,0,0,0,0,0,0,0,"","","",0,0,0,0,0,0,0,0,0,0,0,0,0,"","F","F","F","F",0,0,0,0,0,0,0,0,0,0,F,F,"1978BAL.EVA.regular.event.csv",710
"BAL197805030","TEX",1,1,0,0,0,"",0,0,"smitb101","?","smitb101","?","alexd001","?","alexd001","?","sundj001","hargm001","willb101","harrt001","campb101","oliva001","benij001","ziskr101","bumba001","","","36(1)3/GDP","F","F",4,2,2,"T","T",0,"F","F",2,"T","F",0,"F","F",3,"G","F","F","",0,0,"N",0,"N",0,"N",0,0,0,0,"63","36","","","F","F","F","F","F","F","F","F","F","alexd001","","","F","F","F","F","F","","","","",0,6,3,0,3,6,0,0,0,5,"BAL","BAL","TEX",1,"F","F",0,0,0,1,1,"T","F",1,0,"T","T","murre001","singk001","T","T",7,1,4,0,0,0,0,0,0,"sundj001","","",0,0,0,0,0,0,0,0,0,0,0,0,0,"hargm001","T","F","F","F",0,0,0,0,0,0,0,0,0,0,F,F,"1978BAL.EVA.regular.event.csv",711
"BAL197805030","TEX",1,1,2,0,0,"",0,0,"murre001","?","murre001","?","alexd001","?","alexd001","?","sundj001","hargm001","willb101","harrt001","campb101","oliva001","benij001","ziskr101","","","","W","F","F",3,3,14,"T","F",0,"F","F",0,"F","F",0,"F","F",0,"","F","F","",0,0,"N",0,"N",0,"N",1,0,0,0,"","","","","F","F","F","F","F","F","F","F","F","","","","F","F","F","F","F","","","","",0,0,0,0,0,0,0,0,0,6,"BAL","BAL","TEX",1,"F","F",0,0,0,2,2,"T","F",0,1,"T","T","singk001","harll101","T","T",0,0,0,0,0,0,0,0,0,"","","",0,0,0,0,0,0,0,0,0,0,0,0,0,"","F","F","F","F",0,0,0,0,0,0,0,0,0,0,F,F,"1978BAL.EVA.regular.event.csv",712
"BAL197805030","TEX",1,1,2,0,0,"",0,0,"singk001","?","singk001","?","alexd001","?","alexd001","?","sundj001","hargm001","willb101","harrt001","campb101","oliva001","benij001","ziskr101","murre001","","","K","F","F",9,4,3,"T","T",0,"F","F",1,"F","F",0,"F","F",0,"","F","F","",0,0,"N",0,"N",0,"N",0,1,0,0,"2","","","","F","F","F","F","F","F","F","F","F","alexd001","","","F","F","F","F","F","","","","",0,2,0,0,0,0,0,0,0,7,"BAL","BAL","TEX",1,"F","T",0,0,0,3,3,"T","F",1,1,"T","T","harll101","may-l101","T","T",3,3,6,0,0,0,0,0,0,"sundj001","","",0,0,0,0,0,0,0,0,0,0,0,0,0,"","F","F","F","F",0,0,0,0,0,0,0,0,0,0,F,F,"1978BAL.EVA.regular.event.csv",713
"BAL197805030","TEX",2,0,0,0,0,"",0,0,"ziskr101","?","ziskr101","?","palmj001","?","palmj001","?","dempr001","murre001","smitb101","decid001","garck001","bumba001","harll101","singk001","","","","K","T","F",9,4,3,"T","T",0,"F","F",1,"F","F",0,"F","F",0,"","F","F","",0,0,"N",0,"N",0,"N",0,0,0,0,"2","","","","F","F","F","F","F","F","F","F","F","","","","F","F","F","F","F","","","","",0,2,0,0,0,0,0,0,0,8,"BAL","TEX","BAL",0,"T","F",0,0,0,3,0,"T","F",0,0,"T","T","washc001","harrt001","T","T",0,0,0,0,0,0,0,0,0,"","","",0,0,0,0,0,0,0,0,0,0,0,0,0,"","F","F","F","F",0,0,0,0,0,0,0,0,0,0,F,F,"1978BAL.EVA.regular.event.csv",714
"BAL197805030","TEX",2,0,1,0,0,"",0,0,"washc001","?","washc001","?","palmj001","?","palmj001","?","dempr001","murre001","smitb101","decid001","garck001","bumba001","harll101","singk001","","","","K","F","F",10,5,3,"T","T",0,"F","F",1,"F","F",0,"F","F",0,"","F","F","",0,0,"N",0,"N",0,"N",0,0,0,0,"2","","","","F","F","F","F","F","F","F","F","F","","","","F","F","F","F","F","","","","",0,2,0,0,0,0,0,0,0,9,"BAL","TEX","BAL",0,"F","F",0,0,0,4,1,"T","F",0,0,"T","T","harrt001","sundj001","T","T",0,0,0,0,0,0,0,0,0,"","","",0,0,0,0,0,0,0,0,0,0,0,0,0,"","F","F","F","F",0,0,0,0,0,0,0,0,0,0,F,F,"1978BAL.EVA.regular.event.csv",715
"BAL197805030","TEX",2,0,2,0,0,"",0,0,"harrt001","?","harrt001","?","palmj001","?","palmj001","?","dempr001","murre001","smitb101","decid001","garck001","bumba001","harll101","singk001","","","","W","F","F",5,6,14,"T","F",0,"F","F",0,"F","F",0,"F","F",0,"","F","F","",0,0,"N",0,"N",0,"N",1,0,0,0,"","","","","F","F","F","F","F","F","F","F","F","","","","F","F","F","F","F","","","","",0,0,0,0,0,0,0,0,0,10,"BAL","TEX","BAL",0,"F","F",0,0,0,5,2,"T","F",0,1,"T","T","sundj001","benij001","T","T",0,0,0,0,0,0,0,0,0,"","","",0,0,0,0,0,0,0,0,0,0,0,0,0,"","F","F","F","F",0,0,0,0,0,0,0,0,0,0,F,F,"1978BAL.EVA.regular.event.csv",716
"BAL197805030","TEX",2,0,2,0,0,"",0,0,"sundj001","?","sundj001","?","palmj001","?","palmj001","?","dempr001","murre001","smitb101","decid001","garck001","bumba001","harll101","singk001","harrt001","","","S7.1-2","F","F",2,7,20,"T","T",1,"F","F",0,"F","F",0,"F","F",7,"","F","F","",0,0,"N",0,"N",0,"N",1,2,0,0,"","","","","F","F","F","F","F","F","F","F","F","palmj001","","","F","F","F","F","F","","","","",0,0,0,0,0,0,0,0,0,11,"BAL","TEX","BAL",0,"F","F",0,0,0,6,3,"T","F",1,3,"T","T","benij001","campb101","T","T",5,6,10,0,0,0,0,0,0,"dempr001","","",0,0,0,0,0,0,0,0,0,0,0,0,0,"bumba001","F","F","F","F",0,0,0,0,0,0,0,0,0,0,F,F,"1978BAL.EVA.regular.event.csv",717
"BAL197805030","TEX",2,0,2,0,0,"",0,0,"benij001","?","benij001","?","palmj001","?","palmj001","?","dempr001","murre001","smitb101","decid001","garck001","bumba001","harll101","singk001","sundj001","harrt001","","K","F","F",8,8,3,"T","T",0,"F","F",1,"F","F",0,"F","F",0,"","F","F","",0,0,"N",0,"N",0,"N",0,1,2,0,"2","","","","F","F","F","F","F","F","F","F","F","palmj001","palmj001","","F","F","F","F","F","","","","",0,2,0,0,0,0,0,0,0,12,"BAL","TEX","BAL",0,"F","T",0,0,0,7,4,"T","F",3,3,"T","T","campb101","hargm001","T","T",2,7,11,5,6,10,0,0,0,"dempr001","dempr001","",0,0,0,0,0,0,0,0,0,0,0,0,0,"","F","F","F","F",0,0,0,0,0,0,0,0,0,0,F,F,"1978BAL.EVA.regular.event.csv",718
"BAL197805030","TEX",2,1,0,0,0,"",0,0,"harll101","?","harll101","?","alexd001","?","alexd001","?","sundj001","hargm001","willb101","harrt001","campb101","oliva001","benij001","ziskr101","","","","3/G","T","F",8,5,2,"T","T",0,"F","F",1,"F","F",0,"F","F",3,"G","F","F","",0,0,"N",0,"N",0,"N",0,0,0,0,"3","","","","F","F","F","F","F","F","F","F","F","","","","F","F","F","F","F","","","","",0,3,0,0,0,0,0,0,0,13,"BAL","BAL","TEX",1,"T","F",0,0,0,4,0,"T","F",0,0,"T","T","may-l101","decid001","T","T",0,0,0,0,0,0,0,0,0,"","","",0,0,0,0,0,0,0,0,0,0,0,0,0,"hargm001","F","F","F","F",0,0,0,0,1,0,0,0,0,0,F,F,"1978BAL.EVA.regular.event.csv",719
"BAL197805030","TEX",2,1,1,0,0,"",0,0,"may-l101","?","may-l101","?","alexd001","?","alexd001","?","sundj001","hargm001","willb101","harrt001","campb101","oliva001","benij001","ziskr101","","","","K","F","F",10,6,3,"T","T",0,"F","F",1,"F","F",0,"F","F",0,"","F","F","",0,0,"N",0,"N",0,"N",0,0,0,0,"2","","","","F","F","F","F","F","F","F","F","F","","","","F","F","F","F","F","","","","",0,2,0,0,0,0,0,0,0,14,"BAL","BAL","TEX",1,"F","F",0,0,0,5,1,"T","F",0,0,"T","T","decid001","dempr001","T","T",0,0,0,0,0,0,0,0,0,"","","",0,0,0,0,0,0,0,0,0,0,0,0,0,"","F","F","F","F",0,0,0,0,1,0,0,0,0,0,F,F,"1978BAL.EVA.regular.event.csv",720
"BAL197805030","TEX",2,1,2,0,0,"",0,0,"decid001","?","decid001","?","alexd001","?","alexd001","?","sundj001","hargm001","willb101","harrt001","campb101","oliva001","benij001","ziskr101","","","","D9","F","F",5,7,21,"T","T",2,"F","F",0,"F","F",0,"F","F",9,"","F","F","",0,0,"N",0,"N",0,"N",2,0,0,0,"","","","","F","F","F","F","F","F","F","F","F","","","","F","F","F","F","F","","","","",0,0,0,0,0,0,0,0,0,15,"BAL","BAL","TEX",1,"F","F",0,0,0,6,2,"T","F",0,2,"T","T","dempr001","garck001","T","T",0,0,0,0,0,0,0,0,0,"","","",0,0,0,0,0,0,0,0,0,0,0,0,0,"ziskr101","F","F","F","F",4,0,0,0,1,0,0,0,0,0,F,F,"1978BAL.EVA.regular.event.csv",721
"BAL197805030","TEX",2,1,2,0,0,"",0,0,"dempr001","?","dempr001","?","alexd001","?","alexd001","?","sundj001","hargm001","willb101","harrt001","campb101","oliva001","benij001","ziskr101","","decid001","","S9.2-H","F","F",2,8,20,"T","T",1,"F","F",0,"F","F",1,"F","F",9,"","F","F","",0,0,"N",0,"N",0,"N",1,0,4,0,"","","","","F","F","F","F","F","F","F","F","F","","alexd001","","F","F","F","F","F","","","","",0,0,0,0,0,0,0,0,0,16,"BAL","BAL","TEX",1,"F","F",0,0,0,7,3,"T","F",2,1,"T","T","garck001","bumba001","T","T",0,0,0,5,7,15,0,0,0,"","sundj001","",0,0,0,0,0,0,0,0,0,0,0,0,1,"ziskr101","F","F","F","F",0,0,4,0,0,0,0,0,0,0,F,F,"1978BAL.EVA.regular.event.csv",722
"BAL197805030","TEX",2,1,2,0,0,"",0,1,"garck001","?","garck001","?","alexd001","?","alexd001","?","sundj001","hargm001","willb101","harrt001","campb101","oliva001","benij001","ziskr101","dempr001","","","63","F","F",6,9,2,"T","T",0,"F","F",1,"F","F",0,"F","F",6,"G","F","F","",0,0,"N",0,"N",0,"N",0,1,0,0,"63","","","","F","F","F","F","F","F","F","F","F","alexd001","","","F","F","F","F","F","","","","",0,3,0,0,6,0,0,0,0,17,"BAL","BAL","TEX",1,"F","T",1,0,1,8,4,"T","F",1,1,"T","T","bumba001","smitb101","T","T",2,8,16,0,0,0,0,0,0,"sundj001","","",0,0,0,0,0,0,0,0,0,0,0,0,0,"campb101","F","F","F","F",0,0,0,0,0,0,0,0,0,0,F,F,"1978BAL.EVA.regular.event.csv",723
"BAL197805030","TEX",3,0,0,0,0,"",0,1,"campb101","?","campb101","?","palmj001","?","palmj001","?","dempr001","murre001","smitb101","decid001","garck001","bumba001","harll101","singk001","","","","7","T","F",6,9,2,"T","T",0,"F","F",1,"F","F",0,"F","F",7,"F","F","F","",0,0,"N",0,"N",0,"N",0,0,0,0,"7","","","","F","F","F","F","F","F","F","F","F","","","","F","F","F","F","F","","","","",0,7,0,0,0,0,0,0,0,18,"BAL","TEX","BAL",0,"T","F",0,1,0,8,0,"T","F",0,0,"T","T","hargm001","willb101","T","T",0,0,0,0,0,0,0,0,0,"","","",0,0,0,0,0,0,0,0,0,0,0,0,0,"bumba001","F","F","F","F",0,0,0,0,0,0,0,0,0,0,F,F,"1978BAL.EVA.regular.event.csv",724
"BAL197805030","TEX",3,0,1,0,0,"",0,1,"hargm001","?","hargm001","?","palmj001","?","palmj001","?","dempr001","murre001","smitb101","decid001","garck001","bumba001","harll101","singk001","","","","D8","F","F",3,1,21,"T","T",2,"F","F",0,"F","F",0,"F","F",8,"","F","F","",0,0,"N",0,"N",0,"N",2,0,0,0,"","","","","F","F","F","F","F","F","F","F","F","","","","F","F","F","F","F","","","","",0,0,0,0,0,0,0,0,0,19,"BAL","TEX","BAL",0,"F","F",0,1,0,9,1,"T","F",0,2,"T","T","willb101","oliva001","T","T",0,0,0,0,0,0,0,0,0,"","","",0,0,0,0,0,0,0,0,0,0,0,0,0,"harll101","F","F","F","F",0,0,0,0,0,0,0,0,0,0,F,F,"1978BAL.EVA.regular.event.csv",725
"BAL197805030","TEX",3,0,1,0,0,"",0,1,"willb101","?","willb101","?","palmj001","?","palmj001","?","dempr001","murre001","smitb101","decid001","garck001","bumba001","harll101","singk001","","hargm001","","43.2-3","F","F",4,2,2,"T","T",0,"F","F",1,"F","F",0,"F","F",4,"G","F","F","",0,0,"N",0,"N",0,"N",0,0,3,0,"43","","","","F","F","F","F","F","F","F","F","F","","palmj001","","F","F","F","F","F","","","","",0,3,0,0,4,0,0,0,0,20,"BAL","TEX","BAL",0,"F","F",0,1,0,10,2,"T","F",2,4,"T","T","oliva001","ziskr101","T","T",0,0,0,3,1,19,0,0,0,"","dempr001","",0,0,0,0,0,0,0,0,0,0,0,0,0,"smitb101","F","F","F","F",0,0,0,0,0,0,0,0,0,0,F,F,"1978BAL.EVA.regular.event.csv",726
"BAL197805030","TEX",3,0,2,0,0,"",0,1,"oliva001","?","oliva001","?","palmj001","?","palmj001","?","dempr001","murre001","smitb101","decid001","garck001","bumba001","harll101","singk001","","","hargm001","43","F","F",7,3,2,"T","T",0,"F","F",1,"F","F",0,"F","F",4,"G","F","F","",0,0,"N",0,"N",0,"N",0,0,0,3,"43","","","","F","F","F","F","F","F","F","F","F","","","palmj001","F","F","F","F","F","","","","",0,3,0,0,4,0,0,0,0,21,"BAL","TEX","BAL",0,"F","T",0,1,0,11,3,"T","F",4,4,"T","T","ziskr101","washc001","T","T",0,0,0,0,0,0,3,1,19,"","","dempr001",0,0,0,0,0,0,0,0,0,0,0,0,0,"smitb101","F","F","F","F",0,0,0,0,0,0,0,0,0,0,F,F,"1978BAL.EVA.regular.event.csv",727
"BAL197805030","TEX",3,1,0,0,0,"",0,1,"bumba001","?","bumba001","?","alexd001","?","alexd001","?","sundj001","hargm001","willb101","harrt001","campb101","oliva001","benij001","ziskr101","","","","43","T","F",7,1,2,"T","T",0,"F","F",1,"F","F",0,"F","F",4,"G","F","F","",0,0,"N",0,"N",0,"N",0,0,0,0,"43","","","","F","F","F","F","F","F","F","F","F","","","","F","F","F","F","F","","","","",0,3,0,0,4,0,0,0,0,22,"BAL","BAL","TEX",1,"T","F",1,0,0,9,0,"T","F",0,0,"T","T","smitb101","murre001","T","T",0,0,0,0,0,0,0,0,0,"","","",0,0,0,0,0,0,0,0,0,0,0,0,0,"willb101","F","F","F","F",0,0,0,0,0,0,0,0,0,0,F,F,"1978BAL.EVA.regular.event.csv",728
"BAL197805030","TEX",3,1,1,0,0,"",0,1,"smitb101","?","smitb101","?","alexd001","?","alexd001","?","sundj001","hargm001","willb101","harrt001","campb101","oliva001","benij001","ziskr101","","","","8","F","F",4,2,2,"T","T",0,"F","F",1,"F","F",0,"F","F",8,"F","F","F","",0,0,"N",0,"N",0,"N",0,0,0,0,"8","","","","F","F","F","F","F","F","F","F","F","","","","F","F","F","F","F","","","","",0,8,0,0,0,0,0,0,0,23,"BAL","BAL","TEX",1,"F","F",1,0,0,10,1,"T","F",0,0,"T","T","murre001","singk001","T","T",0,0,0,0,0,0,0,0,0,"","","",0,0,0,0,0,0,0,0,0,0,0,0,0,"benij001","F","F","F","F",0,0,0,0,0,0,0,0,0,0,F,F,"1978BAL.EVA.regular.event.csv",729
"BAL197805030","TEX",3,1,2,0,0,"",0,1,"murre001","?","murre001","?","alexd001","?","alexd001","?","sundj001","hargm001","willb101","harrt001","campb101","oliva001","benij001","ziskr101","","","","8","F","F",3,3,2,"T","T",0,"F","F",1,"F","F",0,"F","F",8,"F","F","F","",0,0,"N",0,"N",0,"N",0,0,0,0,"8","","","","F","F","F","F","F","F","F","F","F","","","","F","F","F","F","F","","","","",0,8,0,0,0,0,0,0,0,24,"BAL","BAL","TEX",1,"F","T",1,0,0,11,2,"T","F",0,0,"T","T","singk001","harll101","T","T",0,0,0,0,0,0,0,0,0,"","","",0,0,0,0,0,0,0,0,0,0,0,0,0,"benij001","F","F","F","F",0,0,0,0,0,0,0,0,0,0,F,F,"1978BAL.EVA.regular.event.csv",730
"BAL197805030","TEX",4,0,0,0,0,"",0,1,"ziskr101","?","ziskr101","?","palmj001","?","palmj001","?","dempr001","murre001","smitb101","decid001","garck001","bumba001","harll101","singk001","","","","63","T","F",9,4,2,"T","T",0,"F","F",1,"F","F",0,"F","F",6,"G","F","F","",0,0,"N",0,"N",0,"N",0,0,0,0,"63","","","","F","F","F","F","F","F","F","F","F","","","","F","F","F","F","F","","","","",0,3,0,0,6,0,0,0,0,25,"BAL","TEX","BAL",0,"T","F",0,1,0,12,0,"T","F",0,0,"T","T","washc001","harrt001","T","T",0,0,0,0,0,0,0,0,0,"","","",0,0,0,0,0,0,0,0,0,0,0,0,0,"garck001","F","F","F","F",0,0,0,0,0,0,0,0,0,0,F,F,"1978BAL.EVA.regular.event.csv",731
"BAL197805030","TEX",4,0,1,0,0,"",0,1,"washc001","?","washc001","?","palmj001","?","palmj001","?","dempr001","murre001","smitb101","decid001","garck001","bumba001","harll101","singk001","","","","K","F","F",10,5,3,"T","T",0,"F","F",1,"F","F",0,"F","F",0,"","F","F","",0,0,"N",0,"N",0,"N",0,0,0,0,"2","","","","F","F","F","F","F","F","F","F","F","","","","F","F","F","F","F","","","","",0,2,0,0,0,0,0,0,0,26,"BAL","TEX","BAL",0,"F","F",0,1,0,13,1,"T","F",0,0,"T","T","harrt001","sundj001","T","T",0,0,0,0,0,0,0,0,0,"","","",0,0,0,0,0,0,0,0,0,0,0,0,0,"","F","F","F","F",0,0,0,0,0,0,0,0,0,0,F,F,"1978BAL.EVA.regular.event.csv",732
"BAL197805030","TEX",4,0,2,0,0,"",0,1,"harrt001","?","harrt001","?","palmj001","?","palmj001","?","dempr001","murre001","smitb101","decid001","garck001","bumba001","harll101","singk001","","","","8","F","F",5,6,2,"T","T",0,"F","F",1,"F","F",0,"F","F",8,"F","F","F","",0,0,"N",0,"N",0,"N",0,0,0,0,"8","","","","F","F","F","F","F","F","F","F","F","","","","F","F","F","F","F","","","","",0,8,0,0,0,0,0,0,0,27,"BAL","TEX","BAL",0,"F","T",0,1,0,14,2,"T","F",0,0,"T","T","sundj001","benij001","T","T",0,0,0,0,0,0,0,0,0,"","","",0,0,0,0,0,0,0,0,0,0,0,0,0,"harll101","F","F","F","F",0,0,0,0,0,0,0,0,0,0,F,F,"1978BAL.EVA.regular.event.csv",733
"BAL197805030","TEX",4,1,0,0,0,"",0,1,"singk001","?","singk001","?","alexd001","?","alexd001","?","sundj001","hargm001","willb101","harrt001","campb101","oliva001","benij001","ziskr101","","","","63","T","F",9,4,2,"T","T",0,"F","F",1,"F","F",0,"F","F",6,"G","F","F","",0,0,"N",0,"N",0,"N",0,0,0,0,"63","","","","F","F","F","F","F","F","F","F","F","","","","F","F","F","F","F","","","","",0,3,0,0,6,0,0,0,0,28,"BAL","BAL","TEX",1,"T","F",1,0,0,12,0,"T","F",0,0,"T","T","harll101","may-l101","T","T",0,0,0,0,0,0,0,0,0,"","","",0,0,0,0,0,0,0,0,0,0,0,0,0,"campb101","F","F","F","F",0,0,0,0,0,0,0,0,0,0,F,F,"1978BAL.EVA.regular.event.csv",734
"BAL197805030","TEX",4,1,1,0,0,"",0,1,"harll101","?","harll101","?","alexd001","?","alexd001","?","sundj001","hargm001","willb101","harrt001","campb101","oliva001","benij001","ziskr101","","","","W","F","F",8,5,14,"T","F",0,"F","F",0,"F","F",0,"F","F",0,"","F","F","",0,0,"N",0,"N",0,"N",1,0,0,0,"","","","","F","F","F","F","F","F","F","F","F","","","","F","F","F","F","F","","","","",0,0,0,0,0,0,0,0,0,29,"BAL","BAL","TEX",1,"F","F",1,0,0,13,1,"T","F",0,1,"T","T","may-l101","decid001","T","T",0,0,0,0,0,0,0,0,0,"","","",0,0,0,0,0,0,0,0,0,0,0,0,0,"","F","F","F","F",0,0,0,0,0,0,0,0,0,0,F,F,"1978BAL.EVA.regular.event.csv",735
"BAL197805030","TEX",4,1,1,0,0,"",0,1,"may-l101","?","may-l101","?","alexd001","?","alexd001","?","sundj001","hargm001","willb101","harrt001","campb101","oliva001","benij001","ziskr101","harll101","","","2/FL","F","F",10,6,2,"T","T",0,"F","F",1,"F","F",0,"F","F",2,"F","F","T","",0,0,"N",0,"N",0,"N",0,1,0,0,"2","","","","F","F","F","F","F","F","F","F","F","alexd001","","","F","F","F","F","F","","","","",0,2,0,0,0,0,0,0,0,30,"BAL","BAL","TEX",1,"F","F",1,0,0,14,2,"T","F",1,1,"T","T","decid001","dempr001","T","T",8,5,29,0,0,0,0,0,0,"sundj001","","",0,0,0,0,0,0,0,0,0,0,0,0,0,"sundj001","F","F","F","F",0,0,0,0,0,0,0,0,0,0,F,F,"1978BAL.EVA.regular.event.csv",736
"BAL197805030","TEX",4,1,2,0,0,"",0,1,"decid001","?","decid001","?","alexd001","?","alexd001","?","sundj001","hargm001","willb101","harrt001","campb101","oliva001","benij001","ziskr101","harll101","","","CS2(24)","F","F",5,7,6,"F","F",0,"F","F",1,"F","F",0,"F","F",0,"","F","F","",0,0,"N",0,"N",0,"N",0,0,0,0,"","24","","","F","F","F","T","F","F","F","F","F","alexd001","","","F","F","F","F","F","","","","",0,4,0,0,2,0,0,0,0,31,"BAL","BAL","TEX",1,"F","T",1,0,0,15,3,"T","T",1,0,"T","T","dempr001","garck001","T","T",8,5,29,0,0,0,0,0,0,"sundj001","","",0,0,0,0,0,0,0,0,0,0,0,0,0,"","F","F","F","F",0,0,0,0,0,0,0,0,0,0,F,F,"1978BAL.EVA.regular.event.csv",737
"BAL197805030","TEX",5,0,0,0,0,"",0,1,"sundj001","?","sundj001","?","palmj001","?","palmj001","?","dempr001","murre001","smitb101","decid001","garck001","bumba001","harll101","singk001","","","","K","T","F",2,7,3,"T","T",0,"F","F",1,"F","F",0,"F","F",0,"","F","F","",0,0,"N",0,"N",0,"N",0,0,0,0,"2","","","","F","F","F","F","F","F","F","F","F","","","","F","F","F","F","F","","","","",0,2,0,0,0,0,0,0,0,32,"BAL","TEX","BAL",0,"T","F",0,1,0,15,0,"T","F",0,0,"T","T","benij001","campb101","T","T",0,0,0,0,0,0,0,0,0,"","","",0,0,0,0,0,0,0,0,0,0,0,0,0,"","F","F","F","F",0,0,0,0,0,0,0,0,0,0,F,F,"1978BAL.EVA.regular.event.csv",738
"BAL197805030","TEX",5,0,1,0,0,"",0,1,"benij001","?","benij001","?","palmj001","?","palmj001","?","dempr001","murre001","smitb101","decid001","garck001","bumba001","harll101","singk001","","","","S6","F","F",8,8,20,"T","T",1,"F","F",0,"F","F",0,"F","F",6,"","F","F","",0,0,"N",0,"N",0,"N",1,0,0,0,"","","","","F","F","F","F","F","F","F","F","F","","","","F","F","F","F","F","","","","",0,0,0,0,0,0,0,0,0,33,"BAL","TEX","BAL",0,"F","F",0,1,0,16,1,"T","F",0,1,"T","T","campb101","hargm001","T","T",0,0,0,0,0,0,0,0,0,"","","",0,0,0,0,0,0,0,0,0,0,0,0,0,"garck001","F","F","F","F",0,0,0,0,0,0,0,0,0,0,F,F,"1978BAL.EVA.regular.event.csv",739
"BAL197805030","TEX",5,0,1,0,0,"",0,1,"campb101","?","campb101","?","palmj001","?","palmj001","?","dempr001","murre001","smitb101","decid001","garck001","bumba001","harll101","singk001","benij001","","","64(1)3/GDP","F","F",6,9,2,"T","T",0,"F","F",2,"T","F",0,"F","F",6,"G","F","F","",0,0,"N",0,"N",0,"N",0,0,0,0,"43","64","","","F","F","F","F","F","F","F","F","F","palmj001","","","F","F","F","F","F","","","","",0,4,3,0,6,4,0,0,0,34,"BAL","TEX","BAL",0,"F","T",0,1,0,17,2,"T","F",1,0,"T","T","hargm001","willb101","T","T",8,8,33,0,0,0,0,0,0,"dempr001","","",0,0,0,0,0,0,0,0,0,0,0,0,0,"garck001","T","F","F","F",0,0,0,0,0,0,0,0,0,0,F,F,"1978BAL.EVA.regular.event.csv",740
"BAL197805030","TEX",5,1,0,0,0,"",0,1,"decid001","?","decid001","?","alexd001","?","alexd001","?","sundj001","hargm001","willb101","harrt001","campb101","lowej001","benij001","ziskr101","","","","63","T","F",5,7,2,"T","T",0,"F","F",1,"F","F",0,"F","F",6,"G","F","F","",0,0,"N",0,"N",0,"N",0,0,0,0,"63","","","","F","F","F","F","F","F","F","F","F","","","","F","F","F","F","F","","","","",0,3,0,0,6,0,0,0,0,35,"BAL","BAL","TEX",1,"T","F",1,0,0,15,0,"T","F",0,0,"T","T","dempr001","garck001","T","T",0,0,0,0,0,0,0,0,0,"","","",0,0,0,0,0,0,0,0,0,0,0,0,0,"campb101","F","F","F","F",0,0,0,0,0,0,0,0,0,0,F,F,"1978BAL.EVA.regular.event.csv",741
"BAL197805030","TEX",5,1,1,0,0,"",0,1,"dempr001","?","dempr001","?","alexd001","?","alexd001","?","sundj001","hargm001","willb101","harrt001","campb101","lowej001","benij001","ziskr101","","","","8","F","F",2,8,2,"T","T",0,"F","F",1,"F","F",0,"F","F",8,"F","F","F","",0,0,"N",0,"N",0,"N",0,0,0,0,"8","","","","F","F","F","F","F","F","F","F","F","","","","F","F","F","F","F","","","","",0,8,0,0,0,0,0,0,0,36,"BAL","BAL","TEX",1,"F","F",1,0,0,16,1,"T","F",0,0,"T","T","garck001","bumba001","T","T",0,0,0,0,0,0,0,0,0,"","","",0,0,0,0,0,0,0,0,0,0,0,0,0,"benij001","F","F","F","F",0,0,0,0,0,0,0,0,0,0,F,F,"1978BAL.EVA.regular.event.csv",742
"BAL197805030","TEX",5,1,2,0,0,"",0,1,"garck001","?","garck001","?","alexd001","?","alexd001","?","sundj001","hargm001","willb101","harrt001","campb101","lowej001","benij001","ziskr101","","","","K","F","F",6,9,3,"T","T",0,"F","F",1,"F","F",0,"F","F",0,"","F","F","",0,0,"N",0,"N",0,"N",0,0,0,0,"2","","","","F","F","F","F","F","F","F","F","F","","","","F","F","F","F","F","","","","",0,2,0,0,0,0,0,0,0,37,"BAL","BAL","TEX",1,"F","T",1,0,0,17,2,"T","F",0,0,"T","T","bumba001","smitb101","T","T",0,0,0,0,0,0,0,0,0,"","","",0,0,0,0,0,0,0,0,0,0,0,0,0,"","F","F","F","F",0,0,0,0,0,0,0,0,0,0,F,F,"1978BAL.EVA.regular.event.csv",743
"BAL197805030","TEX",6,0,0,0,0,"",0,1,"hargm001","?","hargm001","?","palmj001","?","palmj001","?","dempr001","murre001","smitb101","decid001","garck001","bumba001","harll101","singk001","","","","S7","T","F",3,1,20,"T","T",1,"F","F",0,"F","F",0,"F","F",7,"","F","F","",0,0,"N",0,"N",0,"N",1,0,0,0,"","","","","F","F","F","F","F","F","F","F","F","","","","F","F","F","F","F","","","","",0,0,0,0,0,0,0,0,0,38,"BAL","TEX","BAL",0,"T","F",0,1,0,18,0,"T","F",0,1,"T","T","willb101","lowej001","T","T",0,0,0,0,0,0,0,0,0,"","","",0,0,0,0,0,0,0,0,0,0,0,0,0,"bumba001","F","F","F","F",4,0,0,0,1,0,0,0,0,0,F,F,"1978BAL.EVA.regular.event.csv",744
"BAL197805030","TEX",6,0,0,0,0,"",0,1,"willb101","?","willb101","?","palmj001","?","palmj001","?","dempr001","murre001","smitb101","decid001","garck001","bumba001","harll101","singk001","hargm001","","","13.1-2","F","F",4,2,2,"T","T",0,"F","F",1,"F","F",0,"F","F",1,"G","F","F","",0,0,"N",0,"N",0,"N",0,2,0,0,"13","","","","F","F","F","F","F","F","F","F","F","palmj001","","","F","F","F","F","F","","","","",0,3,0,0,1,0,0,0,0,39,"BAL","TEX","BAL",0,"F","F",0,1,0,19,1,"T","F",1,2,"T","T","lowej001","ziskr101","T","T",3,1,38,0,0,0,0,0,0,"dempr001","","",0,0,0,0,0,0,0,0,0,0,0,0,0,"palmj001","F","F","F","F",0,4,0,0,1,0,0,0,0,0,F,F,"1978BAL.EVA.regular.event.csv",745
"BAL197805030","TEX",6,0,1,0,0,"",0,1,"lowej001","?","lowej001","?","palmj001","?","palmj001","?","dempr001","murre001","smitb101","decid001","garck001","bumba001","harll101","singk001","","hargm001","","HP","F","F",7,3,16,"T","F",0,"F","F",0,"F","F",0,"F","F",0,"","F","F","",0,0,"N",0,"N",0,"N",1,0,2,0,"","","","","F","F","F","F","F","F","F","F","F","","palmj001","","F","F","F","F","F","","","","",0,0,0,0,0,0,0,0,0,40,"BAL","TEX","BAL",0,"F","F",0,1,0,20,2,"T","F",2,3,"F","F","ziskr101","washc001","T","T",0,0,0,3,1,38,0,0,0,"","dempr001","",0,0,0,0,0,0,0,0,0,0,0,0,0,"","F","F","F","F",0,0,4,0,1,0,0,0,0,0,F,F,"1978BAL.EVA.regular.event.csv",746
"BAL197805030","TEX",6,0,1,0,0,"",0,1,"ziskr101","?","ziskr101","?","palmj001","?","palmj001","?","dempr001","murre001","smitb101","decid001","garck001","bumba001","harll101","singk001","lowej001","hargm001","","D7.1-3;2-H","F","F",9,4,21,"T","T",2,"F","F",0,"F","F",1,"F","F",7,"","F","F","",0,0,"N",0,"N",0,"N",2,3,4,0,"","","","","F","F","F","F","F","F","F","F","F","palmj001","palmj001","","F","F","F","F","F","","","","",0,0,0,0,0,0,0,0,0,41,"BAL","TEX","BAL",0,"F","F",0,1,0,21,3,"T","F",3,6,"T","T","washc001","harrt001","T","T",7,3,40,3,1,38,0,0,0,"dempr001","dempr001","",0,0,0,0,0,0,0,0,0,0,0,0,1,"bumba001","F","F","F","F",0,0,4,0,0,0,0,0,0,0,F,F,"1978BAL.EVA.regular.event.csv",747
"BAL197805030","TEX",6,0,1,0,0,"",1,1,"washc001","?","washc001","?","palmj001","?","palmj001","?","dempr001","murre001","smitb101","decid001","garck001","bumba001","harll101","singk001","","ziskr101","lowej001","K","F","F",10,5,3,"T","T",0,"F","F",1,"F","F",0,"F","F",0,"","F","F","",0,0,"N",0,"N",0,"N",0,0,2,3,"2","","","","F","F","F","F","F","F","F","F","F","","palmj001","palmj001","F","F","F","F","F","","","","",0,2,0,0,0,0,0,0,0,42,"BAL","TEX","BAL",0,"F","F",1,1,1,22,4,"T","F",6,6,"T","T","harrt001","sundj001","T","T",0,0,0,9,4,41,7,3,40,"","dempr001","dempr001",0,0,0,0,0,0,0,0,0,0,0,0,0,"","F","F","F","F",0,0,0,0,0,0,0,0,0,0,F,F,"1978BAL.EVA.regular.event.csv",748
"BAL197805030","TEX",6,0,2,0,0,"",1,1,"harrt001","?","harrt001","?","palmj001","?","palmj001","?","dempr001","murre001","smitb101","decid001","garck001","bumba001","harll101","singk001","","ziskr101","lowej001","13","F","F",5,6,2,"T","T",0,"F","F",1,"F","F",0,"F","F",1,"G","F","F","",0,0,"N",0,"N",0,"N",0,0,2,3,"13","","","","F","F","F","F","F","F","F","F","F","","palmj001","palmj001","F","F","F","F","F","","","","",0,3,0,0,1,0,0,0,0,43,"BAL","TEX","BAL",0,"F","T",1,1,1,23,5,"T","F",6,6,"T","T","sundj001","benij001","T","T",0,0,0,9,4,41,7,3,40,"","dempr001","dempr001",0,0,0,0,0,0,0,0,0,0,0,0,0,"palmj001","F","F","F","F",0,0,0,0,0,0,0,0,0,0,F,F,"1978BAL.EVA.regular.event.csv",749
"BAL197805030","TEX",6,1,0,0,0,"",1,1,"bumba001","?","bumba001","?","alexd001","?","alexd001","?","sundj001","hargm001","willb101","harrt001","campb101","lowej001","benij001","ziskr101","","","","43","T","F",7,1,2,"T","T",0,"F","F",1,"F","F",0,"F","F",4,"G","F","F","",0,0,"N",0,"N",0,"N",0,0,0,0,"43","","","","F","F","F","F","F","F","F","F","F","","","","F","F","F","F","F","","","","",0,3,0,0,4,0,0,0,0,44,"BAL","BAL","TEX",1,"T","F",1,1,0,18,0,"T","F",0,0,"T","T","smitb101","murre001","T","T",0,0,0,0,0,0,0,0,0,"","","",0,0,0,0,0,0,0,0,0,0,0,0,0,"willb101","F","F","F","F",0,0,0,0,0,0,0,0,0,0,F,F,"1978BAL.EVA.regular.event.csv",750
"BAL197805030","TEX",6,1,1,0,0,"",1,1,"smitb101","?","smitb101","?","alexd001","?","alexd001","?","sundj001","hargm001","willb101","harrt001","campb101","lowej001","benij001","ziskr101","","","","K","F","F",4,2,3,"T","T",0,"F","F",1,"F","F",0,"F","F",0,"","F","F","",0,0,"N",0,"N",0,"N",0,0,0,0,"2","","","","F","F","F","F","F","F","F","F","F","","","","F","F","F","F","F","","","","",0,2,0,0,0,0,0,0,0,45,"BAL","BAL","TEX",1,"F","F",1,1,0,19,1,"T","F",0,0,"T","T","murre001","singk001","T","T",0,0,0,0,0,0,0,0,0,"","","",0,0,0,0,0,0,0,0,0,0,0,0,0,"","F","F","F","F",0,0,0,0,0,0,0,0,0,0,F,F,"1978BAL.EVA.regular.event.csv",751
"BAL197805030","TEX",6,1,2,0,0,"",1,1,"murre001","?","murre001","?","alexd001","?","alexd001","?","sundj001","hargm001","willb101","harrt001","campb101","lowej001","benij001","ziskr101","","","","43","F","F",3,3,2,"T","T",0,"F","F",1,"F","F",0,"F","F",4,"G","F","F","",0,0,"N",0,"N",0,"N",0,0,0,0,"43","","","","F","F","F","F","F","F","F","F","F","","","","F","F","F","F","F","","","","",0,3,0,0,4,0,0,0,0,46,"BAL","BAL","TEX",1,"F","T",1,1,0,20,2,"T","F",0,0,"T","T","singk001","harll101","T","T",0,0,0,0,0,0,0,0,0,"","","",0,0,0,0,0,0,0,0,0,0,0,0,0,"willb101","F","F","F","F",0,0,0,0,0,0,0,0,0,0,F,F,"1978BAL.EVA.regular.event.csv",752
"BAL197805030","TEX",7,0,0,0,0,"",1,1,"sundj001","?","sundj001","?","stand101","?","stand101","?","dempr001","murre001","smitb101","decid001","garck001","bumba001","harll101","singk001","","","","13","T","F",2,7,2,"T","T",0,"F","F",1,"F","F",0,"F","F",1,"G","F","F","",0,0,"N",0,"N",0,"N",0,0,0,0,"13","","","","F","F","F","F","F","F","F","F","F","","","","F","F","F","F","F","","","","",0,3,0,0,1,0,0,0,0,47,"BAL","TEX","BAL",0,"T","F",1,1,0,24,0,"T","F",0,0,"T","T","benij001","campb101","F","F",0,0,0,0,0,0,0,0,0,"","","",0,0,0,0,0,0,0,0,0,0,0,0,0,"stand101","F","F","F","F",0,0,0,0,0,0,0,0,0,0,F,F,"1978BAL.EVA.regular.event.csv",753
"BAL197805030","TEX",7,0,1,0,0,"",1,1,"benij001","?","benij001","?","stand101","?","stand101","?","dempr001","murre001","smitb101","decid001","garck001","bumba001","harll101","singk001","","","","5","F","F",8,8,2,"T","T",0,"F","F",1,"F","F",0,"F","F",5,"F","F","F","",0,0,"N",0,"N",0,"N",0,0,0,0,"5","","","","F","F","F","F","F","F","F","F","F","","","","F","F","F","F","F","","","","",0,5,0,0,0,0,0,0,0,48,"BAL","TEX","BAL",0,"F","F",1,1,0,25,1,"T","F",0,0,"T","T","campb101","hargm001","F","F",0,0,0,0,0,0,0,0,0,"","","",0,0,0,0,0,0,0,0,0,0,0,0,0,"decid001","F","F","F","F",0,0,0,0,0,0,0,0,0,0,F,F,"1978BAL.EVA.regular.event.csv",754
"BAL197805030","TEX",7,0,2,0,0,"",1,1,"campb101","?","campb101","?","stand101","?","stand101","?","dempr001","murre001","smitb101","decid001","garck001","bumba001","harll101","singk001","","","","K","F","F",6,9,3,"T","T",0,"F","F",1,"F","F",0,"F","F",0,"","F","F","",0,0,"N",0,"N",0,"N",0,0,0,0,"2","","","","F","F","F","F","F","F","F","F","F","","","","F","F","F","F","F","","","","",0,2,0,0,0,0,0,0,0,49,"BAL","TEX","BAL",0,"F","T",1,1,0,26,2,"T","F",0,0,"T","T","hargm001","willb101","F","F",0,0,0,0,0,0,0,0,0,"","","",0,0,0,0,0,0,0,0,0,0,0,0,0,"","F","F","F","F",0,0,0,0,0,0,0,0,0,0,F,F,"1978BAL.EVA.regular.event.csv",755
"BAL197805030","TEX",7,1,0,0,0,"",1,1,"singk001","?","singk001","?","alexd001","?","alexd001","?","sundj001","hargm001","willb101","harrt001","campb101","lowej001","benij001","ziskr101","","","","S9","T","F",9,4,20,"T","T",1,"F","F",0,"F","F",0,"F","F",9,"","F","F","",0,0,"N",0,"N",0,"N",1,0,0,0,"","","","","F","F","F","F","F","F","F","F","F","","","","F","F","F","F","F","","","","",0,0,0,0,0,0,0,0,0,50,"BAL","BAL","TEX",1,"T","F",1,1,0,21,0,"T","F",0,1,"T","T","harll101","may-l101","T","T",0,0,0,0,0,0,0,0,0,"","","",0,0,0,0,0,0,0,0,0,0,0,0,0,"ziskr101","F","F","F","F",0,0,0,0,0,0,0,0,0,0,F,F,"1978BAL.EVA.regular.event.csv",756
"BAL197805030","TEX",7,1,0,0,0,"",1,1,"harll101","?","harll101","?","alexd001","?","alexd001","?","sundj001","hargm001","willb101","harrt001","campb101","lowej001","benij001","ziskr101","singk001","","","16(1)3/GDP","F","F",8,5,2,"T","T",0,"F","F",2,"T","F",0,"F","F",1,"G","F","F","",0,0,"N",0,"N",0,"N",0,0,0,0,"63","16","","","F","F","F","F","F","F","F","F","F","alexd001","","","F","F","F","F","F","","","","",0,6,3,0,1,6,0,0,0,51,"BAL","BAL","TEX",1,"F","F",1,1,0,22,1,"T","F",1,0,"T","T","may-l101","decid001","T","T",9,4,50,0,0,0,0,0,0,"sundj001","","",0,0,0,0,0,0,0,0,0,0,0,0,0,"alexd001","T","F","F","F",0,0,0,0,0,0,0,0,0,0,F,F,"1978BAL.EVA.regular.event.csv",757
"BAL197805030","TEX",7,1,2,0,0,"",1,1,"may-l101","?","may-l101","?","alexd001","?","alexd001","?","sundj001","hargm001","willb101","harrt001","campb101","lowej001","benij001","ziskr101","","","","8","F","F",10,6,2,"T","T",0,"F","F",1,"F","F",0,"F","F",8,"F","F","F","",0,0,"N",0,"N",0,"N",0,0,0,0,"8","","","","F","F","F","F","F","F","F","F","F","","","","F","F","F","F","F","","","","",0,8,0,0,0,0,0,0,0,52,"BAL","BAL","TEX",1,"F","T",1,1,0,23,2,"T","F",0,0,"T","T","decid001","dempr001","T","T",0,0,0,0,0,0,0,0,0,"","","",0,0,0,0,0,0,0,0,0,0,0,0,0,"benij001","F","F","F","F",0,0,0,0,0,0,0,0,0,0,F,F,"1978BAL.EVA.regular.event.csv",758
"BAL197805030","TEX",8,0,0,0,0,"",1,1,"hargm001","?","hargm001","?","stand101","?","stand101","?","dempr001","murre001","smitb101","decid001","garck001","bumba001","harll101","singk001","","","","63","T","F",3,1,2,"T","T",0,"F","F",1,"F","F",0,"F","F",6,"G","F","F","",0,0,"N",0,"N",0,"N",0,0,0,0,"63","","","","F","F","F","F","F","F","F","F","F","","","","F","F","F","F","F","","","","",0,3,0,0,6,0,0,0,0,53,"BAL","TEX","BAL",0,"T","F",1,1,0,27,0,"T","F",0,0,"T","T","willb101","lowej001","F","F",0,0,0,0,0,0,0,0,0,"","","",0,0,0,0,0,0,0,0,0,0,0,0,0,"garck001","F","F","F","F",0,0,0,0,1,0,0,0,0,0,F,F,"1978BAL.EVA.regular.event.csv",759
"BAL197805030","TEX",8,0,1,0,0,"",1,1,"willb101","?","willb101","?","stand101","?","stand101","?","dempr001","murre001","smitb101","decid001","garck001","bumba001","harll101","singk001","","","","W","F","F",4,2,14,"T","F",0,"F","F",0,"F","F",0,"F","F",0,"","F","F","",0,0,"N",0,"N",0,"N",1,0,0,0,"","","","","F","F","F","F","F","F","F","F","F","","","","F","F","F","F","F","","","","",0,0,0,0,0,0,0,0,0,54,"BAL","TEX","BAL",0,"F","F",1,1,0,28,1,"T","F",0,1,"T","T","lowej001","ziskr101","F","F",0,0,0,0,0,0,0,0,0,"","","",0,0,0,0,0,0,0,0,0,0,0,0,0,"","F","F","F","F",4,0,0,0,1,0,0,0,0,0,F,F,"1978BAL.EVA.regular.event.csv",760
"BAL197805030","TEX",8,0,1,0,0,"",1,1,"lowej001","?","lowej001","?","stand101","?","stand101","?","dempr001","murre001","smitb101","decid001","garck001","bumba001","harll101","singk001","willb101","","","SB2#","F","F",7,3,4,"F","F",0,"F","F",0,"F","F",0,"F","F",0,"","F","F","",0,0,"N",0,"N",0,"N",0,2,0,0,"","","","","T","F","F","F","F","F","F","F","F","stand101","","","F","F","F","F","F","","","","",0,0,0,0,0,0,0,0,0,55,"BAL","TEX","BAL",0,"F","F",1,1,0,29,2,"T","F",1,2,"F","F","ziskr101","washc001","F","F",4,2,54,0,0,0,0,0,0,"dempr001","","",0,0,0,0,0,0,0,0,0,0,0,0,0,"","F","F","F","F",0,4,0,0,1,0,0,0,0,0,F,T,"1978BAL.EVA.regular.event.csv",761
"BAL197805030","TEX",8,0,1,0,0,"",1,1,"lowej001","?","lowej001","?","stand101","?","stand101","?","dempr001","murre001","smitb101","decid001","garck001","bumba001","harll101","singk001","","willb101","","K/C","F","F",7,3,3,"T","T",0,"F","F",1,"F","F",0,"F","F",0,"","F","F","",0,0,"N",0,"N",0,"N",0,0,2,0,"2","","","","F","F","F","F","F","F","F","F","F","","stand101","","F","F","F","F","F","","","","",0,2,0,0,0,0,0,0,0,56,"BAL","TEX","BAL",0,"F","F",1,1,0,29,2,"F","F",2,2,"F","F","ziskr101","washc001","F","F",0,0,0,4,2,54,0,0,0,"","dempr001","",0,0,0,0,0,0,0,0,0,0,0,0,0,"","F","F","F","F",0,0,4,0,1,0,0,0,0,0,F,F,"1978BAL.EVA.regular.event.csv",762
"BAL197805030","TEX",8,0,2,0,0,"",1,1,"ziskr101","?","ziskr101","?","stand101","?","stand101","?","dempr001","murre001","smitb101","decid001","garck001","bumba001","harll101","singk001","","willb101","","S8.2-H","F","F",9,4,20,"T","T",1,"F","F",0,"F","F",1,"F","F",8,"","F","F","",0,0,"N",0,"N",0,"N",1,0,4,0,"","","","","F","F","F","F","F","F","F","F","F","","stand101","","F","F","F","F","F","","","","",0,0,0,0,0,0,0,0,0,57,"BAL","TEX","BAL",0,"F","F",1,1,0,30,3,"T","F",2,1,"T","T","washc001","harrt001","F","F",0,0,0,4,2,54,0,0,0,"","dempr001","",0,0,0,0,0,0,0,0,0,0,0,0,1,"harll101","F","F","F","F",0,0,4,0,0,0,0,0,0,0,F,F,"1978BAL.EVA.regular.event.csv",763
"BAL197805030","TEX",8,0,2,0,0,"",2,1,"washc001","?","washc001","?","stand101","?","stand101","?","dempr001","murre001","smitb101","decid001","garck001","bumba001","harll101","singk001","ziskr101","","","54(1)/FO","F","F",10,5,2,"T","T",0,"F","F",1,"F","F",0,"F","F",5,"G","F","F","",0,0,"N",0,"N",0,"N",1,0,0,0,"","54","","","F","F","F","F","F","F","F","F","F","stand101","","","F","F","F","F","F","","","","",0,4,0,0,5,0,0,0,0,58,"BAL","TEX","BAL",0,"F","T",2,1,1,31,4,"T","F",1,1,"T","T","harrt001","sundj001","F","F",9,4,57,0,0,0,0,0,0,"dempr001","","",0,0,0,0,0,0,0,0,0,0,0,0,0,"decid001","T","F","F","F",0,0,0,0,0,0,0,0,0,0,F,F,"1978BAL.EVA.regular.event.csv",764
"BAL197805030","TEX",8,1,0,0,0,"",2,1,"decid001","?","decid001","?","alexd001","?","alexd001","?","sundj001","hargm001","willb101","harrt001","campb101","lowej001","benij001","ziskr101","","","","63","T","F",5,7,2,"T","T",0,"F","F",1,"F","F",0,"F","F",6,"G","F","F","",0,0,"N",0,"N",0,"N",0,0,0,0,"63","","","","F","F","F","F","F","F","F","F","F","","","","F","F","F","F","F","","","","",0,3,0,0,6,0,0,0,0,59,"BAL","BAL","TEX",1,"T","F",1,2,0,24,0,"T","F",0,0,"T","T","dempr001","garck001","T","T",0,0,0,0,0,0,0,0,0,"","","",0,0,0,0,0,0,0,0,0,0,0,0,0,"campb101","F","F","F","F",0,0,0,0,0,0,0,0,0,0,F,F,"1978BAL.EVA.regular.event.csv",765
"BAL197805030","TEX",8,1,1,0,0,"",2,1,"dempr001","?","dempr001","?","alexd001","?","alexd001","?","sundj001","hargm001","willb101","harrt001","campb101","lowej001","benij001","ziskr101","","","","E6.B-1","F","F",2,8,18,"T","T",0,"F","F",0,"F","F",0,"F","F",6,"G","F","F","",1,6,"F",0,"N",0,"N",1,0,0,0,"","","","","F","F","F","F","F","F","F","F","F","","","","F","F","F","F","F","","","","",0,0,0,0,0,0,0,0,0,60,"BAL","BAL","TEX",1,"F","F",1,2,0,25,1,"T","F",0,1,"T","T","garck001","bumba001","T","T",0,0,0,0,0,0,0,0,0,"","","",0,0,0,0,0,0,0,0,0,0,0,0,0,"campb101","F","F","F","T",0,0,0,0,0,0,0,0,0,0,F,F,"1978BAL.EVA.regular.event.csv",766
"BAL197805030","TEX",8,1,1,0,0,"",2,1,"crowt101","?","crowt101","?","alexd001","?","alexd001","?","sundj001","hargm001","willb101","harrt001","campb101","lowej001","benij001","ziskr101","dempr001","","","2/FL","F","T",11,9,2,"T","T",0,"F","F",1,"F","F",0,"F","F",2,"F","F","T","",0,0,"N",0,"N",0,"N",0,1,0,0,"2","","","","F","F","F","F","F","F","F","F","F","alexd001","","","F","F","F","F","F","","","","garck001",6,2,0,0,0,0,0,0,0,61,"BAL","BAL","TEX",1,"F","F",1,2,0,26,2,"T","F",1,1,"F","F","bumba001","smitb101","T","T",2,8,60,0,0,0,0,0,0,"sundj001","","",0,0,0,0,0,0,0,0,0,0,0,0,0,"sundj001","F","F","F","F",0,0,0,0,0,0,0,0,0,0,F,F,"1978BAL.EVA.regular.event.csv",767
"BAL197805030","TEX",8,1,2,0,0,"",2,1,"bumba001","?","bumba001","?","alexd001","?","alexd001","?","sundj001","hargm001","willb101","harrt001","campb101","lowej001","benij001","ziskr101","dempr001","","","6(1)/FO","F","F",7,1,2,"T","T",0,"F","F",1,"F","F",0,"F","F",6,"G","F","F","",0,0,"N",0,"N",0,"N",1,0,0,0,"","6","","","F","F","F","F","F","F","F","F","F","alexd001","","","F","F","F","F","F","","","","",0,6,0,0,0,0,0,0,0,62,"BAL","BAL","TEX",1,"F","T",1,2,0,27,3,"T","F",1,1,"T","T","smitb101","murre001","T","T",2,8,60,0,0,0,0,0,0,"sundj001","","",0,0,0,0,0,0,0,0,0,0,0,0,0,"campb101","T","F","F","F",1,0,0,0,0,0,0,0,0,0,F,F,"1978BAL.EVA.regular.event.csv",768
"BAL197805030","TEX",9,0,0,0,0,"",2,1,"harrt001","?","harrt001","?","stand101","?","stand101","?","dempr001","murre001","dauer001","decid001","smitb101","bumba001","harll101","singk001","","","","5/FL","T","F",5,6,2,"T","T",0,"F","F",1,"F","F",0,"F","F",5,"F","F","T","",0,0,"N",0,"N",0,"N",0,0,0,0,"5","","","","F","F","F","F","F","F","F","F","F","","","","F","F","F","F","F","","","","",0,5,0,0,0,0,0,0,0,63,"BAL","TEX","BAL",0,"T","F",2,1,0,32,0,"T","F",0,0,"T","T","sundj001","benij001","F","F",0,0,0,0,0,0,0,0,0,"","","",0,0,0,0,0,0,0,0,0,0,0,0,0,"decid001","F","F","F","F",0,0,0,0,0,0,0,0,0,0,F,F,"1978BAL.EVA.regular.event.csv",769
"BAL197805030","TEX",9,0,1,0,0,"",2,1,"sundj001","?","sundj001","?","stand101","?","stand101","?","dempr001","murre001","dauer001","decid001","smitb101","bumba001","harll101","singk001","","","","63","F","F",2,7,2,"T","T",0,"F","F",1,"F","F",0,"F","F",6,"G","F","F","",0,0,"N",0,"N",0,"N",0,0,0,0,"63","","","","F","F","F","F","F","F","F","F","F","","","","F","F","F","F","F","","","","",0,3,0,0,6,0,0,0,0,64,"BAL","TEX","BAL",0,"F","F",2,1,0,33,1,"T","F",0,0,"T","T","benij001","campb101","F","F",0,0,0,0,0,0,0,0,0,"","","",0,0,0,0,0,0,0,0,0,0,0,0,0,"smitb101","F","F","F","F",0,0,0,0,0,0,0,0,0,0,F,F,"1978BAL.EVA.regular.event.csv",770
"BAL197805030","TEX",9,0,2,0,0,"",2,1,"benij001","?","benij001","?","stand101","?","stand101","?","dempr001","murre001","dauer001","decid001","smitb101","bumba001","harll101","singk001","","","","K","F","F",8,8,3,"T","T",0,"F","F",1,"F","F",0,"F","F",0,"","F","F","",0,0,"N",0,"N",0,"N",0,0,0,0,"2","","","","F","F","F","F","F","F","F","F","F","","","","F","F","F","F","F","","","","",0,2,0,0,0,0,0,0,0,65,"BAL","TEX","BAL",0,"F","T",2,1,0,34,2,"T","F",0,0,"T","T","campb101","hargm001","F","F",0,0,0,0,0,0,0,0,0,"","","",0,0,0,0,0,0,0,0,0,0,0,0,0,"","F","F","F","F",0,0,0,0,0,0,0,0,0,0,F,F,"1978BAL.EVA.regular.event.csv",771
"BAL197805030","TEX",9,1,0,0,0,"",2,1,"smitb101","?","smitb101","?","alexd001","?","alexd001","?","sundj001","hargm001","willb101","harrt001","campb101","lowej001","benij001","ziskr101","","","","K","T","F",6,2,3,"T","T",0,"F","F",1,"F","F",0,"F","F",0,"","F","F","",0,0,"N",0,"N",0,"N",0,0,0,0,"2","","","","F","F","F","F","F","F","F","F","F","","","","F","F","F","F","F","","","","",0,2,0,0,0,0,0,0,0,66,"BAL","BAL","TEX",1,"T","F",1,2,0,28,0,"T","F",0,0,"T","T","murre001","singk001","T","T",0,0,0,0,0,0,0,0,0,"","","",0,0,0,0,0,0,0,0,0,0,0,0,0,"","F","F","F","F",0,0,0,0,0,0,0,0,0,0,F,F,"1978BAL.EVA.regular.event.csv",772
"BAL197805030","TEX",9,1,1,0,0,"",2,1,"murre001","?","murre001","?","alexd001","?","alexd001","?","sundj001","hargm001","willb101","harrt001","campb101","lowej001","benij001","ziskr101","","","","43","F","F",3,3,2,"T","T",0,"F","F",1,"F","F",0,"F","F",4,"G","F","F","",0,0,"N",0,"N",0,"N",0,0,0,0,"43","","","","F","F","F","F","F","F","F","F","F","","","","F","F","F","F","F","","","","",0,3,0,0,4,0,0,0,0,67,"BAL","BAL","TEX",1,"F","F",1,2,0,29,1,"T","F",0,0,"T","T","singk001","harll101","T","T",0,0,0,0,0,0,0,0,0,"","","",0,0,0,0,0,0,0,0,0,0,0,0,0,"willb101","F","F","F","F",0,0,0,0,0,0,0,0,0,0,F,F,"1978BAL.EVA.regular.event.csv",773
"BAL197805030","TEX",9,1,2,0,0,"",2,1,"singk001","?","singk001","?","alexd001","?","alexd001","?","sundj001","hargm001","willb101","harrt001","campb101","lowej001","benij001","ziskr101","","","","43","F","F",9,4,2,"T","T",0,"F","F",1,"F","F",0,"F","F",4,"G","F","F","",0,0,"N",0,"N",0,"N",0,0,0,0,"43","","","","F","F","F","F","F","F","F","F","F","","","","F","T","F","F","F","","","","",0,3,0,0,4,0,0,0,0,68,"BAL","BAL","TEX",1,"F","T",1,2,0,30,2,"T","F",0,0,"T","T","harll101","may-l101","T","T",0,0,0,0,0,0,0,0,0,"","","",0,0,0,0,0,0,0,0,0,0,0,0,0,"willb101","F","F","F","F",0,0,0,0,0,0,0,0,0,0,F,F,"1978BAL.EVA.regular.event.csv",774
"BAL197805050","MIN",1,0,0,0,0,"",0,0,"norww101","?","norww101","?","flanm001","?","flanm001","?","dempr001","murre001","smitb101","decid001","garck001","roeng001","bumba001","lopec101","","","","S.B-1","T","F",9,1,20,"T","T",1,"F","F",0,"F","F",0,"F","F",0,"","F","F","",0,0,"N",0,"N",0,"N",1,0,0,0,"","","","","F","F","F","F","F","F","F","F","F","","","","T","F","F","F","F","","","","",0,0,0,0,0,0,0,0,0,1,"BAL","MIN","BAL",0,"T","F",0,0,0,0,0,"T","F",0,1,"T","T","carer001","fordd001","T","T",0,0,0,0,0,0,0,0,0,"","","",0,0,0,0,0,0,0,0,0,0,0,0,0,"","F","F","F","F",0,0,0,0,0,0,0,0,0,0,F,F,"1978BAL.EVA.regular.event.csv",775
"BAL197805050","MIN",1,0,0,0,0,"",0,0,"carer001","?","carer001","?","flanm001","?","flanm001","?","dempr001","murre001","smitb101","decid001","garck001","roeng001","bumba001","lopec101","norww101","","","S/BG.1-2","F","F",3,2,20,"T","T",1,"F","F",0,"F","F",0,"F","F",0,"G","T","F","",0,0,"N",0,"N",0,"N",1,2,0,0,"","","","","F","F","F","F","F","F","F","F","F","flanm001","","","F","F","F","F","F","","","","",0,0,0,0,0,0,0,0,0,2,"BAL","MIN","BAL",0,"F","F",0,0,0,1,1,"T","F",1,3,"T","T","fordd001","moraj001","T","T",9,1,1,0,0,0,0,0,0,"dempr001","","",0,0,0,0,0,0,0,0,0,0,0,0,0,"","F","F","F","F",0,0,0,0,0,0,0,0,0,0,F,F,"1978BAL.EVA.regular.event.csv",776
"BAL197805050","MIN",1,0,0,0,0,"",0,0,"fordd001","?","fordd001","?","flanm001","?","flanm001","?","dempr001","murre001","smitb101","decid001","garck001","roeng001","bumba001","lopec101","carer001","norww101","","65(2)/FO.1-2","F","F",8,3,2,"T","T",0,"F","F",1,"F","F",0,"F","F",6,"G","F","F","",0,0,"N",0,"N",0,"N",1,2,0,0,"","","65","","F","F","F","F","F","F","F","F","F","flanm001","flanm001","","F","F","F","F","F","","","","",0,5,0,0,6,0,0,0,0,3,"BAL","MIN","BAL",0,"F","F",0,0,0,2,2,"T","F",3,3,"T","T","moraj001","kusic101","T","T",3,2,2,9,1,1,0,0,0,"dempr001","dempr001","",0,0,0,0,0,0,0,0,0,0,0,0,0,"garck001","F","T","F","F",0,0,0,0,0,0,0,0,0,0,F,F,"1978BAL.EVA.regular.event.csv",777
"BAL197805050","MIN",1,0,1,0,0,"",0,0,"moraj001","?","moraj001","?","flanm001","?","flanm001","?","dempr001","murre001","smitb101","decid001","garck001","roeng001","bumba001","lopec101","fordd001","carer001","","23.1-2;2-3","F","F",10,4,2,"T","T",0,"F","F",1,"F","F",0,"F","F",2,"G","F","F","",0,0,"N",0,"N",0,"N",0,2,3,0,"23","","","","F","F","F","F","F","F","F","F","F","flanm001","flanm001","","F","F","F","F","F","","","","",0,3,0,0,2,0,0,0,0,4,"BAL","MIN","BAL",0,"F","F",0,0,0,3,3,"T","F",3,6,"T","T","kusic101","smalr001","T","T",8,3,3,3,2,2,0,0,0,"dempr001","dempr001","",0,0,0,0,0,0,0,0,0,0,0,0,0,"dempr001","F","F","F","F",0,0,0,0,0,0,0,0,0,0,F,F,"1978BAL.EVA.regular.event.csv",778
"BAL197805050","MIN",1,0,2,0,0,"",0,0,"kusic101","?","kusic101","?","flanm001","?","flanm001","?","dempr001","murre001","smitb101","decid001","garck001","roeng001","bumba001","lopec101","","fordd001","carer001","53","F","F",7,5,2,"T","T",0,"F","F",1,"F","F",0,"F","F",5,"G","F","F","",0,0,"N",0,"N",0,"N",0,0,2,3,"53","","","","F","F","F","F","F","F","F","F","F","","flanm001","flanm001","F","F","F","F","F","","","","",0,3,0,0,5,0,0,0,0,5,"BAL","MIN","BAL",0,"F","T",0,0,0,4,4,"T","F",6,6,"T","T","smalr001","wyneb001","T","T",0,0,0,8,3,3,3,2,2,"","dempr001","dempr001",0,0,0,0,0,0,0,0,0,0,0,0,0,"decid001","F","F","F","F",0,0,0,0,0,0,0,0,0,0,F,F,"1978BAL.EVA.regular.event.csv",779
"BAL197805050","MIN",1,1,0,0,0,"",0,0,"bumba001","?","bumba001","?","zahng001","?","zahng001","?","wyneb001","carer001","randb101","wolfl101","smalr001","kusic101","fordd001","norww101","","","","9","T","F",8,1,2,"T","T",0,"F","F",1,"F","F",0,"F","F",9,"F","F","F","",0,0,"N",0,"N",0,"N",0,0,0,0,"9","","","","F","F","F","F","F","F","F","F","F","","","","F","F","F","F","F","","","","",0,9,0,0,0,0,0,0,0,6,"BAL","BAL","MIN",1,"T","F",0,0,0,0,0,"T","F",0,0,"T","T","smitb101","roeng001","T","T",0,0,0,0,0,0,0,0,0,"","","",0,0,0,0,0,0,0,0,0,0,0,0,0,"norww101","F","F","F","F",0,0,0,0,0,0,0,0,0,0,F,F,"1978BAL.EVA.regular.event.csv",780
"BAL197805050","MIN",1,1,1,0,0,"",0,0,"smitb101","?","smitb101","?","zahng001","?","zahng001","?","wyneb001","carer001","randb101","wolfl101","smalr001","kusic101","fordd001","norww101","","","","K","F","F",4,2,3,"T","T",0,"F","F",1,"F","F",0,"F","F",0,"","F","F","",0,0,"N",0,"N",0,"N",0,0,0,0,"2","","","","F","F","F","F","F","F","F","F","F","","","","F","F","F","F","F","","","","",0,2,0,0,0,0,0,0,0,7,"BAL","BAL","MIN",1,"F","F",0,0,0,1,1,"T","F",0,0,"T","T","roeng001","murre001","T","T",0,0,0,0,0,0,0,0,0,"","","",0,0,0,0,0,0,0,0,0,0,0,0,0,"","F","F","F","F",0,0,0,0,0,0,0,0,0,0,F,F,"1978BAL.EVA.regular.event.csv",781
"BAL197805050","MIN",1,1,2,0,0,"",0,0,"roeng001","?","roeng001","?","zahng001","?","zahng001","?","wyneb001","carer001","randb101","wolfl101","smalr001","kusic101","fordd001","norww101","","","","4/L","F","F",7,3,2,"T","T",0,"F","F",1,"F","F",0,"F","F",4,"L","F","F","",0,0,"N",0,"N",0,"N",0,0,0,0,"4","","","","F","F","F","F","F","F","F","F","F","","","","F","F","F","F","F","","","","",0,4,0,0,0,0,0,0,0,8,"BAL","BAL","MIN",1,"F","T",0,0,0,2,2,"T","F",0,0,"T","T","murre001","may-l101","T","T",0,0,0,0,0,0,0,0,0,"","","",0,0,0,0,0,0,0,0,0,0,0,0,0,"randb101","F","F","F","F",0,0,0,0,0,0,0,0,0,0,F,F,"1978BAL.EVA.regular.event.csv",782
"BAL197805050","MIN",2,0,0,0,0,"",0,0,"smalr001","?","smalr001","?","flanm001","?","flanm001","?","dempr001","murre001","smitb101","decid001","garck001","roeng001","bumba001","lopec101","","","","3/FL","T","F",6,6,2,"T","T",0,"F","F",1,"F","F",0,"F","F",3,"F","F","T","",0,0,"N",0,"N",0,"N",0,0,0,0,"3","","","","F","F","F","F","F","F","F","F","F","","","","F","F","F","F","F","","","","",0,3,0,0,0,0,0,0,0,9,"BAL","MIN","BAL",0,"T","F",0,0,0,5,0,"T","F",0,0,"T","T","wyneb001","wolfl101","T","T",0,0,0,0,0,0,0,0,0,"","","",0,0,0,0,0,0,0,0,0,0,0,0,0,"murre001","F","F","F","F",0,0,0,0,0,0,0,0,0,0,F,F,"1978BAL.EVA.regular.event.csv",783
"BAL197805050","MIN",2,0,1,0,0,"",0,0,"wyneb001","?","wyneb001","?","flanm001","?","flanm001","?","dempr001","murre001","smitb101","decid001","garck001","roeng001","bumba001","lopec101","","","","9","F","F",2,7,2,"T","T",0,"F","F",1,"F","F",0,"F","F",9,"F","F","F","",0,0,"N",0,"N",0,"N",0,0,0,0,"9","","","","F","F","F","F","F","F","F","F","F","","","","F","F","F","F","F","","","","",0,9,0,0,0,0,0,0,0,10,"BAL","MIN","BAL",0,"F","F",0,0,0,6,1,"T","F",0,0,"T","T","wolfl101","randb101","T","T",0,0,0,0,0,0,0,0,0,"","","",0,0,0,0,0,0,0,0,0,0,0,0,0,"lopec101","F","F","F","F",0,0,0,0,0,0,0,0,0,0,F,F,"1978BAL.EVA.regular.event.csv",784
"BAL197805050","MIN",2,0,2,0,0,"",0,0,"wolfl101","?","wolfl101","?","flanm001","?","flanm001","?","dempr001","murre001","smitb101","decid001","garck001","roeng001","bumba001","lopec101","","","","13","F","F",5,8,2,"T","T",0,"F","F",1,"F","F",0,"F","F",1,"G","F","F","",0,0,"N",0,"N",0,"N",0,0,0,0,"13","","","","F","F","F","F","F","F","F","F","F","","","","F","F","F","F","F","","","","",0,3,0,0,1,0,0,0,0,11,"BAL","MIN","BAL",0,"F","T",0,0,0,7,2,"T","F",0,0,"T","T","randb101","norww101","T","T",0,0,0,0,0,0,0,0,0,"","","",0,0,0,0,0,0,0,0,0,0,0,0,0,"flanm001","F","F","F","F",0,0,0,0,0,0,0,0,0,0,F,F,"1978BAL.EVA.regular.event.csv",785
"BAL197805050","MIN",2,1,0,0,0,"",0,0,"murre001","?","murre001","?","zahng001","?","zahng001","?","wyneb001","carer001","randb101","wolfl101","smalr001","kusic101","fordd001","norww101","","","","53","T","F",3,4,2,"T","T",0,"F","F",1,"F","F",0,"F","F",5,"G","F","F","",0,0,"N",0,"N",0,"N",0,0,0,0,"53","","","","F","F","F","F","F","F","F","F","F","","","","F","F","F","F","F","","","","",0,3,0,0,5,0,0,0,0,12,"BAL","BAL","MIN",1,"T","F",0,0,0,3,0,"T","F",0,0,"T","T","may-l101","decid001","T","T",0,0,0,0,0,0,0,0,0,"","","",0,0,0,0,0,0,0,0,0,0,0,0,0,"wolfl101","F","F","F","F",0,0,0,0,0,0,0,0,0,0,F,F,"1978BAL.EVA.regular.event.csv",786
"BAL197805050","MIN",2,1,1,0,0,"",0,0,"may-l101","?","may-l101","?","zahng001","?","zahng001","?","wyneb001","carer001","randb101","wolfl101","smalr001","kusic101","fordd001","norww101","","","","9","F","F",10,5,2,"T","T",0,"F","F",1,"F","F",0,"F","F",9,"F","F","F","",0,0,"N",0,"N",0,"N",0,0,0,0,"9","","","","F","F","F","F","F","F","F","F","F","","","","F","F","F","F","F","","","","",0,9,0,0,0,0,0,0,0,13,"BAL","BAL","MIN",1,"F","F",0,0,0,4,1,"T","F",0,0,"T","T","decid001","lopec101","T","T",0,0,0,0,0,0,0,0,0,"","","",0,0,0,0,0,0,0,0,0,0,0,0,0,"norww101","F","F","F","F",0,0,0,0,0,0,0,0,0,0,F,F,"1978BAL.EVA.regular.event.csv",787
"BAL197805050","MIN",2,1,2,0,0,"",0,0,"decid001","?","decid001","?","zahng001","?","zahng001","?","wyneb001","carer001","randb101","wolfl101","smalr001","kusic101","fordd001","norww101","","","","K","F","F",5,6,3,"T","T",0,"F","F",1,"F","F",0,"F","F",0,"","F","F","",0,0,"N",0,"N",0,"N",0,0,0,0,"2","","","","F","F","F","F","F","F","F","F","F","","","","F","F","F","F","F","","","","",0,2,0,0,0,0,0,0,0,14,"BAL","BAL","MIN",1,"F","T",0,0,0,5,2,"T","F",0,0,"T","T","lopec101","dempr001","T","T",0,0,0,0,0,0,0,0,0,"","","",0,0,0,0,0,0,0,0,0,0,0,0,0,"","F","F","F","F",0,0,0,0,0,0,0,0,0,0,F,F,"1978BAL.EVA.regular.event.csv",788
"BAL197805050","MIN",3,0,0,0,0,"",0,0,"randb101","?","randb101","?","flanm001","?","flanm001","?","dempr001","murre001","smitb101","decid001","garck001","roeng001","bumba001","lopec101","","","","K/C","T","F",4,9,3,"T","T",0,"F","F",1,"F","F",0,"F","F",0,"","F","F","",0,0,"N",0,"N",0,"N",0,0,0,0,"2","","","","F","F","F","F","F","F","F","F","F","","","","F","F","F","F","F","","","","",0,2,0,0,0,0,0,0,0,15,"BAL","MIN","BAL",0,"T","F",0,0,0,8,0,"T","F",0,0,"T","T","norww101","carer001","T","T",0,0,0,0,0,0,0,0,0,"","","",0,0,0,0,0,0,0,0,0,0,0,0,0,"","F","F","F","F",0,0,0,0,0,0,0,0,0,0,F,F,"1978BAL.EVA.regular.event.csv",789
"BAL197805050","MIN",3,0,1,0,0,"",0,0,"norww101","?","norww101","?","flanm001","?","flanm001","?","dempr001","murre001","smitb101","decid001","garck001","roeng001","bumba001","lopec101","","","","W","F","F",9,1,14,"T","F",0,"F","F",0,"F","F",0,"F","F",0,"","F","F","",0,0,"N",0,"N",0,"N",1,0,0,0,"","","","","F","F","F","F","F","F","F","F","F","","","","F","F","F","F","F","","","","",0,0,0,0,0,0,0,0,0,16,"BAL","MIN","BAL",0,"F","F",0,0,0,9,1,"T","F",0,1,"T","T","carer001","fordd001","T","T",0,0,0,0,0,0,0,0,0,"","","",0,0,0,0,0,0,0,0,0,0,0,0,0,"","F","F","F","F",0,0,0,0,0,0,0,0,0,0,F,F,"1978BAL.EVA.regular.event.csv",790
"BAL197805050","MIN",3,0,1,0,0,"",0,0,"carer001","?","carer001","?","flanm001","?","flanm001","?","dempr001","murre001","smitb101","decid001","garck001","roeng001","bumba001","lopec101","norww101","","","K/C","F","F",3,2,3,"T","T",0,"F","F",1,"F","F",0,"F","F",0,"","F","F","",0,0,"N",0,"N",0,"N",0,1,0,0,"2","","","","F","F","F","F","F","F","F","F","F","flanm001","","","F","F","F","F","F","","","","",0,2,0,0,0,0,0,0,0,17,"BAL","MIN","BAL",0,"F","F",0,0,0,10,2,"T","F",1,1,"T","T","fordd001","moraj001","T","T",9,1,16,0,0,0,0,0,0,"dempr001","","",0,0,0,0,0,0,0,0,0,0,0,0,0,"","F","F","F","F",0,0,0,0,0,0,0,0,0,0,F,F,"1978BAL.EVA.regular.event.csv",791
"BAL197805050","MIN",3,0,2,0,0,"",0,0,"fordd001","?","fordd001","?","flanm001","?","flanm001","?","dempr001","murre001","smitb101","decid001","garck001","roeng001","bumba001","lopec101","norww101","","","CS2(24)","F","F",8,3,6,"F","F",0,"F","F",1,"F","F",0,"F","F",0,"","F","F","",0,0,"N",0,"N",0,"N",0,0,0,0,"","24","","","F","F","F","T","F","F","F","F","F","flanm001","","","F","F","F","F","F","","","","",0,4,0,0,2,0,0,0,0,18,"BAL","MIN","BAL",0,"F","T",0,0,0,11,3,"T","T",1,0,"T","T","moraj001","kusic101","T","T",9,1,16,0,0,0,0,0,0,"dempr001","","",0,0,0,0,0,0,0,0,0,0,0,0,0,"","F","F","F","F",0,0,0,0,0,0,0,0,0,0,F,F,"1978BAL.EVA.regular.event.csv",792
"BAL197805050","MIN",3,1,0,0,0,"",0,0,"lopec101","?","lopec101","?","zahng001","?","zahng001","?","wyneb001","carer001","randb101","wolfl101","smalr001","kusic101","fordd001","norww101","","","","1/L","T","F",9,7,2,"T","T",0,"F","F",1,"F","F",0,"F","F",1,"L","F","F","",0,0,"N",0,"N",0,"N",0,0,0,0,"1","","","","F","F","F","F","F","F","F","F","F","","","","F","F","F","F","F","","","","",0,1,0,0,0,0,0,0,0,19,"BAL","BAL","MIN",1,"T","F",0,0,0,6,0,"T","F",0,0,"T","T","dempr001","garck001","T","T",0,0,0,0,0,0,0,0,0,"","","",0,0,0,0,0,0,0,0,0,0,0,0,0,"zahng001","F","F","F","F",0,0,0,0,0,0,0,0,0,0,F,F,"1978BAL.EVA.regular.event.csv",793
"BAL197805050","MIN",3,1,1,0,0,"",0,0,"dempr001","?","dempr001","?","zahng001","?","zahng001","?","wyneb001","carer001","randb101","wolfl101","smalr001","kusic101","fordd001","norww101","","","","8","F","F",2,8,2,"T","T",0,"F","F",1,"F","F",0,"F","F",8,"F","F","F","",0,0,"N",0,"N",0,"N",0,0,0,0,"8","","","","F","F","F","F","F","F","F","F","F","","","","F","F","F","F","F","","","","",0,8,0,0,0,0,0,0,0,20,"BAL","BAL","MIN",1,"F","F",0,0,0,7,1,"T","F",0,0,"T","T","garck001","bumba001","T","T",0,0,0,0,0,0,0,0,0,"","","",0,0,0,0,0,0,0,0,0,0,0,0,0,"fordd001","F","F","F","F",0,0,0,0,0,0,0,0,0,0,F,F,"1978BAL.EVA.regular.event.csv",794
"BAL197805050","MIN",3,1,2,0,0,"",0,0,"garck001","?","garck001","?","zahng001","?","zahng001","?","wyneb001","carer001","randb101","wolfl101","smalr001","kusic101","fordd001","norww101","","","","D8","F","F",6,9,21,"T","T",2,"F","F",0,"F","F",0,"F","F",8,"","F","F","",0,0,"N",0,"N",0,"N",2,0,0,0,"","","","","F","F","F","F","F","F","F","F","F","","","","F","F","F","F","F","","","","",0,0,0,0,0,0,0,0,0,21,"BAL","BAL","MIN",1,"F","F",0,0,0,8,2,"T","F",0,2,"T","T","bumba001","smitb101","T","T",0,0,0,0,0,0,0,0,0,"","","",0,0,0,0,0,0,0,0,0,0,0,0,0,"fordd001","F","F","F","F",0,0,0,0,0,0,0,0,0,0,F,F,"1978BAL.EVA.regular.event.csv",795
"BAL197805050","MIN",3,1,2,0,0,"",0,0,"bumba001","?","bumba001","?","zahng001","?","zahng001","?","wyneb001","carer001","randb101","wolfl101","smalr001","kusic101","fordd001","norww101","","garck001","","143","F","F",8,1,2,"T","T",0,"F","F",1,"F","F",0,"F","F",1,"G","F","F","",0,0,"N",0,"N",0,"N",0,0,2,0,"143","","","","F","F","F","F","F","F","F","F","F","","zahng001","","F","F","F","F","F","","","","",0,3,0,0,1,4,0,0,0,22,"BAL","BAL","MIN",1,"F","T",0,0,0,9,3,"T","F",2,2,"T","T","smitb101","roeng001","T","T",0,0,0,6,9,21,0,0,0,"","wyneb001","",0,0,0,0,0,0,0,0,0,0,0,0,0,"zahng001","F","F","F","F",0,0,0,0,0,0,0,0,0,0,F,F,"1978BAL.EVA.regular.event.csv",796
"BAL197805050","MIN",4,0,0,0,0,"",0,0,"fordd001","?","fordd001","?","flanm001","?","flanm001","?","dempr001","murre001","smitb101","decid001","garck001","roeng001","bumba001","lopec101","","","","63","T","F",8,3,2,"T","T",0,"F","F",1,"F","F",0,"F","F",6,"G","F","F","",0,0,"N",0,"N",0,"N",0,0,0,0,"63","","","","F","F","F","F","F","F","F","F","F","","","","F","F","F","F","F","","","","",0,3,0,0,6,0,0,0,0,23,"BAL","MIN","BAL",0,"T","F",0,0,0,11,0,"T","F",0,0,"T","T","moraj001","kusic101","T","T",0,0,0,0,0,0,0,0,0,"","","",0,0,0,0,0,0,0,0,0,0,0,0,0,"garck001","F","F","F","F",0,0,0,0,0,0,0,0,0,0,F,F,"1978BAL.EVA.regular.event.csv",797
"BAL197805050","MIN",4,0,1,0,0,"",0,0,"moraj001","?","moraj001","?","flanm001","?","flanm001","?","dempr001","murre001","smitb101","decid001","garck001","roeng001","bumba001","lopec101","","","","13","F","F",10,4,2,"T","T",0,"F","F",1,"F","F",0,"F","F",1,"G","F","F","",0,0,"N",0,"N",0,"N",0,0,0,0,"13","","","","F","F","F","F","F","F","F","F","F","","","","F","F","F","F","F","","","","",0,3,0,0,1,0,0,0,0,24,"BAL","MIN","BAL",0,"F","F",0,0,0,12,1,"T","F",0,0,"T","T","kusic101","smalr001","T","T",0,0,0,0,0,0,0,0,0,"","","",0,0,0,0,0,0,0,0,0,0,0,0,0,"flanm001","F","F","F","F",0,0,0,0,0,0,0,0,0,0,F,F,"1978BAL.EVA.regular.event.csv",798
"BAL197805050","MIN",4,0,2,0,0,"",0,0,"kusic101","?","kusic101","?","flanm001","?","flanm001","?","dempr001","murre001","smitb101","decid001","garck001","roeng001","bumba001","lopec101","","","","43","F","F",7,5,2,"T","T",0,"F","F",1,"F","F",0,"F","F",4,"G","F","F","",0,0,"N",0,"N",0,"N",0,0,0,0,"43","","","","F","F","F","F","F","F","F","F","F","","","","F","F","F","F","F","","","","",0,3,0,0,4,0,0,0,0,25,"BAL","MIN","BAL",0,"F","T",0,0,0,13,2,"T","F",0,0,"T","T","smalr001","wyneb001","T","T",0,0,0,0,0,0,0,0,0,"","","",0,0,0,0,0,0,0,0,0,0,0,0,0,"smitb101","F","F","F","F",0,0,0,0,0,0,0,0,0,0,F,F,"1978BAL.EVA.regular.event.csv",799
"BAL197805050","MIN",4,1,0,0,0,"",0,0,"smitb101","?","smitb101","?","zahng001","?","zahng001","?","wyneb001","carer001","randb101","wolfl101","smalr001","kusic101","fordd001","norww101","","","","53","T","F",4,2,2,"T","T",0,"F","F",1,"F","F",0,"F","F",5,"G","F","F","",0,0,"N",0,"N",0,"N",0,0,0,0,"53","","","","F","F","F","F","F","F","F","F","F","","","","F","F","F","F","F","","","","",0,3,0,0,5,0,0,0,0,26,"BAL","BAL","MIN",1,"T","F",0,0,0,10,0,"T","F",0,0,"T","T","roeng001","murre001","T","T",0,0,0,0,0,0,0,0,0,"","","",0,0,0,0,0,0,0,0,0,0,0,0,0,"wolfl101","F","F","F","F",0,0,0,0,0,0,0,0,0,0,F,F,"1978BAL.EVA.regular.event.csv",800
"BAL197805050","MIN",4,1,1,0,0,"",0,0,"roeng001","?","roeng001","?","zahng001","?","zahng001","?","wyneb001","carer001","randb101","wolfl101","smalr001","kusic101","fordd001","norww101","","","","43","F","F",7,3,2,"T","T",0,"F","F",1,"F","F",0,"F","F",4,"G","F","F","",0,0,"N",0,"N",0,"N",0,0,0,0,"43","","","","F","F","F","F","F","F","F","F","F","","","","F","F","F","F","F","","","","",0,3,0,0,4,0,0,0,0,27,"BAL","BAL","MIN",1,"F","F",0,0,0,11,1,"T","F",0,0,"T","T","murre001","may-l101","T","T",0,0,0,0,0,0,0,0,0,"","","",0,0,0,0,0,0,0,0,0,0,0,0,0,"randb101","F","F","F","F",0,0,0,0,0,0,0,0,0,0,F,F,"1978BAL.EVA.regular.event.csv",801
"BAL197805050","MIN",4,1,2,0,0,"",0,0,"murre001","?","murre001","?","zahng001","?","zahng001","?","wyneb001","carer001","randb101","wolfl101","smalr001","kusic101","fordd001","norww101","","","","D7","F","F",3,4,21,"T","T",2,"F","F",0,"F","F",0,"F","F",7,"","F","F","",0,0,"N",0,"N",0,"N",2,0,0,0,"","","","","F","F","F","F","F","F","F","F","F","","","","F","F","F","F","F","","","","",0,0,0,0,0,0,0,0,0,28,"BAL","BAL","MIN",1,"F","F",0,0,0,12,2,"T","F",0,2,"T","T","may-l101","decid001","T","T",0,0,0,0,0,0,0,0,0,"","","",0,0,0,0,0,0,0,0,0,0,0,0,0,"kusic101","F","F","F","F",0,0,0,0,0,0,0,0,0,0,F,F,"1978BAL.EVA.regular.event.csv",802
"BAL197805050","MIN",4,1,2,0,0,"",0,0,"may-l101","?","may-l101","?","zahng001","?","zahng001","?","wyneb001","carer001","randb101","wolfl101","smalr001","kusic101","fordd001","norww101","","murre001","","K/C","F","F",10,5,3,"T","T",0,"F","F",1,"F","F",0,"F","F",0,"","F","F","",0,0,"N",0,"N",0,"N",0,0,2,0,"2","","","","F","F","F","F","F","F","F","F","F","","zahng001","","F","F","F","F","F","","","","",0,2,0,0,0,0,0,0,0,29,"BAL","BAL","MIN",1,"F","T",0,0,0,13,3,"T","F",2,2,"T","T","decid001","lopec101","T","T",0,0,0,3,4,28,0,0,0,"","wyneb001","",0,0,0,0,0,0,0,0,0,0,0,0,0,"","F","F","F","F",0,0,0,0,0,0,0,0,0,0,F,F,"1978BAL.EVA.regular.event.csv",803
"BAL197805050","MIN",5,0,0,0,0,"",0,0,"smalr001","?","smalr001","?","flanm001","?","flanm001","?","dempr001","murre001","smitb101","decid001","garck001","roeng001","bumba001","lopec101","","","","53","T","F",6,6,2,"T","T",0,"F","F",1,"F","F",0,"F","F",5,"G","F","F","",0,0,"N",0,"N",0,"N",0,0,0,0,"53","","","","F","F","F","F","F","F","F","F","F","","","","F","F","F","F","F","","","","",0,3,0,0,5,0,0,0,0,30,"BAL","MIN","BAL",0,"T","F",0,0,0,14,0,"T","F",0,0,"T","T","wyneb001","wolfl101","T","T",0,0,0,0,0,0,0,0,0,"","","",0,0,0,0,0,0,0,0,0,0,0,0,0,"decid001","F","F","F","F",0,0,0,0,0,0,0,0,0,0,F,F,"1978BAL.EVA.regular.event.csv",804
"BAL197805050","MIN",5,0,1,0,0,"",0,0,"wyneb001","?","wyneb001","?","flanm001","?","flanm001","?","dempr001","murre001","smitb101","decid001","garck001","roeng001","bumba001","lopec101","","","","4","F","F",2,7,2,"T","T",0,"F","F",1,"F","F",0,"F","F",4,"F","F","F","",0,0,"N",0,"N",0,"N",0,0,0,0,"4","","","","F","F","F","F","F","F","F","F","F","","","","F","F","F","F","F","","","","",0,4,0,0,0,0,0,0,0,31,"BAL","MIN","BAL",0,"F","F",0,0,0,15,1,"T","F",0,0,"T","T","wolfl101","randb101","T","T",0,0,0,0,0,0,0,0,0,"","","",0,0,0,0,0,0,0,0,0,0,0,0,0,"smitb101","F","F","F","F",0,0,0,0,0,0,0,0,0,0,F,F,"1978BAL.EVA.regular.event.csv",805
"BAL197805050","MIN",5,0,2,0,0,"",0,0,"wolfl101","?","wolfl101","?","flanm001","?","flanm001","?","dempr001","murre001","smitb101","decid001","garck001","roeng001","bumba001","lopec101","","","","43","F","F",5,8,2,"T","T",0,"F","F",1,"F","F",0,"F","F",4,"G","F","F","",0,0,"N",0,"N",0,"N",0,0,0,0,"43","","","","F","F","F","F","F","F","F","F","F","","","","F","F","F","F","F","","","","",0,3,0,0,4,0,0,0,0,32,"BAL","MIN","BAL",0,"F","T",0,0,0,16,2,"T","F",0,0,"T","T","randb101","norww101","T","T",0,0,0,0,0,0,0,0,0,"","","",0,0,0,0,0,0,0,0,0,0,0,0,0,"smitb101","F","F","F","F",0,0,0,0,0,0,0,0,0,0,F,F,"1978BAL.EVA.regular.event.csv",806
"BAL197805050","MIN",5,1,0,0,0,"",0,0,"decid001","?","decid001","?","zahng001","?","zahng001","?","wyneb001","carer001","randb101","wolfl101","smalr001","kusic101","fordd001","norww101","","","","8/L","T","F",5,6,2,"T","T",0,"F","F",1,"F","F",0,"F","F",8,"L","F","F","",0,0,"N",0,"N",0,"N",0,0,0,0,"8","","","","F","F","F","F","F","F","F","F","F","","","","F","F","F","F","F","","","","",0,8,0,0,0,0,0,0,0,33,"BAL","BAL","MIN",1,"T","F",0,0,0,14,0,"T","F",0,0,"T","T","lopec101","dempr001","T","T",0,0,0,0,0,0,0,0,0,"","","",0,0,0,0,0,0,0,0,0,0,0,0,0,"fordd001","F","F","F","F",0,0,0,0,0,0,0,0,0,0,F,F,"1978BAL.EVA.regular.event.csv",807
"BAL197805050","MIN",5,1,1,0,0,"",0,0,"lopec101","?","lopec101","?","zahng001","?","zahng001","?","wyneb001","carer001","randb101","wolfl101","smalr001","kusic101","fordd001","norww101","","","","W","F","F",9,7,14,"T","F",0,"F","F",0,"F","F",0,"F","F",0,"","F","F","",0,0,"N",0,"N",0,"N",1,0,0,0,"","","","","F","F","F","F","F","F","F","F","F","","","","F","F","F","F","F","","","","",0,0,0,0,0,0,0,0,0,34,"BAL","BAL","MIN",1,"F","F",0,0,0,15,1,"T","F",0,1,"T","T","dempr001","garck001","T","T",0,0,0,0,0,0,0,0,0,"","","",0,0,0,0,0,0,0,0,0,0,0,0,0,"","F","F","F","F",0,0,0,0,0,0,0,0,0,0,F,F,"1978BAL.EVA.regular.event.csv",808
"BAL197805050","MIN",5,1,1,0,0,"",0,0,"dempr001","?","dempr001","?","zahng001","?","zahng001","?","wyneb001","carer001","randb101","wolfl101","smalr001","kusic101","fordd001","norww101","lopec101","","","8","F","F",2,8,2,"T","T",0,"F","F",1,"F","F",0,"F","F",8,"F","F","F","",0,0,"N",0,"N",0,"N",0,1,0,0,"8","","","","F","F","F","F","F","F","F","F","F","zahng001","","","F","F","F","F","F","","","","",0,8,0,0,0,0,0,0,0,35,"BAL","BAL","MIN",1,"F","F",0,0,0,16,2,"T","F",1,1,"T","T","garck001","bumba001","T","T",9,7,34,0,0,0,0,0,0,"wyneb001","","",0,0,0,0,0,0,0,0,0,0,0,0,0,"fordd001","F","F","F","F",0,0,0,0,0,0,0,0,0,0,F,F,"1978BAL.EVA.regular.event.csv",809
"BAL197805050","MIN",5,1,2,0,0,"",0,0,"garck001","?","garck001","?","zahng001","?","zahng001","?","wyneb001","carer001","randb101","wolfl101","smalr001","kusic101","fordd001","norww101","lopec101","","","S8.1-3","F","F",6,9,20,"T","T",1,"F","F",0,"F","F",0,"F","F",8,"","F","F","",0,0,"N",0,"N",0,"N",1,3,0,0,"","","","","F","F","F","F","F","F","F","F","F","zahng001","","","F","F","F","F","F","","","","",0,0,0,0,0,0,0,0,0,36,"BAL","BAL","MIN",1,"F","F",0,0,0,17,3,"T","F",1,5,"T","T","bumba001","smitb101","T","T",9,7,34,0,0,0,0,0,0,"wyneb001","","",0,0,0,0,0,0,0,0,0,0,0,0,0,"fordd001","F","F","F","F",0,0,0,0,0,0,0,0,0,0,F,F,"1978BAL.EVA.regular.event.csv",810
"BAL197805050","MIN",5,1,2,0,0,"",0,0,"bumba001","?","bumba001","?","zahng001","?","zahng001","?","wyneb001","carer001","randb101","wolfl101","smalr001","kusic101","fordd001","norww101","garck001","","lopec101","53","F","F",8,1,2,"T","T",0,"F","F",1,"F","F",0,"F","F",5,"G","F","F","",0,0,"N",0,"N",0,"N",0,1,0,3,"53","","","","F","F","F","F","F","F","F","F","F","zahng001","","zahng001","F","F","F","F","F","","","","",0,3,0,0,5,0,0,0,0,37,"BAL","BAL","MIN",1,"F","T",0,0,0,18,4,"T","F",5,5,"T","T","smitb101","roeng001","T","T",6,9,36,0,0,0,9,7,34,"wyneb001","","wyneb001",0,0,0,0,0,0,0,0,0,0,0,0,0,"wolfl101","F","F","F","F",0,0,0,0,0,0,0,0,0,0,F,F,"1978BAL.EVA.regular.event.csv",811
"BAL197805050","MIN",6,0,0,0,0,"",0,0,"randb101","?","randb101","?","flanm001","?","flanm001","?","dempr001","murre001","smitb101","decid001","garck001","roeng001","bumba001","lopec101","","","","43","T","F",4,9,2,"T","T",0,"F","F",1,"F","F",0,"F","F",4,"G","F","F","",0,0,"N",0,"N",0,"N",0,0,0,0,"43","","","","F","F","F","F","F","F","F","F","F","","","","F","F","F","F","F","","","","",0,3,0,0,4,0,0,0,0,38,"BAL","MIN","BAL",0,"T","F",0,0,0,17,0,"T","F",0,0,"T","T","norww101","carer001","T","T",0,0,0,0,0,0,0,0,0,"","","",0,0,0,0,0,0,0,0,0,0,0,0,0,"smitb101","F","F","F","F",0,0,0,0,0,0,0,0,0,0,F,F,"1978BAL.EVA.regular.event.csv",812
"BAL197805050","MIN",6,0,1,0,0,"",0,0,"norww101","?","norww101","?","flanm001","?","flanm001","?","dempr001","murre001","smitb101","decid001","garck001","roeng001","bumba001","lopec101","","","","13/BG","F","F",9,1,2,"T","T",0,"F","F",1,"F","F",0,"F","F",1,"G","T","F","",0,0,"N",0,"N",0,"N",0,0,0,0,"13","","","","F","F","F","F","F","F","F","F","F","","","","F","F","F","F","F","","","","",0,3,0,0,1,0,0,0,0,39,"BAL","MIN","BAL",0,"F","F",0,0,0,18,1,"T","F",0,0,"T","T","carer001","fordd001","T","T",0,0,0,0,0,0,0,0,0,"","","",0,0,0,0,0,0,0,0,0,0,0,0,0,"flanm001","F","F","F","F",0,0,0,0,0,0,0,0,0,0,F,F,"1978BAL.EVA.regular.event.csv",813
"BAL197805050","MIN",6,0,2,0,0,"",0,0,"carer001","?","carer001","?","flanm001","?","flanm001","?","dempr001","murre001","smitb101","decid001","garck001","roeng001","bumba001","lopec101","","","","K/C","F","F",3,2,3,"T","T",0,"F","F",1,"F","F",0,"F","F",0,"","F","F","",0,0,"N",0,"N",0,"N",0,0,0,0,"2","","","","F","F","F","F","F","F","F","F","F","","","","F","F","F","F","F","","","","",0,2,0,0,0,0,0,0,0,40,"BAL","MIN","BAL",0,"F","T",0,0,0,19,2,"T","F",0,0,"T","T","fordd001","moraj001","T","T",0,0,0,0,0,0,0,0,0,"","","",0,0,0,0,0,0,0,0,0,0,0,0,0,"","F","F","F","F",0,0,0,0,0,0,0,0,0,0,F,F,"1978BAL.EVA.regular.event.csv",814
"BAL197805050","MIN",6,1,0,0,0,"",0,0,"smitb101","?","smitb101","?","zahng001","?","zahng001","?","wyneb001","carer001","randb101","wolfl101","smalr001","kusic101","fordd001","norww101","","","","3/L","T","F",4,2,2,"T","T",0,"F","F",1,"F","F",0,"F","F",3,"L","F","F","",0,0,"N",0,"N",0,"N",0,0,0,0,"3","","","","F","F","F","F","F","F","F","F","F","","","","F","F","F","F","F","","","","",0,3,0,0,0,0,0,0,0,41,"BAL","BAL","MIN",1,"T","F",0,0,0,19,0,"T","F",0,0,"T","T","roeng001","murre001","T","T",0,0,0,0,0,0,0,0,0,"","","",0,0,0,0,0,0,0,0,0,0,0,0,0,"carer001","F","F","F","F",0,0,0,0,0,0,0,0,0,0,F,F,"1978BAL.EVA.regular.event.csv",815
"BAL197805050","MIN",6,1,1,0,0,"",0,0,"roeng001","?","roeng001","?","zahng001","?","zahng001","?","wyneb001","carer001","randb101","wolfl101","smalr001","kusic101","fordd001","norww101","","","","8","F","F",7,3,2,"T","T",0,"F","F",1,"F","F",0,"F","F",8,"F","F","F","",0,0,"N",0,"N",0,"N",0,0,0,0,"8","","","","F","F","F","F","F","F","F","F","F","","","","F","F","F","F","F","","","","",0,8,0,0,0,0,0,0,0,42,"BAL","BAL","MIN",1,"F","F",0,0,0,20,1,"T","F",0,0,"T","T","murre001","may-l101","T","T",0,0,0,0,0,0,0,0,0,"","","",0,0,0,0,0,0,0,0,0,0,0,0,0,"fordd001","F","F","F","F",0,0,0,0,0,0,0,0,0,0,F,F,"1978BAL.EVA.regular.event.csv",816
"BAL197805050","MIN",6,1,2,0,0,"",0,0,"murre001","?","murre001","?","zahng001","?","zahng001","?","wyneb001","carer001","randb101","wolfl101","smalr001","kusic101","fordd001","norww101","","","","9","F","F",3,4,2,"T","T",0,"F","F",1,"F","F",0,"F","F",9,"F","F","F","",0,0,"N",0,"N",0,"N",0,0,0,0,"9","","","","F","F","F","F","F","F","F","F","F","","","","F","F","F","F","F","","","","",0,9,0,0,0,0,0,0,0,43,"BAL","BAL","MIN",1,"F","T",0,0,0,21,2,"T","F",0,0,"T","T","may-l101","decid001","T","T",0,0,0,0,0,0,0,0,0,"","","",0,0,0,0,0,0,0,0,0,0,0,0,0,"norww101","F","F","F","F",0,0,0,0,0,0,0,0,0,0,F,F,"1978BAL.EVA.regular.event.csv",817
"BAL197805050","MIN",7,0,0,0,0,"",0,0,"fordd001","?","fordd001","?","flanm001","?","flanm001","?","dempr001","murre001","smitb101","decid001","garck001","roeng001","bumba001","lopec101","","","","K","T","F",8,3,3,"T","T",0,"F","F",1,"F","F",0,"F","F",0,"","F","F","",0,0,"N",0,"N",0,"N",0,0,0,0,"2","","","","F","F","F","F","F","F","F","F","F","","","","F","F","F","F","F","","","","",0,2,0,0,0,0,0,0,0,44,"BAL","MIN","BAL",0,"T","F",0,0,0,20,0,"T","F",0,0,"T","T","moraj001","kusic101","T","T",0,0,0,0,0,0,0,0,0,"","","",0,0,0,0,0,0,0,0,0,0,0,0,0,"","F","F","F","F",0,0,0,0,0,0,0,0,0,0,F,F,"1978BAL.EVA.regular.event.csv",818
"BAL197805050","MIN",7,0,1,0,0,"",0,0,"moraj001","?","moraj001","?","flanm001","?","flanm001","?","dempr001","murre001","smitb101","decid001","garck001","roeng001","bumba001","lopec101","","","","W","F","F",10,4,14,"T","F",0,"F","F",0,"F","F",0,"F","F",0,"","F","F","",0,0,"N",0,"N",0,"N",1,0,0,0,"","","","","F","F","F","F","F","F","F","F","F","","","","F","F","F","F","F","","","","",0,0,0,0,0,0,0,0,0,45,"BAL","MIN","BAL",0,"F","F",0,0,0,21,1,"T","F",0,1,"T","T","kusic101","smalr001","T","T",0,0,0,0,0,0,0,0,0,"","","",0,0,0,0,0,0,0,0,0,0,0,0,0,"","F","F","F","F",0,0,0,0,0,0,0,0,0,0,F,F,"1978BAL.EVA.regular.event.csv",819
"BAL197805050","MIN",7,0,1,0,0,"",0,0,"kusic101","?","kusic101","?","flanm001","?","flanm001","?","dempr001","murre001","smitb101","decid001","garck001","roeng001","bumba001","lopec101","moraj001","","","54(1)3/GDP","F","F",7,5,2,"T","T",0,"F","F",2,"T","F",0,"F","F",5,"G","F","F","",0,0,"N",0,"N",0,"N",0,0,0,0,"43","54","","","F","F","F","F","F","F","F","F","F","flanm001","","","F","F","F","F","F","","","","",0,4,3,0,5,4,0,0,0,46,"BAL","MIN","BAL",0,"F","T",0,0,0,22,2,"T","F",1,0,"T","T","smalr001","wyneb001","T","T",10,4,45,0,0,0,0,0,0,"dempr001","","",0,0,0,0,0,0,0,0,0,0,0,0,0,"decid001","T","F","F","F",0,0,0,0,0,0,0,0,0,0,F,F,"1978BAL.EVA.regular.event.csv",820
"BAL197805050","MIN",7,1,0,0,0,"",0,0,"may-l101","?","may-l101","?","zahng001","?","zahng001","?","wyneb001","carer001","randb101","wolfl101","smalr001","kusic101","fordd001","norww101","","","","K","T","F",10,5,3,"T","T",0,"F","F",1,"F","F",0,"F","F",0,"","F","F","",0,0,"N",0,"N",0,"N",0,0,0,0,"2","","","","F","F","F","F","F","F","F","F","F","","","","F","F","F","F","F","","","","",0,2,0,0,0,0,0,0,0,47,"BAL","BAL","MIN",1,"T","F",0,0,0,22,0,"T","F",0,0,"T","T","decid001","lopec101","T","T",0,0,0,0,0,0,0,0,0,"","","",0,0,0,0,0,0,0,0,0,0,0,0,0,"","F","F","F","F",0,0,0,0,0,0,0,0,0,0,F,F,"1978BAL.EVA.regular.event.csv",821
"BAL197805050","MIN",7,1,1,0,0,"",0,0,"decid001","?","decid001","?","zahng001","?","zahng001","?","wyneb001","carer001","randb101","wolfl101","smalr001","kusic101","fordd001","norww101","","","","K","F","F",5,6,3,"T","T",0,"F","F",1,"F","F",0,"F","F",0,"","F","F","",0,0,"N",0,"N",0,"N",0,0,0,0,"2","","","","F","F","F","F","F","F","F","F","F","","","","F","F","F","F","F","","","","",0,2,0,0,0,0,0,0,0,48,"BAL","BAL","MIN",1,"F","F",0,0,0,23,1,"T","F",0,0,"T","T","lopec101","dempr001","T","T",0,0,0,0,0,0,0,0,0,"","","",0,0,0,0,0,0,0,0,0,0,0,0,0,"","F","F","F","F",0,0,0,0,0,0,0,0,0,0,F,F,"1978BAL.EVA.regular.event.csv",822
"BAL197805050","MIN",7,1,2,0,0,"",0,0,"lopec101","?","lopec101","?","zahng001","?","zahng001","?","wyneb001","carer001","randb101","wolfl101","smalr001","kusic101","fordd001","norww101","","","","9","F","F",9,7,2,"T","T",0,"F","F",1,"F","F",0,"F","F",9,"F","F","F","",0,0,"N",0,"N",0,"N",0,0,0,0,"9","","","","F","F","F","F","F","F","F","F","F","","","","F","F","F","F","F","","","","",0,9,0,0,0,0,0,0,0,49,"BAL","BAL","MIN",1,"F","T",0,0,0,24,2,"T","F",0,0,"T","T","dempr001","garck001","T","T",0,0,0,0,0,0,0,0,0,"","","",0,0,0,0,0,0,0,0,0,0,0,0,0,"norww101","F","F","F","F",0,0,0,0,0,0,0,0,0,0,F,F,"1978BAL.EVA.regular.event.csv",823
"BAL197805050","MIN",8,0,0,0,0,"",0,0,"smalr001","?","smalr001","?","flanm001","?","flanm001","?","dempr001","murre001","smitb101","decid001","garck001","roeng001","bumba001","lopec101","","","","S7","T","F",6,6,20,"T","T",1,"F","F",0,"F","F",0,"F","F",7,"","F","F","",0,0,"N",0,"N",0,"N",1,0,0,0,"","","","","F","F","F","F","F","F","F","F","F","","","","F","F","F","F","F","","","","",0,0,0,0,0,0,0,0,0,50,"BAL","MIN","BAL",0,"T","F",0,0,0,23,0,"T","F",0,1,"T","T","wyneb001","wolfl101","T","T",0,0,0,0,0,0,0,0,0,"","","",0,0,0,0,0,0,0,0,0,0,0,0,0,"roeng001","F","F","F","F",0,0,0,0,0,0,0,0,0,0,F,F,"1978BAL.EVA.regular.event.csv",824
"BAL197805050","MIN",8,0,0,0,0,"",0,0,"wyneb001","?","wyneb001","?","flanm001","?","flanm001","?","dempr001","murre001","smitb101","decid001","garck001","roeng001","bumba001","lopec101","smalr001","","","5/FL","F","F",2,7,2,"T","T",0,"F","F",1,"F","F",0,"F","F",5,"F","F","T","",0,0,"N",0,"N",0,"N",0,1,0,0,"5","","","","F","F","F","F","F","F","F","F","F","flanm001","","","F","F","F","F","F","","","","",0,5,0,0,0,0,0,0,0,51,"BAL","MIN","BAL",0,"F","F",0,0,0,24,1,"T","F",1,1,"T","T","wolfl101","randb101","T","T",6,6,50,0,0,0,0,0,0,"dempr001","","",0,0,0,0,0,0,0,0,0,0,0,0,0,"decid001","F","F","F","F",0,0,0,0,0,0,0,0,0,0,F,F,"1978BAL.EVA.regular.event.csv",825
"BAL197805050","MIN",8,0,1,0,0,"",0,0,"wolfl101","?","wolfl101","?","flanm001","?","flanm001","?","dempr001","murre001","smitb101","decid001","garck001","roeng001","bumba001","lopec101","smalr001","","","54(1)3/GDP","F","F",5,8,2,"T","T",0,"F","F",2,"T","F",0,"F","F",5,"G","F","F","",0,0,"N",0,"N",0,"N",0,0,0,0,"43","54","","","F","F","F","F","F","F","F","F","F","flanm001","","","F","F","F","F","F","","","","",0,4,3,0,5,4,0,0,0,52,"BAL","MIN","BAL",0,"F","T",0,0,0,25,2,"T","F",1,0,"T","T","randb101","norww101","T","T",6,6,50,0,0,0,0,0,0,"dempr001","","",0,0,0,0,0,0,0,0,0,0,0,0,0,"decid001","T","F","F","F",0,0,0,0,0,0,0,0,0,0,F,F,"1978BAL.EVA.regular.event.csv",826
"BAL197805050","MIN",8,1,0,0,0,"",0,0,"dempr001","?","dempr001","?","zahng001","?","zahng001","?","wyneb001","carer001","randb101","wolfl101","smalr001","kusic101","fordd001","norww101","","","","8","T","F",2,8,2,"T","T",0,"F","F",1,"F","F",0,"F","F",8,"F","F","F","",0,0,"N",0,"N",0,"N",0,0,0,0,"8","","","","F","F","F","F","F","F","F","F","F","","","","F","F","F","F","F","","","","",0,8,0,0,0,0,0,0,0,53,"BAL","BAL","MIN",1,"T","F",0,0,0,25,0,"T","F",0,0,"T","T","garck001","bumba001","T","T",0,0,0,0,0,0,0,0,0,"","","",0,0,0,0,0,0,0,0,0,0,0,0,0,"fordd001","F","F","F","F",0,0,0,0,2,0,0,0,0,0,F,F,"1978BAL.EVA.regular.event.csv",827
"BAL197805050","MIN",8,1,1,0,0,"",0,0,"garck001","?","garck001","?","zahng001","?","zahng001","?","wyneb001","carer001","randb101","wolfl101","smalr001","kusic101","fordd001","norww101","","","","K","F","F",6,9,3,"T","T",0,"F","F",1,"F","F",0,"F","F",0,"","F","F","",0,0,"N",0,"N",0,"N",0,0,0,0,"2","","","","F","F","F","F","F","F","F","F","F","","","","F","F","F","F","F","","","","",0,2,0,0,0,0,0,0,0,54,"BAL","BAL","MIN",1,"F","F",0,0,0,26,1,"T","F",0,0,"T","T","bumba001","smitb101","T","T",0,0,0,0,0,0,0,0,0,"","","",0,0,0,0,0,0,0,0,0,0,0,0,0,"","F","F","F","F",0,0,0,0,2,0,0,0,0,0,F,F,"1978BAL.EVA.regular.event.csv",828
"BAL197805050","MIN",8,1,2,0,0,"",0,0,"bumba001","?","bumba001","?","zahng001","?","zahng001","?","wyneb001","carer001","randb101","wolfl101","smalr001","kusic101","fordd001","norww101","","","","S1","F","F",8,1,20,"T","T",1,"F","F",0,"F","F",0,"F","F",1,"","F","F","",0,0,"N",0,"N",0,"N",1,0,0,0,"","","","","F","F","F","F","F","F","F","F","F","","","","F","F","F","F","F","","","","",0,0,0,0,0,0,0,0,0,55,"BAL","BAL","MIN",1,"F","F",0,0,0,27,2,"T","F",0,1,"T","T","smitb101","roeng001","T","T",0,0,0,0,0,0,0,0,0,"","","",0,0,0,0,0,0,0,0,0,0,0,0,0,"zahng001","F","F","F","F",4,0,0,0,2,0,0,0,0,0,F,F,"1978BAL.EVA.regular.event.csv",829
"BAL197805050","MIN",8,1,2,0,0,"",0,0,"smitb101","?","smitb101","?","zahng001","?","zahng001","?","wyneb001","carer001","randb101","wolfl101","smalr001","kusic101","fordd001","norww101","bumba001","","","D7.B-3(E6);1-H","F","F",4,2,21,"T","T",2,"F","F",0,"F","F",1,"F","F",7,"","F","F","",1,6,"F",0,"N",0,"N",3,4,0,0,"","","","","F","F","F","F","F","F","F","F","F","zahng001","","","F","F","F","F","F","","","","",0,0,0,0,0,0,0,0,0,56,"BAL","BAL","MIN",1,"F","F",0,0,0,28,3,"T","F",1,4,"T","T","roeng001","murre001","T","T",8,1,55,0,0,0,0,0,0,"wyneb001","","",0,0,0,0,0,0,0,0,0,0,0,0,1,"kusic101","F","F","F","F",5,4,0,0,1,0,0,0,0,0,F,F,"1978BAL.EVA.regular.event.csv",830
"BAL197805050","MIN",8,1,2,0,0,"",0,1,"roeng001","?","roeng001","?","zahng001","?","zahng001","?","wyneb001","carer001","randb101","wolfl101","smalr001","kusic101","fordd001","norww101","","","smitb101","S.B-2(E6);3-H(UR)","F","F",7,3,20,"T","T",1,"F","F",0,"F","F",1,"F","F",0,"","F","F","",1,6,"F",0,"N",0,"N",2,0,0,5,"","","","","F","F","F","F","F","F","F","F","F","","","zahng001","F","F","F","F","F","","","","",0,0,0,0,0,0,0,0,0,57,"BAL","BAL","MIN",1,"F","F",1,0,1,29,4,"T","F",4,2,"T","T","murre001","may-l101","T","T",0,0,0,0,0,0,4,2,56,"","","wyneb001",0,0,0,0,0,0,0,0,0,0,0,0,1,"","F","F","F","F",0,0,0,5,0,0,0,0,0,0,F,F,"1978BAL.EVA.regular.event.csv",831
"BAL197805050","MIN",8,1,2,0,0,"",0,2,"murre001","?","murre001","?","zahng001","?","zahng001","?","wyneb001","carer001","randb101","wolfl101","smalr001","kusic101","fordd001","norww101","","roeng001","","43","F","F",3,4,2,"T","T",0,"F","F",1,"F","F",0,"F","F",4,"G","F","F","",0,0,"N",0,"N",0,"N",0,0,2,0,"43","","","","F","F","F","F","F","F","F","F","F","","zahng001","","F","F","F","F","F","","","","",0,3,0,0,4,0,0,0,0,58,"BAL","BAL","MIN",1,"F","T",2,0,2,30,5,"T","F",2,2,"T","T","may-l101","decid001","T","T",0,0,0,7,3,57,0,0,0,"","wyneb001","",0,0,0,0,0,0,0,0,0,0,0,0,0,"randb101","F","F","F","F",0,0,0,0,0,0,0,0,0,0,F,F,"1978BAL.EVA.regular.event.csv",832
"BAL197805050","MIN",9,0,0,0,0,"",0,2,"randb101","?","randb101","?","flanm001","?","flanm001","?","dempr001","murre001","smitb101","decid001","garck001","roeng001","bumba001","lopec101","","","","63","T","F",4,9,2,"T","T",0,"F","F",1,"F","F",0,"F","F",6,"G","F","F","",0,0,"N",0,"N",0,"N",0,0,0,0,"63","","","","F","F","F","F","F","F","F","F","F","","","","F","F","F","F","F","","","","",0,3,0,0,6,0,0,0,0,59,"BAL","MIN","BAL",0,"T","F",0,2,0,26,0,"T","F",0,0,"T","T","norww101","carer001","T","T",0,0,0,0,0,0,0,0,0,"","","",0,0,0,0,0,0,0,0,0,0,0,0,0,"garck001","F","F","F","F",0,0,0,0,1,0,0,0,0,0,F,F,"1978BAL.EVA.regular.event.csv",833
"BAL197805050","MIN",9,0,1,0,0,"",0,2,"norww101","?","norww101","?","flanm001","?","flanm001","?","dempr001","murre001","smitb101","decid001","garck001","roeng001","bumba001","lopec101","","","","63","F","F",9,1,2,"T","T",0,"F","F",1,"F","F",0,"F","F",6,"G","F","F","",0,0,"N",0,"N",0,"N",0,0,0,0,"63","","","","F","F","F","F","F","F","F","F","F","","","","F","F","F","F","F","","","","",0,3,0,0,6,0,0,0,0,60,"BAL","MIN","BAL",0,"F","F",0,2,0,27,1,"T","F",0,0,"T","T","carer001","fordd001","T","T",0,0,0,0,0,0,0,0,0,"","","",0,0,0,0,0,0,0,0,0,0,0,0,0,"garck001","F","F","F","F",0,0,0,0,1,0,0,0,0,0,F,F,"1978BAL.EVA.regular.event.csv",834
"BAL197805050","MIN",9,0,2,0,0,"",0,2,"carer001","?","carer001","?","flanm001","?","flanm001","?","dempr001","murre001","smitb101","decid001","garck001","roeng001","bumba001","lopec101","","","","W","F","F",3,2,14,"T","F",0,"F","F",0,"F","F",0,"F","F",0,"","F","F","",0,0,"N",0,"N",0,"N",1,0,0,0,"","","","","F","F","F","F","F","F","F","F","F","","","","F","F","F","F","F","","","","",0,0,0,0,0,0,0,0,0,61,"BAL","MIN","BAL",0,"F","F",0,2,0,28,2,"T","F",0,1,"T","T","fordd001","moraj001","T","T",0,0,0,0,0,0,0,0,0,"","","",0,0,0,0,0,0,0,0,0,0,0,0,0,"","F","F","F","F",4,0,0,0,1,0,0,0,0,0,F,F,"1978BAL.EVA.regular.event.csv",835
"BAL197805050","MIN",9,0,2,0,0,"",0,2,"fordd001","?","fordd001","?","flanm001","?","flanm001","?","dempr001","murre001","smitb101","decid001","garck001","roeng001","bumba001","lopec101","carer001","","","D8.1-H","F","F",8,3,21,"T","T",2,"F","F",0,"F","F",1,"F","F",8,"","F","F","",0,0,"N",0,"N",0,"N",2,4,0,0,"","","","","F","F","F","F","F","F","F","F","F","flanm001","","","F","F","F","F","F","","","","",0,0,0,0,0,0,0,0,0,62,"BAL","MIN","BAL",0,"F","F",0,2,0,29,3,"T","F",1,2,"T","T","moraj001","kusic101","T","T",3,2,61,0,0,0,0,0,0,"dempr001","","",0,0,0,0,0,0,0,0,0,0,0,0,1,"bumba001","F","F","F","F",2,4,0,0,0,0,0,0,0,0,F,F,"1978BAL.EVA.regular.event.csv",836
"BAL197805050","MIN",9,0,2,0,0,"",1,2,"moraj001","?","moraj001","?","flanm001","?","flanm001","?","dempr001","murre001","smitb101","decid001","garck001","roeng001","bumba001","lopec101","","fordd001","","63","F","F",10,4,2,"T","T",0,"F","F",1,"F","F",0,"F","F",6,"G","F","F","",0,0,"N",0,"N",0,"N",0,0,2,0,"63","","","","F","F","F","F","F","F","F","F","F","","flanm001","","F","T","F","F","F","","","","",0,3,0,0,6,0,0,0,0,63,"BAL","MIN","BAL",0,"F","T",1,2,1,30,4,"T","F",2,2,"T","T","kusic101","smalr001","T","T",0,0,0,8,3,62,0,0,0,"","dempr001","",0,0,0,0,0,0,0,0,0,0,0,0,0,"garck001","F","F","F","F",0,0,2,0,0,0,0,0,0,0,F,F,"1978BAL.EVA.regular.event.csv",837
"BAL197805060","MIN",1,0,0,0,0,"",0,0,"poweh101","?","poweh101","?","martd001","?","martd001","?","skagd101","murre001","smitb101","decid001","garck001","bumba001","harll101","singk001","","","","K","T","F",9,1,3,"T","T",0,"F","F",1,"F","F",0,"F","F",0,"","F","F","",0,0,"N",0,"N",0,"N",0,0,0,0,"2","","","","F","F","F","F","F","F","F","F","F","","","","T","F","F","F","F","","","","",0,2,0,0,0,0,0,0,0,1,"BAL","MIN","BAL",0,"T","F",0,0,0,0,0,"T","F",0,0,"T","T","smalr001","carer001","T","T",0,0,0,0,0,0,0,0,0,"","","",0,0,0,0,0,0,0,0,0,0,0,0,0,"","F","F","F","F",0,0,0,0,0,0,0,0,0,0,F,F,"1978BAL.EVA.regular.event.csv",838
"BAL197805060","MIN",1,0,1,0,0,"",0,0,"smalr001","?","smalr001","?","martd001","?","martd001","?","skagd101","murre001","smitb101","decid001","garck001","bumba001","harll101","singk001","","","","31","F","F",6,2,2,"T","T",0,"F","F",1,"F","F",0,"F","F",3,"G","F","F","",0,0,"N",0,"N",0,"N",0,0,0,0,"31","","","","F","F","F","F","F","F","F","F","F","","","","F","F","F","F","F","","","","",0,1,0,0,3,0,0,0,0,2,"BAL","MIN","BAL",0,"F","F",0,0,0,1,1,"T","F",0,0,"T","T","carer001","cubbm101","T","T",0,0,0,0,0,0,0,0,0,"","","",0,0,0,0,0,0,0,0,0,0,0,0,0,"murre001","F","F","F","F",0,0,0,0,0,0,0,0,0,0,F,F,"1978BAL.EVA.regular.event.csv",839
"BAL197805060","MIN",1,0,2,0,0,"",0,0,"carer001","?","carer001","?","martd001","?","martd001","?","skagd101","murre001","smitb101","decid001","garck001","bumba001","harll101","singk001","","","","S7","F","F",3,3,20,"T","T",1,"F","F",0,"F","F",0,"F","F",7,"","F","F","",0,0,"N",0,"N",0,"N",1,0,0,0,"","","","","F","F","F","F","F","F","F","F","F","","","","F","F","F","F","F","","","","",0,0,0,0,0,0,0,0,0,3,"BAL","MIN","BAL",0,"F","F",0,0,0,2,2,"T","F",0,1,"T","T","cubbm101","fordd001","T","T",0,0,0,0,0,0,0,0,0,"","","",0,0,0,0,0,0,0,0,0,0,0,0,0,"bumba001","F","F","F","F",0,0,0,0,0,0,0,0,0,0,F,F,"1978BAL.EVA.regular.event.csv",840
"BAL197805060","MIN",1,0,2,0,0,"",0,0,"cubbm101","?","cubbm101","?","martd001","?","martd001","?","skagd101","murre001","smitb101","decid001","garck001","bumba001","harll101","singk001","carer001","","","6(1)/FO","F","F",5,4,2,"T","T",0,"F","F",1,"F","F",0,"F","F",6,"G","F","F","",0,0,"N",0,"N",0,"N",1,0,0,0,"","6","","","F","F","F","F","F","F","F","F","F","martd001","","","F","F","F","F","F","","","","",0,6,0,0,0,0,0,0,0,4,"BAL","MIN","BAL",0,"F","T",0,0,0,3,3,"T","F",1,1,"T","T","fordd001","adamg101","T","T",3,3,3,0,0,0,0,0,0,"skagd101","","",0,0,0,0,0,0,0,0,0,0,0,0,0,"garck001","T","F","F","F",0,0,0,0,0,0,0,0,0,0,F,F,"1978BAL.EVA.regular.event.csv",841
"BAL197805060","MIN",1,1,0,0,0,"",0,0,"bumba001","?","bumba001","?","ericr101","?","ericr101","?","wyneb001","carer001","randb101","cubbm101","smalr001","chilr101","fordd001","poweh101","","","","13","T","F",7,1,2,"T","T",0,"F","F",1,"F","F",0,"F","F",1,"G","F","F","",0,0,"N",0,"N",0,"N",0,0,0,0,"13","","","","F","F","F","F","F","F","F","F","F","","","","F","F","F","F","F","","","","",0,3,0,0,1,0,0,0,0,5,"BAL","BAL","MIN",1,"T","F",0,0,0,0,0,"T","F",0,0,"T","T","smitb101","murre001","T","T",0,0,0,0,0,0,0,0,0,"","","",0,0,0,0,0,0,0,0,0,0,0,0,0,"ericr101","F","F","F","F",0,0,0,0,0,0,0,0,0,0,F,F,"1978BAL.EVA.regular.event.csv",842
"BAL197805060","MIN",1,1,1,0,0,"",0,0,"smitb101","?","smitb101","?","ericr101","?","ericr101","?","wyneb001","carer001","randb101","cubbm101","smalr001","chilr101","fordd001","poweh101","","","","S","F","F",4,2,20,"T","T",1,"F","F",0,"F","F",0,"F","F",0,"","F","F","",0,0,"N",0,"N",0,"N",1,0,0,0,"","","","","F","F","F","F","F","F","F","F","F","","","","F","F","F","F","F","","","","",0,0,0,0,0,0,0,0,0,6,"BAL","BAL","MIN",1,"F","F",0,0,0,1,1,"T","F",0,1,"T","T","murre001","singk001","T","T",0,0,0,0,0,0,0,0,0,"","","",0,0,0,0,0,0,0,0,0,0,0,0,0,"","F","F","F","F",0,0,0,0,0,0,0,0,0,0,F,F,"1978BAL.EVA.regular.event.csv",843
"BAL197805060","MIN",1,1,1,0,0,"",0,0,"murre001","?","murre001","?","ericr101","?","ericr101","?","wyneb001","carer001","randb101","cubbm101","smalr001","chilr101","fordd001","poweh101","smitb101","","","64(1)3/GDP","F","F",3,3,2,"T","T",0,"F","F",2,"T","F",0,"F","F",6,"G","F","F","",0,0,"N",0,"N",0,"N",0,0,0,0,"43","64","","","F","F","F","F","F","F","F","F","F","ericr101","","","F","F","F","F","F","","","","",0,4,3,0,6,4,0,0,0,7,"BAL","BAL","MIN",1,"F","T",0,0,0,2,2,"T","F",1,0,"T","T","singk001","harll101","T","T",4,2,6,0,0,0,0,0,0,"wyneb001","","",0,0,0,0,0,0,0,0,0,0,0,0,0,"smalr001","T","F","F","F",0,0,0,0,0,0,0,0,0,0,F,F,"1978BAL.EVA.regular.event.csv",844
"BAL197805060","MIN",2,0,0,0,0,"",0,0,"fordd001","?","fordd001","?","martd001","?","martd001","?","skagd101","murre001","smitb101","decid001","garck001","bumba001","harll101","singk001","","","","E6.B-1","T","F",8,5,18,"T","T",0,"F","F",0,"F","F",0,"F","F",6,"G","F","F","",1,6,"F",0,"N",0,"N",1,0,0,0,"","","","","F","F","F","F","F","F","F","F","F","","","","F","F","F","F","F","","","","",0,0,0,0,0,0,0,0,0,8,"BAL","MIN","BAL",0,"T","F",0,0,0,4,0,"T","F",0,1,"T","T","adamg101","chilr101","T","T",0,0,0,0,0,0,0,0,0,"","","",0,0,0,0,0,0,0,0,0,0,0,0,0,"garck001","F","F","F","T",0,0,0,0,0,0,0,0,0,0,F,F,"1978BAL.EVA.regular.event.csv",845
"BAL197805060","MIN",2,0,0,0,0,"",0,0,"adamg101","?","adamg101","?","martd001","?","martd001","?","skagd101","murre001","smitb101","decid001","garck001","bumba001","harll101","singk001","fordd001","","","SB2#","F","F",10,6,4,"F","F",0,"F","F",0,"F","F",0,"F","F",0,"","F","F","",0,0,"N",0,"N",0,"N",0,2,0,0,"","","","","T","F","F","F","F","F","F","F","F","martd001","","","F","F","F","F","F","","","","",0,0,0,0,0,0,0,0,0,9,"BAL","MIN","BAL",0,"F","F",0,0,0,5,1,"T","F",1,2,"T","T","chilr101","wyneb001","T","T",8,5,8,0,0,0,0,0,0,"skagd101","","",0,0,0,0,0,0,0,0,0,0,0,0,0,"","F","F","F","F",0,0,0,0,0,0,0,0,0,0,F,T,"1978BAL.EVA.regular.event.csv",846
"BAL197805060","MIN",2,0,0,0,0,"",0,0,"adamg101","?","adamg101","?","martd001","?","martd001","?","skagd101","murre001","smitb101","decid001","garck001","bumba001","harll101","singk001","","fordd001","","9/L","F","F",10,6,2,"T","T",0,"F","F",1,"F","F",0,"F","F",9,"L","F","F","",0,0,"N",0,"N",0,"N",0,0,2,0,"9","","","","F","F","F","F","F","F","F","F","F","","martd001","","F","F","F","F","F","","","","",0,9,0,0,0,0,0,0,0,10,"BAL","MIN","BAL",0,"F","F",0,0,0,5,1,"F","F",2,2,"T","T","chilr101","wyneb001","T","T",0,0,0,8,5,8,0,0,0,"","skagd101","",0,0,0,0,0,0,0,0,0,0,0,0,0,"singk001","F","F","F","F",0,0,0,0,0,0,0,0,0,0,F,F,"1978BAL.EVA.regular.event.csv",847
"BAL197805060","MIN",2,0,1,0,0,"",0,0,"chilr101","?","chilr101","?","martd001","?","martd001","?","skagd101","murre001","smitb101","decid001","garck001","bumba001","harll101","singk001","","fordd001","","63","F","F",7,7,2,"T","T",0,"F","F",1,"F","F",0,"F","F",6,"G","F","F","",0,0,"N",0,"N",0,"N",0,0,2,0,"63","","","","F","F","F","F","F","F","F","F","F","","martd001","","F","F","F","F","F","","","","",0,3,0,0,6,0,0,0,0,11,"BAL","MIN","BAL",0,"F","F",0,0,0,6,2,"T","F",2,2,"T","T","wyneb001","randb101","T","T",0,0,0,8,5,8,0,0,0,"","skagd101","",0,0,0,0,0,0,0,0,0,0,0,0,0,"garck001","F","F","F","F",0,0,0,0,0,0,0,0,0,0,F,F,"1978BAL.EVA.regular.event.csv",848
"BAL197805060","MIN",2,0,2,0,0,"",0,0,"wyneb001","?","wyneb001","?","martd001","?","martd001","?","skagd101","murre001","smitb101","decid001","garck001","bumba001","harll101","singk001","","fordd001","","43","F","F",2,8,2,"T","T",0,"F","F",1,"F","F",0,"F","F",4,"G","F","F","",0,0,"N",0,"N",0,"N",0,0,2,0,"43","","","","F","F","F","F","F","F","F","F","F","","martd001","","F","F","F","F","F","","","","",0,3,0,0,4,0,0,0,0,12,"BAL","MIN","BAL",0,"F","T",0,0,0,7,3,"T","F",2,2,"T","T","randb101","poweh101","T","T",0,0,0,8,5,8,0,0,0,"","skagd101","",0,0,0,0,0,0,0,0,0,0,0,0,0,"smitb101","F","F","F","F",0,0,0,0,0,0,0,0,0,0,F,F,"1978BAL.EVA.regular.event.csv",849
"BAL197805060","MIN",2,1,0,0,0,"",0,0,"singk001","?","singk001","?","ericr101","?","ericr101","?","wyneb001","carer001","randb101","cubbm101","smalr001","chilr101","fordd001","poweh101","","","","W","T","F",9,4,14,"T","F",0,"F","F",0,"F","F",0,"F","F",0,"","F","F","",0,0,"N",0,"N",0,"N",1,0,0,0,"","","","","F","F","F","F","F","F","F","F","F","","","","F","F","F","F","F","","","","",0,0,0,0,0,0,0,0,0,13,"BAL","BAL","MIN",1,"T","F",0,0,0,3,0,"T","F",0,1,"T","T","harll101","may-l101","T","T",0,0,0,0,0,0,0,0,0,"","","",0,0,0,0,0,0,0,0,0,0,0,0,0,"","F","F","F","F",0,0,0,0,0,0,0,0,0,0,F,F,"1978BAL.EVA.regular.event.csv",850
"BAL197805060","MIN",2,1,0,0,0,"",0,0,"harll101","?","harll101","?","ericr101","?","ericr101","?","wyneb001","carer001","randb101","cubbm101","smalr001","chilr101","fordd001","poweh101","singk001","","","K","F","F",8,5,3,"T","T",0,"F","F",1,"F","F",0,"F","F",0,"","F","F","",0,0,"N",0,"N",0,"N",0,1,0,0,"2","","","","F","F","F","F","F","F","F","F","F","ericr101","","","F","F","F","F","F","","","","",0,2,0,0,0,0,0,0,0,14,"BAL","BAL","MIN",1,"F","F",0,0,0,4,1,"T","F",1,1,"T","T","may-l101","decid001","T","T",9,4,13,0,0,0,0,0,0,"wyneb001","","",0,0,0,0,0,0,0,0,0,0,0,0,0,"","F","F","F","F",0,0,0,0,0,0,0,0,0,0,F,F,"1978BAL.EVA.regular.event.csv",851
"BAL197805060","MIN",2,1,1,0,0,"",0,0,"may-l101","?","may-l101","?","ericr101","?","ericr101","?","wyneb001","carer001","randb101","cubbm101","smalr001","chilr101","fordd001","poweh101","singk001","","","64(1)3/GDP","F","F",10,6,2,"T","T",0,"F","F",2,"T","F",0,"F","F",6,"G","F","F","",0,0,"N",0,"N",0,"N",0,0,0,0,"43","64","","","F","F","F","F","F","F","F","F","F","ericr101","","","F","F","F","F","F","","","","",0,4,3,0,6,4,0,0,0,15,"BAL","BAL","MIN",1,"F","T",0,0,0,5,2,"T","F",1,0,"T","T","decid001","garck001","T","T",9,4,13,0,0,0,0,0,0,"wyneb001","","",0,0,0,0,0,0,0,0,0,0,0,0,0,"smalr001","T","F","F","F",0,0,0,0,0,0,0,0,0,0,F,F,"1978BAL.EVA.regular.event.csv",852
"BAL197805060","MIN",3,0,0,0,0,"",0,0,"randb101","?","randb101","?","martd001","?","martd001","?","skagd101","murre001","smitb101","decid001","garck001","bumba001","harll101","singk001","","","","8","T","F",4,9,2,"T","T",0,"F","F",1,"F","F",0,"F","F",8,"F","F","F","",0,0,"N",0,"N",0,"N",0,0,0,0,"8","","","","F","F","F","F","F","F","F","F","F","","","","F","F","F","F","F","","","","",0,8,0,0,0,0,0,0,0,16,"BAL","MIN","BAL",0,"T","F",0,0,0,8,0,"T","F",0,0,"T","T","poweh101","smalr001","T","T",0,0,0,0,0,0,0,0,0,"","","",0,0,0,0,0,0,0,0,0,0,0,0,0,"harll101","F","F","F","F",0,0,0,0,0,0,0,0,0,0,F,F,"1978BAL.EVA.regular.event.csv",853
"BAL197805060","MIN",3,0,1,0,0,"",0,0,"poweh101","?","poweh101","?","martd001","?","martd001","?","skagd101","murre001","smitb101","decid001","garck001","bumba001","harll101","singk001","","","","43","F","F",9,1,2,"T","T",0,"F","F",1,"F","F",0,"F","F",4,"G","F","F","",0,0,"N",0,"N",0,"N",0,0,0,0,"43","","","","F","F","F","F","F","F","F","F","F","","","","F","F","F","F","F","","","","",0,3,0,0,4,0,0,0,0,17,"BAL","MIN","BAL",0,"F","F",0,0,0,9,1,"T","F",0,0,"T","T","smalr001","carer001","T","T",0,0,0,0,0,0,0,0,0,"","","",0,0,0,0,0,0,0,0,0,0,0,0,0,"smitb101","F","F","F","F",0,0,0,0,0,0,0,0,0,0,F,F,"1978BAL.EVA.regular.event.csv",854
"BAL197805060","MIN",3,0,2,0,0,"",0,0,"smalr001","?","smalr001","?","martd001","?","martd001","?","skagd101","murre001","smitb101","decid001","garck001","bumba001","harll101","singk001","","","","D9","F","F",6,2,21,"T","T",2,"F","F",0,"F","F",0,"F","F",9,"","F","F","",0,0,"N",0,"N",0,"N",2,0,0,0,"","","","","F","F","F","F","F","F","F","F","F","","","","F","F","F","F","F","","","","",0,0,0,0,0,0,0,0,0,18,"BAL","MIN","BAL",0,"F","F",0,0,0,10,2,"T","F",0,2,"T","T","carer001","cubbm101","T","T",0,0,0,0,0,0,0,0,0,"","","",0,0,0,0,0,0,0,0,0,0,0,0,0,"singk001","F","F","F","F",0,0,0,0,0,0,0,0,0,0,F,F,"1978BAL.EVA.regular.event.csv",855
"BAL197805060","MIN",3,0,2,0,0,"",0,0,"carer001","?","carer001","?","martd001","?","martd001","?","skagd101","murre001","smitb101","decid001","garck001","bumba001","harll101","singk001","","smalr001","","S4.2-3","F","F",3,3,20,"T","T",1,"F","F",0,"F","F",0,"F","F",4,"","F","F","",0,0,"N",0,"N",0,"N",1,0,3,0,"","","","","F","F","F","F","F","F","F","F","F","","martd001","","F","F","F","F","F","","","","",0,0,0,0,0,0,0,0,0,19,"BAL","MIN","BAL",0,"F","F",0,0,0,11,3,"T","F",2,5,"T","T","cubbm101","fordd001","T","T",0,0,0,6,2,18,0,0,0,"","skagd101","",0,0,0,0,0,0,0,0,0,0,0,0,0,"smitb101","F","F","F","F",0,0,0,0,0,0,0,0,0,0,F,F,"1978BAL.EVA.regular.event.csv",856
"BAL197805060","MIN",3,0,2,0,0,"",0,0,"cubbm101","?","cubbm101","?","martd001","?","martd001","?","skagd101","murre001","smitb101","decid001","garck001","bumba001","harll101","singk001","carer001","","smalr001","K","F","F",5,4,3,"T","T",0,"F","F",1,"F","F",0,"F","F",0,"","F","F","",0,0,"N",0,"N",0,"N",0,1,0,3,"2","","","","F","F","F","F","F","F","F","F","F","martd001","","martd001","F","F","F","F","F","","","","",0,2,0,0,0,0,0,0,0,20,"BAL","MIN","BAL",0,"F","T",0,0,0,12,4,"T","F",5,5,"T","T","fordd001","adamg101","T","T",3,3,19,0,0,0,6,2,18,"skagd101","","skagd101",0,0,0,0,0,0,0,0,0,0,0,0,0,"","F","F","F","F",0,0,0,0,0,0,0,0,0,0,F,F,"1978BAL.EVA.regular.event.csv",857
"BAL197805060","MIN",3,1,0,0,0,"",0,0,"decid001","?","decid001","?","ericr101","?","ericr101","?","wyneb001","carer001","randb101","cubbm101","smalr001","chilr101","fordd001","poweh101","","","","S/BG","T","F",5,7,20,"T","T",1,"F","F",0,"F","F",0,"F","F",0,"G","T","F","",0,0,"N",0,"N",0,"N",1,0,0,0,"","","","","F","F","F","F","F","F","F","F","F","","","","F","F","F","F","F","","","","",0,0,0,0,0,0,0,0,0,21,"BAL","BAL","MIN",1,"T","F",0,0,0,6,0,"T","F",0,1,"T","T","garck001","skagd101","T","T",0,0,0,0,0,0,0,0,0,"","","",0,0,0,0,0,0,0,0,0,0,0,0,0,"","F","F","F","F",4,0,0,0,5,0,0,0,0,0,F,F,"1978BAL.EVA.regular.event.csv",858
"BAL197805060","MIN",3,1,0,0,0,"",0,0,"garck001","?","garck001","?","ericr101","?","ericr101","?","wyneb001","carer001","randb101","cubbm101","smalr001","chilr101","fordd001","poweh101","decid001","","","S5.1-2","F","F",6,8,20,"T","T",1,"F","F",0,"F","F",0,"F","F",5,"","F","F","",0,0,"N",0,"N",0,"N",1,2,0,0,"","","","","F","F","F","F","F","F","F","F","F","ericr101","","","F","F","F","F","F","","","","",0,0,0,0,0,0,0,0,0,22,"BAL","BAL","MIN",1,"F","F",0,0,0,7,1,"T","F",1,3,"T","T","skagd101","bumba001","T","T",5,7,21,0,0,0,0,0,0,"wyneb001","","",0,0,0,0,0,0,0,0,0,0,0,0,0,"cubbm101","F","F","F","F",4,4,0,0,5,0,0,0,0,0,F,F,"1978BAL.EVA.regular.event.csv",859
"BAL197805060","MIN",3,1,0,0,0,"",0,0,"skagd101","?","skagd101","?","ericr101","?","ericr101","?","wyneb001","carer001","randb101","cubbm101","smalr001","chilr101","fordd001","poweh101","garck001","decid001","","S8.1-3;2-H","F","F",2,9,20,"T","T",1,"F","F",0,"F","F",1,"F","F",8,"","F","F","",0,0,"N",0,"N",0,"N",1,3,4,0,"","","","","F","F","F","F","F","F","F","F","F","ericr101","ericr101","","F","F","F","F","F","","","","",0,0,0,0,0,0,0,0,0,23,"BAL","BAL","MIN",1,"F","F",0,0,0,8,2,"T","F",3,5,"T","T","bumba001","smitb101","T","T",6,8,22,5,7,21,0,0,0,"wyneb001","wyneb001","",0,0,0,0,0,0,0,0,0,0,0,0,1,"fordd001","F","F","F","F",4,4,4,0,4,0,0,0,0,0,F,F,"1978BAL.EVA.regular.event.csv",860
"BAL197805060","MIN",3,1,0,0,0,"",0,1,"bumba001","?","bumba001","?","ericr101","?","ericr101","?","wyneb001","carer001","randb101","cubbm101","smalr001","chilr101","fordd001","poweh101","skagd101","","garck001","W.1-2","F","F",7,1,14,"T","F",0,"F","F",0,"F","F",0,"F","F",0,"","F","F","",0,0,"N",0,"N",0,"N",1,2,0,3,"","","","","F","F","F","F","F","F","F","F","F","ericr101","","ericr101","F","F","F","F","F","","","","",0,0,0,0,0,0,0,0,0,24,"BAL","BAL","MIN",1,"F","F",1,0,1,9,3,"T","F",5,7,"T","T","smitb101","murre001","T","T",2,9,23,0,0,0,6,8,22,"wyneb001","","wyneb001",0,0,0,0,0,0,0,0,0,0,0,0,0,"","F","F","F","F",4,4,0,4,4,0,0,0,0,0,F,F,"1978BAL.EVA.regular.event.csv",861
"BAL197805060","MIN",3,1,0,0,0,"",0,1,"smitb101","?","smitb101","?","ericr101","?","ericr101","?","wyneb001","carer001","randb101","cubbm101","smalr001","chilr101","fordd001","poweh101","bumba001","skagd101","garck001","D7.1-H;2-H;3-H","F","F",4,2,21,"T","T",2,"F","F",0,"F","F",3,"F","F",7,"","F","F","",0,0,"N",0,"N",0,"N",2,4,4,4,"","","","","F","F","F","F","F","F","F","F","F","ericr101","ericr101","ericr101","F","F","F","F","F","","","","",0,0,0,0,0,0,0,0,0,25,"BAL","BAL","MIN",1,"F","F",1,0,1,10,4,"T","F",7,2,"T","T","murre001","singk001","T","T",7,1,24,2,9,23,6,8,22,"wyneb001","wyneb001","wyneb001",0,0,0,0,0,0,0,0,0,0,0,0,3,"chilr101","F","F","F","F",4,4,4,4,1,0,0,0,0,0,F,F,"1978BAL.EVA.regular.event.csv",862
"BAL197805060","MIN",3,1,0,0,0,"",0,4,"murre001","?","murre001","?","scarm101","?","scarm101","?","wyneb001","carer001","randb101","cubbm101","smalr001","chilr101","fordd001","poweh101","","smitb101","","43.2-3","F","F",3,3,2,"T","T",0,"F","F",1,"F","F",0,"F","F",4,"G","F","F","",0,0,"N",0,"N",0,"N",0,0,3,0,"43","","","","F","F","F","F","F","F","F","F","F","","ericr101","","F","F","F","F","F","","","","",0,3,0,0,4,0,0,0,0,26,"BAL","BAL","MIN",1,"F","F",4,0,4,11,5,"T","F",2,4,"T","T","singk001","harll101","F","F",0,0,0,4,2,25,0,0,0,"","wyneb001","",0,0,0,0,0,0,0,0,0,0,0,0,0,"randb101","F","F","F","F",0,0,4,0,1,0,0,0,0,0,F,F,"1978BAL.EVA.regular.event.csv",863
"BAL197805060","MIN",3,1,1,0,0,"",0,4,"singk001","?","singk001","?","scarm101","?","scarm101","?","wyneb001","carer001","randb101","cubbm101","smalr001","chilr101","fordd001","poweh101","","","smitb101","S8.3-H","F","F",9,4,20,"T","T",1,"F","F",0,"F","F",1,"F","F",8,"","F","F","",0,0,"N",0,"N",0,"N",1,0,0,4,"","","","","F","F","F","F","F","F","F","F","F","","","ericr101","F","F","F","F","F","","","","",0,0,0,0,0,0,0,0,0,27,"BAL","BAL","MIN",1,"F","F",4,0,4,12,6,"T","F",4,1,"T","T","harll101","may-l101","F","F",0,0,0,0,0,0,4,2,25,"","","wyneb001",0,0,0,0,0,0,0,0,0,0,0,0,1,"fordd001","F","F","F","F",0,0,0,4,0,0,0,0,0,0,F,F,"1978BAL.EVA.regular.event.csv",864
"BAL197805060","MIN",3,1,1,0,0,"",0,5,"harll101","?","harll101","?","scarm101","?","scarm101","?","wyneb001","carer001","randb101","cubbm101","smalr001","chilr101","fordd001","poweh101","singk001","","","W.1-2","F","F",8,5,14,"T","F",0,"F","F",0,"F","F",0,"F","F",0,"","F","F","",0,0,"N",0,"N",0,"N",1,2,0,0,"","","","","F","F","F","F","F","F","F","F","F","scarm101","","","F","F","F","F","F","","","","",0,0,0,0,0,0,0,0,0,28,"BAL","BAL","MIN",1,"F","F",5,0,5,13,7,"T","F",1,3,"T","T","may-l101","decid001","F","F",9,4,27,0,0,0,0,0,0,"wyneb001","","",0,0,0,0,0,0,0,0,0,0,0,0,0,"","F","F","F","F",0,0,0,0,0,0,0,0,0,0,F,F,"1978BAL.EVA.regular.event.csv",865
"BAL197805060","MIN",3,1,1,0,0,"",0,5,"may-l101","?","may-l101","?","thayg101","?","thayg101","?","wyneb001","carer001","randb101","cubbm101","smalr001","chilr101","fordd001","poweh101","harll101","singk001","","4","F","F",10,6,2,"T","T",0,"F","F",1,"F","F",0,"F","F",4,"F","F","F","",0,0,"N",0,"N",0,"N",0,1,2,0,"4","","","","F","F","F","F","F","F","F","F","F","scarm101","scarm101","","F","F","F","F","F","","","","",0,4,0,0,0,0,0,0,0,29,"BAL","BAL","MIN",1,"F","F",5,0,5,14,8,"T","F",3,3,"T","T","decid001","garck001","F","F",8,5,28,9,4,27,0,0,0,"wyneb001","wyneb001","",0,0,0,0,0,0,0,0,0,0,0,0,0,"randb101","F","F","F","F",0,0,0,0,0,0,0,0,0,0,F,F,"1978BAL.EVA.regular.event.csv",866
"BAL197805060","MIN",3,1,2,0,0,"",0,5,"decid001","?","decid001","?","thayg101","?","thayg101","?","wyneb001","carer001","randb101","cubbm101","smalr001","chilr101","fordd001","poweh101","harll101","singk001","","7/L","F","F",5,7,2,"T","T",0,"F","F",1,"F","F",0,"F","F",7,"L","F","F","",0,0,"N",0,"N",0,"N",0,1,2,0,"7","","","","F","F","F","F","F","F","F","F","F","scarm101","scarm101","","F","F","F","F","F","","","","",0,7,0,0,0,0,0,0,0,30,"BAL","BAL","MIN",1,"F","T",5,0,5,15,9,"T","F",3,3,"T","T","garck001","skagd101","F","F",8,5,28,9,4,27,0,0,0,"wyneb001","wyneb001","",0,0,0,0,0,0,0,0,0,0,0,0,0,"chilr101","F","F","F","F",0,0,0,0,0,0,0,0,0,0,F,F,"1978BAL.EVA.regular.event.csv",867
"BAL197805060","MIN",4,0,0,0,0,"",0,5,"fordd001","?","fordd001","?","martd001","?","martd001","?","skagd101","murre001","smitb101","decid001","garck001","bumba001","harll101","singk001","","","","S/89","T","F",8,5,20,"T","T",1,"F","F",0,"F","F",0,"F","F",0,"","F","F","89",0,0,"N",0,"N",0,"N",1,0,0,0,"","","","","F","F","F","F","F","F","F","F","F","","","","F","F","F","F","F","","","","",0,0,0,0,0,0,0,0,0,31,"BAL","MIN","BAL",0,"T","F",0,5,0,13,0,"T","F",0,1,"T","T","adamg101","chilr101","T","T",0,0,0,0,0,0,0,0,0,"","","",0,0,0,0,0,0,0,0,0,0,0,0,0,"","F","F","F","F",4,0,0,0,1,0,0,0,0,0,F,F,"1978BAL.EVA.regular.event.csv",868
"BAL197805060","MIN",4,0,0,0,0,"",0,5,"adamg101","?","adamg101","?","martd001","?","martd001","?","skagd101","murre001","smitb101","decid001","garck001","bumba001","harll101","singk001","fordd001","","","3/G.1-2","F","F",10,6,2,"T","T",0,"F","F",1,"F","F",0,"F","F",3,"G","F","F","",0,0,"N",0,"N",0,"N",0,2,0,0,"3","","","","F","F","F","F","F","F","F","F","F","martd001","","","F","F","F","F","F","","","","",0,3,0,0,0,0,0,0,0,32,"BAL","MIN","BAL",0,"F","F",0,5,0,14,1,"T","F",1,2,"T","T","chilr101","wyneb001","T","T",8,5,31,0,0,0,0,0,0,"skagd101","","",0,0,0,0,0,0,0,0,0,0,0,0,0,"murre001","F","F","F","F",0,4,0,0,1,0,0,0,0,0,F,F,"1978BAL.EVA.regular.event.csv",869
"BAL197805060","MIN",4,0,1,0,0,"",0,5,"chilr101","?","chilr101","?","martd001","?","martd001","?","skagd101","murre001","smitb101","decid001","garck001","bumba001","harll101","singk001","","fordd001","","8","F","F",7,7,2,"T","T",0,"F","F",1,"F","F",0,"F","F",8,"F","F","F","",0,0,"N",0,"N",0,"N",0,0,2,0,"8","","","","F","F","F","F","F","F","F","F","F","","martd001","","F","F","F","F","F","","","","",0,8,0,0,0,0,0,0,0,33,"BAL","MIN","BAL",0,"F","F",0,5,0,15,2,"T","F",2,2,"T","T","wyneb001","randb101","T","T",0,0,0,8,5,31,0,0,0,"","skagd101","",0,0,0,0,0,0,0,0,0,0,0,0,0,"harll101","F","F","F","F",0,0,4,0,1,0,0,0,0,0,F,F,"1978BAL.EVA.regular.event.csv",870
"BAL197805060","MIN",4,0,2,0,0,"",0,5,"wyneb001","?","wyneb001","?","martd001","?","martd001","?","skagd101","murre001","smitb101","decid001","garck001","bumba001","harll101","singk001","","fordd001","","S.2-H","F","F",2,8,20,"T","T",1,"F","F",0,"F","F",1,"F","F",0,"","F","F","",0,0,"N",0,"N",0,"N",1,0,4,0,"","","","","F","F","F","F","F","F","F","F","F","","martd001","","F","F","F","F","F","","","","",0,0,0,0,0,0,0,0,0,34,"BAL","MIN","BAL",0,"F","F",0,5,0,16,3,"T","F",2,1,"T","T","randb101","poweh101","T","T",0,0,0,8,5,31,0,0,0,"","skagd101","",0,0,0,0,0,0,0,0,0,0,0,0,1,"","F","F","F","F",0,0,4,0,0,0,0,0,0,0,F,F,"1978BAL.EVA.regular.event.csv",871
"BAL197805060","MIN",4,0,2,0,0,"",1,5,"randb101","?","randb101","?","martd001","?","martd001","?","skagd101","murre001","smitb101","decid001","garck001","bumba001","harll101","singk001","wyneb001","","","3/G","F","F",4,9,2,"T","T",0,"F","F",1,"F","F",0,"F","F",3,"G","F","F","",0,0,"N",0,"N",0,"N",0,1,0,0,"3","","","","F","F","F","F","F","F","F","F","F","martd001","","","F","F","F","F","F","","","","",0,3,0,0,0,0,0,0,0,35,"BAL","MIN","BAL",0,"F","T",1,5,1,17,4,"T","F",1,1,"T","T","poweh101","smalr001","T","T",2,8,34,0,0,0,0,0,0,"skagd101","","",0,0,0,0,0,0,0,0,0,0,0,0,0,"murre001","F","F","F","F",0,0,0,0,0,0,0,0,0,0,F,F,"1978BAL.EVA.regular.event.csv",872
"BAL197805060","MIN",4,1,0,0,0,"",1,5,"garck001","?","garck001","?","thayg101","?","thayg101","?","wyneb001","carer001","randb101","cubbm101","smalr001","chilr101","fordd001","poweh101","","","","7/L","T","F",6,8,2,"T","T",0,"F","F",1,"F","F",0,"F","F",7,"L","F","F","",0,0,"N",0,"N",0,"N",0,0,0,0,"7","","","","F","F","F","F","F","F","F","F","F","","","","F","F","F","F","F","","","","",0,7,0,0,0,0,0,0,0,36,"BAL","BAL","MIN",1,"T","F",5,1,0,16,0,"T","F",0,0,"T","T","skagd101","bumba001","F","F",0,0,0,0,0,0,0,0,0,"","","",0,0,0,0,0,0,0,0,0,0,0,0,0,"chilr101","F","F","F","F",0,0,0,0,0,0,0,0,0,0,F,F,"1978BAL.EVA.regular.event.csv",873
"BAL197805060","MIN",4,1,1,0,0,"",1,5,"skagd101","?","skagd101","?","thayg101","?","thayg101","?","wyneb001","carer001","randb101","cubbm101","smalr001","chilr101","fordd001","poweh101","","","","S4","F","F",2,9,20,"T","T",1,"F","F",0,"F","F",0,"F","F",4,"","F","F","",0,0,"N",0,"N",0,"N",1,0,0,0,"","","","","F","F","F","F","F","F","F","F","F","","","","F","F","F","F","F","","","","",0,0,0,0,0,0,0,0,0,37,"BAL","BAL","MIN",1,"F","F",5,1,0,17,1,"T","F",0,1,"T","T","bumba001","smitb101","F","F",0,0,0,0,0,0,0,0,0,"","","",0,0,0,0,0,0,0,0,0,0,0,0,0,"randb101","F","F","F","F",0,0,0,0,0,0,0,0,0,0,F,F,"1978BAL.EVA.regular.event.csv",874
"BAL197805060","MIN",4,1,1,0,0,"",1,5,"bumba001","?","bumba001","?","thayg101","?","thayg101","?","wyneb001","carer001","randb101","cubbm101","smalr001","chilr101","fordd001","poweh101","skagd101","","","S7.1-2","F","F",7,1,20,"T","T",1,"F","F",0,"F","F",0,"F","F",7,"","F","F","",0,0,"N",0,"N",0,"N",1,2,0,0,"","","","","F","F","F","F","F","F","F","F","F","thayg101","","","F","F","F","F","F","","","","",0,0,0,0,0,0,0,0,0,38,"BAL","BAL","MIN",1,"F","F",5,1,0,18,2,"T","F",1,3,"T","T","smitb101","murre001","F","F",2,9,37,0,0,0,0,0,0,"wyneb001","","",0,0,0,0,0,0,0,0,0,0,0,0,0,"chilr101","F","F","F","F",0,0,0,0,0,0,0,0,0,0,F,F,"1978BAL.EVA.regular.event.csv",875
"BAL197805060","MIN",4,1,1,0,0,"",1,5,"smitb101","?","smitb101","?","thayg101","?","thayg101","?","wyneb001","carer001","randb101","cubbm101","smalr001","chilr101","fordd001","poweh101","bumba001","skagd101","","9/L.2-3","F","F",4,2,2,"T","T",0,"F","F",1,"F","F",0,"F","F",9,"L","F","F","",0,0,"N",0,"N",0,"N",0,1,3,0,"9","","","","F","F","F","F","F","F","F","F","F","thayg101","thayg101","","F","F","F","F","F","","","","",0,9,0,0,0,0,0,0,0,39,"BAL","BAL","MIN",1,"F","F",5,1,0,19,3,"T","F",3,5,"T","T","murre001","singk001","F","F",7,1,38,2,9,37,0,0,0,"wyneb001","wyneb001","",0,0,0,0,0,0,0,0,0,0,0,0,0,"poweh101","F","F","F","F",0,0,0,0,0,0,0,0,0,0,F,F,"1978BAL.EVA.regular.event.csv",876
"BAL197805060","MIN",4,1,2,0,0,"",1,5,"murre001","?","murre001","?","thayg101","?","thayg101","?","wyneb001","carer001","randb101","cubbm101","smalr001","chilr101","fordd001","poweh101","bumba001","","skagd101","K","F","F",3,3,3,"T","T",0,"F","F",1,"F","F",0,"F","F",0,"","F","F","",0,0,"N",0,"N",0,"N",0,1,0,3,"2","","","","F","F","F","F","F","F","F","F","F","thayg101","","thayg101","F","F","F","F","F","","","","",0,2,0,0,0,0,0,0,0,40,"BAL","BAL","MIN",1,"F","T",5,1,0,20,4,"T","F",5,5,"T","T","singk001","harll101","F","F",7,1,38,0,0,0,2,9,37,"wyneb001","","wyneb001",0,0,0,0,0,0,0,0,0,0,0,0,0,"","F","F","F","F",0,0,0,0,0,0,0,0,0,0,F,F,"1978BAL.EVA.regular.event.csv",877
"BAL197805060","MIN",5,0,0,0,0,"",1,5,"poweh101","?","poweh101","?","martd001","?","martd001","?","skagd101","murre001","smitb101","decid001","garck001","bumba001","harll101","singk001","","","","7/L","T","F",9,1,2,"T","T",0,"F","F",1,"F","F",0,"F","F",7,"L","F","F","",0,0,"N",0,"N",0,"N",0,0,0,0,"7","","","","F","F","F","F","F","F","F","F","F","","","","F","F","F","F","F","","","","",0,7,0,0,0,0,0,0,0,41,"BAL","MIN","BAL",0,"T","F",1,5,0,18,0,"T","F",0,0,"T","T","smalr001","carer001","T","T",0,0,0,0,0,0,0,0,0,"","","",0,0,0,0,0,0,0,0,0,0,0,0,0,"bumba001","F","F","F","F",0,0,0,0,0,0,0,0,0,0,F,F,"1978BAL.EVA.regular.event.csv",878
"BAL197805060","MIN",5,0,1,0,0,"",1,5,"smalr001","?","smalr001","?","martd001","?","martd001","?","skagd101","murre001","smitb101","decid001","garck001","bumba001","harll101","singk001","","","","8","F","F",6,2,2,"T","T",0,"F","F",1,"F","F",0,"F","F",8,"F","F","F","",0,0,"N",0,"N",0,"N",0,0,0,0,"8","","","","F","F","F","F","F","F","F","F","F","","","","F","F","F","F","F","","","","",0,8,0,0,0,0,0,0,0,42,"BAL","MIN","BAL",0,"F","F",1,5,0,19,1,"T","F",0,0,"T","T","carer001","cubbm101","T","T",0,0,0,0,0,0,0,0,0,"","","",0,0,0,0,0,0,0,0,0,0,0,0,0,"harll101","F","F","F","F",0,0,0,0,0,0,0,0,0,0,F,F,"1978BAL.EVA.regular.event.csv",879
"BAL197805060","MIN",5,0,2,0,0,"",1,5,"carer001","?","carer001","?","martd001","?","martd001","?","skagd101","murre001","smitb101","decid001","garck001","bumba001","harll101","singk001","","","","S8","F","F",3,3,20,"T","T",1,"F","F",0,"F","F",0,"F","F",8,"","F","F","",0,0,"N",0,"N",0,"N",1,0,0,0,"","","","","F","F","F","F","F","F","F","F","F","","","","F","F","F","F","F","","","","",0,0,0,0,0,0,0,0,0,43,"BAL","MIN","BAL",0,"F","F",1,5,0,20,2,"T","F",0,1,"T","T","cubbm101","fordd001","T","T",0,0,0,0,0,0,0,0,0,"","","",0,0,0,0,0,0,0,0,0,0,0,0,0,"harll101","F","F","F","F",0,0,0,0,0,0,0,0,0,0,F,F,"1978BAL.EVA.regular.event.csv",880
"BAL197805060","MIN",5,0,2,0,0,"",1,5,"cubbm101","?","cubbm101","?","martd001","?","martd001","?","skagd101","murre001","smitb101","decid001","garck001","bumba001","harll101","singk001","carer001","","","43","F","F",5,4,2,"T","T",0,"F","F",1,"F","F",0,"F","F",4,"G","F","F","",0,0,"N",0,"N",0,"N",0,1,0,0,"43","","","","F","F","F","F","F","F","F","F","F","martd001","","","F","F","F","F","F","","","","",0,3,0,0,4,0,0,0,0,44,"BAL","MIN","BAL",0,"F","T",1,5,0,21,3,"T","F",1,1,"T","T","fordd001","adamg101","T","T",3,3,43,0,0,0,0,0,0,"skagd101","","",0,0,0,0,0,0,0,0,0,0,0,0,0,"smitb101","F","F","F","F",0,0,0,0,0,0,0,0,0,0,F,F,"1978BAL.EVA.regular.event.csv",881
"BAL197805060","MIN",5,1,0,0,0,"",1,5,"singk001","?","singk001","?","thayg101","?","thayg101","?","wyneb001","carer001","randb101","cubbm101","smalr001","chilr101","fordd001","poweh101","","","","K/C","T","F",9,4,3,"T","T",0,"F","F",1,"F","F",0,"F","F",0,"","F","F","",0,0,"N",0,"N",0,"N",0,0,0,0,"2","","","","F","F","F","F","F","F","F","F","F","","","","F","F","F","F","F","","","","",0,2,0,0,0,0,0,0,0,45,"BAL","BAL","MIN",1,"T","F",5,1,0,21,0,"T","F",0,0,"T","T","harll101","may-l101","F","F",0,0,0,0,0,0,0,0,0,"","","",0,0,0,0,0,0,0,0,0,0,0,0,0,"","F","F","F","F",0,0,0,0,0,0,0,0,0,0,F,F,"1978BAL.EVA.regular.event.csv",882
"BAL197805060","MIN",5,1,1,0,0,"",1,5,"harll101","?","harll101","?","thayg101","?","thayg101","?","wyneb001","carer001","randb101","cubbm101","smalr001","chilr101","fordd001","poweh101","","","","W","F","F",8,5,14,"T","F",0,"F","F",0,"F","F",0,"F","F",0,"","F","F","",0,0,"N",0,"N",0,"N",1,0,0,0,"","","","","F","F","F","F","F","F","F","F","F","","","","F","F","F","F","F","","","","",0,0,0,0,0,0,0,0,0,46,"BAL","BAL","MIN",1,"F","F",5,1,0,22,1,"T","F",0,1,"T","T","may-l101","decid001","F","F",0,0,0,0,0,0,0,0,0,"","","",0,0,0,0,0,0,0,0,0,0,0,0,0,"","F","F","F","F",0,0,0,0,0,0,0,0,0,0,F,F,"1978BAL.EVA.regular.event.csv",883
"BAL197805060","MIN",5,1,1,0,0,"",1,5,"may-l101","?","may-l101","?","thayg101","?","thayg101","?","wyneb001","carer001","randb101","cubbm101","smalr001","chilr101","fordd001","poweh101","harll101","","","8","F","F",10,6,2,"T","T",0,"F","F",1,"F","F",0,"F","F",8,"F","F","F","",0,0,"N",0,"N",0,"N",0,1,0,0,"8","","","","F","F","F","F","F","F","F","F","F","thayg101","","","F","F","F","F","F","","","","",0,8,0,0,0,0,0,0,0,47,"BAL","BAL","MIN",1,"F","F",5,1,0,23,2,"T","F",1,1,"T","T","decid001","garck001","F","F",8,5,46,0,0,0,0,0,0,"wyneb001","","",0,0,0,0,0,0,0,0,0,0,0,0,0,"fordd001","F","F","F","F",0,0,0,0,0,0,0,0,0,0,F,F,"1978BAL.EVA.regular.event.csv",884
"BAL197805060","MIN",5,1,2,0,0,"",1,5,"decid001","?","decid001","?","thayg101","?","thayg101","?","wyneb001","carer001","randb101","cubbm101","smalr001","chilr101","fordd001","poweh101","harll101","","","8/L","F","F",5,7,2,"T","T",0,"F","F",1,"F","F",0,"F","F",8,"L","F","F","",0,0,"N",0,"N",0,"N",0,1,0,0,"8","","","","F","F","F","F","F","F","F","F","F","thayg101","","","F","F","F","F","F","","","","",0,8,0,0,0,0,0,0,0,48,"BAL","BAL","MIN",1,"F","T",5,1,0,24,3,"T","F",1,1,"T","T","garck001","skagd101","F","F",8,5,46,0,0,0,0,0,0,"wyneb001","","",0,0,0,0,0,0,0,0,0,0,0,0,0,"fordd001","F","F","F","F",0,0,0,0,0,0,0,0,0,0,F,F,"1978BAL.EVA.regular.event.csv",885
"BAL197805060","MIN",6,0,0,0,0,"",1,5,"fordd001","?","fordd001","?","martd001","?","martd001","?","skagd101","murre001","smitb101","decid001","garck001","bumba001","harll101","singk001","","","","53","T","F",8,5,2,"T","T",0,"F","F",1,"F","F",0,"F","F",5,"G","F","F","",0,0,"N",0,"N",0,"N",0,0,0,0,"53","","","","F","F","F","F","F","F","F","F","F","","","","F","F","F","F","F","","","","",0,3,0,0,5,0,0,0,0,49,"BAL","MIN","BAL",0,"T","F",1,5,0,22,0,"T","F",0,0,"T","T","adamg101","chilr101","T","T",0,0,0,0,0,0,0,0,0,"","","",0,0,0,0,0,0,0,0,0,0,0,0,0,"decid001","F","F","F","F",0,0,0,0,0,0,0,0,0,0,F,F,"1978BAL.EVA.regular.event.csv",886
"BAL197805060","MIN",6,0,1,0,0,"",1,5,"adamg101","?","adamg101","?","martd001","?","martd001","?","skagd101","murre001","smitb101","decid001","garck001","bumba001","harll101","singk001","","","","K","F","F",10,6,3,"T","T",0,"F","F",1,"F","F",0,"F","F",0,"","F","F","",0,0,"N",0,"N",0,"N",0,0,0,0,"2","","","","F","F","F","F","F","F","F","F","F","","","","F","F","F","F","F","","","","",0,2,0,0,0,0,0,0,0,50,"BAL","MIN","BAL",0,"F","F",1,5,0,23,1,"T","F",0,0,"T","T","chilr101","wyneb001","T","T",0,0,0,0,0,0,0,0,0,"","","",0,0,0,0,0,0,0,0,0,0,0,0,0,"","F","F","F","F",0,0,0,0,0,0,0,0,0,0,F,F,"1978BAL.EVA.regular.event.csv",887
"BAL197805060","MIN",6,0,2,0,0,"",1,5,"chilr101","?","chilr101","?","martd001","?","martd001","?","skagd101","murre001","smitb101","decid001","garck001","bumba001","harll101","singk001","","","","K","F","F",7,7,3,"T","T",0,"F","F",1,"F","F",0,"F","F",0,"","F","F","",0,0,"N",0,"N",0,"N",0,0,0,0,"2","","","","F","F","F","F","F","F","F","F","F","","","","F","F","F","F","F","","","","",0,2,0,0,0,0,0,0,0,51,"BAL","MIN","BAL",0,"F","T",1,5,0,24,2,"T","F",0,0,"T","T","wyneb001","randb101","T","T",0,0,0,0,0,0,0,0,0,"","","",0,0,0,0,0,0,0,0,0,0,0,0,0,"","F","F","F","F",0,0,0,0,0,0,0,0,0,0,F,F,"1978BAL.EVA.regular.event.csv",888
"BAL197805060","MIN",6,1,0,0,0,"",1,5,"garck001","?","garck001","?","thayg101","?","thayg101","?","wyneb001","carer001","randb101","cubbm101","smalr001","chilr101","fordd001","poweh101","","","","8/L","T","F",6,8,2,"T","T",0,"F","F",1,"F","F",0,"F","F",8,"L","F","F","",0,0,"N",0,"N",0,"N",0,0,0,0,"8","","","","F","F","F","F","F","F","F","F","F","","","","F","F","F","F","F","","","","",0,8,0,0,0,0,0,0,0,52,"BAL","BAL","MIN",1,"T","F",5,1,0,25,0,"T","F",0,0,"T","T","skagd101","bumba001","F","F",0,0,0,0,0,0,0,0,0,"","","",0,0,0,0,0,0,0,0,0,0,0,0,0,"fordd001","F","F","F","F",0,0,0,0,0,0,0,0,0,0,F,F,"1978BAL.EVA.regular.event.csv",889
"BAL197805060","MIN",6,1,1,0,0,"",1,5,"skagd101","?","skagd101","?","thayg101","?","thayg101","?","wyneb001","carer001","randb101","cubbm101","smalr001","chilr101","fordd001","poweh101","","","","8","F","F",2,9,2,"T","T",0,"F","F",1,"F","F",0,"F","F",8,"F","F","F","",0,0,"N",0,"N",0,"N",0,0,0,0,"8","","","","F","F","F","F","F","F","F","F","F","","","","F","F","F","F","F","","","","",0,8,0,0,0,0,0,0,0,53,"BAL","BAL","MIN",1,"F","F",5,1,0,26,1,"T","F",0,0,"T","T","bumba001","smitb101","F","F",0,0,0,0,0,0,0,0,0,"","","",0,0,0,0,0,0,0,0,0,0,0,0,0,"fordd001","F","F","F","F",0,0,0,0,0,0,0,0,0,0,F,F,"1978BAL.EVA.regular.event.csv",890
"BAL197805060","MIN",6,1,2,0,0,"",1,5,"bumba001","?","bumba001","?","thayg101","?","thayg101","?","wyneb001","carer001","randb101","cubbm101","smalr001","chilr101","fordd001","poweh101","","","","K","F","F",7,1,3,"T","T",0,"F","F",1,"F","F",0,"F","F",0,"","F","F","",0,0,"N",0,"N",0,"N",0,0,0,0,"2","","","","F","F","F","F","F","F","F","F","F","","","","F","F","F","F","F","","","","",0,2,0,0,0,0,0,0,0,54,"BAL","BAL","MIN",1,"F","T",5,1,0,27,2,"T","F",0,0,"T","T","smitb101","murre001","F","F",0,0,0,0,0,0,0,0,0,"","","",0,0,0,0,0,0,0,0,0,0,0,0,0,"","F","F","F","F",0,0,0,0,0,0,0,0,0,0,F,F,"1978BAL.EVA.regular.event.csv",891
"BAL197805060","MIN",7,0,0,0,0,"",1,5,"wyneb001","?","wyneb001","?","martd001","?","martd001","?","skagd101","murre001","smitb101","decid001","garck001","bumba001","harll101","singk001","","","","W","T","F",2,8,14,"T","F",0,"F","F",0,"F","F",0,"F","F",0,"","F","F","",0,0,"N",0,"N",0,"N",1,0,0,0,"","","","","F","F","F","F","F","F","F","F","F","","","","F","F","F","F","F","","","","",0,0,0,0,0,0,0,0,0,55,"BAL","MIN","BAL",0,"T","F",1,5,0,25,0,"T","F",0,1,"T","T","randb101","poweh101","T","T",0,0,0,0,0,0,0,0,0,"","","",0,0,0,0,0,0,0,0,0,0,0,0,0,"","F","F","F","F",0,0,0,0,0,0,0,0,0,0,F,F,"1978BAL.EVA.regular.event.csv",892
"BAL197805060","MIN",7,0,0,0,0,"",1,5,"randb101","?","randb101","?","martd001","?","martd001","?","skagd101","murre001","smitb101","decid001","garck001","bumba001","harll101","singk001","wyneb001","","","36(1)/FO","F","F",4,9,2,"T","T",0,"F","F",1,"F","F",0,"F","F",3,"G","F","F","",0,0,"N",0,"N",0,"N",1,0,0,0,"","36","","","F","F","F","F","F","F","F","F","F","martd001","","","F","F","F","F","F","","","","",0,6,0,0,3,0,0,0,0,56,"BAL","MIN","BAL",0,"F","F",1,5,0,26,1,"T","F",1,1,"T","T","poweh101","smalr001","T","T",2,8,55,0,0,0,0,0,0,"skagd101","","",0,0,0,0,0,0,0,0,0,0,0,0,0,"murre001","T","F","F","F",0,0,0,0,0,0,0,0,0,0,F,F,"1978BAL.EVA.regular.event.csv",893
"BAL197805060","MIN",7,0,1,0,0,"",1,5,"poweh101","?","poweh101","?","martd001","?","martd001","?","skagd101","murre001","smitb101","decid001","garck001","bumba001","harll101","singk001","randb101","","","6(B)3(1)/LDP","F","F",9,1,2,"T","T",0,"F","F",2,"T","F",0,"F","F",6,"L","F","F","",0,0,"N",0,"N",0,"N",0,0,0,0,"6","63","","","F","F","F","F","F","F","F","F","F","martd001","","","F","F","F","F","F","","","","",0,6,3,0,6,0,0,0,0,57,"BAL","MIN","BAL",0,"F","T",1,5,0,27,2,"T","F",1,0,"T","T","smalr001","carer001","T","T",4,9,56,0,0,0,0,0,0,"skagd101","","",0,0,0,0,0,0,0,0,0,0,0,0,0,"garck001","F","F","F","F",0,0,0,0,0,0,0,0,0,0,F,F,"1978BAL.EVA.regular.event.csv",894
"BAL197805060","MIN",7,1,0,0,0,"",1,5,"smitb101","?","smitb101","?","thayg101","?","thayg101","?","wyneb001","carer001","randb101","cubbm101","smalr001","chilr101","fordd001","poweh101","","","","3/L","T","F",4,2,2,"T","T",0,"F","F",1,"F","F",0,"F","F",3,"L","F","F","",0,0,"N",0,"N",0,"N",0,0,0,0,"3","","","","F","F","F","F","F","F","F","F","F","","","","F","F","F","F","F","","","","",0,3,0,0,0,0,0,0,0,58,"BAL","BAL","MIN",1,"T","F",5,1,0,28,0,"T","F",0,0,"T","T","murre001","singk001","F","F",0,0,0,0,0,0,0,0,0,"","","",0,0,0,0,0,0,0,0,0,0,0,0,0,"carer001","F","F","F","F",0,0,0,0,0,0,0,0,0,0,F,F,"1978BAL.EVA.regular.event.csv",895
"BAL197805060","MIN",7,1,1,0,0,"",1,5,"murre001","?","murre001","?","thayg101","?","thayg101","?","wyneb001","carer001","randb101","cubbm101","smalr001","chilr101","fordd001","poweh101","","","","S9/G","F","F",3,3,20,"T","T",1,"F","F",0,"F","F",0,"F","F",9,"G","F","F","",0,0,"N",0,"N",0,"N",1,0,0,0,"","","","","F","F","F","F","F","F","F","F","F","","","","F","F","F","F","F","","","","",0,0,0,0,0,0,0,0,0,59,"BAL","BAL","MIN",1,"F","F",5,1,0,29,1,"T","F",0,1,"T","T","singk001","harll101","F","F",0,0,0,0,0,0,0,0,0,"","","",0,0,0,0,0,0,0,0,0,0,0,0,0,"poweh101","F","F","F","F",0,0,0,0,0,0,0,0,0,0,F,F,"1978BAL.EVA.regular.event.csv",896
"BAL197805060","MIN",7,1,1,0,0,"",1,5,"singk001","?","singk001","?","thayg101","?","thayg101","?","wyneb001","carer001","randb101","cubbm101","smalr001","chilr101","fordd001","poweh101","murre001","","","K+CS2(26)/DP","F","F",9,4,3,"T","T",0,"F","F",2,"T","F",0,"F","F",0,"","F","F","",0,0,"N",0,"N",0,"N",0,0,0,0,"2","26","","","F","F","F","T","F","F","F","F","F","thayg101","","","F","F","F","F","F","","","","",0,2,6,0,2,0,0,0,0,60,"BAL","BAL","MIN",1,"F","T",5,1,0,30,2,"T","F",1,0,"T","T","harll101","may-l101","F","F",3,3,59,0,0,0,0,0,0,"wyneb001","","",0,0,0,0,0,0,0,0,0,0,0,0,0,"","F","F","F","F",0,0,0,0,0,0,0,0,0,0,F,F,"1978BAL.EVA.regular.event.csv",897
"BAL197805060","MIN",8,0,0,0,0,"",1,5,"smalr001","?","smalr001","?","martd001","?","martd001","?","skagd101","murre001","smitb101","decid001","garck001","bumba001","harll101","lopec101","","","","5/L","T","F",6,2,2,"T","T",0,"F","F",1,"F","F",0,"F","F",5,"L","F","F","",0,0,"N",0,"N",0,"N",0,0,0,0,"5","","","","F","F","F","F","F","F","F","F","F","","","","F","F","F","F","F","","","","",0,5,0,0,0,0,0,0,0,61,"BAL","MIN","BAL",0,"T","F",1,5,0,28,0,"T","F",0,0,"T","T","carer001","cubbm101","T","T",0,0,0,0,0,0,0,0,0,"","","",0,0,0,0,0,0,0,0,0,0,0,0,0,"decid001","F","F","F","F",0,0,0,0,0,0,0,0,0,0,F,F,"1978BAL.EVA.regular.event.csv",898
"BAL197805060","MIN",8,0,1,0,0,"",1,5,"carer001","?","carer001","?","martd001","?","martd001","?","skagd101","murre001","smitb101","decid001","garck001","bumba001","harll101","lopec101","","","","63","F","F",3,3,2,"T","T",0,"F","F",1,"F","F",0,"F","F",6,"G","F","F","",0,0,"N",0,"N",0,"N",0,0,0,0,"63","","","","F","F","F","F","F","F","F","F","F","","","","F","F","F","F","F","","","","",0,3,0,0,6,0,0,0,0,62,"BAL","MIN","BAL",0,"F","F",1,5,0,29,1,"T","F",0,0,"T","T","cubbm101","fordd001","T","T",0,0,0,0,0,0,0,0,0,"","","",0,0,0,0,0,0,0,0,0,0,0,0,0,"garck001","F","F","F","F",0,0,0,0,0,0,0,0,0,0,F,F,"1978BAL.EVA.regular.event.csv",899
"BAL197805060","MIN",8,0,2,0,0,"",1,5,"cubbm101","?","cubbm101","?","martd001","?","martd001","?","skagd101","murre001","smitb101","decid001","garck001","bumba001","harll101","lopec101","","","","13","F","F",5,4,2,"T","T",0,"F","F",1,"F","F",0,"F","F",1,"G","F","F","",0,0,"N",0,"N",0,"N",0,0,0,0,"13","","","","F","F","F","F","F","F","F","F","F","","","","F","F","F","F","F","","","","",0,3,0,0,1,0,0,0,0,63,"BAL","MIN","BAL",0,"F","T",1,5,0,30,2,"T","F",0,0,"T","T","fordd001","adamg101","T","T",0,0,0,0,0,0,0,0,0,"","","",0,0,0,0,0,0,0,0,0,0,0,0,0,"martd001","F","F","F","F",0,0,0,0,0,0,0,0,0,0,F,F,"1978BAL.EVA.regular.event.csv",900
"BAL197805060","MIN",8,1,0,0,0,"",1,5,"harll101","?","harll101","?","thayg101","?","thayg101","?","wyneb001","carer001","randb101","cubbm101","smalr001","chilr101","fordd001","poweh101","","","","63","T","F",8,5,2,"T","T",0,"F","F",1,"F","F",0,"F","F",6,"G","F","F","",0,0,"N",0,"N",0,"N",0,0,0,0,"63","","","","F","F","F","F","F","F","F","F","F","","","","F","F","F","F","F","","","","",0,3,0,0,6,0,0,0,0,64,"BAL","BAL","MIN",1,"T","F",5,1,0,31,0,"T","F",0,0,"T","T","may-l101","decid001","F","F",0,0,0,0,0,0,0,0,0,"","","",0,0,0,0,0,0,0,0,0,0,0,0,0,"smalr001","F","F","F","F",0,0,0,0,0,0,0,0,0,0,F,F,"1978BAL.EVA.regular.event.csv",901
"BAL197805060","MIN",8,1,1,0,0,"",1,5,"may-l101","?","may-l101","?","thayg101","?","thayg101","?","wyneb001","carer001","randb101","cubbm101","smalr001","chilr101","fordd001","poweh101","","","","K","F","F",10,6,3,"T","T",0,"F","F",1,"F","F",0,"F","F",0,"","F","F","",0,0,"N",0,"N",0,"N",0,0,0,0,"2","","","","F","F","F","F","F","F","F","F","F","","","","F","F","F","F","F","","","","",0,2,0,0,0,0,0,0,0,65,"BAL","BAL","MIN",1,"F","F",5,1,0,32,1,"T","F",0,0,"T","T","decid001","garck001","F","F",0,0,0,0,0,0,0,0,0,"","","",0,0,0,0,0,0,0,0,0,0,0,0,0,"","F","F","F","F",0,0,0,0,0,0,0,0,0,0,F,F,"1978BAL.EVA.regular.event.csv",902
"BAL197805060","MIN",8,1,2,0,0,"",1,5,"decid001","?","decid001","?","thayg101","?","thayg101","?","wyneb001","carer001","randb101","cubbm101","smalr001","chilr101","fordd001","poweh101","","","","S6","F","F",5,7,20,"T","T",1,"F","F",0,"F","F",0,"F","F",6,"","F","F","",0,0,"N",0,"N",0,"N",1,0,0,0,"","","","","F","F","F","F","F","F","F","F","F","","","","F","F","F","F","F","","","","",0,0,0,0,0,0,0,0,0,66,"BAL","BAL","MIN",1,"F","F",5,1,0,33,2,"T","F",0,1,"T","T","garck001","skagd101","F","F",0,0,0,0,0,0,0,0,0,"","","",0,0,0,0,0,0,0,0,0,0,0,0,0,"smalr001","F","F","F","F",0,0,0,0,0,0,0,0,0,0,F,F,"1978BAL.EVA.regular.event.csv",903
"BAL197805060","MIN",8,1,2,0,0,"",1,5,"garck001","?","garck001","?","thayg101","?","thayg101","?","wyneb001","carer001","randb101","cubbm101","smalr001","chilr101","fordd001","poweh101","decid001","","","BK.1-2","F","F",6,8,11,"F","F",0,"F","F",0,"F","F",0,"F","F",0,"","F","F","",0,0,"N",0,"N",0,"N",0,2,0,0,"","","","","F","F","F","F","F","F","F","F","F","thayg101","","","F","F","F","F","F","","","","",0,0,0,0,0,0,0,0,0,67,"BAL","BAL","MIN",1,"F","F",5,1,0,34,3,"T","F",1,2,"T","T","skagd101","bumba001","F","F",5,7,66,0,0,0,0,0,0,"wyneb001","","",0,0,0,0,0,0,0,0,0,0,0,0,0,"","F","F","F","F",0,0,0,0,0,0,0,0,0,0,F,F,"1978BAL.EVA.regular.event.csv",904
"BAL197805060","MIN",8,1,2,0,0,"",1,5,"garck001","?","garck001","?","thayg101","?","thayg101","?","wyneb001","carer001","randb101","cubbm101","smalr001","chilr101","fordd001","poweh101","","decid001","","K","F","F",6,8,3,"T","T",0,"F","F",1,"F","F",0,"F","F",0,"","F","F","",0,0,"N",0,"N",0,"N",0,0,2,0,"2","","","","F","F","F","F","F","F","F","F","F","","thayg101","","F","F","F","F","F","","","","",0,2,0,0,0,0,0,0,0,68,"BAL","BAL","MIN",1,"F","T",5,1,0,34,3,"F","F",2,2,"T","T","skagd101","bumba001","F","F",0,0,0,5,7,66,0,0,0,"","wyneb001","",0,0,0,0,0,0,0,0,0,0,0,0,0,"","F","F","F","F",0,0,0,0,0,0,0,0,0,0,F,F,"1978BAL.EVA.regular.event.csv",905
"BAL197805060","MIN",9,0,0,0,0,"",1,5,"fordd001","?","fordd001","?","martd001","?","martd001","?","skagd101","murre001","smitb101","decid001","garck001","bumba001","harll101","lopec101","","","","S8","T","F",8,5,20,"T","T",1,"F","F",0,"F","F",0,"F","F",8,"","F","F","",0,0,"N",0,"N",0,"N",1,0,0,0,"","","","","F","F","F","F","F","F","F","F","F","","","","F","F","F","F","F","","","","",0,0,0,0,0,0,0,0,0,69,"BAL","MIN","BAL",0,"T","F",1,5,0,31,0,"T","F",0,1,"T","T","adamg101","chilr101","T","T",0,0,0,0,0,0,0,0,0,"","","",0,0,0,0,0,0,0,0,0,0,0,0,0,"harll101","F","F","F","F",4,0,0,0,7,0,0,0,0,0,F,F,"1978BAL.EVA.regular.event.csv",906
"BAL197805060","MIN",9,0,0,0,0,"",1,5,"adamg101","?","adamg101","?","martd001","?","martd001","?","skagd101","murre001","smitb101","decid001","garck001","bumba001","harll101","lopec101","fordd001","","","S.1-3","F","F",10,6,20,"T","T",1,"F","F",0,"F","F",0,"F","F",0,"","F","F","",0,0,"N",0,"N",0,"N",1,3,0,0,"","","","","F","F","F","F","F","F","F","F","F","martd001","","","F","F","F","F","F","","","","",0,0,0,0,0,0,0,0,0,70,"BAL","MIN","BAL",0,"F","F",1,5,0,32,1,"T","F",1,5,"T","T","chilr101","wyneb001","T","T",8,5,69,0,0,0,0,0,0,"skagd101","","",0,0,0,0,0,0,0,0,0,0,0,0,0,"","F","F","F","F",4,4,0,0,7,0,0,0,0,0,F,F,"1978BAL.EVA.regular.event.csv",907
"BAL197805060","MIN",9,0,0,0,0,"",1,5,"chilr101","?","chilr101","?","stand101","?","stand101","?","skagd101","murre001","smitb101","decid001","garck001","bumba001","harll101","lopec101","adamg101","","fordd001","W.1-2","F","F",7,7,14,"T","F",0,"F","F",0,"F","F",0,"F","F",0,"","F","F","",0,0,"N",0,"N",0,"N",1,2,0,3,"","","","","F","F","F","F","F","F","F","F","F","martd001","","martd001","F","F","F","F","F","","","","",0,0,0,0,0,0,0,0,0,71,"BAL","MIN","BAL",0,"F","F",1,5,0,33,2,"T","F",5,7,"T","T","wyneb001","randb101","F","F",10,6,70,0,0,0,8,5,69,"skagd101","","skagd101",0,0,0,0,0,0,0,0,0,0,0,0,0,"","F","F","F","F",4,4,0,4,7,0,0,0,0,0,F,F,"1978BAL.EVA.regular.event.csv",908
"BAL197805060","MIN",9,0,0,0,0,"",1,5,"wyneb001","?","wyneb001","?","stand101","?","stand101","?","skagd101","murre001","smitb101","decid001","garck001","bumba001","harll101","lopec101","chilr101","adamg101","fordd001","E6/TH.1-3;2-H(NR);3-H","F","F",2,8,18,"T","T",0,"F","F",0,"F","F",1,"F","F",6,"G","F","F","",1,6,"T",0,"N",0,"N",1,3,4,4,"","","","","F","F","F","F","F","F","F","F","F","stand101","martd001","martd001","F","F","F","F","F","","","","",0,0,0,0,0,0,0,0,0,72,"BAL","MIN","BAL",0,"F","F",1,5,0,34,3,"T","F",7,5,"T","T","randb101","poweh101","F","F",7,7,71,10,6,70,8,5,69,"skagd101","skagd101","skagd101",0,0,0,0,0,0,0,0,0,0,0,0,2,"garck001","F","F","F","T",5,4,4,4,5,0,0,0,0,0,F,F,"1978BAL.EVA.regular.event.csv",909
"BAL197805060","MIN",9,0,0,0,0,"",3,5,"moraj001","?","moraj001","?","stand101","?","stand101","?","skagd101","murre001","smitb101","decid001","garck001","bumba001","harll101","lopec101","wilfr001","","chilr101","K/C","F","T",11,9,3,"T","T",0,"F","F",1,"F","F",0,"F","F",0,"","F","F","",0,0,"N",0,"N",0,"N",0,1,0,3,"2","","","","F","F","F","F","F","F","F","F","F","stand101","","stand101","F","F","T","F","F","wyneb001","","","randb101",4,2,0,0,0,0,0,0,0,73,"BAL","MIN","BAL",0,"F","F",3,5,2,35,4,"T","F",5,5,"F","F","poweh101","smalr001","F","F",12,8,72,0,0,0,7,7,71,"skagd101","","skagd101",0,0,0,0,0,0,0,0,0,0,0,0,0,"","F","F","F","F",0,5,0,4,5,0,0,0,0,0,F,F,"1978BAL.EVA.regular.event.csv",910
"BAL197805060","MIN",9,0,1,0,0,"",3,5,"poweh101","?","poweh101","?","stand101","?","stand101","?","skagd101","murre001","smitb101","decid001","garck001","bumba001","harll101","lopec101","wilfr001","","chilr101","S8.1-2;3-H","F","F",9,1,20,"T","T",1,"F","F",0,"F","F",1,"F","F",8,"","F","F","",0,0,"N",0,"N",0,"N",1,2,0,4,"","","","","F","F","F","F","F","F","F","F","F","stand101","","stand101","F","F","F","F","F","","","","",0,0,0,0,0,0,0,0,0,74,"BAL","MIN","BAL",0,"F","F",3,5,2,36,5,"T","F",5,3,"T","T","smalr001","carer001","F","F",0,8,72,0,0,0,7,7,71,"skagd101","","skagd101",0,0,0,0,0,0,0,0,0,0,0,0,1,"harll101","F","F","F","F",4,5,0,4,4,0,0,0,0,0,F,F,"1978BAL.EVA.regular.event.csv",911
"BAL197805060","MIN",9,0,1,0,0,"",4,5,"smalr001","?","smalr001","?","stand101","?","stand101","?","skagd101","murre001","smitb101","decid001","garck001","bumba001","harll101","lopec101","poweh101","wilfr001","","W.2-3;1-2","F","F",6,2,14,"T","F",0,"F","F",0,"F","F",0,"F","F",0,"","F","F","",0,0,"N",0,"N",0,"N",1,2,3,0,"","","","","F","F","F","F","F","F","F","F","F","stand101","stand101","","F","F","F","F","F","","","","",0,0,0,0,0,0,0,0,0,75,"BAL","MIN","BAL",0,"F","F",4,5,3,37,6,"T","F",3,7,"T","T","carer001","cubbm101","F","F",9,1,74,0,8,72,0,0,0,"skagd101","skagd101","",0,0,0,0,0,0,0,0,0,0,0,0,0,"","F","F","F","F",4,4,5,0,4,0,0,0,0,0,F,F,"1978BAL.EVA.regular.event.csv",912
"BAL197805060","MIN",9,0,1,0,0,"",4,5,"carer001","?","carer001","?","martt001","?","martt001","?","skagd101","murre001","smitb101","decid001","garck001","bumba001","harll101","lopec101","smalr001","poweh101","wilfr001","T8.1-H;2-H;3-H(UR)","F","F",3,3,22,"T","T",3,"F","F",0,"F","F",3,"F","F",8,"","F","F","",0,0,"N",0,"N",0,"N",3,4,4,5,"","","","","F","F","F","F","F","F","F","F","F","stand101","stand101","stand101","F","F","F","F","F","","","","",0,0,0,0,0,0,0,0,0,76,"BAL","MIN","BAL",0,"F","F",4,5,3,38,7,"T","F",7,4,"T","T","cubbm101","fordd001","F","F",6,2,75,9,1,74,0,8,72,"skagd101","skagd101","skagd101",0,0,0,0,0,0,0,0,0,0,0,0,3,"harll101","F","F","F","F",4,4,4,5,1,0,0,0,0,0,F,F,"1978BAL.EVA.regular.event.csv",913
"BAL197805060","MIN",9,0,1,0,0,"",7,5,"cubbm101","?","cubbm101","?","martt001","?","martt001","?","skagd101","murre001","smitb101","decid001","garck001","bumba001","harll101","lopec101","","","carer001","S9/G.3-H","F","F",5,4,20,"T","T",1,"F","F",0,"F","F",1,"F","F",9,"G","F","F","",0,0,"N",0,"N",0,"N",1,0,0,4,"","","","","F","F","F","F","F","F","F","F","F","","","martt001","F","F","F","F","F","","","","",0,0,0,0,0,0,0,0,0,77,"BAL","MIN","BAL",0,"F","F",7,5,6,39,8,"T","F",4,1,"T","T","fordd001","adamg101","F","F",0,0,0,0,0,0,3,3,76,"","","skagd101",0,0,0,0,0,0,0,0,0,0,0,0,1,"lopec101","F","F","F","F",0,0,0,4,0,0,0,0,0,0,F,F,"1978BAL.EVA.regular.event.csv",914
"BAL197805060","MIN",9,0,1,0,0,"",8,5,"fordd001","?","fordd001","?","flinj101","?","flinj101","?","skagd101","murre001","smitb101","decid001","garck001","bumba001","harll101","lopec101","cubbm101","","","4(1)3/GDP","F","F",8,5,2,"T","T",0,"F","F",2,"T","F",0,"F","F",4,"G","F","F","",0,0,"N",0,"N",0,"N",0,0,0,0,"43","4","","","F","F","F","F","F","F","F","F","F","martt001","","","F","F","F","F","F","","","","",0,4,3,0,4,0,0,0,0,78,"BAL","MIN","BAL",0,"F","T",8,5,7,40,9,"T","F",1,0,"T","T","adamg101","chilr101","F","F",5,4,77,0,0,0,0,0,0,"skagd101","","",0,0,0,0,0,0,0,0,0,0,0,0,0,"smitb101","T","F","F","F",0,0,0,0,0,0,0,0,0,0,F,F,"1978BAL.EVA.regular.event.csv",915
"BAL197805060","MIN",9,1,0,0,0,"",8,5,"kellp101","?","kellp101","?","johnt103","?","johnt103","?","borgg101","carer001","wilfr001","cubbm101","smalr001","norww101","fordd001","poweh101","","","","E5.B-1","T","T",11,9,18,"T","T",0,"F","F",0,"F","F",0,"F","F",5,"G","F","F","",1,5,"F",0,"N",0,"N",1,0,0,0,"","","","","F","F","F","F","F","F","F","F","F","","","","F","F","F","F","F","","","","skagd101",2,0,0,0,0,0,0,0,0,79,"BAL","BAL","MIN",1,"T","F",5,8,0,35,0,"T","F",0,1,"F","F","bumba001","smitb101","F","F",0,0,0,0,0,0,0,0,0,"","","",0,0,0,0,0,0,0,0,0,0,0,0,0,"cubbm101","F","F","F","T",5,0,0,0,2,0,0,0,0,0,F,F,"1978BAL.EVA.regular.event.csv",916
"BAL197805060","MIN",9,1,0,0,0,"",8,5,"bumba001","?","bumba001","?","johnt103","?","johnt103","?","borgg101","carer001","wilfr001","cubbm101","smalr001","norww101","fordd001","poweh101","kellp101","","","13.1-2","F","F",7,1,2,"T","T",0,"F","F",1,"F","F",0,"F","F",1,"G","F","F","",0,0,"N",0,"N",0,"N",0,2,0,0,"13","","","","F","F","F","F","F","F","F","F","F","johnt103","","","F","F","F","F","F","","","","",0,3,0,0,1,0,0,0,0,80,"BAL","BAL","MIN",1,"F","F",5,8,0,36,1,"T","F",1,2,"T","T","smitb101","murre001","F","F",0,9,79,0,0,0,0,0,0,"borgg101","","",0,0,0,0,0,0,0,0,0,0,0,0,0,"johnt103","F","F","F","F",0,5,0,0,2,0,0,0,0,0,F,F,"1978BAL.EVA.regular.event.csv",917
"BAL197805060","MIN",9,1,1,0,0,"",8,5,"smitb101","?","smitb101","?","johnt103","?","johnt103","?","borgg101","carer001","wilfr001","cubbm101","smalr001","norww101","fordd001","poweh101","","kellp101","","W","F","F",4,2,14,"T","F",0,"F","F",0,"F","F",0,"F","F",0,"","F","F","",0,0,"N",0,"N",0,"N",1,0,2,0,"","","","","F","F","F","F","F","F","F","F","F","","johnt103","","F","F","F","F","F","","","","",0,0,0,0,0,0,0,0,0,81,"BAL","BAL","MIN",1,"F","F",5,8,0,37,2,"T","F",2,3,"T","T","murre001","lopec101","F","F",0,0,0,0,9,79,0,0,0,"","borgg101","",0,0,0,0,0,0,0,0,0,0,0,0,0,"","F","F","F","F",4,0,5,0,2,0,0,0,0,0,F,F,"1978BAL.EVA.regular.event.csv",918
"BAL197805060","MIN",9,1,1,0,0,"",8,5,"murre001","?","murre001","?","johnt103","?","johnt103","?","borgg101","carer001","wilfr001","cubbm101","smalr001","norww101","fordd001","poweh101","smitb101","kellp101","","S8.1-2;2-3","F","F",3,3,20,"T","T",1,"F","F",0,"F","F",0,"F","F",8,"","F","F","",0,0,"N",0,"N",0,"N",1,2,3,0,"","","","","F","F","F","F","F","F","F","F","F","johnt103","johnt103","","F","F","F","F","F","","","","",0,0,0,0,0,0,0,0,0,82,"BAL","BAL","MIN",1,"F","F",5,8,0,38,3,"T","F",3,7,"T","T","lopec101","harll101","F","F",4,2,81,0,9,79,0,0,0,"borgg101","borgg101","",0,0,0,0,0,0,0,0,0,0,0,0,0,"fordd001","F","F","F","F",2,4,5,0,2,0,0,0,0,0,F,F,"1978BAL.EVA.regular.event.csv",919
"BAL197805060","MIN",9,1,1,0,0,"",8,5,"crowt101","?","crowt101","?","johnt103","?","johnt103","?","borgg101","carer001","wilfr001","cubbm101","smalr001","norww101","fordd001","poweh101","belam101","smitb101","kellp101","S8.1-2;2-H;3-H(UR)","F","T",11,4,20,"T","T",1,"F","F",0,"F","F",2,"F","F",8,"","F","F","",0,0,"N",0,"N",0,"N",1,2,4,5,"","","","","F","F","F","F","F","F","F","F","F","johnt103","johnt103","johnt103","F","F","T","F","F","murre001","","","lopec101",9,0,0,0,0,0,0,0,0,83,"BAL","BAL","MIN",1,"F","F",5,8,0,39,4,"T","F",7,3,"F","F","harll101","may-l101","F","F",12,3,82,4,2,81,11,9,79,"borgg101","borgg101","borgg101",0,0,0,0,0,0,0,0,0,0,0,0,2,"fordd001","F","F","F","F",1,2,4,5,0,0,0,0,0,0,F,F,"1978BAL.EVA.regular.event.csv",920
"BAL197805060","MIN",9,1,1,0,0,"",8,7,"harll101","?","harll101","?","johnt103","?","johnt103","?","borgg101","carer001","wilfr001","cubbm101","smalr001","norww101","fordd001","poweh101","crowt101","belam101","","K","F","F",8,5,3,"T","T",0,"F","F",1,"F","F",0,"F","F",0,"","F","F","",0,0,"N",0,"N",0,"N",0,1,2,0,"2","","","","F","F","F","F","F","F","F","F","F","johnt103","johnt103","","F","F","F","F","F","","","","",0,2,0,0,0,0,0,0,0,84,"BAL","BAL","MIN",1,"F","F",7,8,2,40,5,"T","F",3,3,"T","T","may-l101","decid001","F","F",0,4,83,0,3,82,0,0,0,"borgg101","borgg101","",0,0,0,0,0,0,0,0,0,0,0,0,0,"","F","F","F","F",0,1,2,0,0,0,0,0,0,0,F,F,"1978BAL.EVA.regular.event.csv",921
"BAL197805060","MIN",9,1,2,0,0,"",8,7,"may-l101","?","may-l101","?","johnt103","?","johnt103","?","borgg101","carer001","wilfr001","cubbm101","smalr001","norww101","fordd001","poweh101","crowt101","belam101","","K","F","F",10,6,3,"T","T",0,"F","F",1,"F","F",0,"F","F",0,"","F","F","",0,0,"N",0,"N",0,"N",0,1,2,0,"2","","","","F","F","F","F","F","F","F","F","F","johnt103","johnt103","","F","T","F","F","F","","","","",0,2,0,0,0,0,0,0,0,85,"BAL","BAL","MIN",1,"F","T",7,8,2,41,6,"T","F",3,3,"T","T","decid001","garck001","F","F",0,4,83,0,3,82,0,0,0,"borgg101","borgg101","",0,0,0,0,0,0,0,0,0,0,0,0,0,"","F","F","F","F",0,1,2,0,0,0,0,0,0,0,F,F,"1978BAL.EVA.regular.event.csv",922
"BAL197805070","MIN",1,0,0,0,0,"",0,0,"norww101","?","norww101","?","palmj001","?","palmj001","?","dempr001","murre001","smitb101","decid001","belam101","bumba001","harll101","singk001","","","","W","T","F",7,1,14,"T","F",0,"F","F",0,"F","F",0,"F","F",0,"","F","F","",0,0,"N",0,"N",0,"N",1,0,0,0,"","","","","F","F","F","F","F","F","F","F","F","","","","T","F","F","F","F","","","","",0,0,0,0,0,0,0,0,0,1,"BAL","MIN","BAL",0,"T","F",0,0,0,0,0,"T","F",0,1,"T","T","smalr001","carer001","T","T",0,0,0,0,0,0,0,0,0,"","","",0,0,0,0,0,0,0,0,0,0,0,0,0,"","F","F","F","F",4,0,0,0,4,0,0,0,0,0,F,F,"1978BAL.EVA.regular.event.csv",923
"BAL197805070","MIN",1,0,0,0,0,"",0,0,"smalr001","?","smalr001","?","palmj001","?","palmj001","?","dempr001","murre001","smitb101","decid001","belam101","bumba001","harll101","singk001","norww101","","","SB2.1-3(E2/TH2)","F","F",6,2,4,"F","F",0,"F","F",0,"F","F",0,"F","F",0,"","F","F","",1,2,"T",0,"N",0,"N",0,3,0,0,"","","","","T","F","F","F","F","F","F","F","F","palmj001","","","F","F","F","F","F","","","","",0,0,0,0,0,0,0,0,0,2,"BAL","MIN","BAL",0,"F","F",0,0,0,1,1,"T","F",1,4,"T","T","carer001","cubbm101","T","T",7,1,1,0,0,0,0,0,0,"dempr001","","",0,0,0,0,0,0,0,0,0,0,0,0,0,"","F","F","F","F",0,4,0,0,4,0,0,0,0,0,F,F,"1978BAL.EVA.regular.event.csv",924
"BAL197805070","MIN",1,0,0,0,0,"",0,0,"smalr001","?","smalr001","?","palmj001","?","palmj001","?","dempr001","murre001","smitb101","decid001","belam101","bumba001","harll101","singk001","","","norww101","W","F","F",6,2,14,"T","F",0,"F","F",0,"F","F",0,"F","F",0,"","F","F","",0,0,"N",0,"N",0,"N",1,0,0,3,"","","","","F","F","F","F","F","F","F","F","F","","","palmj001","F","F","F","F","F","","","","",0,0,0,0,0,0,0,0,0,3,"BAL","MIN","BAL",0,"F","F",0,0,0,1,1,"F","F",4,5,"T","T","carer001","cubbm101","T","T",0,0,0,0,0,0,7,1,1,"","","dempr001",0,0,0,0,0,0,0,0,0,0,0,0,0,"","F","F","F","F",4,0,0,4,4,0,0,0,0,0,F,F,"1978BAL.EVA.regular.event.csv",925
"BAL197805070","MIN",1,0,0,0,0,"",0,0,"carer001","?","carer001","?","palmj001","?","palmj001","?","dempr001","murre001","smitb101","decid001","belam101","bumba001","harll101","singk001","smalr001","","norww101","WP.1-2;3-H","F","F",3,3,9,"F","F",0,"F","F",0,"F","F",0,"T","F",0,"","F","F","",0,0,"N",0,"N",0,"N",0,2,0,4,"","","","","F","F","F","F","F","F","F","F","F","palmj001","","palmj001","F","F","F","F","F","","","","",0,0,0,0,0,0,0,0,0,4,"BAL","MIN","BAL",0,"F","F",0,0,0,2,2,"T","F",5,2,"T","T","cubbm101","fordd001","T","T",6,2,3,0,0,0,7,1,1,"dempr001","","dempr001",0,0,0,0,0,0,0,0,0,0,0,0,1,"","F","F","F","F",0,4,0,4,3,0,0,0,0,0,F,F,"1978BAL.EVA.regular.event.csv",926
"BAL197805070","MIN",1,0,0,0,0,"",1,0,"carer001","?","carer001","?","palmj001","?","palmj001","?","dempr001","murre001","smitb101","decid001","belam101","bumba001","harll101","singk001","","smalr001","","W","F","F",3,3,14,"T","F",0,"F","F",0,"F","F",0,"F","F",0,"","F","F","",0,0,"N",0,"N",0,"N",1,0,2,0,"","","","","F","F","F","F","F","F","F","F","F","","palmj001","","F","F","F","F","F","","","","",0,0,0,0,0,0,0,0,0,5,"BAL","MIN","BAL",0,"F","F",1,0,1,2,2,"F","F",2,3,"T","T","cubbm101","fordd001","T","T",0,0,0,6,2,3,0,0,0,"","dempr001","",0,0,0,0,0,0,0,0,0,0,0,0,0,"","F","F","F","F",5,0,4,0,3,0,0,0,0,0,F,F,"1978BAL.EVA.regular.event.csv",927
"BAL197805070","MIN",1,0,0,0,0,"",1,0,"cubbm101","?","cubbm101","?","palmj001","?","palmj001","?","dempr001","murre001","smitb101","decid001","belam101","bumba001","harll101","singk001","carer001","smalr001","","S7/G.2-H;1-H(E6)(UR);B-3(E4)","F","F",5,4,20,"T","T",1,"F","F",0,"F","F",1,"F","F",7,"G","F","F","",2,6,"F",4,"F",0,"N",3,5,4,0,"","","","","F","F","F","F","F","F","F","F","F","palmj001","palmj001","","F","F","F","F","F","","","","",0,0,0,0,0,0,0,0,0,6,"BAL","MIN","BAL",0,"F","F",1,0,1,3,3,"T","F",3,4,"T","T","fordd001","wyneb001","T","T",3,3,5,6,2,3,0,0,0,"dempr001","dempr001","",0,0,0,0,0,0,0,0,0,0,0,0,2,"bumba001","F","F","F","F",5,5,4,0,1,0,0,0,0,0,F,F,"1978BAL.EVA.regular.event.csv",928
"BAL197805070","MIN",1,0,0,0,0,"",3,0,"fordd001","?","fordd001","?","palmj001","?","palmj001","?","dempr001","murre001","smitb101","decid001","belam101","bumba001","harll101","singk001","","","cubbm101","K/C","F","F",8,5,3,"T","T",0,"F","F",1,"F","F",0,"F","F",0,"","F","F","",0,0,"N",0,"N",0,"N",0,0,0,3,"2","","","","F","F","F","F","F","F","F","F","F","","","palmj001","F","F","F","F","F","","","","",0,2,0,0,0,0,0,0,0,7,"BAL","MIN","BAL",0,"F","F",3,0,3,4,4,"T","F",4,4,"T","T","wyneb001","adamg101","T","T",0,0,0,0,0,0,5,4,6,"","","dempr001",0,0,0,0,0,0,0,0,0,0,0,0,0,"","F","F","F","F",0,0,0,5,1,0,0,0,0,0,F,F,"1978BAL.EVA.regular.event.csv",929
"BAL197805070","MIN",1,0,1,0,0,"",3,0,"wyneb001","?","wyneb001","?","palmj001","?","palmj001","?","dempr001","murre001","smitb101","decid001","belam101","bumba001","harll101","singk001","","","cubbm101","8/SF.3-H(UR)","F","F",2,6,2,"T","F",0,"F","T",1,"F","F",1,"F","F",8,"F","F","F","",0,0,"N",0,"N",0,"N",0,0,0,5,"8","","","","F","F","F","F","F","F","F","F","F","","","palmj001","F","F","F","F","F","","","","",0,8,0,0,0,0,0,0,0,8,"BAL","MIN","BAL",0,"F","F",3,0,3,5,5,"T","F",4,0,"T","T","adamg101","poweh101","T","T",0,0,0,0,0,0,5,4,6,"","","dempr001",0,0,0,0,0,0,0,0,0,0,0,0,1,"harll101","F","F","F","F",0,0,0,5,0,0,0,0,0,0,F,F,"1978BAL.EVA.regular.event.csv",930
"BAL197805070","MIN",1,0,2,0,0,"",4,0,"adamg101","?","adamg101","?","palmj001","?","palmj001","?","dempr001","murre001","smitb101","decid001","belam101","bumba001","harll101","singk001","","","","W","F","F",10,7,14,"T","F",0,"F","F",0,"F","F",0,"F","F",0,"","F","F","",0,0,"N",0,"N",0,"N",1,0,0,0,"","","","","F","F","F","F","F","F","F","F","F","","","","F","F","F","F","F","","","","",0,0,0,0,0,0,0,0,0,9,"BAL","MIN","BAL",0,"F","F",4,0,4,6,6,"T","F",0,1,"T","T","poweh101","randb101","T","T",0,0,0,0,0,0,0,0,0,"","","",0,0,0,0,0,0,0,0,0,0,0,0,0,"","F","F","F","F",0,0,0,0,0,0,0,0,0,0,F,F,"1978BAL.EVA.regular.event.csv",931
"BAL197805070","MIN",1,0,2,0,0,"",4,0,"poweh101","?","poweh101","?","palmj001","?","palmj001","?","dempr001","murre001","smitb101","decid001","belam101","bumba001","harll101","singk001","adamg101","","","K","F","F",9,8,3,"T","T",0,"F","F",1,"F","F",0,"F","F",0,"","F","F","",0,0,"N",0,"N",0,"N",0,1,0,0,"2","","","","F","F","F","F","F","F","F","F","F","palmj001","","","F","F","F","F","F","","","","",0,2,0,0,0,0,0,0,0,10,"BAL","MIN","BAL",0,"F","T",4,0,4,7,7,"T","F",1,1,"T","T","randb101","norww101","T","T",10,7,9,0,0,0,0,0,0,"dempr001","","",0,0,0,0,0,0,0,0,0,0,0,0,0,"","F","F","F","F",0,0,0,0,0,0,0,0,0,0,F,F,"1978BAL.EVA.regular.event.csv",932
"BAL197805070","MIN",1,1,0,0,0,"",4,0,"bumba001","?","bumba001","?","serug101","?","serug101","?","wyneb001","carer001","randb101","cubbm101","smalr001","norww101","fordd001","poweh101","","","","9","T","F",7,1,2,"T","T",0,"F","F",1,"F","F",0,"F","F",9,"F","F","F","",0,0,"N",0,"N",0,"N",0,0,0,0,"9","","","","F","F","F","F","F","F","F","F","F","","","","F","F","F","F","F","","","","",0,9,0,0,0,0,0,0,0,11,"BAL","BAL","MIN",1,"T","F",0,4,0,0,0,"T","F",0,0,"T","T","smitb101","harll101","T","T",0,0,0,0,0,0,0,0,0,"","","",0,0,0,0,0,0,0,0,0,0,0,0,0,"poweh101","F","F","F","F",0,0,0,0,0,0,0,0,0,0,F,F,"1978BAL.EVA.regular.event.csv",933
"BAL197805070","MIN",1,1,1,0,0,"",4,0,"smitb101","?","smitb101","?","serug101","?","serug101","?","wyneb001","carer001","randb101","cubbm101","smalr001","norww101","fordd001","poweh101","","","","6","F","F",4,2,2,"T","T",0,"F","F",1,"F","F",0,"F","F",6,"F","F","F","",0,0,"N",0,"N",0,"N",0,0,0,0,"6","","","","F","F","F","F","F","F","F","F","F","","","","F","F","F","F","F","","","","",0,6,0,0,0,0,0,0,0,12,"BAL","BAL","MIN",1,"F","F",0,4,0,1,1,"T","F",0,0,"T","T","harll101","singk001","T","T",0,0,0,0,0,0,0,0,0,"","","",0,0,0,0,0,0,0,0,0,0,0,0,0,"smalr001","F","F","F","F",0,0,0,0,0,0,0,0,0,0,F,F,"1978BAL.EVA.regular.event.csv",934
"BAL197805070","MIN",1,1,2,0,0,"",4,0,"harll101","?","harll101","?","serug101","?","serug101","?","wyneb001","carer001","randb101","cubbm101","smalr001","norww101","fordd001","poweh101","","","","K/C","F","F",8,3,3,"T","T",0,"F","F",1,"F","F",0,"F","F",0,"","F","F","",0,0,"N",0,"N",0,"N",0,0,0,0,"2","","","","F","F","F","F","F","F","F","F","F","","","","F","F","F","F","F","","","","",0,2,0,0,0,0,0,0,0,13,"BAL","BAL","MIN",1,"F","T",0,4,0,2,2,"T","F",0,0,"T","T","singk001","murre001","T","T",0,0,0,0,0,0,0,0,0,"","","",0,0,0,0,0,0,0,0,0,0,0,0,0,"","F","F","F","F",0,0,0,0,0,0,0,0,0,0,F,F,"1978BAL.EVA.regular.event.csv",935
"BAL197805070","MIN",2,0,0,0,0,"",4,0,"randb101","?","randb101","?","palmj001","?","palmj001","?","dempr001","murre001","smitb101","decid001","belam101","bumba001","harll101","singk001","","","","43","T","F",4,9,2,"T","T",0,"F","F",1,"F","F",0,"F","F",4,"G","F","F","",0,0,"N",0,"N",0,"N",0,0,0,0,"43","","","","F","F","F","F","F","F","F","F","F","","","","F","F","F","F","F","","","","",0,3,0,0,4,0,0,0,0,14,"BAL","MIN","BAL",0,"T","F",4,0,0,8,0,"T","F",0,0,"T","T","norww101","smalr001","T","T",0,0,0,0,0,0,0,0,0,"","","",0,0,0,0,0,0,0,0,0,0,0,0,0,"smitb101","F","F","F","F",0,0,0,0,2,0,0,0,0,0,F,F,"1978BAL.EVA.regular.event.csv",936
"BAL197805070","MIN",2,0,1,0,0,"",4,0,"norww101","?","norww101","?","palmj001","?","palmj001","?","dempr001","murre001","smitb101","decid001","belam101","bumba001","harll101","singk001","","","","D7","F","F",7,1,21,"T","T",2,"F","F",0,"F","F",0,"F","F",7,"","F","F","",0,0,"N",0,"N",0,"N",2,0,0,0,"","","","","F","F","F","F","F","F","F","F","F","","","","F","F","F","F","F","","","","",0,0,0,0,0,0,0,0,0,15,"BAL","MIN","BAL",0,"F","F",4,0,0,9,1,"T","F",0,2,"T","T","smalr001","carer001","T","T",0,0,0,0,0,0,0,0,0,"","","",0,0,0,0,0,0,0,0,0,0,0,0,0,"bumba001","F","F","F","F",4,0,0,0,2,0,0,0,0,0,F,F,"1978BAL.EVA.regular.event.csv",937
"BAL197805070","MIN",2,0,1,0,0,"",4,0,"smalr001","?","smalr001","?","palmj001","?","palmj001","?","dempr001","murre001","smitb101","decid001","belam101","bumba001","harll101","singk001","","norww101","","SB3#","F","F",6,2,4,"F","F",0,"F","F",0,"F","F",0,"F","F",0,"","F","F","",0,0,"N",0,"N",0,"N",0,0,3,0,"","","","","F","T","F","F","F","F","F","F","F","","palmj001","","F","F","F","F","F","","","","",0,0,0,0,0,0,0,0,0,16,"BAL","MIN","BAL",0,"F","F",4,0,0,10,2,"T","F",2,4,"T","T","carer001","cubbm101","T","T",0,0,0,7,1,15,0,0,0,"","dempr001","",0,0,0,0,0,0,0,0,0,0,0,0,0,"","F","F","F","F",0,0,4,0,2,0,0,0,0,0,F,T,"1978BAL.EVA.regular.event.csv",938
"BAL197805070","MIN",2,0,1,0,0,"",4,0,"smalr001","?","smalr001","?","palmj001","?","palmj001","?","dempr001","murre001","smitb101","decid001","belam101","bumba001","harll101","singk001","","","norww101","W","F","F",6,2,14,"T","F",0,"F","F",0,"F","F",0,"F","F",0,"","F","F","",0,0,"N",0,"N",0,"N",1,0,0,3,"","","","","F","F","F","F","F","F","F","F","F","","","palmj001","F","F","F","F","F","","","","",0,0,0,0,0,0,0,0,0,17,"BAL","MIN","BAL",0,"F","F",4,0,0,10,2,"F","F",4,5,"T","T","carer001","cubbm101","T","T",0,0,0,0,0,0,7,1,15,"","","dempr001",0,0,0,0,0,0,0,0,0,0,0,0,0,"","F","F","F","F",4,0,0,4,2,0,0,0,0,0,F,F,"1978BAL.EVA.regular.event.csv",939
"BAL197805070","MIN",2,0,1,0,0,"",4,0,"carer001","?","carer001","?","palmj001","?","palmj001","?","dempr001","murre001","smitb101","decid001","belam101","bumba001","harll101","singk001","smalr001","","norww101","7/SF.3-H","F","F",3,3,2,"T","F",0,"F","T",1,"F","F",1,"F","F",7,"F","F","F","",0,0,"N",0,"N",0,"N",0,1,0,4,"7","","","","F","F","F","F","F","F","F","F","F","palmj001","","palmj001","F","F","F","F","F","","","","",0,7,0,0,0,0,0,0,0,18,"BAL","MIN","BAL",0,"F","F",4,0,0,11,3,"T","F",5,1,"T","T","cubbm101","fordd001","T","T",6,2,17,0,0,0,7,1,15,"dempr001","","dempr001",0,0,0,0,0,0,0,0,0,0,0,0,1,"bumba001","F","F","F","F",0,4,0,4,1,0,0,0,0,0,F,F,"1978BAL.EVA.regular.event.csv",940
"BAL197805070","MIN",2,0,2,0,0,"",5,0,"cubbm101","?","cubbm101","?","palmj001","?","palmj001","?","dempr001","murre001","smitb101","decid001","belam101","bumba001","harll101","singk001","smalr001","","","T9.1-H","F","F",5,4,22,"T","T",3,"F","F",0,"F","F",1,"F","F",9,"","F","F","",0,0,"N",0,"N",0,"N",3,4,0,0,"","","","","F","F","F","F","F","F","F","F","F","palmj001","","","F","F","F","F","F","","","","",0,0,0,0,0,0,0,0,0,19,"BAL","MIN","BAL",0,"F","F",5,0,1,12,4,"T","F",1,4,"T","T","fordd001","wyneb001","T","T",6,2,17,0,0,0,0,0,0,"dempr001","","",0,0,0,0,0,0,0,0,0,0,0,0,1,"singk001","F","F","F","F",0,4,0,0,0,0,0,0,0,0,F,F,"1978BAL.EVA.regular.event.csv",941
"BAL197805070","MIN",2,0,2,0,0,"",6,0,"fordd001","?","fordd001","?","kerrj101","?","kerrj101","?","dempr001","murre001","smitb101","decid001","belam101","bumba001","harll101","singk001","","","cubbm101","5/FL","F","F",8,5,2,"T","T",0,"F","F",1,"F","F",0,"F","F",5,"F","F","T","",0,0,"N",0,"N",0,"N",0,0,0,3,"5","","","","F","F","F","F","F","F","F","F","F","","","palmj001","F","F","F","F","F","","","","",0,5,0,0,0,0,0,0,0,20,"BAL","MIN","BAL",0,"F","T",6,0,2,13,5,"T","F",4,4,"T","T","wyneb001","adamg101","F","F",0,0,0,0,0,0,5,4,19,"","","dempr001",0,0,0,0,0,0,0,0,0,0,0,0,0,"decid001","F","F","F","F",0,0,0,0,0,0,0,0,0,0,F,F,"1978BAL.EVA.regular.event.csv",942
"BAL197805070","MIN",2,1,0,0,0,"",6,0,"singk001","?","singk001","?","serug101","?","serug101","?","wyneb001","carer001","randb101","cubbm101","smalr001","norww101","fordd001","poweh101","","","","HR/9","T","F",9,4,23,"T","T",4,"F","F",0,"F","F",1,"F","F",0,"","F","F","9",0,0,"N",0,"N",0,"N",4,0,0,0,"","","","","F","F","F","F","F","F","F","F","F","","","","F","F","F","F","F","","","","",0,0,0,0,0,0,0,0,0,21,"BAL","BAL","MIN",1,"T","F",0,6,0,3,0,"T","F",0,0,"T","T","murre001","crowt101","T","T",0,0,0,0,0,0,0,0,0,"","","",0,0,0,0,0,0,0,0,0,0,0,0,1,"","F","F","F","F",4,0,0,0,1,0,0,0,0,0,F,F,"1978BAL.EVA.regular.event.csv",943
"BAL197805070","MIN",2,1,0,0,0,"",6,1,"murre001","?","murre001","?","serug101","?","serug101","?","wyneb001","carer001","randb101","cubbm101","smalr001","norww101","fordd001","poweh101","","","","D9.B-3(E9)","F","F",3,5,21,"T","T",2,"F","F",0,"F","F",0,"F","F",9,"","F","F","",1,9,"F",0,"N",0,"N",3,0,0,0,"","","","","F","F","F","F","F","F","F","F","F","","","","F","F","F","F","F","","","","",0,0,0,0,0,0,0,0,0,22,"BAL","BAL","MIN",1,"F","F",1,6,1,4,1,"T","F",0,4,"T","T","crowt101","decid001","T","T",0,0,0,0,0,0,0,0,0,"","","",0,0,0,0,0,0,0,0,0,0,0,0,0,"poweh101","F","F","F","F",4,0,0,0,1,0,0,0,0,0,F,F,"1978BAL.EVA.regular.event.csv",944
"BAL197805070","MIN",2,1,0,0,0,"",6,1,"crowt101","?","crowt101","?","serug101","?","serug101","?","wyneb001","carer001","randb101","cubbm101","smalr001","norww101","fordd001","poweh101","","","murre001","43.3-H","F","F",10,6,2,"T","T",0,"F","F",1,"F","F",1,"F","F",4,"G","F","F","",0,0,"N",0,"N",0,"N",0,0,0,4,"43","","","","F","F","F","F","F","F","F","F","F","","","serug101","F","F","F","F","F","","","","",0,3,0,0,4,0,0,0,0,23,"BAL","BAL","MIN",1,"F","F",1,6,1,5,2,"T","F",4,0,"T","T","decid001","dempr001","T","T",0,0,0,0,0,0,3,5,22,"","","wyneb001",0,0,0,0,0,0,0,0,0,0,0,0,1,"randb101","F","F","F","F",0,0,0,4,0,0,0,0,0,0,F,F,"1978BAL.EVA.regular.event.csv",945
"BAL197805070","MIN",2,1,1,0,0,"",6,2,"decid001","?","decid001","?","serug101","?","serug101","?","wyneb001","carer001","randb101","cubbm101","smalr001","norww101","fordd001","poweh101","","","","53","F","F",5,7,2,"T","T",0,"F","F",1,"F","F",0,"F","F",5,"G","F","F","",0,0,"N",0,"N",0,"N",0,0,0,0,"53","","","","F","F","F","F","F","F","F","F","F","","","","F","F","F","F","F","","","","",0,3,0,0,5,0,0,0,0,24,"BAL","BAL","MIN",1,"F","F",2,6,2,6,3,"T","F",0,0,"T","T","dempr001","belam101","T","T",0,0,0,0,0,0,0,0,0,"","","",0,0,0,0,0,0,0,0,0,0,0,0,0,"cubbm101","F","F","F","F",0,0,0,0,0,0,0,0,0,0,F,F,"1978BAL.EVA.regular.event.csv",946
"BAL197805070","MIN",2,1,2,0,0,"",6,2,"dempr001","?","dempr001","?","serug101","?","serug101","?","wyneb001","carer001","randb101","cubbm101","smalr001","norww101","fordd001","poweh101","","","","S8","F","F",2,8,20,"T","T",1,"F","F",0,"F","F",0,"F","F",8,"","F","F","",0,0,"N",0,"N",0,"N",1,0,0,0,"","","","","F","F","F","F","F","F","F","F","F","","","","F","F","F","F","F","","","","",0,0,0,0,0,0,0,0,0,25,"BAL","BAL","MIN",1,"F","F",2,6,2,7,4,"T","F",0,1,"T","T","belam101","bumba001","T","T",0,0,0,0,0,0,0,0,0,"","","",0,0,0,0,0,0,0,0,0,0,0,0,0,"fordd001","F","F","F","F",0,0,0,0,0,0,0,0,0,0,F,F,"1978BAL.EVA.regular.event.csv",947
"BAL197805070","MIN",2,1,2,0,0,"",6,2,"belam101","?","belam101","?","serug101","?","serug101","?","wyneb001","carer001","randb101","cubbm101","smalr001","norww101","fordd001","poweh101","dempr001","","","64(1)/FO","F","F",6,9,2,"T","T",0,"F","F",1,"F","F",0,"F","F",6,"G","F","F","",0,0,"N",0,"N",0,"N",1,0,0,0,"","64","","","F","F","F","F","F","F","F","F","F","serug101","","","F","F","F","F","F","","","","",0,4,0,0,6,0,0,0,0,26,"BAL","BAL","MIN",1,"F","T",2,6,2,8,5,"T","F",1,1,"T","T","bumba001","smitb101","T","T",2,8,25,0,0,0,0,0,0,"wyneb001","","",0,0,0,0,0,0,0,0,0,0,0,0,0,"smalr001","T","F","F","F",0,0,0,0,0,0,0,0,0,0,F,F,"1978BAL.EVA.regular.event.csv",948
"BAL197805070","MIN",3,0,0,0,0,"",6,2,"wyneb001","?","wyneb001","?","kerrj101","?","kerrj101","?","dempr001","murre001","smitb101","decid001","belam101","bumba001","harll101","singk001","","","","S8","T","F",2,6,20,"T","T",1,"F","F",0,"F","F",0,"F","F",8,"","F","F","",0,0,"N",0,"N",0,"N",1,0,0,0,"","","","","F","F","F","F","F","F","F","F","F","","","","F","F","F","F","F","","","","",0,0,0,0,0,0,0,0,0,27,"BAL","MIN","BAL",0,"T","F",6,2,0,14,0,"T","F",0,1,"T","T","adamg101","poweh101","F","F",0,0,0,0,0,0,0,0,0,"","","",0,0,0,0,0,0,0,0,0,0,0,0,0,"harll101","F","F","F","F",0,0,0,0,3,0,0,0,0,0,F,F,"1978BAL.EVA.regular.event.csv",949
"BAL197805070","MIN",3,0,0,0,0,"",6,2,"adamg101","?","adamg101","?","kerrj101","?","kerrj101","?","dempr001","murre001","smitb101","decid001","belam101","bumba001","harll101","singk001","wyneb001","","","36(1)/FO","F","F",10,7,2,"T","T",0,"F","F",1,"F","F",0,"F","F",3,"G","F","F","",0,0,"N",0,"N",0,"N",1,0,0,0,"","36","","","F","F","F","F","F","F","F","F","F","kerrj101","","","F","F","F","F","F","","","","",0,6,0,0,3,0,0,0,0,28,"BAL","MIN","BAL",0,"F","F",6,2,0,15,1,"T","F",1,1,"T","T","poweh101","randb101","F","F",2,6,27,0,0,0,0,0,0,"dempr001","","",0,0,0,0,0,0,0,0,0,0,0,0,0,"murre001","T","F","F","F",4,0,0,0,3,0,0,0,0,0,F,F,"1978BAL.EVA.regular.event.csv",950
"BAL197805070","MIN",3,0,1,0,0,"",6,2,"poweh101","?","poweh101","?","kerrj101","?","kerrj101","?","dempr001","murre001","smitb101","decid001","belam101","bumba001","harll101","singk001","adamg101","","","WP.1-2","F","F",9,8,9,"F","F",0,"F","F",0,"F","F",0,"T","F",0,"","F","F","",0,0,"N",0,"N",0,"N",0,2,0,0,"","","","","F","F","F","F","F","F","F","F","F","kerrj101","","","F","F","F","F","F","","","","",0,0,0,0,0,0,0,0,0,29,"BAL","MIN","BAL",0,"F","F",6,2,0,16,2,"T","F",1,2,"T","T","randb101","norww101","F","F",10,7,28,0,0,0,0,0,0,"dempr001","","",0,0,0,0,0,0,0,0,0,0,0,0,0,"","F","F","F","F",0,4,0,0,3,0,0,0,0,0,F,F,"1978BAL.EVA.regular.event.csv",951
"BAL197805070","MIN",3,0,1,0,0,"",6,2,"poweh101","?","poweh101","?","kerrj101","?","kerrj101","?","dempr001","murre001","smitb101","decid001","belam101","bumba001","harll101","singk001","","adamg101","","3/G.2-3","F","F",9,8,2,"T","T",0,"F","F",1,"F","F",0,"F","F",3,"G","F","F","",0,0,"N",0,"N",0,"N",0,0,3,0,"3","","","","F","F","F","F","F","F","F","F","F","","kerrj101","","F","F","F","F","F","","","","",0,3,0,0,0,0,0,0,0,30,"BAL","MIN","BAL",0,"F","F",6,2,0,16,2,"F","F",2,4,"T","T","randb101","norww101","F","F",0,0,0,10,7,28,0,0,0,"","dempr001","",0,0,0,0,0,0,0,0,0,0,0,0,0,"murre001","F","F","F","F",0,0,4,0,3,0,0,0,0,0,F,F,"1978BAL.EVA.regular.event.csv",952
"BAL197805070","MIN",3,0,2,0,0,"",6,2,"randb101","?","randb101","?","kerrj101","?","kerrj101","?","dempr001","murre001","smitb101","decid001","belam101","bumba001","harll101","singk001","","","adamg101","S8.3-H","F","F",4,9,20,"T","T",1,"F","F",0,"F","F",1,"F","F",8,"","F","F","",0,0,"N",0,"N",0,"N",1,0,0,4,"","","","","F","F","F","F","F","F","F","F","F","","","kerrj101","F","F","F","F","F","","","","",0,0,0,0,0,0,0,0,0,31,"BAL","MIN","BAL",0,"F","F",6,2,0,17,3,"T","F",4,1,"T","T","norww101","smalr001","F","F",0,0,0,0,0,0,10,7,28,"","","dempr001",0,0,0,0,0,0,0,0,0,0,0,0,1,"harll101","F","F","F","F",4,0,0,4,2,0,0,0,0,0,F,F,"1978BAL.EVA.regular.event.csv",953
"BAL197805070","MIN",3,0,2,0,0,"",7,2,"norww101","?","norww101","?","kerrj101","?","kerrj101","?","dempr001","murre001","smitb101","decid001","belam101","bumba001","harll101","singk001","randb101","","","S8.1-3","F","F",7,1,20,"T","T",1,"F","F",0,"F","F",0,"F","F",8,"","F","F","",0,0,"N",0,"N",0,"N",1,3,0,0,"","","","","F","F","F","F","F","F","F","F","F","kerrj101","","","F","F","F","F","F","","","","",0,0,0,0,0,0,0,0,0,32,"BAL","MIN","BAL",0,"F","F",7,2,1,18,4,"T","F",1,5,"T","T","smalr001","carer001","F","F",4,9,31,0,0,0,0,0,0,"dempr001","","",0,0,0,0,0,0,0,0,0,0,0,0,0,"harll101","F","F","F","F",4,4,0,0,2,0,0,0,0,0,F,F,"1978BAL.EVA.regular.event.csv",954
"BAL197805070","MIN",3,0,2,0,0,"",7,2,"smalr001","?","smalr001","?","kerrj101","?","kerrj101","?","dempr001","murre001","smitb101","decid001","belam101","bumba001","harll101","singk001","norww101","","randb101","SB2","F","F",6,2,4,"F","F",0,"F","F",0,"F","F",0,"F","F",0,"","F","F","",0,0,"N",0,"N",0,"N",0,2,0,3,"","","","","T","F","F","F","F","F","F","F","F","kerrj101","","kerrj101","F","F","F","F","F","","","","",0,0,0,0,0,0,0,0,0,33,"BAL","MIN","BAL",0,"F","F",7,2,1,19,5,"T","F",5,6,"T","T","carer001","cubbm101","F","F",7,1,32,0,0,0,4,9,31,"dempr001","","dempr001",0,0,0,0,0,0,0,0,0,0,0,0,0,"","F","F","F","F",0,4,0,4,2,0,0,0,0,0,F,F,"1978BAL.EVA.regular.event.csv",955
"BAL197805070","MIN",3,0,2,0,0,"",7,2,"smalr001","?","smalr001","?","kerrj101","?","kerrj101","?","dempr001","murre001","smitb101","decid001","belam101","bumba001","harll101","singk001","","norww101","randb101","W","F","F",6,2,14,"T","F",0,"F","F",0,"F","F",0,"F","F",0,"","F","F","",0,0,"N",0,"N",0,"N",1,0,2,3,"","","","","F","F","F","F","F","F","F","F","F","","kerrj101","kerrj101","F","F","F","F","F","","","","",0,0,0,0,0,0,0,0,0,34,"BAL","MIN","BAL",0,"F","F",7,2,1,19,5,"F","F",6,7,"T","T","carer001","cubbm101","F","F",0,0,0,7,1,32,4,9,31,"","dempr001","dempr001",0,0,0,0,0,0,0,0,0,0,0,0,0,"","F","F","F","F",0,0,4,4,2,0,0,0,0,0,F,F,"1978BAL.EVA.regular.event.csv",956
"BAL197805070","MIN",3,0,2,0,0,"",7,2,"carer001","?","carer001","?","martt001","?","martt001","?","dempr001","murre001","smitb101","decid001","belam101","bumba001","harll101","singk001","smalr001","norww101","randb101","S9/G.3-H;2-H;1-2","F","F",3,3,20,"T","T",1,"F","F",0,"F","F",2,"F","F",9,"G","F","F","",0,0,"N",0,"N",0,"N",1,2,4,4,"","","","","F","F","F","F","F","F","F","F","F","kerrj101","kerrj101","kerrj101","F","F","F","F","F","","","","",0,0,0,0,0,0,0,0,0,35,"BAL","MIN","BAL",0,"F","F",7,2,1,20,6,"T","F",7,3,"T","T","cubbm101","fordd001","F","F",6,2,34,7,1,32,4,9,31,"dempr001","dempr001","dempr001",0,0,0,0,0,0,0,0,0,0,0,0,2,"singk001","F","F","F","F",0,0,4,4,0,0,0,0,0,0,F,F,"1978BAL.EVA.regular.event.csv",957
"BAL197805070","MIN",3,0,2,0,0,"",9,2,"cubbm101","?","cubbm101","?","martt001","?","martt001","?","dempr001","murre001","smitb101","decid001","belam101","bumba001","harll101","singk001","carer001","smalr001","","43","F","F",5,4,2,"T","T",0,"F","F",1,"F","F",0,"F","F",4,"G","F","F","",0,0,"N",0,"N",0,"N",0,1,2,0,"43","","","","F","F","F","F","F","F","F","F","F","martt001","kerrj101","","F","F","F","F","F","","","","",0,3,0,0,4,0,0,0,0,36,"BAL","MIN","BAL",0,"F","T",9,2,3,21,7,"T","F",3,3,"T","T","fordd001","wyneb001","F","F",3,3,35,6,2,34,0,0,0,"dempr001","dempr001","",0,0,0,0,0,0,0,0,0,0,0,0,0,"smitb101","F","F","F","F",0,0,0,0,0,0,0,0,0,0,F,F,"1978BAL.EVA.regular.event.csv",958
"BAL197805070","MIN",3,1,0,0,0,"",9,2,"bumba001","?","bumba001","?","serug101","?","serug101","?","wyneb001","carer001","randb101","cubbm101","smalr001","norww101","fordd001","poweh101","","","","T8","T","F",7,1,22,"T","T",3,"F","F",0,"F","F",0,"F","F",8,"","F","F","",0,0,"N",0,"N",0,"N",3,0,0,0,"","","","","F","F","F","F","F","F","F","F","F","","","","F","F","F","F","F","","","","",0,0,0,0,0,0,0,0,0,37,"BAL","BAL","MIN",1,"T","F",2,9,0,9,0,"T","F",0,4,"T","T","smitb101","harll101","T","T",0,0,0,0,0,0,0,0,0,"","","",0,0,0,0,0,0,0,0,0,0,0,0,0,"fordd001","F","F","F","F",4,0,0,0,1,0,0,0,0,0,F,F,"1978BAL.EVA.regular.event.csv",959
"BAL197805070","MIN",3,1,0,0,0,"",9,2,"smitb101","?","smitb101","?","serug101","?","serug101","?","wyneb001","carer001","randb101","cubbm101","smalr001","norww101","fordd001","poweh101","","","bumba001","53","F","F",4,2,2,"T","T",0,"F","F",1,"F","F",0,"F","F",5,"G","F","F","",0,0,"N",0,"N",0,"N",0,0,0,3,"53","","","","F","F","F","F","F","F","F","F","F","","","serug101","F","F","F","F","F","","","","",0,3,0,0,5,0,0,0,0,38,"BAL","BAL","MIN",1,"F","F",2,9,0,10,1,"T","F",4,4,"T","T","harll101","singk001","T","T",0,0,0,0,0,0,7,1,37,"","","wyneb001",0,0,0,0,0,0,0,0,0,0,0,0,0,"cubbm101","F","F","F","F",0,0,0,4,1,0,0,0,0,0,F,F,"1978BAL.EVA.regular.event.csv",960
"BAL197805070","MIN",3,1,1,0,0,"",9,2,"harll101","?","harll101","?","serug101","?","serug101","?","wyneb001","carer001","randb101","cubbm101","smalr001","norww101","fordd001","poweh101","","","bumba001","43.3-H","F","F",8,3,2,"T","T",0,"F","F",1,"F","F",1,"F","F",4,"G","F","F","",0,0,"N",0,"N",0,"N",0,0,0,4,"43","","","","F","F","F","F","F","F","F","F","F","","","serug101","F","F","F","F","F","","","","",0,3,0,0,4,0,0,0,0,39,"BAL","BAL","MIN",1,"F","F",2,9,0,11,2,"T","F",4,0,"T","T","singk001","murre001","T","T",0,0,0,0,0,0,7,1,37,"","","wyneb001",0,0,0,0,0,0,0,0,0,0,0,0,1,"randb101","F","F","F","F",0,0,0,4,0,0,0,0,0,0,F,F,"1978BAL.EVA.regular.event.csv",961
"BAL197805070","MIN",3,1,2,0,0,"",9,3,"singk001","?","singk001","?","serug101","?","serug101","?","wyneb001","carer001","randb101","cubbm101","smalr001","norww101","fordd001","poweh101","","","","7","F","F",9,4,2,"T","T",0,"F","F",1,"F","F",0,"F","F",7,"F","F","F","",0,0,"N",0,"N",0,"N",0,0,0,0,"7","","","","F","F","F","F","F","F","F","F","F","","","","F","F","F","F","F","","","","",0,7,0,0,0,0,0,0,0,40,"BAL","BAL","MIN",1,"F","T",3,9,1,12,3,"T","F",0,0,"T","T","murre001","crowt101","T","T",0,0,0,0,0,0,0,0,0,"","","",0,0,0,0,0,0,0,0,0,0,0,0,0,"norww101","F","F","F","F",0,0,0,0,0,0,0,0,0,0,F,F,"1978BAL.EVA.regular.event.csv",962
"BAL197805070","MIN",4,0,0,0,0,"",9,3,"fordd001","?","fordd001","?","martt001","?","martt001","?","dempr001","murre001","smitb101","decid001","belam101","bumba001","harll101","singk001","","","","D9","T","F",8,5,21,"T","T",2,"F","F",0,"F","F",0,"F","F",9,"","F","F","",0,0,"N",0,"N",0,"N",2,0,0,0,"","","","","F","F","F","F","F","F","F","F","F","","","","F","F","F","F","F","","","","",0,0,0,0,0,0,0,0,0,41,"BAL","MIN","BAL",0,"T","F",9,3,0,22,0,"T","F",0,2,"T","T","wyneb001","adamg101","F","F",0,0,0,0,0,0,0,0,0,"","","",0,0,0,0,0,0,0,0,0,0,0,0,0,"singk001","F","F","F","F",4,0,0,0,1,0,0,0,0,0,F,F,"1978BAL.EVA.regular.event.csv",963
"BAL197805070","MIN",4,0,0,0,0,"",9,3,"wyneb001","?","wyneb001","?","martt001","?","martt001","?","dempr001","murre001","smitb101","decid001","belam101","bumba001","harll101","singk001","","fordd001","","S9.2-3","F","F",2,6,20,"T","T",1,"F","F",0,"F","F",0,"F","F",9,"","F","F","",0,0,"N",0,"N",0,"N",1,0,3,0,"","","","","F","F","F","F","F","F","F","F","F","","martt001","","F","F","F","F","F","","","","",0,0,0,0,0,0,0,0,0,42,"BAL","MIN","BAL",0,"F","F",9,3,0,23,1,"T","F",2,5,"T","T","adamg101","poweh101","F","F",0,0,0,8,5,41,0,0,0,"","dempr001","",0,0,0,0,0,0,0,0,0,0,0,0,0,"singk001","F","F","F","F",0,0,4,0,1,0,0,0,0,0,F,F,"1978BAL.EVA.regular.event.csv",964
"BAL197805070","MIN",4,0,0,0,0,"",9,3,"kusic101","?","kusic101","?","martt001","?","martt001","?","dempr001","murre001","smitb101","decid001","belam101","bumba001","harll101","singk001","wyneb001","","fordd001","54(1)3/GDP.3-3","F","T",10,7,2,"T","T",0,"F","F",2,"T","F",0,"F","F",5,"G","F","F","",0,0,"N",0,"N",0,"N",0,0,0,3,"43","54","","","F","F","F","F","F","F","F","F","F","martt001","","martt001","F","F","F","F","F","","","","adamg101",10,4,3,0,5,4,0,0,0,43,"BAL","MIN","BAL",0,"F","F",9,3,0,24,2,"T","F",5,4,"F","F","poweh101","randb101","F","F",2,6,42,0,0,0,8,5,41,"dempr001","","dempr001",0,0,0,0,0,0,0,0,0,0,0,0,0,"decid001","T","F","F","F",0,0,0,4,1,0,0,0,0,0,F,F,"1978BAL.EVA.regular.event.csv",965
"BAL197805070","MIN",4,0,2,0,0,"",9,3,"poweh101","?","poweh101","?","martt001","?","martt001","?","dempr001","murre001","smitb101","decid001","belam101","bumba001","harll101","singk001","","","fordd001","S1.3-H","F","F",9,8,20,"T","T",1,"F","F",0,"F","F",1,"F","F",1,"","F","F","",0,0,"N",0,"N",0,"N",1,0,0,4,"","","","","F","F","F","F","F","F","F","F","F","","","martt001","F","F","F","F","F","","","","",0,0,0,0,0,0,0,0,0,44,"BAL","MIN","BAL",0,"F","F",9,3,0,25,3,"T","F",4,1,"T","T","randb101","norww101","F","F",0,0,0,0,0,0,8,5,41,"","","dempr001",0,0,0,0,0,0,0,0,0,0,0,0,1,"martt001","F","F","F","F",0,0,0,4,0,0,0,0,0,0,F,F,"1978BAL.EVA.regular.event.csv",966
"BAL197805070","MIN",4,0,2,0,0,"",10,3,"randb101","?","randb101","?","martt001","?","martt001","?","dempr001","murre001","smitb101","decid001","belam101","bumba001","harll101","singk001","poweh101","","","S7.1-2","F","F",4,9,20,"T","T",1,"F","F",0,"F","F",0,"F","F",7,"","F","F","",0,0,"N",0,"N",0,"N",1,2,0,0,"","","","","F","F","F","F","F","F","F","F","F","martt001","","","F","F","F","F","F","","","","",0,0,0,0,0,0,0,0,0,45,"BAL","MIN","BAL",0,"F","F",10,3,1,26,4,"T","F",1,3,"T","T","norww101","smalr001","F","F",9,8,44,0,0,0,0,0,0,"dempr001","","",0,0,0,0,0,0,0,0,0,0,0,0,0,"bumba001","F","F","F","F",0,0,0,0,0,0,0,0,0,0,F,F,"1978BAL.EVA.regular.event.csv",967
"BAL197805070","MIN",4,0,2,0,0,"",10,3,"norww101","?","norww101","?","martt001","?","martt001","?","dempr001","murre001","smitb101","decid001","belam101","bumba001","harll101","singk001","randb101","poweh101","","53","F","F",7,1,2,"T","T",0,"F","F",1,"F","F",0,"F","F",5,"G","F","F","",0,0,"N",0,"N",0,"N",0,1,2,0,"53","","","","F","F","F","F","F","F","F","F","F","martt001","martt001","","F","F","F","F","F","","","","",0,3,0,0,5,0,0,0,0,46,"BAL","MIN","BAL",0,"F","T",10,3,1,27,5,"T","F",3,3,"T","T","smalr001","carer001","F","F",4,9,45,9,8,44,0,0,0,"dempr001","dempr001","",0,0,0,0,0,0,0,0,0,0,0,0,0,"decid001","F","F","F","F",0,0,0,0,0,0,0,0,0,0,F,F,"1978BAL.EVA.regular.event.csv",968
"BAL197805070","MIN",4,1,0,0,0,"",10,3,"murre001","?","murre001","?","serug101","?","serug101","?","wyneb001","carer001","randb101","cubbm101","smalr001","norww101","fordd001","poweh101","","","","S7","T","F",3,5,20,"T","T",1,"F","F",0,"F","F",0,"F","F",7,"","F","F","",0,0,"N",0,"N",0,"N",1,0,0,0,"","","","","F","F","F","F","F","F","F","F","F","","","","F","F","F","F","F","","","","",0,0,0,0,0,0,0,0,0,47,"BAL","BAL","MIN",1,"T","F",3,10,0,13,0,"T","F",0,1,"T","T","crowt101","decid001","T","T",0,0,0,0,0,0,0,0,0,"","","",0,0,0,0,0,0,0,0,0,0,0,0,0,"norww101","F","F","F","F",0,0,0,0,0,0,0,0,0,0,F,F,"1978BAL.EVA.regular.event.csv",969
"BAL197805070","MIN",4,1,0,0,0,"",10,3,"crowt101","?","crowt101","?","serug101","?","serug101","?","wyneb001","carer001","randb101","cubbm101","smalr001","norww101","fordd001","poweh101","murre001","","","BK.1-2","F","F",10,6,11,"F","F",0,"F","F",0,"F","F",0,"F","F",0,"","F","F","",0,0,"N",0,"N",0,"N",0,2,0,0,"","","","","F","F","F","F","F","F","F","F","F","serug101","","","F","F","F","F","F","","","","",0,0,0,0,0,0,0,0,0,48,"BAL","BAL","MIN",1,"F","F",3,10,0,14,1,"T","F",1,2,"T","T","decid001","dempr001","T","T",3,5,47,0,0,0,0,0,0,"wyneb001","","",0,0,0,0,0,0,0,0,0,0,0,0,0,"","F","F","F","F",0,0,0,0,0,0,0,0,0,0,F,F,"1978BAL.EVA.regular.event.csv",970
"BAL197805070","MIN",4,1,0,0,0,"",10,3,"crowt101","?","crowt101","?","serug101","?","serug101","?","wyneb001","carer001","randb101","cubbm101","smalr001","norww101","fordd001","poweh101","","murre001","","3/G.2-3","F","F",10,6,2,"T","T",0,"F","F",1,"F","F",0,"F","F",3,"G","F","F","",0,0,"N",0,"N",0,"N",0,0,3,0,"3","","","","F","F","F","F","F","F","F","F","F","","serug101","","F","F","F","F","F","","","","",0,3,0,0,0,0,0,0,0,49,"BAL","BAL","MIN",1,"F","F",3,10,0,14,1,"F","F",2,4,"T","T","decid001","dempr001","T","T",0,0,0,3,5,47,0,0,0,"","wyneb001","",0,0,0,0,0,0,0,0,0,0,0,0,0,"carer001","F","F","F","F",0,0,0,0,0,0,0,0,0,0,F,F,"1978BAL.EVA.regular.event.csv",971
"BAL197805070","MIN",4,1,1,0,0,"",10,3,"decid001","?","decid001","?","serug101","?","serug101","?","wyneb001","carer001","randb101","cubbm101","smalr001","norww101","fordd001","poweh101","","","murre001","7(B)2(3)/DP","F","F",5,7,2,"T","T",0,"F","F",2,"T","F",0,"F","F",7,"F","F","F","",0,0,"N",0,"N",0,"N",0,0,0,0,"7","","","72","F","F","F","F","F","F","F","F","F","","","serug101","F","F","F","F","F","","","","",0,7,2,0,7,0,0,0,0,50,"BAL","BAL","MIN",1,"F","T",3,10,0,15,2,"T","F",4,0,"T","T","dempr001","belam101","T","T",0,0,0,0,0,0,3,5,47,"","","wyneb001",0,0,0,0,0,0,0,0,0,0,0,0,0,"norww101","F","F","F","F",0,0,0,0,0,0,0,0,0,0,F,F,"1978BAL.EVA.regular.event.csv",972
"BAL197805070","MIN",5,0,0,0,0,"",10,3,"smalr001","?","smalr001","?","martt001","?","martt001","?","dempr001","murre001","smitb101","decid001","belam101","bumba001","harll101","singk001","","","","W","T","F",6,2,14,"T","F",0,"F","F",0,"F","F",0,"F","F",0,"","F","F","",0,0,"N",0,"N",0,"N",1,0,0,0,"","","","","F","F","F","F","F","F","F","F","F","","","","F","F","F","F","F","","","","",0,0,0,0,0,0,0,0,0,51,"BAL","MIN","BAL",0,"T","F",10,3,0,28,0,"T","F",0,1,"T","T","carer001","cubbm101","F","F",0,0,0,0,0,0,0,0,0,"","","",0,0,0,0,0,0,0,0,0,0,0,0,0,"","F","F","F","F",0,0,0,0,0,0,0,0,0,0,F,F,"1978BAL.EVA.regular.event.csv",973
"BAL197805070","MIN",5,0,0,0,0,"",10,3,"carer001","?","carer001","?","martt001","?","martt001","?","dempr001","murre001","smitb101","decid001","belam101","bumba001","harll101","singk001","smalr001","","","W.1-2","F","F",3,3,14,"T","F",0,"F","F",0,"F","F",0,"F","F",0,"","F","F","",0,0,"N",0,"N",0,"N",1,2,0,0,"","","","","F","F","F","F","F","F","F","F","F","martt001","","","F","F","F","F","F","","","","",0,0,0,0,0,0,0,0,0,52,"BAL","MIN","BAL",0,"F","F",10,3,0,29,1,"T","F",1,3,"T","T","cubbm101","fordd001","F","F",6,2,51,0,0,0,0,0,0,"dempr001","","",0,0,0,0,0,0,0,0,0,0,0,0,0,"","F","F","F","F",0,0,0,0,0,0,0,0,0,0,F,F,"1978BAL.EVA.regular.event.csv",974
"BAL197805070","MIN",5,0,0,0,0,"",10,3,"cubbm101","?","cubbm101","?","martt001","?","martt001","?","dempr001","murre001","smitb101","decid001","belam101","bumba001","harll101","singk001","carer001","smalr001","","23/SH.1-2;2-3","F","F",5,4,2,"T","F",0,"T","F",1,"F","F",0,"F","F",2,"G","T","F","",0,0,"N",0,"N",0,"N",0,2,3,0,"23","","","","F","F","F","F","F","F","F","F","F","martt001","martt001","","F","F","F","F","F","","","","",0,3,0,0,2,0,0,0,0,53,"BAL","MIN","BAL",0,"F","F",10,3,0,30,2,"T","F",3,6,"T","T","fordd001","wyneb001","F","F",3,3,52,6,2,51,0,0,0,"dempr001","dempr001","",0,0,0,0,0,0,0,0,0,0,0,0,0,"dempr001","F","F","F","F",0,0,0,0,0,0,0,0,0,0,F,F,"1978BAL.EVA.regular.event.csv",975
"BAL197805070","MIN",5,0,1,0,0,"",10,3,"fordd001","?","fordd001","?","martt001","?","martt001","?","dempr001","murre001","smitb101","decid001","belam101","bumba001","harll101","singk001","","carer001","smalr001","IW","F","F",8,5,15,"T","F",0,"F","F",0,"F","F",0,"F","F",0,"","F","F","",0,0,"N",0,"N",0,"N",1,0,2,3,"","","","","F","F","F","F","F","F","F","F","F","","martt001","martt001","F","F","F","F","F","","","","",0,0,0,0,0,0,0,0,0,54,"BAL","MIN","BAL",0,"F","F",10,3,0,31,3,"T","F",6,7,"T","T","wyneb001","kusic101","F","F",0,0,0,3,3,52,6,2,51,"","dempr001","dempr001",0,0,0,0,0,0,0,0,0,0,0,0,0,"","F","F","F","F",0,0,0,0,0,0,0,0,0,0,F,F,"1978BAL.EVA.regular.event.csv",976
"BAL197805070","MIN",5,0,1,0,0,"",10,3,"wyneb001","?","wyneb001","?","martt001","?","martt001","?","dempr001","murre001","smitb101","decid001","belam101","bumba001","harll101","singk001","fordd001","carer001","smalr001","2(3)3/GDP","F","F",2,6,2,"T","T",0,"F","F",2,"T","F",0,"F","F",2,"G","F","F","",0,0,"N",0,"N",0,"N",0,1,2,0,"23","","","2","F","F","F","F","F","F","F","F","F","martt001","martt001","martt001","F","F","F","F","F","","","","",0,2,3,0,2,0,0,0,0,55,"BAL","MIN","BAL",0,"F","T",10,3,0,32,4,"T","F",7,3,"T","T","kusic101","poweh101","F","F",8,5,54,3,3,52,6,2,51,"dempr001","dempr001","dempr001",0,0,0,0,0,0,0,0,0,0,0,0,0,"dempr001","F","F","T","F",0,0,0,0,0,0,0,0,0,0,F,F,"1978BAL.EVA.regular.event.csv",977
"BAL197805070","MIN",5,1,0,0,0,"",10,3,"dempr001","?","dempr001","?","serug101","?","serug101","?","wyneb001","carer001","randb101","cubbm101","smalr001","norww101","fordd001","poweh101","","","","7","T","F",2,8,2,"T","T",0,"F","F",1,"F","F",0,"F","F",7,"F","F","F","",0,0,"N",0,"N",0,"N",0,0,0,0,"7","","","","F","F","F","F","F","F","F","F","F","","","","F","F","F","F","F","","","","",0,7,0,0,0,0,0,0,0,56,"BAL","BAL","MIN",1,"T","F",3,10,0,16,0,"T","F",0,0,"T","T","belam101","bumba001","T","T",0,0,0,0,0,0,0,0,0,"","","",0,0,0,0,0,0,0,0,0,0,0,0,0,"norww101","F","F","F","F",0,0,0,0,2,0,0,0,0,0,F,F,"1978BAL.EVA.regular.event.csv",978
"BAL197805070","MIN",5,1,1,0,0,"",10,3,"belam101","?","belam101","?","serug101","?","serug101","?","wyneb001","carer001","randb101","cubbm101","smalr001","norww101","fordd001","poweh101","","","","S7","F","F",6,9,20,"T","T",1,"F","F",0,"F","F",0,"F","F",7,"","F","F","",0,0,"N",0,"N",0,"N",1,0,0,0,"","","","","F","F","F","F","F","F","F","F","F","","","","F","F","F","F","F","","","","",0,0,0,0,0,0,0,0,0,57,"BAL","BAL","MIN",1,"F","F",3,10,0,17,1,"T","F",0,1,"T","T","bumba001","smitb101","T","T",0,0,0,0,0,0,0,0,0,"","","",0,0,0,0,0,0,0,0,0,0,0,0,0,"norww101","F","F","F","F",4,0,0,0,2,0,0,0,0,0,F,F,"1978BAL.EVA.regular.event.csv",979
"BAL197805070","MIN",5,1,1,0,0,"",10,3,"bumba001","?","bumba001","?","serug101","?","serug101","?","wyneb001","carer001","randb101","cubbm101","smalr001","norww101","fordd001","poweh101","belam101","","","D7.1-H","F","F",7,1,21,"T","T",2,"F","F",0,"F","F",1,"F","F",7,"","F","F","",0,0,"N",0,"N",0,"N",2,4,0,0,"","","","","F","F","F","F","F","F","F","F","F","serug101","","","F","F","F","F","F","","","","",0,0,0,0,0,0,0,0,0,58,"BAL","BAL","MIN",1,"F","F",3,10,0,18,2,"T","F",1,2,"T","T","smitb101","harll101","T","T",6,9,57,0,0,0,0,0,0,"wyneb001","","",0,0,0,0,0,0,0,0,0,0,0,0,1,"norww101","F","F","F","F",4,4,0,0,1,0,0,0,0,0,F,F,"1978BAL.EVA.regular.event.csv",980
"BAL197805070","MIN",5,1,1,0,0,"",10,4,"smitb101","?","smitb101","?","serug101","?","serug101","?","wyneb001","carer001","randb101","cubbm101","smalr001","norww101","fordd001","poweh101","","bumba001","","S7.2-H","F","F",4,2,20,"T","T",1,"F","F",0,"F","F",1,"F","F",7,"","F","F","",0,0,"N",0,"N",0,"N",1,0,4,0,"","","","","F","F","F","F","F","F","F","F","F","","serug101","","F","F","F","F","F","","","","",0,0,0,0,0,0,0,0,0,59,"BAL","BAL","MIN",1,"F","F",4,10,1,19,3,"T","F",2,1,"T","T","harll101","singk001","T","T",0,0,0,7,1,58,0,0,0,"","wyneb001","",0,0,0,0,0,0,0,0,0,0,0,0,1,"norww101","F","F","F","F",1,0,4,0,0,0,0,0,0,0,F,F,"1978BAL.EVA.regular.event.csv",981
"BAL197805070","MIN",5,1,1,0,0,"",10,5,"lopec101","?","lopec101","?","scarm101","?","scarm101","?","wyneb001","carer001","randb101","cubbm101","smalr001","norww101","fordd001","poweh101","smitb101","","","7/L","F","T",11,3,2,"T","T",0,"F","F",1,"F","F",0,"F","F",7,"L","F","F","",0,0,"N",0,"N",0,"N",0,1,0,0,"7","","","","F","F","F","F","F","F","F","F","F","serug101","","","F","F","F","F","F","","","","harll101",8,7,0,0,0,0,0,0,0,60,"BAL","BAL","MIN",1,"F","F",5,10,2,20,4,"T","F",1,1,"F","F","singk001","murre001","F","F",4,2,59,0,0,0,0,0,0,"wyneb001","","",0,0,0,0,0,0,0,0,0,0,0,0,0,"norww101","F","F","F","F",0,1,0,0,0,0,0,0,0,0,F,F,"1978BAL.EVA.regular.event.csv",982
"BAL197805070","MIN",5,1,2,0,0,"",10,5,"singk001","?","singk001","?","scarm101","?","scarm101","?","wyneb001","carer001","randb101","cubbm101","smalr001","norww101","fordd001","poweh101","smitb101","","","K","F","F",9,4,3,"T","T",0,"F","F",1,"F","F",0,"F","F",0,"","F","F","",0,0,"N",0,"N",0,"N",0,1,0,0,"2","","","","F","F","F","F","F","F","F","F","F","serug101","","","F","F","F","F","F","","","","",0,2,0,0,0,0,0,0,0,61,"BAL","BAL","MIN",1,"F","T",5,10,2,21,5,"T","F",1,1,"T","T","murre001","crowt101","F","F",4,2,59,0,0,0,0,0,0,"wyneb001","","",0,0,0,0,0,0,0,0,0,0,0,0,0,"","F","F","F","F",0,1,0,0,0,0,0,0,0,0,F,F,"1978BAL.EVA.regular.event.csv",983
"BAL197805070","MIN",6,0,0,0,0,"",10,5,"kusic101","?","kusic101","?","martt001","?","martt001","?","dempr001","murre001","smitb101","decid001","belam101","bumba001","lopec101","singk001","","","","6","T","F",10,7,2,"T","T",0,"F","F",1,"F","F",0,"F","F",6,"F","F","F","",0,0,"N",0,"N",0,"N",0,0,0,0,"6","","","","F","F","F","F","F","F","F","F","F","","","","F","F","F","F","F","","","","",0,6,0,0,0,0,0,0,0,62,"BAL","MIN","BAL",0,"T","F",10,5,0,33,0,"T","F",0,0,"F","F","poweh101","randb101","F","F",0,0,0,0,0,0,0,0,0,"","","",0,0,0,0,0,0,0,0,0,0,0,0,0,"belam101","F","F","F","F",0,0,0,0,0,0,0,0,0,0,F,F,"1978BAL.EVA.regular.event.csv",984
"BAL197805070","MIN",6,0,1,0,0,"",10,5,"poweh101","?","poweh101","?","martt001","?","martt001","?","dempr001","murre001","smitb101","decid001","belam101","bumba001","lopec101","singk001","","","","31/BG","F","F",9,8,2,"T","T",0,"F","F",1,"F","F",0,"F","F",3,"G","T","F","",0,0,"N",0,"N",0,"N",0,0,0,0,"31","","","","F","F","F","F","F","F","F","F","F","","","","F","F","F","F","F","","","","",0,1,0,0,3,0,0,0,0,63,"BAL","MIN","BAL",0,"F","F",10,5,0,34,1,"T","F",0,0,"T","T","randb101","norww101","F","F",0,0,0,0,0,0,0,0,0,"","","",0,0,0,0,0,0,0,0,0,0,0,0,0,"murre001","F","F","F","F",0,0,0,0,0,0,0,0,0,0,F,F,"1978BAL.EVA.regular.event.csv",985
"BAL197805070","MIN",6,0,2,0,0,"",10,5,"randb101","?","randb101","?","martt001","?","martt001","?","dempr001","murre001","smitb101","decid001","belam101","bumba001","lopec101","singk001","","","","6/L","F","F",4,9,2,"T","T",0,"F","F",1,"F","F",0,"F","F",6,"L","F","F","",0,0,"N",0,"N",0,"N",0,0,0,0,"6","","","","F","F","F","F","F","F","F","F","F","","","","F","F","F","F","F","","","","",0,6,0,0,0,0,0,0,0,64,"BAL","MIN","BAL",0,"F","T",10,5,0,35,2,"T","F",0,0,"T","T","norww101","smalr001","F","F",0,0,0,0,0,0,0,0,0,"","","",0,0,0,0,0,0,0,0,0,0,0,0,0,"belam101","F","F","F","F",0,0,0,0,0,0,0,0,0,0,F,F,"1978BAL.EVA.regular.event.csv",986
"BAL197805070","MIN",6,1,0,0,0,"",10,5,"murre001","?","murre001","?","scarm101","?","scarm101","?","wyneb001","carer001","randb101","cubbm101","smalr001","norww101","fordd001","poweh101","","","","S8","T","F",3,5,20,"T","T",1,"F","F",0,"F","F",0,"F","F",8,"","F","F","",0,0,"N",0,"N",0,"N",1,0,0,0,"","","","","F","F","F","F","F","F","F","F","F","","","","F","F","F","F","F","","","","",0,0,0,0,0,0,0,0,0,65,"BAL","BAL","MIN",1,"T","F",5,10,0,22,0,"T","F",0,1,"T","T","crowt101","decid001","F","F",0,0,0,0,0,0,0,0,0,"","","",0,0,0,0,0,0,0,0,0,0,0,0,0,"fordd001","F","F","F","F",0,0,0,0,0,0,0,0,0,0,F,F,"1978BAL.EVA.regular.event.csv",987
"BAL197805070","MIN",6,1,0,0,0,"",10,5,"may-l101","?","may-l101","?","scarm101","?","scarm101","?","wyneb001","carer001","randb101","cubbm101","smalr001","norww101","fordd001","poweh101","murre001","","","K","F","T",10,6,3,"T","T",0,"F","F",1,"F","F",0,"F","F",0,"","F","F","",0,0,"N",0,"N",0,"N",0,1,0,0,"2","","","","F","F","F","F","F","F","F","F","F","scarm101","","","F","F","F","F","F","","","","crowt101",10,2,0,0,0,0,0,0,0,66,"BAL","BAL","MIN",1,"F","F",5,10,0,23,1,"T","F",1,1,"F","F","decid001","dempr001","F","F",3,5,65,0,0,0,0,0,0,"wyneb001","","",0,0,0,0,0,0,0,0,0,0,0,0,0,"","F","F","F","F",0,0,0,0,0,0,0,0,0,0,F,F,"1978BAL.EVA.regular.event.csv",988
"BAL197805070","MIN",6,1,1,0,0,"",10,5,"decid001","?","decid001","?","scarm101","?","scarm101","?","wyneb001","carer001","randb101","cubbm101","smalr001","norww101","fordd001","poweh101","murre001","","","54(1)3/GDP","F","F",5,7,2,"T","T",0,"F","F",2,"T","F",0,"F","F",5,"G","F","F","",0,0,"N",0,"N",0,"N",0,0,0,0,"43","54","","","F","F","F","F","F","F","F","F","F","scarm101","","","F","F","F","F","F","","","","",0,4,3,0,5,4,0,0,0,67,"BAL","BAL","MIN",1,"F","T",5,10,0,24,2,"T","F",1,0,"T","T","dempr001","belam101","F","F",3,5,65,0,0,0,0,0,0,"wyneb001","","",0,0,0,0,0,0,0,0,0,0,0,0,0,"cubbm101","T","F","F","F",0,0,0,0,0,0,0,0,0,0,F,F,"1978BAL.EVA.regular.event.csv",989
"BAL197805070","MIN",7,0,0,0,0,"",10,5,"norww101","?","norww101","?","martt001","?","martt001","?","dempr001","murre001","smitb101","decid001","belam101","bumba001","lopec101","singk001","","","","4/L","T","F",7,1,2,"T","T",0,"F","F",1,"F","F",0,"F","F",4,"L","F","F","",0,0,"N",0,"N",0,"N",0,0,0,0,"4","","","","F","F","F","F","F","F","F","F","F","","","","F","F","F","F","F","","","","",0,4,0,0,0,0,0,0,0,68,"BAL","MIN","BAL",0,"T","F",10,5,0,36,0,"T","F",0,0,"T","T","smalr001","carer001","F","F",0,0,0,0,0,0,0,0,0,"","","",0,0,0,0,0,0,0,0,0,0,0,0,0,"smitb101","F","F","F","F",0,0,0,0,3,0,0,0,0,0,F,F,"1978BAL.EVA.regular.event.csv",990
"BAL197805070","MIN",7,0,1,0,0,"",10,5,"smalr001","?","smalr001","?","martt001","?","martt001","?","dempr001","murre001","smitb101","decid001","belam101","bumba001","lopec101","singk001","","","","W","F","F",6,2,14,"T","F",0,"F","F",0,"F","F",0,"F","F",0,"","F","F","",0,0,"N",0,"N",0,"N",1,0,0,0,"","","","","F","F","F","F","F","F","F","F","F","","","","F","F","F","F","F","","","","",0,0,0,0,0,0,0,0,0,69,"BAL","MIN","BAL",0,"F","F",10,5,0,37,1,"T","F",0,1,"T","T","carer001","cubbm101","F","F",0,0,0,0,0,0,0,0,0,"","","",0,0,0,0,0,0,0,0,0,0,0,0,0,"","F","F","F","F",4,0,0,0,3,0,0,0,0,0,F,F,"1978BAL.EVA.regular.event.csv",991
"BAL197805070","MIN",7,0,1,0,0,"",10,5,"carer001","?","carer001","?","martt001","?","martt001","?","dempr001","murre001","smitb101","decid001","belam101","bumba001","lopec101","singk001","smalr001","","","S7.1-2","F","F",3,3,20,"T","T",1,"F","F",0,"F","F",0,"F","F",7,"","F","F","",0,0,"N",0,"N",0,"N",1,2,0,0,"","","","","F","F","F","F","F","F","F","F","F","martt001","","","F","F","F","F","F","","","","",0,0,0,0,0,0,0,0,0,70,"BAL","MIN","BAL",0,"F","F",10,5,0,38,2,"T","F",1,3,"T","T","cubbm101","fordd001","F","F",6,2,69,0,0,0,0,0,0,"dempr001","","",0,0,0,0,0,0,0,0,0,0,0,0,0,"bumba001","F","F","F","F",4,4,0,0,3,0,0,0,0,0,F,F,"1978BAL.EVA.regular.event.csv",992
"BAL197805070","MIN",7,0,1,0,0,"",10,5,"cubbm101","?","cubbm101","?","martt001","?","martt001","?","dempr001","murre001","smitb101","decid001","belam101","bumba001","lopec101","singk001","carer001","smalr001","","D/89.1-H;2-H","F","F",5,4,21,"T","T",2,"F","F",0,"F","F",2,"F","F",0,"","F","F","89",0,0,"N",0,"N",0,"N",2,4,4,0,"","","","","F","F","F","F","F","F","F","F","F","martt001","martt001","","F","F","F","F","F","","","","",0,0,0,0,0,0,0,0,0,71,"BAL","MIN","BAL",0,"F","F",10,5,0,39,3,"T","F",3,2,"T","T","fordd001","wyneb001","F","F",3,3,70,6,2,69,0,0,0,"dempr001","dempr001","",0,0,0,0,0,0,0,0,0,0,0,0,2,"","F","F","F","F",4,4,4,0,1,0,0,0,0,0,F,F,"1978BAL.EVA.regular.event.csv",993
"BAL197805070","MIN",7,0,1,0,0,"",12,5,"fordd001","?","fordd001","?","martt001","?","martt001","?","dempr001","murre001","smitb101","decid001","belam101","bumba001","lopec101","singk001","","cubbm101","","63","F","F",8,5,2,"T","T",0,"F","F",1,"F","F",0,"F","F",6,"G","F","F","",0,0,"N",0,"N",0,"N",0,0,2,0,"63","","","","F","F","F","F","F","F","F","F","F","","martt001","","F","F","F","F","F","","","","",0,3,0,0,6,0,0,0,0,72,"BAL","MIN","BAL",0,"F","F",12,5,2,40,4,"T","F",2,2,"T","T","wyneb001","kusic101","F","F",0,0,0,5,4,71,0,0,0,"","dempr001","",0,0,0,0,0,0,0,0,0,0,0,0,0,"belam101","F","F","F","F",0,0,4,0,1,0,0,0,0,0,F,F,"1978BAL.EVA.regular.event.csv",994
"BAL197805070","MIN",7,0,2,0,0,"",12,5,"wyneb001","?","wyneb001","?","martt001","?","martt001","?","dempr001","murre001","smitb101","decid001","belam101","bumba001","lopec101","singk001","","cubbm101","","S7.2-H","F","F",2,6,20,"T","T",1,"F","F",0,"F","F",1,"F","F",7,"","F","F","",0,0,"N",0,"N",0,"N",1,0,4,0,"","","","","F","F","F","F","F","F","F","F","F","","martt001","","F","F","F","F","F","","","","",0,0,0,0,0,0,0,0,0,73,"BAL","MIN","BAL",0,"F","F",12,5,2,41,5,"T","F",2,1,"T","T","kusic101","poweh101","F","F",0,0,0,5,4,71,0,0,0,"","dempr001","",0,0,0,0,0,0,0,0,0,0,0,0,1,"bumba001","F","F","F","F",0,0,4,0,0,0,0,0,0,0,F,F,"1978BAL.EVA.regular.event.csv",995
"BAL197805070","MIN",7,0,2,0,0,"",13,5,"kusic101","?","kusic101","?","martt001","?","martt001","?","dempr001","murre001","smitb101","decid001","belam101","bumba001","lopec101","singk001","wyneb001","","","54(1)/FO","F","F",10,7,2,"T","T",0,"F","F",1,"F","F",0,"F","F",5,"G","F","F","",0,0,"N",0,"N",0,"N",1,0,0,0,"","54","","","F","F","F","F","F","F","F","F","F","martt001","","","F","F","F","F","F","","","","",0,4,0,0,5,0,0,0,0,74,"BAL","MIN","BAL",0,"F","T",13,5,3,42,6,"T","F",1,1,"F","F","poweh101","randb101","F","F",2,6,73,0,0,0,0,0,0,"dempr001","","",0,0,0,0,0,0,0,0,0,0,0,0,0,"decid001","T","F","F","F",0,0,0,0,0,0,0,0,0,0,F,F,"1978BAL.EVA.regular.event.csv",996
"BAL197805070","MIN",7,1,0,0,0,"",13,5,"dempr001","?","dempr001","?","scarm101","?","scarm101","?","wyneb001","carer001","randb101","cubbm101","smalr001","norww101","fordd001","poweh101","","","","W","T","F",2,8,14,"T","F",0,"F","F",0,"F","F",0,"F","F",0,"","F","F","",0,0,"N",0,"N",0,"N",1,0,0,0,"","","","","F","F","F","F","F","F","F","F","F","","","","F","F","F","F","F","","","","",0,0,0,0,0,0,0,0,0,75,"BAL","BAL","MIN",1,"T","F",5,13,0,25,0,"T","F",0,1,"T","T","belam101","bumba001","F","F",0,0,0,0,0,0,0,0,0,"","","",0,0,0,0,0,0,0,0,0,0,0,0,0,"","F","F","F","F",4,0,0,0,1,0,0,0,0,0,F,F,"1978BAL.EVA.regular.event.csv",997
"BAL197805070","MIN",7,1,0,0,0,"",13,5,"belam101","?","belam101","?","scarm101","?","scarm101","?","wyneb001","carer001","randb101","cubbm101","smalr001","norww101","fordd001","poweh101","dempr001","","","4","F","F",6,9,2,"T","T",0,"F","F",1,"F","F",0,"F","F",4,"F","F","F","",0,0,"N",0,"N",0,"N",0,1,0,0,"4","","","","F","F","F","F","F","F","F","F","F","scarm101","","","F","F","F","F","F","","","","",0,4,0,0,0,0,0,0,0,76,"BAL","BAL","MIN",1,"F","F",5,13,0,26,1,"T","F",1,1,"T","T","bumba001","smitb101","F","F",2,8,75,0,0,0,0,0,0,"wyneb001","","",0,0,0,0,0,0,0,0,0,0,0,0,0,"randb101","F","F","F","F",0,4,0,0,1,0,0,0,0,0,F,F,"1978BAL.EVA.regular.event.csv",998
"BAL197805070","MIN",7,1,1,0,0,"",13,5,"bumba001","?","bumba001","?","scarm101","?","scarm101","?","wyneb001","carer001","randb101","cubbm101","smalr001","norww101","fordd001","poweh101","dempr001","","","W.1-2","F","F",7,1,14,"T","F",0,"F","F",0,"F","F",0,"F","F",0,"","F","F","",0,0,"N",0,"N",0,"N",1,2,0,0,"","","","","F","F","F","F","F","F","F","F","F","scarm101","","","F","F","F","F","F","","","","",0,0,0,0,0,0,0,0,0,77,"BAL","BAL","MIN",1,"F","F",5,13,0,27,2,"T","F",1,3,"T","T","smitb101","lopec101","F","F",2,8,75,0,0,0,0,0,0,"wyneb001","","",0,0,0,0,0,0,0,0,0,0,0,0,0,"","F","F","F","F",0,4,0,0,1,0,0,0,0,0,F,F,"1978BAL.EVA.regular.event.csv",999
"BAL197805070","MIN",7,1,1,0,0,"",13,5,"smitb101","?","smitb101","?","scarm101","?","scarm101","?","wyneb001","carer001","randb101","cubbm101","smalr001","norww101","fordd001","poweh101","bumba001","dempr001","","7","F","F",4,2,2,"T","T",0,"F","F",1,"F","F",0,"F","F",7,"F","F","F","",0,0,"N",0,"N",0,"N",0,1,2,0,"7","","","","F","F","F","F","F","F","F","F","F","scarm101","scarm101","","F","F","F","F","F","","","","",0,7,0,0,0,0,0,0,0,78,"BAL","BAL","MIN",1,"F","F",5,13,0,28,3,"T","F",3,3,"T","T","lopec101","singk001","F","F",7,1,77,2,8,75,0,0,0,"wyneb001","wyneb001","",0,0,0,0,0,0,0,0,0,0,0,0,0,"norww101","F","F","F","F",0,0,4,0,1,0,0,0,0,0,F,F,"1978BAL.EVA.regular.event.csv",1000
"BAL197805070","MIN",7,1,2,0,0,"",13,5,"lopec101","?","lopec101","?","scarm101","?","scarm101","?","wyneb001","carer001","randb101","cubbm101","smalr001","norww101","fordd001","poweh101","bumba001","dempr001","","S7.1-3;2-H","F","F",8,3,20,"T","T",1,"F","F",0,"F","F",1,"F","F",7,"","F","F","",0,0,"N",0,"N",0,"N",1,3,4,0,"","","","","F","F","F","F","F","F","F","F","F","scarm101","scarm101","","F","F","F","F","F","","","","",0,0,0,0,0,0,0,0,0,79,"BAL","BAL","MIN",1,"F","F",5,13,0,29,4,"T","F",3,5,"F","F","singk001","murre001","F","F",7,1,77,2,8,75,0,0,0,"wyneb001","wyneb001","",0,0,0,0,0,0,0,0,0,0,0,0,1,"norww101","F","F","F","F",0,0,4,0,0,0,0,0,0,0,F,F,"1978BAL.EVA.regular.event.csv",1001
"BAL197805070","MIN",7,1,2,0,0,"",13,6,"singk001","?","singk001","?","scarm101","?","scarm101","?","wyneb001","carer001","randb101","cubbm101","smalr001","norww101","fordd001","poweh101","lopec101","","bumba001","43","F","F",9,4,2,"T","T",0,"F","F",1,"F","F",0,"F","F",4,"G","F","F","",0,0,"N",0,"N",0,"N",0,1,0,3,"43","","","","F","F","F","F","F","F","F","F","F","scarm101","","scarm101","F","F","F","F","F","","","","",0,3,0,0,4,0,0,0,0,80,"BAL","BAL","MIN",1,"F","T",6,13,1,30,5,"T","F",5,5,"T","T","murre001","may-l101","F","F",8,3,79,0,0,0,7,1,77,"wyneb001","","wyneb001",0,0,0,0,0,0,0,0,0,0,0,0,0,"randb101","F","F","F","F",0,0,0,0,0,0,0,0,0,0,F,F,"1978BAL.EVA.regular.event.csv",1002
"BAL197805070","MIN",8,0,0,0,0,"",13,6,"poweh101","?","poweh101","?","martt001","?","martt001","?","dempr001","murre001","smitb101","decid001","belam101","bumba001","lopec101","singk001","","","","7/L","T","F",9,8,2,"T","T",0,"F","F",1,"F","F",0,"F","F",7,"L","F","F","",0,0,"N",0,"N",0,"N",0,0,0,0,"7","","","","F","F","F","F","F","F","F","F","F","","","","F","F","F","F","F","","","","",0,7,0,0,0,0,0,0,0,81,"BAL","MIN","BAL",0,"T","F",13,6,0,43,0,"T","F",0,0,"T","T","randb101","norww101","F","F",0,0,0,0,0,0,0,0,0,"","","",0,0,0,0,0,0,0,0,0,0,0,0,0,"bumba001","F","F","F","F",0,0,0,0,1,0,0,0,0,0,F,F,"1978BAL.EVA.regular.event.csv",1003
"BAL197805070","MIN",8,0,1,0,0,"",13,6,"randb101","?","randb101","?","martt001","?","martt001","?","dempr001","murre001","smitb101","decid001","belam101","bumba001","lopec101","singk001","","","","9","F","F",4,9,2,"T","T",0,"F","F",1,"F","F",0,"F","F",9,"F","F","F","",0,0,"N",0,"N",0,"N",0,0,0,0,"9","","","","F","F","F","F","F","F","F","F","F","","","","F","F","F","F","F","","","","",0,9,0,0,0,0,0,0,0,82,"BAL","MIN","BAL",0,"F","F",13,6,0,44,1,"T","F",0,0,"T","T","norww101","smalr001","F","F",0,0,0,0,0,0,0,0,0,"","","",0,0,0,0,0,0,0,0,0,0,0,0,0,"singk001","F","F","F","F",0,0,0,0,1,0,0,0,0,0,F,F,"1978BAL.EVA.regular.event.csv",1004
"BAL197805070","MIN",8,0,2,0,0,"",13,6,"norww101","?","norww101","?","martt001","?","martt001","?","dempr001","murre001","smitb101","decid001","belam101","bumba001","lopec101","singk001","","","","D7","F","F",7,1,21,"T","T",2,"F","F",0,"F","F",0,"F","F",7,"","F","F","",0,0,"N",0,"N",0,"N",2,0,0,0,"","","","","F","F","F","F","F","F","F","F","F","","","","F","F","F","F","F","","","","",0,0,0,0,0,0,0,0,0,83,"BAL","MIN","BAL",0,"F","F",13,6,0,45,2,"T","F",0,2,"T","T","smalr001","carer001","F","F",0,0,0,0,0,0,0,0,0,"","","",0,0,0,0,0,0,0,0,0,0,0,0,0,"bumba001","F","F","F","F",4,0,0,0,1,0,0,0,0,0,F,F,"1978BAL.EVA.regular.event.csv",1005
"BAL197805070","MIN",8,0,2,0,0,"",13,6,"smalr001","?","smalr001","?","martt001","?","martt001","?","dempr001","murre001","smitb101","decid001","belam101","bumba001","lopec101","singk001","","norww101","","D7.2-H","F","F",6,2,21,"T","T",2,"F","F",0,"F","F",1,"F","F",7,"","F","F","",0,0,"N",0,"N",0,"N",2,0,4,0,"","","","","F","F","F","F","F","F","F","F","F","","martt001","","F","F","F","F","F","","","","",0,0,0,0,0,0,0,0,0,84,"BAL","MIN","BAL",0,"F","F",13,6,0,46,3,"T","F",2,2,"T","T","carer001","cubbm101","F","F",0,0,0,7,1,83,0,0,0,"","dempr001","",0,0,0,0,0,0,0,0,0,0,0,0,1,"bumba001","F","F","F","F",0,0,4,0,0,0,0,0,0,0,F,F,"1978BAL.EVA.regular.event.csv",1006
"BAL197805070","MIN",8,0,2,0,0,"",14,6,"carer001","?","carer001","?","martt001","?","martt001","?","dempr001","murre001","smitb101","decid001","belam101","bumba001","lopec101","singk001","","smalr001","","K","F","F",3,3,3,"T","T",0,"F","F",1,"F","F",0,"F","F",0,"","F","F","",0,0,"N",0,"N",0,"N",0,0,2,0,"2","","","","F","F","F","F","F","F","F","F","F","","martt001","","F","F","F","F","F","","","","",0,2,0,0,0,0,0,0,0,85,"BAL","MIN","BAL",0,"F","T",14,6,1,47,4,"T","F",2,2,"T","T","cubbm101","fordd001","F","F",0,0,0,6,2,84,0,0,0,"","dempr001","",0,0,0,0,0,0,0,0,0,0,0,0,0,"","F","F","F","F",0,0,0,0,0,0,0,0,0,0,F,F,"1978BAL.EVA.regular.event.csv",1007
"BAL197805070","MIN",8,1,0,0,0,"",14,6,"murre001","?","murre001","?","scarm101","?","scarm101","?","wyneb001","carer001","randb101","cubbm101","smalr001","norww101","fordd001","poweh101","","","","63","T","F",3,5,2,"T","T",0,"F","F",1,"F","F",0,"F","F",6,"G","F","F","",0,0,"N",0,"N",0,"N",0,0,0,0,"63","","","","F","F","F","F","F","F","F","F","F","","","","F","F","F","F","F","","","","",0,3,0,0,6,0,0,0,0,86,"BAL","BAL","MIN",1,"T","F",6,14,0,31,0,"T","F",0,0,"T","T","may-l101","decid001","F","F",0,0,0,0,0,0,0,0,0,"","","",0,0,0,0,0,0,0,0,0,0,0,0,0,"smalr001","F","F","F","F",0,0,0,0,2,0,0,0,0,0,F,F,"1978BAL.EVA.regular.event.csv",1008
"BAL197805070","MIN",8,1,1,0,0,"",14,6,"may-l101","?","may-l101","?","scarm101","?","scarm101","?","wyneb001","carer001","randb101","cubbm101","smalr001","norww101","fordd001","poweh101","","","","HR/7","F","F",10,6,23,"T","T",4,"F","F",0,"F","F",1,"F","F",0,"","F","F","7",0,0,"N",0,"N",0,"N",4,0,0,0,"","","","","F","F","F","F","F","F","F","F","F","","","","F","F","F","F","F","","","","",0,0,0,0,0,0,0,0,0,87,"BAL","BAL","MIN",1,"F","F",6,14,0,32,1,"T","F",0,0,"F","F","decid001","dempr001","F","F",0,0,0,0,0,0,0,0,0,"","","",0,0,0,0,0,0,0,0,0,0,0,0,1,"","F","F","F","F",4,0,0,0,1,0,0,0,0,0,F,F,"1978BAL.EVA.regular.event.csv",1009
"BAL197805070","MIN",8,1,1,0,0,"",14,7,"decid001","?","decid001","?","scarm101","?","scarm101","?","wyneb001","carer001","randb101","cubbm101","smalr001","norww101","fordd001","poweh101","","","","HR/7","F","F",5,7,23,"T","T",4,"F","F",0,"F","F",1,"F","F",0,"","F","F","7",0,0,"N",0,"N",0,"N",4,0,0,0,"","","","","F","F","F","F","F","F","F","F","F","","","","F","F","F","F","F","","","","",0,0,0,0,0,0,0,0,0,88,"BAL","BAL","MIN",1,"F","F",7,14,1,33,2,"T","F",0,0,"T","T","dempr001","belam101","F","F",0,0,0,0,0,0,0,0,0,"","","",0,0,0,0,0,0,0,0,0,0,0,0,1,"","F","F","F","F",4,0,0,0,0,0,0,0,0,0,F,F,"1978BAL.EVA.regular.event.csv",1010
"BAL197805070","MIN",8,1,1,0,0,"",14,8,"dempr001","?","dempr001","?","scarm101","?","scarm101","?","wyneb001","carer001","randb101","cubbm101","smalr001","norww101","fordd001","poweh101","","","","8","F","F",2,8,2,"T","T",0,"F","F",1,"F","F",0,"F","F",8,"F","F","F","",0,0,"N",0,"N",0,"N",0,0,0,0,"8","","","","F","F","F","F","F","F","F","F","F","","","","F","F","F","F","F","","","","",0,8,0,0,0,0,0,0,0,89,"BAL","BAL","MIN",1,"F","F",8,14,2,34,3,"T","F",0,0,"T","T","belam101","bumba001","F","F",0,0,0,0,0,0,0,0,0,"","","",0,0,0,0,0,0,0,0,0,0,0,0,0,"fordd001","F","F","F","F",0,0,0,0,0,0,0,0,0,0,F,F,"1978BAL.EVA.regular.event.csv",1011
"BAL197805070","MIN",8,1,2,0,0,"",14,8,"belam101","?","belam101","?","scarm101","?","scarm101","?","wyneb001","carer001","randb101","cubbm101","smalr001","norww101","fordd001","poweh101","","","","D8","F","F",6,9,21,"T","T",2,"F","F",0,"F","F",0,"F","F",8,"","F","F","",0,0,"N",0,"N",0,"N",2,0,0,0,"","","","","F","F","F","F","F","F","F","F","F","","","","F","F","F","F","F","","","","",0,0,0,0,0,0,0,0,0,90,"BAL","BAL","MIN",1,"F","F",8,14,2,35,4,"T","F",0,2,"T","T","bumba001","smitb101","F","F",0,0,0,0,0,0,0,0,0,"","","",0,0,0,0,0,0,0,0,0,0,0,0,0,"fordd001","F","F","F","F",2,0,0,0,0,0,0,0,0,0,F,F,"1978BAL.EVA.regular.event.csv",1012
"BAL197805070","MIN",8,1,2,0,0,"",14,8,"bumba001","?","bumba001","?","scarm101","?","scarm101","?","wyneb001","carer001","randb101","cubbm101","smalr001","norww101","fordd001","poweh101","","belam101","","43","F","F",7,1,2,"T","T",0,"F","F",1,"F","F",0,"F","F",4,"G","F","F","",0,0,"N",0,"N",0,"N",0,0,2,0,"43","","","","F","F","F","F","F","F","F","F","F","","scarm101","","F","F","F","F","F","","","","",0,3,0,0,4,0,0,0,0,91,"BAL","BAL","MIN",1,"F","T",8,14,2,36,5,"T","F",2,2,"T","T","smitb101","lopec101","F","F",0,0,0,6,9,90,0,0,0,"","wyneb001","",0,0,0,0,0,0,0,0,0,0,0,0,0,"randb101","F","F","F","F",0,0,2,0,0,0,0,0,0,0,F,F,"1978BAL.EVA.regular.event.csv",1013
"BAL197805070","MIN",9,0,0,0,0,"",14,8,"cubbm101","?","cubbm101","?","flinj101","?","flinj101","?","dempr001","murre001","smitb101","decid001","belam101","bumba001","lopec101","singk001","","","","S9/G","T","F",5,4,20,"T","T",1,"F","F",0,"F","F",0,"F","F",9,"G","F","F","",0,0,"N",0,"N",0,"N",1,0,0,0,"","","","","F","F","F","F","F","F","F","F","F","","","","F","F","F","F","F","","","","",0,0,0,0,0,0,0,0,0,92,"BAL","MIN","BAL",0,"T","F",14,8,0,48,0,"T","F",0,1,"T","T","fordd001","wyneb001","F","F",0,0,0,0,0,0,0,0,0,"","","",0,0,0,0,0,0,0,0,0,0,0,0,0,"singk001","F","F","F","F",4,0,0,0,1,0,0,0,0,0,F,F,"1978BAL.EVA.regular.event.csv",1014
"BAL197805070","MIN",9,0,0,0,0,"",14,8,"fordd001","?","fordd001","?","flinj101","?","flinj101","?","dempr001","murre001","smitb101","decid001","belam101","bumba001","lopec101","singk001","cubbm101","","","E1/SH.1-2","F","F",8,5,18,"T","F",0,"T","F",0,"F","F",0,"F","F",1,"G","T","F","",1,1,"F",0,"N",0,"N",1,2,0,0,"","","","","F","F","F","F","F","F","F","F","F","flinj101","","","F","F","F","F","F","","","","",0,0,0,0,0,0,0,0,0,93,"BAL","MIN","BAL",0,"F","F",14,8,0,49,1,"T","F",1,3,"T","T","wyneb001","kusic101","F","F",5,4,92,0,0,0,0,0,0,"dempr001","","",0,0,0,0,0,0,0,0,0,0,0,0,0,"flinj101","F","F","F","T",0,4,0,0,1,0,0,0,0,0,F,F,"1978BAL.EVA.regular.event.csv",1015
"BAL197805070","MIN",9,0,0,0,0,"",14,8,"wyneb001","?","wyneb001","?","flinj101","?","flinj101","?","dempr001","murre001","smitb101","decid001","belam101","bumba001","lopec101","singk001","fordd001","cubbm101","","S7.1-2;2-H","F","F",2,6,20,"T","T",1,"F","F",0,"F","F",1,"F","F",7,"","F","F","",0,0,"N",0,"N",0,"N",1,2,4,0,"","","","","F","F","F","F","F","F","F","F","F","flinj101","flinj101","","F","F","F","F","F","","","","",0,0,0,0,0,0,0,0,0,94,"BAL","MIN","BAL",0,"F","F",14,8,0,50,2,"T","F",3,3,"T","T","kusic101","poweh101","F","F",8,5,93,5,4,92,0,0,0,"dempr001","dempr001","",0,0,0,0,0,0,0,0,0,0,0,0,1,"bumba001","F","F","F","F",0,0,4,0,0,0,0,0,0,0,F,F,"1978BAL.EVA.regular.event.csv",1016
"BAL197805070","MIN",9,0,0,0,0,"",15,8,"chilr101","?","chilr101","?","flinj101","?","flinj101","?","dempr001","murre001","smitb101","decid001","belam101","bumba001","lopec101","singk001","wyneb001","fordd001","","9.2-3","F","T",10,7,2,"T","T",0,"F","F",1,"F","F",0,"F","F",9,"F","F","F","",0,0,"N",0,"N",0,"N",0,1,3,0,"9","","","","F","F","F","F","F","F","F","F","F","flinj101","flinj101","","F","F","F","F","F","","","","kusic101",10,9,0,0,0,0,0,0,0,95,"BAL","MIN","BAL",0,"F","F",15,8,1,51,3,"T","F",3,5,"F","F","poweh101","randb101","F","F",2,6,94,8,5,93,0,0,0,"dempr001","dempr001","",0,0,0,0,0,0,0,0,0,0,0,0,0,"singk001","F","F","F","F",0,0,0,0,0,0,0,0,0,0,F,F,"1978BAL.EVA.regular.event.csv",1017
"BAL197805070","MIN",9,0,1,0,0,"",15,8,"poweh101","?","poweh101","?","flinj101","?","flinj101","?","dempr001","murre001","smitb101","decid001","belam101","bumba001","lopec101","singk001","wyneb001","","fordd001","46(1)3/GDP","F","F",9,8,2,"T","T",0,"F","F",2,"T","F",0,"F","F",4,"G","F","F","",0,0,"N",0,"N",0,"N",0,0,0,3,"63","46","","","F","F","F","F","F","F","F","F","F","flinj101","","flinj101","F","F","F","F","F","","","","",0,6,3,0,4,6,0,0,0,96,"BAL","MIN","BAL",0,"F","T",15,8,1,52,4,"T","F",5,4,"T","T","randb101","norww101","F","F",2,6,94,0,0,0,8,5,93,"dempr001","","dempr001",0,0,0,0,0,0,0,0,0,0,0,0,0,"smitb101","T","F","F","F",0,0,0,0,0,0,0,0,0,0,F,F,"1978BAL.EVA.regular.event.csv",1018
"BAL197805070","MIN",9,1,0,0,0,"",15,8,"smitb101","?","smitb101","?","scarm101","?","scarm101","?","wyneb001","carer001","randb101","cubbm101","smalr001","norww101","fordd001","poweh101","","","","63","T","F",4,2,2,"T","T",0,"F","F",1,"F","F",0,"F","F",6,"G","F","F","",0,0,"N",0,"N",0,"N",0,0,0,0,"63","","","","F","F","F","F","F","F","F","F","F","","","","F","F","F","F","F","","","","",0,3,0,0,6,0,0,0,0,97,"BAL","BAL","MIN",1,"T","F",8,15,0,37,0,"T","F",0,0,"T","T","lopec101","singk001","F","F",0,0,0,0,0,0,0,0,0,"","","",0,0,0,0,0,0,0,0,0,0,0,0,0,"smalr001","F","F","F","F",0,0,0,0,1,0,0,0,0,0,F,F,"1978BAL.EVA.regular.event.csv",1019
"BAL197805070","MIN",9,1,1,0,0,"",15,8,"lopec101","?","lopec101","?","scarm101","?","scarm101","?","wyneb001","carer001","randb101","cubbm101","smalr001","norww101","fordd001","poweh101","","","","S7","F","F",8,3,20,"T","T",1,"F","F",0,"F","F",0,"F","F",7,"","F","F","",0,0,"N",0,"N",0,"N",1,0,0,0,"","","","","F","F","F","F","F","F","F","F","F","","","","F","F","F","F","F","","","","",0,0,0,0,0,0,0,0,0,98,"BAL","BAL","MIN",1,"F","F",8,15,0,38,1,"T","F",0,1,"F","F","singk001","murre001","F","F",0,0,0,0,0,0,0,0,0,"","","",0,0,0,0,0,0,0,0,0,0,0,0,0,"norww101","F","F","F","F",4,0,0,0,1,0,0,0,0,0,F,F,"1978BAL.EVA.regular.event.csv",1020
"BAL197805070","MIN",9,1,1,0,0,"",15,8,"singk001","?","singk001","?","scarm101","?","scarm101","?","wyneb001","carer001","randb101","cubbm101","smalr001","norww101","fordd001","poweh101","lopec101","","","9","F","F",9,4,2,"T","T",0,"F","F",1,"F","F",0,"F","F",9,"F","F","F","",0,0,"N",0,"N",0,"N",0,1,0,0,"9","","","","F","F","F","F","F","F","F","F","F","scarm101","","","F","F","F","F","F","","","","",0,9,0,0,0,0,0,0,0,99,"BAL","BAL","MIN",1,"F","F",8,15,0,39,2,"T","F",1,1,"T","T","murre001","may-l101","F","F",8,3,98,0,0,0,0,0,0,"wyneb001","","",0,0,0,0,0,0,0,0,0,0,0,0,0,"poweh101","F","F","F","F",0,4,0,0,1,0,0,0,0,0,F,F,"1978BAL.EVA.regular.event.csv",1021
"BAL197805070","MIN",9,1,2,0,0,"",15,8,"murre001","?","murre001","?","scarm101","?","scarm101","?","wyneb001","carer001","randb101","cubbm101","smalr001","norww101","fordd001","poweh101","lopec101","","","S8.1-2","F","F",3,5,20,"T","T",1,"F","F",0,"F","F",0,"F","F",8,"","F","F","",0,0,"N",0,"N",0,"N",1,2,0,0,"","","","","F","F","F","F","F","F","F","F","F","scarm101","","","F","F","F","F","F","","","","",0,0,0,0,0,0,0,0,0,100,"BAL","BAL","MIN",1,"F","F",8,15,0,40,3,"T","F",1,3,"T","T","may-l101","decid001","F","F",8,3,98,0,0,0,0,0,0,"wyneb001","","",0,0,0,0,0,0,0,0,0,0,0,0,0,"fordd001","F","F","F","F",3,4,0,0,1,0,0,0,0,0,F,F,"1978BAL.EVA.regular.event.csv",1022
"BAL197805070","MIN",9,1,2,0,0,"",15,8,"may-l101","?","may-l101","?","scarm101","?","scarm101","?","wyneb001","carer001","randb101","cubbm101","smalr001","norww101","fordd001","poweh101","murre001","lopec101","","S9/G.1-3;2-H","F","F",10,6,20,"T","T",1,"F","F",0,"F","F",1,"F","F",9,"G","F","F","",0,0,"N",0,"N",0,"N",1,3,4,0,"","","","","F","F","F","F","F","F","F","F","F","scarm101","scarm101","","F","F","F","F","F","","","","",0,0,0,0,0,0,0,0,0,101,"BAL","BAL","MIN",1,"F","F",8,15,0,41,4,"T","F",3,5,"F","F","decid001","dempr001","F","F",3,5,100,8,3,98,0,0,0,"wyneb001","wyneb001","",0,0,0,0,0,0,0,0,0,0,0,0,1,"poweh101","F","F","F","F",1,3,4,0,0,0,0,0,0,0,F,F,"1978BAL.EVA.regular.event.csv",1023
"BAL197805070","MIN",9,1,2,0,0,"",15,9,"decid001","?","decid001","?","johnd104","?","johnd104","?","wyneb001","carer001","randb101","cubbm101","smalr001","norww101","fordd001","poweh101","may-l101","","murre001","7/L","F","F",5,7,2,"T","T",0,"F","F",1,"F","F",0,"F","F",7,"L","F","F","",0,0,"N",0,"N",0,"N",0,1,0,3,"7","","","","F","F","F","F","F","F","F","F","F","scarm101","","scarm101","F","T","F","F","F","","","","",0,7,0,0,0,0,0,0,0,102,"BAL","BAL","MIN",1,"F","T",9,15,1,42,5,"T","F",5,5,"T","T","dempr001","belam101","F","F",10,6,101,0,0,0,3,5,100,"wyneb001","","wyneb001",0,0,0,0,0,0,0,0,0,0,0,0,0,"norww101","F","F","F","F",0,1,0,3,0,0,0,0,0,0,F,F,"1978BAL.EVA.regular.event.csv",1024
"BAL197805100","BOS",1,0,0,0,0,"",0,0,"burlr001","?","burlr001","?","flanm001","?","flanm001","?","dempr001","murre001","smitb101","decid001","belam101","singk001","bumba001","harll101","","","","K/C","T","F",6,1,3,"T","T",0,"F","F",1,"F","F",0,"F","F",0,"","F","F","",0,0,"N",0,"N",0,"N",0,0,0,0,"2","","","","F","F","F","F","F","F","F","F","F","","","","T","F","F","F","F","","","","",0,2,0,0,0,0,0,0,0,1,"BAL","BOS","BAL",0,"T","F",0,0,0,0,0,"T","F",0,0,"T","T","remyj001","ricej001","T","T",0,0,0,0,0,0,0,0,0,"","","",0,0,0,0,0,0,0,0,0,0,0,0,0,"","F","F","F","F",0,0,0,0,0,0,0,0,0,0,F,F,"1978BAL.EVA.regular.event.csv",1025
"BAL197805100","BOS",1,0,1,0,0,"",0,0,"remyj001","?","remyj001","?","flanm001","?","flanm001","?","dempr001","murre001","smitb101","decid001","belam101","singk001","bumba001","harll101","","","","K","F","F",4,2,3,"T","T",0,"F","F",1,"F","F",0,"F","F",0,"","F","F","",0,0,"N",0,"N",0,"N",0,0,0,0,"2","","","","F","F","F","F","F","F","F","F","F","","","","F","F","F","F","F","","","","",0,2,0,0,0,0,0,0,0,2,"BAL","BOS","BAL",0,"F","F",0,0,0,1,1,"T","F",0,0,"T","T","ricej001","yastc101","T","T",0,0,0,0,0,0,0,0,0,"","","",0,0,0,0,0,0,0,0,0,0,0,0,0,"","F","F","F","F",0,0,0,0,0,0,0,0,0,0,F,F,"1978BAL.EVA.regular.event.csv",1026
"BAL197805100","BOS",1,0,2,0,0,"",0,0,"ricej001","?","ricej001","?","flanm001","?","flanm001","?","dempr001","murre001","smitb101","decid001","belam101","singk001","bumba001","harll101","","","","63","F","F",7,3,2,"T","T",0,"F","F",1,"F","F",0,"F","F",6,"G","F","F","",0,0,"N",0,"N",0,"N",0,0,0,0,"63","","","","F","F","F","F","F","F","F","F","F","","","","F","F","F","F","F","","","","",0,3,0,0,6,0,0,0,0,3,"BAL","BOS","BAL",0,"F","T",0,0,0,2,2,"T","F",0,0,"T","T","yastc101","fiskc001","T","T",0,0,0,0,0,0,0,0,0,"","","",0,0,0,0,0,0,0,0,0,0,0,0,0,"belam101","F","F","F","F",0,0,0,0,0,0,0,0,0,0,F,F,"1978BAL.EVA.regular.event.csv",1027
"BAL197805100","BOS",1,1,0,0,0,"",0,0,"bumba001","?","bumba001","?","ripla101","?","ripla101","?","fiskc001","yastc101","remyj001","dufff101","burlr001","ricej001","lynnf001","evand002","","","","S9","T","F",8,1,20,"T","T",1,"F","F",0,"F","F",0,"F","F",9,"","F","F","",0,0,"N",0,"N",0,"N",1,0,0,0,"","","","","F","F","F","F","F","F","F","F","F","","","","F","F","F","F","F","","","","",0,0,0,0,0,0,0,0,0,4,"BAL","BAL","BOS",1,"T","F",0,0,0,0,0,"T","F",0,1,"T","T","smitb101","harll101","T","T",0,0,0,0,0,0,0,0,0,"","","",0,0,0,0,0,0,0,0,0,0,0,0,0,"evand002","F","F","F","F",0,0,0,0,0,0,0,0,0,0,F,F,"1978BAL.EVA.regular.event.csv",1028
"BAL197805100","BOS",1,1,0,0,0,"",0,0,"smitb101","?","smitb101","?","ripla101","?","ripla101","?","fiskc001","yastc101","remyj001","dufff101","burlr001","ricej001","lynnf001","evand002","bumba001","","","SB2","F","F",4,2,4,"F","F",0,"F","F",0,"F","F",0,"F","F",0,"","F","F","",0,0,"N",0,"N",0,"N",0,2,0,0,"","","","","T","F","F","F","F","F","F","F","F","ripla101","","","F","F","F","F","F","","","","",0,0,0,0,0,0,0,0,0,5,"BAL","BAL","BOS",1,"F","F",0,0,0,1,1,"T","F",1,2,"T","T","harll101","singk001","T","T",8,1,4,0,0,0,0,0,0,"fiskc001","","",0,0,0,0,0,0,0,0,0,0,0,0,0,"","F","F","F","F",0,0,0,0,0,0,0,0,0,0,F,F,"1978BAL.EVA.regular.event.csv",1029
"BAL197805100","BOS",1,1,0,0,0,"",0,0,"smitb101","?","smitb101","?","ripla101","?","ripla101","?","fiskc001","yastc101","remyj001","dufff101","burlr001","ricej001","lynnf001","evand002","","bumba001","","5/FL","F","F",4,2,2,"T","T",0,"F","F",1,"F","F",0,"F","F",5,"F","F","T","",0,0,"N",0,"N",0,"N",0,0,2,0,"5","","","","F","F","F","F","F","F","F","F","F","","ripla101","","F","F","F","F","F","","","","",0,5,0,0,0,0,0,0,0,6,"BAL","BAL","BOS",1,"F","F",0,0,0,1,1,"F","F",2,2,"T","T","harll101","singk001","T","T",0,0,0,8,1,4,0,0,0,"","fiskc001","",0,0,0,0,0,0,0,0,0,0,0,0,0,"dufff101","F","F","F","F",0,0,0,0,0,0,0,0,0,0,F,F,"1978BAL.EVA.regular.event.csv",1030
"BAL197805100","BOS",1,1,1,0,0,"",0,0,"harll101","?","harll101","?","ripla101","?","ripla101","?","fiskc001","yastc101","remyj001","dufff101","burlr001","ricej001","lynnf001","evand002","","bumba001","","7","F","F",9,3,2,"T","T",0,"F","F",1,"F","F",0,"F","F",7,"F","F","F","",0,0,"N",0,"N",0,"N",0,0,2,0,"7","","","","F","F","F","F","F","F","F","F","F","","ripla101","","F","F","F","F","F","","","","",0,7,0,0,0,0,0,0,0,7,"BAL","BAL","BOS",1,"F","F",0,0,0,2,2,"T","F",2,2,"T","T","singk001","murre001","T","T",0,0,0,8,1,4,0,0,0,"","fiskc001","",0,0,0,0,0,0,0,0,0,0,0,0,0,"ricej001","F","F","F","F",0,0,0,0,0,0,0,0,0,0,F,F,"1978BAL.EVA.regular.event.csv",1031
"BAL197805100","BOS",1,1,2,0,0,"",0,0,"singk001","?","singk001","?","ripla101","?","ripla101","?","fiskc001","yastc101","remyj001","dufff101","burlr001","ricej001","lynnf001","evand002","","bumba001","","K/C","F","F",7,4,3,"T","T",0,"F","F",1,"F","F",0,"F","F",0,"","F","F","",0,0,"N",0,"N",0,"N",0,0,2,0,"2","","","","F","F","F","F","F","F","F","F","F","","ripla101","","F","F","F","F","F","","","","",0,2,0,0,0,0,0,0,0,8,"BAL","BAL","BOS",1,"F","T",0,0,0,3,3,"T","F",2,2,"T","T","murre001","may-l101","T","T",0,0,0,8,1,4,0,0,0,"","fiskc001","",0,0,0,0,0,0,0,0,0,0,0,0,0,"","F","F","F","F",0,0,0,0,0,0,0,0,0,0,F,F,"1978BAL.EVA.regular.event.csv",1032
"BAL197805100","BOS",2,0,0,0,0,"",0,0,"yastc101","?","yastc101","?","flanm001","?","flanm001","?","dempr001","murre001","smitb101","decid001","belam101","singk001","bumba001","harll101","","","","3/G","T","F",3,4,2,"T","T",0,"F","F",1,"F","F",0,"F","F",3,"G","F","F","",0,0,"N",0,"N",0,"N",0,0,0,0,"3","","","","F","F","F","F","F","F","F","F","F","","","","F","F","F","F","F","","","","",0,3,0,0,0,0,0,0,0,9,"BAL","BOS","BAL",0,"T","F",0,0,0,3,0,"T","F",0,0,"T","T","fiskc001","lynnf001","T","T",0,0,0,0,0,0,0,0,0,"","","",0,0,0,0,0,0,0,0,0,0,0,0,0,"murre001","F","F","F","F",0,0,0,0,1,0,0,0,0,0,F,F,"1978BAL.EVA.regular.event.csv",1033
"BAL197805100","BOS",2,0,1,0,0,"",0,0,"fiskc001","?","fiskc001","?","flanm001","?","flanm001","?","dempr001","murre001","smitb101","decid001","belam101","singk001","bumba001","harll101","","","","S7","F","F",2,5,20,"T","T",1,"F","F",0,"F","F",0,"F","F",7,"","F","F","",0,0,"N",0,"N",0,"N",1,0,0,0,"","","","","F","F","F","F","F","F","F","F","F","","","","F","F","F","F","F","","","","",0,0,0,0,0,0,0,0,0,10,"BAL","BOS","BAL",0,"F","F",0,0,0,4,1,"T","F",0,1,"T","T","lynnf001","hobsb101","T","T",0,0,0,0,0,0,0,0,0,"","","",0,0,0,0,0,0,0,0,0,0,0,0,0,"singk001","F","F","F","F",4,0,0,0,1,0,0,0,0,0,F,F,"1978BAL.EVA.regular.event.csv",1034
"BAL197805100","BOS",2,0,1,0,0,"",0,0,"lynnf001","?","lynnf001","?","flanm001","?","flanm001","?","dempr001","murre001","smitb101","decid001","belam101","singk001","bumba001","harll101","fiskc001","","","S9.1-2","F","F",8,6,20,"T","T",1,"F","F",0,"F","F",0,"F","F",9,"","F","F","",0,0,"N",0,"N",0,"N",1,2,0,0,"","","","","F","F","F","F","F","F","F","F","F","flanm001","","","F","F","F","F","F","","","","",0,0,0,0,0,0,0,0,0,11,"BAL","BOS","BAL",0,"F","F",0,0,0,5,2,"T","F",1,3,"T","T","hobsb101","evand002","T","T",2,5,10,0,0,0,0,0,0,"dempr001","","",0,0,0,0,0,0,0,0,0,0,0,0,0,"harll101","F","F","F","F",0,4,0,0,1,0,0,0,0,0,F,F,"1978BAL.EVA.regular.event.csv",1035
"BAL197805100","BOS",2,0,1,0,0,"",0,0,"hobsb101","?","hobsb101","?","flanm001","?","flanm001","?","dempr001","murre001","smitb101","decid001","belam101","singk001","bumba001","harll101","lynnf001","fiskc001","","S7.2-H;1-2","F","F",10,7,20,"T","T",1,"F","F",0,"F","F",1,"F","F",7,"","F","F","",0,0,"N",0,"N",0,"N",1,2,4,0,"","","","","F","F","F","F","F","F","F","F","F","flanm001","flanm001","","F","F","F","F","F","","","","",0,0,0,0,0,0,0,0,0,12,"BAL","BOS","BAL",0,"F","F",0,0,0,6,3,"T","F",3,3,"T","T","evand002","dufff101","T","T",8,6,11,2,5,10,0,0,0,"dempr001","dempr001","",0,0,0,0,0,0,0,0,0,0,0,0,1,"singk001","F","F","F","F",0,0,4,0,0,0,0,0,0,0,F,F,"1978BAL.EVA.regular.event.csv",1036
"BAL197805100","BOS",2,0,1,0,0,"",1,0,"evand002","?","evand002","?","flanm001","?","flanm001","?","dempr001","murre001","smitb101","decid001","belam101","singk001","bumba001","harll101","hobsb101","lynnf001","","K","F","F",9,8,3,"T","T",0,"F","F",1,"F","F",0,"F","F",0,"","F","F","",0,0,"N",0,"N",0,"N",0,1,2,0,"2","","","","F","F","F","F","F","F","F","F","F","flanm001","flanm001","","F","F","F","F","F","","","","",0,2,0,0,0,0,0,0,0,13,"BAL","BOS","BAL",0,"F","F",1,0,1,7,4,"T","F",3,3,"T","T","dufff101","burlr001","T","T",10,7,12,8,6,11,0,0,0,"dempr001","dempr001","",0,0,0,0,0,0,0,0,0,0,0,0,0,"","F","F","F","F",0,0,0,0,0,0,0,0,0,0,F,F,"1978BAL.EVA.regular.event.csv",1037
"BAL197805100","BOS",2,0,2,0,0,"",1,0,"dufff101","?","dufff101","?","flanm001","?","flanm001","?","dempr001","murre001","smitb101","decid001","belam101","singk001","bumba001","harll101","hobsb101","lynnf001","","S4.2X3(45);1-2","F","F",5,9,20,"T","T",1,"F","F",1,"F","F",0,"F","F",4,"","F","F","",0,0,"N",0,"N",0,"N",1,2,0,0,"","","45","","F","F","F","F","F","F","F","F","F","flanm001","flanm001","","F","F","F","F","F","","","","",0,5,0,0,4,0,0,0,0,14,"BAL","BOS","BAL",0,"F","T",1,0,1,8,5,"T","F",3,3,"T","T","burlr001","remyj001","T","T",10,7,12,8,6,11,0,0,0,"dempr001","dempr001","",0,0,0,0,0,0,0,0,0,0,0,0,0,"smitb101","F","F","F","F",0,0,0,0,0,0,0,0,0,0,F,F,"1978BAL.EVA.regular.event.csv",1038
"BAL197805100","BOS",2,1,0,0,0,"",1,0,"murre001","?","murre001","?","ripla101","?","ripla101","?","fiskc001","yastc101","remyj001","dufff101","burlr001","ricej001","lynnf001","evand002","","","","S9","T","F",3,5,20,"T","T",1,"F","F",0,"F","F",0,"F","F",9,"","F","F","",0,0,"N",0,"N",0,"N",1,0,0,0,"","","","","F","F","F","F","F","F","F","F","F","","","","F","F","F","F","F","","","","",0,0,0,0,0,0,0,0,0,15,"BAL","BAL","BOS",1,"T","F",0,1,0,4,0,"T","F",0,1,"T","T","may-l101","decid001","T","T",0,0,0,0,0,0,0,0,0,"","","",0,0,0,0,0,0,0,0,0,0,0,0,0,"evand002","F","F","F","F",0,0,0,0,0,0,0,0,0,0,F,F,"1978BAL.EVA.regular.event.csv",1039
"BAL197805100","BOS",2,1,0,0,0,"",1,0,"may-l101","?","may-l101","?","ripla101","?","ripla101","?","fiskc001","yastc101","remyj001","dufff101","burlr001","ricej001","lynnf001","evand002","murre001","","","K/C","F","F",10,6,3,"T","T",0,"F","F",1,"F","F",0,"F","F",0,"","F","F","",0,0,"N",0,"N",0,"N",0,1,0,0,"2","","","","F","F","F","F","F","F","F","F","F","ripla101","","","F","F","F","F","F","","","","",0,2,0,0,0,0,0,0,0,16,"BAL","BAL","BOS",1,"F","F",0,1,0,5,1,"T","F",1,1,"T","T","decid001","dempr001","T","T",3,5,15,0,0,0,0,0,0,"fiskc001","","",0,0,0,0,0,0,0,0,0,0,0,0,0,"","F","F","F","F",0,0,0,0,0,0,0,0,0,0,F,F,"1978BAL.EVA.regular.event.csv",1040
"BAL197805100","BOS",2,1,1,0,0,"",1,0,"decid001","?","decid001","?","ripla101","?","ripla101","?","fiskc001","yastc101","remyj001","dufff101","burlr001","ricej001","lynnf001","evand002","murre001","","","9","F","F",5,7,2,"T","T",0,"F","F",1,"F","F",0,"F","F",9,"F","F","F","",0,0,"N",0,"N",0,"N",0,1,0,0,"9","","","","F","F","F","F","F","F","F","F","F","ripla101","","","F","F","F","F","F","","","","",0,9,0,0,0,0,0,0,0,17,"BAL","BAL","BOS",1,"F","F",0,1,0,6,2,"T","F",1,1,"T","T","dempr001","belam101","T","T",3,5,15,0,0,0,0,0,0,"fiskc001","","",0,0,0,0,0,0,0,0,0,0,0,0,0,"evand002","F","F","F","F",0,0,0,0,0,0,0,0,0,0,F,F,"1978BAL.EVA.regular.event.csv",1041
"BAL197805100","BOS",2,1,2,0,0,"",1,0,"dempr001","?","dempr001","?","ripla101","?","ripla101","?","fiskc001","yastc101","remyj001","dufff101","burlr001","ricej001","lynnf001","evand002","murre001","","","9","F","F",2,8,2,"T","T",0,"F","F",1,"F","F",0,"F","F",9,"F","F","F","",0,0,"N",0,"N",0,"N",0,1,0,0,"9","","","","F","F","F","F","F","F","F","F","F","ripla101","","","F","F","F","F","F","","","","",0,9,0,0,0,0,0,0,0,18,"BAL","BAL","BOS",1,"F","T",0,1,0,7,3,"T","F",1,1,"T","T","belam101","bumba001","T","T",3,5,15,0,0,0,0,0,0,"fiskc001","","",0,0,0,0,0,0,0,0,0,0,0,0,0,"evand002","F","F","F","F",0,0,0,0,0,0,0,0,0,0,F,F,"1978BAL.EVA.regular.event.csv",1042
"BAL197805100","BOS",3,0,0,0,0,"",1,0,"burlr001","?","burlr001","?","flanm001","?","flanm001","?","dempr001","murre001","smitb101","decid001","belam101","singk001","bumba001","harll101","","","","K","T","F",6,1,3,"T","T",0,"F","F",1,"F","F",0,"F","F",0,"","F","F","",0,0,"N",0,"N",0,"N",0,0,0,0,"2","","","","F","F","F","F","F","F","F","F","F","","","","F","F","F","F","F","","","","",0,2,0,0,0,0,0,0,0,19,"BAL","BOS","BAL",0,"T","F",1,0,0,9,0,"T","F",0,0,"T","T","remyj001","ricej001","T","T",0,0,0,0,0,0,0,0,0,"","","",0,0,0,0,0,0,0,0,0,0,0,0,0,"","F","F","F","F",0,0,0,0,0,0,0,0,0,0,F,F,"1978BAL.EVA.regular.event.csv",1043
"BAL197805100","BOS",3,0,1,0,0,"",1,0,"remyj001","?","remyj001","?","flanm001","?","flanm001","?","dempr001","murre001","smitb101","decid001","belam101","singk001","bumba001","harll101","","","","K/C","F","F",4,2,3,"T","T",0,"F","F",1,"F","F",0,"F","F",0,"","F","F","",0,0,"N",0,"N",0,"N",0,0,0,0,"2","","","","F","F","F","F","F","F","F","F","F","","","","F","F","F","F","F","","","","",0,2,0,0,0,0,0,0,0,20,"BAL","BOS","BAL",0,"F","F",1,0,0,10,1,"T","F",0,0,"T","T","ricej001","yastc101","T","T",0,0,0,0,0,0,0,0,0,"","","",0,0,0,0,0,0,0,0,0,0,0,0,0,"","F","F","F","F",0,0,0,0,0,0,0,0,0,0,F,F,"1978BAL.EVA.regular.event.csv",1044
"BAL197805100","BOS",3,0,2,0,0,"",1,0,"ricej001","?","ricej001","?","flanm001","?","flanm001","?","dempr001","murre001","smitb101","decid001","belam101","singk001","bumba001","harll101","","","","W","F","F",7,3,14,"T","F",0,"F","F",0,"F","F",0,"F","F",0,"","F","F","",0,0,"N",0,"N",0,"N",1,0,0,0,"","","","","F","F","F","F","F","F","F","F","F","","","","F","F","F","F","F","","","","",0,0,0,0,0,0,0,0,0,21,"BAL","BOS","BAL",0,"F","F",1,0,0,11,2,"T","F",0,1,"T","T","yastc101","fiskc001","T","T",0,0,0,0,0,0,0,0,0,"","","",0,0,0,0,0,0,0,0,0,0,0,0,0,"","F","F","F","F",0,0,0,0,0,0,0,0,0,0,F,F,"1978BAL.EVA.regular.event.csv",1045
"BAL197805100","BOS",3,0,2,0,0,"",1,0,"yastc101","?","yastc101","?","flanm001","?","flanm001","?","dempr001","murre001","smitb101","decid001","belam101","singk001","bumba001","harll101","ricej001","","","K","F","F",3,4,3,"T","T",0,"F","F",1,"F","F",0,"F","F",0,"","F","F","",0,0,"N",0,"N",0,"N",0,1,0,0,"2","","","","F","F","F","F","F","F","F","F","F","flanm001","","","F","F","F","F","F","","","","",0,2,0,0,0,0,0,0,0,22,"BAL","BOS","BAL",0,"F","T",1,0,0,12,3,"T","F",1,1,"T","T","fiskc001","lynnf001","T","T",7,3,21,0,0,0,0,0,0,"dempr001","","",0,0,0,0,0,0,0,0,0,0,0,0,0,"","F","F","F","F",0,0,0,0,0,0,0,0,0,0,F,F,"1978BAL.EVA.regular.event.csv",1046
"BAL197805100","BOS",3,1,0,0,0,"",1,0,"belam101","?","belam101","?","ripla101","?","ripla101","?","fiskc001","yastc101","remyj001","dufff101","burlr001","ricej001","lynnf001","evand002","","","","S8","T","F",6,9,20,"T","T",1,"F","F",0,"F","F",0,"F","F",8,"","F","F","",0,0,"N",0,"N",0,"N",1,0,0,0,"","","","","F","F","F","F","F","F","F","F","F","","","","F","F","F","F","F","","","","",0,0,0,0,0,0,0,0,0,23,"BAL","BAL","BOS",1,"T","F",0,1,0,8,0,"T","F",0,1,"T","T","bumba001","smitb101","T","T",0,0,0,0,0,0,0,0,0,"","","",0,0,0,0,0,0,0,0,0,0,0,0,0,"lynnf001","F","F","F","F",0,0,0,0,0,0,0,0,0,0,F,F,"1978BAL.EVA.regular.event.csv",1047
"BAL197805100","BOS",3,1,0,0,0,"",1,0,"bumba001","?","bumba001","?","ripla101","?","ripla101","?","fiskc001","yastc101","remyj001","dufff101","burlr001","ricej001","lynnf001","evand002","belam101","","","8/L","F","F",8,1,2,"T","T",0,"F","F",1,"F","F",0,"F","F",8,"L","F","F","",0,0,"N",0,"N",0,"N",0,1,0,0,"8","","","","F","F","F","F","F","F","F","F","F","ripla101","","","F","F","F","F","F","","","","",0,8,0,0,0,0,0,0,0,24,"BAL","BAL","BOS",1,"F","F",0,1,0,9,1,"T","F",1,1,"T","T","smitb101","harll101","T","T",6,9,23,0,0,0,0,0,0,"fiskc001","","",0,0,0,0,0,0,0,0,0,0,0,0,0,"lynnf001","F","F","F","F",0,0,0,0,0,0,0,0,0,0,F,F,"1978BAL.EVA.regular.event.csv",1048
"BAL197805100","BOS",3,1,1,0,0,"",1,0,"smitb101","?","smitb101","?","ripla101","?","ripla101","?","fiskc001","yastc101","remyj001","dufff101","burlr001","ricej001","lynnf001","evand002","belam101","","","9","F","F",4,2,2,"T","T",0,"F","F",1,"F","F",0,"F","F",9,"F","F","F","",0,0,"N",0,"N",0,"N",0,1,0,0,"9","","","","F","F","F","F","F","F","F","F","F","ripla101","","","F","F","F","F","F","","","","",0,9,0,0,0,0,0,0,0,25,"BAL","BAL","BOS",1,"F","F",0,1,0,10,2,"T","F",1,1,"T","T","harll101","singk001","T","T",6,9,23,0,0,0,0,0,0,"fiskc001","","",0,0,0,0,0,0,0,0,0,0,0,0,0,"evand002","F","F","F","F",0,0,0,0,0,0,0,0,0,0,F,F,"1978BAL.EVA.regular.event.csv",1049
"BAL197805100","BOS",3,1,2,0,0,"",1,0,"harll101","?","harll101","?","ripla101","?","ripla101","?","fiskc001","yastc101","remyj001","dufff101","burlr001","ricej001","lynnf001","evand002","belam101","","","CS2(26)","F","F",9,3,6,"F","F",0,"F","F",1,"F","F",0,"F","F",0,"","F","F","",0,0,"N",0,"N",0,"N",0,0,0,0,"","26","","","F","F","F","T","F","F","F","F","F","ripla101","","","F","F","F","F","F","","","","",0,6,0,0,2,0,0,0,0,26,"BAL","BAL","BOS",1,"F","T",0,1,0,11,3,"T","T",1,0,"T","T","singk001","murre001","T","T",6,9,23,0,0,0,0,0,0,"fiskc001","","",0,0,0,0,0,0,0,0,0,0,0,0,0,"","F","F","F","F",0,0,0,0,0,0,0,0,0,0,F,F,"1978BAL.EVA.regular.event.csv",1050
"BAL197805100","BOS",4,0,0,0,0,"",1,0,"fiskc001","?","fiskc001","?","flanm001","?","flanm001","?","dempr001","murre001","smitb101","decid001","belam101","singk001","bumba001","harll101","","","","43","T","F",2,5,2,"T","T",0,"F","F",1,"F","F",0,"F","F",4,"G","F","F","",0,0,"N",0,"N",0,"N",0,0,0,0,"43","","","","F","F","F","F","F","F","F","F","F","","","","F","F","F","F","F","","","","",0,3,0,0,4,0,0,0,0,27,"BAL","BOS","BAL",0,"T","F",1,0,0,13,0,"T","F",0,0,"T","T","lynnf001","hobsb101","T","T",0,0,0,0,0,0,0,0,0,"","","",0,0,0,0,0,0,0,0,0,0,0,0,0,"smitb101","F","F","F","F",0,0,0,0,0,0,0,0,0,0,F,F,"1978BAL.EVA.regular.event.csv",1051
"BAL197805100","BOS",4,0,1,0,0,"",1,0,"lynnf001","?","lynnf001","?","flanm001","?","flanm001","?","dempr001","murre001","smitb101","decid001","belam101","singk001","bumba001","harll101","","","","3/G","F","F",8,6,2,"T","T",0,"F","F",1,"F","F",0,"F","F",3,"G","F","F","",0,0,"N",0,"N",0,"N",0,0,0,0,"3","","","","F","F","F","F","F","F","F","F","F","","","","F","F","F","F","F","","","","",0,3,0,0,0,0,0,0,0,28,"BAL","BOS","BAL",0,"F","F",1,0,0,14,1,"T","F",0,0,"T","T","hobsb101","evand002","T","T",0,0,0,0,0,0,0,0,0,"","","",0,0,0,0,0,0,0,0,0,0,0,0,0,"murre001","F","F","F","F",0,0,0,0,0,0,0,0,0,0,F,F,"1978BAL.EVA.regular.event.csv",1052
"BAL197805100","BOS",4,0,2,0,0,"",1,0,"hobsb101","?","hobsb101","?","flanm001","?","flanm001","?","dempr001","murre001","smitb101","decid001","belam101","singk001","bumba001","harll101","","","","8","F","F",10,7,2,"T","T",0,"F","F",1,"F","F",0,"F","F",8,"F","F","F","",0,0,"N",0,"N",0,"N",0,0,0,0,"8","","","","F","F","F","F","F","F","F","F","F","","","","F","F","F","F","F","","","","",0,8,0,0,0,0,0,0,0,29,"BAL","BOS","BAL",0,"F","T",1,0,0,15,2,"T","F",0,0,"T","T","evand002","dufff101","T","T",0,0,0,0,0,0,0,0,0,"","","",0,0,0,0,0,0,0,0,0,0,0,0,0,"bumba001","F","F","F","F",0,0,0,0,0,0,0,0,0,0,F,F,"1978BAL.EVA.regular.event.csv",1053
"BAL197805100","BOS",4,1,0,0,0,"",1,0,"harll101","?","harll101","?","ripla101","?","ripla101","?","fiskc001","yastc101","remyj001","dufff101","burlr001","ricej001","lynnf001","evand002","","","","7","T","F",9,3,2,"T","T",0,"F","F",1,"F","F",0,"F","F",7,"F","F","F","",0,0,"N",0,"N",0,"N",0,0,0,0,"7","","","","F","F","F","F","F","F","F","F","F","","","","F","F","F","F","F","","","","",0,7,0,0,0,0,0,0,0,30,"BAL","BAL","BOS",1,"T","F",0,1,0,11,0,"T","F",0,0,"T","T","singk001","murre001","T","T",0,0,0,0,0,0,0,0,0,"","","",0,0,0,0,0,0,0,0,0,0,0,0,0,"ricej001","F","F","F","F",0,0,0,0,1,0,0,0,0,0,F,F,"1978BAL.EVA.regular.event.csv",1054
"BAL197805100","BOS",4,1,1,0,0,"",1,0,"singk001","?","singk001","?","ripla101","?","ripla101","?","fiskc001","yastc101","remyj001","dufff101","burlr001","ricej001","lynnf001","evand002","","","","HR/9","F","F",7,4,23,"T","T",4,"F","F",0,"F","F",1,"F","F",0,"","F","F","9",0,0,"N",0,"N",0,"N",4,0,0,0,"","","","","F","F","F","F","F","F","F","F","F","","","","F","F","F","F","F","","","","",0,0,0,0,0,0,0,0,0,31,"BAL","BAL","BOS",1,"F","F",0,1,0,12,1,"T","F",0,0,"T","T","murre001","may-l101","T","T",0,0,0,0,0,0,0,0,0,"","","",0,0,0,0,0,0,0,0,0,0,0,0,1,"","F","F","F","F",4,0,0,0,0,0,0,0,0,0,F,F,"1978BAL.EVA.regular.event.csv",1055
"BAL197805100","BOS",4,1,1,0,0,"",1,1,"murre001","?","murre001","?","ripla101","?","ripla101","?","fiskc001","yastc101","remyj001","dufff101","burlr001","ricej001","lynnf001","evand002","","","","3/G","F","F",3,5,2,"T","T",0,"F","F",1,"F","F",0,"F","F",3,"G","F","F","",0,0,"N",0,"N",0,"N",0,0,0,0,"3","","","","F","F","F","F","F","F","F","F","F","","","","F","F","F","F","F","","","","",0,3,0,0,0,0,0,0,0,32,"BAL","BAL","BOS",1,"F","F",1,1,1,13,2,"T","F",0,0,"T","T","may-l101","decid001","T","T",0,0,0,0,0,0,0,0,0,"","","",0,0,0,0,0,0,0,0,0,0,0,0,0,"yastc101","F","F","F","F",0,0,0,0,0,0,0,0,0,0,F,F,"1978BAL.EVA.regular.event.csv",1056
"BAL197805100","BOS",4,1,2,0,0,"",1,1,"may-l101","?","may-l101","?","ripla101","?","ripla101","?","fiskc001","yastc101","remyj001","dufff101","burlr001","ricej001","lynnf001","evand002","","","","S9","F","F",10,6,20,"T","T",1,"F","F",0,"F","F",0,"F","F",9,"","F","F","",0,0,"N",0,"N",0,"N",1,0,0,0,"","","","","F","F","F","F","F","F","F","F","F","","","","F","F","F","F","F","","","","",0,0,0,0,0,0,0,0,0,33,"BAL","BAL","BOS",1,"F","F",1,1,1,14,3,"T","F",0,1,"T","T","decid001","dempr001","T","T",0,0,0,0,0,0,0,0,0,"","","",0,0,0,0,0,0,0,0,0,0,0,0,0,"evand002","F","F","F","F",0,0,0,0,0,0,0,0,0,0,F,F,"1978BAL.EVA.regular.event.csv",1057
"BAL197805100","BOS",4,1,2,0,0,"",1,1,"decid001","?","decid001","?","ripla101","?","ripla101","?","fiskc001","yastc101","remyj001","dufff101","burlr001","ricej001","lynnf001","evand002","may-l101","","","9","F","F",5,7,2,"T","T",0,"F","F",1,"F","F",0,"F","F",9,"F","F","F","",0,0,"N",0,"N",0,"N",0,1,0,0,"9","","","","F","F","F","F","F","F","F","F","F","ripla101","","","F","F","F","F","F","","","","",0,9,0,0,0,0,0,0,0,34,"BAL","BAL","BOS",1,"F","T",1,1,1,15,4,"T","F",1,1,"T","T","dempr001","belam101","T","T",10,6,33,0,0,0,0,0,0,"fiskc001","","",0,0,0,0,0,0,0,0,0,0,0,0,0,"evand002","F","F","F","F",0,0,0,0,0,0,0,0,0,0,F,F,"1978BAL.EVA.regular.event.csv",1058
"BAL197805100","BOS",5,0,0,0,0,"",1,1,"evand002","?","evand002","?","flanm001","?","flanm001","?","dempr001","murre001","smitb101","decid001","belam101","singk001","bumba001","harll101","","","","K","T","F",9,8,3,"T","T",0,"F","F",1,"F","F",0,"F","F",0,"","F","F","",0,0,"N",0,"N",0,"N",0,0,0,0,"2","","","","F","F","F","F","F","F","F","F","F","","","","F","F","F","F","F","","","","",0,2,0,0,0,0,0,0,0,35,"BAL","BOS","BAL",0,"T","F",1,1,0,16,0,"T","F",0,0,"T","T","dufff101","burlr001","T","T",0,0,0,0,0,0,0,0,0,"","","",0,0,0,0,0,0,0,0,0,0,0,0,0,"","F","F","F","F",0,0,0,0,0,0,0,0,0,0,F,F,"1978BAL.EVA.regular.event.csv",1059
"BAL197805100","BOS",5,0,1,0,0,"",1,1,"dufff101","?","dufff101","?","flanm001","?","flanm001","?","dempr001","murre001","smitb101","decid001","belam101","singk001","bumba001","harll101","","","","43","F","F",5,9,2,"T","T",0,"F","F",1,"F","F",0,"F","F",4,"G","F","F","",0,0,"N",0,"N",0,"N",0,0,0,0,"43","","","","F","F","F","F","F","F","F","F","F","","","","F","F","F","F","F","","","","",0,3,0,0,4,0,0,0,0,36,"BAL","BOS","BAL",0,"F","F",1,1,0,17,1,"T","F",0,0,"T","T","burlr001","remyj001","T","T",0,0,0,0,0,0,0,0,0,"","","",0,0,0,0,0,0,0,0,0,0,0,0,0,"smitb101","F","F","F","F",0,0,0,0,0,0,0,0,0,0,F,F,"1978BAL.EVA.regular.event.csv",1060
"BAL197805100","BOS",5,0,2,0,0,"",1,1,"burlr001","?","burlr001","?","flanm001","?","flanm001","?","dempr001","murre001","smitb101","decid001","belam101","singk001","bumba001","harll101","","","","E4.BX2(86)","F","F",6,1,18,"T","T",0,"F","F",1,"F","F",0,"F","F",4,"G","F","F","",1,4,"F",0,"N",0,"N",0,0,0,0,"86","","","","F","F","F","F","F","F","F","F","F","","","","F","F","F","F","F","","","","",0,6,0,0,8,0,0,0,0,37,"BAL","BOS","BAL",0,"F","T",1,1,0,18,2,"T","F",0,0,"T","T","remyj001","ricej001","T","T",0,0,0,0,0,0,0,0,0,"","","",0,0,0,0,0,0,0,0,0,0,0,0,0,"smitb101","F","F","F","T",0,0,0,0,0,0,0,0,0,0,F,F,"1978BAL.EVA.regular.event.csv",1061
"BAL197805100","BOS",5,1,0,0,0,"",1,1,"dempr001","?","dempr001","?","ripla101","?","ripla101","?","fiskc001","yastc101","remyj001","dufff101","burlr001","ricej001","lynnf001","evand002","","","","S9","T","F",2,8,20,"T","T",1,"F","F",0,"F","F",0,"F","F",9,"","F","F","",0,0,"N",0,"N",0,"N",1,0,0,0,"","","","","F","F","F","F","F","F","F","F","F","","","","F","F","F","F","F","","","","",0,0,0,0,0,0,0,0,0,38,"BAL","BAL","BOS",1,"T","F",1,1,0,16,0,"T","F",0,1,"T","T","belam101","bumba001","T","T",0,0,0,0,0,0,0,0,0,"","","",0,0,0,0,0,0,0,0,0,0,0,0,0,"evand002","F","F","F","F",0,0,0,0,0,0,0,0,0,0,F,F,"1978BAL.EVA.regular.event.csv",1062
"BAL197805100","BOS",5,1,0,0,0,"",1,1,"belam101","?","belam101","?","ripla101","?","ripla101","?","fiskc001","yastc101","remyj001","dufff101","burlr001","ricej001","lynnf001","evand002","dempr001","","","4(B)43(1)/LDP","F","F",6,9,2,"T","T",0,"F","F",2,"T","F",0,"F","F",4,"L","F","F","",0,0,"N",0,"N",0,"N",0,0,0,0,"4","43","","","F","F","F","F","F","F","F","F","F","ripla101","","","F","F","F","F","F","","","","",0,4,3,0,4,0,0,0,0,39,"BAL","BAL","BOS",1,"F","F",1,1,0,17,1,"T","F",1,0,"T","T","bumba001","smitb101","T","T",2,8,38,0,0,0,0,0,0,"fiskc001","","",0,0,0,0,0,0,0,0,0,0,0,0,0,"remyj001","F","F","F","F",0,0,0,0,0,0,0,0,0,0,F,F,"1978BAL.EVA.regular.event.csv",1063
"BAL197805100","BOS",5,1,2,0,0,"",1,1,"bumba001","?","bumba001","?","ripla101","?","ripla101","?","fiskc001","yastc101","remyj001","dufff101","burlr001","ricej001","lynnf001","evand002","","","","K","F","F",8,1,3,"T","T",0,"F","F",1,"F","F",0,"F","F",0,"","F","F","",0,0,"N",0,"N",0,"N",0,0,0,0,"2","","","","F","F","F","F","F","F","F","F","F","","","","F","F","F","F","F","","","","",0,2,0,0,0,0,0,0,0,40,"BAL","BAL","BOS",1,"F","T",1,1,0,18,2,"T","F",0,0,"T","T","smitb101","harll101","T","T",0,0,0,0,0,0,0,0,0,"","","",0,0,0,0,0,0,0,0,0,0,0,0,0,"","F","F","F","F",0,0,0,0,0,0,0,0,0,0,F,F,"1978BAL.EVA.regular.event.csv",1064
"BAL197805100","BOS",6,0,0,0,0,"",1,1,"remyj001","?","remyj001","?","flanm001","?","flanm001","?","dempr001","murre001","smitb101","decid001","belam101","singk001","bumba001","harll101","","","","K/C","T","F",4,2,3,"T","T",0,"F","F",1,"F","F",0,"F","F",0,"","F","F","",0,0,"N",0,"N",0,"N",0,0,0,0,"2","","","","F","F","F","F","F","F","F","F","F","","","","F","F","F","F","F","","","","",0,2,0,0,0,0,0,0,0,41,"BAL","BOS","BAL",0,"T","F",1,1,0,19,0,"T","F",0,0,"T","T","ricej001","yastc101","T","T",0,0,0,0,0,0,0,0,0,"","","",0,0,0,0,0,0,0,0,0,0,0,0,0,"","F","F","F","F",0,0,0,0,0,0,0,0,0,0,F,F,"1978BAL.EVA.regular.event.csv",1065
"BAL197805100","BOS",6,0,1,0,0,"",1,1,"ricej001","?","ricej001","?","flanm001","?","flanm001","?","dempr001","murre001","smitb101","decid001","belam101","singk001","bumba001","harll101","","","","4","F","F",7,3,2,"T","T",0,"F","F",1,"F","F",0,"F","F",4,"F","F","F","",0,0,"N",0,"N",0,"N",0,0,0,0,"4","","","","F","F","F","F","F","F","F","F","F","","","","F","F","F","F","F","","","","",0,4,0,0,0,0,0,0,0,42,"BAL","BOS","BAL",0,"F","F",1,1,0,20,1,"T","F",0,0,"T","T","yastc101","fiskc001","T","T",0,0,0,0,0,0,0,0,0,"","","",0,0,0,0,0,0,0,0,0,0,0,0,0,"smitb101","F","F","F","F",0,0,0,0,0,0,0,0,0,0,F,F,"1978BAL.EVA.regular.event.csv",1066
"BAL197805100","BOS",6,0,2,0,0,"",1,1,"yastc101","?","yastc101","?","flanm001","?","flanm001","?","dempr001","murre001","smitb101","decid001","belam101","singk001","bumba001","harll101","","","","7","F","F",3,4,2,"T","T",0,"F","F",1,"F","F",0,"F","F",7,"F","F","F","",0,0,"N",0,"N",0,"N",0,0,0,0,"7","","","","F","F","F","F","F","F","F","F","F","","","","F","F","F","F","F","","","","",0,7,0,0,0,0,0,0,0,43,"BAL","BOS","BAL",0,"F","T",1,1,0,21,2,"T","F",0,0,"T","T","fiskc001","lynnf001","T","T",0,0,0,0,0,0,0,0,0,"","","",0,0,0,0,0,0,0,0,0,0,0,0,0,"singk001","F","F","F","F",0,0,0,0,0,0,0,0,0,0,F,F,"1978BAL.EVA.regular.event.csv",1067
"BAL197805100","BOS",6,1,0,0,0,"",1,1,"smitb101","?","smitb101","?","ripla101","?","ripla101","?","fiskc001","yastc101","remyj001","dufff101","burlr001","ricej001","lynnf001","evand002","","","","9","T","F",4,2,2,"T","T",0,"F","F",1,"F","F",0,"F","F",9,"F","F","F","",0,0,"N",0,"N",0,"N",0,0,0,0,"9","","","","F","F","F","F","F","F","F","F","F","","","","F","F","F","F","F","","","","",0,9,0,0,0,0,0,0,0,44,"BAL","BAL","BOS",1,"T","F",1,1,0,19,0,"T","F",0,0,"T","T","harll101","singk001","T","T",0,0,0,0,0,0,0,0,0,"","","",0,0,0,0,0,0,0,0,0,0,0,0,0,"evand002","F","F","F","F",0,0,0,0,0,0,0,0,0,0,F,F,"1978BAL.EVA.regular.event.csv",1068
"BAL197805100","BOS",6,1,1,0,0,"",1,1,"harll101","?","harll101","?","ripla101","?","ripla101","?","fiskc001","yastc101","remyj001","dufff101","burlr001","ricej001","lynnf001","evand002","","","","8","F","F",9,3,2,"T","T",0,"F","F",1,"F","F",0,"F","F",8,"F","F","F","",0,0,"N",0,"N",0,"N",0,0,0,0,"8","","","","F","F","F","F","F","F","F","F","F","","","","F","F","F","F","F","","","","",0,8,0,0,0,0,0,0,0,45,"BAL","BAL","BOS",1,"F","F",1,1,0,20,1,"T","F",0,0,"T","T","singk001","murre001","T","T",0,0,0,0,0,0,0,0,0,"","","",0,0,0,0,0,0,0,0,0,0,0,0,0,"lynnf001","F","F","F","F",0,0,0,0,0,0,0,0,0,0,F,F,"1978BAL.EVA.regular.event.csv",1069
"BAL197805100","BOS",6,1,2,0,0,"",1,1,"singk001","?","singk001","?","ripla101","?","ripla101","?","fiskc001","yastc101","remyj001","dufff101","burlr001","ricej001","lynnf001","evand002","","","","W","F","F",7,4,14,"T","F",0,"F","F",0,"F","F",0,"F","F",0,"","F","F","",0,0,"N",0,"N",0,"N",1,0,0,0,"","","","","F","F","F","F","F","F","F","F","F","","","","F","F","F","F","F","","","","",0,0,0,0,0,0,0,0,0,46,"BAL","BAL","BOS",1,"F","F",1,1,0,21,2,"T","F",0,1,"T","T","murre001","may-l101","T","T",0,0,0,0,0,0,0,0,0,"","","",0,0,0,0,0,0,0,0,0,0,0,0,0,"","F","F","F","F",0,0,0,0,0,0,0,0,0,0,F,F,"1978BAL.EVA.regular.event.csv",1070
"BAL197805100","BOS",6,1,2,0,0,"",1,1,"murre001","?","murre001","?","ripla101","?","ripla101","?","fiskc001","yastc101","remyj001","dufff101","burlr001","ricej001","lynnf001","evand002","singk001","","","8/L","F","F",3,5,2,"T","T",0,"F","F",1,"F","F",0,"F","F",8,"L","F","F","",0,0,"N",0,"N",0,"N",0,1,0,0,"8","","","","F","F","F","F","F","F","F","F","F","ripla101","","","F","F","F","F","F","","","","",0,8,0,0,0,0,0,0,0,47,"BAL","BAL","BOS",1,"F","T",1,1,0,22,3,"T","F",1,1,"T","T","may-l101","decid001","T","T",7,4,46,0,0,0,0,0,0,"fiskc001","","",0,0,0,0,0,0,0,0,0,0,0,0,0,"lynnf001","F","F","F","F",0,0,0,0,0,0,0,0,0,0,F,F,"1978BAL.EVA.regular.event.csv",1071
"BAL197805100","BOS",7,0,0,0,0,"",1,1,"fiskc001","?","fiskc001","?","flanm001","?","flanm001","?","dempr001","murre001","smitb101","decid001","belam101","singk001","bumba001","harll101","","","","8","T","F",2,5,2,"T","T",0,"F","F",1,"F","F",0,"F","F",8,"F","F","F","",0,0,"N",0,"N",0,"N",0,0,0,0,"8","","","","F","F","F","F","F","F","F","F","F","","","","F","F","F","F","F","","","","",0,8,0,0,0,0,0,0,0,48,"BAL","BOS","BAL",0,"T","F",1,1,0,22,0,"T","F",0,0,"T","T","lynnf001","hobsb101","T","T",0,0,0,0,0,0,0,0,0,"","","",0,0,0,0,0,0,0,0,0,0,0,0,0,"bumba001","F","F","F","F",0,0,0,0,1,0,0,0,0,0,F,F,"1978BAL.EVA.regular.event.csv",1072
"BAL197805100","BOS",7,0,1,0,0,"",1,1,"lynnf001","?","lynnf001","?","flanm001","?","flanm001","?","dempr001","murre001","smitb101","decid001","belam101","singk001","bumba001","harll101","","","","K","F","F",8,6,3,"T","T",0,"F","F",1,"F","F",0,"F","F",0,"","F","F","",0,0,"N",0,"N",0,"N",0,0,0,0,"2","","","","F","F","F","F","F","F","F","F","F","","","","F","F","F","F","F","","","","",0,2,0,0,0,0,0,0,0,49,"BAL","BOS","BAL",0,"F","F",1,1,0,23,1,"T","F",0,0,"T","T","hobsb101","evand002","T","T",0,0,0,0,0,0,0,0,0,"","","",0,0,0,0,0,0,0,0,0,0,0,0,0,"","F","F","F","F",0,0,0,0,1,0,0,0,0,0,F,F,"1978BAL.EVA.regular.event.csv",1073
"BAL197805100","BOS",7,0,2,0,0,"",1,1,"hobsb101","?","hobsb101","?","flanm001","?","flanm001","?","dempr001","murre001","smitb101","decid001","belam101","singk001","bumba001","harll101","","","","W","F","F",10,7,14,"T","F",0,"F","F",0,"F","F",0,"F","F",0,"","F","F","",0,0,"N",0,"N",0,"N",1,0,0,0,"","","","","F","F","F","F","F","F","F","F","F","","","","F","F","F","F","F","","","","",0,0,0,0,0,0,0,0,0,50,"BAL","BOS","BAL",0,"F","F",1,1,0,24,2,"T","F",0,1,"T","T","evand002","dufff101","T","T",0,0,0,0,0,0,0,0,0,"","","",0,0,0,0,0,0,0,0,0,0,0,0,0,"","F","F","F","F",4,0,0,0,1,0,0,0,0,0,F,F,"1978BAL.EVA.regular.event.csv",1074
"BAL197805100","BOS",7,0,2,0,0,"",1,1,"evand002","?","evand002","?","flanm001","?","flanm001","?","dempr001","murre001","smitb101","decid001","belam101","singk001","bumba001","harll101","hobsb101","","","S9.1-3","F","F",9,8,20,"T","T",1,"F","F",0,"F","F",0,"F","F",9,"","F","F","",0,0,"N",0,"N",0,"N",1,3,0,0,"","","","","F","F","F","F","F","F","F","F","F","flanm001","","","F","F","F","F","F","","","","",0,0,0,0,0,0,0,0,0,51,"BAL","BOS","BAL",0,"F","F",1,1,0,25,3,"T","F",1,5,"T","T","dufff101","burlr001","T","T",10,7,50,0,0,0,0,0,0,"dempr001","","",0,0,0,0,0,0,0,0,0,0,0,0,0,"harll101","F","F","F","F",0,4,0,0,1,0,0,0,0,0,F,F,"1978BAL.EVA.regular.event.csv",1075
"BAL197805100","BOS",7,0,2,0,0,"",1,1,"dufff101","?","dufff101","?","flanm001","?","flanm001","?","dempr001","murre001","smitb101","decid001","belam101","singk001","bumba001","harll101","evand002","","hobsb101","D7.3-H;1-3","F","F",5,9,21,"T","T",2,"F","F",0,"F","F",1,"F","F",7,"","F","F","",0,0,"N",0,"N",0,"N",2,3,0,4,"","","","","F","F","F","F","F","F","F","F","F","flanm001","","flanm001","F","F","F","F","F","","","","",0,0,0,0,0,0,0,0,0,52,"BAL","BOS","BAL",0,"F","F",1,1,0,26,4,"T","F",5,6,"T","T","burlr001","remyj001","T","T",9,8,51,0,0,0,10,7,50,"dempr001","","dempr001",0,0,0,0,0,0,0,0,0,0,0,0,1,"singk001","F","F","F","F",0,0,0,4,0,0,0,0,0,0,F,F,"1978BAL.EVA.regular.event.csv",1076
"BAL197805100","BOS",7,0,2,0,0,"",2,1,"burlr001","?","burlr001","?","flanm001","?","flanm001","?","dempr001","murre001","smitb101","decid001","belam101","singk001","bumba001","harll101","","dufff101","evand002","IW","F","F",6,1,15,"T","F",0,"F","F",0,"F","F",0,"F","F",0,"","F","F","",0,0,"N",0,"N",0,"N",1,0,2,3,"","","","","F","F","F","F","F","F","F","F","F","","flanm001","flanm001","F","F","F","F","F","","","","",0,0,0,0,0,0,0,0,0,53,"BAL","BOS","BAL",0,"F","F",2,1,1,27,5,"T","F",6,7,"T","T","remyj001","ricej001","T","T",0,0,0,5,9,52,9,8,51,"","dempr001","dempr001",0,0,0,0,0,0,0,0,0,0,0,0,0,"","F","F","F","F",0,0,0,0,0,0,0,0,0,0,F,F,"1978BAL.EVA.regular.event.csv",1077
"BAL197805100","BOS",7,0,2,0,0,"",2,1,"remyj001","?","remyj001","?","flanm001","?","flanm001","?","dempr001","murre001","smitb101","decid001","belam101","singk001","bumba001","harll101","burlr001","dufff101","evand002","43","F","F",4,2,2,"T","T",0,"F","F",1,"F","F",0,"F","F",4,"G","F","F","",0,0,"N",0,"N",0,"N",0,1,2,3,"43","","","","F","F","F","F","F","F","F","F","F","flanm001","flanm001","flanm001","F","F","F","F","F","","","","",0,3,0,0,4,0,0,0,0,54,"BAL","BOS","BAL",0,"F","T",2,1,1,28,6,"T","F",7,7,"T","T","ricej001","yastc101","T","T",6,1,53,5,9,52,9,8,51,"dempr001","dempr001","dempr001",0,0,0,0,0,0,0,0,0,0,0,0,0,"smitb101","F","F","F","F",0,0,0,0,0,0,0,0,0,0,F,F,"1978BAL.EVA.regular.event.csv",1078
"BAL197805100","BOS",7,1,0,0,0,"",2,1,"may-l101","?","may-l101","?","ripla101","?","ripla101","?","fiskc001","yastc101","remyj001","dufff101","burlr001","ricej001","lynnf001","evand002","","","","7","T","F",10,6,2,"T","T",0,"F","F",1,"F","F",0,"F","F",7,"F","F","F","",0,0,"N",0,"N",0,"N",0,0,0,0,"7","","","","F","F","F","F","F","F","F","F","F","","","","F","F","F","F","F","","","","",0,7,0,0,0,0,0,0,0,55,"BAL","BAL","BOS",1,"T","F",1,2,0,23,0,"T","F",0,0,"T","T","decid001","dempr001","T","T",0,0,0,0,0,0,0,0,0,"","","",0,0,0,0,0,0,0,0,0,0,0,0,0,"ricej001","F","F","F","F",0,0,0,0,0,0,0,0,0,0,F,F,"1978BAL.EVA.regular.event.csv",1079
"BAL197805100","BOS",7,1,1,0,0,"",2,1,"decid001","?","decid001","?","ripla101","?","ripla101","?","fiskc001","yastc101","remyj001","dufff101","burlr001","ricej001","lynnf001","evand002","","","","K/C","F","F",5,7,3,"T","T",0,"F","F",1,"F","F",0,"F","F",0,"","F","F","",0,0,"N",0,"N",0,"N",0,0,0,0,"2","","","","F","F","F","F","F","F","F","F","F","","","","F","F","F","F","F","","","","",0,2,0,0,0,0,0,0,0,56,"BAL","BAL","BOS",1,"F","F",1,2,0,24,1,"T","F",0,0,"T","T","dempr001","belam101","T","T",0,0,0,0,0,0,0,0,0,"","","",0,0,0,0,0,0,0,0,0,0,0,0,0,"","F","F","F","F",0,0,0,0,0,0,0,0,0,0,F,F,"1978BAL.EVA.regular.event.csv",1080
"BAL197805100","BOS",7,1,2,0,0,"",2,1,"dempr001","?","dempr001","?","ripla101","?","ripla101","?","fiskc001","yastc101","remyj001","dufff101","burlr001","ricej001","lynnf001","evand002","","","","7","F","F",2,8,2,"T","T",0,"F","F",1,"F","F",0,"F","F",7,"F","F","F","",0,0,"N",0,"N",0,"N",0,0,0,0,"7","","","","F","F","F","F","F","F","F","F","F","","","","F","F","F","F","F","","","","",0,7,0,0,0,0,0,0,0,57,"BAL","BAL","BOS",1,"F","T",1,2,0,25,2,"T","F",0,0,"T","T","belam101","bumba001","T","T",0,0,0,0,0,0,0,0,0,"","","",0,0,0,0,0,0,0,0,0,0,0,0,0,"ricej001","F","F","F","F",0,0,0,0,0,0,0,0,0,0,F,F,"1978BAL.EVA.regular.event.csv",1081
"BAL197805100","BOS",8,0,0,0,0,"",2,1,"ricej001","?","ricej001","?","flanm001","?","flanm001","?","dempr001","murre001","smitb101","decid001","belam101","singk001","bumba001","harll101","","","","63","T","F",7,3,2,"T","T",0,"F","F",1,"F","F",0,"F","F",6,"G","F","F","",0,0,"N",0,"N",0,"N",0,0,0,0,"63","","","","F","F","F","F","F","F","F","F","F","","","","F","F","F","F","F","","","","",0,3,0,0,6,0,0,0,0,58,"BAL","BOS","BAL",0,"T","F",2,1,0,29,0,"T","F",0,0,"T","T","yastc101","fiskc001","T","T",0,0,0,0,0,0,0,0,0,"","","",0,0,0,0,0,0,0,0,0,0,0,0,0,"belam101","F","F","F","F",0,0,0,0,0,0,0,0,0,0,F,F,"1978BAL.EVA.regular.event.csv",1082
"BAL197805100","BOS",8,0,1,0,0,"",2,1,"yastc101","?","yastc101","?","flanm001","?","flanm001","?","dempr001","murre001","smitb101","decid001","belam101","singk001","bumba001","harll101","","","","S8","F","F",3,4,20,"T","T",1,"F","F",0,"F","F",0,"F","F",8,"","F","F","",0,0,"N",0,"N",0,"N",1,0,0,0,"","","","","F","F","F","F","F","F","F","F","F","","","","F","F","F","F","F","","","","",0,0,0,0,0,0,0,0,0,59,"BAL","BOS","BAL",0,"F","F",2,1,0,30,1,"T","F",0,1,"T","T","fiskc001","lynnf001","T","T",0,0,0,0,0,0,0,0,0,"","","",0,0,0,0,0,0,0,0,0,0,0,0,0,"bumba001","F","F","F","F",0,0,0,0,0,0,0,0,0,0,F,F,"1978BAL.EVA.regular.event.csv",1083
"BAL197805100","BOS",8,0,1,0,0,"",2,1,"fiskc001","?","fiskc001","?","flanm001","?","flanm001","?","dempr001","murre001","smitb101","decid001","belam101","singk001","bumba001","harll101","yastc101","","","54(1)/FO","F","F",2,5,2,"T","T",0,"F","F",1,"F","F",0,"F","F",5,"G","F","F","",0,0,"N",0,"N",0,"N",1,0,0,0,"","54","","","F","F","F","F","F","F","F","F","F","flanm001","","","F","F","F","F","F","","","","",0,4,0,0,5,0,0,0,0,60,"BAL","BOS","BAL",0,"F","F",2,1,0,31,2,"T","F",1,1,"T","T","lynnf001","hobsb101","T","T",3,4,59,0,0,0,0,0,0,"dempr001","","",0,0,0,0,0,0,0,0,0,0,0,0,0,"decid001","T","F","F","F",0,0,0,0,0,0,0,0,0,0,F,F,"1978BAL.EVA.regular.event.csv",1084
"BAL197805100","BOS",8,0,2,0,0,"",2,1,"lynnf001","?","lynnf001","?","flanm001","?","flanm001","?","dempr001","murre001","smitb101","decid001","belam101","singk001","bumba001","harll101","fiskc001","","","8","F","F",8,6,2,"T","T",0,"F","F",1,"F","F",0,"F","F",8,"F","F","F","",0,0,"N",0,"N",0,"N",0,1,0,0,"8","","","","F","F","F","F","F","F","F","F","F","flanm001","","","F","F","F","F","F","","","","",0,8,0,0,0,0,0,0,0,61,"BAL","BOS","BAL",0,"F","T",2,1,0,32,3,"T","F",1,1,"T","T","hobsb101","evand002","T","T",2,5,60,0,0,0,0,0,0,"dempr001","","",0,0,0,0,0,0,0,0,0,0,0,0,0,"bumba001","F","F","F","F",0,0,0,0,0,0,0,0,0,0,F,F,"1978BAL.EVA.regular.event.csv",1085
"BAL197805100","BOS",8,1,0,0,0,"",2,1,"belam101","?","belam101","?","ripla101","?","ripla101","?","fiskc001","yastc101","remyj001","dufff101","burlr001","ricej001","lynnf001","evand002","","","","63","T","F",6,9,2,"T","T",0,"F","F",1,"F","F",0,"F","F",6,"G","F","F","",0,0,"N",0,"N",0,"N",0,0,0,0,"63","","","","F","F","F","F","F","F","F","F","F","","","","F","F","F","F","F","","","","",0,3,0,0,6,0,0,0,0,62,"BAL","BAL","BOS",1,"T","F",1,2,0,26,0,"T","F",0,0,"T","T","bumba001","smitb101","T","T",0,0,0,0,0,0,0,0,0,"","","",0,0,0,0,0,0,0,0,0,0,0,0,0,"burlr001","F","F","F","F",0,0,0,0,0,0,0,0,0,0,F,F,"1978BAL.EVA.regular.event.csv",1086
"BAL197805100","BOS",8,1,1,0,0,"",2,1,"bumba001","?","bumba001","?","burgt001","?","burgt001","?","fiskc001","yastc101","remyj001","dufff101","burlr001","ricej001","lynnf001","evand002","","","","31","F","F",8,1,2,"T","T",0,"F","F",1,"F","F",0,"F","F",3,"G","F","F","",0,0,"N",0,"N",0,"N",0,0,0,0,"31","","","","F","F","F","F","F","F","F","F","F","","","","F","F","F","F","F","","","","",0,1,0,0,3,0,0,0,0,63,"BAL","BAL","BOS",1,"F","F",1,2,0,27,1,"T","F",0,0,"T","T","smitb101","harll101","F","F",0,0,0,0,0,0,0,0,0,"","","",0,0,0,0,0,0,0,0,0,0,0,0,0,"yastc101","F","F","F","F",0,0,0,0,0,0,0,0,0,0,F,F,"1978BAL.EVA.regular.event.csv",1087
"BAL197805100","BOS",8,1,2,0,0,"",2,1,"smitb101","?","smitb101","?","burgt001","?","burgt001","?","fiskc001","yastc101","remyj001","dufff101","burlr001","ricej001","lynnf001","evand002","","","","4","F","F",4,2,2,"T","T",0,"F","F",1,"F","F",0,"F","F",4,"F","F","F","",0,0,"N",0,"N",0,"N",0,0,0,0,"4","","","","F","F","F","F","F","F","F","F","F","","","","F","F","F","F","F","","","","",0,4,0,0,0,0,0,0,0,64,"BAL","BAL","BOS",1,"F","T",1,2,0,28,2,"T","F",0,0,"T","T","harll101","singk001","F","F",0,0,0,0,0,0,0,0,0,"","","",0,0,0,0,0,0,0,0,0,0,0,0,0,"remyj001","F","F","F","F",0,0,0,0,0,0,0,0,0,0,F,F,"1978BAL.EVA.regular.event.csv",1088
"BAL197805100","BOS",9,0,0,0,0,"",2,1,"hobsb101","?","hobsb101","?","flanm001","?","flanm001","?","dempr001","murre001","smitb101","decid001","belam101","singk001","bumba001","harll101","","","","K","T","F",10,7,3,"T","T",0,"F","F",1,"F","F",0,"F","F",0,"","F","F","",0,0,"N",0,"N",0,"N",0,0,0,0,"2","","","","F","F","F","F","F","F","F","F","F","","","","F","F","F","F","F","","","","",0,2,0,0,0,0,0,0,0,65,"BAL","BOS","BAL",0,"T","F",2,1,0,33,0,"T","F",0,0,"T","T","evand002","dufff101","T","T",0,0,0,0,0,0,0,0,0,"","","",0,0,0,0,0,0,0,0,0,0,0,0,0,"","F","F","F","F",0,0,0,0,0,0,0,0,0,0,F,F,"1978BAL.EVA.regular.event.csv",1089
"BAL197805100","BOS",9,0,1,0,0,"",2,1,"evand002","?","evand002","?","flanm001","?","flanm001","?","dempr001","murre001","smitb101","decid001","belam101","singk001","bumba001","harll101","","","","7","F","F",9,8,2,"T","T",0,"F","F",1,"F","F",0,"F","F",7,"F","F","F","",0,0,"N",0,"N",0,"N",0,0,0,0,"7","","","","F","F","F","F","F","F","F","F","F","","","","F","F","F","F","F","","","","",0,7,0,0,0,0,0,0,0,66,"BAL","BOS","BAL",0,"F","F",2,1,0,34,1,"T","F",0,0,"T","T","dufff101","burlr001","T","T",0,0,0,0,0,0,0,0,0,"","","",0,0,0,0,0,0,0,0,0,0,0,0,0,"singk001","F","F","F","F",0,0,0,0,0,0,0,0,0,0,F,F,"1978BAL.EVA.regular.event.csv",1090
"BAL197805100","BOS",9,0,2,0,0,"",2,1,"dufff101","?","dufff101","?","flanm001","?","flanm001","?","dempr001","murre001","smitb101","decid001","belam101","singk001","bumba001","harll101","","","","8","F","F",5,9,2,"T","T",0,"F","F",1,"F","F",0,"F","F",8,"F","F","F","",0,0,"N",0,"N",0,"N",0,0,0,0,"8","","","","F","F","F","F","F","F","F","F","F","","","","F","F","F","F","F","","","","",0,8,0,0,0,0,0,0,0,67,"BAL","BOS","BAL",0,"F","T",2,1,0,35,2,"T","F",0,0,"T","T","burlr001","remyj001","T","T",0,0,0,0,0,0,0,0,0,"","","",0,0,0,0,0,0,0,0,0,0,0,0,0,"bumba001","F","F","F","F",0,0,0,0,0,0,0,0,0,0,F,F,"1978BAL.EVA.regular.event.csv",1091
"BAL197805100","BOS",9,1,0,0,0,"",2,1,"lopec101","?","lopec101","?","burgt001","?","burgt001","?","fiskc001","yastc101","remyj001","dufff101","burlr001","ricej001","lynnf001","evand002","","","","S8","T","T",11,3,20,"T","T",1,"F","F",0,"F","F",0,"F","F",8,"","F","F","",0,0,"N",0,"N",0,"N",1,0,0,0,"","","","","F","F","F","F","F","F","F","F","F","","","","F","F","F","F","F","","","","harll101",9,0,0,0,0,0,0,0,0,68,"BAL","BAL","BOS",1,"T","F",1,2,0,29,0,"T","F",0,1,"F","F","singk001","murre001","F","F",0,0,0,0,0,0,0,0,0,"","","",0,0,0,0,0,0,0,0,0,0,0,0,0,"lynnf001","F","F","F","F",4,0,0,0,2,0,0,0,0,0,F,F,"1978BAL.EVA.regular.event.csv",1092
"BAL197805100","BOS",9,1,0,0,0,"",2,1,"singk001","?","singk001","?","burgt001","?","burgt001","?","fiskc001","yastc101","remyj001","dufff101","burlr001","ricej001","lynnf001","evand002","lopec101","","","24/SH.1-2","F","F",7,4,2,"T","F",0,"T","F",1,"F","F",0,"F","F",2,"G","T","F","",0,0,"N",0,"N",0,"N",0,2,0,0,"24","","","","F","F","F","F","F","F","F","F","F","burgt001","","","F","F","F","F","F","","","","",0,4,0,0,2,0,0,0,0,69,"BAL","BAL","BOS",1,"F","F",1,2,0,30,1,"T","F",1,2,"T","T","murre001","may-l101","F","F",0,3,68,0,0,0,0,0,0,"fiskc001","","",0,0,0,0,0,0,0,0,0,0,0,0,0,"fiskc001","F","F","F","F",0,4,0,0,2,0,0,0,0,0,F,F,"1978BAL.EVA.regular.event.csv",1093
"BAL197805100","BOS",9,1,1,0,0,"",2,1,"murre001","?","murre001","?","burgt001","?","burgt001","?","fiskc001","yastc101","remyj001","dufff101","burlr001","ricej001","lynnf001","evand002","","lopec101","","HR.2-H","F","F",3,5,23,"T","T",4,"F","F",0,"F","F",2,"F","F",0,"","F","F","",0,0,"N",0,"N",0,"N",4,0,4,0,"","","","","F","F","F","F","F","F","F","F","F","","burgt001","","F","T","F","F","F","","","","",0,0,0,0,0,0,0,0,0,70,"BAL","BAL","BOS",1,"F","T",1,2,0,31,2,"T","F",2,0,"T","T","may-l101","decid001","F","F",0,0,0,0,3,68,0,0,0,"","fiskc001","",0,0,0,0,0,0,0,0,0,0,0,0,2,"","F","F","F","F",4,0,4,0,0,0,0,0,0,0,F,F,"1978BAL.EVA.regular.event.csv",1094
"BAL197805110","BOS",1,0,0,0,0,"",0,0,"burlr001","?","burlr001","?","martd001","?","martd001","?","skagd101","murre001","dauer001","decid001","belam101","roeng001","bumba001","lopec101","","","","K","T","F",6,1,3,"T","T",0,"F","F",1,"F","F",0,"F","F",0,"","F","F","",0,0,"N",0,"N",0,"N",0,0,0,0,"2","","","","F","F","F","F","F","F","F","F","F","","","","T","F","F","F","F","","","","",0,2,0,0,0,0,0,0,0,1,"BAL","BOS","BAL",0,"T","F",0,0,0,0,0,"T","F",0,0,"T","T","remyj001","ricej001","T","T",0,0,0,0,0,0,0,0,0,"","","",0,0,0,0,0,0,0,0,0,0,0,0,0,"","F","F","F","F",0,0,0,0,0,0,0,0,0,0,F,F,"1978BAL.EVA.regular.event.csv",1095
"BAL197805110","BOS",1,0,1,0,0,"",0,0,"remyj001","?","remyj001","?","martd001","?","martd001","?","skagd101","murre001","dauer001","decid001","belam101","roeng001","bumba001","lopec101","","","","9","F","F",4,2,2,"T","T",0,"F","F",1,"F","F",0,"F","F",9,"F","F","F","",0,0,"N",0,"N",0,"N",0,0,0,0,"9","","","","F","F","F","F","F","F","F","F","F","","","","F","F","F","F","F","","","","",0,9,0,0,0,0,0,0,0,2,"BAL","BOS","BAL",0,"F","F",0,0,0,1,1,"T","F",0,0,"T","T","ricej001","yastc101","T","T",0,0,0,0,0,0,0,0,0,"","","",0,0,0,0,0,0,0,0,0,0,0,0,0,"lopec101","F","F","F","F",0,0,0,0,0,0,0,0,0,0,F,F,"1978BAL.EVA.regular.event.csv",1096
"BAL197805110","BOS",1,0,2,0,0,"",0,0,"ricej001","?","ricej001","?","martd001","?","martd001","?","skagd101","murre001","dauer001","decid001","belam101","roeng001","bumba001","lopec101","","","","E5.B-2","F","F",7,3,18,"T","T",0,"F","F",0,"F","F",0,"F","F",5,"G","F","F","",1,5,"F",0,"N",0,"N",2,0,0,0,"","","","","F","F","F","F","F","F","F","F","F","","","","F","F","F","F","F","","","","",0,0,0,0,0,0,0,0,0,3,"BAL","BOS","BAL",0,"F","F",0,0,0,2,2,"T","F",0,2,"T","T","yastc101","fiskc001","T","T",0,0,0,0,0,0,0,0,0,"","","",0,0,0,0,0,0,0,0,0,0,0,0,0,"decid001","F","F","F","T",0,0,0,0,0,0,0,0,0,0,F,F,"1978BAL.EVA.regular.event.csv",1097
"BAL197805110","BOS",1,0,2,0,0,"",0,0,"yastc101","?","yastc101","?","martd001","?","martd001","?","skagd101","murre001","dauer001","decid001","belam101","roeng001","bumba001","lopec101","","ricej001","","4/FL","F","F",3,4,2,"T","T",0,"F","F",1,"F","F",0,"F","F",4,"F","F","T","",0,0,"N",0,"N",0,"N",0,0,2,0,"4","","","","F","F","F","F","F","F","F","F","F","","martd001","","F","F","F","F","F","","","","",0,4,0,0,0,0,0,0,0,4,"BAL","BOS","BAL",0,"F","T",0,0,0,3,3,"T","F",2,2,"T","T","fiskc001","lynnf001","T","T",0,0,0,7,3,3,0,0,0,"","skagd101","",0,0,0,0,0,0,0,0,0,0,0,0,0,"dauer001","F","F","F","F",0,0,0,0,0,0,0,0,0,0,F,F,"1978BAL.EVA.regular.event.csv",1098
"BAL197805110","BOS",1,1,0,0,0,"",0,0,"bumba001","?","bumba001","?","lee-b101","?","lee-b101","?","fiskc001","yastc101","remyj001","hobsb101","burlr001","ricej001","lynnf001","evand002","","","","4","T","F",8,1,2,"T","T",0,"F","F",1,"F","F",0,"F","F",4,"F","F","F","",0,0,"N",0,"N",0,"N",0,0,0,0,"4","","","","F","F","F","F","F","F","F","F","F","","","","F","F","F","F","F","","","","",0,4,0,0,0,0,0,0,0,5,"BAL","BAL","BOS",1,"T","F",0,0,0,0,0,"T","F",0,0,"T","T","belam101","lopec101","T","T",0,0,0,0,0,0,0,0,0,"","","",0,0,0,0,0,0,0,0,0,0,0,0,0,"remyj001","F","F","F","F",0,0,0,0,0,0,0,0,0,0,F,F,"1978BAL.EVA.regular.event.csv",1099
"BAL197805110","BOS",1,1,1,0,0,"",0,0,"belam101","?","belam101","?","lee-b101","?","lee-b101","?","fiskc001","yastc101","remyj001","hobsb101","burlr001","ricej001","lynnf001","evand002","","","","9","F","F",6,2,2,"T","T",0,"F","F",1,"F","F",0,"F","F",9,"F","F","F","",0,0,"N",0,"N",0,"N",0,0,0,0,"9","","","","F","F","F","F","F","F","F","F","F","","","","F","F","F","F","F","","","","",0,9,0,0,0,0,0,0,0,6,"BAL","BAL","BOS",1,"F","F",0,0,0,1,1,"T","F",0,0,"T","T","lopec101","murre001","T","T",0,0,0,0,0,0,0,0,0,"","","",0,0,0,0,0,0,0,0,0,0,0,0,0,"evand002","F","F","F","F",0,0,0,0,0,0,0,0,0,0,F,F,"1978BAL.EVA.regular.event.csv",1100
"BAL197805110","BOS",1,1,2,0,0,"",0,0,"lopec101","?","lopec101","?","lee-b101","?","lee-b101","?","fiskc001","yastc101","remyj001","hobsb101","burlr001","ricej001","lynnf001","evand002","","","","63","F","F",9,3,2,"T","T",0,"F","F",1,"F","F",0,"F","F",6,"G","F","F","",0,0,"N",0,"N",0,"N",0,0,0,0,"63","","","","F","F","F","F","F","F","F","F","F","","","","F","F","F","F","F","","","","",0,3,0,0,6,0,0,0,0,7,"BAL","BAL","BOS",1,"F","T",0,0,0,2,2,"T","F",0,0,"T","T","murre001","may-l101","T","T",0,0,0,0,0,0,0,0,0,"","","",0,0,0,0,0,0,0,0,0,0,0,0,0,"burlr001","F","F","F","F",0,0,0,0,0,0,0,0,0,0,F,F,"1978BAL.EVA.regular.event.csv",1101
"BAL197805110","BOS",2,0,0,0,0,"",0,0,"fiskc001","?","fiskc001","?","martd001","?","martd001","?","skagd101","murre001","dauer001","decid001","belam101","roeng001","bumba001","lopec101","","","","63","T","F",2,5,2,"T","T",0,"F","F",1,"F","F",0,"F","F",6,"G","F","F","",0,0,"N",0,"N",0,"N",0,0,0,0,"63","","","","F","F","F","F","F","F","F","F","F","","","","F","F","F","F","F","","","","",0,3,0,0,6,0,0,0,0,8,"BAL","BOS","BAL",0,"T","F",0,0,0,4,0,"T","F",0,0,"T","T","lynnf001","hobsb101","T","T",0,0,0,0,0,0,0,0,0,"","","",0,0,0,0,0,0,0,0,0,0,0,0,0,"belam101","F","F","F","F",0,0,0,0,1,0,0,0,0,0,F,F,"1978BAL.EVA.regular.event.csv",1102
"BAL197805110","BOS",2,0,1,0,0,"",0,0,"lynnf001","?","lynnf001","?","martd001","?","martd001","?","skagd101","murre001","dauer001","decid001","belam101","roeng001","bumba001","lopec101","","","","T7","F","F",8,6,22,"T","T",3,"F","F",0,"F","F",0,"F","F",7,"","F","F","",0,0,"N",0,"N",0,"N",3,0,0,0,"","","","","F","F","F","F","F","F","F","F","F","","","","F","F","F","F","F","","","","",0,0,0,0,0,0,0,0,0,9,"BAL","BOS","BAL",0,"F","F",0,0,0,5,1,"T","F",0,4,"T","T","hobsb101","evand002","T","T",0,0,0,0,0,0,0,0,0,"","","",0,0,0,0,0,0,0,0,0,0,0,0,0,"roeng001","F","F","F","F",4,0,0,0,1,0,0,0,0,0,F,F,"1978BAL.EVA.regular.event.csv",1103
"BAL197805110","BOS",2,0,1,0,0,"",0,0,"hobsb101","?","hobsb101","?","martd001","?","martd001","?","skagd101","murre001","dauer001","decid001","belam101","roeng001","bumba001","lopec101","","","lynnf001","W","F","F",5,7,14,"T","F",0,"F","F",0,"F","F",0,"F","F",0,"","F","F","",0,0,"N",0,"N",0,"N",1,0,0,3,"","","","","F","F","F","F","F","F","F","F","F","","","martd001","F","F","F","F","F","","","","",0,0,0,0,0,0,0,0,0,10,"BAL","BOS","BAL",0,"F","F",0,0,0,6,2,"T","F",4,5,"T","T","evand002","carbb101","T","T",0,0,0,0,0,0,8,6,9,"","","skagd101",0,0,0,0,0,0,0,0,0,0,0,0,0,"","F","F","F","F",0,0,0,4,1,0,0,0,0,0,F,F,"1978BAL.EVA.regular.event.csv",1104
"BAL197805110","BOS",2,0,1,0,0,"",0,0,"evand002","?","evand002","?","martd001","?","martd001","?","skagd101","murre001","dauer001","decid001","belam101","roeng001","bumba001","lopec101","hobsb101","","lynnf001","7/SF.3-H;1-2","F","F",9,8,2,"T","F",0,"F","T",1,"F","F",1,"F","F",7,"F","F","F","",0,0,"N",0,"N",0,"N",0,2,0,4,"7","","","","F","F","F","F","F","F","F","F","F","martd001","","martd001","F","F","F","F","F","","","","",0,7,0,0,0,0,0,0,0,11,"BAL","BOS","BAL",0,"F","F",0,0,0,7,3,"T","F",5,2,"T","T","carbb101","burlr001","T","T",5,7,10,0,0,0,8,6,9,"skagd101","","skagd101",0,0,0,0,0,0,0,0,0,0,0,0,1,"roeng001","F","F","F","F",0,0,0,4,0,0,0,0,0,0,F,F,"1978BAL.EVA.regular.event.csv",1105
"BAL197805110","BOS",2,0,2,0,0,"",1,0,"carbb101","?","carbb101","?","martd001","?","martd001","?","skagd101","murre001","dauer001","decid001","belam101","roeng001","bumba001","lopec101","","hobsb101","","43","F","F",10,9,2,"T","T",0,"F","F",1,"F","F",0,"F","F",4,"G","F","F","",0,0,"N",0,"N",0,"N",0,0,2,0,"43","","","","F","F","F","F","F","F","F","F","F","","martd001","","F","F","F","F","F","","","","",0,3,0,0,4,0,0,0,0,12,"BAL","BOS","BAL",0,"F","T",1,0,1,8,4,"T","F",2,2,"T","T","burlr001","remyj001","T","T",0,0,0,5,7,10,0,0,0,"","skagd101","",0,0,0,0,0,0,0,0,0,0,0,0,0,"dauer001","F","F","F","F",0,0,0,0,0,0,0,0,0,0,F,F,"1978BAL.EVA.regular.event.csv",1106
"BAL197805110","BOS",2,1,0,0,0,"",1,0,"murre001","?","murre001","?","lee-b101","?","lee-b101","?","fiskc001","yastc101","remyj001","hobsb101","burlr001","ricej001","lynnf001","evand002","","","","D9","T","F",3,4,21,"T","T",2,"F","F",0,"F","F",0,"F","F",9,"","F","F","",0,0,"N",0,"N",0,"N",2,0,0,0,"","","","","F","F","F","F","F","F","F","F","F","","","","F","F","F","F","F","","","","",0,0,0,0,0,0,0,0,0,13,"BAL","BAL","BOS",1,"T","F",0,1,0,3,0,"T","F",0,2,"T","T","may-l101","roeng001","T","T",0,0,0,0,0,0,0,0,0,"","","",0,0,0,0,0,0,0,0,0,0,0,0,0,"evand002","F","F","F","F",4,0,0,0,1,0,0,0,0,0,F,F,"1978BAL.EVA.regular.event.csv",1107
"BAL197805110","BOS",2,1,0,0,0,"",1,0,"may-l101","?","may-l101","?","lee-b101","?","lee-b101","?","fiskc001","yastc101","remyj001","hobsb101","burlr001","ricej001","lynnf001","evand002","","murre001","","S7.2-3","F","F",10,5,20,"T","T",1,"F","F",0,"F","F",0,"F","F",7,"","F","F","",0,0,"N",0,"N",0,"N",1,0,3,0,"","","","","F","F","F","F","F","F","F","F","F","","lee-b101","","F","F","F","F","F","","","","",0,0,0,0,0,0,0,0,0,14,"BAL","BAL","BOS",1,"F","F",0,1,0,4,1,"T","F",2,5,"T","T","roeng001","decid001","T","T",0,0,0,3,4,13,0,0,0,"","fiskc001","",0,0,0,0,0,0,0,0,0,0,0,0,0,"ricej001","F","F","F","F",0,0,4,0,1,0,0,0,0,0,F,F,"1978BAL.EVA.regular.event.csv",1108
"BAL197805110","BOS",2,1,0,0,0,"",1,0,"roeng001","?","roeng001","?","lee-b101","?","lee-b101","?","fiskc001","yastc101","remyj001","hobsb101","burlr001","ricej001","lynnf001","evand002","may-l101","","murre001","6","F","F",7,6,2,"T","T",0,"F","F",1,"F","F",0,"F","F",6,"F","F","F","",0,0,"N",0,"N",0,"N",0,1,0,3,"6","","","","F","F","F","F","F","F","F","F","F","lee-b101","","lee-b101","F","F","F","F","F","","","","",0,6,0,0,0,0,0,0,0,15,"BAL","BAL","BOS",1,"F","F",0,1,0,5,2,"T","F",5,5,"T","T","decid001","dauer001","T","T",10,5,14,0,0,0,3,4,13,"fiskc001","","fiskc001",0,0,0,0,0,0,0,0,0,0,0,0,0,"burlr001","F","F","F","F",0,0,0,4,1,0,0,0,0,0,F,F,"1978BAL.EVA.regular.event.csv",1109
"BAL197805110","BOS",2,1,1,0,0,"",1,0,"decid001","?","decid001","?","lee-b101","?","lee-b101","?","fiskc001","yastc101","remyj001","hobsb101","burlr001","ricej001","lynnf001","evand002","may-l101","","murre001","W.1-2","F","F",5,7,14,"T","F",0,"F","F",0,"F","F",0,"F","F",0,"","F","F","",0,0,"N",0,"N",0,"N",1,2,0,3,"","","","","F","F","F","F","F","F","F","F","F","lee-b101","","lee-b101","F","F","F","F","F","","","","",0,0,0,0,0,0,0,0,0,16,"BAL","BAL","BOS",1,"F","F",0,1,0,6,3,"T","F",5,7,"T","T","dauer001","skagd101","T","T",10,5,14,0,0,0,3,4,13,"fiskc001","","fiskc001",0,0,0,0,0,0,0,0,0,0,0,0,0,"","F","F","F","F",0,0,0,4,1,0,0,0,0,0,F,F,"1978BAL.EVA.regular.event.csv",1110
"BAL197805110","BOS",2,1,1,0,0,"",1,0,"dauer001","?","dauer001","?","lee-b101","?","lee-b101","?","fiskc001","yastc101","remyj001","hobsb101","burlr001","ricej001","lynnf001","evand002","decid001","may-l101","murre001","8/SF.3-H;2-3","F","F",4,8,2,"T","F",0,"F","T",1,"F","F",1,"F","F",8,"F","F","F","",0,0,"N",0,"N",0,"N",0,1,3,4,"8","","","","F","F","F","F","F","F","F","F","F","lee-b101","lee-b101","lee-b101","F","F","F","F","F","","","","",0,8,0,0,0,0,0,0,0,17,"BAL","BAL","BOS",1,"F","F",0,1,0,7,4,"T","F",7,5,"T","T","skagd101","bumba001","T","T",5,7,16,10,5,14,3,4,13,"fiskc001","fiskc001","fiskc001",0,0,0,0,0,0,0,0,0,0,0,0,1,"lynnf001","F","F","F","F",0,0,0,4,0,0,0,0,0,0,F,F,"1978BAL.EVA.regular.event.csv",1111
"BAL197805110","BOS",2,1,2,0,0,"",1,1,"skagd101","?","skagd101","?","lee-b101","?","lee-b101","?","fiskc001","yastc101","remyj001","hobsb101","burlr001","ricej001","lynnf001","evand002","decid001","","may-l101","13","F","F",2,9,2,"T","T",0,"F","F",1,"F","F",0,"F","F",1,"G","F","F","",0,0,"N",0,"N",0,"N",0,1,0,3,"13","","","","F","F","F","F","F","F","F","F","F","lee-b101","","lee-b101","F","F","F","F","F","","","","",0,3,0,0,1,0,0,0,0,18,"BAL","BAL","BOS",1,"F","T",1,1,1,8,5,"T","F",5,5,"T","T","bumba001","belam101","T","T",5,7,16,0,0,0,10,5,14,"fiskc001","","fiskc001",0,0,0,0,0,0,0,0,0,0,0,0,0,"lee-b101","F","F","F","F",0,0,0,0,0,0,0,0,0,0,F,F,"1978BAL.EVA.regular.event.csv",1112
"BAL197805110","BOS",3,0,0,0,0,"",1,1,"burlr001","?","burlr001","?","martd001","?","martd001","?","skagd101","murre001","dauer001","decid001","belam101","roeng001","bumba001","lopec101","","","","K","T","F",6,1,3,"T","T",0,"F","F",1,"F","F",0,"F","F",0,"","F","F","",0,0,"N",0,"N",0,"N",0,0,0,0,"2","","","","F","F","F","F","F","F","F","F","F","","","","F","F","F","F","F","","","","",0,2,0,0,0,0,0,0,0,19,"BAL","BOS","BAL",0,"T","F",1,1,0,9,0,"T","F",0,0,"T","T","remyj001","ricej001","T","T",0,0,0,0,0,0,0,0,0,"","","",0,0,0,0,0,0,0,0,0,0,0,0,0,"","F","F","F","F",0,0,0,0,2,0,0,0,0,0,F,F,"1978BAL.EVA.regular.event.csv",1113
"BAL197805110","BOS",3,0,1,0,0,"",1,1,"remyj001","?","remyj001","?","martd001","?","martd001","?","skagd101","murre001","dauer001","decid001","belam101","roeng001","bumba001","lopec101","","","","S8","F","F",4,2,20,"T","T",1,"F","F",0,"F","F",0,"F","F",8,"","F","F","",0,0,"N",0,"N",0,"N",1,0,0,0,"","","","","F","F","F","F","F","F","F","F","F","","","","F","F","F","F","F","","","","",0,0,0,0,0,0,0,0,0,20,"BAL","BOS","BAL",0,"F","F",1,1,0,10,1,"T","F",0,1,"T","T","ricej001","yastc101","T","T",0,0,0,0,0,0,0,0,0,"","","",0,0,0,0,0,0,0,0,0,0,0,0,0,"bumba001","F","F","F","F",4,0,0,0,2,0,0,0,0,0,F,F,"1978BAL.EVA.regular.event.csv",1114
"BAL197805110","BOS",3,0,1,0,0,"",1,1,"ricej001","?","ricej001","?","martd001","?","martd001","?","skagd101","murre001","dauer001","decid001","belam101","roeng001","bumba001","lopec101","remyj001","","","HR.1-H","F","F",7,3,23,"T","T",4,"F","F",0,"F","F",2,"F","F",0,"","F","F","",0,0,"N",0,"N",0,"N",4,4,0,0,"","","","","F","F","F","F","F","F","F","F","F","martd001","","","F","F","F","F","F","","","","",0,0,0,0,0,0,0,0,0,21,"BAL","BOS","BAL",0,"F","F",1,1,0,11,2,"T","F",1,0,"T","T","yastc101","fiskc001","T","T",4,2,20,0,0,0,0,0,0,"skagd101","","",0,0,0,0,0,0,0,0,0,0,0,0,2,"","F","F","F","F",4,4,0,0,0,0,0,0,0,0,F,F,"1978BAL.EVA.regular.event.csv",1115
"BAL197805110","BOS",3,0,1,0,0,"",3,1,"yastc101","?","yastc101","?","martd001","?","martd001","?","skagd101","murre001","dauer001","decid001","belam101","roeng001","bumba001","lopec101","","","","31","F","F",3,4,2,"T","T",0,"F","F",1,"F","F",0,"F","F",3,"G","F","F","",0,0,"N",0,"N",0,"N",0,0,0,0,"31","","","","F","F","F","F","F","F","F","F","F","","","","F","F","F","F","F","","","","",0,1,0,0,3,0,0,0,0,22,"BAL","BOS","BAL",0,"F","F",3,1,2,12,3,"T","F",0,0,"T","T","fiskc001","lynnf001","T","T",0,0,0,0,0,0,0,0,0,"","","",0,0,0,0,0,0,0,0,0,0,0,0,0,"murre001","F","F","F","F",0,0,0,0,0,0,0,0,0,0,F,F,"1978BAL.EVA.regular.event.csv",1116
"BAL197805110","BOS",3,0,2,0,0,"",3,1,"fiskc001","?","fiskc001","?","martd001","?","martd001","?","skagd101","murre001","dauer001","decid001","belam101","roeng001","bumba001","lopec101","","","","S8","F","F",2,5,20,"T","T",1,"F","F",0,"F","F",0,"F","F",8,"","F","F","",0,0,"N",0,"N",0,"N",1,0,0,0,"","","","","F","F","F","F","F","F","F","F","F","","","","F","F","F","F","F","","","","",0,0,0,0,0,0,0,0,0,23,"BAL","BOS","BAL",0,"F","F",3,1,2,13,4,"T","F",0,1,"T","T","lynnf001","hobsb101","T","T",0,0,0,0,0,0,0,0,0,"","","",0,0,0,0,0,0,0,0,0,0,0,0,0,"bumba001","F","F","F","F",0,0,0,0,0,0,0,0,0,0,F,F,"1978BAL.EVA.regular.event.csv",1117
"BAL197805110","BOS",3,0,2,0,0,"",3,1,"lynnf001","?","lynnf001","?","martd001","?","martd001","?","skagd101","murre001","dauer001","decid001","belam101","roeng001","bumba001","lopec101","fiskc001","","","S8.1-2","F","F",8,6,20,"T","T",1,"F","F",0,"F","F",0,"F","F",8,"","F","F","",0,0,"N",0,"N",0,"N",1,2,0,0,"","","","","F","F","F","F","F","F","F","F","F","martd001","","","F","F","F","F","F","","","","",0,0,0,0,0,0,0,0,0,24,"BAL","BOS","BAL",0,"F","F",3,1,2,14,5,"T","F",1,3,"T","T","hobsb101","evand002","T","T",2,5,23,0,0,0,0,0,0,"skagd101","","",0,0,0,0,0,0,0,0,0,0,0,0,0,"bumba001","F","F","F","F",0,0,0,0,0,0,0,0,0,0,F,F,"1978BAL.EVA.regular.event.csv",1118
"BAL197805110","BOS",3,0,2,0,0,"",3,1,"hobsb101","?","hobsb101","?","martd001","?","martd001","?","skagd101","murre001","dauer001","decid001","belam101","roeng001","bumba001","lopec101","lynnf001","fiskc001","","K","F","F",5,7,3,"T","T",0,"F","F",1,"F","F",0,"F","F",0,"","F","F","",0,0,"N",0,"N",0,"N",0,1,2,0,"2","","","","F","F","F","F","F","F","F","F","F","martd001","martd001","","F","F","F","F","F","","","","",0,2,0,0,0,0,0,0,0,25,"BAL","BOS","BAL",0,"F","T",3,1,2,15,6,"T","F",3,3,"T","T","evand002","carbb101","T","T",8,6,24,2,5,23,0,0,0,"skagd101","skagd101","",0,0,0,0,0,0,0,0,0,0,0,0,0,"","F","F","F","F",0,0,0,0,0,0,0,0,0,0,F,F,"1978BAL.EVA.regular.event.csv",1119
"BAL197805110","BOS",3,1,0,0,0,"",3,1,"bumba001","?","bumba001","?","lee-b101","?","lee-b101","?","fiskc001","yastc101","remyj001","hobsb101","burlr001","ricej001","lynnf001","evand002","","","","43","T","F",8,1,2,"T","T",0,"F","F",1,"F","F",0,"F","F",4,"G","F","F","",0,0,"N",0,"N",0,"N",0,0,0,0,"43","","","","F","F","F","F","F","F","F","F","F","","","","F","F","F","F","F","","","","",0,3,0,0,4,0,0,0,0,26,"BAL","BAL","BOS",1,"T","F",1,3,0,9,0,"T","F",0,0,"T","T","belam101","lopec101","T","T",0,0,0,0,0,0,0,0,0,"","","",0,0,0,0,0,0,0,0,0,0,0,0,0,"remyj001","F","F","F","F",0,0,0,0,0,0,0,0,0,0,F,F,"1978BAL.EVA.regular.event.csv",1120
"BAL197805110","BOS",3,1,1,0,0,"",3,1,"belam101","?","belam101","?","lee-b101","?","lee-b101","?","fiskc001","yastc101","remyj001","hobsb101","burlr001","ricej001","lynnf001","evand002","","","","S8","F","F",6,2,20,"T","T",1,"F","F",0,"F","F",0,"F","F",8,"","F","F","",0,0,"N",0,"N",0,"N",1,0,0,0,"","","","","F","F","F","F","F","F","F","F","F","","","","F","F","F","F","F","","","","",0,0,0,0,0,0,0,0,0,27,"BAL","BAL","BOS",1,"F","F",1,3,0,10,1,"T","F",0,1,"T","T","lopec101","murre001","T","T",0,0,0,0,0,0,0,0,0,"","","",0,0,0,0,0,0,0,0,0,0,0,0,0,"lynnf001","F","F","F","F",0,0,0,0,0,0,0,0,0,0,F,F,"1978BAL.EVA.regular.event.csv",1121
"BAL197805110","BOS",3,1,1,0,0,"",3,1,"lopec101","?","lopec101","?","lee-b101","?","lee-b101","?","fiskc001","yastc101","remyj001","hobsb101","burlr001","ricej001","lynnf001","evand002","belam101","","","W.1-2","F","F",9,3,14,"T","F",0,"F","F",0,"F","F",0,"F","F",0,"","F","F","",0,0,"N",0,"N",0,"N",1,2,0,0,"","","","","F","F","F","F","F","F","F","F","F","lee-b101","","","F","F","F","F","F","","","","",0,0,0,0,0,0,0,0,0,28,"BAL","BAL","BOS",1,"F","F",1,3,0,11,2,"T","F",1,3,"T","T","murre001","may-l101","T","T",6,2,27,0,0,0,0,0,0,"fiskc001","","",0,0,0,0,0,0,0,0,0,0,0,0,0,"","F","F","F","F",0,0,0,0,0,0,0,0,0,0,F,F,"1978BAL.EVA.regular.event.csv",1122
"BAL197805110","BOS",3,1,1,0,0,"",3,1,"murre001","?","murre001","?","lee-b101","?","lee-b101","?","fiskc001","yastc101","remyj001","hobsb101","burlr001","ricej001","lynnf001","evand002","lopec101","belam101","","5(2)53/GDP","F","F",3,4,2,"T","T",0,"F","F",2,"T","F",0,"F","F",5,"G","F","F","",0,0,"N",0,"N",0,"N",0,1,0,0,"53","","5","","F","F","F","F","F","F","F","F","F","lee-b101","lee-b101","","F","F","F","F","F","","","","",0,5,3,0,5,0,0,0,0,29,"BAL","BAL","BOS",1,"F","T",1,3,0,12,3,"T","F",3,1,"T","T","may-l101","roeng001","T","T",9,3,28,6,2,27,0,0,0,"fiskc001","fiskc001","",0,0,0,0,0,0,0,0,0,0,0,0,0,"hobsb101","F","T","F","F",0,0,0,0,0,0,0,0,0,0,F,F,"1978BAL.EVA.regular.event.csv",1123
"BAL197805110","BOS",4,0,0,0,0,"",3,1,"evand002","?","evand002","?","martd001","?","martd001","?","skagd101","murre001","dauer001","decid001","belam101","roeng001","bumba001","lopec101","","","","K","T","F",9,8,3,"T","T",0,"F","F",1,"F","F",0,"F","F",0,"","F","F","",0,0,"N",0,"N",0,"N",0,0,0,0,"2","","","","F","F","F","F","F","F","F","F","F","","","","F","F","F","F","F","","","","",0,2,0,0,0,0,0,0,0,30,"BAL","BOS","BAL",0,"T","F",3,1,0,16,0,"T","F",0,0,"T","T","carbb101","burlr001","T","T",0,0,0,0,0,0,0,0,0,"","","",0,0,0,0,0,0,0,0,0,0,0,0,0,"","F","F","F","F",0,0,0,0,0,0,0,0,0,0,F,F,"1978BAL.EVA.regular.event.csv",1124
"BAL197805110","BOS",4,0,1,0,0,"",3,1,"carbb101","?","carbb101","?","martd001","?","martd001","?","skagd101","murre001","dauer001","decid001","belam101","roeng001","bumba001","lopec101","","","","K","F","F",10,9,3,"T","T",0,"F","F",1,"F","F",0,"F","F",0,"","F","F","",0,0,"N",0,"N",0,"N",0,0,0,0,"2","","","","F","F","F","F","F","F","F","F","F","","","","F","F","F","F","F","","","","",0,2,0,0,0,0,0,0,0,31,"BAL","BOS","BAL",0,"F","F",3,1,0,17,1,"T","F",0,0,"T","T","burlr001","remyj001","T","T",0,0,0,0,0,0,0,0,0,"","","",0,0,0,0,0,0,0,0,0,0,0,0,0,"","F","F","F","F",0,0,0,0,0,0,0,0,0,0,F,F,"1978BAL.EVA.regular.event.csv",1125
"BAL197805110","BOS",4,0,2,0,0,"",3,1,"burlr001","?","burlr001","?","martd001","?","martd001","?","skagd101","murre001","dauer001","decid001","belam101","roeng001","bumba001","lopec101","","","","9","F","F",6,1,2,"T","T",0,"F","F",1,"F","F",0,"F","F",9,"F","F","F","",0,0,"N",0,"N",0,"N",0,0,0,0,"9","","","","F","F","F","F","F","F","F","F","F","","","","F","F","F","F","F","","","","",0,9,0,0,0,0,0,0,0,32,"BAL","BOS","BAL",0,"F","T",3,1,0,18,2,"T","F",0,0,"T","T","remyj001","ricej001","T","T",0,0,0,0,0,0,0,0,0,"","","",0,0,0,0,0,0,0,0,0,0,0,0,0,"lopec101","F","F","F","F",0,0,0,0,0,0,0,0,0,0,F,F,"1978BAL.EVA.regular.event.csv",1126
"BAL197805110","BOS",4,1,0,0,0,"",3,1,"may-l101","?","may-l101","?","lee-b101","?","lee-b101","?","fiskc001","yastc101","remyj001","hobsb101","burlr001","ricej001","lynnf001","evand002","","","","4","T","F",10,5,2,"T","T",0,"F","F",1,"F","F",0,"F","F",4,"F","F","F","",0,0,"N",0,"N",0,"N",0,0,0,0,"4","","","","F","F","F","F","F","F","F","F","F","","","","F","F","F","F","F","","","","",0,4,0,0,0,0,0,0,0,33,"BAL","BAL","BOS",1,"T","F",1,3,0,13,0,"T","F",0,0,"T","T","roeng001","decid001","T","T",0,0,0,0,0,0,0,0,0,"","","",0,0,0,0,0,0,0,0,0,0,0,0,0,"remyj001","F","F","F","F",0,0,0,0,0,0,0,0,0,0,F,F,"1978BAL.EVA.regular.event.csv",1127
"BAL197805110","BOS",4,1,1,0,0,"",3,1,"roeng001","?","roeng001","?","lee-b101","?","lee-b101","?","fiskc001","yastc101","remyj001","hobsb101","burlr001","ricej001","lynnf001","evand002","","","","S8","F","F",7,6,20,"T","T",1,"F","F",0,"F","F",0,"F","F",8,"","F","F","",0,0,"N",0,"N",0,"N",1,0,0,0,"","","","","F","F","F","F","F","F","F","F","F","","","","F","F","F","F","F","","","","",0,0,0,0,0,0,0,0,0,34,"BAL","BAL","BOS",1,"F","F",1,3,0,14,1,"T","F",0,1,"T","T","decid001","dauer001","T","T",0,0,0,0,0,0,0,0,0,"","","",0,0,0,0,0,0,0,0,0,0,0,0,0,"lynnf001","F","F","F","F",0,0,0,0,0,0,0,0,0,0,F,F,"1978BAL.EVA.regular.event.csv",1128
"BAL197805110","BOS",4,1,1,0,0,"",3,1,"decid001","?","decid001","?","lee-b101","?","lee-b101","?","fiskc001","yastc101","remyj001","hobsb101","burlr001","ricej001","lynnf001","evand002","roeng001","","","7/L","F","F",5,7,2,"T","T",0,"F","F",1,"F","F",0,"F","F",7,"L","F","F","",0,0,"N",0,"N",0,"N",0,1,0,0,"7","","","","F","F","F","F","F","F","F","F","F","lee-b101","","","F","F","F","F","F","","","","",0,7,0,0,0,0,0,0,0,35,"BAL","BAL","BOS",1,"F","F",1,3,0,15,2,"T","F",1,1,"T","T","dauer001","skagd101","T","T",7,6,34,0,0,0,0,0,0,"fiskc001","","",0,0,0,0,0,0,0,0,0,0,0,0,0,"ricej001","F","F","F","F",0,0,0,0,0,0,0,0,0,0,F,F,"1978BAL.EVA.regular.event.csv",1129
"BAL197805110","BOS",4,1,2,0,0,"",3,1,"dauer001","?","dauer001","?","lee-b101","?","lee-b101","?","fiskc001","yastc101","remyj001","hobsb101","burlr001","ricej001","lynnf001","evand002","roeng001","","","64(1)/FO","F","F",4,8,2,"T","T",0,"F","F",1,"F","F",0,"F","F",6,"G","F","F","",0,0,"N",0,"N",0,"N",1,0,0,0,"","64","","","F","F","F","F","F","F","F","F","F","lee-b101","","","F","F","F","F","F","","","","",0,4,0,0,6,0,0,0,0,36,"BAL","BAL","BOS",1,"F","T",1,3,0,16,3,"T","F",1,1,"T","T","skagd101","bumba001","T","T",7,6,34,0,0,0,0,0,0,"fiskc001","","",0,0,0,0,0,0,0,0,0,0,0,0,0,"burlr001","T","F","F","F",0,0,0,0,0,0,0,0,0,0,F,F,"1978BAL.EVA.regular.event.csv",1130
"BAL197805110","BOS",5,0,0,0,0,"",3,1,"remyj001","?","remyj001","?","martd001","?","martd001","?","skagd101","murre001","dauer001","decid001","belam101","roeng001","bumba001","lopec101","","","","43","T","F",4,2,2,"T","T",0,"F","F",1,"F","F",0,"F","F",4,"G","F","F","",0,0,"N",0,"N",0,"N",0,0,0,0,"43","","","","F","F","F","F","F","F","F","F","F","","","","F","F","F","F","F","","","","",0,3,0,0,4,0,0,0,0,37,"BAL","BOS","BAL",0,"T","F",3,1,0,19,0,"T","F",0,0,"T","T","ricej001","yastc101","T","T",0,0,0,0,0,0,0,0,0,"","","",0,0,0,0,0,0,0,0,0,0,0,0,0,"dauer001","F","F","F","F",0,0,0,0,0,0,0,0,0,0,F,F,"1978BAL.EVA.regular.event.csv",1131
"BAL197805110","BOS",5,0,1,0,0,"",3,1,"ricej001","?","ricej001","?","martd001","?","martd001","?","skagd101","murre001","dauer001","decid001","belam101","roeng001","bumba001","lopec101","","","","53","F","F",7,3,2,"T","T",0,"F","F",1,"F","F",0,"F","F",5,"G","F","F","",0,0,"N",0,"N",0,"N",0,0,0,0,"53","","","","F","F","F","F","F","F","F","F","F","","","","F","F","F","F","F","","","","",0,3,0,0,5,0,0,0,0,38,"BAL","BOS","BAL",0,"F","F",3,1,0,20,1,"T","F",0,0,"T","T","yastc101","fiskc001","T","T",0,0,0,0,0,0,0,0,0,"","","",0,0,0,0,0,0,0,0,0,0,0,0,0,"decid001","F","F","F","F",0,0,0,0,0,0,0,0,0,0,F,F,"1978BAL.EVA.regular.event.csv",1132
"BAL197805110","BOS",5,0,2,0,0,"",3,1,"yastc101","?","yastc101","?","martd001","?","martd001","?","skagd101","murre001","dauer001","decid001","belam101","roeng001","bumba001","lopec101","","","","5","F","F",3,4,2,"T","T",0,"F","F",1,"F","F",0,"F","F",5,"F","F","F","",0,0,"N",0,"N",0,"N",0,0,0,0,"5","","","","F","F","F","F","F","F","F","F","F","","","","F","F","F","F","F","","","","",0,5,0,0,0,0,0,0,0,39,"BAL","BOS","BAL",0,"F","T",3,1,0,21,2,"T","F",0,0,"T","T","fiskc001","lynnf001","T","T",0,0,0,0,0,0,0,0,0,"","","",0,0,0,0,0,0,0,0,0,0,0,0,0,"decid001","F","F","F","F",0,0,0,0,0,0,0,0,0,0,F,F,"1978BAL.EVA.regular.event.csv",1133
"BAL197805110","BOS",5,1,0,0,0,"",3,1,"skagd101","?","skagd101","?","lee-b101","?","lee-b101","?","fiskc001","yastc101","remyj001","hobsb101","burlr001","ricej001","lynnf001","evand002","","","","43","T","F",2,9,2,"T","T",0,"F","F",1,"F","F",0,"F","F",4,"G","F","F","",0,0,"N",0,"N",0,"N",0,0,0,0,"43","","","","F","F","F","F","F","F","F","F","F","","","","F","F","F","F","F","","","","",0,3,0,0,4,0,0,0,0,40,"BAL","BAL","BOS",1,"T","F",1,3,0,17,0,"T","F",0,0,"T","T","bumba001","belam101","T","T",0,0,0,0,0,0,0,0,0,"","","",0,0,0,0,0,0,0,0,0,0,0,0,0,"remyj001","F","F","F","F",0,0,0,0,0,0,0,0,0,0,F,F,"1978BAL.EVA.regular.event.csv",1134
"BAL197805110","BOS",5,1,1,0,0,"",3,1,"bumba001","?","bumba001","?","lee-b101","?","lee-b101","?","fiskc001","yastc101","remyj001","hobsb101","burlr001","ricej001","lynnf001","evand002","","","","K/C","F","F",8,1,3,"T","T",0,"F","F",1,"F","F",0,"F","F",0,"","F","F","",0,0,"N",0,"N",0,"N",0,0,0,0,"2","","","","F","F","F","F","F","F","F","F","F","","","","F","F","F","F","F","","","","",0,2,0,0,0,0,0,0,0,41,"BAL","BAL","BOS",1,"F","F",1,3,0,18,1,"T","F",0,0,"T","T","belam101","lopec101","T","T",0,0,0,0,0,0,0,0,0,"","","",0,0,0,0,0,0,0,0,0,0,0,0,0,"","F","F","F","F",0,0,0,0,0,0,0,0,0,0,F,F,"1978BAL.EVA.regular.event.csv",1135
"BAL197805110","BOS",5,1,2,0,0,"",3,1,"belam101","?","belam101","?","lee-b101","?","lee-b101","?","fiskc001","yastc101","remyj001","hobsb101","burlr001","ricej001","lynnf001","evand002","","","","W","F","F",6,2,14,"T","F",0,"F","F",0,"F","F",0,"F","F",0,"","F","F","",0,0,"N",0,"N",0,"N",1,0,0,0,"","","","","F","F","F","F","F","F","F","F","F","","","","F","F","F","F","F","","","","",0,0,0,0,0,0,0,0,0,42,"BAL","BAL","BOS",1,"F","F",1,3,0,19,2,"T","F",0,1,"T","T","lopec101","murre001","T","T",0,0,0,0,0,0,0,0,0,"","","",0,0,0,0,0,0,0,0,0,0,0,0,0,"","F","F","F","F",0,0,0,0,0,0,0,0,0,0,F,F,"1978BAL.EVA.regular.event.csv",1136
"BAL197805110","BOS",5,1,2,0,0,"",3,1,"lopec101","?","lopec101","?","lee-b101","?","lee-b101","?","fiskc001","yastc101","remyj001","hobsb101","burlr001","ricej001","lynnf001","evand002","belam101","","","8","F","F",9,3,2,"T","T",0,"F","F",1,"F","F",0,"F","F",8,"F","F","F","",0,0,"N",0,"N",0,"N",0,1,0,0,"8","","","","F","F","F","F","F","F","F","F","F","lee-b101","","","F","F","F","F","F","","","","",0,8,0,0,0,0,0,0,0,43,"BAL","BAL","BOS",1,"F","T",1,3,0,20,3,"T","F",1,1,"T","T","murre001","may-l101","T","T",6,2,42,0,0,0,0,0,0,"fiskc001","","",0,0,0,0,0,0,0,0,0,0,0,0,0,"lynnf001","F","F","F","F",0,0,0,0,0,0,0,0,0,0,F,F,"1978BAL.EVA.regular.event.csv",1137
"BAL197805110","BOS",6,0,0,0,0,"",3,1,"fiskc001","?","fiskc001","?","martd001","?","martd001","?","skagd101","murre001","dauer001","decid001","belam101","roeng001","bumba001","lopec101","","","","8","T","F",2,5,2,"T","T",0,"F","F",1,"F","F",0,"F","F",8,"F","F","F","",0,0,"N",0,"N",0,"N",0,0,0,0,"8","","","","F","F","F","F","F","F","F","F","F","","","","F","F","F","F","F","","","","",0,8,0,0,0,0,0,0,0,44,"BAL","BOS","BAL",0,"T","F",3,1,0,22,0,"T","F",0,0,"T","T","lynnf001","hobsb101","T","T",0,0,0,0,0,0,0,0,0,"","","",0,0,0,0,0,0,0,0,0,0,0,0,0,"bumba001","F","F","F","F",0,0,0,0,0,0,0,0,0,0,F,F,"1978BAL.EVA.regular.event.csv",1138
"BAL197805110","BOS",6,0,1,0,0,"",3,1,"lynnf001","?","lynnf001","?","martd001","?","martd001","?","skagd101","murre001","dauer001","decid001","belam101","roeng001","bumba001","lopec101","","","","D7","F","F",8,6,21,"T","T",2,"F","F",0,"F","F",0,"F","F",7,"","F","F","",0,0,"N",0,"N",0,"N",2,0,0,0,"","","","","F","F","F","F","F","F","F","F","F","","","","F","F","F","F","F","","","","",0,0,0,0,0,0,0,0,0,45,"BAL","BOS","BAL",0,"F","F",3,1,0,23,1,"T","F",0,2,"T","T","hobsb101","evand002","T","T",0,0,0,0,0,0,0,0,0,"","","",0,0,0,0,0,0,0,0,0,0,0,0,0,"roeng001","F","F","F","F",0,0,0,0,0,0,0,0,0,0,F,F,"1978BAL.EVA.regular.event.csv",1139
"BAL197805110","BOS",6,0,1,0,0,"",3,1,"hobsb101","?","hobsb101","?","martd001","?","martd001","?","skagd101","murre001","dauer001","decid001","belam101","roeng001","bumba001","lopec101","","lynnf001","","WP.2-3","F","F",5,7,9,"F","F",0,"F","F",0,"F","F",0,"T","F",0,"","F","F","",0,0,"N",0,"N",0,"N",0,0,3,0,"","","","","F","F","F","F","F","F","F","F","F","","martd001","","F","F","F","F","F","","","","",0,0,0,0,0,0,0,0,0,46,"BAL","BOS","BAL",0,"F","F",3,1,0,24,2,"T","F",2,4,"T","T","evand002","carbb101","T","T",0,0,0,8,6,45,0,0,0,"","skagd101","",0,0,0,0,0,0,0,0,0,0,0,0,0,"","F","F","F","F",0,0,0,0,0,0,0,0,0,0,F,F,"1978BAL.EVA.regular.event.csv",1140
"BAL197805110","BOS",6,0,1,0,0,"",3,1,"hobsb101","?","hobsb101","?","martd001","?","martd001","?","skagd101","murre001","dauer001","decid001","belam101","roeng001","bumba001","lopec101","","","lynnf001","9","F","F",5,7,2,"T","T",0,"F","F",1,"F","F",0,"F","F",9,"F","F","F","",0,0,"N",0,"N",0,"N",0,0,0,3,"9","","","","F","F","F","F","F","F","F","F","F","","","martd001","F","F","F","F","F","","","","",0,9,0,0,0,0,0,0,0,47,"BAL","BOS","BAL",0,"F","F",3,1,0,24,2,"F","F",4,4,"T","T","evand002","carbb101","T","T",0,0,0,0,0,0,8,6,45,"","","skagd101",0,0,0,0,0,0,0,0,0,0,0,0,0,"lopec101","F","F","F","F",0,0,0,0,0,0,0,0,0,0,F,F,"1978BAL.EVA.regular.event.csv",1141
"BAL197805110","BOS",6,0,2,0,0,"",3,1,"evand002","?","evand002","?","martd001","?","martd001","?","skagd101","murre001","dauer001","decid001","belam101","roeng001","bumba001","lopec101","","","lynnf001","K","F","F",9,8,3,"T","T",0,"F","F",1,"F","F",0,"F","F",0,"","F","F","",0,0,"N",0,"N",0,"N",0,0,0,3,"2","","","","F","F","F","F","F","F","F","F","F","","","martd001","F","F","F","F","F","","","","",0,2,0,0,0,0,0,0,0,48,"BAL","BOS","BAL",0,"F","T",3,1,0,25,3,"T","F",4,4,"T","T","carbb101","burlr001","T","T",0,0,0,0,0,0,8,6,45,"","","skagd101",0,0,0,0,0,0,0,0,0,0,0,0,0,"","F","F","F","F",0,0,0,0,0,0,0,0,0,0,F,F,"1978BAL.EVA.regular.event.csv",1142
"BAL197805110","BOS",6,1,0,0,0,"",3,1,"murre001","?","murre001","?","lee-b101","?","lee-b101","?","fiskc001","yastc101","remyj001","hobsb101","burlr001","ricej001","lynnf001","evand002","","","","9","T","F",3,4,2,"T","T",0,"F","F",1,"F","F",0,"F","F",9,"F","F","F","",0,0,"N",0,"N",0,"N",0,0,0,0,"9","","","","F","F","F","F","F","F","F","F","F","","","","F","F","F","F","F","","","","",0,9,0,0,0,0,0,0,0,49,"BAL","BAL","BOS",1,"T","F",1,3,0,21,0,"T","F",0,0,"T","T","may-l101","roeng001","T","T",0,0,0,0,0,0,0,0,0,"","","",0,0,0,0,0,0,0,0,0,0,0,0,0,"evand002","F","F","F","F",0,0,0,0,0,0,0,0,0,0,F,F,"1978BAL.EVA.regular.event.csv",1143
"BAL197805110","BOS",6,1,1,0,0,"",3,1,"may-l101","?","may-l101","?","lee-b101","?","lee-b101","?","fiskc001","yastc101","remyj001","hobsb101","burlr001","ricej001","lynnf001","evand002","","","","W","F","F",10,5,14,"T","F",0,"F","F",0,"F","F",0,"F","F",0,"","F","F","",0,0,"N",0,"N",0,"N",1,0,0,0,"","","","","F","F","F","F","F","F","F","F","F","","","","F","F","F","F","F","","","","",0,0,0,0,0,0,0,0,0,50,"BAL","BAL","BOS",1,"F","F",1,3,0,22,1,"T","F",0,1,"T","T","roeng001","decid001","T","T",0,0,0,0,0,0,0,0,0,"","","",0,0,0,0,0,0,0,0,0,0,0,0,0,"","F","F","F","F",0,0,0,0,0,0,0,0,0,0,F,F,"1978BAL.EVA.regular.event.csv",1144
"BAL197805110","BOS",6,1,1,0,0,"",3,1,"roeng001","?","roeng001","?","lee-b101","?","lee-b101","?","fiskc001","yastc101","remyj001","hobsb101","burlr001","ricej001","lynnf001","evand002","may-l101","","","64(1)/FO","F","F",7,6,2,"T","T",0,"F","F",1,"F","F",0,"F","F",6,"G","F","F","",0,0,"N",0,"N",0,"N",1,0,0,0,"","64","","","F","F","F","F","F","F","F","F","F","lee-b101","","","F","F","F","F","F","","","","",0,4,0,0,6,0,0,0,0,51,"BAL","BAL","BOS",1,"F","F",1,3,0,23,2,"T","F",1,1,"T","T","decid001","dauer001","T","T",10,5,50,0,0,0,0,0,0,"fiskc001","","",0,0,0,0,0,0,0,0,0,0,0,0,0,"burlr001","T","F","F","F",0,0,0,0,0,0,0,0,0,0,F,F,"1978BAL.EVA.regular.event.csv",1145
"BAL197805110","BOS",6,1,2,0,0,"",3,1,"decid001","?","decid001","?","lee-b101","?","lee-b101","?","fiskc001","yastc101","remyj001","hobsb101","burlr001","ricej001","lynnf001","evand002","roeng001","","","63","F","F",5,7,2,"T","T",0,"F","F",1,"F","F",0,"F","F",6,"G","F","F","",0,0,"N",0,"N",0,"N",0,1,0,0,"63","","","","F","F","F","F","F","F","F","F","F","lee-b101","","","F","F","F","F","F","","","","",0,3,0,0,6,0,0,0,0,52,"BAL","BAL","BOS",1,"F","T",1,3,0,24,3,"T","F",1,1,"T","T","dauer001","skagd101","T","T",7,6,51,0,0,0,0,0,0,"fiskc001","","",0,0,0,0,0,0,0,0,0,0,0,0,0,"burlr001","F","F","F","F",0,0,0,0,0,0,0,0,0,0,F,F,"1978BAL.EVA.regular.event.csv",1146
"BAL197805110","BOS",7,0,0,0,0,"",3,1,"carbb101","?","carbb101","?","martd001","?","martd001","?","skagd101","murre001","dauer001","decid001","belam101","roeng001","bumba001","lopec101","","","","W","T","F",10,9,14,"T","F",0,"F","F",0,"F","F",0,"F","F",0,"","F","F","",0,0,"N",0,"N",0,"N",1,0,0,0,"","","","","F","F","F","F","F","F","F","F","F","","","","F","F","F","F","F","","","","",0,0,0,0,0,0,0,0,0,53,"BAL","BOS","BAL",0,"T","F",3,1,0,26,0,"T","F",0,1,"T","T","burlr001","remyj001","T","T",0,0,0,0,0,0,0,0,0,"","","",0,0,0,0,0,0,0,0,0,0,0,0,0,"","F","F","F","F",0,0,0,0,0,0,0,0,0,0,F,F,"1978BAL.EVA.regular.event.csv",1147
"BAL197805110","BOS",7,0,0,0,0,"",3,1,"burlr001","?","burlr001","?","martd001","?","martd001","?","skagd101","murre001","dauer001","decid001","belam101","roeng001","bumba001","lopec101","carbb101","","","CS2(26)","F","F",6,1,6,"F","F",0,"F","F",1,"F","F",0,"F","F",0,"","F","F","",0,0,"N",0,"N",0,"N",0,0,0,0,"","26","","","F","F","F","T","F","F","F","F","F","martd001","","","F","F","F","F","F","","","","",0,6,0,0,2,0,0,0,0,54,"BAL","BOS","BAL",0,"F","F",3,1,0,27,1,"T","F",1,0,"T","T","remyj001","ricej001","T","T",10,9,53,0,0,0,0,0,0,"skagd101","","",0,0,0,0,0,0,0,0,0,0,0,0,0,"","F","F","F","F",0,0,0,0,0,0,0,0,0,0,F,F,"1978BAL.EVA.regular.event.csv",1148
"BAL197805110","BOS",7,0,1,0,0,"",3,1,"burlr001","?","burlr001","?","martd001","?","martd001","?","skagd101","murre001","dauer001","decid001","belam101","roeng001","bumba001","lopec101","","","","63","F","F",6,1,2,"T","T",0,"F","F",1,"F","F",0,"F","F",6,"G","F","F","",0,0,"N",0,"N",0,"N",0,0,0,0,"63","","","","F","F","F","F","F","F","F","F","F","","","","F","F","F","F","F","","","","",0,3,0,0,6,0,0,0,0,55,"BAL","BOS","BAL",0,"F","F",3,1,0,27,1,"F","F",0,0,"T","T","remyj001","ricej001","T","T",0,0,0,0,0,0,0,0,0,"","","",0,0,0,0,0,0,0,0,0,0,0,0,0,"belam101","F","F","F","F",0,0,0,0,0,0,0,0,0,0,F,F,"1978BAL.EVA.regular.event.csv",1149
"BAL197805110","BOS",7,0,2,0,0,"",3,1,"remyj001","?","remyj001","?","martd001","?","martd001","?","skagd101","murre001","dauer001","decid001","belam101","roeng001","bumba001","lopec101","","","","7","F","F",4,2,2,"T","T",0,"F","F",1,"F","F",0,"F","F",7,"F","F","F","",0,0,"N",0,"N",0,"N",0,0,0,0,"7","","","","F","F","F","F","F","F","F","F","F","","","","F","F","F","F","F","","","","",0,7,0,0,0,0,0,0,0,56,"BAL","BOS","BAL",0,"F","T",3,1,0,28,2,"T","F",0,0,"T","T","ricej001","yastc101","T","T",0,0,0,0,0,0,0,0,0,"","","",0,0,0,0,0,0,0,0,0,0,0,0,0,"roeng001","F","F","F","F",0,0,0,0,0,0,0,0,0,0,F,F,"1978BAL.EVA.regular.event.csv",1150
"BAL197805110","BOS",7,1,0,0,0,"",3,1,"dauer001","?","dauer001","?","lee-b101","?","lee-b101","?","fiskc001","yastc101","remyj001","hobsb101","burlr001","ricej001","lynnf001","evand002","","","","9","T","F",4,8,2,"T","T",0,"F","F",1,"F","F",0,"F","F",9,"F","F","F","",0,0,"N",0,"N",0,"N",0,0,0,0,"9","","","","F","F","F","F","F","F","F","F","F","","","","F","F","F","F","F","","","","",0,9,0,0,0,0,0,0,0,57,"BAL","BAL","BOS",1,"T","F",1,3,0,25,0,"T","F",0,0,"T","T","skagd101","bumba001","T","T",0,0,0,0,0,0,0,0,0,"","","",0,0,0,0,0,0,0,0,0,0,0,0,0,"evand002","F","F","F","F",0,0,0,0,1,0,0,0,0,0,F,F,"1978BAL.EVA.regular.event.csv",1151
"BAL197805110","BOS",7,1,1,0,0,"",3,1,"skagd101","?","skagd101","?","lee-b101","?","lee-b101","?","fiskc001","yastc101","remyj001","hobsb101","burlr001","ricej001","lynnf001","evand002","","","","S7","F","F",2,9,20,"T","T",1,"F","F",0,"F","F",0,"F","F",7,"","F","F","",0,0,"N",0,"N",0,"N",1,0,0,0,"","","","","F","F","F","F","F","F","F","F","F","","","","F","F","F","F","F","","","","",0,0,0,0,0,0,0,0,0,58,"BAL","BAL","BOS",1,"F","F",1,3,0,26,1,"T","F",0,1,"T","T","bumba001","belam101","T","T",0,0,0,0,0,0,0,0,0,"","","",0,0,0,0,0,0,0,0,0,0,0,0,0,"ricej001","F","F","F","F",4,0,0,0,1,0,0,0,0,0,F,F,"1978BAL.EVA.regular.event.csv",1152
"BAL197805110","BOS",7,1,1,0,0,"",3,1,"bumba001","?","bumba001","?","lee-b101","?","lee-b101","?","fiskc001","yastc101","remyj001","hobsb101","burlr001","ricej001","lynnf001","evand002","skagd101","","","HP.1-2","F","F",8,1,16,"T","F",0,"F","F",0,"F","F",0,"F","F",0,"","F","F","",0,0,"N",0,"N",0,"N",1,2,0,0,"","","","","F","F","F","F","F","F","F","F","F","lee-b101","","","F","F","F","F","F","","","","",0,0,0,0,0,0,0,0,0,59,"BAL","BAL","BOS",1,"F","F",1,3,0,27,2,"T","F",1,3,"T","T","belam101","lopec101","T","T",2,9,58,0,0,0,0,0,0,"fiskc001","","",0,0,0,0,0,0,0,0,0,0,0,0,0,"","F","F","F","F",3,4,0,0,1,0,0,0,0,0,F,F,"1978BAL.EVA.regular.event.csv",1153
"BAL197805110","BOS",7,1,1,0,0,"",3,1,"crowt101","?","crowt101","?","stanb001","?","stanb001","?","fiskc001","yastc101","remyj001","hobsb101","burlr001","ricej001","lynnf001","evand002","bumba001","skagd101","","S8.2-H;1-2","F","T",11,2,20,"T","T",1,"F","F",0,"F","F",1,"F","F",8,"","F","F","",0,0,"N",0,"N",0,"N",1,2,4,0,"","","","","F","F","F","F","F","F","F","F","F","lee-b101","lee-b101","","F","F","F","F","F","","","","belam101",6,0,0,0,0,0,0,0,0,60,"BAL","BAL","BOS",1,"F","F",1,3,0,28,3,"T","F",3,3,"F","F","lopec101","murre001","F","F",8,1,59,2,9,58,0,0,0,"fiskc001","fiskc001","",0,0,0,0,0,0,0,0,0,0,0,0,1,"lynnf001","F","F","F","F",2,3,4,0,0,0,0,0,0,0,F,F,"1978BAL.EVA.regular.event.csv",1154
"BAL197805110","BOS",7,1,1,0,0,"",3,2,"singk001","?","singk001","?","stanb001","?","stanb001","?","fiskc001","yastc101","remyj001","hobsb101","burlr001","ricej001","lynnf001","evand002","garck001","bumba001","","W.2-3;1-2","F","T",11,3,14,"T","F",0,"F","F",0,"F","F",0,"F","F",0,"","F","F","",0,0,"N",0,"N",0,"N",1,2,3,0,"","","","","F","F","F","F","F","F","F","F","F","stanb001","lee-b101","","F","F","T","F","F","crowt101","","","lopec101",9,0,0,0,0,0,0,0,0,61,"BAL","BAL","BOS",1,"F","F",2,3,1,29,4,"T","F",3,7,"F","F","murre001","may-l101","F","F",12,2,60,8,1,59,0,0,0,"fiskc001","fiskc001","",0,0,0,0,0,0,0,0,0,0,0,0,0,"","F","F","F","F",0,2,3,0,0,0,0,0,0,0,F,F,"1978BAL.EVA.regular.event.csv",1155
"BAL197805110","BOS",7,1,1,0,0,"",3,2,"murre001","?","murre001","?","stanb001","?","stanb001","?","fiskc001","yastc101","remyj001","hobsb101","burlr001","ricej001","lynnf001","evand002","singk001","garck001","bumba001","46(1)3/GDP","F","F",3,4,2,"T","T",0,"F","F",2,"T","F",0,"F","F",4,"G","F","F","",0,0,"N",0,"N",0,"N",0,0,2,3,"63","46","","","F","F","F","F","F","F","F","F","F","stanb001","stanb001","lee-b101","F","F","F","F","F","","","","",0,6,3,0,4,6,0,0,0,62,"BAL","BAL","BOS",1,"F","T",2,3,1,30,5,"T","F",7,6,"T","T","may-l101","roeng001","F","F",0,3,61,0,2,60,8,1,59,"fiskc001","fiskc001","fiskc001",0,0,0,0,0,0,0,0,0,0,0,0,0,"remyj001","T","F","F","F",0,0,2,3,0,0,0,0,0,0,F,F,"1978BAL.EVA.regular.event.csv",1156
"BAL197805110","BOS",8,0,0,0,0,"",3,2,"ricej001","?","ricej001","?","martd001","?","martd001","?","skagd101","murre001","dauer001","decid001","garck001","roeng001","bumba001","singk001","","","","53","T","F",7,3,2,"T","T",0,"F","F",1,"F","F",0,"F","F",5,"G","F","F","",0,0,"N",0,"N",0,"N",0,0,0,0,"53","","","","F","F","F","F","F","F","F","F","F","","","","F","F","F","F","F","","","","",0,3,0,0,5,0,0,0,0,63,"BAL","BOS","BAL",0,"T","F",3,2,0,29,0,"T","F",0,0,"T","T","yastc101","fiskc001","T","T",0,0,0,0,0,0,0,0,0,"","","",0,0,0,0,0,0,0,0,0,0,0,0,0,"decid001","F","F","F","F",0,0,0,0,0,0,0,0,0,0,F,F,"1978BAL.EVA.regular.event.csv",1157
"BAL197805110","BOS",8,0,1,0,0,"",3,2,"yastc101","?","yastc101","?","martd001","?","martd001","?","skagd101","murre001","dauer001","decid001","garck001","roeng001","bumba001","singk001","","","","S9","F","F",3,4,20,"T","T",1,"F","F",0,"F","F",0,"F","F",9,"","F","F","",0,0,"N",0,"N",0,"N",1,0,0,0,"","","","","F","F","F","F","F","F","F","F","F","","","","F","F","F","F","F","","","","",0,0,0,0,0,0,0,0,0,64,"BAL","BOS","BAL",0,"F","F",3,2,0,30,1,"T","F",0,1,"T","T","fiskc001","lynnf001","T","T",0,0,0,0,0,0,0,0,0,"","","",0,0,0,0,0,0,0,0,0,0,0,0,0,"singk001","F","F","F","F",0,0,0,0,0,0,0,0,0,0,F,F,"1978BAL.EVA.regular.event.csv",1158
"BAL197805110","BOS",8,0,1,0,0,"",3,2,"fiskc001","?","fiskc001","?","martd001","?","martd001","?","skagd101","murre001","dauer001","decid001","garck001","roeng001","bumba001","singk001","yastc101","","","16(1)3/GDP","F","F",2,5,2,"T","T",0,"F","F",2,"T","F",0,"F","F",1,"G","F","F","",0,0,"N",0,"N",0,"N",0,0,0,0,"63","16","","","F","F","F","F","F","F","F","F","F","martd001","","","F","F","F","F","F","","","","",0,6,3,0,1,6,0,0,0,65,"BAL","BOS","BAL",0,"F","T",3,2,0,31,2,"T","F",1,0,"T","T","lynnf001","hobsb101","T","T",3,4,64,0,0,0,0,0,0,"skagd101","","",0,0,0,0,0,0,0,0,0,0,0,0,0,"martd001","T","F","F","F",0,0,0,0,0,0,0,0,0,0,F,F,"1978BAL.EVA.regular.event.csv",1159
"BAL197805110","BOS",8,1,0,0,0,"",3,2,"may-l101","?","may-l101","?","stanb001","?","stanb001","?","fiskc001","yastc101","remyj001","hobsb101","burlr001","ricej001","lynnf001","evand002","","","","S8","T","F",10,5,20,"T","T",1,"F","F",0,"F","F",0,"F","F",8,"","F","F","",0,0,"N",0,"N",0,"N",1,0,0,0,"","","","","F","F","F","F","F","F","F","F","F","","","","F","F","F","F","F","","","","",0,0,0,0,0,0,0,0,0,66,"BAL","BAL","BOS",1,"T","F",2,3,0,31,0,"T","F",0,1,"T","T","roeng001","decid001","F","F",0,0,0,0,0,0,0,0,0,"","","",0,0,0,0,0,0,0,0,0,0,0,0,0,"lynnf001","F","F","F","F",2,0,0,0,0,0,0,0,0,0,F,F,"1978BAL.EVA.regular.event.csv",1160
"BAL197805110","BOS",8,1,0,0,0,"",3,2,"roeng001","?","roeng001","?","stanb001","?","stanb001","?","fiskc001","yastc101","remyj001","hobsb101","burlr001","ricej001","lynnf001","evand002","may-l101","","","14/SH.1-2","F","F",7,6,2,"T","F",0,"T","F",1,"F","F",0,"F","F",1,"G","T","F","",0,0,"N",0,"N",0,"N",0,2,0,0,"14","","","","F","F","F","F","F","F","F","F","F","stanb001","","","F","F","F","F","F","","","","",0,4,0,0,1,0,0,0,0,67,"BAL","BAL","BOS",1,"F","F",2,3,0,32,1,"T","F",1,2,"T","T","decid001","dauer001","F","F",10,5,66,0,0,0,0,0,0,"fiskc001","","",0,0,0,0,0,0,0,0,0,0,0,0,0,"stanb001","F","F","F","F",0,2,0,0,0,0,0,0,0,0,F,F,"1978BAL.EVA.regular.event.csv",1161
"BAL197805110","BOS",8,1,1,0,0,"",3,2,"decid001","?","decid001","?","stanb001","?","stanb001","?","fiskc001","yastc101","remyj001","hobsb101","burlr001","ricej001","lynnf001","evand002","","may-l101","","8","F","F",5,7,2,"T","T",0,"F","F",1,"F","F",0,"F","F",8,"F","F","F","",0,0,"N",0,"N",0,"N",0,0,2,0,"8","","","","F","F","F","F","F","F","F","F","F","","stanb001","","F","F","F","F","F","","","","",0,8,0,0,0,0,0,0,0,68,"BAL","BAL","BOS",1,"F","F",2,3,0,33,2,"T","F",2,2,"T","T","dauer001","skagd101","F","F",0,0,0,10,5,66,0,0,0,"","fiskc001","",0,0,0,0,0,0,0,0,0,0,0,0,0,"lynnf001","F","F","F","F",0,0,2,0,0,0,0,0,0,0,F,F,"1978BAL.EVA.regular.event.csv",1162
"BAL197805110","BOS",8,1,2,0,0,"",3,2,"smitb101","?","smitb101","?","stanb001","?","stanb001","?","fiskc001","yastc101","remyj001","hobsb101","burlr001","ricej001","lynnf001","evand002","","may-l101","","7/L","F","T",11,8,2,"T","T",0,"F","F",1,"F","F",0,"F","F",7,"L","F","F","",0,0,"N",0,"N",0,"N",0,0,2,0,"7","","","","F","F","F","F","F","F","F","F","F","","stanb001","","F","F","F","F","F","","","","dauer001",4,7,0,0,0,0,0,0,0,69,"BAL","BAL","BOS",1,"F","T",2,3,0,34,3,"T","F",2,2,"F","F","skagd101","bumba001","F","F",0,0,0,10,5,66,0,0,0,"","fiskc001","",0,0,0,0,0,0,0,0,0,0,0,0,0,"ricej001","F","F","F","F",0,0,2,0,0,0,0,0,0,0,F,F,"1978BAL.EVA.regular.event.csv",1163
"BAL197805110","BOS",9,0,0,0,0,"",3,2,"lynnf001","?","lynnf001","?","martd001","?","martd001","?","skagd101","murre001","smitb101","decid001","garck001","roeng001","bumba001","singk001","","","","4","T","F",8,6,2,"T","T",0,"F","F",1,"F","F",0,"F","F",4,"F","F","F","",0,0,"N",0,"N",0,"N",0,0,0,0,"4","","","","F","F","F","F","F","F","F","F","F","","","","F","F","F","F","F","","","","",0,4,0,0,0,0,0,0,0,70,"BAL","BOS","BAL",0,"T","F",3,2,0,32,0,"T","F",0,0,"T","T","hobsb101","evand002","T","T",0,0,0,0,0,0,0,0,0,"","","",0,0,0,0,0,0,0,0,0,0,0,0,0,"smitb101","F","F","F","F",0,0,0,0,2,0,0,0,0,0,F,F,"1978BAL.EVA.regular.event.csv",1164
"BAL197805110","BOS",9,0,1,0,0,"",3,2,"hobsb101","?","hobsb101","?","martd001","?","martd001","?","skagd101","murre001","smitb101","decid001","garck001","roeng001","bumba001","singk001","","","","S7","F","F",5,7,20,"T","T",1,"F","F",0,"F","F",0,"F","F",7,"","F","F","",0,0,"N",0,"N",0,"N",1,0,0,0,"","","","","F","F","F","F","F","F","F","F","F","","","","F","F","F","F","F","","","","",0,0,0,0,0,0,0,0,0,71,"BAL","BOS","BAL",0,"F","F",3,2,0,33,1,"T","F",0,1,"T","T","evand002","carbb101","T","T",0,0,0,0,0,0,0,0,0,"","","",0,0,0,0,0,0,0,0,0,0,0,0,0,"roeng001","F","F","F","F",4,0,0,0,2,0,0,0,0,0,F,F,"1978BAL.EVA.regular.event.csv",1165
"BAL197805110","BOS",9,0,1,0,0,"",3,2,"evand002","?","evand002","?","martd001","?","martd001","?","skagd101","murre001","smitb101","decid001","garck001","roeng001","bumba001","singk001","dufff101","","","W.1-2","F","F",9,8,14,"T","F",0,"F","F",0,"F","F",0,"F","F",0,"","F","F","",0,0,"N",0,"N",0,"N",1,2,0,0,"","","","","F","F","F","F","F","F","F","F","F","martd001","","","F","F","T","F","F","hobsb101","","","",0,0,0,0,0,0,0,0,0,72,"BAL","BOS","BAL",0,"F","F",3,2,0,34,2,"T","F",1,3,"T","T","carbb101","burlr001","T","T",0,7,71,0,0,0,0,0,0,"skagd101","","",0,0,0,0,0,0,0,0,0,0,0,0,0,"","F","F","F","F",5,4,0,0,2,0,0,0,0,0,F,F,"1978BAL.EVA.regular.event.csv",1166
"BAL197805110","BOS",9,0,1,0,0,"",3,2,"carbb101","?","carbb101","?","stand101","?","stand101","?","skagd101","murre001","smitb101","decid001","garck001","roeng001","bumba001","singk001","evand002","dufff101","","S/7.2-H;1-3","F","F",10,9,20,"T","T",1,"F","F",0,"F","F",1,"F","F",0,"","F","F","7",0,0,"N",0,"N",0,"N",1,3,4,0,"","","","","F","F","F","F","F","F","F","F","F","martd001","martd001","","F","F","F","F","F","","","","",0,0,0,0,0,0,0,0,0,73,"BAL","BOS","BAL",0,"F","F",3,2,0,35,3,"T","F",3,5,"T","T","burlr001","remyj001","F","F",9,8,72,0,7,71,0,0,0,"skagd101","skagd101","",0,0,0,0,0,0,0,0,0,0,0,0,1,"","F","F","F","F",2,5,4,0,1,0,0,0,0,0,F,F,"1978BAL.EVA.regular.event.csv",1167
"BAL197805110","BOS",9,0,1,0,0,"",4,2,"burlr001","?","burlr001","?","stand101","?","stand101","?","skagd101","murre001","smitb101","decid001","garck001","roeng001","bumba001","singk001","carbb101","","evand002","K","F","F",6,1,3,"T","T",0,"F","F",1,"F","F",0,"F","F",0,"","F","F","",0,0,"N",0,"N",0,"N",0,1,0,3,"2","","","","F","F","F","F","F","F","F","F","F","stand101","","martd001","F","F","F","F","F","","","","",0,2,0,0,0,0,0,0,0,74,"BAL","BOS","BAL",0,"F","F",4,2,1,36,4,"T","F",5,5,"T","T","remyj001","ricej001","F","F",10,9,73,0,0,0,9,8,72,"skagd101","","skagd101",0,0,0,0,0,0,0,0,0,0,0,0,0,"","F","F","F","F",0,2,0,5,1,0,0,0,0,0,F,F,"1978BAL.EVA.regular.event.csv",1168
"BAL197805110","BOS",9,0,2,0,0,"",4,2,"remyj001","?","remyj001","?","stand101","?","stand101","?","skagd101","murre001","smitb101","decid001","garck001","roeng001","bumba001","singk001","carbb101","","evand002","E6.3-H(UR);1-2","F","F",4,2,18,"T","T",0,"F","F",0,"F","F",0,"F","F",6,"G","F","F","",1,6,"F",0,"N",0,"N",1,2,0,5,"","","","","F","F","F","F","F","F","F","F","F","stand101","","martd001","F","F","F","F","F","","","","",0,0,0,0,0,0,0,0,0,75,"BAL","BOS","BAL",0,"F","F",4,2,1,37,5,"T","F",5,3,"T","T","ricej001","yastc101","F","F",10,9,73,0,0,0,9,8,72,"skagd101","","skagd101",0,0,0,0,0,0,0,0,0,0,0,0,1,"garck001","F","F","F","T",0,2,0,5,0,0,0,0,0,0,F,F,"1978BAL.EVA.regular.event.csv",1169
"BAL197805110","BOS",9,0,2,0,0,"",5,2,"ricej001","?","ricej001","?","stand101","?","stand101","?","skagd101","murre001","smitb101","decid001","garck001","roeng001","bumba001","singk001","remyj001","carbb101","","64(1)/FO","F","F",7,3,2,"T","T",0,"F","F",1,"F","F",0,"F","F",6,"G","F","F","",0,0,"N",0,"N",0,"N",1,0,2,0,"","64","","","F","F","F","F","F","F","F","F","F","stand101","stand101","","F","F","F","F","F","","","","",0,4,0,0,6,0,0,0,0,76,"BAL","BOS","BAL",0,"F","T",5,2,2,38,6,"T","F",3,3,"T","T","yastc101","fiskc001","F","F",4,2,75,10,9,73,0,0,0,"skagd101","skagd101","",0,0,0,0,0,0,0,0,0,0,0,0,0,"garck001","T","F","F","F",1,0,2,0,0,0,0,0,0,0,F,F,"1978BAL.EVA.regular.event.csv",1170
"BAL197805110","BOS",9,1,0,0,0,"",5,2,"kellp101","?","kellp101","?","stanb001","?","stanb001","?","fiskc001","yastc101","remyj001","dufff101","burlr001","ricej001","lynnf001","evand002","","","","S8","T","T",11,9,20,"T","T",1,"F","F",0,"F","F",0,"F","F",8,"","F","F","",0,0,"N",0,"N",0,"N",1,0,0,0,"","","","","F","F","F","F","F","F","F","F","F","","","","F","F","F","F","F","","","","skagd101",2,0,0,0,0,0,0,0,0,77,"BAL","BAL","BOS",1,"T","F",2,5,0,35,0,"T","F",0,1,"F","F","bumba001","garck001","F","F",0,0,0,0,0,0,0,0,0,"","","",0,0,0,0,0,0,0,0,0,0,0,0,0,"lynnf001","F","F","F","F",4,0,0,0,2,0,0,0,0,0,F,F,"1978BAL.EVA.regular.event.csv",1171
"BAL197805110","BOS",9,1,0,0,0,"",5,2,"bumba001","?","bumba001","?","stanb001","?","stanb001","?","fiskc001","yastc101","remyj001","dufff101","burlr001","ricej001","lynnf001","evand002","kellp101","","","S8.1-2","F","F",8,1,20,"T","T",1,"F","F",0,"F","F",0,"F","F",8,"","F","F","",0,0,"N",0,"N",0,"N",1,2,0,0,"","","","","F","F","F","F","F","F","F","F","F","stanb001","","","F","F","F","F","F","","","","",0,0,0,0,0,0,0,0,0,78,"BAL","BAL","BOS",1,"F","F",2,5,0,36,1,"T","F",1,3,"T","T","garck001","singk001","F","F",0,9,77,0,0,0,0,0,0,"fiskc001","","",0,0,0,0,0,0,0,0,0,0,0,0,0,"lynnf001","F","F","F","F",4,4,0,0,2,0,0,0,0,0,F,F,"1978BAL.EVA.regular.event.csv",1172
"BAL197805110","BOS",9,1,0,0,0,"",5,2,"harll101","?","harll101","?","burgt001","?","burgt001","?","fiskc001","yastc101","remyj001","dufff101","burlr001","ricej001","lynnf001","evand002","bumba001","kellp101","","K","F","T",11,2,3,"T","T",0,"F","F",1,"F","F",0,"F","F",0,"","F","F","",0,0,"N",0,"N",0,"N",0,1,2,0,"2","","","","F","F","F","F","F","F","F","F","F","stanb001","stanb001","","F","F","F","F","F","","","","garck001",6,2,0,0,0,0,0,0,0,79,"BAL","BAL","BOS",1,"F","F",2,5,0,37,2,"T","F",3,3,"F","F","singk001","murre001","F","F",8,1,78,11,9,77,0,0,0,"fiskc001","fiskc001","",0,0,0,0,0,0,0,0,0,0,0,0,0,"","F","F","F","F",0,4,4,0,2,0,0,0,0,0,F,F,"1978BAL.EVA.regular.event.csv",1173
"BAL197805110","BOS",9,1,1,0,0,"",5,2,"singk001","?","singk001","?","burgt001","?","burgt001","?","fiskc001","yastc101","remyj001","dufff101","burlr001","ricej001","lynnf001","evand002","bumba001","kellp101","","W.2-3;1-2","F","F",9,3,14,"T","F",0,"F","F",0,"F","F",0,"F","F",0,"","F","F","",0,0,"N",0,"N",0,"N",1,2,3,0,"","","","","F","F","F","F","F","F","F","F","F","stanb001","stanb001","","F","F","F","F","F","","","","",0,0,0,0,0,0,0,0,0,80,"BAL","BAL","BOS",1,"F","F",2,5,0,38,3,"T","F",3,7,"F","F","murre001","may-l101","F","F",8,1,78,0,9,77,0,0,0,"fiskc001","fiskc001","",0,0,0,0,0,0,0,0,0,0,0,0,0,"","F","F","F","F",3,4,4,0,2,0,0,0,0,0,F,F,"1978BAL.EVA.regular.event.csv",1174
"BAL197805110","BOS",9,1,1,0,0,"",5,2,"murre001","?","murre001","?","dragd101","?","dragd101","?","fiskc001","yastc101","remyj001","dufff101","burlr001","ricej001","lynnf001","evand002","dempr001","bumba001","kellp101","8/SF.2-3;3-H","F","F",3,4,2,"T","F",0,"F","T",1,"F","F",1,"F","F",8,"F","F","F","",0,0,"N",0,"N",0,"N",0,1,3,4,"8","","","","F","F","F","F","F","F","F","F","F","burgt001","stanb001","stanb001","F","F","T","F","F","singk001","","","",0,8,0,0,0,0,0,0,0,81,"BAL","BAL","BOS",1,"F","F",2,5,0,39,4,"T","F",7,5,"T","T","may-l101","roeng001","F","F",0,3,80,8,1,78,0,9,77,"fiskc001","fiskc001","fiskc001",0,0,0,0,0,0,0,0,0,0,0,0,1,"lynnf001","F","F","F","F",0,3,4,4,1,0,0,0,0,0,F,F,"1978BAL.EVA.regular.event.csv",1175
"BAL197805110","BOS",9,1,2,0,0,"",5,3,"may-l101","?","may-l101","?","dragd101","?","dragd101","?","fiskc001","yastc101","remyj001","dufff101","burlr001","ricej001","lynnf001","evand002","dempr001","","bumba001","S/8.3-H;1-3","F","F",10,5,20,"T","T",1,"F","F",0,"F","F",1,"F","F",0,"","F","F","8",0,0,"N",0,"N",0,"N",1,3,0,4,"","","","","F","F","F","F","F","F","F","F","F","burgt001","","stanb001","F","F","F","F","F","","","","",0,0,0,0,0,0,0,0,0,82,"BAL","BAL","BOS",1,"F","F",3,5,1,40,5,"T","F",5,5,"T","T","roeng001","decid001","F","F",0,3,80,0,0,0,8,1,78,"fiskc001","","fiskc001",0,0,0,0,0,0,0,0,0,0,0,0,1,"","F","F","F","F",1,3,0,4,0,0,0,0,0,0,F,F,"1978BAL.EVA.regular.event.csv",1176
"BAL197805110","BOS",9,1,2,0,0,"",5,4,"roeng001","?","roeng001","?","dragd101","?","dragd101","?","fiskc001","yastc101","remyj001","dufff101","burlr001","ricej001","lynnf001","evand002","may-l101","","dempr001","7","F","F",7,6,2,"T","T",0,"F","F",1,"F","F",0,"F","F",7,"F","F","F","",0,0,"N",0,"N",0,"N",0,1,0,3,"7","","","","F","F","F","F","F","F","F","F","F","dragd101","","burgt001","F","T","F","F","F","","","","",0,7,0,0,0,0,0,0,0,83,"BAL","BAL","BOS",1,"F","T",4,5,2,41,6,"T","F",5,5,"T","T","decid001","smitb101","F","F",10,5,82,0,0,0,0,3,80,"fiskc001","","fiskc001",0,0,0,0,0,0,0,0,0,0,0,0,0,"ricej001","F","F","F","F",0,1,0,3,0,0,0,0,0,0,F,F,"1978BAL.EVA.regular.event.csv",1177
"BAL197805180","TOR",1,0,0,0,0,"",0,0,"boser101","?","boser101","?","flanm001","?","flanm001","?","dempr001","murre001","decid001","dauer001","belam101","kellp101","harll101","singk001","","","","W","T","F",8,1,14,"T","F",0,"F","F",0,"F","F",0,"F","F",0,"","F","F","",0,0,"N",0,"N",0,"N",1,0,0,0,"","","","","F","F","F","F","F","F","F","F","F","","","","T","F","F","F","F","","","","",0,0,0,0,0,0,0,0,0,1,"BAL","TOR","BAL",0,"T","F",0,0,0,0,0,"T","F",0,1,"T","T","bailb001","hower001","T","T",0,0,0,0,0,0,0,0,0,"","","",0,0,0,0,0,0,0,0,0,0,0,0,0,"","F","F","F","F",4,0,0,0,2,0,0,0,0,0,F,F,"1978BAL.EVA.regular.event.csv",1178
"BAL197805180","TOR",1,0,0,0,0,"",0,0,"bailb001","?","bailb001","?","flanm001","?","flanm001","?","dempr001","murre001","decid001","dauer001","belam101","kellp101","harll101","singk001","boser101","","","4","F","F",9,2,2,"T","T",0,"F","F",1,"F","F",0,"F","F",4,"F","F","F","",0,0,"N",0,"N",0,"N",0,1,0,0,"4","","","","F","F","F","F","F","F","F","F","F","flanm001","","","F","F","F","F","F","","","","",0,4,0,0,0,0,0,0,0,2,"BAL","TOR","BAL",0,"F","F",0,0,0,1,1,"T","F",1,1,"T","T","hower001","cartr101","T","T",8,1,1,0,0,0,0,0,0,"dempr001","","",0,0,0,0,0,0,0,0,0,0,0,0,0,"decid001","F","F","F","F",0,4,0,0,2,0,0,0,0,0,F,F,"1978BAL.EVA.regular.event.csv",1179
"BAL197805180","TOR",1,0,1,0,0,"",0,0,"hower001","?","hower001","?","flanm001","?","flanm001","?","dempr001","murre001","decid001","dauer001","belam101","kellp101","harll101","singk001","boser101","","","S8/G.1-3","F","F",5,3,20,"T","T",1,"F","F",0,"F","F",0,"F","F",8,"G","F","F","",0,0,"N",0,"N",0,"N",1,3,0,0,"","","","","F","F","F","F","F","F","F","F","F","flanm001","","","F","F","F","F","F","","","","",0,0,0,0,0,0,0,0,0,3,"BAL","TOR","BAL",0,"F","F",0,0,0,2,2,"T","F",1,5,"T","T","cartr101","veleo101","T","T",8,1,1,0,0,0,0,0,0,"dempr001","","",0,0,0,0,0,0,0,0,0,0,0,0,0,"harll101","F","F","F","F",4,4,0,0,2,0,0,0,0,0,F,F,"1978BAL.EVA.regular.event.csv",1180
"BAL197805180","TOR",1,0,1,0,0,"",0,0,"cartr101","?","cartr101","?","flanm001","?","flanm001","?","dempr001","murre001","decid001","dauer001","belam101","kellp101","harll101","singk001","hower001","","boser101","S9/G.3-H;1-3","F","F",10,4,20,"T","T",1,"F","F",0,"F","F",1,"F","F",9,"G","F","F","",0,0,"N",0,"N",0,"N",1,3,0,4,"","","","","F","F","F","F","F","F","F","F","F","flanm001","","flanm001","F","F","F","F","F","","","","",0,0,0,0,0,0,0,0,0,4,"BAL","TOR","BAL",0,"F","F",0,0,0,3,3,"T","F",5,5,"T","T","veleo101","maybj101","T","T",5,3,3,0,0,0,8,1,1,"dempr001","","dempr001",0,0,0,0,0,0,0,0,0,0,0,0,1,"singk001","F","F","F","F",0,4,0,4,1,0,0,0,0,0,F,F,"1978BAL.EVA.regular.event.csv",1181
"BAL197805180","TOR",1,0,1,0,0,"",1,0,"veleo101","?","veleo101","?","flanm001","?","flanm001","?","dempr001","murre001","decid001","dauer001","belam101","kellp101","harll101","singk001","cartr101","","hower001","S8/G.3-H;1-2","F","F",7,5,20,"T","T",1,"F","F",0,"F","F",1,"F","F",8,"G","F","F","",0,0,"N",0,"N",0,"N",1,2,0,4,"","","","","F","F","F","F","F","F","F","F","F","flanm001","","flanm001","F","F","F","F","F","","","","",0,0,0,0,0,0,0,0,0,5,"BAL","TOR","BAL",0,"F","F",1,0,1,4,4,"T","F",5,3,"T","T","maybj101","ceror001","T","T",10,4,4,0,0,0,5,3,3,"dempr001","","dempr001",0,0,0,0,0,0,0,0,0,0,0,0,1,"harll101","F","F","F","F",0,0,0,4,0,0,0,0,0,0,F,F,"1978BAL.EVA.regular.event.csv",1182
"BAL197805180","TOR",1,0,1,0,0,"",2,0,"maybj101","?","maybj101","?","flanm001","?","flanm001","?","dempr001","murre001","decid001","dauer001","belam101","kellp101","harll101","singk001","veleo101","cartr101","","WP.2-3;1-2#","F","F",3,6,9,"F","F",0,"F","F",0,"F","F",0,"T","F",0,"","F","F","",0,0,"N",0,"N",0,"N",0,2,3,0,"","","","","F","F","F","F","F","F","F","F","F","flanm001","flanm001","","F","F","F","F","F","","","","",0,0,0,0,0,0,0,0,0,6,"BAL","TOR","BAL",0,"F","F",2,0,2,5,5,"T","F",3,6,"T","T","ceror001","mckad101","T","T",7,5,5,10,4,4,0,0,0,"dempr001","dempr001","",0,0,0,0,0,0,0,0,0,0,0,0,0,"","F","F","F","F",0,0,0,0,0,0,0,0,0,0,F,T,"1978BAL.EVA.regular.event.csv",1183
"BAL197805180","TOR",1,0,1,0,0,"",2,0,"maybj101","?","maybj101","?","flanm001","?","flanm001","?","dempr001","murre001","decid001","dauer001","belam101","kellp101","harll101","singk001","","veleo101","cartr101","K","F","F",3,6,3,"T","T",0,"F","F",1,"F","F",0,"F","F",0,"","F","F","",0,0,"N",0,"N",0,"N",0,0,2,3,"2","","","","F","F","F","F","F","F","F","F","F","","flanm001","flanm001","F","F","F","F","F","","","","",0,2,0,0,0,0,0,0,0,7,"BAL","TOR","BAL",0,"F","F",2,0,2,5,5,"F","F",6,6,"T","T","ceror001","mckad101","T","T",0,0,0,7,5,5,10,4,4,"","dempr001","dempr001",0,0,0,0,0,0,0,0,0,0,0,0,0,"","F","F","F","F",0,0,0,0,0,0,0,0,0,0,F,F,"1978BAL.EVA.regular.event.csv",1184
"BAL197805180","TOR",1,0,2,0,0,"",2,0,"ceror001","?","ceror001","?","flanm001","?","flanm001","?","dempr001","murre001","decid001","dauer001","belam101","kellp101","harll101","singk001","","veleo101","cartr101","K","F","F",2,7,3,"T","T",0,"F","F",1,"F","F",0,"F","F",0,"","F","F","",0,0,"N",0,"N",0,"N",0,0,2,3,"2","","","","F","F","F","F","F","F","F","F","F","","flanm001","flanm001","F","F","F","F","F","","","","",0,2,0,0,0,0,0,0,0,8,"BAL","TOR","BAL",0,"F","T",2,0,2,6,6,"T","F",6,6,"T","T","mckad101","gomel101","T","T",0,0,0,7,5,5,10,4,4,"","dempr001","dempr001",0,0,0,0,0,0,0,0,0,0,0,0,0,"","F","F","F","F",0,0,0,0,0,0,0,0,0,0,F,F,"1978BAL.EVA.regular.event.csv",1185
"BAL197805180","TOR",1,1,0,0,0,"",2,0,"harll101","?","harll101","?","clanj001","?","clanj001","?","ceror001","maybj101","mckad101","hower001","gomel101","veleo101","boser101","bailb001","","","","4","T","F",8,1,2,"T","T",0,"F","F",1,"F","F",0,"F","F",4,"F","F","F","",0,0,"N",0,"N",0,"N",0,0,0,0,"4","","","","F","F","F","F","F","F","F","F","F","","","","F","F","F","F","F","","","","",0,4,0,0,0,0,0,0,0,9,"BAL","BAL","TOR",1,"T","F",0,2,0,0,0,"T","F",0,0,"T","T","belam101","kellp101","T","T",0,0,0,0,0,0,0,0,0,"","","",0,0,0,0,0,0,0,0,0,0,0,0,0,"mckad101","F","F","F","F",0,0,0,0,0,0,0,0,0,0,F,F,"1978BAL.EVA.regular.event.csv",1186
"BAL197805180","TOR",1,1,1,0,0,"",2,0,"belam101","?","belam101","?","clanj001","?","clanj001","?","ceror001","maybj101","mckad101","hower001","gomel101","veleo101","boser101","bailb001","","","","3","F","F",6,2,2,"T","T",0,"F","F",1,"F","F",0,"F","F",3,"F","F","F","",0,0,"N",0,"N",0,"N",0,0,0,0,"3","","","","F","F","F","F","F","F","F","F","F","","","","F","F","F","F","F","","","","",0,3,0,0,0,0,0,0,0,10,"BAL","BAL","TOR",1,"F","F",0,2,0,1,1,"T","F",0,0,"T","T","kellp101","singk001","T","T",0,0,0,0,0,0,0,0,0,"","","",0,0,0,0,0,0,0,0,0,0,0,0,0,"maybj101","F","F","F","F",0,0,0,0,0,0,0,0,0,0,F,F,"1978BAL.EVA.regular.event.csv",1187
"BAL197805180","TOR",1,1,2,0,0,"",2,0,"kellp101","?","kellp101","?","clanj001","?","clanj001","?","ceror001","maybj101","mckad101","hower001","gomel101","veleo101","boser101","bailb001","","","","7","F","F",7,3,2,"T","T",0,"F","F",1,"F","F",0,"F","F",7,"F","F","F","",0,0,"N",0,"N",0,"N",0,0,0,0,"7","","","","F","F","F","F","F","F","F","F","F","","","","F","F","F","F","F","","","","",0,7,0,0,0,0,0,0,0,11,"BAL","BAL","TOR",1,"F","T",0,2,0,2,2,"T","F",0,0,"T","T","singk001","murre001","T","T",0,0,0,0,0,0,0,0,0,"","","",0,0,0,0,0,0,0,0,0,0,0,0,0,"veleo101","F","F","F","F",0,0,0,0,0,0,0,0,0,0,F,F,"1978BAL.EVA.regular.event.csv",1188
"BAL197805180","TOR",2,0,0,0,0,"",2,0,"mckad101","?","mckad101","?","flanm001","?","flanm001","?","dempr001","murre001","decid001","dauer001","belam101","kellp101","harll101","singk001","","","","K/C","T","F",4,8,3,"T","T",0,"F","F",1,"F","F",0,"F","F",0,"","F","F","",0,0,"N",0,"N",0,"N",0,0,0,0,"2","","","","F","F","F","F","F","F","F","F","F","","","","F","F","F","F","F","","","","",0,2,0,0,0,0,0,0,0,12,"BAL","TOR","BAL",0,"T","F",2,0,0,7,0,"T","F",0,0,"T","T","gomel101","boser101","T","T",0,0,0,0,0,0,0,0,0,"","","",0,0,0,0,0,0,0,0,0,0,0,0,0,"","F","F","F","F",0,0,0,0,0,0,0,0,0,0,F,F,"1978BAL.EVA.regular.event.csv",1189
"BAL197805180","TOR",2,0,1,0,0,"",2,0,"gomel101","?","gomel101","?","flanm001","?","flanm001","?","dempr001","murre001","decid001","dauer001","belam101","kellp101","harll101","singk001","","","","53/BG","F","F",6,9,2,"T","T",0,"F","F",1,"F","F",0,"F","F",5,"G","T","F","",0,0,"N",0,"N",0,"N",0,0,0,0,"53","","","","F","F","F","F","F","F","F","F","F","","","","F","F","F","F","F","","","","",0,3,0,0,5,0,0,0,0,13,"BAL","TOR","BAL",0,"F","F",2,0,0,8,1,"T","F",0,0,"T","T","boser101","bailb001","T","T",0,0,0,0,0,0,0,0,0,"","","",0,0,0,0,0,0,0,0,0,0,0,0,0,"dauer001","F","F","F","F",0,0,0,0,0,0,0,0,0,0,F,F,"1978BAL.EVA.regular.event.csv",1190
"BAL197805180","TOR",2,0,2,0,0,"",2,0,"boser101","?","boser101","?","flanm001","?","flanm001","?","dempr001","murre001","decid001","dauer001","belam101","kellp101","harll101","singk001","","","","53","F","F",8,1,2,"T","T",0,"F","F",1,"F","F",0,"F","F",5,"G","F","F","",0,0,"N",0,"N",0,"N",0,0,0,0,"53","","","","F","F","F","F","F","F","F","F","F","","","","F","F","F","F","F","","","","",0,3,0,0,5,0,0,0,0,14,"BAL","TOR","BAL",0,"F","T",2,0,0,9,2,"T","F",0,0,"T","T","bailb001","hower001","T","T",0,0,0,0,0,0,0,0,0,"","","",0,0,0,0,0,0,0,0,0,0,0,0,0,"dauer001","F","F","F","F",0,0,0,0,0,0,0,0,0,0,F,F,"1978BAL.EVA.regular.event.csv",1191
"BAL197805180","TOR",2,1,0,0,0,"",2,0,"singk001","?","singk001","?","clanj001","?","clanj001","?","ceror001","maybj101","mckad101","hower001","gomel101","veleo101","boser101","bailb001","","","","W","T","F",9,4,14,"T","F",0,"F","F",0,"F","F",0,"F","F",0,"","F","F","",0,0,"N",0,"N",0,"N",1,0,0,0,"","","","","F","F","F","F","F","F","F","F","F","","","","F","F","F","F","F","","","","",0,0,0,0,0,0,0,0,0,15,"BAL","BAL","TOR",1,"T","F",0,2,0,3,0,"T","F",0,1,"T","T","murre001","may-l101","T","T",0,0,0,0,0,0,0,0,0,"","","",0,0,0,0,0,0,0,0,0,0,0,0,0,"","F","F","F","F",0,0,0,0,0,0,0,0,0,0,F,F,"1978BAL.EVA.regular.event.csv",1192
"BAL197805180","TOR",2,1,0,0,0,"",2,0,"murre001","?","murre001","?","clanj001","?","clanj001","?","ceror001","maybj101","mckad101","hower001","gomel101","veleo101","boser101","bailb001","singk001","","","46(1)3/GDP","F","F",3,5,2,"T","T",0,"F","F",2,"T","F",0,"F","F",4,"G","F","F","",0,0,"N",0,"N",0,"N",0,0,0,0,"63","46","","","F","F","F","F","F","F","F","F","F","clanj001","","","F","F","F","F","F","","","","",0,6,3,0,4,6,0,0,0,16,"BAL","BAL","TOR",1,"F","F",0,2,0,4,1,"T","F",1,0,"T","T","may-l101","decid001","T","T",9,4,15,0,0,0,0,0,0,"ceror001","","",0,0,0,0,0,0,0,0,0,0,0,0,0,"mckad101","T","F","F","F",0,0,0,0,0,0,0,0,0,0,F,F,"1978BAL.EVA.regular.event.csv",1193
"BAL197805180","TOR",2,1,2,0,0,"",2,0,"may-l101","?","may-l101","?","clanj001","?","clanj001","?","ceror001","maybj101","mckad101","hower001","gomel101","veleo101","boser101","bailb001","","","","S7/G","F","F",10,6,20,"T","T",1,"F","F",0,"F","F",0,"F","F",7,"G","F","F","",0,0,"N",0,"N",0,"N",1,0,0,0,"","","","","F","F","F","F","F","F","F","F","F","","","","F","F","F","F","F","","","","",0,0,0,0,0,0,0,0,0,17,"BAL","BAL","TOR",1,"F","F",0,2,0,5,2,"T","F",0,1,"T","T","decid001","dempr001","T","T",0,0,0,0,0,0,0,0,0,"","","",0,0,0,0,0,0,0,0,0,0,0,0,0,"veleo101","F","F","F","F",0,0,0,0,0,0,0,0,0,0,F,F,"1978BAL.EVA.regular.event.csv",1194
"BAL197805180","TOR",2,1,2,0,0,"",2,0,"decid001","?","decid001","?","clanj001","?","clanj001","?","ceror001","maybj101","mckad101","hower001","gomel101","veleo101","boser101","bailb001","may-l101","","","5/FL","F","F",4,7,2,"T","T",0,"F","F",1,"F","F",0,"F","F",5,"F","F","T","",0,0,"N",0,"N",0,"N",0,1,0,0,"5","","","","F","F","F","F","F","F","F","F","F","clanj001","","","F","F","F","F","F","","","","",0,5,0,0,0,0,0,0,0,18,"BAL","BAL","TOR",1,"F","T",0,2,0,6,3,"T","F",1,1,"T","T","dempr001","dauer001","T","T",10,6,17,0,0,0,0,0,0,"ceror001","","",0,0,0,0,0,0,0,0,0,0,0,0,0,"hower001","F","F","F","F",0,0,0,0,0,0,0,0,0,0,F,F,"1978BAL.EVA.regular.event.csv",1195
"BAL197805180","TOR",3,0,0,0,0,"",2,0,"bailb001","?","bailb001","?","flanm001","?","flanm001","?","dempr001","murre001","decid001","dauer001","belam101","kellp101","harll101","singk001","","","","5/L","T","F",9,2,2,"T","T",0,"F","F",1,"F","F",0,"F","F",5,"L","F","F","",0,0,"N",0,"N",0,"N",0,0,0,0,"5","","","","F","F","F","F","F","F","F","F","F","","","","F","F","F","F","F","","","","",0,5,0,0,0,0,0,0,0,19,"BAL","TOR","BAL",0,"T","F",2,0,0,10,0,"T","F",0,0,"T","T","hower001","cartr101","T","T",0,0,0,0,0,0,0,0,0,"","","",0,0,0,0,0,0,0,0,0,0,0,0,0,"dauer001","F","F","F","F",0,0,0,0,0,0,0,0,0,0,F,F,"1978BAL.EVA.regular.event.csv",1196
"BAL197805180","TOR",3,0,1,0,0,"",2,0,"hower001","?","hower001","?","flanm001","?","flanm001","?","dempr001","murre001","decid001","dauer001","belam101","kellp101","harll101","singk001","","","","K","F","F",5,3,3,"T","T",0,"F","F",1,"F","F",0,"F","F",0,"","F","F","",0,0,"N",0,"N",0,"N",0,0,0,0,"2","","","","F","F","F","F","F","F","F","F","F","","","","F","F","F","F","F","","","","",0,2,0,0,0,0,0,0,0,20,"BAL","TOR","BAL",0,"F","F",2,0,0,11,1,"T","F",0,0,"T","T","cartr101","veleo101","T","T",0,0,0,0,0,0,0,0,0,"","","",0,0,0,0,0,0,0,0,0,0,0,0,0,"","F","F","F","F",0,0,0,0,0,0,0,0,0,0,F,F,"1978BAL.EVA.regular.event.csv",1197
"BAL197805180","TOR",3,0,2,0,0,"",2,0,"cartr101","?","cartr101","?","flanm001","?","flanm001","?","dempr001","murre001","decid001","dauer001","belam101","kellp101","harll101","singk001","","","","W","F","F",10,4,14,"T","F",0,"F","F",0,"F","F",0,"F","F",0,"","F","F","",0,0,"N",0,"N",0,"N",1,0,0,0,"","","","","F","F","F","F","F","F","F","F","F","","","","F","F","F","F","F","","","","",0,0,0,0,0,0,0,0,0,21,"BAL","TOR","BAL",0,"F","F",2,0,0,12,2,"T","F",0,1,"T","T","veleo101","maybj101","T","T",0,0,0,0,0,0,0,0,0,"","","",0,0,0,0,0,0,0,0,0,0,0,0,0,"","F","F","F","F",0,0,0,0,0,0,0,0,0,0,F,F,"1978BAL.EVA.regular.event.csv",1198
"BAL197805180","TOR",3,0,2,0,0,"",2,0,"veleo101","?","veleo101","?","flanm001","?","flanm001","?","dempr001","murre001","decid001","dauer001","belam101","kellp101","harll101","singk001","cartr101","","","K/C","F","F",7,5,3,"T","T",0,"F","F",1,"F","F",0,"F","F",0,"","F","F","",0,0,"N",0,"N",0,"N",0,1,0,0,"2","","","","F","F","F","F","F","F","F","F","F","flanm001","","","F","F","F","F","F","","","","",0,2,0,0,0,0,0,0,0,22,"BAL","TOR","BAL",0,"F","T",2,0,0,13,3,"T","F",1,1,"T","T","maybj101","ceror001","T","T",10,4,21,0,0,0,0,0,0,"dempr001","","",0,0,0,0,0,0,0,0,0,0,0,0,0,"","F","F","F","F",0,0,0,0,0,0,0,0,0,0,F,F,"1978BAL.EVA.regular.event.csv",1199
"BAL197805180","TOR",3,1,0,0,0,"",2,0,"dempr001","?","dempr001","?","clanj001","?","clanj001","?","ceror001","maybj101","mckad101","hower001","gomel101","veleo101","boser101","bailb001","","","","W","T","F",2,8,14,"T","F",0,"F","F",0,"F","F",0,"F","F",0,"","F","F","",0,0,"N",0,"N",0,"N",1,0,0,0,"","","","","F","F","F","F","F","F","F","F","F","","","","F","F","F","F","F","","","","",0,0,0,0,0,0,0,0,0,23,"BAL","BAL","TOR",1,"T","F",0,2,0,7,0,"T","F",0,1,"T","T","dauer001","harll101","T","T",0,0,0,0,0,0,0,0,0,"","","",0,0,0,0,0,0,0,0,0,0,0,0,0,"","F","F","F","F",0,0,0,0,0,0,0,0,0,0,F,F,"1978BAL.EVA.regular.event.csv",1200
"BAL197805180","TOR",3,1,0,0,0,"",2,0,"dauer001","?","dauer001","?","clanj001","?","clanj001","?","ceror001","maybj101","mckad101","hower001","gomel101","veleo101","boser101","bailb001","dempr001","","","W.1-2","F","F",5,9,14,"T","F",0,"F","F",0,"F","F",0,"F","F",0,"","F","F","",0,0,"N",0,"N",0,"N",1,2,0,0,"","","","","F","F","F","F","F","F","F","F","F","clanj001","","","F","F","F","F","F","","","","",0,0,0,0,0,0,0,0,0,24,"BAL","BAL","TOR",1,"F","F",0,2,0,8,1,"T","F",1,3,"T","T","harll101","belam101","T","T",2,8,23,0,0,0,0,0,0,"ceror001","","",0,0,0,0,0,0,0,0,0,0,0,0,0,"","F","F","F","F",0,0,0,0,0,0,0,0,0,0,F,F,"1978BAL.EVA.regular.event.csv",1201
"BAL197805180","TOR",3,1,0,0,0,"",2,0,"harll101","?","harll101","?","clanj001","?","clanj001","?","ceror001","maybj101","mckad101","hower001","gomel101","veleo101","boser101","bailb001","dauer001","dempr001","","5/FL","F","F",8,1,2,"T","T",0,"F","F",1,"F","F",0,"F","F",5,"F","F","T","",0,0,"N",0,"N",0,"N",0,1,2,0,"5","","","","F","F","F","F","F","F","F","F","F","clanj001","clanj001","","F","F","F","F","F","","","","",0,5,0,0,0,0,0,0,0,25,"BAL","BAL","TOR",1,"F","F",0,2,0,9,2,"T","F",3,3,"T","T","belam101","kellp101","T","T",5,9,24,2,8,23,0,0,0,"ceror001","ceror001","",0,0,0,0,0,0,0,0,0,0,0,0,0,"hower001","F","F","F","F",0,0,0,0,0,0,0,0,0,0,F,F,"1978BAL.EVA.regular.event.csv",1202
"BAL197805180","TOR",3,1,1,0,0,"",2,0,"belam101","?","belam101","?","clanj001","?","clanj001","?","ceror001","maybj101","mckad101","hower001","gomel101","veleo101","boser101","bailb001","dauer001","dempr001","","2/FL","F","F",6,2,2,"T","T",0,"F","F",1,"F","F",0,"F","F",2,"F","F","T","",0,0,"N",0,"N",0,"N",0,1,2,0,"2","","","","F","F","F","F","F","F","F","F","F","clanj001","clanj001","","F","F","F","F","F","","","","",0,2,0,0,0,0,0,0,0,26,"BAL","BAL","TOR",1,"F","F",0,2,0,10,3,"T","F",3,3,"T","T","kellp101","singk001","T","T",5,9,24,2,8,23,0,0,0,"ceror001","ceror001","",0,0,0,0,0,0,0,0,0,0,0,0,0,"ceror001","F","F","F","F",0,0,0,0,0,0,0,0,0,0,F,F,"1978BAL.EVA.regular.event.csv",1203
"BAL197805180","TOR",3,1,2,0,0,"",2,0,"kellp101","?","kellp101","?","clanj001","?","clanj001","?","ceror001","maybj101","mckad101","hower001","gomel101","veleo101","boser101","bailb001","dauer001","dempr001","","K","F","F",7,3,3,"T","T",0,"F","F",1,"F","F",0,"F","F",0,"","F","F","",0,0,"N",0,"N",0,"N",0,1,2,0,"2","","","","F","F","F","F","F","F","F","F","F","clanj001","clanj001","","F","F","F","F","F","","","","",0,2,0,0,0,0,0,0,0,27,"BAL","BAL","TOR",1,"F","T",0,2,0,11,4,"T","F",3,3,"T","T","singk001","murre001","T","T",5,9,24,2,8,23,0,0,0,"ceror001","ceror001","",0,0,0,0,0,0,0,0,0,0,0,0,0,"","F","F","F","F",0,0,0,0,0,0,0,0,0,0,F,F,"1978BAL.EVA.regular.event.csv",1204
"BAL197805180","TOR",4,0,0,0,0,"",2,0,"maybj101","?","maybj101","?","flanm001","?","flanm001","?","dempr001","murre001","decid001","dauer001","belam101","kellp101","harll101","singk001","","","","5/FL","T","F",3,6,2,"T","T",0,"F","F",1,"F","F",0,"F","F",5,"F","F","T","",0,0,"N",0,"N",0,"N",0,0,0,0,"5","","","","F","F","F","F","F","F","F","F","F","","","","F","F","F","F","F","","","","",0,5,0,0,0,0,0,0,0,28,"BAL","TOR","BAL",0,"T","F",2,0,0,14,0,"T","F",0,0,"T","T","ceror001","mckad101","T","T",0,0,0,0,0,0,0,0,0,"","","",0,0,0,0,0,0,0,0,0,0,0,0,0,"dauer001","F","F","F","F",0,0,0,0,0,0,0,0,0,0,F,F,"1978BAL.EVA.regular.event.csv",1205
"BAL197805180","TOR",4,0,1,0,0,"",2,0,"ceror001","?","ceror001","?","flanm001","?","flanm001","?","dempr001","murre001","decid001","dauer001","belam101","kellp101","harll101","singk001","","","","8","F","F",2,7,2,"T","T",0,"F","F",1,"F","F",0,"F","F",8,"F","F","F","",0,0,"N",0,"N",0,"N",0,0,0,0,"8","","","","F","F","F","F","F","F","F","F","F","","","","F","F","F","F","F","","","","",0,8,0,0,0,0,0,0,0,29,"BAL","TOR","BAL",0,"F","F",2,0,0,15,1,"T","F",0,0,"T","T","mckad101","gomel101","T","T",0,0,0,0,0,0,0,0,0,"","","",0,0,0,0,0,0,0,0,0,0,0,0,0,"harll101","F","F","F","F",0,0,0,0,0,0,0,0,0,0,F,F,"1978BAL.EVA.regular.event.csv",1206
"BAL197805180","TOR",4,0,2,0,0,"",2,0,"mckad101","?","mckad101","?","flanm001","?","flanm001","?","dempr001","murre001","decid001","dauer001","belam101","kellp101","harll101","singk001","","","","63","F","F",4,8,2,"T","T",0,"F","F",1,"F","F",0,"F","F",6,"G","F","F","",0,0,"N",0,"N",0,"N",0,0,0,0,"63","","","","F","F","F","F","F","F","F","F","F","","","","F","F","F","F","F","","","","",0,3,0,0,6,0,0,0,0,30,"BAL","TOR","BAL",0,"F","T",2,0,0,16,2,"T","F",0,0,"T","T","gomel101","boser101","T","T",0,0,0,0,0,0,0,0,0,"","","",0,0,0,0,0,0,0,0,0,0,0,0,0,"belam101","F","F","F","F",0,0,0,0,0,0,0,0,0,0,F,F,"1978BAL.EVA.regular.event.csv",1207
"BAL197805180","TOR",4,1,0,0,0,"",2,0,"singk001","?","singk001","?","clanj001","?","clanj001","?","ceror001","maybj101","mckad101","hower001","gomel101","veleo101","boser101","bailb001","","","","K/C","T","F",9,4,3,"T","T",0,"F","F",1,"F","F",0,"F","F",0,"","F","F","",0,0,"N",0,"N",0,"N",0,0,0,0,"2","","","","F","F","F","F","F","F","F","F","F","","","","F","F","F","F","F","","","","",0,2,0,0,0,0,0,0,0,31,"BAL","BAL","TOR",1,"T","F",0,2,0,12,0,"T","F",0,0,"T","T","murre001","may-l101","T","T",0,0,0,0,0,0,0,0,0,"","","",0,0,0,0,0,0,0,0,0,0,0,0,0,"","F","F","F","F",0,0,0,0,2,0,0,0,0,0,F,F,"1978BAL.EVA.regular.event.csv",1208
"BAL197805180","TOR",4,1,1,0,0,"",2,0,"murre001","?","murre001","?","clanj001","?","clanj001","?","ceror001","maybj101","mckad101","hower001","gomel101","veleo101","boser101","bailb001","","","","W","F","F",3,5,14,"T","F",0,"F","F",0,"F","F",0,"F","F",0,"","F","F","",0,0,"N",0,"N",0,"N",1,0,0,0,"","","","","F","F","F","F","F","F","F","F","F","","","","F","F","F","F","F","","","","",0,0,0,0,0,0,0,0,0,32,"BAL","BAL","TOR",1,"F","F",0,2,0,13,1,"T","F",0,1,"T","T","may-l101","decid001","T","T",0,0,0,0,0,0,0,0,0,"","","",0,0,0,0,0,0,0,0,0,0,0,0,0,"","F","F","F","F",4,0,0,0,2,0,0,0,0,0,F,F,"1978BAL.EVA.regular.event.csv",1209
"BAL197805180","TOR",4,1,1,0,0,"",2,0,"may-l101","?","may-l101","?","clanj001","?","clanj001","?","ceror001","maybj101","mckad101","hower001","gomel101","veleo101","boser101","bailb001","murre001","","","4","F","F",10,6,2,"T","T",0,"F","F",1,"F","F",0,"F","F",4,"F","F","F","",0,0,"N",0,"N",0,"N",0,1,0,0,"4","","","","F","F","F","F","F","F","F","F","F","clanj001","","","F","F","F","F","F","","","","",0,4,0,0,0,0,0,0,0,33,"BAL","BAL","TOR",1,"F","F",0,2,0,14,2,"T","F",1,1,"T","T","decid001","dempr001","T","T",3,5,32,0,0,0,0,0,0,"ceror001","","",0,0,0,0,0,0,0,0,0,0,0,0,0,"mckad101","F","F","F","F",0,4,0,0,2,0,0,0,0,0,F,F,"1978BAL.EVA.regular.event.csv",1210
"BAL197805180","TOR",4,1,2,0,0,"",2,0,"decid001","?","decid001","?","clanj001","?","clanj001","?","ceror001","maybj101","mckad101","hower001","gomel101","veleo101","boser101","bailb001","murre001","","","HR/7.1-H","F","F",4,7,23,"T","T",4,"F","F",0,"F","F",2,"F","F",0,"","F","F","7",0,0,"N",0,"N",0,"N",4,4,0,0,"","","","","F","F","F","F","F","F","F","F","F","clanj001","","","F","F","F","F","F","","","","",0,0,0,0,0,0,0,0,0,34,"BAL","BAL","TOR",1,"F","F",0,2,0,15,3,"T","F",1,0,"T","T","dempr001","dauer001","T","T",3,5,32,0,0,0,0,0,0,"ceror001","","",0,0,0,0,0,0,0,0,0,0,0,0,2,"","F","F","F","F",4,4,0,0,0,0,0,0,0,0,F,F,"1978BAL.EVA.regular.event.csv",1211
"BAL197805180","TOR",4,1,2,0,0,"",2,2,"dempr001","?","dempr001","?","clanj001","?","clanj001","?","ceror001","maybj101","mckad101","hower001","gomel101","veleo101","boser101","bailb001","","","","4","F","F",2,8,2,"T","T",0,"F","F",1,"F","F",0,"F","F",4,"F","F","F","",0,0,"N",0,"N",0,"N",0,0,0,0,"4","","","","F","F","F","F","F","F","F","F","F","","","","F","F","F","F","F","","","","",0,4,0,0,0,0,0,0,0,35,"BAL","BAL","TOR",1,"F","T",2,2,2,16,4,"T","F",0,0,"T","T","dauer001","harll101","T","T",0,0,0,0,0,0,0,0,0,"","","",0,0,0,0,0,0,0,0,0,0,0,0,0,"mckad101","F","F","F","F",0,0,0,0,0,0,0,0,0,0,F,F,"1978BAL.EVA.regular.event.csv",1212
"BAL197805180","TOR",5,0,0,0,0,"",2,2,"gomel101","?","gomel101","?","flanm001","?","flanm001","?","dempr001","murre001","decid001","dauer001","belam101","kellp101","harll101","singk001","","","","43","T","F",6,9,2,"T","T",0,"F","F",1,"F","F",0,"F","F",4,"G","F","F","",0,0,"N",0,"N",0,"N",0,0,0,0,"43","","","","F","F","F","F","F","F","F","F","F","","","","F","F","F","F","F","","","","",0,3,0,0,4,0,0,0,0,36,"BAL","TOR","BAL",0,"T","F",2,2,0,17,0,"T","F",0,0,"T","T","boser101","bailb001","T","T",0,0,0,0,0,0,0,0,0,"","","",0,0,0,0,0,0,0,0,0,0,0,0,0,"decid001","F","F","F","F",0,0,0,0,0,0,0,0,0,0,F,F,"1978BAL.EVA.regular.event.csv",1213
"BAL197805180","TOR",5,0,1,0,0,"",2,2,"boser101","?","boser101","?","flanm001","?","flanm001","?","dempr001","murre001","decid001","dauer001","belam101","kellp101","harll101","singk001","","","","K","F","F",8,1,3,"T","T",0,"F","F",1,"F","F",0,"F","F",0,"","F","F","",0,0,"N",0,"N",0,"N",0,0,0,0,"2","","","","F","F","F","F","F","F","F","F","F","","","","F","F","F","F","F","","","","",0,2,0,0,0,0,0,0,0,37,"BAL","TOR","BAL",0,"F","F",2,2,0,18,1,"T","F",0,0,"T","T","bailb001","hower001","T","T",0,0,0,0,0,0,0,0,0,"","","",0,0,0,0,0,0,0,0,0,0,0,0,0,"","F","F","F","F",0,0,0,0,0,0,0,0,0,0,F,F,"1978BAL.EVA.regular.event.csv",1214
"BAL197805180","TOR",5,0,2,0,0,"",2,2,"bailb001","?","bailb001","?","flanm001","?","flanm001","?","dempr001","murre001","decid001","dauer001","belam101","kellp101","harll101","singk001","","","","63","F","F",9,2,2,"T","T",0,"F","F",1,"F","F",0,"F","F",6,"G","F","F","",0,0,"N",0,"N",0,"N",0,0,0,0,"63","","","","F","F","F","F","F","F","F","F","F","","","","F","F","F","F","F","","","","",0,3,0,0,6,0,0,0,0,38,"BAL","TOR","BAL",0,"F","T",2,2,0,19,2,"T","F",0,0,"T","T","hower001","cartr101","T","T",0,0,0,0,0,0,0,0,0,"","","",0,0,0,0,0,0,0,0,0,0,0,0,0,"belam101","F","F","F","F",0,0,0,0,0,0,0,0,0,0,F,F,"1978BAL.EVA.regular.event.csv",1215
"BAL197805180","TOR",5,1,0,0,0,"",2,2,"dauer001","?","dauer001","?","clanj001","?","clanj001","?","ceror001","maybj101","mckad101","hower001","gomel101","veleo101","boser101","bailb001","","","","7","T","F",5,9,2,"T","T",0,"F","F",1,"F","F",0,"F","F",7,"F","F","F","",0,0,"N",0,"N",0,"N",0,0,0,0,"7","","","","F","F","F","F","F","F","F","F","F","","","","F","F","F","F","F","","","","",0,7,0,0,0,0,0,0,0,39,"BAL","BAL","TOR",1,"T","F",2,2,0,17,0,"T","F",0,0,"T","T","harll101","belam101","T","T",0,0,0,0,0,0,0,0,0,"","","",0,0,0,0,0,0,0,0,0,0,0,0,0,"veleo101","F","F","F","F",0,0,0,0,2,0,0,0,0,0,F,F,"1978BAL.EVA.regular.event.csv",1216
"BAL197805180","TOR",5,1,1,0,0,"",2,2,"harll101","?","harll101","?","clanj001","?","clanj001","?","ceror001","maybj101","mckad101","hower001","gomel101","veleo101","boser101","bailb001","","","","D7","F","F",8,1,21,"T","T",2,"F","F",0,"F","F",0,"F","F",7,"","F","F","",0,0,"N",0,"N",0,"N",2,0,0,0,"","","","","F","F","F","F","F","F","F","F","F","","","","F","F","F","F","F","","","","",0,0,0,0,0,0,0,0,0,40,"BAL","BAL","TOR",1,"F","F",2,2,0,18,1,"T","F",0,2,"T","T","belam101","kellp101","T","T",0,0,0,0,0,0,0,0,0,"","","",0,0,0,0,0,0,0,0,0,0,0,0,0,"veleo101","F","F","F","F",4,0,0,0,2,0,0,0,0,0,F,F,"1978BAL.EVA.regular.event.csv",1217
"BAL197805180","TOR",5,1,1,0,0,"",2,2,"belam101","?","belam101","?","clanj001","?","clanj001","?","ceror001","maybj101","mckad101","hower001","gomel101","veleo101","boser101","bailb001","","harll101","","W","F","F",6,2,14,"T","F",0,"F","F",0,"F","F",0,"F","F",0,"","F","F","",0,0,"N",0,"N",0,"N",1,0,2,0,"","","","","F","F","F","F","F","F","F","F","F","","clanj001","","F","F","F","F","F","","","","",0,0,0,0,0,0,0,0,0,41,"BAL","BAL","TOR",1,"F","F",2,2,0,19,2,"T","F",2,3,"T","T","kellp101","singk001","T","T",0,0,0,8,1,40,0,0,0,"","ceror001","",0,0,0,0,0,0,0,0,0,0,0,0,0,"","F","F","F","F",4,0,4,0,2,0,0,0,0,0,F,F,"1978BAL.EVA.regular.event.csv",1218
"BAL197805180","TOR",5,1,1,0,0,"",2,2,"kellp101","?","kellp101","?","clanj001","?","clanj001","?","ceror001","maybj101","mckad101","hower001","gomel101","veleo101","boser101","bailb001","belam101","harll101","","D/78.2-H;1-H;BX3(8625)","F","F",7,3,21,"T","T",2,"F","F",1,"F","F",2,"F","F",0,"","F","F","78",0,0,"N",0,"N",0,"N",0,4,4,0,"8625","","","","F","F","F","F","F","F","F","F","F","clanj001","clanj001","","F","F","F","F","F","","","","",0,5,0,0,8,6,2,0,0,42,"BAL","BAL","TOR",1,"F","F",2,2,0,20,3,"T","F",3,0,"T","T","singk001","murre001","T","T",6,2,41,8,1,40,0,0,0,"ceror001","ceror001","",0,0,0,0,0,0,0,0,0,0,0,0,2,"","F","F","F","F",0,4,4,0,0,0,0,0,0,0,F,F,"1978BAL.EVA.regular.event.csv",1219
"BAL197805180","TOR",5,1,2,0,0,"",2,4,"singk001","?","singk001","?","clanj001","?","clanj001","?","ceror001","maybj101","mckad101","hower001","gomel101","veleo101","boser101","bailb001","","","","S8","F","F",9,4,20,"T","T",1,"F","F",0,"F","F",0,"F","F",8,"","F","F","",0,0,"N",0,"N",0,"N",1,0,0,0,"","","","","F","F","F","F","F","F","F","F","F","","","","F","F","F","F","F","","","","",0,0,0,0,0,0,0,0,0,43,"BAL","BAL","TOR",1,"F","F",4,2,2,21,4,"T","F",0,1,"T","T","murre001","may-l101","T","T",0,0,0,0,0,0,0,0,0,"","","",0,0,0,0,0,0,0,0,0,0,0,0,0,"boser101","F","F","F","F",0,0,0,0,0,0,0,0,0,0,F,F,"1978BAL.EVA.regular.event.csv",1220
"BAL197805180","TOR",5,1,2,0,0,"",2,4,"murre001","?","murre001","?","moorb101","?","moorb101","?","ceror001","maybj101","mckad101","hower001","gomel101","veleo101","boser101","bailb001","singk001","","","4","F","F",3,5,2,"T","T",0,"F","F",1,"F","F",0,"F","F",4,"F","F","F","",0,0,"N",0,"N",0,"N",0,1,0,0,"4","","","","F","F","F","F","F","F","F","F","F","clanj001","","","F","F","F","F","F","","","","",0,4,0,0,0,0,0,0,0,44,"BAL","BAL","TOR",1,"F","T",4,2,2,22,5,"T","F",1,1,"T","T","may-l101","decid001","F","F",9,4,43,0,0,0,0,0,0,"ceror001","","",0,0,0,0,0,0,0,0,0,0,0,0,0,"mckad101","F","F","F","F",0,0,0,0,0,0,0,0,0,0,F,F,"1978BAL.EVA.regular.event.csv",1221
"BAL197805180","TOR",6,0,0,0,0,"",2,4,"hower001","?","hower001","?","flanm001","?","flanm001","?","dempr001","murre001","decid001","dauer001","belam101","kellp101","harll101","singk001","","","","3/G","T","F",5,3,2,"T","T",0,"F","F",1,"F","F",0,"F","F",3,"G","F","F","",0,0,"N",0,"N",0,"N",0,0,0,0,"3","","","","F","F","F","F","F","F","F","F","F","","","","F","F","F","F","F","","","","",0,3,0,0,0,0,0,0,0,45,"BAL","TOR","BAL",0,"T","F",2,4,0,20,0,"T","F",0,0,"T","T","cartr101","veleo101","T","T",0,0,0,0,0,0,0,0,0,"","","",0,0,0,0,0,0,0,0,0,0,0,0,0,"murre001","F","F","F","F",0,0,0,0,0,0,0,0,0,0,F,F,"1978BAL.EVA.regular.event.csv",1222
"BAL197805180","TOR",6,0,1,0,0,"",2,4,"cartr101","?","cartr101","?","flanm001","?","flanm001","?","dempr001","murre001","decid001","dauer001","belam101","kellp101","harll101","singk001","","","","S?","F","F",10,4,20,"T","T",1,"F","F",0,"F","F",0,"F","F",0,"","F","F","",0,0,"N",0,"N",0,"N",1,0,0,0,"","","","","F","F","F","F","F","F","F","F","F","","","","F","F","F","F","F","","","","",0,0,0,0,0,0,0,0,0,46,"BAL","TOR","BAL",0,"F","F",2,4,0,21,1,"T","F",0,1,"T","T","veleo101","maybj101","T","T",0,0,0,0,0,0,0,0,0,"","","",0,0,0,0,0,0,0,0,0,0,0,0,0,"","F","F","F","F",0,0,0,0,0,0,0,0,0,0,F,F,"1978BAL.EVA.regular.event.csv",1223
"BAL197805180","TOR",6,0,1,0,0,"",2,4,"veleo101","?","veleo101","?","flanm001","?","flanm001","?","dempr001","murre001","decid001","dauer001","belam101","kellp101","harll101","singk001","cartr101","","","13.1-2","F","F",7,5,2,"T","T",0,"F","F",1,"F","F",0,"F","F",1,"G","F","F","",0,0,"N",0,"N",0,"N",0,2,0,0,"13","","","","F","F","F","F","F","F","F","F","F","flanm001","","","F","F","F","F","F","","","","",0,3,0,0,1,0,0,0,0,47,"BAL","TOR","BAL",0,"F","F",2,4,0,22,2,"T","F",1,2,"T","T","maybj101","ceror001","T","T",10,4,46,0,0,0,0,0,0,"dempr001","","",0,0,0,0,0,0,0,0,0,0,0,0,0,"flanm001","F","F","F","F",0,0,0,0,0,0,0,0,0,0,F,F,"1978BAL.EVA.regular.event.csv",1224
"BAL197805180","TOR",6,0,2,0,0,"",2,4,"maybj101","?","maybj101","?","flanm001","?","flanm001","?","dempr001","murre001","decid001","dauer001","belam101","kellp101","harll101","singk001","","cartr101","","K/C","F","F",3,6,3,"T","T",0,"F","F",1,"F","F",0,"F","F",0,"","F","F","",0,0,"N",0,"N",0,"N",0,0,2,0,"2","","","","F","F","F","F","F","F","F","F","F","","flanm001","","F","F","F","F","F","","","","",0,2,0,0,0,0,0,0,0,48,"BAL","TOR","BAL",0,"F","T",2,4,0,23,3,"T","F",2,2,"T","T","ceror001","mckad101","T","T",0,0,0,10,4,46,0,0,0,"","dempr001","",0,0,0,0,0,0,0,0,0,0,0,0,0,"","F","F","F","F",0,0,0,0,0,0,0,0,0,0,F,F,"1978BAL.EVA.regular.event.csv",1225
"BAL197805180","TOR",6,1,0,0,0,"",2,4,"may-l101","?","may-l101","?","moorb101","?","moorb101","?","ceror001","maybj101","mckad101","hower001","gomel101","veleo101","boser101","bailb001","","","","7","T","F",10,6,2,"T","T",0,"F","F",1,"F","F",0,"F","F",7,"F","F","F","",0,0,"N",0,"N",0,"N",0,0,0,0,"7","","","","F","F","F","F","F","F","F","F","F","","","","F","F","F","F","F","","","","",0,7,0,0,0,0,0,0,0,49,"BAL","BAL","TOR",1,"T","F",4,2,0,23,0,"T","F",0,0,"T","T","decid001","dempr001","F","F",0,0,0,0,0,0,0,0,0,"","","",0,0,0,0,0,0,0,0,0,0,0,0,0,"veleo101","F","F","F","F",0,0,0,0,0,0,0,0,0,0,F,F,"1978BAL.EVA.regular.event.csv",1226
"BAL197805180","TOR",6,1,1,0,0,"",2,4,"decid001","?","decid001","?","moorb101","?","moorb101","?","ceror001","maybj101","mckad101","hower001","gomel101","veleo101","boser101","bailb001","","","","6","F","F",4,7,2,"T","T",0,"F","F",1,"F","F",0,"F","F",6,"F","F","F","",0,0,"N",0,"N",0,"N",0,0,0,0,"6","","","","F","F","F","F","F","F","F","F","F","","","","F","F","F","F","F","","","","",0,6,0,0,0,0,0,0,0,50,"BAL","BAL","TOR",1,"F","F",4,2,0,24,1,"T","F",0,0,"T","T","dempr001","dauer001","F","F",0,0,0,0,0,0,0,0,0,"","","",0,0,0,0,0,0,0,0,0,0,0,0,0,"gomel101","F","F","F","F",0,0,0,0,0,0,0,0,0,0,F,F,"1978BAL.EVA.regular.event.csv",1227
"BAL197805180","TOR",6,1,2,0,0,"",2,4,"dempr001","?","dempr001","?","moorb101","?","moorb101","?","ceror001","maybj101","mckad101","hower001","gomel101","veleo101","boser101","bailb001","","","","7","F","F",2,8,2,"T","T",0,"F","F",1,"F","F",0,"F","F",7,"F","F","F","",0,0,"N",0,"N",0,"N",0,0,0,0,"7","","","","F","F","F","F","F","F","F","F","F","","","","F","F","F","F","F","","","","",0,7,0,0,0,0,0,0,0,51,"BAL","BAL","TOR",1,"F","T",4,2,0,25,2,"T","F",0,0,"T","T","dauer001","harll101","F","F",0,0,0,0,0,0,0,0,0,"","","",0,0,0,0,0,0,0,0,0,0,0,0,0,"veleo101","F","F","F","F",0,0,0,0,0,0,0,0,0,0,F,F,"1978BAL.EVA.regular.event.csv",1228
"BAL197805180","TOR",7,0,0,0,0,"",2,4,"ceror001","?","ceror001","?","flanm001","?","flanm001","?","dempr001","murre001","decid001","dauer001","belam101","kellp101","harll101","singk001","","","","23","T","F",2,7,2,"T","T",0,"F","F",1,"F","F",0,"F","F",2,"G","F","F","",0,0,"N",0,"N",0,"N",0,0,0,0,"23","","","","F","F","F","F","F","F","F","F","F","","","","F","F","F","F","F","","","","",0,3,0,0,2,0,0,0,0,52,"BAL","TOR","BAL",0,"T","F",2,4,0,24,0,"T","F",0,0,"T","T","mckad101","gomel101","T","T",0,0,0,0,0,0,0,0,0,"","","",0,0,0,0,0,0,0,0,0,0,0,0,0,"dempr001","F","F","F","F",0,0,0,0,0,0,0,0,0,0,F,F,"1978BAL.EVA.regular.event.csv",1229
"BAL197805180","TOR",7,0,1,0,0,"",2,4,"mckad101","?","mckad101","?","flanm001","?","flanm001","?","dempr001","murre001","decid001","dauer001","belam101","kellp101","harll101","singk001","","","","43","F","F",4,8,2,"T","T",0,"F","F",1,"F","F",0,"F","F",4,"G","F","F","",0,0,"N",0,"N",0,"N",0,0,0,0,"43","","","","F","F","F","F","F","F","F","F","F","","","","F","F","F","F","F","","","","",0,3,0,0,4,0,0,0,0,53,"BAL","TOR","BAL",0,"F","F",2,4,0,25,1,"T","F",0,0,"T","T","gomel101","boser101","T","T",0,0,0,0,0,0,0,0,0,"","","",0,0,0,0,0,0,0,0,0,0,0,0,0,"decid001","F","F","F","F",0,0,0,0,0,0,0,0,0,0,F,F,"1978BAL.EVA.regular.event.csv",1230
"BAL197805180","TOR",7,0,2,0,0,"",2,4,"gomel101","?","gomel101","?","flanm001","?","flanm001","?","dempr001","murre001","decid001","dauer001","belam101","kellp101","harll101","singk001","","","","K","F","F",6,9,3,"T","T",0,"F","F",1,"F","F",0,"F","F",0,"","F","F","",0,0,"N",0,"N",0,"N",0,0,0,0,"2","","","","F","F","F","F","F","F","F","F","F","","","","F","F","F","F","F","","","","",0,2,0,0,0,0,0,0,0,54,"BAL","TOR","BAL",0,"F","T",2,4,0,26,2,"T","F",0,0,"T","T","boser101","bailb001","T","T",0,0,0,0,0,0,0,0,0,"","","",0,0,0,0,0,0,0,0,0,0,0,0,0,"","F","F","F","F",0,0,0,0,0,0,0,0,0,0,F,F,"1978BAL.EVA.regular.event.csv",1231
"BAL197805180","TOR",7,1,0,0,0,"",2,4,"dauer001","?","dauer001","?","moorb101","?","moorb101","?","ceror001","maybj101","mckad101","hower001","gomel101","veleo101","boser101","bailb001","","","","E5.B-1","T","F",5,9,18,"T","T",0,"F","F",0,"F","F",0,"F","F",5,"G","F","F","",1,5,"F",0,"N",0,"N",1,0,0,0,"","","","","F","F","F","F","F","F","F","F","F","","","","F","F","F","F","F","","","","",0,0,0,0,0,0,0,0,0,55,"BAL","BAL","TOR",1,"T","F",4,2,0,26,0,"T","F",0,1,"T","T","harll101","belam101","F","F",0,0,0,0,0,0,0,0,0,"","","",0,0,0,0,0,0,0,0,0,0,0,0,0,"hower001","F","F","F","T",0,0,0,0,0,0,0,0,0,0,F,F,"1978BAL.EVA.regular.event.csv",1232
"BAL197805180","TOR",7,1,0,0,0,"",2,4,"harll101","?","harll101","?","moorb101","?","moorb101","?","ceror001","maybj101","mckad101","hower001","gomel101","veleo101","boser101","bailb001","dauer001","","","POCS2(136324)","F","F",8,1,8,"F","F",0,"F","F",1,"F","F",0,"F","F",0,"","F","F","",0,0,"N",0,"N",0,"N",0,0,0,0,"","136324","","","F","F","F","T","F","F","T","F","F","moorb101","","","F","F","F","F","F","","","","",0,4,0,0,1,3,6,2,0,56,"BAL","BAL","TOR",1,"F","F",4,2,0,27,1,"T","F",1,0,"T","T","belam101","kellp101","F","F",5,9,55,0,0,0,0,0,0,"ceror001","","",0,0,0,0,0,0,0,0,0,0,0,0,0,"","F","F","F","F",0,0,0,0,0,0,0,0,0,0,F,F,"1978BAL.EVA.regular.event.csv",1233
"BAL197805180","TOR",7,1,1,0,0,"",2,4,"harll101","?","harll101","?","moorb101","?","moorb101","?","ceror001","maybj101","mckad101","hower001","gomel101","veleo101","boser101","bailb001","","","","5/BP","F","F",8,1,2,"T","T",0,"F","F",1,"F","F",0,"F","F",5,"P","T","F","",0,0,"N",0,"N",0,"N",0,0,0,0,"5","","","","F","F","F","F","F","F","F","F","F","","","","F","F","F","F","F","","","","",0,5,0,0,0,0,0,0,0,57,"BAL","BAL","TOR",1,"F","F",4,2,0,27,1,"F","F",0,0,"T","T","belam101","kellp101","F","F",0,0,0,0,0,0,0,0,0,"","","",0,0,0,0,0,0,0,0,0,0,0,0,0,"hower001","F","F","F","F",0,0,0,0,0,0,0,0,0,0,F,F,"1978BAL.EVA.regular.event.csv",1234
"BAL197805180","TOR",7,1,2,0,0,"",2,4,"belam101","?","belam101","?","moorb101","?","moorb101","?","ceror001","maybj101","mckad101","hower001","gomel101","veleo101","boser101","bailb001","","","","W","F","F",6,2,14,"T","F",0,"F","F",0,"F","F",0,"F","F",0,"","F","F","",0,0,"N",0,"N",0,"N",1,0,0,0,"","","","","F","F","F","F","F","F","F","F","F","","","","F","F","F","F","F","","","","",0,0,0,0,0,0,0,0,0,58,"BAL","BAL","TOR",1,"F","F",4,2,0,28,2,"T","F",0,1,"T","T","kellp101","singk001","F","F",0,0,0,0,0,0,0,0,0,"","","",0,0,0,0,0,0,0,0,0,0,0,0,0,"","F","F","F","F",3,0,0,0,0,0,0,0,0,0,F,F,"1978BAL.EVA.regular.event.csv",1235
"BAL197805180","TOR",7,1,2,0,0,"",2,4,"kellp101","?","kellp101","?","moorb101","?","moorb101","?","ceror001","maybj101","mckad101","hower001","gomel101","veleo101","boser101","bailb001","belam101","","","S8.1-2","F","F",7,3,20,"T","T",1,"F","F",0,"F","F",0,"F","F",8,"","F","F","",0,0,"N",0,"N",0,"N",1,2,0,0,"","","","","F","F","F","F","F","F","F","F","F","moorb101","","","F","F","F","F","F","","","","",0,0,0,0,0,0,0,0,0,59,"BAL","BAL","TOR",1,"F","F",4,2,0,29,3,"T","F",1,3,"T","T","singk001","murre001","F","F",6,2,58,0,0,0,0,0,0,"ceror001","","",0,0,0,0,0,0,0,0,0,0,0,0,0,"boser101","F","F","F","F",2,3,0,0,0,0,0,0,0,0,F,F,"1978BAL.EVA.regular.event.csv",1236
"BAL197805180","TOR",7,1,2,0,0,"",2,4,"singk001","?","singk001","?","moorb101","?","moorb101","?","ceror001","maybj101","mckad101","hower001","gomel101","veleo101","boser101","bailb001","kellp101","belam101","","S5.2-3;1-2","F","F",9,4,20,"T","T",1,"F","F",0,"F","F",0,"F","F",5,"","F","F","",0,0,"N",0,"N",0,"N",1,2,3,0,"","","","","F","F","F","F","F","F","F","F","F","moorb101","moorb101","","F","F","F","F","F","","","","",0,0,0,0,0,0,0,0,0,60,"BAL","BAL","TOR",1,"F","F",4,2,0,30,4,"T","F",3,7,"T","T","murre001","may-l101","F","F",7,3,59,6,2,58,0,0,0,"ceror001","ceror001","",0,0,0,0,0,0,0,0,0,0,0,0,0,"hower001","F","F","F","F",1,2,3,0,0,0,0,0,0,0,F,F,"1978BAL.EVA.regular.event.csv",1237
"BAL197805180","TOR",7,1,2,0,0,"",2,4,"murre001","?","murre001","?","moorb101","?","moorb101","?","ceror001","maybj101","mckad101","hower001","gomel101","veleo101","boser101","bailb001","lopec101","kellp101","belam101","8","F","F",3,5,2,"T","T",0,"F","F",1,"F","F",0,"F","F",8,"F","F","F","",0,0,"N",0,"N",0,"N",0,1,2,3,"8","","","","F","F","F","F","F","F","F","F","F","moorb101","moorb101","moorb101","F","F","T","F","F","singk001","","","",0,8,0,0,0,0,0,0,0,61,"BAL","BAL","TOR",1,"F","T",4,2,0,31,5,"T","F",7,7,"T","T","may-l101","decid001","F","F",0,4,60,7,3,59,6,2,58,"ceror001","ceror001","ceror001",0,0,0,0,0,0,0,0,0,0,0,0,0,"boser101","F","F","F","F",0,1,2,3,0,0,0,0,0,0,F,F,"1978BAL.EVA.regular.event.csv",1238
"BAL197805180","TOR",8,0,0,0,0,"",2,4,"boser101","?","boser101","?","flanm001","?","flanm001","?","dempr001","murre001","decid001","dauer001","belam101","kellp101","harll101","lopec101","","","","S6#","T","F",8,1,20,"T","T",1,"F","F",0,"F","F",0,"F","F",6,"","F","F","",0,0,"N",0,"N",0,"N",1,0,0,0,"","","","","F","F","F","F","F","F","F","F","F","","","","F","F","F","F","F","","","","",0,0,0,0,0,0,0,0,0,62,"BAL","TOR","BAL",0,"T","F",2,4,0,27,0,"T","F",0,1,"T","T","bailb001","hower001","T","T",0,0,0,0,0,0,0,0,0,"","","",0,0,0,0,0,0,0,0,0,0,0,0,0,"belam101","F","F","F","F",4,0,0,0,1,0,0,0,0,0,F,T,"1978BAL.EVA.regular.event.csv",1239
"BAL197805180","TOR",8,0,0,0,0,"",2,4,"bailb001","?","bailb001","?","flanm001","?","flanm001","?","dempr001","murre001","decid001","dauer001","belam101","kellp101","harll101","lopec101","boser101","","","23.1-2","F","F",9,2,2,"T","T",0,"F","F",1,"F","F",0,"F","F",2,"G","F","F","",0,0,"N",0,"N",0,"N",0,2,0,0,"23","","","","F","F","F","F","F","F","F","F","F","flanm001","","","F","F","F","F","F","","","","",0,3,0,0,2,0,0,0,0,63,"BAL","TOR","BAL",0,"F","F",2,4,0,28,1,"T","F",1,2,"T","T","hower001","cartr101","T","T",8,1,62,0,0,0,0,0,0,"dempr001","","",0,0,0,0,0,0,0,0,0,0,0,0,0,"dempr001","F","F","F","F",0,4,0,0,1,0,0,0,0,0,F,F,"1978BAL.EVA.regular.event.csv",1240
"BAL197805180","TOR",8,0,1,0,0,"",2,4,"hower001","?","hower001","?","flanm001","?","flanm001","?","dempr001","murre001","decid001","dauer001","belam101","kellp101","harll101","lopec101","","boser101","","S7/G.2-H","F","F",5,3,20,"T","T",1,"F","F",0,"F","F",1,"F","F",7,"G","F","F","",0,0,"N",0,"N",0,"N",1,0,4,0,"","","","","F","F","F","F","F","F","F","F","F","","flanm001","","F","F","F","F","F","","","","",0,0,0,0,0,0,0,0,0,64,"BAL","TOR","BAL",0,"F","F",2,4,0,29,2,"T","F",2,1,"T","T","cartr101","veleo101","T","T",0,0,0,8,1,62,0,0,0,"","dempr001","",0,0,0,0,0,0,0,0,0,0,0,0,1,"kellp101","F","F","F","F",0,0,4,0,0,0,0,0,0,0,F,F,"1978BAL.EVA.regular.event.csv",1241
"BAL197805180","TOR",8,0,1,0,0,"",3,4,"cartr101","?","cartr101","?","flanm001","?","flanm001","?","dempr001","murre001","decid001","dauer001","belam101","kellp101","harll101","lopec101","hower001","","","S5.1-2#","F","F",10,4,20,"T","T",1,"F","F",0,"F","F",0,"F","F",5,"","F","F","",0,0,"N",0,"N",0,"N",1,2,0,0,"","","","","F","F","F","F","F","F","F","F","F","flanm001","","","F","F","F","F","F","","","","",0,0,0,0,0,0,0,0,0,65,"BAL","TOR","BAL",0,"F","F",3,4,1,30,3,"T","F",1,3,"T","T","veleo101","maybj101","T","T",5,3,64,0,0,0,0,0,0,"dempr001","","",0,0,0,0,0,0,0,0,0,0,0,0,0,"dauer001","F","F","F","F",0,0,0,0,0,0,0,0,0,0,F,T,"1978BAL.EVA.regular.event.csv",1242
"BAL197805180","TOR",8,0,1,0,0,"",3,4,"veleo101","?","veleo101","?","flanm001","?","flanm001","?","dempr001","murre001","decid001","dauer001","belam101","kellp101","harll101","lopec101","cartr101","hower001","","K/C","F","F",7,5,3,"T","T",0,"F","F",1,"F","F",0,"F","F",0,"","F","F","",0,0,"N",0,"N",0,"N",0,1,2,0,"2","","","","F","F","F","F","F","F","F","F","F","flanm001","flanm001","","F","F","F","F","F","","","","",0,2,0,0,0,0,0,0,0,66,"BAL","TOR","BAL",0,"F","F",3,4,1,31,4,"T","F",3,3,"T","T","maybj101","ceror001","T","T",10,4,65,5,3,64,0,0,0,"dempr001","dempr001","",0,0,0,0,0,0,0,0,0,0,0,0,0,"","F","F","F","F",0,0,0,0,0,0,0,0,0,0,F,F,"1978BAL.EVA.regular.event.csv",1243
"BAL197805180","TOR",8,0,2,0,0,"",3,4,"maybj101","?","maybj101","?","flanm001","?","flanm001","?","dempr001","murre001","decid001","dauer001","belam101","kellp101","harll101","lopec101","cartr101","hower001","","6","F","F",3,6,2,"T","T",0,"F","F",1,"F","F",0,"F","F",6,"F","F","F","",0,0,"N",0,"N",0,"N",0,1,2,0,"6","","","","F","F","F","F","F","F","F","F","F","flanm001","flanm001","","F","F","F","F","F","","","","",0,6,0,0,0,0,0,0,0,67,"BAL","TOR","BAL",0,"F","T",3,4,1,32,5,"T","F",3,3,"T","T","ceror001","mckad101","T","T",10,4,65,5,3,64,0,0,0,"dempr001","dempr001","",0,0,0,0,0,0,0,0,0,0,0,0,0,"belam101","F","F","F","F",0,0,0,0,0,0,0,0,0,0,F,F,"1978BAL.EVA.regular.event.csv",1244
"BAL197805180","TOR",8,1,0,0,0,"",3,4,"may-l101","?","may-l101","?","moorb101","?","moorb101","?","ceror001","maybj101","mckad101","hower001","gomel101","veleo101","boser101","bailb001","","","","K/C","T","F",10,6,3,"T","T",0,"F","F",1,"F","F",0,"F","F",0,"","F","F","",0,0,"N",0,"N",0,"N",0,0,0,0,"2","","","","F","F","F","F","F","F","F","F","F","","","","F","F","F","F","F","","","","",0,2,0,0,0,0,0,0,0,68,"BAL","BAL","TOR",1,"T","F",4,3,0,32,0,"T","F",0,0,"T","T","decid001","dempr001","F","F",0,0,0,0,0,0,0,0,0,"","","",0,0,0,0,0,0,0,0,0,0,0,0,0,"","F","F","F","F",0,0,0,0,1,0,0,0,0,0,F,F,"1978BAL.EVA.regular.event.csv",1245
"BAL197805180","TOR",8,1,1,0,0,"",3,4,"decid001","?","decid001","?","moorb101","?","moorb101","?","ceror001","maybj101","mckad101","hower001","gomel101","veleo101","boser101","bailb001","","","","HR/7","F","F",4,7,23,"T","T",4,"F","F",0,"F","F",1,"F","F",0,"","F","F","7",0,0,"N",0,"N",0,"N",4,0,0,0,"","","","","F","F","F","F","F","F","F","F","F","","","","F","F","F","F","F","","","","",0,0,0,0,0,0,0,0,0,69,"BAL","BAL","TOR",1,"F","F",4,3,0,33,1,"T","F",0,0,"T","T","dempr001","dauer001","F","F",0,0,0,0,0,0,0,0,0,"","","",0,0,0,0,0,0,0,0,0,0,0,0,1,"","F","F","F","F",4,0,0,0,0,0,0,0,0,0,F,F,"1978BAL.EVA.regular.event.csv",1246
"BAL197805180","TOR",8,1,1,0,0,"",3,5,"dempr001","?","dempr001","?","moorb101","?","moorb101","?","ceror001","maybj101","mckad101","hower001","gomel101","veleo101","boser101","bailb001","","","","6/L","F","F",2,8,2,"T","T",0,"F","F",1,"F","F",0,"F","F",6,"L","F","F","",0,0,"N",0,"N",0,"N",0,0,0,0,"6","","","","F","F","F","F","F","F","F","F","F","","","","F","F","F","F","F","","","","",0,6,0,0,0,0,0,0,0,70,"BAL","BAL","TOR",1,"F","F",5,3,1,34,2,"T","F",0,0,"T","T","dauer001","harll101","F","F",0,0,0,0,0,0,0,0,0,"","","",0,0,0,0,0,0,0,0,0,0,0,0,0,"gomel101","F","F","F","F",0,0,0,0,0,0,0,0,0,0,F,F,"1978BAL.EVA.regular.event.csv",1247
"BAL197805180","TOR",8,1,2,0,0,"",3,5,"dauer001","?","dauer001","?","moorb101","?","moorb101","?","ceror001","maybj101","mckad101","hower001","gomel101","veleo101","boser101","bailb001","","","","S7","F","F",5,9,20,"T","T",1,"F","F",0,"F","F",0,"F","F",7,"","F","F","",0,0,"N",0,"N",0,"N",1,0,0,0,"","","","","F","F","F","F","F","F","F","F","F","","","","F","F","F","F","F","","","","",0,0,0,0,0,0,0,0,0,71,"BAL","BAL","TOR",1,"F","F",5,3,1,35,3,"T","F",0,1,"T","T","harll101","belam101","F","F",0,0,0,0,0,0,0,0,0,"","","",0,0,0,0,0,0,0,0,0,0,0,0,0,"veleo101","F","F","F","F",1,0,0,0,0,0,0,0,0,0,F,F,"1978BAL.EVA.regular.event.csv",1248
"BAL197805180","TOR",8,1,2,0,0,"",3,5,"harll101","?","harll101","?","moorb101","?","moorb101","?","ceror001","maybj101","mckad101","hower001","gomel101","veleo101","boser101","bailb001","dauer001","","","9/L","F","F",8,1,2,"T","T",0,"F","F",1,"F","F",0,"F","F",9,"L","F","F","",0,0,"N",0,"N",0,"N",0,1,0,0,"9","","","","F","F","F","F","F","F","F","F","F","moorb101","","","F","F","F","F","F","","","","",0,9,0,0,0,0,0,0,0,72,"BAL","BAL","TOR",1,"F","T",5,3,1,36,4,"T","F",1,1,"T","T","belam101","kellp101","F","F",5,9,71,0,0,0,0,0,0,"ceror001","","",0,0,0,0,0,0,0,0,0,0,0,0,0,"bailb001","F","F","F","F",0,1,0,0,0,0,0,0,0,0,F,F,"1978BAL.EVA.regular.event.csv",1249
"BAL197805180","TOR",9,0,0,0,0,"",3,5,"ceror001","?","ceror001","?","flanm001","?","flanm001","?","dempr001","murre001","smitb101","dauer001","belam101","kellp101","harll101","lopec101","","","","6","T","F",2,7,2,"T","T",0,"F","F",1,"F","F",0,"F","F",6,"F","F","F","",0,0,"N",0,"N",0,"N",0,0,0,0,"6","","","","F","F","F","F","F","F","F","F","F","","","","F","F","F","F","F","","","","",0,6,0,0,0,0,0,0,0,73,"BAL","TOR","BAL",0,"T","F",3,5,0,33,0,"T","F",0,0,"T","T","mckad101","gomel101","T","T",0,0,0,0,0,0,0,0,0,"","","",0,0,0,0,0,0,0,0,0,0,0,0,0,"belam101","F","F","F","F",0,0,0,0,0,0,0,0,0,0,F,F,"1978BAL.EVA.regular.event.csv",1250
"BAL197805180","TOR",9,0,1,0,0,"",3,5,"mckad101","?","mckad101","?","flanm001","?","flanm001","?","dempr001","murre001","smitb101","dauer001","belam101","kellp101","harll101","lopec101","","","","7","F","F",4,8,2,"T","T",0,"F","F",1,"F","F",0,"F","F",7,"F","F","F","",0,0,"N",0,"N",0,"N",0,0,0,0,"7","","","","F","F","F","F","F","F","F","F","F","","","","F","F","F","F","F","","","","",0,7,0,0,0,0,0,0,0,74,"BAL","TOR","BAL",0,"F","F",3,5,0,34,1,"T","F",0,0,"T","T","gomel101","boser101","T","T",0,0,0,0,0,0,0,0,0,"","","",0,0,0,0,0,0,0,0,0,0,0,0,0,"kellp101","F","F","F","F",0,0,0,0,0,0,0,0,0,0,F,F,"1978BAL.EVA.regular.event.csv",1251
"BAL197805180","TOR",9,0,2,0,0,"",3,5,"aultd101","?","aultd101","?","flanm001","?","flanm001","?","dempr001","murre001","smitb101","dauer001","belam101","kellp101","harll101","lopec101","","","","W","F","T",11,9,14,"T","F",0,"F","F",0,"F","F",0,"F","F",0,"","F","F","",0,0,"N",0,"N",0,"N",1,0,0,0,"","","","","F","F","F","F","F","F","F","F","F","","","","F","F","F","F","F","","","","gomel101",6,0,0,0,0,0,0,0,0,75,"BAL","TOR","BAL",0,"F","F",3,5,0,35,2,"T","F",0,1,"F","F","boser101","bailb001","T","T",0,0,0,0,0,0,0,0,0,"","","",0,0,0,0,0,0,0,0,0,0,0,0,0,"","F","F","F","F",1,0,0,0,0,0,0,0,0,0,F,F,"1978BAL.EVA.regular.event.csv",1252
"BAL197805180","TOR",9,0,2,0,0,"",3,5,"boser101","?","boser101","?","flanm001","?","flanm001","?","dempr001","murre001","smitb101","dauer001","belam101","kellp101","harll101","lopec101","aultd101","","","6","F","F",8,1,2,"T","T",0,"F","F",1,"F","F",0,"F","F",6,"F","F","F","",0,0,"N",0,"N",0,"N",0,1,0,0,"6","","","","F","F","F","F","F","F","F","F","F","flanm001","","","F","T","F","F","F","","","","",0,6,0,0,0,0,0,0,0,76,"BAL","TOR","BAL",0,"F","T",3,5,0,36,3,"T","F",1,1,"T","T","bailb001","hower001","T","T",0,9,75,0,0,0,0,0,0,"dempr001","","",0,0,0,0,0,0,0,0,0,0,0,0,0,"belam101","F","F","F","F",0,1,0,0,0,0,0,0,0,0,F,F,"1978BAL.EVA.regular.event.csv",1253
"BAL197805230","DET",1,0,0,0,0,"",0,0,"leflr101","?","leflr101","?","flanm001","?","flanm001","?","dempr001","murre001","decid001","dauer001","belam101","kellp101","harll101","singk001","","","","7","T","F",8,1,2,"T","T",0,"F","F",1,"F","F",0,"F","F",7,"F","F","F","",0,0,"N",0,"N",0,"N",0,0,0,0,"7","","","","F","F","F","F","F","F","F","F","F","","","","T","F","F","F","F","","","","",0,7,0,0,0,0,0,0,0,1,"BAL","DET","BAL",0,"T","F",0,0,0,0,0,"T","F",0,0,"T","T","wagnm001","staur001","T","T",0,0,0,0,0,0,0,0,0,"","","",0,0,0,0,0,0,0,0,0,0,0,0,0,"kellp101","F","F","F","F",0,0,0,0,0,0,0,0,0,0,F,F,"1978BAL.EVA.regular.event.csv",1254
"BAL197805230","DET",1,0,1,0,0,"",0,0,"wagnm001","?","wagnm001","?","flanm001","?","flanm001","?","dempr001","murre001","decid001","dauer001","belam101","kellp101","harll101","singk001","","","","31","F","F",6,2,2,"T","T",0,"F","F",1,"F","F",0,"F","F",3,"G","F","F","",0,0,"N",0,"N",0,"N",0,0,0,0,"31","","","","F","F","F","F","F","F","F","F","F","","","","F","F","F","F","F","","","","",0,1,0,0,3,0,0,0,0,2,"BAL","DET","BAL",0,"F","F",0,0,0,1,1,"T","F",0,0,"T","T","staur001","thomj001","T","T",0,0,0,0,0,0,0,0,0,"","","",0,0,0,0,0,0,0,0,0,0,0,0,0,"murre001","F","F","F","F",0,0,0,0,0,0,0,0,0,0,F,F,"1978BAL.EVA.regular.event.csv",1255
"BAL197805230","DET",1,0,2,0,0,"",0,0,"staur001","?","staur001","?","flanm001","?","flanm001","?","dempr001","murre001","decid001","dauer001","belam101","kellp101","harll101","singk001","","","","S?","F","F",10,3,20,"T","T",1,"F","F",0,"F","F",0,"F","F",0,"","F","F","",0,0,"N",0,"N",0,"N",1,0,0,0,"","","","","F","F","F","F","F","F","F","F","F","","","","F","F","F","F","F","","","","",0,0,0,0,0,0,0,0,0,3,"BAL","DET","BAL",0,"F","F",0,0,0,2,2,"T","F",0,1,"T","T","thomj001","kemps001","T","T",0,0,0,0,0,0,0,0,0,"","","",0,0,0,0,0,0,0,0,0,0,0,0,0,"","F","F","F","F",0,0,0,0,0,0,0,0,0,0,F,F,"1978BAL.EVA.regular.event.csv",1256
"BAL197805230","DET",1,0,2,0,0,"",0,0,"thomj001","?","thomj001","?","flanm001","?","flanm001","?","dempr001","murre001","decid001","dauer001","belam101","kellp101","harll101","singk001","staur001","","","K","F","F",3,4,3,"T","T",0,"F","F",1,"F","F",0,"F","F",0,"","F","F","",0,0,"N",0,"N",0,"N",0,1,0,0,"2","","","","F","F","F","F","F","F","F","F","F","flanm001","","","F","F","F","F","F","","","","",0,2,0,0,0,0,0,0,0,4,"BAL","DET","BAL",0,"F","T",0,0,0,3,3,"T","F",1,1,"T","T","kemps001","wockj001","T","T",10,3,3,0,0,0,0,0,0,"dempr001","","",0,0,0,0,0,0,0,0,0,0,0,0,0,"","F","F","F","F",0,0,0,0,0,0,0,0,0,0,F,F,"1978BAL.EVA.regular.event.csv",1257
"BAL197805230","DET",1,1,0,0,0,"",0,0,"harll101","?","harll101","?","billj101","?","billj101","?","parrl001","thomj001","dills101","rodra101","wagnm001","kemps001","leflr101","wockj001","","","","9","T","F",8,1,2,"T","T",0,"F","F",1,"F","F",0,"F","F",9,"F","F","F","",0,0,"N",0,"N",0,"N",0,0,0,0,"9","","","","F","F","F","F","F","F","F","F","F","","","","F","F","F","F","F","","","","",0,9,0,0,0,0,0,0,0,5,"BAL","BAL","DET",1,"T","F",0,0,0,0,0,"T","F",0,0,"T","T","belam101","kellp101","T","T",0,0,0,0,0,0,0,0,0,"","","",0,0,0,0,0,0,0,0,0,0,0,0,0,"wockj001","F","F","F","F",0,0,0,0,0,0,0,0,0,0,F,F,"1978BAL.EVA.regular.event.csv",1258
"BAL197805230","DET",1,1,1,0,0,"",0,0,"belam101","?","belam101","?","billj101","?","billj101","?","parrl001","thomj001","dills101","rodra101","wagnm001","kemps001","leflr101","wockj001","","","","63","F","F",6,2,2,"T","T",0,"F","F",1,"F","F",0,"F","F",6,"G","F","F","",0,0,"N",0,"N",0,"N",0,0,0,0,"63","","","","F","F","F","F","F","F","F","F","F","","","","F","F","F","F","F","","","","",0,3,0,0,6,0,0,0,0,6,"BAL","BAL","DET",1,"F","F",0,0,0,1,1,"T","F",0,0,"T","T","kellp101","singk001","T","T",0,0,0,0,0,0,0,0,0,"","","",0,0,0,0,0,0,0,0,0,0,0,0,0,"wagnm001","F","F","F","F",0,0,0,0,0,0,0,0,0,0,F,F,"1978BAL.EVA.regular.event.csv",1259
"BAL197805230","DET",1,1,2,0,0,"",0,0,"kellp101","?","kellp101","?","billj101","?","billj101","?","parrl001","thomj001","dills101","rodra101","wagnm001","kemps001","leflr101","wockj001","","","","63","F","F",7,3,2,"T","T",0,"F","F",1,"F","F",0,"F","F",6,"G","F","F","",0,0,"N",0,"N",0,"N",0,0,0,0,"63","","","","F","F","F","F","F","F","F","F","F","","","","F","F","F","F","F","","","","",0,3,0,0,6,0,0,0,0,7,"BAL","BAL","DET",1,"F","T",0,0,0,2,2,"T","F",0,0,"T","T","singk001","murre001","T","T",0,0,0,0,0,0,0,0,0,"","","",0,0,0,0,0,0,0,0,0,0,0,0,0,"wagnm001","F","F","F","F",0,0,0,0,0,0,0,0,0,0,F,F,"1978BAL.EVA.regular.event.csv",1260
"BAL197805230","DET",2,0,0,0,0,"",0,0,"kemps001","?","kemps001","?","flanm001","?","flanm001","?","dempr001","murre001","decid001","dauer001","belam101","kellp101","harll101","singk001","","","","K","T","F",7,5,3,"T","T",0,"F","F",1,"F","F",0,"F","F",0,"","F","F","",0,0,"N",0,"N",0,"N",0,0,0,0,"2","","","","F","F","F","F","F","F","F","F","F","","","","F","F","F","F","F","","","","",0,2,0,0,0,0,0,0,0,8,"BAL","DET","BAL",0,"T","F",0,0,0,4,0,"T","F",0,0,"T","T","wockj001","parrl001","T","T",0,0,0,0,0,0,0,0,0,"","","",0,0,0,0,0,0,0,0,0,0,0,0,0,"","F","F","F","F",0,0,0,0,0,0,0,0,0,0,F,F,"1978BAL.EVA.regular.event.csv",1261
"BAL197805230","DET",2,0,1,0,0,"",0,0,"wockj001","?","wockj001","?","flanm001","?","flanm001","?","dempr001","murre001","decid001","dauer001","belam101","kellp101","harll101","singk001","","","","8","F","F",9,6,2,"T","T",0,"F","F",1,"F","F",0,"F","F",8,"F","F","F","",0,0,"N",0,"N",0,"N",0,0,0,0,"8","","","","F","F","F","F","F","F","F","F","F","","","","F","F","F","F","F","","","","",0,8,0,0,0,0,0,0,0,9,"BAL","DET","BAL",0,"F","F",0,0,0,5,1,"T","F",0,0,"T","T","parrl001","rodra101","T","T",0,0,0,0,0,0,0,0,0,"","","",0,0,0,0,0,0,0,0,0,0,0,0,0,"harll101","F","F","F","F",0,0,0,0,0,0,0,0,0,0,F,F,"1978BAL.EVA.regular.event.csv",1262
"BAL197805230","DET",2,0,2,0,0,"",0,0,"parrl001","?","parrl001","?","flanm001","?","flanm001","?","dempr001","murre001","decid001","dauer001","belam101","kellp101","harll101","singk001","","","","43","F","F",2,7,2,"T","T",0,"F","F",1,"F","F",0,"F","F",4,"G","F","F","",0,0,"N",0,"N",0,"N",0,0,0,0,"43","","","","F","F","F","F","F","F","F","F","F","","","","F","F","F","F","F","","","","",0,3,0,0,4,0,0,0,0,10,"BAL","DET","BAL",0,"F","T",0,0,0,6,2,"T","F",0,0,"T","T","rodra101","dills101","T","T",0,0,0,0,0,0,0,0,0,"","","",0,0,0,0,0,0,0,0,0,0,0,0,0,"decid001","F","F","F","F",0,0,0,0,0,0,0,0,0,0,F,F,"1978BAL.EVA.regular.event.csv",1263
"BAL197805230","DET",2,1,0,0,0,"",0,0,"singk001","?","singk001","?","billj101","?","billj101","?","parrl001","thomj001","dills101","rodra101","wagnm001","kemps001","leflr101","wockj001","","","","53","T","F",9,4,2,"T","T",0,"F","F",1,"F","F",0,"F","F",5,"G","F","F","",0,0,"N",0,"N",0,"N",0,0,0,0,"53","","","","F","F","F","F","F","F","F","F","F","","","","F","F","F","F","F","","","","",0,3,0,0,5,0,0,0,0,11,"BAL","BAL","DET",1,"T","F",0,0,0,3,0,"T","F",0,0,"T","T","murre001","may-l101","T","T",0,0,0,0,0,0,0,0,0,"","","",0,0,0,0,0,0,0,0,0,0,0,0,0,"rodra101","F","F","F","F",0,0,0,0,0,0,0,0,0,0,F,F,"1978BAL.EVA.regular.event.csv",1264
"BAL197805230","DET",2,1,1,0,0,"",0,0,"murre001","?","murre001","?","billj101","?","billj101","?","parrl001","thomj001","dills101","rodra101","wagnm001","kemps001","leflr101","wockj001","","","","K","F","F",3,5,3,"T","T",0,"F","F",1,"F","F",0,"F","F",0,"","F","F","",0,0,"N",0,"N",0,"N",0,0,0,0,"2","","","","F","F","F","F","F","F","F","F","F","","","","F","F","F","F","F","","","","",0,2,0,0,0,0,0,0,0,12,"BAL","BAL","DET",1,"F","F",0,0,0,4,1,"T","F",0,0,"T","T","may-l101","decid001","T","T",0,0,0,0,0,0,0,0,0,"","","",0,0,0,0,0,0,0,0,0,0,0,0,0,"","F","F","F","F",0,0,0,0,0,0,0,0,0,0,F,F,"1978BAL.EVA.regular.event.csv",1265
"BAL197805230","DET",2,1,2,0,0,"",0,0,"may-l101","?","may-l101","?","billj101","?","billj101","?","parrl001","thomj001","dills101","rodra101","wagnm001","kemps001","leflr101","wockj001","","","","43","F","F",10,6,2,"T","T",0,"F","F",1,"F","F",0,"F","F",4,"G","F","F","",0,0,"N",0,"N",0,"N",0,0,0,0,"43","","","","F","F","F","F","F","F","F","F","F","","","","F","F","F","F","F","","","","",0,3,0,0,4,0,0,0,0,13,"BAL","BAL","DET",1,"F","T",0,0,0,5,2,"T","F",0,0,"T","T","decid001","dempr001","T","T",0,0,0,0,0,0,0,0,0,"","","",0,0,0,0,0,0,0,0,0,0,0,0,0,"dills101","F","F","F","F",0,0,0,0,0,0,0,0,0,0,F,F,"1978BAL.EVA.regular.event.csv",1266
"BAL197805230","DET",3,0,0,0,0,"",0,0,"rodra101","?","rodra101","?","flanm001","?","flanm001","?","dempr001","murre001","decid001","dauer001","belam101","kellp101","harll101","singk001","","","","4","T","F",5,8,2,"T","T",0,"F","F",1,"F","F",0,"F","F",4,"F","F","F","",0,0,"N",0,"N",0,"N",0,0,0,0,"4","","","","F","F","F","F","F","F","F","F","F","","","","F","F","F","F","F","","","","",0,4,0,0,0,0,0,0,0,14,"BAL","DET","BAL",0,"T","F",0,0,0,7,0,"T","F",0,0,"T","T","dills101","leflr101","T","T",0,0,0,0,0,0,0,0,0,"","","",0,0,0,0,0,0,0,0,0,0,0,0,0,"decid001","F","F","F","F",0,0,0,0,0,0,0,0,0,0,F,F,"1978BAL.EVA.regular.event.csv",1267
"BAL197805230","DET",3,0,1,0,0,"",0,0,"dills101","?","dills101","?","flanm001","?","flanm001","?","dempr001","murre001","decid001","dauer001","belam101","kellp101","harll101","singk001","","","","53","F","F",4,9,2,"T","T",0,"F","F",1,"F","F",0,"F","F",5,"G","F","F","",0,0,"N",0,"N",0,"N",0,0,0,0,"53","","","","F","F","F","F","F","F","F","F","F","","","","F","F","F","F","F","","","","",0,3,0,0,5,0,0,0,0,15,"BAL","DET","BAL",0,"F","F",0,0,0,8,1,"T","F",0,0,"T","T","leflr101","wagnm001","T","T",0,0,0,0,0,0,0,0,0,"","","",0,0,0,0,0,0,0,0,0,0,0,0,0,"dauer001","F","F","F","F",0,0,0,0,0,0,0,0,0,0,F,F,"1978BAL.EVA.regular.event.csv",1268
"BAL197805230","DET",3,0,2,0,0,"",0,0,"leflr101","?","leflr101","?","flanm001","?","flanm001","?","dempr001","murre001","decid001","dauer001","belam101","kellp101","harll101","singk001","","","","53","F","F",8,1,2,"T","T",0,"F","F",1,"F","F",0,"F","F",5,"G","F","F","",0,0,"N",0,"N",0,"N",0,0,0,0,"53","","","","F","F","F","F","F","F","F","F","F","","","","F","F","F","F","F","","","","",0,3,0,0,5,0,0,0,0,16,"BAL","DET","BAL",0,"F","T",0,0,0,9,2,"T","F",0,0,"T","T","wagnm001","staur001","T","T",0,0,0,0,0,0,0,0,0,"","","",0,0,0,0,0,0,0,0,0,0,0,0,0,"dauer001","F","F","F","F",0,0,0,0,0,0,0,0,0,0,F,F,"1978BAL.EVA.regular.event.csv",1269
"BAL197805230","DET",3,1,0,0,0,"",0,0,"decid001","?","decid001","?","billj101","?","billj101","?","parrl001","thomj001","dills101","rodra101","wagnm001","kemps001","leflr101","wockj001","","","","9","T","F",4,7,2,"T","T",0,"F","F",1,"F","F",0,"F","F",9,"F","F","F","",0,0,"N",0,"N",0,"N",0,0,0,0,"9","","","","F","F","F","F","F","F","F","F","F","","","","F","F","F","F","F","","","","",0,9,0,0,0,0,0,0,0,17,"BAL","BAL","DET",1,"T","F",0,0,0,6,0,"T","F",0,0,"T","T","dempr001","dauer001","T","T",0,0,0,0,0,0,0,0,0,"","","",0,0,0,0,0,0,0,0,0,0,0,0,0,"wockj001","F","F","F","F",0,0,0,0,0,0,0,0,0,0,F,F,"1978BAL.EVA.regular.event.csv",1270
"BAL197805230","DET",3,1,1,0,0,"",0,0,"dempr001","?","dempr001","?","billj101","?","billj101","?","parrl001","thomj001","dills101","rodra101","wagnm001","kemps001","leflr101","wockj001","","","","53","F","F",2,8,2,"T","T",0,"F","F",1,"F","F",0,"F","F",5,"G","F","F","",0,0,"N",0,"N",0,"N",0,0,0,0,"53","","","","F","F","F","F","F","F","F","F","F","","","","F","F","F","F","F","","","","",0,3,0,0,5,0,0,0,0,18,"BAL","BAL","DET",1,"F","F",0,0,0,7,1,"T","F",0,0,"T","T","dauer001","harll101","T","T",0,0,0,0,0,0,0,0,0,"","","",0,0,0,0,0,0,0,0,0,0,0,0,0,"rodra101","F","F","F","F",0,0,0,0,0,0,0,0,0,0,F,F,"1978BAL.EVA.regular.event.csv",1271
"BAL197805230","DET",3,1,2,0,0,"",0,0,"dauer001","?","dauer001","?","billj101","?","billj101","?","parrl001","thomj001","dills101","rodra101","wagnm001","kemps001","leflr101","wockj001","","","","43","F","F",5,9,2,"T","T",0,"F","F",1,"F","F",0,"F","F",4,"G","F","F","",0,0,"N",0,"N",0,"N",0,0,0,0,"43","","","","F","F","F","F","F","F","F","F","F","","","","F","F","F","F","F","","","","",0,3,0,0,4,0,0,0,0,19,"BAL","BAL","DET",1,"F","T",0,0,0,8,2,"T","F",0,0,"T","T","harll101","belam101","T","T",0,0,0,0,0,0,0,0,0,"","","",0,0,0,0,0,0,0,0,0,0,0,0,0,"dills101","F","F","F","F",0,0,0,0,0,0,0,0,0,0,F,F,"1978BAL.EVA.regular.event.csv",1272
"BAL197805230","DET",4,0,0,0,0,"",0,0,"wagnm001","?","wagnm001","?","flanm001","?","flanm001","?","dempr001","murre001","decid001","dauer001","belam101","kellp101","harll101","singk001","","","","53","T","F",6,2,2,"T","T",0,"F","F",1,"F","F",0,"F","F",5,"G","F","F","",0,0,"N",0,"N",0,"N",0,0,0,0,"53","","","","F","F","F","F","F","F","F","F","F","","","","F","F","F","F","F","","","","",0,3,0,0,5,0,0,0,0,20,"BAL","DET","BAL",0,"T","F",0,0,0,10,0,"T","F",0,0,"T","T","staur001","thomj001","T","T",0,0,0,0,0,0,0,0,0,"","","",0,0,0,0,0,0,0,0,0,0,0,0,0,"dauer001","F","F","F","F",0,0,0,0,0,0,0,0,0,0,F,F,"1978BAL.EVA.regular.event.csv",1273
"BAL197805230","DET",4,0,1,0,0,"",0,0,"staur001","?","staur001","?","flanm001","?","flanm001","?","dempr001","murre001","decid001","dauer001","belam101","kellp101","harll101","singk001","","","","5/FL","F","F",10,3,2,"T","T",0,"F","F",1,"F","F",0,"F","F",5,"F","F","T","",0,0,"N",0,"N",0,"N",0,0,0,0,"5","","","","F","F","F","F","F","F","F","F","F","","","","F","F","F","F","F","","","","",0,5,0,0,0,0,0,0,0,21,"BAL","DET","BAL",0,"F","F",0,0,0,11,1,"T","F",0,0,"T","T","thomj001","kemps001","T","T",0,0,0,0,0,0,0,0,0,"","","",0,0,0,0,0,0,0,0,0,0,0,0,0,"dauer001","F","F","F","F",0,0,0,0,0,0,0,0,0,0,F,F,"1978BAL.EVA.regular.event.csv",1274
"BAL197805230","DET",4,0,2,0,0,"",0,0,"thomj001","?","thomj001","?","flanm001","?","flanm001","?","dempr001","murre001","decid001","dauer001","belam101","kellp101","harll101","singk001","","","","K","F","F",3,4,3,"T","T",0,"F","F",1,"F","F",0,"F","F",0,"","F","F","",0,0,"N",0,"N",0,"N",0,0,0,0,"2","","","","F","F","F","F","F","F","F","F","F","","","","F","F","F","F","F","","","","",0,2,0,0,0,0,0,0,0,22,"BAL","DET","BAL",0,"F","T",0,0,0,12,2,"T","F",0,0,"T","T","kemps001","wockj001","T","T",0,0,0,0,0,0,0,0,0,"","","",0,0,0,0,0,0,0,0,0,0,0,0,0,"","F","F","F","F",0,0,0,0,0,0,0,0,0,0,F,F,"1978BAL.EVA.regular.event.csv",1275
"BAL197805230","DET",4,1,0,0,0,"",0,0,"harll101","?","harll101","?","billj101","?","billj101","?","parrl001","thomj001","dills101","rodra101","wagnm001","kemps001","leflr101","wockj001","","","","E4.B-1","T","F",8,1,18,"T","T",0,"F","F",0,"F","F",0,"F","F",4,"G","F","F","",1,4,"F",0,"N",0,"N",1,0,0,0,"","","","","F","F","F","F","F","F","F","F","F","","","","F","F","F","F","F","","","","",0,0,0,0,0,0,0,0,0,23,"BAL","BAL","DET",1,"T","F",0,0,0,9,0,"T","F",0,1,"T","T","belam101","kellp101","T","T",0,0,0,0,0,0,0,0,0,"","","",0,0,0,0,0,0,0,0,0,0,0,0,0,"dills101","F","F","F","T",0,0,0,0,0,0,0,0,0,0,F,F,"1978BAL.EVA.regular.event.csv",1276
"BAL197805230","DET",4,1,0,0,0,"",0,0,"belam101","?","belam101","?","billj101","?","billj101","?","parrl001","thomj001","dills101","rodra101","wagnm001","kemps001","leflr101","wockj001","harll101","","","S6.1-2","F","F",6,2,20,"T","T",1,"F","F",0,"F","F",0,"F","F",6,"","F","F","",0,0,"N",0,"N",0,"N",1,2,0,0,"","","","","F","F","F","F","F","F","F","F","F","billj101","","","F","F","F","F","F","","","","",0,0,0,0,0,0,0,0,0,24,"BAL","BAL","DET",1,"F","F",0,0,0,10,1,"T","F",1,3,"T","T","kellp101","singk001","T","T",8,1,23,0,0,0,0,0,0,"parrl001","","",0,0,0,0,0,0,0,0,0,0,0,0,0,"wagnm001","F","F","F","F",0,0,0,0,0,0,0,0,0,0,F,F,"1978BAL.EVA.regular.event.csv",1277
"BAL197805230","DET",4,1,0,0,0,"",0,0,"kellp101","?","kellp101","?","billj101","?","billj101","?","parrl001","thomj001","dills101","rodra101","wagnm001","kemps001","leflr101","wockj001","belam101","harll101","","PO2(26)","F","F",7,3,8,"F","F",0,"F","F",1,"F","F",0,"F","F",0,"","F","F","",0,0,"N",0,"N",0,"N",0,1,0,0,"","","26","","F","F","F","F","F","F","F","T","F","billj101","billj101","","F","F","F","F","F","","","","",0,6,0,0,2,0,0,0,0,25,"BAL","BAL","DET",1,"F","F",0,0,0,11,2,"T","F",3,1,"T","T","singk001","murre001","T","T",6,2,24,8,1,23,0,0,0,"parrl001","parrl001","",0,0,0,0,0,0,0,0,0,0,0,0,0,"","F","F","F","F",0,0,0,0,0,0,0,0,0,0,F,F,"1978BAL.EVA.regular.event.csv",1278
"BAL197805230","DET",4,1,1,0,0,"",0,0,"kellp101","?","kellp101","?","billj101","?","billj101","?","parrl001","thomj001","dills101","rodra101","wagnm001","kemps001","leflr101","wockj001","belam101","","","W.1-2","F","F",7,3,14,"T","F",0,"F","F",0,"F","F",0,"F","F",0,"","F","F","",0,0,"N",0,"N",0,"N",1,2,0,0,"","","","","F","F","F","F","F","F","F","F","F","billj101","","","F","F","F","F","F","","","","",0,0,0,0,0,0,0,0,0,26,"BAL","BAL","DET",1,"F","F",0,0,0,11,2,"F","F",1,3,"T","T","singk001","murre001","T","T",6,2,24,0,0,0,0,0,0,"parrl001","","",0,0,0,0,0,0,0,0,0,0,0,0,0,"","F","F","F","F",0,0,0,0,0,0,0,0,0,0,F,F,"1978BAL.EVA.regular.event.csv",1279
"BAL197805230","DET",4,1,1,0,0,"",0,0,"singk001","?","singk001","?","billj101","?","billj101","?","parrl001","thomj001","dills101","rodra101","wagnm001","kemps001","leflr101","wockj001","kellp101","belam101","","23.2-3;1-2","F","F",9,4,2,"T","T",0,"F","F",1,"F","F",0,"F","F",2,"G","F","F","",0,0,"N",0,"N",0,"N",0,2,3,0,"23","","","","F","F","F","F","F","F","F","F","F","billj101","billj101","","F","F","F","F","F","","","","",0,3,0,0,2,0,0,0,0,27,"BAL","BAL","DET",1,"F","F",0,0,0,12,3,"T","F",3,6,"T","T","murre001","may-l101","T","T",7,3,26,6,2,24,0,0,0,"parrl001","parrl001","",0,0,0,0,0,0,0,0,0,0,0,0,0,"parrl001","F","F","F","F",0,0,0,0,0,0,0,0,0,0,F,F,"1978BAL.EVA.regular.event.csv",1280
"BAL197805230","DET",4,1,2,0,0,"",0,0,"murre001","?","murre001","?","billj101","?","billj101","?","parrl001","thomj001","dills101","rodra101","wagnm001","kemps001","leflr101","wockj001","","kellp101","belam101","43","F","F",3,5,2,"T","T",0,"F","F",1,"F","F",0,"F","F",4,"G","F","F","",0,0,"N",0,"N",0,"N",0,0,2,3,"43","","","","F","F","F","F","F","F","F","F","F","","billj101","billj101","F","F","F","F","F","","","","",0,3,0,0,4,0,0,0,0,28,"BAL","BAL","DET",1,"F","T",0,0,0,13,4,"T","F",6,6,"T","T","may-l101","decid001","T","T",0,0,0,7,3,26,6,2,24,"","parrl001","parrl001",0,0,0,0,0,0,0,0,0,0,0,0,0,"dills101","F","F","F","F",0,0,0,0,0,0,0,0,0,0,F,F,"1978BAL.EVA.regular.event.csv",1281
"BAL197805230","DET",5,0,0,0,0,"",0,0,"kemps001","?","kemps001","?","flanm001","?","flanm001","?","dempr001","murre001","decid001","dauer001","belam101","kellp101","harll101","singk001","","","","K","T","F",7,5,3,"T","T",0,"F","F",1,"F","F",0,"F","F",0,"","F","F","",0,0,"N",0,"N",0,"N",0,0,0,0,"2","","","","F","F","F","F","F","F","F","F","F","","","","F","F","F","F","F","","","","",0,2,0,0,0,0,0,0,0,29,"BAL","DET","BAL",0,"T","F",0,0,0,13,0,"T","F",0,0,"T","T","wockj001","parrl001","T","T",0,0,0,0,0,0,0,0,0,"","","",0,0,0,0,0,0,0,0,0,0,0,0,0,"","F","F","F","F",0,0,0,0,0,0,0,0,0,0,F,F,"1978BAL.EVA.regular.event.csv",1282
"BAL197805230","DET",5,0,1,0,0,"",0,0,"wockj001","?","wockj001","?","flanm001","?","flanm001","?","dempr001","murre001","decid001","dauer001","belam101","kellp101","harll101","singk001","","","","K","F","F",9,6,3,"T","T",0,"F","F",1,"F","F",0,"F","F",0,"","F","F","",0,0,"N",0,"N",0,"N",0,0,0,0,"2","","","","F","F","F","F","F","F","F","F","F","","","","F","F","F","F","F","","","","",0,2,0,0,0,0,0,0,0,30,"BAL","DET","BAL",0,"F","F",0,0,0,14,1,"T","F",0,0,"T","T","parrl001","rodra101","T","T",0,0,0,0,0,0,0,0,0,"","","",0,0,0,0,0,0,0,0,0,0,0,0,0,"","F","F","F","F",0,0,0,0,0,0,0,0,0,0,F,F,"1978BAL.EVA.regular.event.csv",1283
"BAL197805230","DET",5,0,2,0,0,"",0,0,"parrl001","?","parrl001","?","flanm001","?","flanm001","?","dempr001","murre001","decid001","dauer001","belam101","kellp101","harll101","singk001","","","","7","F","F",2,7,2,"T","T",0,"F","F",1,"F","F",0,"F","F",7,"F","F","F","",0,0,"N",0,"N",0,"N",0,0,0,0,"7","","","","F","F","F","F","F","F","F","F","F","","","","F","F","F","F","F","","","","",0,7,0,0,0,0,0,0,0,31,"BAL","DET","BAL",0,"F","T",0,0,0,15,2,"T","F",0,0,"T","T","rodra101","dills101","T","T",0,0,0,0,0,0,0,0,0,"","","",0,0,0,0,0,0,0,0,0,0,0,0,0,"kellp101","F","F","F","F",0,0,0,0,0,0,0,0,0,0,F,F,"1978BAL.EVA.regular.event.csv",1284
"BAL197805230","DET",5,1,0,0,0,"",0,0,"may-l101","?","may-l101","?","billj101","?","billj101","?","parrl001","thomj001","dills101","rodra101","wagnm001","kemps001","leflr101","wockj001","","","","5","T","F",10,6,2,"T","T",0,"F","F",1,"F","F",0,"F","F",5,"F","F","F","",0,0,"N",0,"N",0,"N",0,0,0,0,"5","","","","F","F","F","F","F","F","F","F","F","","","","F","F","F","F","F","","","","",0,5,0,0,0,0,0,0,0,32,"BAL","BAL","DET",1,"T","F",0,0,0,14,0,"T","F",0,0,"T","T","decid001","dempr001","T","T",0,0,0,0,0,0,0,0,0,"","","",0,0,0,0,0,0,0,0,0,0,0,0,0,"rodra101","F","F","F","F",0,0,0,0,1,0,0,0,0,0,F,F,"1978BAL.EVA.regular.event.csv",1285
"BAL197805230","DET",5,1,1,0,0,"",0,0,"decid001","?","decid001","?","billj101","?","billj101","?","parrl001","thomj001","dills101","rodra101","wagnm001","kemps001","leflr101","wockj001","","","","53","F","F",4,7,2,"T","T",0,"F","F",1,"F","F",0,"F","F",5,"G","F","F","",0,0,"N",0,"N",0,"N",0,0,0,0,"53","","","","F","F","F","F","F","F","F","F","F","","","","F","F","F","F","F","","","","",0,3,0,0,5,0,0,0,0,33,"BAL","BAL","DET",1,"F","F",0,0,0,15,1,"T","F",0,0,"T","T","dempr001","dauer001","T","T",0,0,0,0,0,0,0,0,0,"","","",0,0,0,0,0,0,0,0,0,0,0,0,0,"rodra101","F","F","F","F",0,0,0,0,1,0,0,0,0,0,F,F,"1978BAL.EVA.regular.event.csv",1286
"BAL197805230","DET",5,1,2,0,0,"",0,0,"dempr001","?","dempr001","?","billj101","?","billj101","?","parrl001","thomj001","dills101","rodra101","wagnm001","kemps001","leflr101","wockj001","","","","HR/8","F","F",2,8,23,"T","T",4,"F","F",0,"F","F",1,"F","F",0,"","F","F","8",0,0,"N",0,"N",0,"N",4,0,0,0,"","","","","F","F","F","F","F","F","F","F","F","","","","F","F","F","F","F","","","","",0,0,0,0,0,0,0,0,0,34,"BAL","BAL","DET",1,"F","F",0,0,0,16,2,"T","F",0,0,"T","T","dauer001","harll101","T","T",0,0,0,0,0,0,0,0,0,"","","",0,0,0,0,0,0,0,0,0,0,0,0,1,"","F","F","F","F",4,0,0,0,0,0,0,0,0,0,F,F,"1978BAL.EVA.regular.event.csv",1287
"BAL197805230","DET",5,1,2,0,0,"",0,1,"dauer001","?","dauer001","?","billj101","?","billj101","?","parrl001","thomj001","dills101","rodra101","wagnm001","kemps001","leflr101","wockj001","","","","7","F","F",5,9,2,"T","T",0,"F","F",1,"F","F",0,"F","F",7,"F","F","F","",0,0,"N",0,"N",0,"N",0,0,0,0,"7","","","","F","F","F","F","F","F","F","F","F","","","","F","F","F","F","F","","","","",0,7,0,0,0,0,0,0,0,35,"BAL","BAL","DET",1,"F","T",1,0,1,17,3,"T","F",0,0,"T","T","harll101","belam101","T","T",0,0,0,0,0,0,0,0,0,"","","",0,0,0,0,0,0,0,0,0,0,0,0,0,"kemps001","F","F","F","F",0,0,0,0,0,0,0,0,0,0,F,F,"1978BAL.EVA.regular.event.csv",1288
"BAL197805230","DET",6,0,0,0,0,"",0,1,"rodra101","?","rodra101","?","flanm001","?","flanm001","?","dempr001","murre001","decid001","dauer001","belam101","kellp101","harll101","singk001","","","","K","T","F",5,8,3,"T","T",0,"F","F",1,"F","F",0,"F","F",0,"","F","F","",0,0,"N",0,"N",0,"N",0,0,0,0,"2","","","","F","F","F","F","F","F","F","F","F","","","","F","F","F","F","F","","","","",0,2,0,0,0,0,0,0,0,36,"BAL","DET","BAL",0,"T","F",0,1,0,16,0,"T","F",0,0,"T","T","dills101","leflr101","T","T",0,0,0,0,0,0,0,0,0,"","","",0,0,0,0,0,0,0,0,0,0,0,0,0,"","F","F","F","F",0,0,0,0,0,0,0,0,0,0,F,F,"1978BAL.EVA.regular.event.csv",1289
"BAL197805230","DET",6,0,1,0,0,"",0,1,"dills101","?","dills101","?","flanm001","?","flanm001","?","dempr001","murre001","decid001","dauer001","belam101","kellp101","harll101","singk001","","","","7","F","F",4,9,2,"T","T",0,"F","F",1,"F","F",0,"F","F",7,"F","F","F","",0,0,"N",0,"N",0,"N",0,0,0,0,"7","","","","F","F","F","F","F","F","F","F","F","","","","F","F","F","F","F","","","","",0,7,0,0,0,0,0,0,0,37,"BAL","DET","BAL",0,"F","F",0,1,0,17,1,"T","F",0,0,"T","T","leflr101","wagnm001","T","T",0,0,0,0,0,0,0,0,0,"","","",0,0,0,0,0,0,0,0,0,0,0,0,0,"kellp101","F","F","F","F",0,0,0,0,0,0,0,0,0,0,F,F,"1978BAL.EVA.regular.event.csv",1290
"BAL197805230","DET",6,0,2,0,0,"",0,1,"leflr101","?","leflr101","?","flanm001","?","flanm001","?","dempr001","murre001","decid001","dauer001","belam101","kellp101","harll101","singk001","","","","W","F","F",8,1,14,"T","F",0,"F","F",0,"F","F",0,"F","F",0,"","F","F","",0,0,"N",0,"N",0,"N",1,0,0,0,"","","","","F","F","F","F","F","F","F","F","F","","","","F","F","F","F","F","","","","",0,0,0,0,0,0,0,0,0,38,"BAL","DET","BAL",0,"F","F",0,1,0,18,2,"T","F",0,1,"T","T","wagnm001","staur001","T","T",0,0,0,0,0,0,0,0,0,"","","",0,0,0,0,0,0,0,0,0,0,0,0,0,"","F","F","F","F",0,0,0,0,0,0,0,0,0,0,F,F,"1978BAL.EVA.regular.event.csv",1291
"BAL197805230","DET",6,0,2,0,0,"",0,1,"wagnm001","?","wagnm001","?","flanm001","?","flanm001","?","dempr001","murre001","decid001","dauer001","belam101","kellp101","harll101","singk001","leflr101","","","SB2","F","F",6,2,4,"F","F",0,"F","F",0,"F","F",0,"F","F",0,"","F","F","",0,0,"N",0,"N",0,"N",0,2,0,0,"","","","","T","F","F","F","F","F","F","F","F","flanm001","","","F","F","F","F","F","","","","",0,0,0,0,0,0,0,0,0,39,"BAL","DET","BAL",0,"F","F",0,1,0,19,3,"T","F",1,2,"T","T","staur001","thomj001","T","T",8,1,38,0,0,0,0,0,0,"dempr001","","",0,0,0,0,0,0,0,0,0,0,0,0,0,"","F","F","F","F",0,0,0,0,0,0,0,0,0,0,F,F,"1978BAL.EVA.regular.event.csv",1292
"BAL197805230","DET",6,0,2,0,0,"",0,1,"wagnm001","?","wagnm001","?","flanm001","?","flanm001","?","dempr001","murre001","decid001","dauer001","belam101","kellp101","harll101","singk001","","leflr101","","63","F","F",6,2,2,"T","T",0,"F","F",1,"F","F",0,"F","F",6,"G","F","F","",0,0,"N",0,"N",0,"N",0,0,2,0,"63","","","","F","F","F","F","F","F","F","F","F","","flanm001","","F","F","F","F","F","","","","",0,3,0,0,6,0,0,0,0,40,"BAL","DET","BAL",0,"F","T",0,1,0,19,3,"F","F",2,2,"T","T","staur001","thomj001","T","T",0,0,0,8,1,38,0,0,0,"","dempr001","",0,0,0,0,0,0,0,0,0,0,0,0,0,"belam101","F","F","F","F",0,0,0,0,0,0,0,0,0,0,F,F,"1978BAL.EVA.regular.event.csv",1293
"BAL197805230","DET",6,1,0,0,0,"",0,1,"harll101","?","harll101","?","billj101","?","billj101","?","parrl001","thomj001","dills101","rodra101","wagnm001","kemps001","leflr101","wockj001","","","","S8","T","F",8,1,20,"T","T",1,"F","F",0,"F","F",0,"F","F",8,"","F","F","",0,0,"N",0,"N",0,"N",1,0,0,0,"","","","","F","F","F","F","F","F","F","F","F","","","","F","F","F","F","F","","","","",0,0,0,0,0,0,0,0,0,41,"BAL","BAL","DET",1,"T","F",1,0,0,18,0,"T","F",0,1,"T","T","belam101","kellp101","T","T",0,0,0,0,0,0,0,0,0,"","","",0,0,0,0,0,0,0,0,0,0,0,0,0,"leflr101","F","F","F","F",0,0,0,0,1,0,0,0,0,0,F,F,"1978BAL.EVA.regular.event.csv",1294
"BAL197805230","DET",6,1,0,0,0,"",0,1,"belam101","?","belam101","?","billj101","?","billj101","?","parrl001","thomj001","dills101","rodra101","wagnm001","kemps001","leflr101","wockj001","harll101","","","W.1-2","F","F",6,2,14,"T","F",0,"F","F",0,"F","F",0,"F","F",0,"","F","F","",0,0,"N",0,"N",0,"N",1,2,0,0,"","","","","F","F","F","F","F","F","F","F","F","billj101","","","F","F","F","F","F","","","","",0,0,0,0,0,0,0,0,0,42,"BAL","BAL","DET",1,"F","F",1,0,0,19,1,"T","F",1,3,"T","T","kellp101","singk001","T","T",8,1,41,0,0,0,0,0,0,"parrl001","","",0,0,0,0,0,0,0,0,0,0,0,0,0,"","F","F","F","F",0,0,0,0,1,0,0,0,0,0,F,F,"1978BAL.EVA.regular.event.csv",1295
"BAL197805230","DET",6,1,0,0,0,"",0,1,"kellp101","?","kellp101","?","billj101","?","billj101","?","parrl001","thomj001","dills101","rodra101","wagnm001","kemps001","leflr101","wockj001","belam101","harll101","","15(2)/FO.1-2","F","F",7,3,2,"T","T",0,"F","F",1,"F","F",0,"F","F",1,"G","F","F","",0,0,"N",0,"N",0,"N",1,2,0,0,"","","15","","F","F","F","F","F","F","F","F","F","billj101","billj101","","F","F","F","F","F","","","","",0,5,0,0,1,0,0,0,0,43,"BAL","BAL","DET",1,"F","F",1,0,0,20,2,"T","F",3,3,"T","T","singk001","murre001","T","T",6,2,42,8,1,41,0,0,0,"parrl001","parrl001","",0,0,0,0,0,0,0,0,0,0,0,0,0,"billj101","F","T","F","F",4,0,0,0,1,0,0,0,0,0,F,F,"1978BAL.EVA.regular.event.csv",1296
"BAL197805230","DET",6,1,1,0,0,"",0,1,"singk001","?","singk001","?","billj101","?","billj101","?","parrl001","thomj001","dills101","rodra101","wagnm001","kemps001","leflr101","wockj001","kellp101","belam101","","W.2-3;1-2","F","F",9,4,14,"T","F",0,"F","F",0,"F","F",0,"F","F",0,"","F","F","",0,0,"N",0,"N",0,"N",1,2,3,0,"","","","","F","F","F","F","F","F","F","F","F","billj101","billj101","","F","F","F","F","F","","","","",0,0,0,0,0,0,0,0,0,44,"BAL","BAL","DET",1,"F","F",1,0,0,21,3,"T","F",3,7,"T","T","murre001","may-l101","T","T",7,3,43,6,2,42,0,0,0,"parrl001","parrl001","",0,0,0,0,0,0,0,0,0,0,0,0,0,"","F","F","F","F",3,4,0,0,1,0,0,0,0,0,F,F,"1978BAL.EVA.regular.event.csv",1297
"BAL197805230","DET",6,1,1,0,0,"",0,1,"murre001","?","murre001","?","billj101","?","billj101","?","parrl001","thomj001","dills101","rodra101","wagnm001","kemps001","leflr101","wockj001","singk001","kellp101","belam101","32(3)/FO.2-3;1-2","F","F",3,5,2,"T","T",0,"F","F",1,"F","F",0,"F","F",3,"G","F","F","",0,0,"N",0,"N",0,"N",1,2,3,0,"","","","32","F","F","F","F","F","F","F","F","F","billj101","billj101","billj101","F","F","F","F","F","","","","",0,2,0,0,3,0,0,0,0,45,"BAL","BAL","DET",1,"F","F",1,0,0,22,4,"T","F",7,7,"T","T","may-l101","decid001","T","T",9,4,44,7,3,43,6,2,42,"parrl001","parrl001","parrl001",0,0,0,0,0,0,0,0,0,0,0,0,0,"thomj001","F","F","T","F",2,3,4,0,1,0,0,0,0,0,F,F,"1978BAL.EVA.regular.event.csv",1298
"BAL197805230","DET",6,1,2,0,0,"",0,1,"may-l101","?","may-l101","?","billj101","?","billj101","?","parrl001","thomj001","dills101","rodra101","wagnm001","kemps001","leflr101","wockj001","murre001","singk001","kellp101","W.3-H;2-3;1-2","F","F",10,6,14,"T","F",0,"F","F",0,"F","F",1,"F","F",0,"","F","F","",0,0,"N",0,"N",0,"N",1,2,3,4,"","","","","F","F","F","F","F","F","F","F","F","billj101","billj101","billj101","F","F","F","F","F","","","","",0,0,0,0,0,0,0,0,0,46,"BAL","BAL","DET",1,"F","F",1,0,0,23,5,"T","F",7,7,"T","T","decid001","dempr001","T","T",3,5,45,9,4,44,7,3,43,"parrl001","parrl001","parrl001",0,0,0,0,0,0,0,0,0,0,0,0,1,"","F","F","F","F",0,2,3,4,0,0,0,0,0,0,F,F,"1978BAL.EVA.regular.event.csv",1299
"BAL197805230","DET",6,1,2,0,0,"",0,2,"decid001","?","decid001","?","billj101","?","billj101","?","parrl001","thomj001","dills101","rodra101","wagnm001","kemps001","leflr101","wockj001","may-l101","murre001","singk001","54(1)/FO","F","F",4,7,2,"T","T",0,"F","F",1,"F","F",0,"F","F",5,"G","F","F","",0,0,"N",0,"N",0,"N",1,0,2,3,"","54","","","F","F","F","F","F","F","F","F","F","billj101","billj101","billj101","F","F","F","F","F","","","","",0,4,0,0,5,0,0,0,0,47,"BAL","BAL","DET",1,"F","T",2,0,1,24,6,"T","F",7,7,"T","T","dempr001","dauer001","T","T",10,6,46,3,5,45,9,4,44,"parrl001","parrl001","parrl001",0,0,0,0,0,0,0,0,0,0,0,0,0,"rodra101","T","F","F","F",1,0,2,3,0,0,0,0,0,0,F,F,"1978BAL.EVA.regular.event.csv",1300
"BAL197805230","DET",7,0,0,0,0,"",0,2,"staur001","?","staur001","?","flanm001","?","flanm001","?","dempr001","murre001","smitb101","dauer001","belam101","kellp101","harll101","singk001","","","","8","T","F",10,3,2,"T","T",0,"F","F",1,"F","F",0,"F","F",8,"F","F","F","",0,0,"N",0,"N",0,"N",0,0,0,0,"8","","","","F","F","F","F","F","F","F","F","F","","","","F","F","F","F","F","","","","",0,8,0,0,0,0,0,0,0,48,"BAL","DET","BAL",0,"T","F",0,2,0,20,0,"T","F",0,0,"T","T","thomj001","kemps001","T","T",0,0,0,0,0,0,0,0,0,"","","",0,0,0,0,0,0,0,0,0,0,0,0,0,"harll101","F","F","F","F",0,0,0,0,0,0,0,0,0,0,F,F,"1978BAL.EVA.regular.event.csv",1301
"BAL197805230","DET",7,0,1,0,0,"",0,2,"thomj001","?","thomj001","?","flanm001","?","flanm001","?","dempr001","murre001","smitb101","dauer001","belam101","kellp101","harll101","singk001","","","","23","F","F",3,4,2,"T","T",0,"F","F",1,"F","F",0,"F","F",2,"G","F","F","",0,0,"N",0,"N",0,"N",0,0,0,0,"23","","","","F","F","F","F","F","F","F","F","F","","","","F","F","F","F","F","","","","",0,3,0,0,2,0,0,0,0,49,"BAL","DET","BAL",0,"F","F",0,2,0,21,1,"T","F",0,0,"T","T","kemps001","wockj001","T","T",0,0,0,0,0,0,0,0,0,"","","",0,0,0,0,0,0,0,0,0,0,0,0,0,"dempr001","F","F","F","F",0,0,0,0,0,0,0,0,0,0,F,F,"1978BAL.EVA.regular.event.csv",1302
"BAL197805230","DET",7,0,2,0,0,"",0,2,"kemps001","?","kemps001","?","flanm001","?","flanm001","?","dempr001","murre001","smitb101","dauer001","belam101","kellp101","harll101","singk001","","","","K/C","F","F",7,5,3,"T","T",0,"F","F",1,"F","F",0,"F","F",0,"","F","F","",0,0,"N",0,"N",0,"N",0,0,0,0,"2","","","","F","F","F","F","F","F","F","F","F","","","","F","F","F","F","F","","","","",0,2,0,0,0,0,0,0,0,50,"BAL","DET","BAL",0,"F","T",0,2,0,22,2,"T","F",0,0,"T","T","wockj001","parrl001","T","T",0,0,0,0,0,0,0,0,0,"","","",0,0,0,0,0,0,0,0,0,0,0,0,0,"","F","F","F","F",0,0,0,0,0,0,0,0,0,0,F,F,"1978BAL.EVA.regular.event.csv",1303
"BAL197805230","DET",7,1,0,0,0,"",0,2,"dempr001","?","dempr001","?","billj101","?","billj101","?","parrl001","thomj001","dills101","rodra101","wagnm001","kemps001","leflr101","wockj001","","","","63","T","F",2,8,2,"T","T",0,"F","F",1,"F","F",0,"F","F",6,"G","F","F","",0,0,"N",0,"N",0,"N",0,0,0,0,"63","","","","F","F","F","F","F","F","F","F","F","","","","F","F","F","F","F","","","","",0,3,0,0,6,0,0,0,0,51,"BAL","BAL","DET",1,"T","F",2,0,0,25,0,"T","F",0,0,"T","T","dauer001","harll101","T","T",0,0,0,0,0,0,0,0,0,"","","",0,0,0,0,0,0,0,0,0,0,0,0,0,"wagnm001","F","F","F","F",0,0,0,0,0,0,0,0,0,0,F,F,"1978BAL.EVA.regular.event.csv",1304
"BAL197805230","DET",7,1,1,0,0,"",0,2,"dauer001","?","dauer001","?","billj101","?","billj101","?","parrl001","thomj001","dills101","rodra101","wagnm001","kemps001","leflr101","wockj001","","","","5/L","F","F",5,9,2,"T","T",0,"F","F",1,"F","F",0,"F","F",5,"L","F","F","",0,0,"N",0,"N",0,"N",0,0,0,0,"5","","","","F","F","F","F","F","F","F","F","F","","","","F","F","F","F","F","","","","",0,5,0,0,0,0,0,0,0,52,"BAL","BAL","DET",1,"F","F",2,0,0,26,1,"T","F",0,0,"T","T","harll101","belam101","T","T",0,0,0,0,0,0,0,0,0,"","","",0,0,0,0,0,0,0,0,0,0,0,0,0,"rodra101","F","F","F","F",0,0,0,0,0,0,0,0,0,0,F,F,"1978BAL.EVA.regular.event.csv",1305
"BAL197805230","DET",7,1,2,0,0,"",0,2,"harll101","?","harll101","?","billj101","?","billj101","?","parrl001","thomj001","dills101","rodra101","wagnm001","kemps001","leflr101","wockj001","","","","S9","F","F",8,1,20,"T","T",1,"F","F",0,"F","F",0,"F","F",9,"","F","F","",0,0,"N",0,"N",0,"N",1,0,0,0,"","","","","F","F","F","F","F","F","F","F","F","","","","F","F","F","F","F","","","","",0,0,0,0,0,0,0,0,0,53,"BAL","BAL","DET",1,"F","F",2,0,0,27,2,"T","F",0,1,"T","T","belam101","kellp101","T","T",0,0,0,0,0,0,0,0,0,"","","",0,0,0,0,0,0,0,0,0,0,0,0,0,"wockj001","F","F","F","F",0,0,0,0,0,0,0,0,0,0,F,F,"1978BAL.EVA.regular.event.csv",1306
"BAL197805230","DET",7,1,2,0,0,"",0,2,"belam101","?","belam101","?","billj101","?","billj101","?","parrl001","thomj001","dills101","rodra101","wagnm001","kemps001","leflr101","wockj001","harll101","","","CS2(26)","F","F",6,2,6,"F","F",0,"F","F",1,"F","F",0,"F","F",0,"","F","F","",0,0,"N",0,"N",0,"N",0,0,0,0,"","26","","","F","F","F","T","F","F","F","F","F","billj101","","","F","F","F","F","F","","","","",0,6,0,0,2,0,0,0,0,54,"BAL","BAL","DET",1,"F","T",2,0,0,28,3,"T","T",1,0,"T","T","kellp101","singk001","T","T",8,1,53,0,0,0,0,0,0,"parrl001","","",0,0,0,0,0,0,0,0,0,0,0,0,0,"","F","F","F","F",0,0,0,0,0,0,0,0,0,0,F,F,"1978BAL.EVA.regular.event.csv",1307
"BAL197805230","DET",8,0,0,0,0,"",0,2,"wockj001","?","wockj001","?","flanm001","?","flanm001","?","dempr001","murre001","smitb101","dauer001","belam101","kellp101","harll101","singk001","","","","W","T","F",9,6,14,"T","F",0,"F","F",0,"F","F",0,"F","F",0,"","F","F","",0,0,"N",0,"N",0,"N",1,0,0,0,"","","","","F","F","F","F","F","F","F","F","F","","","","F","F","F","F","F","","","","",0,0,0,0,0,0,0,0,0,55,"BAL","DET","BAL",0,"T","F",0,2,0,23,0,"T","F",0,1,"T","T","parrl001","rodra101","T","T",0,0,0,0,0,0,0,0,0,"","","",0,0,0,0,0,0,0,0,0,0,0,0,0,"","F","F","F","F",1,0,0,0,0,0,0,0,0,0,F,F,"1978BAL.EVA.regular.event.csv",1308
"BAL197805230","DET",8,0,0,0,0,"",0,2,"parrl001","?","parrl001","?","flanm001","?","flanm001","?","dempr001","murre001","smitb101","dauer001","belam101","kellp101","harll101","singk001","wockj001","","","K","F","F",2,7,3,"T","T",0,"F","F",1,"F","F",0,"F","F",0,"","F","F","",0,0,"N",0,"N",0,"N",0,1,0,0,"2","","","","F","F","F","F","F","F","F","F","F","flanm001","","","F","F","F","F","F","","","","",0,2,0,0,0,0,0,0,0,56,"BAL","DET","BAL",0,"F","F",0,2,0,24,1,"T","F",1,1,"T","T","rodra101","dills101","T","T",9,6,55,0,0,0,0,0,0,"dempr001","","",0,0,0,0,0,0,0,0,0,0,0,0,0,"","F","F","F","F",0,1,0,0,0,0,0,0,0,0,F,F,"1978BAL.EVA.regular.event.csv",1309
"BAL197805230","DET",8,0,1,0,0,"",0,2,"rodra101","?","rodra101","?","flanm001","?","flanm001","?","dempr001","murre001","smitb101","dauer001","belam101","kellp101","harll101","singk001","wockj001","","","K","F","F",5,8,3,"T","T",0,"F","F",1,"F","F",0,"F","F",0,"","F","F","",0,0,"N",0,"N",0,"N",0,1,0,0,"2","","","","F","F","F","F","F","F","F","F","F","flanm001","","","F","F","F","F","F","","","","",0,2,0,0,0,0,0,0,0,57,"BAL","DET","BAL",0,"F","F",0,2,0,25,2,"T","F",1,1,"T","T","dills101","leflr101","T","T",9,6,55,0,0,0,0,0,0,"dempr001","","",0,0,0,0,0,0,0,0,0,0,0,0,0,"","F","F","F","F",0,1,0,0,0,0,0,0,0,0,F,F,"1978BAL.EVA.regular.event.csv",1310
"BAL197805230","DET",8,0,2,0,0,"",0,2,"stanm101","?","stanm101","?","flanm001","?","flanm001","?","dempr001","murre001","smitb101","dauer001","belam101","kellp101","harll101","singk001","wockj001","","","8","F","T",11,9,2,"T","T",0,"F","F",1,"F","F",0,"F","F",8,"F","F","F","",0,0,"N",0,"N",0,"N",0,1,0,0,"8","","","","F","F","F","F","F","F","F","F","F","flanm001","","","F","F","F","F","F","","","","dills101",4,8,0,0,0,0,0,0,0,58,"BAL","DET","BAL",0,"F","T",0,2,0,26,3,"T","F",1,1,"F","F","leflr101","wagnm001","T","T",9,6,55,0,0,0,0,0,0,"dempr001","","",0,0,0,0,0,0,0,0,0,0,0,0,0,"harll101","F","F","F","F",0,1,0,0,0,0,0,0,0,0,F,F,"1978BAL.EVA.regular.event.csv",1311
"BAL197805230","DET",8,1,0,0,0,"",0,2,"belam101","?","belam101","?","billj101","?","billj101","?","parrl001","thomj001","whitl001","rodra101","wagnm001","kemps001","leflr101","wockj001","","","","8","T","F",6,2,2,"T","T",0,"F","F",1,"F","F",0,"F","F",8,"F","F","F","",0,0,"N",0,"N",0,"N",0,0,0,0,"8","","","","F","F","F","F","F","F","F","F","F","","","","F","F","F","F","F","","","","",0,8,0,0,0,0,0,0,0,59,"BAL","BAL","DET",1,"T","F",2,0,0,28,0,"T","F",0,0,"T","T","kellp101","singk001","T","T",0,0,0,0,0,0,0,0,0,"","","",0,0,0,0,0,0,0,0,0,0,0,0,0,"leflr101","F","F","F","F",0,0,0,0,0,0,0,0,0,0,F,F,"1978BAL.EVA.regular.event.csv",1312
"BAL197805230","DET",8,1,1,0,0,"",0,2,"kellp101","?","kellp101","?","billj101","?","billj101","?","parrl001","thomj001","whitl001","rodra101","wagnm001","kemps001","leflr101","wockj001","","","","63","F","F",7,3,2,"T","T",0,"F","F",1,"F","F",0,"F","F",6,"G","F","F","",0,0,"N",0,"N",0,"N",0,0,0,0,"63","","","","F","F","F","F","F","F","F","F","F","","","","F","F","F","F","F","","","","",0,3,0,0,6,0,0,0,0,60,"BAL","BAL","DET",1,"F","F",2,0,0,29,1,"T","F",0,0,"T","T","singk001","murre001","T","T",0,0,0,0,0,0,0,0,0,"","","",0,0,0,0,0,0,0,0,0,0,0,0,0,"wagnm001","F","F","F","F",0,0,0,0,0,0,0,0,0,0,F,F,"1978BAL.EVA.regular.event.csv",1313
"BAL197805230","DET",8,1,2,0,0,"",0,2,"singk001","?","singk001","?","billj101","?","billj101","?","parrl001","thomj001","whitl001","rodra101","wagnm001","kemps001","leflr101","wockj001","","","","3/G","F","F",9,4,2,"T","T",0,"F","F",1,"F","F",0,"F","F",3,"G","F","F","",0,0,"N",0,"N",0,"N",0,0,0,0,"3","","","","F","F","F","F","F","F","F","F","F","","","","F","F","F","F","F","","","","",0,3,0,0,0,0,0,0,0,61,"BAL","BAL","DET",1,"F","T",2,0,0,30,2,"T","F",0,0,"T","T","murre001","may-l101","T","T",0,0,0,0,0,0,0,0,0,"","","",0,0,0,0,0,0,0,0,0,0,0,0,0,"thomj001","F","F","F","F",0,0,0,0,0,0,0,0,0,0,F,F,"1978BAL.EVA.regular.event.csv",1314
"BAL197805230","DET",9,0,0,0,0,"",0,2,"leflr101","?","leflr101","?","flanm001","?","flanm001","?","dempr001","murre001","smitb101","dauer001","belam101","kellp101","harll101","lopec101","","","","S9","T","F",8,1,20,"T","T",1,"F","F",0,"F","F",0,"F","F",9,"","F","F","",0,0,"N",0,"N",0,"N",1,0,0,0,"","","","","F","F","F","F","F","F","F","F","F","","","","F","F","F","F","F","","","","",0,0,0,0,0,0,0,0,0,62,"BAL","DET","BAL",0,"T","F",0,2,0,27,0,"T","F",0,1,"T","T","wagnm001","staur001","T","T",0,0,0,0,0,0,0,0,0,"","","",0,0,0,0,0,0,0,0,0,0,0,0,0,"lopec101","F","F","F","F",0,0,0,0,0,0,0,0,0,0,F,F,"1978BAL.EVA.regular.event.csv",1315
"BAL197805230","DET",9,0,0,0,0,"",0,2,"wagnm001","?","wagnm001","?","flanm001","?","flanm001","?","dempr001","murre001","smitb101","dauer001","belam101","kellp101","harll101","lopec101","leflr101","","","64(1)3/GDP","F","F",6,2,2,"T","T",0,"F","F",2,"T","F",0,"F","F",6,"G","F","F","",0,0,"N",0,"N",0,"N",0,0,0,0,"43","64","","","F","F","F","F","F","F","F","F","F","flanm001","","","F","F","F","F","F","","","","",0,4,3,0,6,4,0,0,0,63,"BAL","DET","BAL",0,"F","F",0,2,0,28,1,"T","F",1,0,"T","T","staur001","thomj001","T","T",8,1,62,0,0,0,0,0,0,"dempr001","","",0,0,0,0,0,0,0,0,0,0,0,0,0,"belam101","T","F","F","F",0,0,0,0,0,0,0,0,0,0,F,F,"1978BAL.EVA.regular.event.csv",1316
"BAL197805230","DET",9,0,2,0,0,"",0,2,"staur001","?","staur001","?","flanm001","?","flanm001","?","dempr001","murre001","smitb101","dauer001","belam101","kellp101","harll101","lopec101","","","","43","F","F",10,3,2,"T","T",0,"F","F",1,"F","F",0,"F","F",4,"G","F","F","",0,0,"N",0,"N",0,"N",0,0,0,0,"43","","","","F","F","F","F","F","F","F","F","F","","","","F","T","F","F","F","","","","",0,3,0,0,4,0,0,0,0,64,"BAL","DET","BAL",0,"F","T",0,2,0,29,2,"T","F",0,0,"T","T","thomj001","kemps001","T","T",0,0,0,0,0,0,0,0,0,"","","",0,0,0,0,0,0,0,0,0,0,0,0,0,"smitb101","F","F","F","F",0,0,0,0,0,0,0,0,0,0,F,F,"1978BAL.EVA.regular.event.csv",1317
"BAL197805241","DET",1,0,0,0,0,"",0,0,"leflr101","?","leflr101","?","martd001","?","martd001","?","skagd101","murre001","decid001","dauer001","belam101","kellp101","harll101","singk001","","","","K/C","T","F",8,1,3,"T","T",0,"F","F",1,"F","F",0,"F","F",0,"","F","F","",0,0,"N",0,"N",0,"N",0,0,0,0,"2","","","","F","F","F","F","F","F","F","F","F","","","","T","F","F","F","F","","","","",0,2,0,0,0,0,0,0,0,1,"BAL","DET","BAL",0,"T","F",0,0,0,0,0,"T","F",0,0,"T","T","whitl001","staur001","T","T",0,0,0,0,0,0,0,0,0,"","","",0,0,0,0,0,0,0,0,0,0,0,0,0,"","F","F","F","F",0,0,0,0,0,0,0,0,0,0,F,F,"1978BAL.EVA.regular.event.csv",1318
"BAL197805241","DET",1,0,1,0,0,"",0,0,"whitl001","?","whitl001","?","martd001","?","martd001","?","skagd101","murre001","decid001","dauer001","belam101","kellp101","harll101","singk001","","","","3/L","F","F",4,2,2,"T","T",0,"F","F",1,"F","F",0,"F","F",3,"L","F","F","",0,0,"N",0,"N",0,"N",0,0,0,0,"3","","","","F","F","F","F","F","F","F","F","F","","","","F","F","F","F","F","","","","",0,3,0,0,0,0,0,0,0,2,"BAL","DET","BAL",0,"F","F",0,0,0,1,1,"T","F",0,0,"T","T","staur001","thomj001","T","T",0,0,0,0,0,0,0,0,0,"","","",0,0,0,0,0,0,0,0,0,0,0,0,0,"murre001","F","F","F","F",0,0,0,0,0,0,0,0,0,0,F,F,"1978BAL.EVA.regular.event.csv",1319
"BAL197805241","DET",1,0,2,0,0,"",0,0,"staur001","?","staur001","?","martd001","?","martd001","?","skagd101","murre001","decid001","dauer001","belam101","kellp101","harll101","singk001","","","","S?","F","F",10,3,20,"T","T",1,"F","F",0,"F","F",0,"F","F",0,"","F","F","",0,0,"N",0,"N",0,"N",1,0,0,0,"","","","","F","F","F","F","F","F","F","F","F","","","","F","F","F","F","F","","","","",0,0,0,0,0,0,0,0,0,3,"BAL","DET","BAL",0,"F","F",0,0,0,2,2,"T","F",0,1,"T","T","thomj001","kemps001","T","T",0,0,0,0,0,0,0,0,0,"","","",0,0,0,0,0,0,0,0,0,0,0,0,0,"","F","F","F","F",0,0,0,0,0,0,0,0,0,0,F,F,"1978BAL.EVA.regular.event.csv",1320
"BAL197805241","DET",1,0,2,0,0,"",0,0,"thomj001","?","thomj001","?","martd001","?","martd001","?","skagd101","murre001","decid001","dauer001","belam101","kellp101","harll101","singk001","staur001","","","K/C","F","F",3,4,3,"T","T",0,"F","F",1,"F","F",0,"F","F",0,"","F","F","",0,0,"N",0,"N",0,"N",0,1,0,0,"2","","","","F","F","F","F","F","F","F","F","F","martd001","","","F","F","F","F","F","","","","",0,2,0,0,0,0,0,0,0,4,"BAL","DET","BAL",0,"F","T",0,0,0,3,3,"T","F",1,1,"T","T","kemps001","may-m001","T","T",10,3,3,0,0,0,0,0,0,"skagd101","","",0,0,0,0,0,0,0,0,0,0,0,0,0,"","F","F","F","F",0,0,0,0,0,0,0,0,0,0,F,F,"1978BAL.EVA.regular.event.csv",1321
"BAL197805241","DET",1,1,0,0,0,"",0,0,"harll101","?","harll101","?","slatj001","?","slatj001","?","may-m001","thomj001","whitl001","mankp101","trama001","kemps001","leflr101","corct001","","","","W","T","F",8,1,14,"T","F",0,"F","F",0,"F","F",0,"F","F",0,"","F","F","",0,0,"N",0,"N",0,"N",1,0,0,0,"","","","","F","F","F","F","F","F","F","F","F","","","","F","F","F","F","F","","","","",0,0,0,0,0,0,0,0,0,5,"BAL","BAL","DET",1,"T","F",0,0,0,0,0,"T","F",0,1,"T","T","belam101","kellp101","T","T",0,0,0,0,0,0,0,0,0,"","","",0,0,0,0,0,0,0,0,0,0,0,0,0,"","F","F","F","F",0,0,0,0,0,0,0,0,0,0,F,F,"1978BAL.EVA.regular.event.csv",1322
"BAL197805241","DET",1,1,0,0,0,"",0,0,"belam101","?","belam101","?","slatj001","?","slatj001","?","may-m001","thomj001","whitl001","mankp101","trama001","kemps001","leflr101","corct001","harll101","","","E4.1-2;B-1","F","F",6,2,18,"T","T",0,"F","F",0,"F","F",0,"F","F",4,"G","F","F","",1,4,"F",0,"N",0,"N",1,2,0,0,"","","","","F","F","F","F","F","F","F","F","F","slatj001","","","F","F","F","F","F","","","","",0,0,0,0,0,0,0,0,0,6,"BAL","BAL","DET",1,"F","F",0,0,0,1,1,"T","F",1,3,"T","T","kellp101","singk001","T","T",8,1,5,0,0,0,0,0,0,"may-m001","","",0,0,0,0,0,0,0,0,0,0,0,0,0,"whitl001","F","F","F","T",0,0,0,0,0,0,0,0,0,0,F,F,"1978BAL.EVA.regular.event.csv",1323
"BAL197805241","DET",1,1,0,0,0,"",0,0,"kellp101","?","kellp101","?","slatj001","?","slatj001","?","may-m001","thomj001","whitl001","mankp101","trama001","kemps001","leflr101","corct001","belam101","harll101","","13/SH/BG.2-3;1-2","F","F",7,3,2,"T","F",0,"T","F",1,"F","F",0,"F","F",1,"G","T","F","",0,0,"N",0,"N",0,"N",0,2,3,0,"13","","","","F","F","F","F","F","F","F","F","F","slatj001","slatj001","","F","F","F","F","F","","","","",0,3,0,0,1,0,0,0,0,7,"BAL","BAL","DET",1,"F","F",0,0,0,2,2,"T","F",3,6,"T","T","singk001","murre001","T","T",6,2,6,8,1,5,0,0,0,"may-m001","may-m001","",0,0,0,0,0,0,0,0,0,0,0,0,0,"slatj001","F","F","F","F",0,0,0,0,0,0,0,0,0,0,F,F,"1978BAL.EVA.regular.event.csv",1324
"BAL197805241","DET",1,1,1,0,0,"",0,0,"singk001","?","singk001","?","slatj001","?","slatj001","?","may-m001","thomj001","whitl001","mankp101","trama001","kemps001","leflr101","corct001","","belam101","harll101","K","F","F",9,4,3,"T","T",0,"F","F",1,"F","F",0,"F","F",0,"","F","F","",0,0,"N",0,"N",0,"N",0,0,2,3,"2","","","","F","F","F","F","F","F","F","F","F","","slatj001","slatj001","F","F","F","F","F","","","","",0,2,0,0,0,0,0,0,0,8,"BAL","BAL","DET",1,"F","F",0,0,0,3,3,"T","F",6,6,"T","T","murre001","decid001","T","T",0,0,0,6,2,6,8,1,5,"","may-m001","may-m001",0,0,0,0,0,0,0,0,0,0,0,0,0,"","F","F","F","F",0,0,0,0,0,0,0,0,0,0,F,F,"1978BAL.EVA.regular.event.csv",1325
"BAL197805241","DET",1,1,2,0,0,"",0,0,"murre001","?","murre001","?","slatj001","?","slatj001","?","may-m001","thomj001","whitl001","mankp101","trama001","kemps001","leflr101","corct001","","belam101","harll101","43","F","F",3,5,2,"T","T",0,"F","F",1,"F","F",0,"F","F",4,"G","F","F","",0,0,"N",0,"N",0,"N",0,0,2,3,"43","","","","F","F","F","F","F","F","F","F","F","","slatj001","slatj001","F","F","F","F","F","","","","",0,3,0,0,4,0,0,0,0,9,"BAL","BAL","DET",1,"F","T",0,0,0,4,4,"T","F",6,6,"T","T","decid001","crowt101","T","T",0,0,0,6,2,6,8,1,5,"","may-m001","may-m001",0,0,0,0,0,0,0,0,0,0,0,0,0,"whitl001","F","F","F","F",0,0,0,0,0,0,0,0,0,0,F,F,"1978BAL.EVA.regular.event.csv",1326
"BAL197805241","DET",2,0,0,0,0,"",0,0,"kemps001","?","kemps001","?","martd001","?","martd001","?","skagd101","murre001","decid001","dauer001","belam101","kellp101","harll101","singk001","","","","W","T","F",7,5,14,"T","F",0,"F","F",0,"F","F",0,"F","F",0,"","F","F","",0,0,"N",0,"N",0,"N",1,0,0,0,"","","","","F","F","F","F","F","F","F","F","F","","","","F","F","F","F","F","","","","",0,0,0,0,0,0,0,0,0,10,"BAL","DET","BAL",0,"T","F",0,0,0,4,0,"T","F",0,1,"T","T","may-m001","corct001","T","T",0,0,0,0,0,0,0,0,0,"","","",0,0,0,0,0,0,0,0,0,0,0,0,0,"","F","F","F","F",0,0,0,0,0,0,0,0,0,0,F,F,"1978BAL.EVA.regular.event.csv",1327
"BAL197805241","DET",2,0,0,0,0,"",0,0,"may-m001","?","may-m001","?","martd001","?","martd001","?","skagd101","murre001","decid001","dauer001","belam101","kellp101","harll101","singk001","kemps001","","","S8/G.1-2","F","F",2,6,20,"T","T",1,"F","F",0,"F","F",0,"F","F",8,"G","F","F","",0,0,"N",0,"N",0,"N",1,2,0,0,"","","","","F","F","F","F","F","F","F","F","F","martd001","","","F","F","F","F","F","","","","",0,0,0,0,0,0,0,0,0,11,"BAL","DET","BAL",0,"F","F",0,0,0,5,1,"T","F",1,3,"T","T","corct001","mankp101","T","T",7,5,10,0,0,0,0,0,0,"skagd101","","",0,0,0,0,0,0,0,0,0,0,0,0,0,"harll101","F","F","F","F",0,0,0,0,0,0,0,0,0,0,F,F,"1978BAL.EVA.regular.event.csv",1328
"BAL197805241","DET",2,0,0,0,0,"",0,0,"corct001","?","corct001","?","martd001","?","martd001","?","skagd101","murre001","decid001","dauer001","belam101","kellp101","harll101","singk001","may-m001","kemps001","","46(1)3/GDP.2-3","F","F",9,7,2,"T","T",0,"F","F",2,"T","F",0,"F","F",4,"G","F","F","",0,0,"N",0,"N",0,"N",0,0,3,0,"63","46","","","F","F","F","F","F","F","F","F","F","martd001","martd001","","F","F","F","F","F","","","","",0,6,3,0,4,6,0,0,0,12,"BAL","DET","BAL",0,"F","F",0,0,0,6,2,"T","F",3,4,"T","T","mankp101","trama001","T","T",2,6,11,7,5,10,0,0,0,"skagd101","skagd101","",0,0,0,0,0,0,0,0,0,0,0,0,0,"decid001","T","F","F","F",0,0,0,0,0,0,0,0,0,0,F,F,"1978BAL.EVA.regular.event.csv",1329
"BAL197805241","DET",2,0,2,0,0,"",0,0,"mankp101","?","mankp101","?","martd001","?","martd001","?","skagd101","murre001","decid001","dauer001","belam101","kellp101","harll101","singk001","","","kemps001","K","F","F",5,8,3,"T","T",0,"F","F",1,"F","F",0,"F","F",0,"","F","F","",0,0,"N",0,"N",0,"N",0,0,0,3,"2","","","","F","F","F","F","F","F","F","F","F","","","martd001","F","F","F","F","F","","","","",0,2,0,0,0,0,0,0,0,13,"BAL","DET","BAL",0,"F","T",0,0,0,7,3,"T","F",4,4,"T","T","trama001","leflr101","T","T",0,0,0,0,0,0,7,5,10,"","","skagd101",0,0,0,0,0,0,0,0,0,0,0,0,0,"","F","F","F","F",0,0,0,0,0,0,0,0,0,0,F,F,"1978BAL.EVA.regular.event.csv",1330
"BAL197805241","DET",2,1,0,0,0,"",0,0,"decid001","?","decid001","?","slatj001","?","slatj001","?","may-m001","thomj001","whitl001","mankp101","trama001","kemps001","leflr101","corct001","","","","63","T","F",4,6,2,"T","T",0,"F","F",1,"F","F",0,"F","F",6,"G","F","F","",0,0,"N",0,"N",0,"N",0,0,0,0,"63","","","","F","F","F","F","F","F","F","F","F","","","","F","F","F","F","F","","","","",0,3,0,0,6,0,0,0,0,14,"BAL","BAL","DET",1,"T","F",0,0,0,5,0,"T","F",0,0,"T","T","crowt101","dauer001","T","T",0,0,0,0,0,0,0,0,0,"","","",0,0,0,0,0,0,0,0,0,0,0,0,0,"trama001","F","F","F","F",0,0,0,0,0,0,0,0,0,0,F,F,"1978BAL.EVA.regular.event.csv",1331
"BAL197805241","DET",2,1,1,0,0,"",0,0,"crowt101","?","crowt101","?","slatj001","?","slatj001","?","may-m001","thomj001","whitl001","mankp101","trama001","kemps001","leflr101","corct001","","","","S8/G","F","F",10,7,20,"T","T",1,"F","F",0,"F","F",0,"F","F",8,"G","F","F","",0,0,"N",0,"N",0,"N",1,0,0,0,"","","","","F","F","F","F","F","F","F","F","F","","","","F","F","F","F","F","","","","",0,0,0,0,0,0,0,0,0,15,"BAL","BAL","DET",1,"F","F",0,0,0,6,1,"T","F",0,1,"T","T","dauer001","skagd101","T","T",0,0,0,0,0,0,0,0,0,"","","",0,0,0,0,0,0,0,0,0,0,0,0,0,"leflr101","F","F","F","F",0,0,0,0,0,0,0,0,0,0,F,F,"1978BAL.EVA.regular.event.csv",1332
"BAL197805241","DET",2,1,1,0,0,"",0,0,"dauer001","?","dauer001","?","slatj001","?","slatj001","?","may-m001","thomj001","whitl001","mankp101","trama001","kemps001","leflr101","corct001","crowt101","","","64(1)3/GDP","F","F",5,8,2,"T","T",0,"F","F",2,"T","F",0,"F","F",6,"G","F","F","",0,0,"N",0,"N",0,"N",0,0,0,0,"43","64","","","F","F","F","F","F","F","F","F","F","slatj001","","","F","F","F","F","F","","","","",0,4,3,0,6,4,0,0,0,16,"BAL","BAL","DET",1,"F","T",0,0,0,7,2,"T","F",1,0,"T","T","skagd101","harll101","T","T",10,7,15,0,0,0,0,0,0,"may-m001","","",0,0,0,0,0,0,0,0,0,0,0,0,0,"trama001","T","F","F","F",0,0,0,0,0,0,0,0,0,0,F,F,"1978BAL.EVA.regular.event.csv",1333
"BAL197805241","DET",3,0,0,0,0,"",0,0,"trama001","?","trama001","?","martd001","?","martd001","?","skagd101","murre001","decid001","dauer001","belam101","kellp101","harll101","singk001","","","","63","T","F",6,9,2,"T","T",0,"F","F",1,"F","F",0,"F","F",6,"G","F","F","",0,0,"N",0,"N",0,"N",0,0,0,0,"63","","","","F","F","F","F","F","F","F","F","F","","","","F","F","F","F","F","","","","",0,3,0,0,6,0,0,0,0,17,"BAL","DET","BAL",0,"T","F",0,0,0,8,0,"T","F",0,0,"T","T","leflr101","whitl001","T","T",0,0,0,0,0,0,0,0,0,"","","",0,0,0,0,0,0,0,0,0,0,0,0,0,"belam101","F","F","F","F",0,0,0,0,0,0,0,0,0,0,F,F,"1978BAL.EVA.regular.event.csv",1334
"BAL197805241","DET",3,0,1,0,0,"",0,0,"leflr101","?","leflr101","?","martd001","?","martd001","?","skagd101","murre001","decid001","dauer001","belam101","kellp101","harll101","singk001","","","","K","F","F",8,1,3,"T","T",0,"F","F",1,"F","F",0,"F","F",0,"","F","F","",0,0,"N",0,"N",0,"N",0,0,0,0,"2","","","","F","F","F","F","F","F","F","F","F","","","","F","F","F","F","F","","","","",0,2,0,0,0,0,0,0,0,18,"BAL","DET","BAL",0,"F","F",0,0,0,9,1,"T","F",0,0,"T","T","whitl001","staur001","T","T",0,0,0,0,0,0,0,0,0,"","","",0,0,0,0,0,0,0,0,0,0,0,0,0,"","F","F","F","F",0,0,0,0,0,0,0,0,0,0,F,F,"1978BAL.EVA.regular.event.csv",1335
"BAL197805241","DET",3,0,2,0,0,"",0,0,"whitl001","?","whitl001","?","martd001","?","martd001","?","skagd101","murre001","decid001","dauer001","belam101","kellp101","harll101","singk001","","","","53","F","F",4,2,2,"T","T",0,"F","F",1,"F","F",0,"F","F",5,"G","F","F","",0,0,"N",0,"N",0,"N",0,0,0,0,"53","","","","F","F","F","F","F","F","F","F","F","","","","F","F","F","F","F","","","","",0,3,0,0,5,0,0,0,0,19,"BAL","DET","BAL",0,"F","T",0,0,0,10,2,"T","F",0,0,"T","T","staur001","thomj001","T","T",0,0,0,0,0,0,0,0,0,"","","",0,0,0,0,0,0,0,0,0,0,0,0,0,"dauer001","F","F","F","F",0,0,0,0,0,0,0,0,0,0,F,F,"1978BAL.EVA.regular.event.csv",1336
"BAL197805241","DET",3,1,0,0,0,"",0,0,"skagd101","?","skagd101","?","slatj001","?","slatj001","?","may-m001","thomj001","whitl001","mankp101","trama001","kemps001","leflr101","corct001","","","","9","T","F",2,9,2,"T","T",0,"F","F",1,"F","F",0,"F","F",9,"F","F","F","",0,0,"N",0,"N",0,"N",0,0,0,0,"9","","","","F","F","F","F","F","F","F","F","F","","","","F","F","F","F","F","","","","",0,9,0,0,0,0,0,0,0,20,"BAL","BAL","DET",1,"T","F",0,0,0,8,0,"T","F",0,0,"T","T","harll101","belam101","T","T",0,0,0,0,0,0,0,0,0,"","","",0,0,0,0,0,0,0,0,0,0,0,0,0,"corct001","F","F","F","F",0,0,0,0,0,0,0,0,0,0,F,F,"1978BAL.EVA.regular.event.csv",1337
"BAL197805241","DET",3,1,1,0,0,"",0,0,"harll101","?","harll101","?","slatj001","?","slatj001","?","may-m001","thomj001","whitl001","mankp101","trama001","kemps001","leflr101","corct001","","","","63","F","F",8,1,2,"T","T",0,"F","F",1,"F","F",0,"F","F",6,"G","F","F","",0,0,"N",0,"N",0,"N",0,0,0,0,"63","","","","F","F","F","F","F","F","F","F","F","","","","F","F","F","F","F","","","","",0,3,0,0,6,0,0,0,0,21,"BAL","BAL","DET",1,"F","F",0,0,0,9,1,"T","F",0,0,"T","T","belam101","kellp101","T","T",0,0,0,0,0,0,0,0,0,"","","",0,0,0,0,0,0,0,0,0,0,0,0,0,"trama001","F","F","F","F",0,0,0,0,0,0,0,0,0,0,F,F,"1978BAL.EVA.regular.event.csv",1338
"BAL197805241","DET",3,1,2,0,0,"",0,0,"belam101","?","belam101","?","slatj001","?","slatj001","?","may-m001","thomj001","whitl001","mankp101","trama001","kemps001","leflr101","corct001","","","","23","F","F",6,2,2,"T","T",0,"F","F",1,"F","F",0,"F","F",2,"G","F","F","",0,0,"N",0,"N",0,"N",0,0,0,0,"23","","","","F","F","F","F","F","F","F","F","F","","","","F","F","F","F","F","","","","",0,3,0,0,2,0,0,0,0,22,"BAL","BAL","DET",1,"F","T",0,0,0,10,2,"T","F",0,0,"T","T","kellp101","singk001","T","T",0,0,0,0,0,0,0,0,0,"","","",0,0,0,0,0,0,0,0,0,0,0,0,0,"may-m001","F","F","F","F",0,0,0,0,0,0,0,0,0,0,F,F,"1978BAL.EVA.regular.event.csv",1339
"BAL197805241","DET",4,0,0,0,0,"",0,0,"staur001","?","staur001","?","martd001","?","martd001","?","skagd101","murre001","decid001","dauer001","belam101","kellp101","harll101","singk001","","","","S9","T","F",10,3,20,"T","T",1,"F","F",0,"F","F",0,"F","F",9,"","F","F","",0,0,"N",0,"N",0,"N",1,0,0,0,"","","","","F","F","F","F","F","F","F","F","F","","","","F","F","F","F","F","","","","",0,0,0,0,0,0,0,0,0,23,"BAL","DET","BAL",0,"T","F",0,0,0,11,0,"T","F",0,1,"T","T","thomj001","kemps001","T","T",0,0,0,0,0,0,0,0,0,"","","",0,0,0,0,0,0,0,0,0,0,0,0,0,"singk001","F","F","F","F",4,0,0,0,1,0,0,0,0,0,F,F,"1978BAL.EVA.regular.event.csv",1340
"BAL197805241","DET",4,0,0,0,0,"",0,0,"thomj001","?","thomj001","?","martd001","?","martd001","?","skagd101","murre001","decid001","dauer001","belam101","kellp101","harll101","singk001","staur001","","","S?.1-2","F","F",3,4,20,"T","T",1,"F","F",0,"F","F",0,"F","F",0,"","F","F","",0,0,"N",0,"N",0,"N",1,2,0,0,"","","","","F","F","F","F","F","F","F","F","F","martd001","","","F","F","F","F","F","","","","",0,0,0,0,0,0,0,0,0,24,"BAL","DET","BAL",0,"F","F",0,0,0,12,1,"T","F",1,3,"T","T","kemps001","may-m001","T","T",10,3,23,0,0,0,0,0,0,"skagd101","","",0,0,0,0,0,0,0,0,0,0,0,0,0,"","F","F","F","F",0,4,0,0,1,0,0,0,0,0,F,F,"1978BAL.EVA.regular.event.csv",1341
"BAL197805241","DET",4,0,0,0,0,"",0,0,"kemps001","?","kemps001","?","martd001","?","martd001","?","skagd101","murre001","decid001","dauer001","belam101","kellp101","harll101","singk001","thomj001","staur001","","W.2-3;1-2","F","F",7,5,14,"T","F",0,"F","F",0,"F","F",0,"F","F",0,"","F","F","",0,0,"N",0,"N",0,"N",1,2,3,0,"","","","","F","F","F","F","F","F","F","F","F","martd001","martd001","","F","F","F","F","F","","","","",0,0,0,0,0,0,0,0,0,25,"BAL","DET","BAL",0,"F","F",0,0,0,13,2,"T","F",3,7,"T","T","may-m001","corct001","T","T",3,4,24,10,3,23,0,0,0,"skagd101","skagd101","",0,0,0,0,0,0,0,0,0,0,0,0,0,"","F","F","F","F",0,0,4,0,1,0,0,0,0,0,F,F,"1978BAL.EVA.regular.event.csv",1342
"BAL197805241","DET",4,0,0,0,0,"",0,0,"may-m001","?","may-m001","?","martd001","?","martd001","?","skagd101","murre001","decid001","dauer001","belam101","kellp101","harll101","singk001","kemps001","thomj001","staur001","46(1)3/GDP.3-H(NR);2-3","F","F",2,6,2,"T","T",0,"F","F",2,"T","F",0,"F","F",4,"G","F","F","",0,0,"N",0,"N",0,"N",0,0,3,4,"63","46","","","F","F","F","F","F","F","F","F","F","martd001","martd001","martd001","F","F","F","F","F","","","","",0,6,3,0,4,6,0,0,0,26,"BAL","DET","BAL",0,"F","F",0,0,0,14,3,"T","F",7,4,"T","T","corct001","mankp101","T","T",7,5,25,3,4,24,10,3,23,"skagd101","skagd101","skagd101",0,0,0,0,0,0,0,0,0,0,0,0,1,"decid001","T","F","F","F",0,0,0,4,0,0,0,0,0,0,F,F,"1978BAL.EVA.regular.event.csv",1343
"BAL197805241","DET",4,0,2,0,0,"",1,0,"corct001","?","corct001","?","martd001","?","martd001","?","skagd101","murre001","decid001","dauer001","belam101","kellp101","harll101","singk001","","","thomj001","31","F","F",9,7,2,"T","T",0,"F","F",1,"F","F",0,"F","F",3,"G","F","F","",0,0,"N",0,"N",0,"N",0,0,0,3,"31","","","","F","F","F","F","F","F","F","F","F","","","martd001","F","F","F","F","F","","","","",0,1,0,0,3,0,0,0,0,27,"BAL","DET","BAL",0,"F","T",1,0,1,15,4,"T","F",4,4,"T","T","mankp101","trama001","T","T",0,0,0,0,0,0,3,4,24,"","","skagd101",0,0,0,0,0,0,0,0,0,0,0,0,0,"murre001","F","F","F","F",0,0,0,0,0,0,0,0,0,0,F,F,"1978BAL.EVA.regular.event.csv",1344
"BAL197805241","DET",4,1,0,0,0,"",1,0,"kellp101","?","kellp101","?","slatj001","?","slatj001","?","may-m001","thomj001","whitl001","mankp101","trama001","kemps001","leflr101","corct001","","","","8","T","F",7,3,2,"T","T",0,"F","F",1,"F","F",0,"F","F",8,"F","F","F","",0,0,"N",0,"N",0,"N",0,0,0,0,"8","","","","F","F","F","F","F","F","F","F","F","","","","F","F","F","F","F","","","","",0,8,0,0,0,0,0,0,0,28,"BAL","BAL","DET",1,"T","F",0,1,0,11,0,"T","F",0,0,"T","T","singk001","murre001","T","T",0,0,0,0,0,0,0,0,0,"","","",0,0,0,0,0,0,0,0,0,0,0,0,0,"leflr101","F","F","F","F",0,0,0,0,0,0,0,0,0,0,F,F,"1978BAL.EVA.regular.event.csv",1345
"BAL197805241","DET",4,1,1,0,0,"",1,0,"singk001","?","singk001","?","slatj001","?","slatj001","?","may-m001","thomj001","whitl001","mankp101","trama001","kemps001","leflr101","corct001","","","","8","F","F",9,4,2,"T","T",0,"F","F",1,"F","F",0,"F","F",8,"F","F","F","",0,0,"N",0,"N",0,"N",0,0,0,0,"8","","","","F","F","F","F","F","F","F","F","F","","","","F","F","F","F","F","","","","",0,8,0,0,0,0,0,0,0,29,"BAL","BAL","DET",1,"F","F",0,1,0,12,1,"T","F",0,0,"T","T","murre001","decid001","T","T",0,0,0,0,0,0,0,0,0,"","","",0,0,0,0,0,0,0,0,0,0,0,0,0,"leflr101","F","F","F","F",0,0,0,0,0,0,0,0,0,0,F,F,"1978BAL.EVA.regular.event.csv",1346
"BAL197805241","DET",4,1,2,0,0,"",1,0,"murre001","?","murre001","?","slatj001","?","slatj001","?","may-m001","thomj001","whitl001","mankp101","trama001","kemps001","leflr101","corct001","","","","5/FL","F","F",3,5,2,"T","T",0,"F","F",1,"F","F",0,"F","F",5,"F","F","T","",0,0,"N",0,"N",0,"N",0,0,0,0,"5","","","","F","F","F","F","F","F","F","F","F","","","","F","F","F","F","F","","","","",0,5,0,0,0,0,0,0,0,30,"BAL","BAL","DET",1,"F","T",0,1,0,13,2,"T","F",0,0,"T","T","decid001","crowt101","T","T",0,0,0,0,0,0,0,0,0,"","","",0,0,0,0,0,0,0,0,0,0,0,0,0,"mankp101","F","F","F","F",0,0,0,0,0,0,0,0,0,0,F,F,"1978BAL.EVA.regular.event.csv",1347
"BAL197805241","DET",5,0,0,0,0,"",1,0,"mankp101","?","mankp101","?","martd001","?","martd001","?","skagd101","murre001","decid001","dauer001","belam101","kellp101","harll101","singk001","","","","K/C","T","F",5,8,3,"T","T",0,"F","F",1,"F","F",0,"F","F",0,"","F","F","",0,0,"N",0,"N",0,"N",0,0,0,0,"2","","","","F","F","F","F","F","F","F","F","F","","","","F","F","F","F","F","","","","",0,2,0,0,0,0,0,0,0,31,"BAL","DET","BAL",0,"T","F",1,0,0,16,0,"T","F",0,0,"T","T","trama001","leflr101","T","T",0,0,0,0,0,0,0,0,0,"","","",0,0,0,0,0,0,0,0,0,0,0,0,0,"","F","F","F","F",0,0,0,0,0,0,0,0,0,0,F,F,"1978BAL.EVA.regular.event.csv",1348
"BAL197805241","DET",5,0,1,0,0,"",1,0,"trama001","?","trama001","?","martd001","?","martd001","?","skagd101","murre001","decid001","dauer001","belam101","kellp101","harll101","singk001","","","","K/C","F","F",6,9,3,"T","T",0,"F","F",1,"F","F",0,"F","F",0,"","F","F","",0,0,"N",0,"N",0,"N",0,0,0,0,"2","","","","F","F","F","F","F","F","F","F","F","","","","F","F","F","F","F","","","","",0,2,0,0,0,0,0,0,0,32,"BAL","DET","BAL",0,"F","F",1,0,0,17,1,"T","F",0,0,"T","T","leflr101","whitl001","T","T",0,0,0,0,0,0,0,0,0,"","","",0,0,0,0,0,0,0,0,0,0,0,0,0,"","F","F","F","F",0,0,0,0,0,0,0,0,0,0,F,F,"1978BAL.EVA.regular.event.csv",1349
"BAL197805241","DET",5,0,2,0,0,"",1,0,"leflr101","?","leflr101","?","martd001","?","martd001","?","skagd101","murre001","decid001","dauer001","belam101","kellp101","harll101","singk001","","","","S9/G","F","F",8,1,20,"T","T",1,"F","F",0,"F","F",0,"F","F",9,"G","F","F","",0,0,"N",0,"N",0,"N",1,0,0,0,"","","","","F","F","F","F","F","F","F","F","F","","","","F","F","F","F","F","","","","",0,0,0,0,0,0,0,0,0,33,"BAL","DET","BAL",0,"F","F",1,0,0,18,2,"T","F",0,1,"T","T","whitl001","staur001","T","T",0,0,0,0,0,0,0,0,0,"","","",0,0,0,0,0,0,0,0,0,0,0,0,0,"singk001","F","F","F","F",0,0,0,0,0,0,0,0,0,0,F,F,"1978BAL.EVA.regular.event.csv",1350
"BAL197805241","DET",5,0,2,0,0,"",1,0,"whitl001","?","whitl001","?","martd001","?","martd001","?","skagd101","murre001","decid001","dauer001","belam101","kellp101","harll101","singk001","leflr101","","","S4/BR.1X2(4)","F","F",4,2,20,"T","T",1,"F","F",1,"F","F",0,"F","F",4,"","F","F","",0,0,"N",0,"N",0,"N",1,0,0,0,"","4","","","F","F","F","F","F","F","F","F","F","martd001","","","F","F","F","F","F","","","","",0,4,0,0,0,0,0,0,0,34,"BAL","DET","BAL",0,"F","T",1,0,0,19,3,"T","F",1,1,"T","T","staur001","thomj001","T","T",8,1,33,0,0,0,0,0,0,"skagd101","","",0,0,0,0,0,0,0,0,0,0,0,0,0,"decid001","F","F","F","F",0,0,0,0,0,0,0,0,0,0,F,F,"1978BAL.EVA.regular.event.csv",1351
"BAL197805241","DET",5,1,0,0,0,"",1,0,"decid001","?","decid001","?","slatj001","?","slatj001","?","may-m001","thomj001","whitl001","mankp101","trama001","kemps001","leflr101","corct001","","","","D7","T","F",4,6,21,"T","T",2,"F","F",0,"F","F",0,"F","F",7,"","F","F","",0,0,"N",0,"N",0,"N",2,0,0,0,"","","","","F","F","F","F","F","F","F","F","F","","","","F","F","F","F","F","","","","",0,0,0,0,0,0,0,0,0,35,"BAL","BAL","DET",1,"T","F",0,1,0,14,0,"T","F",0,2,"T","T","crowt101","dauer001","T","T",0,0,0,0,0,0,0,0,0,"","","",0,0,0,0,0,0,0,0,0,0,0,0,0,"kemps001","F","F","F","F",0,0,0,0,0,0,0,0,0,0,F,F,"1978BAL.EVA.regular.event.csv",1352
"BAL197805241","DET",5,1,0,0,0,"",1,0,"crowt101","?","crowt101","?","slatj001","?","slatj001","?","may-m001","thomj001","whitl001","mankp101","trama001","kemps001","leflr101","corct001","","decid001","","8.2-3","F","F",10,7,2,"T","T",0,"F","F",1,"F","F",0,"F","F",8,"F","F","F","",0,0,"N",0,"N",0,"N",0,0,3,0,"8","","","","F","F","F","F","F","F","F","F","F","","slatj001","","F","F","F","F","F","","","","",0,8,0,0,0,0,0,0,0,36,"BAL","BAL","DET",1,"F","F",0,1,0,15,1,"T","F",2,4,"T","T","dauer001","skagd101","T","T",0,0,0,4,6,35,0,0,0,"","may-m001","",0,0,0,0,0,0,0,0,0,0,0,0,0,"leflr101","F","F","F","F",0,0,0,0,0,0,0,0,0,0,F,F,"1978BAL.EVA.regular.event.csv",1353
"BAL197805241","DET",5,1,1,0,0,"",1,0,"dauer001","?","dauer001","?","slatj001","?","slatj001","?","may-m001","thomj001","whitl001","mankp101","trama001","kemps001","leflr101","corct001","","","decid001","7","F","F",5,8,2,"T","T",0,"F","F",1,"F","F",0,"F","F",7,"F","F","F","",0,0,"N",0,"N",0,"N",0,0,0,3,"7","","","","F","F","F","F","F","F","F","F","F","","","slatj001","F","F","F","F","F","","","","",0,7,0,0,0,0,0,0,0,37,"BAL","BAL","DET",1,"F","F",0,1,0,16,2,"T","F",4,4,"T","T","skagd101","harll101","T","T",0,0,0,0,0,0,4,6,35,"","","may-m001",0,0,0,0,0,0,0,0,0,0,0,0,0,"kemps001","F","F","F","F",0,0,0,0,0,0,0,0,0,0,F,F,"1978BAL.EVA.regular.event.csv",1354
"BAL197805241","DET",5,1,2,0,0,"",1,0,"skagd101","?","skagd101","?","slatj001","?","slatj001","?","may-m001","thomj001","whitl001","mankp101","trama001","kemps001","leflr101","corct001","","","decid001","43","F","F",2,9,2,"T","T",0,"F","F",1,"F","F",0,"F","F",4,"G","F","F","",0,0,"N",0,"N",0,"N",0,0,0,3,"43","","","","F","F","F","F","F","F","F","F","F","","","slatj001","F","F","F","F","F","","","","",0,3,0,0,4,0,0,0,0,38,"BAL","BAL","DET",1,"F","T",0,1,0,17,3,"T","F",4,4,"T","T","harll101","belam101","T","T",0,0,0,0,0,0,4,6,35,"","","may-m001",0,0,0,0,0,0,0,0,0,0,0,0,0,"whitl001","F","F","F","F",0,0,0,0,0,0,0,0,0,0,F,F,"1978BAL.EVA.regular.event.csv",1355
"BAL197805241","DET",6,0,0,0,0,"",1,0,"staur001","?","staur001","?","martd001","?","martd001","?","skagd101","murre001","decid001","dauer001","belam101","kellp101","harll101","singk001","","","","8","T","F",10,3,2,"T","T",0,"F","F",1,"F","F",0,"F","F",8,"F","F","F","",0,0,"N",0,"N",0,"N",0,0,0,0,"8","","","","F","F","F","F","F","F","F","F","F","","","","F","F","F","F","F","","","","",0,8,0,0,0,0,0,0,0,39,"BAL","DET","BAL",0,"T","F",1,0,0,20,0,"T","F",0,0,"T","T","thomj001","kemps001","T","T",0,0,0,0,0,0,0,0,0,"","","",0,0,0,0,0,0,0,0,0,0,0,0,0,"harll101","F","F","F","F",0,0,0,0,0,0,0,0,0,0,F,F,"1978BAL.EVA.regular.event.csv",1356
"BAL197805241","DET",6,0,1,0,0,"",1,0,"thomj001","?","thomj001","?","martd001","?","martd001","?","skagd101","murre001","decid001","dauer001","belam101","kellp101","harll101","singk001","","","","S?","F","F",3,4,20,"T","T",1,"F","F",0,"F","F",0,"F","F",0,"","F","F","",0,0,"N",0,"N",0,"N",1,0,0,0,"","","","","F","F","F","F","F","F","F","F","F","","","","F","F","F","F","F","","","","",0,0,0,0,0,0,0,0,0,40,"BAL","DET","BAL",0,"F","F",1,0,0,21,1,"T","F",0,1,"T","T","kemps001","may-m001","T","T",0,0,0,0,0,0,0,0,0,"","","",0,0,0,0,0,0,0,0,0,0,0,0,0,"","F","F","F","F",0,0,0,0,0,0,0,0,0,0,F,F,"1978BAL.EVA.regular.event.csv",1357
"BAL197805241","DET",6,0,1,0,0,"",1,0,"kemps001","?","kemps001","?","martd001","?","martd001","?","skagd101","murre001","decid001","dauer001","belam101","kellp101","harll101","singk001","thomj001","","","K","F","F",7,5,3,"T","T",0,"F","F",1,"F","F",0,"F","F",0,"","F","F","",0,0,"N",0,"N",0,"N",0,1,0,0,"2","","","","F","F","F","F","F","F","F","F","F","martd001","","","F","F","F","F","F","","","","",0,2,0,0,0,0,0,0,0,41,"BAL","DET","BAL",0,"F","F",1,0,0,22,2,"T","F",1,1,"T","T","may-m001","corct001","T","T",3,4,40,0,0,0,0,0,0,"skagd101","","",0,0,0,0,0,0,0,0,0,0,0,0,0,"","F","F","F","F",0,0,0,0,0,0,0,0,0,0,F,F,"1978BAL.EVA.regular.event.csv",1358
"BAL197805241","DET",6,0,2,0,0,"",1,0,"may-m001","?","may-m001","?","martd001","?","martd001","?","skagd101","murre001","decid001","dauer001","belam101","kellp101","harll101","singk001","thomj001","","","D/89.1-3","F","F",2,6,21,"T","T",2,"F","F",0,"F","F",0,"F","F",0,"","F","F","89",0,0,"N",0,"N",0,"N",2,3,0,0,"","","","","F","F","F","F","F","F","F","F","F","martd001","","","F","F","F","F","F","","","","",0,0,0,0,0,0,0,0,0,42,"BAL","DET","BAL",0,"F","F",1,0,0,23,3,"T","F",1,6,"T","T","corct001","mankp101","T","T",3,4,40,0,0,0,0,0,0,"skagd101","","",0,0,0,0,0,0,0,0,0,0,0,0,0,"","F","F","F","F",0,0,0,0,0,0,0,0,0,0,F,F,"1978BAL.EVA.regular.event.csv",1359
"BAL197805241","DET",6,0,2,0,0,"",1,0,"corct001","?","corct001","?","martd001","?","martd001","?","skagd101","murre001","decid001","dauer001","belam101","kellp101","harll101","singk001","","may-m001","thomj001","7","F","F",9,7,2,"T","T",0,"F","F",1,"F","F",0,"F","F",7,"F","F","F","",0,0,"N",0,"N",0,"N",0,0,2,3,"7","","","","F","F","F","F","F","F","F","F","F","","martd001","martd001","F","F","F","F","F","","","","",0,7,0,0,0,0,0,0,0,43,"BAL","DET","BAL",0,"F","T",1,0,0,24,4,"T","F",6,6,"T","T","mankp101","trama001","T","T",0,0,0,2,6,42,3,4,40,"","skagd101","skagd101",0,0,0,0,0,0,0,0,0,0,0,0,0,"kellp101","F","F","F","F",0,0,0,0,0,0,0,0,0,0,F,F,"1978BAL.EVA.regular.event.csv",1360
"BAL197805241","DET",6,1,0,0,0,"",1,0,"harll101","?","harll101","?","slatj001","?","slatj001","?","may-m001","thomj001","whitl001","mankp101","trama001","kemps001","leflr101","corct001","","","","43","T","F",8,1,2,"T","T",0,"F","F",1,"F","F",0,"F","F",4,"G","F","F","",0,0,"N",0,"N",0,"N",0,0,0,0,"43","","","","F","F","F","F","F","F","F","F","F","","","","F","F","F","F","F","","","","",0,3,0,0,4,0,0,0,0,44,"BAL","BAL","DET",1,"T","F",0,1,0,18,0,"T","F",0,0,"T","T","belam101","kellp101","T","T",0,0,0,0,0,0,0,0,0,"","","",0,0,0,0,0,0,0,0,0,0,0,0,0,"whitl001","F","F","F","F",0,0,0,0,0,0,0,0,0,0,F,F,"1978BAL.EVA.regular.event.csv",1361
"BAL197805241","DET",6,1,1,0,0,"",1,0,"belam101","?","belam101","?","slatj001","?","slatj001","?","may-m001","thomj001","whitl001","mankp101","trama001","kemps001","leflr101","corct001","","","","W","F","F",6,2,14,"T","F",0,"F","F",0,"F","F",0,"F","F",0,"","F","F","",0,0,"N",0,"N",0,"N",1,0,0,0,"","","","","F","F","F","F","F","F","F","F","F","","","","F","F","F","F","F","","","","",0,0,0,0,0,0,0,0,0,45,"BAL","BAL","DET",1,"F","F",0,1,0,19,1,"T","F",0,1,"T","T","kellp101","singk001","T","T",0,0,0,0,0,0,0,0,0,"","","",0,0,0,0,0,0,0,0,0,0,0,0,0,"","F","F","F","F",0,0,0,0,0,0,0,0,0,0,F,F,"1978BAL.EVA.regular.event.csv",1362
"BAL197805241","DET",6,1,1,0,0,"",1,0,"kellp101","?","kellp101","?","slatj001","?","slatj001","?","may-m001","thomj001","whitl001","mankp101","trama001","kemps001","leflr101","corct001","belam101","","","W.1-2","F","F",7,3,14,"T","F",0,"F","F",0,"F","F",0,"F","F",0,"","F","F","",0,0,"N",0,"N",0,"N",1,2,0,0,"","","","","F","F","F","F","F","F","F","F","F","slatj001","","","F","F","F","F","F","","","","",0,0,0,0,0,0,0,0,0,46,"BAL","BAL","DET",1,"F","F",0,1,0,20,2,"T","F",1,3,"T","T","singk001","murre001","T","T",6,2,45,0,0,0,0,0,0,"may-m001","","",0,0,0,0,0,0,0,0,0,0,0,0,0,"","F","F","F","F",0,0,0,0,0,0,0,0,0,0,F,F,"1978BAL.EVA.regular.event.csv",1363
"BAL197805241","DET",6,1,1,0,0,"",1,0,"singk001","?","singk001","?","slatj001","?","slatj001","?","may-m001","thomj001","whitl001","mankp101","trama001","kemps001","leflr101","corct001","kellp101","belam101","","46(1)3/GDP","F","F",9,4,2,"T","T",0,"F","F",2,"T","F",0,"F","F",4,"G","F","F","",0,0,"N",0,"N",0,"N",0,0,2,0,"63","46","","","F","F","F","F","F","F","F","F","F","slatj001","slatj001","","F","F","F","F","F","","","","",0,6,3,0,4,6,0,0,0,47,"BAL","BAL","DET",1,"F","T",0,1,0,21,3,"T","F",3,2,"T","T","murre001","decid001","T","T",7,3,46,6,2,45,0,0,0,"may-m001","may-m001","",0,0,0,0,0,0,0,0,0,0,0,0,0,"whitl001","T","F","F","F",0,0,0,0,0,0,0,0,0,0,F,F,"1978BAL.EVA.regular.event.csv",1364
"BAL197805241","DET",7,0,0,0,0,"",1,0,"mankp101","?","mankp101","?","martd001","?","martd001","?","skagd101","murre001","decid001","dauer001","belam101","kellp101","harll101","singk001","","","","8","T","F",5,8,2,"T","T",0,"F","F",1,"F","F",0,"F","F",8,"F","F","F","",0,0,"N",0,"N",0,"N",0,0,0,0,"8","","","","F","F","F","F","F","F","F","F","F","","","","F","F","F","F","F","","","","",0,8,0,0,0,0,0,0,0,48,"BAL","DET","BAL",0,"T","F",1,0,0,25,0,"T","F",0,0,"T","T","trama001","leflr101","T","T",0,0,0,0,0,0,0,0,0,"","","",0,0,0,0,0,0,0,0,0,0,0,0,0,"harll101","F","F","F","F",0,0,0,0,0,0,0,0,0,0,F,F,"1978BAL.EVA.regular.event.csv",1365
"BAL197805241","DET",7,0,1,0,0,"",1,0,"trama001","?","trama001","?","martd001","?","martd001","?","skagd101","murre001","decid001","dauer001","belam101","kellp101","harll101","singk001","","","","63","F","F",6,9,2,"T","T",0,"F","F",1,"F","F",0,"F","F",6,"G","F","F","",0,0,"N",0,"N",0,"N",0,0,0,0,"63","","","","F","F","F","F","F","F","F","F","F","","","","F","F","F","F","F","","","","",0,3,0,0,6,0,0,0,0,49,"BAL","DET","BAL",0,"F","F",1,0,0,26,1,"T","F",0,0,"T","T","leflr101","whitl001","T","T",0,0,0,0,0,0,0,0,0,"","","",0,0,0,0,0,0,0,0,0,0,0,0,0,"belam101","F","F","F","F",0,0,0,0,0,0,0,0,0,0,F,F,"1978BAL.EVA.regular.event.csv",1366
"BAL197805241","DET",7,0,2,0,0,"",1,0,"leflr101","?","leflr101","?","martd001","?","martd001","?","skagd101","murre001","decid001","dauer001","belam101","kellp101","harll101","singk001","","","","9","F","F",8,1,2,"T","T",0,"F","F",1,"F","F",0,"F","F",9,"F","F","F","",0,0,"N",0,"N",0,"N",0,0,0,0,"9","","","","F","F","F","F","F","F","F","F","F","","","","F","F","F","F","F","","","","",0,9,0,0,0,0,0,0,0,50,"BAL","DET","BAL",0,"F","T",1,0,0,27,2,"T","F",0,0,"T","T","whitl001","staur001","T","T",0,0,0,0,0,0,0,0,0,"","","",0,0,0,0,0,0,0,0,0,0,0,0,0,"singk001","F","F","F","F",0,0,0,0,0,0,0,0,0,0,F,F,"1978BAL.EVA.regular.event.csv",1367
"BAL197805241","DET",7,1,0,0,0,"",1,0,"murre001","?","murre001","?","slatj001","?","slatj001","?","may-m001","thomj001","whitl001","rodra101","trama001","kemps001","leflr101","corct001","","","","6","T","F",3,5,2,"T","T",0,"F","F",1,"F","F",0,"F","F",6,"F","F","F","",0,0,"N",0,"N",0,"N",0,0,0,0,"6","","","","F","F","F","F","F","F","F","F","F","","","","F","F","F","F","F","","","","",0,6,0,0,0,0,0,0,0,51,"BAL","BAL","DET",1,"T","F",0,1,0,22,0,"T","F",0,0,"T","T","decid001","crowt101","T","T",0,0,0,0,0,0,0,0,0,"","","",0,0,0,0,0,0,0,0,0,0,0,0,0,"trama001","F","F","F","F",0,0,0,0,0,0,0,0,0,0,F,F,"1978BAL.EVA.regular.event.csv",1368
"BAL197805241","DET",7,1,1,0,0,"",1,0,"decid001","?","decid001","?","slatj001","?","slatj001","?","may-m001","thomj001","whitl001","rodra101","trama001","kemps001","leflr101","corct001","","","","S7/G","F","F",4,6,20,"T","T",1,"F","F",0,"F","F",0,"F","F",7,"G","F","F","",0,0,"N",0,"N",0,"N",1,0,0,0,"","","","","F","F","F","F","F","F","F","F","F","","","","F","F","F","F","F","","","","",0,0,0,0,0,0,0,0,0,52,"BAL","BAL","DET",1,"F","F",0,1,0,23,1,"T","F",0,1,"T","T","crowt101","dauer001","T","T",0,0,0,0,0,0,0,0,0,"","","",0,0,0,0,0,0,0,0,0,0,0,0,0,"kemps001","F","F","F","F",0,0,0,0,0,0,0,0,0,0,F,F,"1978BAL.EVA.regular.event.csv",1369
"BAL197805241","DET",7,1,1,0,0,"",1,0,"crowt101","?","crowt101","?","slatj001","?","slatj001","?","may-m001","thomj001","whitl001","rodra101","trama001","kemps001","leflr101","corct001","decid001","","","8","F","F",10,7,2,"T","T",0,"F","F",1,"F","F",0,"F","F",8,"F","F","F","",0,0,"N",0,"N",0,"N",0,1,0,0,"8","","","","F","F","F","F","F","F","F","F","F","slatj001","","","F","F","F","F","F","","","","",0,8,0,0,0,0,0,0,0,53,"BAL","BAL","DET",1,"F","F",0,1,0,24,2,"T","F",1,1,"T","T","dauer001","skagd101","T","T",4,6,52,0,0,0,0,0,0,"may-m001","","",0,0,0,0,0,0,0,0,0,0,0,0,0,"leflr101","F","F","F","F",0,0,0,0,0,0,0,0,0,0,F,F,"1978BAL.EVA.regular.event.csv",1370
"BAL197805241","DET",7,1,2,0,0,"",1,0,"dauer001","?","dauer001","?","slatj001","?","slatj001","?","may-m001","thomj001","whitl001","rodra101","trama001","kemps001","leflr101","corct001","decid001","","","K","F","F",5,8,3,"T","T",0,"F","F",1,"F","F",0,"F","F",0,"","F","F","",0,0,"N",0,"N",0,"N",0,1,0,0,"2","","","","F","F","F","F","F","F","F","F","F","slatj001","","","F","F","F","F","F","","","","",0,2,0,0,0,0,0,0,0,54,"BAL","BAL","DET",1,"F","T",0,1,0,25,3,"T","F",1,1,"T","T","skagd101","harll101","T","T",4,6,52,0,0,0,0,0,0,"may-m001","","",0,0,0,0,0,0,0,0,0,0,0,0,0,"","F","F","F","F",0,0,0,0,0,0,0,0,0,0,F,F,"1978BAL.EVA.regular.event.csv",1371
"BAL197805241","DET",8,0,0,0,0,"",1,0,"whitl001","?","whitl001","?","martd001","?","martd001","?","skagd101","murre001","decid001","dauer001","belam101","kellp101","harll101","singk001","","","","S7","T","F",4,2,20,"T","T",1,"F","F",0,"F","F",0,"F","F",7,"","F","F","",0,0,"N",0,"N",0,"N",1,0,0,0,"","","","","F","F","F","F","F","F","F","F","F","","","","F","F","F","F","F","","","","",0,0,0,0,0,0,0,0,0,55,"BAL","DET","BAL",0,"T","F",1,0,0,28,0,"T","F",0,1,"T","T","staur001","thomj001","T","T",0,0,0,0,0,0,0,0,0,"","","",0,0,0,0,0,0,0,0,0,0,0,0,0,"kellp101","F","F","F","F",4,0,0,0,1,0,0,0,0,0,F,F,"1978BAL.EVA.regular.event.csv",1372
"BAL197805241","DET",8,0,0,0,0,"",1,0,"staur001","?","staur001","?","martd001","?","martd001","?","skagd101","murre001","decid001","dauer001","belam101","kellp101","harll101","singk001","whitl001","","","SB2#","F","F",10,3,4,"F","F",0,"F","F",0,"F","F",0,"F","F",0,"","F","F","",0,0,"N",0,"N",0,"N",0,2,0,0,"","","","","T","F","F","F","F","F","F","F","F","martd001","","","F","F","F","F","F","","","","",0,0,0,0,0,0,0,0,0,56,"BAL","DET","BAL",0,"F","F",1,0,0,29,1,"T","F",1,2,"T","T","thomj001","kemps001","T","T",4,2,55,0,0,0,0,0,0,"skagd101","","",0,0,0,0,0,0,0,0,0,0,0,0,0,"","F","F","F","F",0,4,0,0,1,0,0,0,0,0,F,T,"1978BAL.EVA.regular.event.csv",1373
"BAL197805241","DET",8,0,0,0,0,"",1,0,"staur001","?","staur001","?","martd001","?","martd001","?","skagd101","murre001","decid001","dauer001","belam101","kellp101","harll101","singk001","","whitl001","","4","F","F",10,3,2,"T","T",0,"F","F",1,"F","F",0,"F","F",4,"F","F","F","",0,0,"N",0,"N",0,"N",0,0,2,0,"4","","","","F","F","F","F","F","F","F","F","F","","martd001","","F","F","F","F","F","","","","",0,4,0,0,0,0,0,0,0,57,"BAL","DET","BAL",0,"F","F",1,0,0,29,1,"F","F",2,2,"T","T","thomj001","kemps001","T","T",0,0,0,4,2,55,0,0,0,"","skagd101","",0,0,0,0,0,0,0,0,0,0,0,0,0,"decid001","F","F","F","F",0,0,4,0,1,0,0,0,0,0,F,F,"1978BAL.EVA.regular.event.csv",1374
"BAL197805241","DET",8,0,1,0,0,"",1,0,"thomj001","?","thomj001","?","martd001","?","martd001","?","skagd101","murre001","decid001","dauer001","belam101","kellp101","harll101","singk001","","whitl001","","8","F","F",3,4,2,"T","T",0,"F","F",1,"F","F",0,"F","F",8,"F","F","F","",0,0,"N",0,"N",0,"N",0,0,2,0,"8","","","","F","F","F","F","F","F","F","F","F","","martd001","","F","F","F","F","F","","","","",0,8,0,0,0,0,0,0,0,58,"BAL","DET","BAL",0,"F","F",1,0,0,30,2,"T","F",2,2,"T","T","kemps001","may-m001","T","T",0,0,0,4,2,55,0,0,0,"","skagd101","",0,0,0,0,0,0,0,0,0,0,0,0,0,"harll101","F","F","F","F",0,0,4,0,1,0,0,0,0,0,F,F,"1978BAL.EVA.regular.event.csv",1375
"BAL197805241","DET",8,0,2,0,0,"",1,0,"kemps001","?","kemps001","?","martd001","?","martd001","?","skagd101","murre001","decid001","dauer001","belam101","kellp101","harll101","singk001","","whitl001","","S7/G.2-H","F","F",7,5,20,"T","T",1,"F","F",0,"F","F",1,"F","F",7,"G","F","F","",0,0,"N",0,"N",0,"N",1,0,4,0,"","","","","F","F","F","F","F","F","F","F","F","","martd001","","F","F","F","F","F","","","","",0,0,0,0,0,0,0,0,0,59,"BAL","DET","BAL",0,"F","F",1,0,0,31,3,"T","F",2,1,"T","T","may-m001","corct001","T","T",0,0,0,4,2,55,0,0,0,"","skagd101","",0,0,0,0,0,0,0,0,0,0,0,0,1,"kellp101","F","F","F","F",0,0,4,0,0,0,0,0,0,0,F,F,"1978BAL.EVA.regular.event.csv",1376
"BAL197805241","DET",8,0,2,0,0,"",2,0,"may-m001","?","may-m001","?","martd001","?","martd001","?","skagd101","murre001","decid001","dauer001","belam101","kellp101","harll101","singk001","kemps001","","","CS2(26)","F","F",2,6,6,"F","F",0,"F","F",1,"F","F",0,"F","F",0,"","F","F","",0,0,"N",0,"N",0,"N",0,0,0,0,"","26","","","F","F","F","T","F","F","F","F","F","martd001","","","F","F","F","F","F","","","","",0,6,0,0,2,0,0,0,0,60,"BAL","DET","BAL",0,"F","T",2,0,1,32,4,"T","T",1,0,"T","T","corct001","rodra101","T","T",7,5,59,0,0,0,0,0,0,"skagd101","","",0,0,0,0,0,0,0,0,0,0,0,0,0,"","F","F","F","F",0,0,0,0,0,0,0,0,0,0,F,F,"1978BAL.EVA.regular.event.csv",1377
"BAL197805241","DET",8,1,0,0,0,"",2,0,"hende103","?","hende103","?","slatj001","?","slatj001","?","may-m001","thomj001","whitl001","rodra101","trama001","kemps001","leflr101","corct001","","","","6","T","T",11,9,2,"T","T",0,"F","F",1,"F","F",0,"F","F",6,"F","F","F","",0,0,"N",0,"N",0,"N",0,0,0,0,"6","","","","F","F","F","F","F","F","F","F","F","","","","F","F","F","F","F","","","","skagd101",2,6,0,0,0,0,0,0,0,61,"BAL","BAL","DET",1,"T","F",0,2,0,26,0,"T","F",0,0,"F","F","harll101","belam101","T","T",0,0,0,0,0,0,0,0,0,"","","",0,0,0,0,0,0,0,0,0,0,0,0,0,"trama001","F","F","F","F",0,0,0,0,2,0,0,0,0,0,F,F,"1978BAL.EVA.regular.event.csv",1378
"BAL197805241","DET",8,1,1,0,0,"",2,0,"harll101","?","harll101","?","slatj001","?","slatj001","?","may-m001","thomj001","whitl001","rodra101","trama001","kemps001","leflr101","corct001","","","","D8#","F","F",8,1,21,"T","T",2,"F","F",0,"F","F",0,"F","F",8,"","F","F","",0,0,"N",0,"N",0,"N",2,0,0,0,"","","","","F","F","F","F","F","F","F","F","F","","","","F","F","F","F","F","","","","",0,0,0,0,0,0,0,0,0,62,"BAL","BAL","DET",1,"F","F",0,2,0,27,1,"T","F",0,2,"T","T","belam101","kellp101","T","T",0,0,0,0,0,0,0,0,0,"","","",0,0,0,0,0,0,0,0,0,0,0,0,0,"leflr101","F","F","F","F",4,0,0,0,2,0,0,0,0,0,F,T,"1978BAL.EVA.regular.event.csv",1379
"BAL197805241","DET",8,1,1,0,0,"",2,0,"may-l101","?","may-l101","?","slatj001","?","slatj001","?","may-m001","thomj001","whitl001","rodra101","trama001","kemps001","leflr101","corct001","","harll101","","43.2-3","F","T",11,2,2,"T","T",0,"F","F",1,"F","F",0,"F","F",4,"G","F","F","",0,0,"N",0,"N",0,"N",0,0,3,0,"43","","","","F","F","F","F","F","F","F","F","F","","slatj001","","F","F","F","F","F","","","","belam101",6,3,0,0,4,0,0,0,0,63,"BAL","BAL","DET",1,"F","F",0,2,0,28,2,"T","F",2,4,"F","F","kellp101","singk001","T","T",0,0,0,8,1,62,0,0,0,"","may-m001","",0,0,0,0,0,0,0,0,0,0,0,0,0,"whitl001","F","F","F","F",0,0,4,0,2,0,0,0,0,0,F,F,"1978BAL.EVA.regular.event.csv",1380
"BAL197805241","DET",8,1,2,0,0,"",2,0,"kellp101","?","kellp101","?","slatj001","?","slatj001","?","may-m001","thomj001","whitl001","rodra101","trama001","kemps001","leflr101","corct001","","","harll101","D7.3-H","F","F",7,3,21,"T","T",2,"F","F",0,"F","F",1,"F","F",7,"","F","F","",0,0,"N",0,"N",0,"N",2,0,0,4,"","","","","F","F","F","F","F","F","F","F","F","","","slatj001","F","F","F","F","F","","","","",0,0,0,0,0,0,0,0,0,64,"BAL","BAL","DET",1,"F","F",0,2,0,29,3,"T","F",4,2,"T","T","singk001","murre001","T","T",0,0,0,0,0,0,8,1,62,"","","may-m001",0,0,0,0,0,0,0,0,0,0,0,0,1,"kemps001","F","F","F","F",4,0,0,4,1,0,0,0,0,0,F,F,"1978BAL.EVA.regular.event.csv",1381
"BAL197805241","DET",8,1,2,0,0,"",2,1,"singk001","?","singk001","?","hillj101","?","hillj101","?","may-m001","thomj001","whitl001","rodra101","trama001","kemps001","leflr101","corct001","","kellp101","","S?.2-H","F","F",9,4,20,"T","T",1,"F","F",0,"F","F",1,"F","F",0,"","F","F","",0,0,"N",0,"N",0,"N",1,0,4,0,"","","","","F","F","F","F","F","F","F","F","F","","slatj001","","F","F","F","F","F","","","","",0,0,0,0,0,0,0,0,0,65,"BAL","BAL","DET",1,"F","F",1,2,1,30,4,"T","F",2,1,"T","T","murre001","decid001","F","F",0,0,0,7,3,64,0,0,0,"","may-m001","",0,0,0,0,0,0,0,0,0,0,0,0,1,"","F","F","F","F",1,0,4,0,0,0,0,0,0,0,F,F,"1978BAL.EVA.regular.event.csv",1382
"BAL197805241","DET",8,1,2,0,0,"",2,2,"murre001","?","murre001","?","hillj101","?","hillj101","?","may-m001","thomj001","whitl001","rodra101","trama001","kemps001","leflr101","corct001","lopec101","","","K","F","F",3,5,3,"T","T",0,"F","F",1,"F","F",0,"F","F",0,"","F","F","",0,0,"N",0,"N",0,"N",0,1,0,0,"2","","","","F","F","F","F","F","F","F","F","F","hillj101","","","F","F","T","F","F","singk001","","","",0,2,0,0,0,0,0,0,0,66,"BAL","BAL","DET",1,"F","T",2,2,2,31,5,"T","F",1,1,"T","T","decid001","crowt101","F","F",0,4,65,0,0,0,0,0,0,"may-m001","","",0,0,0,0,0,0,0,0,0,0,0,0,0,"","F","F","F","F",0,1,0,0,0,0,0,0,0,0,F,F,"1978BAL.EVA.regular.event.csv",1383
"BAL197805241","DET",9,0,0,0,0,"",2,2,"may-m001","?","may-m001","?","martd001","?","martd001","?","hende103","murre001","decid001","dauer001","garck001","kellp101","harll101","lopec101","","","","S7","T","F",2,6,20,"T","T",1,"F","F",0,"F","F",0,"F","F",7,"","F","F","",0,0,"N",0,"N",0,"N",1,0,0,0,"","","","","F","F","F","F","F","F","F","F","F","","","","F","F","F","F","F","","","","",0,0,0,0,0,0,0,0,0,67,"BAL","DET","BAL",0,"T","F",2,2,0,32,0,"T","F",0,1,"T","T","corct001","rodra101","T","T",0,0,0,0,0,0,0,0,0,"","","",0,0,0,0,0,0,0,0,0,0,0,0,0,"kellp101","F","F","F","F",4,0,0,0,1,0,0,0,0,0,F,F,"1978BAL.EVA.regular.event.csv",1384
"BAL197805241","DET",9,0,0,0,0,"",2,2,"corct001","?","corct001","?","martd001","?","martd001","?","hende103","murre001","decid001","dauer001","garck001","kellp101","harll101","lopec101","dills101","","","14/SH/BG.1-2","F","F",9,7,2,"T","F",0,"T","F",1,"F","F",0,"F","F",1,"G","T","F","",0,0,"N",0,"N",0,"N",0,2,0,0,"14","","","","F","F","F","F","F","F","F","F","F","martd001","","","F","F","T","F","F","may-m001","","","",0,4,0,0,1,0,0,0,0,68,"BAL","DET","BAL",0,"F","F",2,2,0,33,1,"T","F",1,2,"T","T","rodra101","trama001","T","T",0,6,67,0,0,0,0,0,0,"hende103","","",0,0,0,0,0,0,0,0,0,0,0,0,0,"martd001","F","F","F","F",0,4,0,0,1,0,0,0,0,0,F,F,"1978BAL.EVA.regular.event.csv",1385
"BAL197805241","DET",9,0,1,0,0,"",2,2,"rodra101","?","rodra101","?","martd001","?","martd001","?","hende103","murre001","decid001","dauer001","garck001","kellp101","harll101","lopec101","","dills101","","S8/G.2-H","F","F",5,8,20,"T","T",1,"F","F",0,"F","F",1,"F","F",8,"G","F","F","",0,0,"N",0,"N",0,"N",1,0,4,0,"","","","","F","F","F","F","F","F","F","F","F","","martd001","","F","F","F","F","F","","","","",0,0,0,0,0,0,0,0,0,69,"BAL","DET","BAL",0,"F","F",2,2,0,34,2,"T","F",2,1,"F","F","trama001","leflr101","T","T",0,0,0,0,6,67,0,0,0,"","hende103","",0,0,0,0,0,0,0,0,0,0,0,0,1,"harll101","F","F","F","F",2,0,4,0,0,0,0,0,0,0,F,F,"1978BAL.EVA.regular.event.csv",1386
"BAL197805241","DET",9,0,1,0,0,"",3,2,"trama001","?","trama001","?","stand101","?","stand101","?","hende103","murre001","decid001","dauer001","garck001","kellp101","harll101","lopec101","rodra101","","","53.1-2","F","F",6,9,2,"T","T",0,"F","F",1,"F","F",0,"F","F",5,"G","F","F","",0,0,"N",0,"N",0,"N",0,2,0,0,"53","","","","F","F","F","F","F","F","F","F","F","martd001","","","F","F","F","F","F","","","","",0,3,0,0,5,0,0,0,0,70,"BAL","DET","BAL",0,"F","F",3,2,1,35,3,"T","F",1,2,"T","T","leflr101","whitl001","F","F",5,8,69,0,0,0,0,0,0,"hende103","","",0,0,0,0,0,0,0,0,0,0,0,0,0,"dauer001","F","F","F","F",0,2,0,0,0,0,0,0,0,0,F,F,"1978BAL.EVA.regular.event.csv",1387
"BAL197805241","DET",9,0,2,0,0,"",3,2,"leflr101","?","leflr101","?","stand101","?","stand101","?","hende103","murre001","decid001","dauer001","garck001","kellp101","harll101","lopec101","","rodra101","","W","F","F",8,1,14,"T","F",0,"F","F",0,"F","F",0,"F","F",0,"","F","F","",0,0,"N",0,"N",0,"N",1,0,2,0,"","","","","F","F","F","F","F","F","F","F","F","","martd001","","F","F","F","F","F","","","","",0,0,0,0,0,0,0,0,0,71,"BAL","DET","BAL",0,"F","F",3,2,1,36,4,"T","F",2,3,"T","T","whitl001","staur001","F","F",0,0,0,5,8,69,0,0,0,"","hende103","",0,0,0,0,0,0,0,0,0,0,0,0,0,"","F","F","F","F",0,0,2,0,0,0,0,0,0,0,F,F,"1978BAL.EVA.regular.event.csv",1388
"BAL197805241","DET",9,0,2,0,0,"",3,2,"whitl001","?","whitl001","?","stand101","?","stand101","?","hende103","murre001","decid001","dauer001","garck001","kellp101","harll101","lopec101","leflr101","rodra101","","64(1)/FO","F","F",4,2,2,"T","T",0,"F","F",1,"F","F",0,"F","F",6,"G","F","F","",0,0,"N",0,"N",0,"N",1,0,2,0,"","64","","","F","F","F","F","F","F","F","F","F","stand101","martd001","","F","F","F","F","F","","","","",0,4,0,0,6,0,0,0,0,72,"BAL","DET","BAL",0,"F","T",3,2,1,37,5,"T","F",3,3,"T","T","staur001","thomj001","F","F",8,1,71,5,8,69,0,0,0,"hende103","hende103","",0,0,0,0,0,0,0,0,0,0,0,0,0,"garck001","T","F","F","F",1,0,2,0,0,0,0,0,0,0,F,F,"1978BAL.EVA.regular.event.csv",1389
"BAL197805241","DET",9,1,0,0,0,"",3,2,"decid001","?","decid001","?","hillj101","?","hillj101","?","parrl001","thomj001","whitl001","rodra101","trama001","kemps001","leflr101","corct001","","","","63","T","F",4,6,2,"T","T",0,"F","F",1,"F","F",0,"F","F",6,"G","F","F","",0,0,"N",0,"N",0,"N",0,0,0,0,"63","","","","F","F","F","F","F","F","F","F","F","","","","F","F","F","F","F","","","","",0,3,0,0,6,0,0,0,0,73,"BAL","BAL","DET",1,"T","F",2,3,0,32,0,"T","F",0,0,"T","T","crowt101","dauer001","F","F",0,0,0,0,0,0,0,0,0,"","","",0,0,0,0,0,0,0,0,0,0,0,0,0,"trama001","F","F","F","F",0,0,0,0,0,0,0,0,0,0,F,F,"1978BAL.EVA.regular.event.csv",1390
"BAL197805241","DET",9,1,1,0,0,"",3,2,"moraa101","?","moraa101","?","hillj101","?","hillj101","?","parrl001","thomj001","whitl001","rodra101","trama001","kemps001","leflr101","corct001","","","","K","F","T",10,7,3,"T","T",0,"F","F",1,"F","F",0,"F","F",0,"","F","F","",0,0,"N",0,"N",0,"N",0,0,0,0,"2","","","","F","F","F","F","F","F","F","F","F","","","","F","F","F","F","F","","","","crowt101",10,2,0,0,0,0,0,0,0,74,"BAL","BAL","DET",1,"F","F",2,3,0,33,1,"T","F",0,0,"F","F","dauer001","hende103","F","F",0,0,0,0,0,0,0,0,0,"","","",0,0,0,0,0,0,0,0,0,0,0,0,0,"","F","F","F","F",0,0,0,0,0,0,0,0,0,0,F,F,"1978BAL.EVA.regular.event.csv",1391
"BAL197805241","DET",9,1,2,0,0,"",3,2,"dauer001","?","dauer001","?","hillj101","?","hillj101","?","parrl001","thomj001","whitl001","rodra101","trama001","kemps001","leflr101","corct001","","","","8","F","F",5,8,2,"T","T",0,"F","F",1,"F","F",0,"F","F",8,"F","F","F","",0,0,"N",0,"N",0,"N",0,0,0,0,"8","","","","F","F","F","F","F","F","F","F","F","","","","F","T","F","F","F","","","","",0,8,0,0,0,0,0,0,0,75,"BAL","BAL","DET",1,"F","T",2,3,0,34,2,"T","F",0,0,"T","T","hende103","harll101","F","F",0,0,0,0,0,0,0,0,0,"","","",0,0,0,0,0,0,0,0,0,0,0,0,0,"leflr101","F","F","F","F",0,0,0,0,0,0,0,0,0,0,F,F,"1978BAL.EVA.regular.event.csv",1392
"BAL197805242","DET",1,0,0,0,0,"",0,0,"leflr101","?","leflr101","?","palmj001","?","palmj001","?","dempr001","murre001","smitb101","decid001","garck001","moraa101","harll101","lopec101","","","","53","T","F",8,1,2,"T","T",0,"F","F",1,"F","F",0,"F","F",5,"G","F","F","",0,0,"N",0,"N",0,"N",0,0,0,0,"53","","","","F","F","F","F","F","F","F","F","F","","","","T","F","F","F","F","","","","",0,3,0,0,5,0,0,0,0,1,"BAL","DET","BAL",0,"T","F",0,0,0,0,0,"T","F",0,0,"T","T","whitl001","staur001","T","T",0,0,0,0,0,0,0,0,0,"","","",0,0,0,0,0,0,0,0,0,0,0,0,0,"decid001","F","F","F","F",0,0,0,0,0,0,0,0,0,0,F,F,"1978BAL.EVA.regular.event.csv",1393
"BAL197805242","DET",1,0,1,0,0,"",0,0,"whitl001","?","whitl001","?","palmj001","?","palmj001","?","dempr001","murre001","smitb101","decid001","garck001","moraa101","harll101","lopec101","","","","K","F","F",4,2,3,"T","T",0,"F","F",1,"F","F",0,"F","F",0,"","F","F","",0,0,"N",0,"N",0,"N",0,0,0,0,"2","","","","F","F","F","F","F","F","F","F","F","","","","F","F","F","F","F","","","","",0,2,0,0,0,0,0,0,0,2,"BAL","DET","BAL",0,"F","F",0,0,0,1,1,"T","F",0,0,"T","T","staur001","thomj001","T","T",0,0,0,0,0,0,0,0,0,"","","",0,0,0,0,0,0,0,0,0,0,0,0,0,"","F","F","F","F",0,0,0,0,0,0,0,0,0,0,F,F,"1978BAL.EVA.regular.event.csv",1394
"BAL197805242","DET",1,0,2,0,0,"",0,0,"staur001","?","staur001","?","palmj001","?","palmj001","?","dempr001","murre001","smitb101","decid001","garck001","moraa101","harll101","lopec101","","","","S7","F","F",10,3,20,"T","T",1,"F","F",0,"F","F",0,"F","F",7,"","F","F","",0,0,"N",0,"N",0,"N",1,0,0,0,"","","","","F","F","F","F","F","F","F","F","F","","","","F","F","F","F","F","","","","",0,0,0,0,0,0,0,0,0,3,"BAL","DET","BAL",0,"F","F",0,0,0,2,2,"T","F",0,1,"T","T","thomj001","kemps001","T","T",0,0,0,0,0,0,0,0,0,"","","",0,0,0,0,0,0,0,0,0,0,0,0,0,"moraa101","F","F","F","F",0,0,0,0,0,0,0,0,0,0,F,F,"1978BAL.EVA.regular.event.csv",1395
"BAL197805242","DET",1,0,2,0,0,"",0,0,"thomj001","?","thomj001","?","palmj001","?","palmj001","?","dempr001","murre001","smitb101","decid001","garck001","moraa101","harll101","lopec101","staur001","","","6","F","F",3,4,2,"T","T",0,"F","F",1,"F","F",0,"F","F",6,"F","F","F","",0,0,"N",0,"N",0,"N",0,1,0,0,"6","","","","F","F","F","F","F","F","F","F","F","palmj001","","","F","F","F","F","F","","","","",0,6,0,0,0,0,0,0,0,4,"BAL","DET","BAL",0,"F","T",0,0,0,3,3,"T","F",1,1,"T","T","kemps001","may-m001","T","T",10,3,3,0,0,0,0,0,0,"dempr001","","",0,0,0,0,0,0,0,0,0,0,0,0,0,"garck001","F","F","F","F",0,0,0,0,0,0,0,0,0,0,F,F,"1978BAL.EVA.regular.event.csv",1396
"BAL197805242","DET",1,1,0,0,0,"",0,0,"harll101","?","harll101","?","sykeb101","?","sykeb101","?","may-m001","thomj001","whitl001","mankp101","trama001","kemps001","leflr101","corct001","","","","53","T","F",8,1,2,"T","T",0,"F","F",1,"F","F",0,"F","F",5,"G","F","F","",0,0,"N",0,"N",0,"N",0,0,0,0,"53","","","","F","F","F","F","F","F","F","F","F","","","","F","F","F","F","F","","","","",0,3,0,0,5,0,0,0,0,5,"BAL","BAL","DET",1,"T","F",0,0,0,0,0,"T","F",0,0,"T","T","smitb101","murre001","T","T",0,0,0,0,0,0,0,0,0,"","","",0,0,0,0,0,0,0,0,0,0,0,0,0,"mankp101","F","F","F","F",0,0,0,0,0,0,0,0,0,0,F,F,"1978BAL.EVA.regular.event.csv",1397
"BAL197805242","DET",1,1,1,0,0,"",0,0,"smitb101","?","smitb101","?","sykeb101","?","sykeb101","?","may-m001","thomj001","whitl001","mankp101","trama001","kemps001","leflr101","corct001","","","","S6#","F","F",4,2,20,"T","T",1,"F","F",0,"F","F",0,"F","F",6,"","F","F","",0,0,"N",0,"N",0,"N",1,0,0,0,"","","","","F","F","F","F","F","F","F","F","F","","","","F","F","F","F","F","","","","",0,0,0,0,0,0,0,0,0,6,"BAL","BAL","DET",1,"F","F",0,0,0,1,1,"T","F",0,1,"T","T","murre001","may-l101","T","T",0,0,0,0,0,0,0,0,0,"","","",0,0,0,0,0,0,0,0,0,0,0,0,0,"trama001","F","F","F","F",0,0,0,0,0,0,0,0,0,0,F,T,"1978BAL.EVA.regular.event.csv",1398
"BAL197805242","DET",1,1,1,0,0,"",0,0,"murre001","?","murre001","?","sykeb101","?","sykeb101","?","may-m001","thomj001","whitl001","mankp101","trama001","kemps001","leflr101","corct001","smitb101","","","64(1)/FO","F","F",3,3,2,"T","T",0,"F","F",1,"F","F",0,"F","F",6,"G","F","F","",0,0,"N",0,"N",0,"N",1,0,0,0,"","64","","","F","F","F","F","F","F","F","F","F","sykeb101","","","F","F","F","F","F","","","","",0,4,0,0,6,0,0,0,0,7,"BAL","BAL","DET",1,"F","F",0,0,0,2,2,"T","F",1,1,"T","T","may-l101","decid001","T","T",4,2,6,0,0,0,0,0,0,"may-m001","","",0,0,0,0,0,0,0,0,0,0,0,0,0,"trama001","T","F","F","F",0,0,0,0,0,0,0,0,0,0,F,F,"1978BAL.EVA.regular.event.csv",1399
"BAL197805242","DET",1,1,2,0,0,"",0,0,"may-l101","?","may-l101","?","sykeb101","?","sykeb101","?","may-m001","thomj001","whitl001","mankp101","trama001","kemps001","leflr101","corct001","murre001","","","S7/G.1-3","F","F",10,4,20,"T","T",1,"F","F",0,"F","F",0,"F","F",7,"G","F","F","",0,0,"N",0,"N",0,"N",1,3,0,0,"","","","","F","F","F","F","F","F","F","F","F","sykeb101","","","F","F","F","F","F","","","","",0,0,0,0,0,0,0,0,0,8,"BAL","BAL","DET",1,"F","F",0,0,0,3,3,"T","F",1,5,"T","T","decid001","moraa101","T","T",3,3,7,0,0,0,0,0,0,"may-m001","","",0,0,0,0,0,0,0,0,0,0,0,0,0,"kemps001","F","F","F","F",0,0,0,0,0,0,0,0,0,0,F,F,"1978BAL.EVA.regular.event.csv",1400
"BAL197805242","DET",1,1,2,0,0,"",0,0,"decid001","?","decid001","?","sykeb101","?","sykeb101","?","may-m001","thomj001","whitl001","mankp101","trama001","kemps001","leflr101","corct001","may-l101","","murre001","8","F","F",5,5,2,"T","T",0,"F","F",1,"F","F",0,"F","F",8,"F","F","F","",0,0,"N",0,"N",0,"N",0,1,0,3,"8","","","","F","F","F","F","F","F","F","F","F","sykeb101","","sykeb101","F","F","F","F","F","","","","",0,8,0,0,0,0,0,0,0,9,"BAL","BAL","DET",1,"F","T",0,0,0,4,4,"T","F",5,5,"T","T","moraa101","lopec101","T","T",10,4,8,0,0,0,3,3,7,"may-m001","","may-m001",0,0,0,0,0,0,0,0,0,0,0,0,0,"leflr101","F","F","F","F",0,0,0,0,0,0,0,0,0,0,F,F,"1978BAL.EVA.regular.event.csv",1401
"BAL197805242","DET",2,0,0,0,0,"",0,0,"kemps001","?","kemps001","?","palmj001","?","palmj001","?","dempr001","murre001","smitb101","decid001","garck001","moraa101","harll101","lopec101","","","","S5#","T","F",7,5,20,"T","T",1,"F","F",0,"F","F",0,"F","F",5,"","F","F","",0,0,"N",0,"N",0,"N",1,0,0,0,"","","","","F","F","F","F","F","F","F","F","F","","","","F","F","F","F","F","","","","",0,0,0,0,0,0,0,0,0,10,"BAL","DET","BAL",0,"T","F",0,0,0,4,0,"T","F",0,1,"T","T","may-m001","corct001","T","T",0,0,0,0,0,0,0,0,0,"","","",0,0,0,0,0,0,0,0,0,0,0,0,0,"decid001","F","F","F","F",0,0,0,0,0,0,0,0,0,0,F,T,"1978BAL.EVA.regular.event.csv",1402
"BAL197805242","DET",2,0,0,0,0,"",0,0,"may-m001","?","may-m001","?","palmj001","?","palmj001","?","dempr001","murre001","smitb101","decid001","garck001","moraa101","harll101","lopec101","kemps001","","","6","F","F",2,6,2,"T","T",0,"F","F",1,"F","F",0,"F","F",6,"F","F","F","",0,0,"N",0,"N",0,"N",0,1,0,0,"6","","","","F","F","F","F","F","F","F","F","F","palmj001","","","F","F","F","F","F","","","","",0,6,0,0,0,0,0,0,0,11,"BAL","DET","BAL",0,"F","F",0,0,0,5,1,"T","F",1,1,"T","T","corct001","mankp101","T","T",7,5,10,0,0,0,0,0,0,"dempr001","","",0,0,0,0,0,0,0,0,0,0,0,0,0,"garck001","F","F","F","F",0,0,0,0,0,0,0,0,0,0,F,F,"1978BAL.EVA.regular.event.csv",1403
"BAL197805242","DET",2,0,1,0,0,"",0,0,"corct001","?","corct001","?","palmj001","?","palmj001","?","dempr001","murre001","smitb101","decid001","garck001","moraa101","harll101","lopec101","kemps001","","","6/L","F","F",9,7,2,"T","T",0,"F","F",1,"F","F",0,"F","F",6,"L","F","F","",0,0,"N",0,"N",0,"N",0,1,0,0,"6","","","","F","F","F","F","F","F","F","F","F","palmj001","","","F","F","F","F","F","","","","",0,6,0,0,0,0,0,0,0,12,"BAL","DET","BAL",0,"F","F",0,0,0,6,2,"T","F",1,1,"T","T","mankp101","trama001","T","T",7,5,10,0,0,0,0,0,0,"dempr001","","",0,0,0,0,0,0,0,0,0,0,0,0,0,"garck001","F","F","F","F",0,0,0,0,0,0,0,0,0,0,F,F,"1978BAL.EVA.regular.event.csv",1404
"BAL197805242","DET",2,0,2,0,0,"",0,0,"mankp101","?","mankp101","?","palmj001","?","palmj001","?","dempr001","murre001","smitb101","decid001","garck001","moraa101","harll101","lopec101","kemps001","","","31","F","F",5,8,2,"T","T",0,"F","F",1,"F","F",0,"F","F",3,"G","F","F","",0,0,"N",0,"N",0,"N",0,1,0,0,"31","","","","F","F","F","F","F","F","F","F","F","palmj001","","","F","F","F","F","F","","","","",0,1,0,0,3,0,0,0,0,13,"BAL","DET","BAL",0,"F","T",0,0,0,7,3,"T","F",1,1,"T","T","trama001","leflr101","T","T",7,5,10,0,0,0,0,0,0,"dempr001","","",0,0,0,0,0,0,0,0,0,0,0,0,0,"murre001","F","F","F","F",0,0,0,0,0,0,0,0,0,0,F,F,"1978BAL.EVA.regular.event.csv",1405
"BAL197805242","DET",2,1,0,0,0,"",0,0,"moraa101","?","moraa101","?","sykeb101","?","sykeb101","?","may-m001","thomj001","whitl001","mankp101","trama001","kemps001","leflr101","corct001","","","","4","T","F",7,6,2,"T","T",0,"F","F",1,"F","F",0,"F","F",4,"F","F","F","",0,0,"N",0,"N",0,"N",0,0,0,0,"4","","","","F","F","F","F","F","F","F","F","F","","","","F","F","F","F","F","","","","",0,4,0,0,0,0,0,0,0,14,"BAL","BAL","DET",1,"T","F",0,0,0,5,0,"T","F",0,0,"T","T","lopec101","dempr001","T","T",0,0,0,0,0,0,0,0,0,"","","",0,0,0,0,0,0,0,0,0,0,0,0,0,"whitl001","F","F","F","F",0,0,0,0,0,0,0,0,0,0,F,F,"1978BAL.EVA.regular.event.csv",1406
"BAL197805242","DET",2,1,1,0,0,"",0,0,"lopec101","?","lopec101","?","sykeb101","?","sykeb101","?","may-m001","thomj001","whitl001","mankp101","trama001","kemps001","leflr101","corct001","","","","S9","F","F",9,7,20,"T","T",1,"F","F",0,"F","F",0,"F","F",9,"","F","F","",0,0,"N",0,"N",0,"N",1,0,0,0,"","","","","F","F","F","F","F","F","F","F","F","","","","F","F","F","F","F","","","","",0,0,0,0,0,0,0,0,0,15,"BAL","BAL","DET",1,"F","F",0,0,0,6,1,"T","F",0,1,"T","T","dempr001","garck001","T","T",0,0,0,0,0,0,0,0,0,"","","",0,0,0,0,0,0,0,0,0,0,0,0,0,"corct001","F","F","F","F",0,0,0,0,0,0,0,0,0,0,F,F,"1978BAL.EVA.regular.event.csv",1407
"BAL197805242","DET",2,1,1,0,0,"",0,0,"dempr001","?","dempr001","?","sykeb101","?","sykeb101","?","may-m001","thomj001","whitl001","mankp101","trama001","kemps001","leflr101","corct001","lopec101","","","54(1)3/GDP","F","F",2,8,2,"T","T",0,"F","F",2,"T","F",0,"F","F",5,"G","F","F","",0,0,"N",0,"N",0,"N",0,0,0,0,"43","54","","","F","F","F","F","F","F","F","F","F","sykeb101","","","F","F","F","F","F","","","","",0,4,3,0,5,4,0,0,0,16,"BAL","BAL","DET",1,"F","T",0,0,0,7,2,"T","F",1,0,"T","T","garck001","harll101","T","T",9,7,15,0,0,0,0,0,0,"may-m001","","",0,0,0,0,0,0,0,0,0,0,0,0,0,"mankp101","T","F","F","F",0,0,0,0,0,0,0,0,0,0,F,F,"1978BAL.EVA.regular.event.csv",1408
"BAL197805242","DET",3,0,0,0,0,"",0,0,"trama001","?","trama001","?","palmj001","?","palmj001","?","dempr001","murre001","smitb101","decid001","garck001","moraa101","harll101","lopec101","","","","K","T","F",6,9,3,"T","T",0,"F","F",1,"F","F",0,"F","F",0,"","F","F","",0,0,"N",0,"N",0,"N",0,0,0,0,"2","","","","F","F","F","F","F","F","F","F","F","","","","F","F","F","F","F","","","","",0,2,0,0,0,0,0,0,0,17,"BAL","DET","BAL",0,"T","F",0,0,0,8,0,"T","F",0,0,"T","T","leflr101","whitl001","T","T",0,0,0,0,0,0,0,0,0,"","","",0,0,0,0,0,0,0,0,0,0,0,0,0,"","F","F","F","F",0,0,0,0,0,0,0,0,0,0,F,F,"1978BAL.EVA.regular.event.csv",1409
"BAL197805242","DET",3,0,1,0,0,"",0,0,"leflr101","?","leflr101","?","palmj001","?","palmj001","?","dempr001","murre001","smitb101","decid001","garck001","moraa101","harll101","lopec101","","","","9","F","F",8,1,2,"T","T",0,"F","F",1,"F","F",0,"F","F",9,"F","F","F","",0,0,"N",0,"N",0,"N",0,0,0,0,"9","","","","F","F","F","F","F","F","F","F","F","","","","F","F","F","F","F","","","","",0,9,0,0,0,0,0,0,0,18,"BAL","DET","BAL",0,"F","F",0,0,0,9,1,"T","F",0,0,"T","T","whitl001","staur001","T","T",0,0,0,0,0,0,0,0,0,"","","",0,0,0,0,0,0,0,0,0,0,0,0,0,"lopec101","F","F","F","F",0,0,0,0,0,0,0,0,0,0,F,F,"1978BAL.EVA.regular.event.csv",1410
"BAL197805242","DET",3,0,2,0,0,"",0,0,"whitl001","?","whitl001","?","palmj001","?","palmj001","?","dempr001","murre001","smitb101","decid001","garck001","moraa101","harll101","lopec101","","","","3/G","F","F",4,2,2,"T","T",0,"F","F",1,"F","F",0,"F","F",3,"G","F","F","",0,0,"N",0,"N",0,"N",0,0,0,0,"3","","","","F","F","F","F","F","F","F","F","F","","","","F","F","F","F","F","","","","",0,3,0,0,0,0,0,0,0,19,"BAL","DET","BAL",0,"F","T",0,0,0,10,2,"T","F",0,0,"T","T","staur001","thomj001","T","T",0,0,0,0,0,0,0,0,0,"","","",0,0,0,0,0,0,0,0,0,0,0,0,0,"murre001","F","F","F","F",0,0,0,0,0,0,0,0,0,0,F,F,"1978BAL.EVA.regular.event.csv",1411
"BAL197805242","DET",3,1,0,0,0,"",0,0,"garck001","?","garck001","?","sykeb101","?","sykeb101","?","may-m001","thomj001","whitl001","mankp101","trama001","kemps001","leflr101","corct001","","","","K","T","F",6,9,3,"T","T",0,"F","F",1,"F","F",0,"F","F",0,"","F","F","",0,0,"N",0,"N",0,"N",0,0,0,0,"2","","","","F","F","F","F","F","F","F","F","F","","","","F","F","F","F","F","","","","",0,2,0,0,0,0,0,0,0,20,"BAL","BAL","DET",1,"T","F",0,0,0,8,0,"T","F",0,0,"T","T","harll101","smitb101","T","T",0,0,0,0,0,0,0,0,0,"","","",0,0,0,0,0,0,0,0,0,0,0,0,0,"","F","F","F","F",0,0,0,0,0,0,0,0,0,0,F,F,"1978BAL.EVA.regular.event.csv",1412
"BAL197805242","DET",3,1,1,0,0,"",0,0,"harll101","?","harll101","?","sykeb101","?","sykeb101","?","may-m001","thomj001","whitl001","mankp101","trama001","kemps001","leflr101","corct001","","","","K","F","F",8,1,3,"T","T",0,"F","F",1,"F","F",0,"F","F",0,"","F","F","",0,0,"N",0,"N",0,"N",0,0,0,0,"2","","","","F","F","F","F","F","F","F","F","F","","","","F","F","F","F","F","","","","",0,2,0,0,0,0,0,0,0,21,"BAL","BAL","DET",1,"F","F",0,0,0,9,1,"T","F",0,0,"T","T","smitb101","murre001","T","T",0,0,0,0,0,0,0,0,0,"","","",0,0,0,0,0,0,0,0,0,0,0,0,0,"","F","F","F","F",0,0,0,0,0,0,0,0,0,0,F,F,"1978BAL.EVA.regular.event.csv",1413
"BAL197805242","DET",3,1,2,0,0,"",0,0,"smitb101","?","smitb101","?","sykeb101","?","sykeb101","?","may-m001","thomj001","whitl001","mankp101","trama001","kemps001","leflr101","corct001","","","","W","F","F",4,2,14,"T","F",0,"F","F",0,"F","F",0,"F","F",0,"","F","F","",0,0,"N",0,"N",0,"N",1,0,0,0,"","","","","F","F","F","F","F","F","F","F","F","","","","F","F","F","F","F","","","","",0,0,0,0,0,0,0,0,0,22,"BAL","BAL","DET",1,"F","F",0,0,0,10,2,"T","F",0,1,"T","T","murre001","may-l101","T","T",0,0,0,0,0,0,0,0,0,"","","",0,0,0,0,0,0,0,0,0,0,0,0,0,"","F","F","F","F",0,0,0,0,0,0,0,0,0,0,F,F,"1978BAL.EVA.regular.event.csv",1414
"BAL197805242","DET",3,1,2,0,0,"",0,0,"murre001","?","murre001","?","sykeb101","?","sykeb101","?","may-m001","thomj001","whitl001","mankp101","trama001","kemps001","leflr101","corct001","smitb101","","","D7.1-3","F","F",3,3,21,"T","T",2,"F","F",0,"F","F",0,"F","F",7,"","F","F","",0,0,"N",0,"N",0,"N",2,3,0,0,"","","","","F","F","F","F","F","F","F","F","F","sykeb101","","","F","F","F","F","F","","","","",0,0,0,0,0,0,0,0,0,23,"BAL","BAL","DET",1,"F","F",0,0,0,11,3,"T","F",1,6,"T","T","may-l101","decid001","T","T",4,2,22,0,0,0,0,0,0,"may-m001","","",0,0,0,0,0,0,0,0,0,0,0,0,0,"kemps001","F","F","F","F",0,0,0,0,0,0,0,0,0,0,F,F,"1978BAL.EVA.regular.event.csv",1415
"BAL197805242","DET",3,1,2,0,0,"",0,0,"may-l101","?","may-l101","?","sykeb101","?","sykeb101","?","may-m001","thomj001","whitl001","mankp101","trama001","kemps001","leflr101","corct001","","murre001","smitb101","K","F","F",10,4,3,"T","T",0,"F","F",1,"F","F",0,"F","F",0,"","F","F","",0,0,"N",0,"N",0,"N",0,0,2,3,"2","","","","F","F","F","F","F","F","F","F","F","","sykeb101","sykeb101","F","F","F","F","F","","","","",0,2,0,0,0,0,0,0,0,24,"BAL","BAL","DET",1,"F","T",0,0,0,12,4,"T","F",6,6,"T","T","decid001","moraa101","T","T",0,0,0,3,3,23,4,2,22,"","may-m001","may-m001",0,0,0,0,0,0,0,0,0,0,0,0,0,"","F","F","F","F",0,0,0,0,0,0,0,0,0,0,F,F,"1978BAL.EVA.regular.event.csv",1416
"BAL197805242","DET",4,0,0,0,0,"",0,0,"staur001","?","staur001","?","palmj001","?","palmj001","?","dempr001","murre001","smitb101","decid001","garck001","moraa101","harll101","lopec101","","","","31","T","F",10,3,2,"T","T",0,"F","F",1,"F","F",0,"F","F",3,"G","F","F","",0,0,"N",0,"N",0,"N",0,0,0,0,"31","","","","F","F","F","F","F","F","F","F","F","","","","F","F","F","F","F","","","","",0,1,0,0,3,0,0,0,0,25,"BAL","DET","BAL",0,"T","F",0,0,0,11,0,"T","F",0,0,"T","T","thomj001","kemps001","T","T",0,0,0,0,0,0,0,0,0,"","","",0,0,0,0,0,0,0,0,0,0,0,0,0,"murre001","F","F","F","F",0,0,0,0,0,0,0,0,0,0,F,F,"1978BAL.EVA.regular.event.csv",1417
"BAL197805242","DET",4,0,1,0,0,"",0,0,"thomj001","?","thomj001","?","palmj001","?","palmj001","?","dempr001","murre001","smitb101","decid001","garck001","moraa101","harll101","lopec101","","","","S6#","F","F",3,4,20,"T","T",1,"F","F",0,"F","F",0,"F","F",6,"","F","F","",0,0,"N",0,"N",0,"N",1,0,0,0,"","","","","F","F","F","F","F","F","F","F","F","","","","F","F","F","F","F","","","","",0,0,0,0,0,0,0,0,0,26,"BAL","DET","BAL",0,"F","F",0,0,0,12,1,"T","F",0,1,"T","T","kemps001","may-m001","T","T",0,0,0,0,0,0,0,0,0,"","","",0,0,0,0,0,0,0,0,0,0,0,0,0,"garck001","F","F","F","F",0,0,0,0,0,0,0,0,0,0,F,T,"1978BAL.EVA.regular.event.csv",1418
"BAL197805242","DET",4,0,1,0,0,"",0,0,"kemps001","?","kemps001","?","palmj001","?","palmj001","?","dempr001","murre001","smitb101","decid001","garck001","moraa101","harll101","lopec101","thomj001","","","S6.1-2","F","F",7,5,20,"T","T",1,"F","F",0,"F","F",0,"F","F",6,"","F","F","",0,0,"N",0,"N",0,"N",1,2,0,0,"","","","","F","F","F","F","F","F","F","F","F","palmj001","","","F","F","F","F","F","","","","",0,0,0,0,0,0,0,0,0,27,"BAL","DET","BAL",0,"F","F",0,0,0,13,2,"T","F",1,3,"T","T","may-m001","corct001","T","T",3,4,26,0,0,0,0,0,0,"dempr001","","",0,0,0,0,0,0,0,0,0,0,0,0,0,"garck001","F","F","F","F",0,0,0,0,0,0,0,0,0,0,F,F,"1978BAL.EVA.regular.event.csv",1419
"BAL197805242","DET",4,0,1,0,0,"",0,0,"may-m001","?","may-m001","?","palmj001","?","palmj001","?","dempr001","murre001","smitb101","decid001","garck001","moraa101","harll101","lopec101","kemps001","thomj001","","16(1)3/GDP","F","F",2,6,2,"T","T",0,"F","F",2,"T","F",0,"F","F",1,"G","F","F","",0,0,"N",0,"N",0,"N",0,0,2,0,"63","16","","","F","F","F","F","F","F","F","F","F","palmj001","palmj001","","F","F","F","F","F","","","","",0,6,3,0,1,6,0,0,0,28,"BAL","DET","BAL",0,"F","T",0,0,0,14,3,"T","F",3,2,"T","T","corct001","mankp101","T","T",7,5,27,3,4,26,0,0,0,"dempr001","dempr001","",0,0,0,0,0,0,0,0,0,0,0,0,0,"palmj001","T","F","F","F",0,0,0,0,0,0,0,0,0,0,F,F,"1978BAL.EVA.regular.event.csv",1420
"BAL197805242","DET",4,1,0,0,0,"",0,0,"decid001","?","decid001","?","sykeb101","?","sykeb101","?","may-m001","thomj001","whitl001","mankp101","trama001","kemps001","leflr101","corct001","","","","4","T","F",5,5,2,"T","T",0,"F","F",1,"F","F",0,"F","F",4,"F","F","F","",0,0,"N",0,"N",0,"N",0,0,0,0,"4","","","","F","F","F","F","F","F","F","F","F","","","","F","F","F","F","F","","","","",0,4,0,0,0,0,0,0,0,29,"BAL","BAL","DET",1,"T","F",0,0,0,13,0,"T","F",0,0,"T","T","moraa101","lopec101","T","T",0,0,0,0,0,0,0,0,0,"","","",0,0,0,0,0,0,0,0,0,0,0,0,0,"whitl001","F","F","F","F",0,0,0,0,0,0,0,0,0,0,F,F,"1978BAL.EVA.regular.event.csv",1421
"BAL197805242","DET",4,1,1,0,0,"",0,0,"moraa101","?","moraa101","?","sykeb101","?","sykeb101","?","may-m001","thomj001","whitl001","mankp101","trama001","kemps001","leflr101","corct001","","","","3/FL","F","F",7,6,2,"T","T",0,"F","F",1,"F","F",0,"F","F",3,"F","F","T","",0,0,"N",0,"N",0,"N",0,0,0,0,"3","","","","F","F","F","F","F","F","F","F","F","","","","F","F","F","F","F","","","","",0,3,0,0,0,0,0,0,0,30,"BAL","BAL","DET",1,"F","F",0,0,0,14,1,"T","F",0,0,"T","T","lopec101","dempr001","T","T",0,0,0,0,0,0,0,0,0,"","","",0,0,0,0,0,0,0,0,0,0,0,0,0,"thomj001","F","F","F","F",0,0,0,0,0,0,0,0,0,0,F,F,"1978BAL.EVA.regular.event.csv",1422
"BAL197805242","DET",4,1,2,0,0,"",0,0,"lopec101","?","lopec101","?","sykeb101","?","sykeb101","?","may-m001","thomj001","whitl001","mankp101","trama001","kemps001","leflr101","corct001","","","","9/L","F","F",9,7,2,"T","T",0,"F","F",1,"F","F",0,"F","F",9,"L","F","F","",0,0,"N",0,"N",0,"N",0,0,0,0,"9","","","","F","F","F","F","F","F","F","F","F","","","","F","F","F","F","F","","","","",0,9,0,0,0,0,0,0,0,31,"BAL","BAL","DET",1,"F","T",0,0,0,15,2,"T","F",0,0,"T","T","dempr001","garck001","T","T",0,0,0,0,0,0,0,0,0,"","","",0,0,0,0,0,0,0,0,0,0,0,0,0,"corct001","F","F","F","F",0,0,0,0,0,0,0,0,0,0,F,F,"1978BAL.EVA.regular.event.csv",1423
"BAL197805242","DET",5,0,0,0,0,"",0,0,"corct001","?","corct001","?","palmj001","?","palmj001","?","dempr001","murre001","smitb101","decid001","garck001","moraa101","harll101","lopec101","","","","43","T","F",9,7,2,"T","T",0,"F","F",1,"F","F",0,"F","F",4,"G","F","F","",0,0,"N",0,"N",0,"N",0,0,0,0,"43","","","","F","F","F","F","F","F","F","F","F","","","","F","F","F","F","F","","","","",0,3,0,0,4,0,0,0,0,32,"BAL","DET","BAL",0,"T","F",0,0,0,15,0,"T","F",0,0,"T","T","mankp101","trama001","T","T",0,0,0,0,0,0,0,0,0,"","","",0,0,0,0,0,0,0,0,0,0,0,0,0,"smitb101","F","F","F","F",0,0,0,0,0,0,0,0,0,0,F,F,"1978BAL.EVA.regular.event.csv",1424
"BAL197805242","DET",5,0,1,0,0,"",0,0,"mankp101","?","mankp101","?","palmj001","?","palmj001","?","dempr001","murre001","smitb101","decid001","garck001","moraa101","harll101","lopec101","","","","6/FL","F","F",5,8,2,"T","T",0,"F","F",1,"F","F",0,"F","F",6,"F","F","T","",0,0,"N",0,"N",0,"N",0,0,0,0,"6","","","","F","F","F","F","F","F","F","F","F","","","","F","F","F","F","F","","","","",0,6,0,0,0,0,0,0,0,33,"BAL","DET","BAL",0,"F","F",0,0,0,16,1,"T","F",0,0,"T","T","trama001","leflr101","T","T",0,0,0,0,0,0,0,0,0,"","","",0,0,0,0,0,0,0,0,0,0,0,0,0,"garck001","F","F","F","F",0,0,0,0,0,0,0,0,0,0,F,F,"1978BAL.EVA.regular.event.csv",1425
"BAL197805242","DET",5,0,2,0,0,"",0,0,"trama001","?","trama001","?","palmj001","?","palmj001","?","dempr001","murre001","smitb101","decid001","garck001","moraa101","harll101","lopec101","","","","4/L","F","F",6,9,2,"T","T",0,"F","F",1,"F","F",0,"F","F",4,"L","F","F","",0,0,"N",0,"N",0,"N",0,0,0,0,"4","","","","F","F","F","F","F","F","F","F","F","","","","F","F","F","F","F","","","","",0,4,0,0,0,0,0,0,0,34,"BAL","DET","BAL",0,"F","T",0,0,0,17,2,"T","F",0,0,"T","T","leflr101","whitl001","T","T",0,0,0,0,0,0,0,0,0,"","","",0,0,0,0,0,0,0,0,0,0,0,0,0,"smitb101","F","F","F","F",0,0,0,0,0,0,0,0,0,0,F,F,"1978BAL.EVA.regular.event.csv",1426
"BAL197805242","DET",5,1,0,0,0,"",0,0,"dempr001","?","dempr001","?","sykeb101","?","sykeb101","?","may-m001","thomj001","whitl001","mankp101","trama001","kemps001","leflr101","corct001","","","","4/L","T","F",2,8,2,"T","T",0,"F","F",1,"F","F",0,"F","F",4,"L","F","F","",0,0,"N",0,"N",0,"N",0,0,0,0,"4","","","","F","F","F","F","F","F","F","F","F","","","","F","F","F","F","F","","","","",0,4,0,0,0,0,0,0,0,35,"BAL","BAL","DET",1,"T","F",0,0,0,16,0,"T","F",0,0,"T","T","garck001","harll101","T","T",0,0,0,0,0,0,0,0,0,"","","",0,0,0,0,0,0,0,0,0,0,0,0,0,"whitl001","F","F","F","F",0,0,0,0,0,0,0,0,0,0,F,F,"1978BAL.EVA.regular.event.csv",1427
"BAL197805242","DET",5,1,1,0,0,"",0,0,"garck001","?","garck001","?","sykeb101","?","sykeb101","?","may-m001","thomj001","whitl001","mankp101","trama001","kemps001","leflr101","corct001","","","","43","F","F",6,9,2,"T","T",0,"F","F",1,"F","F",0,"F","F",4,"G","F","F","",0,0,"N",0,"N",0,"N",0,0,0,0,"43","","","","F","F","F","F","F","F","F","F","F","","","","F","F","F","F","F","","","","",0,3,0,0,4,0,0,0,0,36,"BAL","BAL","DET",1,"F","F",0,0,0,17,1,"T","F",0,0,"T","T","harll101","smitb101","T","T",0,0,0,0,0,0,0,0,0,"","","",0,0,0,0,0,0,0,0,0,0,0,0,0,"whitl001","F","F","F","F",0,0,0,0,0,0,0,0,0,0,F,F,"1978BAL.EVA.regular.event.csv",1428
"BAL197805242","DET",5,1,2,0,0,"",0,0,"harll101","?","harll101","?","sykeb101","?","sykeb101","?","may-m001","thomj001","whitl001","mankp101","trama001","kemps001","leflr101","corct001","","","","43","F","F",8,1,2,"T","T",0,"F","F",1,"F","F",0,"F","F",4,"G","F","F","",0,0,"N",0,"N",0,"N",0,0,0,0,"43","","","","F","F","F","F","F","F","F","F","F","","","","F","F","F","F","F","","","","",0,3,0,0,4,0,0,0,0,37,"BAL","BAL","DET",1,"F","T",0,0,0,18,2,"T","F",0,0,"T","T","smitb101","murre001","T","T",0,0,0,0,0,0,0,0,0,"","","",0,0,0,0,0,0,0,0,0,0,0,0,0,"whitl001","F","F","F","F",0,0,0,0,0,0,0,0,0,0,F,F,"1978BAL.EVA.regular.event.csv",1429
"BAL197805242","DET",6,0,0,0,0,"",0,0,"leflr101","?","leflr101","?","palmj001","?","palmj001","?","dempr001","murre001","smitb101","decid001","garck001","moraa101","harll101","lopec101","","","","9","T","F",8,1,2,"T","T",0,"F","F",1,"F","F",0,"F","F",9,"F","F","F","",0,0,"N",0,"N",0,"N",0,0,0,0,"9","","","","F","F","F","F","F","F","F","F","F","","","","F","F","F","F","F","","","","",0,9,0,0,0,0,0,0,0,38,"BAL","DET","BAL",0,"T","F",0,0,0,18,0,"T","F",0,0,"T","T","whitl001","staur001","T","T",0,0,0,0,0,0,0,0,0,"","","",0,0,0,0,0,0,0,0,0,0,0,0,0,"lopec101","F","F","F","F",0,0,0,0,0,0,0,0,0,0,F,F,"1978BAL.EVA.regular.event.csv",1430
"BAL197805242","DET",6,0,1,0,0,"",0,0,"whitl001","?","whitl001","?","palmj001","?","palmj001","?","dempr001","murre001","smitb101","decid001","garck001","moraa101","harll101","lopec101","","","","31","F","F",4,2,2,"T","T",0,"F","F",1,"F","F",0,"F","F",3,"G","F","F","",0,0,"N",0,"N",0,"N",0,0,0,0,"31","","","","F","F","F","F","F","F","F","F","F","","","","F","F","F","F","F","","","","",0,1,0,0,3,0,0,0,0,39,"BAL","DET","BAL",0,"F","F",0,0,0,19,1,"T","F",0,0,"T","T","staur001","thomj001","T","T",0,0,0,0,0,0,0,0,0,"","","",0,0,0,0,0,0,0,0,0,0,0,0,0,"murre001","F","F","F","F",0,0,0,0,0,0,0,0,0,0,F,F,"1978BAL.EVA.regular.event.csv",1431
"BAL197805242","DET",6,0,2,0,0,"",0,0,"staur001","?","staur001","?","palmj001","?","palmj001","?","dempr001","murre001","smitb101","decid001","garck001","moraa101","harll101","lopec101","","","","W","F","F",10,3,14,"T","F",0,"F","F",0,"F","F",0,"F","F",0,"","F","F","",0,0,"N",0,"N",0,"N",1,0,0,0,"","","","","F","F","F","F","F","F","F","F","F","","","","F","F","F","F","F","","","","",0,0,0,0,0,0,0,0,0,40,"BAL","DET","BAL",0,"F","F",0,0,0,20,2,"T","F",0,1,"T","T","thomj001","kemps001","T","T",0,0,0,0,0,0,0,0,0,"","","",0,0,0,0,0,0,0,0,0,0,0,0,0,"","F","F","F","F",0,0,0,0,0,0,0,0,0,0,F,F,"1978BAL.EVA.regular.event.csv",1432
"BAL197805242","DET",6,0,2,0,0,"",0,0,"thomj001","?","thomj001","?","palmj001","?","palmj001","?","dempr001","murre001","smitb101","decid001","garck001","moraa101","harll101","lopec101","staur001","","","D7.1-3","F","F",3,4,21,"T","T",2,"F","F",0,"F","F",0,"F","F",7,"","F","F","",0,0,"N",0,"N",0,"N",2,3,0,0,"","","","","F","F","F","F","F","F","F","F","F","palmj001","","","F","F","F","F","F","","","","",0,0,0,0,0,0,0,0,0,41,"BAL","DET","BAL",0,"F","F",0,0,0,21,3,"T","F",1,6,"T","T","kemps001","may-m001","T","T",10,3,40,0,0,0,0,0,0,"dempr001","","",0,0,0,0,0,0,0,0,0,0,0,0,0,"moraa101","F","F","F","F",0,0,0,0,0,0,0,0,0,0,F,F,"1978BAL.EVA.regular.event.csv",1433
"BAL197805242","DET",6,0,2,0,0,"",0,0,"kemps001","?","kemps001","?","palmj001","?","palmj001","?","dempr001","murre001","smitb101","decid001","garck001","moraa101","harll101","lopec101","","thomj001","staur001","W","F","F",7,5,14,"T","F",0,"F","F",0,"F","F",0,"F","F",0,"","F","F","",0,0,"N",0,"N",0,"N",1,0,2,3,"","","","","F","F","F","F","F","F","F","F","F","","palmj001","palmj001","F","F","F","F","F","","","","",0,0,0,0,0,0,0,0,0,42,"BAL","DET","BAL",0,"F","F",0,0,0,22,4,"T","F",6,7,"T","T","may-m001","corct001","T","T",0,0,0,3,4,41,10,3,40,"","dempr001","dempr001",0,0,0,0,0,0,0,0,0,0,0,0,0,"","F","F","F","F",0,0,0,0,0,0,0,0,0,0,F,F,"1978BAL.EVA.regular.event.csv",1434
"BAL197805242","DET",6,0,2,0,0,"",0,0,"may-m001","?","may-m001","?","palmj001","?","palmj001","?","dempr001","murre001","smitb101","decid001","garck001","moraa101","harll101","lopec101","kemps001","thomj001","staur001","7","F","F",2,6,2,"T","T",0,"F","F",1,"F","F",0,"F","F",7,"F","F","F","",0,0,"N",0,"N",0,"N",0,1,2,3,"7","","","","F","F","F","F","F","F","F","F","F","palmj001","palmj001","palmj001","F","F","F","F","F","","","","",0,7,0,0,0,0,0,0,0,43,"BAL","DET","BAL",0,"F","T",0,0,0,23,5,"T","F",7,7,"T","T","corct001","mankp101","T","T",7,5,42,3,4,41,10,3,40,"dempr001","dempr001","dempr001",0,0,0,0,0,0,0,0,0,0,0,0,0,"moraa101","F","F","F","F",0,0,0,0,0,0,0,0,0,0,F,F,"1978BAL.EVA.regular.event.csv",1435
"BAL197805242","DET",6,1,0,0,0,"",0,0,"smitb101","?","smitb101","?","sykeb101","?","sykeb101","?","may-m001","thomj001","whitl001","mankp101","trama001","kemps001","leflr101","corct001","","","","S5#","T","F",4,2,20,"T","T",1,"F","F",0,"F","F",0,"F","F",5,"","F","F","",0,0,"N",0,"N",0,"N",1,0,0,0,"","","","","F","F","F","F","F","F","F","F","F","","","","F","F","F","F","F","","","","",0,0,0,0,0,0,0,0,0,44,"BAL","BAL","DET",1,"T","F",0,0,0,19,0,"T","F",0,1,"T","T","murre001","may-l101","T","T",0,0,0,0,0,0,0,0,0,"","","",0,0,0,0,0,0,0,0,0,0,0,0,0,"mankp101","F","F","F","F",0,0,0,0,0,0,0,0,0,0,F,T,"1978BAL.EVA.regular.event.csv",1436
"BAL197805242","DET",6,1,0,0,0,"",0,0,"murre001","?","murre001","?","sykeb101","?","sykeb101","?","may-m001","thomj001","whitl001","mankp101","trama001","kemps001","leflr101","corct001","smitb101","","","54(1)3/GDP","F","F",3,3,2,"T","T",0,"F","F",2,"T","F",0,"F","F",5,"G","F","F","",0,0,"N",0,"N",0,"N",0,0,0,0,"43","54","","","F","F","F","F","F","F","F","F","F","sykeb101","","","F","F","F","F","F","","","","",0,4,3,0,5,4,0,0,0,45,"BAL","BAL","DET",1,"F","F",0,0,0,20,1,"T","F",1,0,"T","T","may-l101","decid001","T","T",4,2,44,0,0,0,0,0,0,"may-m001","","",0,0,0,0,0,0,0,0,0,0,0,0,0,"mankp101","T","F","F","F",0,0,0,0,0,0,0,0,0,0,F,F,"1978BAL.EVA.regular.event.csv",1437
"BAL197805242","DET",6,1,2,0,0,"",0,0,"may-l101","?","may-l101","?","sykeb101","?","sykeb101","?","may-m001","thomj001","whitl001","mankp101","trama001","kemps001","leflr101","corct001","","","","K","F","F",10,4,3,"T","T",0,"F","F",1,"F","F",0,"F","F",0,"","F","F","",0,0,"N",0,"N",0,"N",0,0,0,0,"2","","","","F","F","F","F","F","F","F","F","F","","","","F","F","F","F","F","","","","",0,2,0,0,0,0,0,0,0,46,"BAL","BAL","DET",1,"F","T",0,0,0,21,2,"T","F",0,0,"T","T","decid001","moraa101","T","T",0,0,0,0,0,0,0,0,0,"","","",0,0,0,0,0,0,0,0,0,0,0,0,0,"","F","F","F","F",0,0,0,0,0,0,0,0,0,0,F,F,"1978BAL.EVA.regular.event.csv",1438
"BAL197805242","DET",7,0,0,0,0,"",0,0,"corct001","?","corct001","?","palmj001","?","palmj001","?","dempr001","murre001","smitb101","decid001","garck001","moraa101","harll101","lopec101","","","","K","T","F",9,7,3,"T","T",0,"F","F",1,"F","F",0,"F","F",0,"","F","F","",0,0,"N",0,"N",0,"N",0,0,0,0,"2","","","","F","F","F","F","F","F","F","F","F","","","","F","F","F","F","F","","","","",0,2,0,0,0,0,0,0,0,47,"BAL","DET","BAL",0,"T","F",0,0,0,24,0,"T","F",0,0,"T","T","mankp101","trama001","T","T",0,0,0,0,0,0,0,0,0,"","","",0,0,0,0,0,0,0,0,0,0,0,0,0,"","F","F","F","F",0,0,0,0,0,0,0,0,0,0,F,F,"1978BAL.EVA.regular.event.csv",1439
"BAL197805242","DET",7,0,1,0,0,"",0,0,"mankp101","?","mankp101","?","palmj001","?","palmj001","?","dempr001","murre001","smitb101","decid001","garck001","moraa101","harll101","lopec101","","","","9","F","F",5,8,2,"T","T",0,"F","F",1,"F","F",0,"F","F",9,"F","F","F","",0,0,"N",0,"N",0,"N",0,0,0,0,"9","","","","F","F","F","F","F","F","F","F","F","","","","F","F","F","F","F","","","","",0,9,0,0,0,0,0,0,0,48,"BAL","DET","BAL",0,"F","F",0,0,0,25,1,"T","F",0,0,"T","T","trama001","leflr101","T","T",0,0,0,0,0,0,0,0,0,"","","",0,0,0,0,0,0,0,0,0,0,0,0,0,"lopec101","F","F","F","F",0,0,0,0,0,0,0,0,0,0,F,F,"1978BAL.EVA.regular.event.csv",1440
"BAL197805242","DET",7,0,2,0,0,"",0,0,"trama001","?","trama001","?","palmj001","?","palmj001","?","dempr001","murre001","smitb101","decid001","garck001","moraa101","harll101","lopec101","","","","4","F","F",6,9,2,"T","T",0,"F","F",1,"F","F",0,"F","F",4,"F","F","F","",0,0,"N",0,"N",0,"N",0,0,0,0,"4","","","","F","F","F","F","F","F","F","F","F","","","","F","F","F","F","F","","","","",0,4,0,0,0,0,0,0,0,49,"BAL","DET","BAL",0,"F","T",0,0,0,26,2,"T","F",0,0,"T","T","leflr101","whitl001","T","T",0,0,0,0,0,0,0,0,0,"","","",0,0,0,0,0,0,0,0,0,0,0,0,0,"smitb101","F","F","F","F",0,0,0,0,0,0,0,0,0,0,F,F,"1978BAL.EVA.regular.event.csv",1441
"BAL197805242","DET",7,1,0,0,0,"",0,0,"decid001","?","decid001","?","sykeb101","?","sykeb101","?","may-m001","thomj001","whitl001","mankp101","trama001","kemps001","leflr101","corct001","","","","9","T","F",5,5,2,"T","T",0,"F","F",1,"F","F",0,"F","F",9,"F","F","F","",0,0,"N",0,"N",0,"N",0,0,0,0,"9","","","","F","F","F","F","F","F","F","F","F","","","","F","F","F","F","F","","","","",0,9,0,0,0,0,0,0,0,50,"BAL","BAL","DET",1,"T","F",0,0,0,22,0,"T","F",0,0,"T","T","moraa101","lopec101","T","T",0,0,0,0,0,0,0,0,0,"","","",0,0,0,0,0,0,0,0,0,0,0,0,0,"corct001","F","F","F","F",0,0,0,0,1,0,0,0,0,0,F,F,"1978BAL.EVA.regular.event.csv",1442
"BAL197805242","DET",7,1,1,0,0,"",0,0,"moraa101","?","moraa101","?","sykeb101","?","sykeb101","?","may-m001","thomj001","whitl001","mankp101","trama001","kemps001","leflr101","corct001","","","","HR/9","F","F",7,6,23,"T","T",4,"F","F",0,"F","F",1,"F","F",0,"","F","F","9",0,0,"N",0,"N",0,"N",4,0,0,0,"","","","","F","F","F","F","F","F","F","F","F","","","","F","F","F","F","F","","","","",0,0,0,0,0,0,0,0,0,51,"BAL","BAL","DET",1,"F","F",0,0,0,23,1,"T","F",0,0,"T","T","lopec101","dempr001","T","T",0,0,0,0,0,0,0,0,0,"","","",0,0,0,0,0,0,0,0,0,0,0,0,1,"","F","F","F","F",4,0,0,0,0,0,0,0,0,0,F,F,"1978BAL.EVA.regular.event.csv",1443
"BAL197805242","DET",7,1,1,0,0,"",0,1,"lopec101","?","lopec101","?","sykeb101","?","sykeb101","?","may-m001","thomj001","whitl001","mankp101","trama001","kemps001","leflr101","corct001","","","","8","F","F",9,7,2,"T","T",0,"F","F",1,"F","F",0,"F","F",8,"F","F","F","",0,0,"N",0,"N",0,"N",0,0,0,0,"8","","","","F","F","F","F","F","F","F","F","F","","","","F","F","F","F","F","","","","",0,8,0,0,0,0,0,0,0,52,"BAL","BAL","DET",1,"F","F",1,0,1,24,2,"T","F",0,0,"T","T","dempr001","garck001","T","T",0,0,0,0,0,0,0,0,0,"","","",0,0,0,0,0,0,0,0,0,0,0,0,0,"leflr101","F","F","F","F",0,0,0,0,0,0,0,0,0,0,F,F,"1978BAL.EVA.regular.event.csv",1444
"BAL197805242","DET",7,1,2,0,0,"",0,1,"dempr001","?","dempr001","?","sykeb101","?","sykeb101","?","may-m001","thomj001","whitl001","mankp101","trama001","kemps001","leflr101","corct001","","","","8","F","F",2,8,2,"T","T",0,"F","F",1,"F","F",0,"F","F",8,"F","F","F","",0,0,"N",0,"N",0,"N",0,0,0,0,"8","","","","F","F","F","F","F","F","F","F","F","","","","F","F","F","F","F","","","","",0,8,0,0,0,0,0,0,0,53,"BAL","BAL","DET",1,"F","T",1,0,1,25,3,"T","F",0,0,"T","T","garck001","harll101","T","T",0,0,0,0,0,0,0,0,0,"","","",0,0,0,0,0,0,0,0,0,0,0,0,0,"leflr101","F","F","F","F",0,0,0,0,0,0,0,0,0,0,F,F,"1978BAL.EVA.regular.event.csv",1445
"BAL197805242","DET",8,0,0,0,0,"",0,1,"leflr101","?","leflr101","?","palmj001","?","palmj001","?","dempr001","murre001","smitb101","dauer001","garck001","moraa101","harll101","lopec101","","","","K","T","F",8,1,3,"T","T",0,"F","F",1,"F","F",0,"F","F",0,"","F","F","",0,0,"N",0,"N",0,"N",0,0,0,0,"2","","","","F","F","F","F","F","F","F","F","F","","","","F","F","F","F","F","","","","",0,2,0,0,0,0,0,0,0,54,"BAL","DET","BAL",0,"T","F",0,1,0,27,0,"T","F",0,0,"T","T","whitl001","staur001","T","T",0,0,0,0,0,0,0,0,0,"","","",0,0,0,0,0,0,0,0,0,0,0,0,0,"","F","F","F","F",0,0,0,0,0,0,0,0,0,0,F,F,"1978BAL.EVA.regular.event.csv",1446
"BAL197805242","DET",8,0,1,0,0,"",0,1,"whitl001","?","whitl001","?","palmj001","?","palmj001","?","dempr001","murre001","smitb101","dauer001","garck001","moraa101","harll101","lopec101","","","","43","F","F",4,2,2,"T","T",0,"F","F",1,"F","F",0,"F","F",4,"G","F","F","",0,0,"N",0,"N",0,"N",0,0,0,0,"43","","","","F","F","F","F","F","F","F","F","F","","","","F","F","F","F","F","","","","",0,3,0,0,4,0,0,0,0,55,"BAL","DET","BAL",0,"F","F",0,1,0,28,1,"T","F",0,0,"T","T","staur001","thomj001","T","T",0,0,0,0,0,0,0,0,0,"","","",0,0,0,0,0,0,0,0,0,0,0,0,0,"smitb101","F","F","F","F",0,0,0,0,0,0,0,0,0,0,F,F,"1978BAL.EVA.regular.event.csv",1447
"BAL197805242","DET",8,0,2,0,0,"",0,1,"staur001","?","staur001","?","palmj001","?","palmj001","?","dempr001","murre001","smitb101","dauer001","garck001","moraa101","harll101","lopec101","","","","S9/G","F","F",10,3,20,"T","T",1,"F","F",0,"F","F",0,"F","F",9,"G","F","F","",0,0,"N",0,"N",0,"N",1,0,0,0,"","","","","F","F","F","F","F","F","F","F","F","","","","F","F","F","F","F","","","","",0,0,0,0,0,0,0,0,0,56,"BAL","DET","BAL",0,"F","F",0,1,0,29,2,"T","F",0,1,"T","T","thomj001","kemps001","T","T",0,0,0,0,0,0,0,0,0,"","","",0,0,0,0,0,0,0,0,0,0,0,0,0,"lopec101","F","F","F","F",0,0,0,0,0,0,0,0,0,0,F,F,"1978BAL.EVA.regular.event.csv",1448
"BAL197805242","DET",8,0,2,0,0,"",0,1,"thomj001","?","thomj001","?","palmj001","?","palmj001","?","dempr001","murre001","smitb101","dauer001","garck001","moraa101","harll101","lopec101","staur001","","","5/L","F","F",3,4,2,"T","T",0,"F","F",1,"F","F",0,"F","F",5,"L","F","F","",0,0,"N",0,"N",0,"N",0,1,0,0,"5","","","","F","F","F","F","F","F","F","F","F","palmj001","","","F","F","F","F","F","","","","",0,5,0,0,0,0,0,0,0,57,"BAL","DET","BAL",0,"F","T",0,1,0,30,3,"T","F",1,1,"T","T","kemps001","may-m001","T","T",10,3,56,0,0,0,0,0,0,"dempr001","","",0,0,0,0,0,0,0,0,0,0,0,0,0,"dauer001","F","F","F","F",0,0,0,0,0,0,0,0,0,0,F,F,"1978BAL.EVA.regular.event.csv",1449
"BAL197805242","DET",8,1,0,0,0,"",0,1,"garck001","?","garck001","?","sykeb101","?","sykeb101","?","may-m001","thomj001","whitl001","mankp101","trama001","kemps001","leflr101","corct001","","","","53","T","F",6,9,2,"T","T",0,"F","F",1,"F","F",0,"F","F",5,"G","F","F","",0,0,"N",0,"N",0,"N",0,0,0,0,"53","","","","F","F","F","F","F","F","F","F","F","","","","F","F","F","F","F","","","","",0,3,0,0,5,0,0,0,0,58,"BAL","BAL","DET",1,"T","F",1,0,0,26,0,"T","F",0,0,"T","T","harll101","smitb101","T","T",0,0,0,0,0,0,0,0,0,"","","",0,0,0,0,0,0,0,0,0,0,0,0,0,"mankp101","F","F","F","F",0,0,0,0,0,0,0,0,0,0,F,F,"1978BAL.EVA.regular.event.csv",1450
"BAL197805242","DET",8,1,1,0,0,"",0,1,"harll101","?","harll101","?","sykeb101","?","sykeb101","?","may-m001","thomj001","whitl001","mankp101","trama001","kemps001","leflr101","corct001","","","","S9","F","F",8,1,20,"T","T",1,"F","F",0,"F","F",0,"F","F",9,"","F","F","",0,0,"N",0,"N",0,"N",1,0,0,0,"","","","","F","F","F","F","F","F","F","F","F","","","","F","F","F","F","F","","","","",0,0,0,0,0,0,0,0,0,59,"BAL","BAL","DET",1,"F","F",1,0,0,27,1,"T","F",0,1,"T","T","smitb101","murre001","T","T",0,0,0,0,0,0,0,0,0,"","","",0,0,0,0,0,0,0,0,0,0,0,0,0,"corct001","F","F","F","F",2,0,0,0,0,0,0,0,0,0,F,F,"1978BAL.EVA.regular.event.csv",1451
"BAL197805242","DET",8,1,1,0,0,"",0,1,"smitb101","?","smitb101","?","sykeb101","?","sykeb101","?","may-m001","thomj001","whitl001","mankp101","trama001","kemps001","leflr101","corct001","harll101","","","S8/G.1-2","F","F",4,2,20,"T","T",1,"F","F",0,"F","F",0,"F","F",8,"G","F","F","",0,0,"N",0,"N",0,"N",1,2,0,0,"","","","","F","F","F","F","F","F","F","F","F","sykeb101","","","F","F","F","F","F","","","","",0,0,0,0,0,0,0,0,0,60,"BAL","BAL","DET",1,"F","F",1,0,0,28,2,"T","F",1,3,"T","T","murre001","may-l101","T","T",8,1,59,0,0,0,0,0,0,"may-m001","","",0,0,0,0,0,0,0,0,0,0,0,0,0,"leflr101","F","F","F","F",1,2,0,0,0,0,0,0,0,0,F,F,"1978BAL.EVA.regular.event.csv",1452
"BAL197805242","DET",8,1,1,0,0,"",0,1,"murre001","?","murre001","?","sykeb101","?","sykeb101","?","may-m001","thomj001","whitl001","mankp101","trama001","kemps001","leflr101","corct001","smitb101","harll101","","7","F","F",3,3,2,"T","T",0,"F","F",1,"F","F",0,"F","F",7,"F","F","F","",0,0,"N",0,"N",0,"N",0,1,2,0,"7","","","","F","F","F","F","F","F","F","F","F","sykeb101","sykeb101","","F","F","F","F","F","","","","",0,7,0,0,0,0,0,0,0,61,"BAL","BAL","DET",1,"F","F",1,0,0,29,3,"T","F",3,3,"T","T","may-l101","dauer001","T","T",4,2,60,8,1,59,0,0,0,"may-m001","may-m001","",0,0,0,0,0,0,0,0,0,0,0,0,0,"kemps001","F","F","F","F",0,1,2,0,0,0,0,0,0,0,F,F,"1978BAL.EVA.regular.event.csv",1453
"BAL197805242","DET",8,1,2,0,0,"",0,1,"may-l101","?","may-l101","?","sykeb101","?","sykeb101","?","may-m001","thomj001","whitl001","mankp101","trama001","kemps001","leflr101","corct001","smitb101","harll101","","K","F","F",10,4,3,"T","T",0,"F","F",1,"F","F",0,"F","F",0,"","F","F","",0,0,"N",0,"N",0,"N",0,1,2,0,"2","","","","F","F","F","F","F","F","F","F","F","sykeb101","sykeb101","","F","F","F","F","F","","","","",0,2,0,0,0,0,0,0,0,62,"BAL","BAL","DET",1,"F","T",1,0,0,30,4,"T","F",3,3,"T","T","dauer001","moraa101","T","T",4,2,60,8,1,59,0,0,0,"may-m001","may-m001","",0,0,0,0,0,0,0,0,0,0,0,0,0,"","F","F","F","F",0,1,2,0,0,0,0,0,0,0,F,F,"1978BAL.EVA.regular.event.csv",1454
"BAL197805242","DET",9,0,0,0,0,"",0,1,"kemps001","?","kemps001","?","palmj001","?","palmj001","?","dempr001","murre001","smitb101","dauer001","belam101","moraa101","harll101","lopec101","","","","5/FL","T","F",7,5,2,"T","T",0,"F","F",1,"F","F",0,"F","F",5,"F","F","T","",0,0,"N",0,"N",0,"N",0,0,0,0,"5","","","","F","F","F","F","F","F","F","F","F","","","","F","F","F","F","F","","","","",0,5,0,0,0,0,0,0,0,63,"BAL","DET","BAL",0,"T","F",0,1,0,31,0,"T","F",0,0,"T","T","may-m001","corct001","T","T",0,0,0,0,0,0,0,0,0,"","","",0,0,0,0,0,0,0,0,0,0,0,0,0,"dauer001","F","F","F","F",0,0,0,0,0,0,0,0,0,0,F,F,"1978BAL.EVA.regular.event.csv",1455
"BAL197805242","DET",9,0,1,0,0,"",0,1,"may-m001","?","may-m001","?","palmj001","?","palmj001","?","dempr001","murre001","smitb101","dauer001","belam101","moraa101","harll101","lopec101","","","","8","F","F",2,6,2,"T","T",0,"F","F",1,"F","F",0,"F","F",8,"F","F","F","",0,0,"N",0,"N",0,"N",0,0,0,0,"8","","","","F","F","F","F","F","F","F","F","F","","","","F","F","F","F","F","","","","",0,8,0,0,0,0,0,0,0,64,"BAL","DET","BAL",0,"F","F",0,1,0,32,1,"T","F",0,0,"T","T","corct001","mankp101","T","T",0,0,0,0,0,0,0,0,0,"","","",0,0,0,0,0,0,0,0,0,0,0,0,0,"harll101","F","F","F","F",0,0,0,0,0,0,0,0,0,0,F,F,"1978BAL.EVA.regular.event.csv",1456
"BAL197805242","DET",9,0,2,0,0,"",0,1,"corct001","?","corct001","?","palmj001","?","palmj001","?","dempr001","murre001","smitb101","dauer001","belam101","moraa101","harll101","lopec101","","","","8","F","F",9,7,2,"T","T",0,"F","F",1,"F","F",0,"F","F",8,"F","F","F","",0,0,"N",0,"N",0,"N",0,0,0,0,"8","","","","F","F","F","F","F","F","F","F","F","","","","F","T","F","F","F","","","","",0,8,0,0,0,0,0,0,0,65,"BAL","DET","BAL",0,"F","T",0,1,0,33,2,"T","F",0,0,"T","T","mankp101","trama001","T","T",0,0,0,0,0,0,0,0,0,"","","",0,0,0,0,0,0,0,0,0,0,0,0,0,"harll101","F","F","F","F",0,0,0,0,0,0,0,0,0,0,F,F,"1978BAL.EVA.regular.event.csv",1457
"BAL197805250","DET",1,0,0,0,0,"",0,0,"leflr101","?","leflr101","?","mcgrs001","?","mcgrs001","?","dempr001","murre001","smitb101","dauer001","belam101","kellp101","harll101","singk001","","","","9","T","F",8,1,2,"T","T",0,"F","F",1,"F","F",0,"F","F",9,"F","F","F","",0,0,"N",0,"N",0,"N",0,0,0,0,"9","","","","F","F","F","F","F","F","F","F","F","","","","T","F","F","F","F","","","","",0,9,0,0,0,0,0,0,0,1,"BAL","DET","BAL",0,"T","F",0,0,0,0,0,"T","F",0,0,"T","T","wagnm001","staur001","T","T",0,0,0,0,0,0,0,0,0,"","","",0,0,0,0,0,0,0,0,0,0,0,0,0,"singk001","F","F","F","F",0,0,0,0,0,0,0,0,0,0,F,F,"1978BAL.EVA.regular.event.csv",1458
"BAL197805250","DET",1,0,1,0,0,"",0,0,"wagnm001","?","wagnm001","?","mcgrs001","?","mcgrs001","?","dempr001","murre001","smitb101","dauer001","belam101","kellp101","harll101","singk001","","","","3/FL","F","F",6,2,2,"T","T",0,"F","F",1,"F","F",0,"F","F",3,"F","F","T","",0,0,"N",0,"N",0,"N",0,0,0,0,"3","","","","F","F","F","F","F","F","F","F","F","","","","F","F","F","F","F","","","","",0,3,0,0,0,0,0,0,0,2,"BAL","DET","BAL",0,"F","F",0,0,0,1,1,"T","F",0,0,"T","T","staur001","thomj001","T","T",0,0,0,0,0,0,0,0,0,"","","",0,0,0,0,0,0,0,0,0,0,0,0,0,"murre001","F","F","F","F",0,0,0,0,0,0,0,0,0,0,F,F,"1978BAL.EVA.regular.event.csv",1459
"BAL197805250","DET",1,0,2,0,0,"",0,0,"staur001","?","staur001","?","mcgrs001","?","mcgrs001","?","dempr001","murre001","smitb101","dauer001","belam101","kellp101","harll101","singk001","","","","S7","F","F",10,3,20,"T","T",1,"F","F",0,"F","F",0,"F","F",7,"","F","F","",0,0,"N",0,"N",0,"N",1,0,0,0,"","","","","F","F","F","F","F","F","F","F","F","","","","F","F","F","F","F","","","","",0,0,0,0,0,0,0,0,0,3,"BAL","DET","BAL",0,"F","F",0,0,0,2,2,"T","F",0,1,"T","T","thomj001","kemps001","T","T",0,0,0,0,0,0,0,0,0,"","","",0,0,0,0,0,0,0,0,0,0,0,0,0,"kellp101","F","F","F","F",0,0,0,0,0,0,0,0,0,0,F,F,"1978BAL.EVA.regular.event.csv",1460
"BAL197805250","DET",1,0,2,0,0,"",0,0,"thomj001","?","thomj001","?","mcgrs001","?","mcgrs001","?","dempr001","murre001","smitb101","dauer001","belam101","kellp101","harll101","singk001","staur001","","","8","F","F",3,4,2,"T","T",0,"F","F",1,"F","F",0,"F","F",8,"F","F","F","",0,0,"N",0,"N",0,"N",0,1,0,0,"8","","","","F","F","F","F","F","F","F","F","F","mcgrs001","","","F","F","F","F","F","","","","",0,8,0,0,0,0,0,0,0,4,"BAL","DET","BAL",0,"F","T",0,0,0,3,3,"T","F",1,1,"T","T","kemps001","wockj001","T","T",10,3,3,0,0,0,0,0,0,"dempr001","","",0,0,0,0,0,0,0,0,0,0,0,0,0,"harll101","F","F","F","F",0,0,0,0,0,0,0,0,0,0,F,F,"1978BAL.EVA.regular.event.csv",1461
"BAL197805250","DET",1,1,0,0,0,"",0,0,"harll101","?","harll101","?","bakes101","?","bakes101","?","parrl001","thomj001","dills101","rodra101","wagnm001","kemps001","leflr101","wockj001","","","","43","T","F",8,1,2,"T","T",0,"F","F",1,"F","F",0,"F","F",4,"G","F","F","",0,0,"N",0,"N",0,"N",0,0,0,0,"43","","","","F","F","F","F","F","F","F","F","F","","","","F","F","F","F","F","","","","",0,3,0,0,4,0,0,0,0,5,"BAL","BAL","DET",1,"T","F",0,0,0,0,0,"T","F",0,0,"T","T","smitb101","kellp101","T","T",0,0,0,0,0,0,0,0,0,"","","",0,0,0,0,0,0,0,0,0,0,0,0,0,"dills101","F","F","F","F",0,0,0,0,0,0,0,0,0,0,F,F,"1978BAL.EVA.regular.event.csv",1462
"BAL197805250","DET",1,1,1,0,0,"",0,0,"smitb101","?","smitb101","?","bakes101","?","bakes101","?","parrl001","thomj001","dills101","rodra101","wagnm001","kemps001","leflr101","wockj001","","","","D/78","F","F",4,2,21,"T","T",2,"F","F",0,"F","F",0,"F","F",0,"","F","F","78",0,0,"N",0,"N",0,"N",2,0,0,0,"","","","","F","F","F","F","F","F","F","F","F","","","","F","F","F","F","F","","","","",0,0,0,0,0,0,0,0,0,6,"BAL","BAL","DET",1,"F","F",0,0,0,1,1,"T","F",0,2,"T","T","kellp101","singk001","T","T",0,0,0,0,0,0,0,0,0,"","","",0,0,0,0,0,0,0,0,0,0,0,0,0,"","F","F","F","F",0,0,0,0,0,0,0,0,0,0,F,F,"1978BAL.EVA.regular.event.csv",1463
"BAL197805250","DET",1,1,1,0,0,"",0,0,"kellp101","?","kellp101","?","bakes101","?","bakes101","?","parrl001","thomj001","dills101","rodra101","wagnm001","kemps001","leflr101","wockj001","","smitb101","","PB.2-3#","F","F",7,3,10,"F","F",0,"F","F",0,"F","F",0,"F","T",0,"","F","F","",0,0,"N",0,"N",0,"N",0,0,3,0,"","","","","F","F","F","F","F","F","F","F","F","","bakes101","","F","F","F","F","F","","","","",0,0,0,0,0,0,0,0,0,7,"BAL","BAL","DET",1,"F","F",0,0,0,2,2,"T","F",2,4,"T","T","singk001","murre001","T","T",0,0,0,4,2,6,0,0,0,"","parrl001","",0,0,0,0,0,0,0,0,0,0,0,0,0,"","F","F","F","F",0,0,0,0,0,0,0,0,0,0,F,T,"1978BAL.EVA.regular.event.csv",1464
"BAL197805250","DET",1,1,1,0,0,"",0,0,"kellp101","?","kellp101","?","bakes101","?","bakes101","?","parrl001","thomj001","dills101","rodra101","wagnm001","kemps001","leflr101","wockj001","","","smitb101","6","F","F",7,3,2,"T","T",0,"F","F",1,"F","F",0,"F","F",6,"F","F","F","",0,0,"N",0,"N",0,"N",0,0,0,3,"6","","","","F","F","F","F","F","F","F","F","F","","","bakes101","F","F","F","F","F","","","","",0,6,0,0,0,0,0,0,0,8,"BAL","BAL","DET",1,"F","F",0,0,0,2,2,"F","F",4,4,"T","T","singk001","murre001","T","T",0,0,0,0,0,0,4,2,6,"","","parrl001",0,0,0,0,0,0,0,0,0,0,0,0,0,"wagnm001","F","F","F","F",0,0,0,0,0,0,0,0,0,0,F,F,"1978BAL.EVA.regular.event.csv",1465
"BAL197805250","DET",1,1,2,0,0,"",0,0,"singk001","?","singk001","?","bakes101","?","bakes101","?","parrl001","thomj001","dills101","rodra101","wagnm001","kemps001","leflr101","wockj001","","","smitb101","K","F","F",9,4,3,"T","T",0,"F","F",1,"F","F",0,"F","F",0,"","F","F","",0,0,"N",0,"N",0,"N",0,0,0,3,"2","","","","F","F","F","F","F","F","F","F","F","","","bakes101","F","F","F","F","F","","","","",0,2,0,0,0,0,0,0,0,9,"BAL","BAL","DET",1,"F","T",0,0,0,3,3,"T","F",4,4,"T","T","murre001","may-l101","T","T",0,0,0,0,0,0,4,2,6,"","","parrl001",0,0,0,0,0,0,0,0,0,0,0,0,0,"","F","F","F","F",0,0,0,0,0,0,0,0,0,0,F,F,"1978BAL.EVA.regular.event.csv",1466
"BAL197805250","DET",2,0,0,0,0,"",0,0,"kemps001","?","kemps001","?","mcgrs001","?","mcgrs001","?","dempr001","murre001","smitb101","dauer001","belam101","kellp101","harll101","singk001","","","","S8#","T","F",7,5,20,"T","T",1,"F","F",0,"F","F",0,"F","F",8,"","F","F","",0,0,"N",0,"N",0,"N",1,0,0,0,"","","","","F","F","F","F","F","F","F","F","F","","","","F","F","F","F","F","","","","",0,0,0,0,0,0,0,0,0,10,"BAL","DET","BAL",0,"T","F",0,0,0,4,0,"T","F",0,1,"T","T","wockj001","parrl001","T","T",0,0,0,0,0,0,0,0,0,"","","",0,0,0,0,0,0,0,0,0,0,0,0,0,"harll101","F","F","F","F",0,0,0,0,0,0,0,0,0,0,F,T,"1978BAL.EVA.regular.event.csv",1467
"BAL197805250","DET",2,0,0,0,0,"",0,0,"wockj001","?","wockj001","?","mcgrs001","?","mcgrs001","?","dempr001","murre001","smitb101","dauer001","belam101","kellp101","harll101","singk001","kemps001","","","K","F","F",9,6,3,"T","T",0,"F","F",1,"F","F",0,"F","F",0,"","F","F","",0,0,"N",0,"N",0,"N",0,1,0,0,"2","","","","F","F","F","F","F","F","F","F","F","mcgrs001","","","F","F","F","F","F","","","","",0,2,0,0,0,0,0,0,0,11,"BAL","DET","BAL",0,"F","F",0,0,0,5,1,"T","F",1,1,"T","T","parrl001","rodra101","T","T",7,5,10,0,0,0,0,0,0,"dempr001","","",0,0,0,0,0,0,0,0,0,0,0,0,0,"","F","F","F","F",0,0,0,0,0,0,0,0,0,0,F,F,"1978BAL.EVA.regular.event.csv",1468
"BAL197805250","DET",2,0,1,0,0,"",0,0,"parrl001","?","parrl001","?","mcgrs001","?","mcgrs001","?","dempr001","murre001","smitb101","dauer001","belam101","kellp101","harll101","singk001","kemps001","","","64(1)/FO","F","F",2,7,2,"T","T",0,"F","F",1,"F","F",0,"F","F",6,"G","F","F","",0,0,"N",0,"N",0,"N",1,0,0,0,"","64","","","F","F","F","F","F","F","F","F","F","mcgrs001","","","F","F","F","F","F","","","","",0,4,0,0,6,0,0,0,0,12,"BAL","DET","BAL",0,"F","F",0,0,0,6,2,"T","F",1,1,"T","T","rodra101","dills101","T","T",7,5,10,0,0,0,0,0,0,"dempr001","","",0,0,0,0,0,0,0,0,0,0,0,0,0,"belam101","T","F","F","F",0,0,0,0,0,0,0,0,0,0,F,F,"1978BAL.EVA.regular.event.csv",1469
"BAL197805250","DET",2,0,2,0,0,"",0,0,"rodra101","?","rodra101","?","mcgrs001","?","mcgrs001","?","dempr001","murre001","smitb101","dauer001","belam101","kellp101","harll101","singk001","parrl001","","","64(1)/FO","F","F",5,8,2,"T","T",0,"F","F",1,"F","F",0,"F","F",6,"G","F","F","",0,0,"N",0,"N",0,"N",1,0,0,0,"","64","","","F","F","F","F","F","F","F","F","F","mcgrs001","","","F","F","F","F","F","","","","",0,4,0,0,6,0,0,0,0,13,"BAL","DET","BAL",0,"F","T",0,0,0,7,3,"T","F",1,1,"T","T","dills101","leflr101","T","T",2,7,12,0,0,0,0,0,0,"dempr001","","",0,0,0,0,0,0,0,0,0,0,0,0,0,"belam101","T","F","F","F",0,0,0,0,0,0,0,0,0,0,F,F,"1978BAL.EVA.regular.event.csv",1470
"BAL197805250","DET",2,1,0,0,0,"",0,0,"murre001","?","murre001","?","bakes101","?","bakes101","?","parrl001","thomj001","dills101","rodra101","wagnm001","kemps001","leflr101","wockj001","","","","S8/G#","T","F",3,5,20,"T","T",1,"F","F",0,"F","F",0,"F","F",8,"G","F","F","",0,0,"N",0,"N",0,"N",1,0,0,0,"","","","","F","F","F","F","F","F","F","F","F","","","","F","F","F","F","F","","","","",0,0,0,0,0,0,0,0,0,14,"BAL","BAL","DET",1,"T","F",0,0,0,4,0,"T","F",0,1,"T","T","may-l101","dempr001","T","T",0,0,0,0,0,0,0,0,0,"","","",0,0,0,0,0,0,0,0,0,0,0,0,0,"leflr101","F","F","F","F",0,0,0,0,0,0,0,0,0,0,F,T,"1978BAL.EVA.regular.event.csv",1471
"BAL197805250","DET",2,1,0,0,0,"",0,0,"may-l101","?","may-l101","?","bakes101","?","bakes101","?","parrl001","thomj001","dills101","rodra101","wagnm001","kemps001","leflr101","wockj001","murre001","","","K","F","F",10,6,3,"T","T",0,"F","F",1,"F","F",0,"F","F",0,"","F","F","",0,0,"N",0,"N",0,"N",0,1,0,0,"2","","","","F","F","F","F","F","F","F","F","F","bakes101","","","F","F","F","F","F","","","","",0,2,0,0,0,0,0,0,0,15,"BAL","BAL","DET",1,"F","F",0,0,0,5,1,"T","F",1,1,"T","T","dempr001","belam101","T","T",3,5,14,0,0,0,0,0,0,"parrl001","","",0,0,0,0,0,0,0,0,0,0,0,0,0,"","F","F","F","F",0,0,0,0,0,0,0,0,0,0,F,F,"1978BAL.EVA.regular.event.csv",1472
"BAL197805250","DET",2,1,1,0,0,"",0,0,"dempr001","?","dempr001","?","bakes101","?","bakes101","?","parrl001","thomj001","dills101","rodra101","wagnm001","kemps001","leflr101","wockj001","murre001","","","54(1)3/GDP","F","F",2,7,2,"T","T",0,"F","F",2,"T","F",0,"F","F",5,"G","F","F","",0,0,"N",0,"N",0,"N",0,0,0,0,"43","54","","","F","F","F","F","F","F","F","F","F","bakes101","","","F","F","F","F","F","","","","",0,4,3,0,5,4,0,0,0,16,"BAL","BAL","DET",1,"F","T",0,0,0,6,2,"T","F",1,0,"T","T","belam101","dauer001","T","T",3,5,14,0,0,0,0,0,0,"parrl001","","",0,0,0,0,0,0,0,0,0,0,0,0,0,"rodra101","T","F","F","F",0,0,0,0,0,0,0,0,0,0,F,F,"1978BAL.EVA.regular.event.csv",1473
"BAL197805250","DET",3,0,0,0,0,"",0,0,"dills101","?","dills101","?","mcgrs001","?","mcgrs001","?","dempr001","murre001","smitb101","dauer001","belam101","kellp101","harll101","singk001","","","","S?","T","F",4,9,20,"T","T",1,"F","F",0,"F","F",0,"F","F",0,"","F","F","",0,0,"N",0,"N",0,"N",1,0,0,0,"","","","","F","F","F","F","F","F","F","F","F","","","","F","F","F","F","F","","","","",0,0,0,0,0,0,0,0,0,17,"BAL","DET","BAL",0,"T","F",0,0,0,8,0,"T","F",0,1,"T","T","leflr101","wagnm001","T","T",0,0,0,0,0,0,0,0,0,"","","",0,0,0,0,0,0,0,0,0,0,0,0,0,"","F","F","F","F",0,0,0,0,0,0,0,0,0,0,F,F,"1978BAL.EVA.regular.event.csv",1474
"BAL197805250","DET",3,0,0,0,0,"",0,0,"leflr101","?","leflr101","?","mcgrs001","?","mcgrs001","?","dempr001","murre001","smitb101","dauer001","belam101","kellp101","harll101","singk001","dills101","","","9","F","F",8,1,2,"T","T",0,"F","F",1,"F","F",0,"F","F",9,"F","F","F","",0,0,"N",0,"N",0,"N",0,1,0,0,"9","","","","F","F","F","F","F","F","F","F","F","mcgrs001","","","F","F","F","F","F","","","","",0,9,0,0,0,0,0,0,0,18,"BAL","DET","BAL",0,"F","F",0,0,0,9,1,"T","F",1,1,"T","T","wagnm001","staur001","T","T",4,9,17,0,0,0,0,0,0,"dempr001","","",0,0,0,0,0,0,0,0,0,0,0,0,0,"singk001","F","F","F","F",0,0,0,0,0,0,0,0,0,0,F,F,"1978BAL.EVA.regular.event.csv",1475
"BAL197805250","DET",3,0,1,0,0,"",0,0,"wagnm001","?","wagnm001","?","mcgrs001","?","mcgrs001","?","dempr001","murre001","smitb101","dauer001","belam101","kellp101","harll101","singk001","dills101","","","FC4.1-2;B-1","F","F",6,2,19,"T","T",0,"F","F",0,"F","F",0,"F","F",4,"G","F","F","",0,0,"N",0,"N",0,"N",1,2,0,0,"","","","","F","F","F","F","F","F","F","F","F","mcgrs001","","","F","F","F","F","F","","","","",0,0,0,0,0,0,0,0,0,19,"BAL","DET","BAL",0,"F","F",0,0,0,10,2,"T","F",1,3,"T","T","staur001","thomj001","T","T",4,9,17,0,0,0,0,0,0,"dempr001","","",0,0,0,0,0,0,0,0,0,0,0,0,0,"smitb101","F","F","F","F",0,0,0,0,0,0,0,0,0,0,F,F,"1978BAL.EVA.regular.event.csv",1476
"BAL197805250","DET",3,0,1,0,0,"",0,0,"staur001","?","staur001","?","mcgrs001","?","mcgrs001","?","dempr001","murre001","smitb101","dauer001","belam101","kellp101","harll101","singk001","wagnm001","dills101","","16(1)3/GDP","F","F",10,3,2,"T","T",0,"F","F",2,"T","F",0,"F","F",1,"G","F","F","",0,0,"N",0,"N",0,"N",0,0,2,0,"63","16","","","F","F","F","F","F","F","F","F","F","mcgrs001","mcgrs001","","F","F","F","F","F","","","","",0,6,3,0,1,6,0,0,0,20,"BAL","DET","BAL",0,"F","T",0,0,0,11,3,"T","F",3,2,"T","T","thomj001","kemps001","T","T",6,2,19,4,9,17,0,0,0,"dempr001","dempr001","",0,0,0,0,0,0,0,0,0,0,0,0,0,"mcgrs001","T","F","F","F",0,0,0,0,0,0,0,0,0,0,F,F,"1978BAL.EVA.regular.event.csv",1477
"BAL197805250","DET",3,1,0,0,0,"",0,0,"belam101","?","belam101","?","bakes101","?","bakes101","?","parrl001","thomj001","dills101","rodra101","wagnm001","kemps001","leflr101","wockj001","","","","3/FL","T","F",6,8,2,"T","T",0,"F","F",1,"F","F",0,"F","F",3,"F","F","T","",0,0,"N",0,"N",0,"N",0,0,0,0,"3","","","","F","F","F","F","F","F","F","F","F","","","","F","F","F","F","F","","","","",0,3,0,0,0,0,0,0,0,21,"BAL","BAL","DET",1,"T","F",0,0,0,7,0,"T","F",0,0,"T","T","dauer001","harll101","T","T",0,0,0,0,0,0,0,0,0,"","","",0,0,0,0,0,0,0,0,0,0,0,0,0,"thomj001","F","F","F","F",0,0,0,0,1,0,0,0,0,0,F,F,"1978BAL.EVA.regular.event.csv",1478
"BAL197805250","DET",3,1,1,0,0,"",0,0,"dauer001","?","dauer001","?","bakes101","?","bakes101","?","parrl001","thomj001","dills101","rodra101","wagnm001","kemps001","leflr101","wockj001","","","","9","F","F",5,9,2,"T","T",0,"F","F",1,"F","F",0,"F","F",9,"F","F","F","",0,0,"N",0,"N",0,"N",0,0,0,0,"9","","","","F","F","F","F","F","F","F","F","F","","","","F","F","F","F","F","","","","",0,9,0,0,0,0,0,0,0,22,"BAL","BAL","DET",1,"F","F",0,0,0,8,1,"T","F",0,0,"T","T","harll101","smitb101","T","T",0,0,0,0,0,0,0,0,0,"","","",0,0,0,0,0,0,0,0,0,0,0,0,0,"wockj001","F","F","F","F",0,0,0,0,1,0,0,0,0,0,F,F,"1978BAL.EVA.regular.event.csv",1479
"BAL197805250","DET",3,1,2,0,0,"",0,0,"harll101","?","harll101","?","bakes101","?","bakes101","?","parrl001","thomj001","dills101","rodra101","wagnm001","kemps001","leflr101","wockj001","","","","HR/9","F","F",8,1,23,"T","T",4,"F","F",0,"F","F",1,"F","F",0,"","F","F","9",0,0,"N",0,"N",0,"N",4,0,0,0,"","","","","F","F","F","F","F","F","F","F","F","","","","F","F","F","F","F","","","","",0,0,0,0,0,0,0,0,0,23,"BAL","BAL","DET",1,"F","F",0,0,0,9,2,"T","F",0,0,"T","T","smitb101","kellp101","T","T",0,0,0,0,0,0,0,0,0,"","","",0,0,0,0,0,0,0,0,0,0,0,0,1,"","F","F","F","F",4,0,0,0,0,0,0,0,0,0,F,F,"1978BAL.EVA.regular.event.csv",1480
"BAL197805250","DET",3,1,2,0,0,"",0,1,"smitb101","?","smitb101","?","bakes101","?","bakes101","?","parrl001","thomj001","dills101","rodra101","wagnm001","kemps001","leflr101","wockj001","","","","S7","F","F",4,2,20,"T","T",1,"F","F",0,"F","F",0,"F","F",7,"","F","F","",0,0,"N",0,"N",0,"N",1,0,0,0,"","","","","F","F","F","F","F","F","F","F","F","","","","F","F","F","F","F","","","","",0,0,0,0,0,0,0,0,0,24,"BAL","BAL","DET",1,"F","F",1,0,1,10,3,"T","F",0,1,"T","T","kellp101","singk001","T","T",0,0,0,0,0,0,0,0,0,"","","",0,0,0,0,0,0,0,0,0,0,0,0,0,"kemps001","F","F","F","F",0,0,0,0,0,0,0,0,0,0,F,F,"1978BAL.EVA.regular.event.csv",1481
"BAL197805250","DET",3,1,2,0,0,"",0,1,"kellp101","?","kellp101","?","bakes101","?","bakes101","?","parrl001","thomj001","dills101","rodra101","wagnm001","kemps001","leflr101","wockj001","smitb101","","","W.1-2","F","F",7,3,14,"T","F",0,"F","F",0,"F","F",0,"F","F",0,"","F","F","",0,0,"N",0,"N",0,"N",1,2,0,0,"","","","","F","F","F","F","F","F","F","F","F","bakes101","","","F","F","F","F","F","","","","",0,0,0,0,0,0,0,0,0,25,"BAL","BAL","DET",1,"F","F",1,0,1,11,4,"T","F",1,3,"T","T","singk001","murre001","T","T",4,2,24,0,0,0,0,0,0,"parrl001","","",0,0,0,0,0,0,0,0,0,0,0,0,0,"","F","F","F","F",0,0,0,0,0,0,0,0,0,0,F,F,"1978BAL.EVA.regular.event.csv",1482
"BAL197805250","DET",3,1,2,0,0,"",0,1,"singk001","?","singk001","?","bakes101","?","bakes101","?","parrl001","thomj001","dills101","rodra101","wagnm001","kemps001","leflr101","wockj001","kellp101","smitb101","","7","F","F",9,4,2,"T","T",0,"F","F",1,"F","F",0,"F","F",7,"F","F","F","",0,0,"N",0,"N",0,"N",0,1,2,0,"7","","","","F","F","F","F","F","F","F","F","F","bakes101","bakes101","","F","F","F","F","F","","","","",0,7,0,0,0,0,0,0,0,26,"BAL","BAL","DET",1,"F","T",1,0,1,12,5,"T","F",3,3,"T","T","murre001","may-l101","T","T",7,3,25,4,2,24,0,0,0,"parrl001","parrl001","",0,0,0,0,0,0,0,0,0,0,0,0,0,"kemps001","F","F","F","F",0,0,0,0,0,0,0,0,0,0,F,F,"1978BAL.EVA.regular.event.csv",1483
"BAL197805250","DET",4,0,0,0,0,"",0,1,"thomj001","?","thomj001","?","mcgrs001","?","mcgrs001","?","dempr001","murre001","smitb101","dauer001","belam101","kellp101","harll101","singk001","","","","1/G","T","F",3,4,2,"T","T",0,"F","F",1,"F","F",0,"F","F",1,"G","F","F","",0,0,"N",0,"N",0,"N",0,0,0,0,"1","","","","F","F","F","F","F","F","F","F","F","","","","F","F","F","F","F","","","","",0,1,0,0,0,0,0,0,0,27,"BAL","DET","BAL",0,"T","F",0,1,0,12,0,"T","F",0,0,"T","T","kemps001","wockj001","T","T",0,0,0,0,0,0,0,0,0,"","","",0,0,0,0,0,0,0,0,0,0,0,0,0,"mcgrs001","F","F","F","F",0,0,0,0,0,0,0,0,0,0,F,F,"1978BAL.EVA.regular.event.csv",1484
"BAL197805250","DET",4,0,1,0,0,"",0,1,"kemps001","?","kemps001","?","mcgrs001","?","mcgrs001","?","dempr001","murre001","smitb101","dauer001","belam101","kellp101","harll101","singk001","","","","W","F","F",7,5,14,"T","F",0,"F","F",0,"F","F",0,"F","F",0,"","F","F","",0,0,"N",0,"N",0,"N",1,0,0,0,"","","","","F","F","F","F","F","F","F","F","F","","","","F","F","F","F","F","","","","",0,0,0,0,0,0,0,0,0,28,"BAL","DET","BAL",0,"F","F",0,1,0,13,1,"T","F",0,1,"T","T","wockj001","parrl001","T","T",0,0,0,0,0,0,0,0,0,"","","",0,0,0,0,0,0,0,0,0,0,0,0,0,"","F","F","F","F",0,0,0,0,0,0,0,0,0,0,F,F,"1978BAL.EVA.regular.event.csv",1485
"BAL197805250","DET",4,0,1,0,0,"",0,1,"wockj001","?","wockj001","?","mcgrs001","?","mcgrs001","?","dempr001","murre001","smitb101","dauer001","belam101","kellp101","harll101","singk001","kemps001","","","7","F","F",9,6,2,"T","T",0,"F","F",1,"F","F",0,"F","F",7,"F","F","F","",0,0,"N",0,"N",0,"N",0,1,0,0,"7","","","","F","F","F","F","F","F","F","F","F","mcgrs001","","","F","F","F","F","F","","","","",0,7,0,0,0,0,0,0,0,29,"BAL","DET","BAL",0,"F","F",0,1,0,14,2,"T","F",1,1,"T","T","parrl001","rodra101","T","T",7,5,28,0,0,0,0,0,0,"dempr001","","",0,0,0,0,0,0,0,0,0,0,0,0,0,"kellp101","F","F","F","F",0,0,0,0,0,0,0,0,0,0,F,F,"1978BAL.EVA.regular.event.csv",1486
"BAL197805250","DET",4,0,2,0,0,"",0,1,"parrl001","?","parrl001","?","mcgrs001","?","mcgrs001","?","dempr001","murre001","smitb101","dauer001","belam101","kellp101","harll101","singk001","kemps001","","","K","F","F",2,7,3,"T","T",0,"F","F",1,"F","F",0,"F","F",0,"","F","F","",0,0,"N",0,"N",0,"N",0,1,0,0,"2","","","","F","F","F","F","F","F","F","F","F","mcgrs001","","","F","F","F","F","F","","","","",0,2,0,0,0,0,0,0,0,30,"BAL","DET","BAL",0,"F","T",0,1,0,15,3,"T","F",1,1,"T","T","rodra101","dills101","T","T",7,5,28,0,0,0,0,0,0,"dempr001","","",0,0,0,0,0,0,0,0,0,0,0,0,0,"","F","F","F","F",0,0,0,0,0,0,0,0,0,0,F,F,"1978BAL.EVA.regular.event.csv",1487
"BAL197805250","DET",4,1,0,0,0,"",0,1,"murre001","?","murre001","?","bakes101","?","bakes101","?","parrl001","thomj001","dills101","rodra101","wagnm001","kemps001","leflr101","wockj001","","","","K","T","F",3,5,3,"T","T",0,"F","F",1,"F","F",0,"F","F",0,"","F","F","",0,0,"N",0,"N",0,"N",0,0,0,0,"2","","","","F","F","F","F","F","F","F","F","F","","","","F","F","F","F","F","","","","",0,2,0,0,0,0,0,0,0,31,"BAL","BAL","DET",1,"T","F",1,0,0,13,0,"T","F",0,0,"T","T","may-l101","dempr001","T","T",0,0,0,0,0,0,0,0,0,"","","",0,0,0,0,0,0,0,0,0,0,0,0,0,"","F","F","F","F",0,0,0,0,0,0,0,0,0,0,F,F,"1978BAL.EVA.regular.event.csv",1488
"BAL197805250","DET",4,1,1,0,0,"",0,1,"may-l101","?","may-l101","?","bakes101","?","bakes101","?","parrl001","thomj001","dills101","rodra101","wagnm001","kemps001","leflr101","wockj001","","","","S7","F","F",10,6,20,"T","T",1,"F","F",0,"F","F",0,"F","F",7,"","F","F","",0,0,"N",0,"N",0,"N",1,0,0,0,"","","","","F","F","F","F","F","F","F","F","F","","","","F","F","F","F","F","","","","",0,0,0,0,0,0,0,0,0,32,"BAL","BAL","DET",1,"F","F",1,0,0,14,1,"T","F",0,1,"T","T","dempr001","belam101","T","T",0,0,0,0,0,0,0,0,0,"","","",0,0,0,0,0,0,0,0,0,0,0,0,0,"kemps001","F","F","F","F",0,0,0,0,0,0,0,0,0,0,F,F,"1978BAL.EVA.regular.event.csv",1489
"BAL197805250","DET",4,1,1,0,0,"",0,1,"dempr001","?","dempr001","?","bakes101","?","bakes101","?","parrl001","thomj001","dills101","rodra101","wagnm001","kemps001","leflr101","wockj001","may-l101","","","SB2#","F","F",2,7,4,"F","F",0,"F","F",0,"F","F",0,"F","F",0,"","F","F","",0,0,"N",0,"N",0,"N",0,2,0,0,"","","","","T","F","F","F","F","F","F","F","F","bakes101","","","F","F","F","F","F","","","","",0,0,0,0,0,0,0,0,0,33,"BAL","BAL","DET",1,"F","F",1,0,0,15,2,"T","F",1,2,"T","T","belam101","dauer001","T","T",10,6,32,0,0,0,0,0,0,"parrl001","","",0,0,0,0,0,0,0,0,0,0,0,0,0,"","F","F","F","F",0,0,0,0,0,0,0,0,0,0,F,T,"1978BAL.EVA.regular.event.csv",1490
"BAL197805250","DET",4,1,1,0,0,"",0,1,"dempr001","?","dempr001","?","bakes101","?","bakes101","?","parrl001","thomj001","dills101","rodra101","wagnm001","kemps001","leflr101","wockj001","","may-l101","","K","F","F",2,7,3,"T","T",0,"F","F",1,"F","F",0,"F","F",0,"","F","F","",0,0,"N",0,"N",0,"N",0,0,2,0,"2","","","","F","F","F","F","F","F","F","F","F","","bakes101","","F","F","F","F","F","","","","",0,2,0,0,0,0,0,0,0,34,"BAL","BAL","DET",1,"F","F",1,0,0,15,2,"F","F",2,2,"T","T","belam101","dauer001","T","T",0,0,0,10,6,32,0,0,0,"","parrl001","",0,0,0,0,0,0,0,0,0,0,0,0,0,"","F","F","F","F",0,0,0,0,0,0,0,0,0,0,F,F,"1978BAL.EVA.regular.event.csv",1491
"BAL197805250","DET",4,1,2,0,0,"",0,1,"belam101","?","belam101","?","bakes101","?","bakes101","?","parrl001","thomj001","dills101","rodra101","wagnm001","kemps001","leflr101","wockj001","","may-l101","","8","F","F",6,8,2,"T","T",0,"F","F",1,"F","F",0,"F","F",8,"F","F","F","",0,0,"N",0,"N",0,"N",0,0,2,0,"8","","","","F","F","F","F","F","F","F","F","F","","bakes101","","F","F","F","F","F","","","","",0,8,0,0,0,0,0,0,0,35,"BAL","BAL","DET",1,"F","T",1,0,0,16,3,"T","F",2,2,"T","T","dauer001","harll101","T","T",0,0,0,10,6,32,0,0,0,"","parrl001","",0,0,0,0,0,0,0,0,0,0,0,0,0,"leflr101","F","F","F","F",0,0,0,0,0,0,0,0,0,0,F,F,"1978BAL.EVA.regular.event.csv",1492
"BAL197805250","DET",5,0,0,0,0,"",0,1,"rodra101","?","rodra101","?","mcgrs001","?","mcgrs001","?","dempr001","murre001","smitb101","dauer001","belam101","kellp101","harll101","singk001","","","","63","T","F",5,8,2,"T","T",0,"F","F",1,"F","F",0,"F","F",6,"G","F","F","",0,0,"N",0,"N",0,"N",0,0,0,0,"63","","","","F","F","F","F","F","F","F","F","F","","","","F","F","F","F","F","","","","",0,3,0,0,6,0,0,0,0,36,"BAL","DET","BAL",0,"T","F",0,1,0,16,0,"T","F",0,0,"T","T","dills101","leflr101","T","T",0,0,0,0,0,0,0,0,0,"","","",0,0,0,0,0,0,0,0,0,0,0,0,0,"belam101","F","F","F","F",0,0,0,0,0,0,0,0,0,0,F,F,"1978BAL.EVA.regular.event.csv",1493
"BAL197805250","DET",5,0,1,0,0,"",0,1,"dills101","?","dills101","?","mcgrs001","?","mcgrs001","?","dempr001","murre001","smitb101","dauer001","belam101","kellp101","harll101","singk001","","","","S8","F","F",4,9,20,"T","T",1,"F","F",0,"F","F",0,"F","F",8,"","F","F","",0,0,"N",0,"N",0,"N",1,0,0,0,"","","","","F","F","F","F","F","F","F","F","F","","","","F","F","F","F","F","","","","",0,0,0,0,0,0,0,0,0,37,"BAL","DET","BAL",0,"F","F",0,1,0,17,1,"T","F",0,1,"T","T","leflr101","wagnm001","T","T",0,0,0,0,0,0,0,0,0,"","","",0,0,0,0,0,0,0,0,0,0,0,0,0,"harll101","F","F","F","F",0,0,0,0,0,0,0,0,0,0,F,F,"1978BAL.EVA.regular.event.csv",1494
"BAL197805250","DET",5,0,1,0,0,"",0,1,"leflr101","?","leflr101","?","mcgrs001","?","mcgrs001","?","dempr001","murre001","smitb101","dauer001","belam101","kellp101","harll101","singk001","dills101","","","64(1)/FO","F","F",8,1,2,"T","T",0,"F","F",1,"F","F",0,"F","F",6,"G","F","F","",0,0,"N",0,"N",0,"N",1,0,0,0,"","64","","","F","F","F","F","F","F","F","F","F","mcgrs001","","","F","F","F","F","F","","","","",0,4,0,0,6,0,0,0,0,38,"BAL","DET","BAL",0,"F","F",0,1,0,18,2,"T","F",1,1,"T","T","wagnm001","staur001","T","T",4,9,37,0,0,0,0,0,0,"dempr001","","",0,0,0,0,0,0,0,0,0,0,0,0,0,"belam101","T","F","F","F",0,0,0,0,0,0,0,0,0,0,F,F,"1978BAL.EVA.regular.event.csv",1495
"BAL197805250","DET",5,0,2,0,0,"",0,1,"wagnm001","?","wagnm001","?","mcgrs001","?","mcgrs001","?","dempr001","murre001","smitb101","dauer001","belam101","kellp101","harll101","singk001","leflr101","","","K","F","F",6,2,3,"T","T",0,"F","F",1,"F","F",0,"F","F",0,"","F","F","",0,0,"N",0,"N",0,"N",0,1,0,0,"2","","","","F","F","F","F","F","F","F","F","F","mcgrs001","","","F","F","F","F","F","","","","",0,2,0,0,0,0,0,0,0,39,"BAL","DET","BAL",0,"F","T",0,1,0,19,3,"T","F",1,1,"T","T","staur001","thomj001","T","T",8,1,38,0,0,0,0,0,0,"dempr001","","",0,0,0,0,0,0,0,0,0,0,0,0,0,"","F","F","F","F",0,0,0,0,0,0,0,0,0,0,F,F,"1978BAL.EVA.regular.event.csv",1496
"BAL197805250","DET",5,1,0,0,0,"",0,1,"dauer001","?","dauer001","?","bakes101","?","bakes101","?","parrl001","thomj001","dills101","rodra101","wagnm001","kemps001","leflr101","wockj001","","","","S8","T","F",5,9,20,"T","T",1,"F","F",0,"F","F",0,"F","F",8,"","F","F","",0,0,"N",0,"N",0,"N",1,0,0,0,"","","","","F","F","F","F","F","F","F","F","F","","","","F","F","F","F","F","","","","",0,0,0,0,0,0,0,0,0,40,"BAL","BAL","DET",1,"T","F",1,0,0,17,0,"T","F",0,1,"T","T","harll101","smitb101","T","T",0,0,0,0,0,0,0,0,0,"","","",0,0,0,0,0,0,0,0,0,0,0,0,0,"leflr101","F","F","F","F",0,0,0,0,0,0,0,0,0,0,F,F,"1978BAL.EVA.regular.event.csv",1497
"BAL197805250","DET",5,1,0,0,0,"",0,1,"harll101","?","harll101","?","bakes101","?","bakes101","?","parrl001","thomj001","dills101","rodra101","wagnm001","kemps001","leflr101","wockj001","dauer001","","","46(1)3/GDP","F","F",8,1,2,"T","T",0,"F","F",2,"T","F",0,"F","F",4,"G","F","F","",0,0,"N",0,"N",0,"N",0,0,0,0,"63","46","","","F","F","F","F","F","F","F","F","F","bakes101","","","F","F","F","F","F","","","","",0,6,3,0,4,6,0,0,0,41,"BAL","BAL","DET",1,"F","F",1,0,0,18,1,"T","F",1,0,"T","T","smitb101","kellp101","T","T",5,9,40,0,0,0,0,0,0,"parrl001","","",0,0,0,0,0,0,0,0,0,0,0,0,0,"dills101","T","F","F","F",0,0,0,0,0,0,0,0,0,0,F,F,"1978BAL.EVA.regular.event.csv",1498
"BAL197805250","DET",5,1,2,0,0,"",0,1,"smitb101","?","smitb101","?","bakes101","?","bakes101","?","parrl001","thomj001","dills101","rodra101","wagnm001","kemps001","leflr101","wockj001","","","","S9","F","F",4,2,20,"T","T",1,"F","F",0,"F","F",0,"F","F",9,"","F","F","",0,0,"N",0,"N",0,"N",1,0,0,0,"","","","","F","F","F","F","F","F","F","F","F","","","","F","F","F","F","F","","","","",0,0,0,0,0,0,0,0,0,42,"BAL","BAL","DET",1,"F","F",1,0,0,19,2,"T","F",0,1,"T","T","kellp101","singk001","T","T",0,0,0,0,0,0,0,0,0,"","","",0,0,0,0,0,0,0,0,0,0,0,0,0,"wockj001","F","F","F","F",0,0,0,0,0,0,0,0,0,0,F,F,"1978BAL.EVA.regular.event.csv",1499
"BAL197805250","DET",5,1,2,0,0,"",0,1,"kellp101","?","kellp101","?","bakes101","?","bakes101","?","parrl001","thomj001","dills101","rodra101","wagnm001","kemps001","leflr101","wockj001","smitb101","","","S8.1-3","F","F",7,3,20,"T","T",1,"F","F",0,"F","F",0,"F","F",8,"","F","F","",0,0,"N",0,"N",0,"N",1,3,0,0,"","","","","F","F","F","F","F","F","F","F","F","bakes101","","","F","F","F","F","F","","","","",0,0,0,0,0,0,0,0,0,43,"BAL","BAL","DET",1,"F","F",1,0,0,20,3,"T","F",1,5,"T","T","singk001","murre001","T","T",4,2,42,0,0,0,0,0,0,"parrl001","","",0,0,0,0,0,0,0,0,0,0,0,0,0,"leflr101","F","F","F","F",0,0,0,0,0,0,0,0,0,0,F,F,"1978BAL.EVA.regular.event.csv",1500
"BAL197805250","DET",5,1,2,0,0,"",0,1,"singk001","?","singk001","?","bakes101","?","bakes101","?","parrl001","thomj001","dills101","rodra101","wagnm001","kemps001","leflr101","wockj001","kellp101","","smitb101","SB2","F","F",9,4,4,"F","F",0,"F","F",0,"F","F",0,"F","F",0,"","F","F","",0,0,"N",0,"N",0,"N",0,2,0,3,"","","","","T","F","F","F","F","F","F","F","F","bakes101","","bakes101","F","F","F","F","F","","","","",0,0,0,0,0,0,0,0,0,44,"BAL","BAL","DET",1,"F","F",1,0,0,21,4,"T","F",5,6,"T","T","murre001","may-l101","T","T",7,3,43,0,0,0,4,2,42,"parrl001","","parrl001",0,0,0,0,0,0,0,0,0,0,0,0,0,"","F","F","F","F",0,0,0,0,0,0,0,0,0,0,F,F,"1978BAL.EVA.regular.event.csv",1501
"BAL197805250","DET",5,1,2,0,0,"",0,1,"singk001","?","singk001","?","bakes101","?","bakes101","?","parrl001","thomj001","dills101","rodra101","wagnm001","kemps001","leflr101","wockj001","","kellp101","smitb101","K/C","F","F",9,4,3,"T","T",0,"F","F",1,"F","F",0,"F","F",0,"","F","F","",0,0,"N",0,"N",0,"N",0,0,2,3,"2","","","","F","F","F","F","F","F","F","F","F","","bakes101","bakes101","F","F","F","F","F","","","","",0,2,0,0,0,0,0,0,0,45,"BAL","BAL","DET",1,"F","T",1,0,0,21,4,"F","F",6,6,"T","T","murre001","may-l101","T","T",0,0,0,7,3,43,4,2,42,"","parrl001","parrl001",0,0,0,0,0,0,0,0,0,0,0,0,0,"","F","F","F","F",0,0,0,0,0,0,0,0,0,0,F,F,"1978BAL.EVA.regular.event.csv",1502
"BAL197805250","DET",6,0,0,0,0,"",0,1,"staur001","?","staur001","?","mcgrs001","?","mcgrs001","?","dempr001","murre001","smitb101","dauer001","belam101","kellp101","harll101","singk001","","","","9","T","F",10,3,2,"T","T",0,"F","F",1,"F","F",0,"F","F",9,"F","F","F","",0,0,"N",0,"N",0,"N",0,0,0,0,"9","","","","F","F","F","F","F","F","F","F","F","","","","F","F","F","F","F","","","","",0,9,0,0,0,0,0,0,0,46,"BAL","DET","BAL",0,"T","F",0,1,0,20,0,"T","F",0,0,"T","T","thomj001","kemps001","T","T",0,0,0,0,0,0,0,0,0,"","","",0,0,0,0,0,0,0,0,0,0,0,0,0,"singk001","F","F","F","F",0,0,0,0,0,0,0,0,0,0,F,F,"1978BAL.EVA.regular.event.csv",1503
"BAL197805250","DET",6,0,1,0,0,"",0,1,"thomj001","?","thomj001","?","mcgrs001","?","mcgrs001","?","dempr001","murre001","smitb101","dauer001","belam101","kellp101","harll101","singk001","","","","43","F","F",3,4,2,"T","T",0,"F","F",1,"F","F",0,"F","F",4,"G","F","F","",0,0,"N",0,"N",0,"N",0,0,0,0,"43","","","","F","F","F","F","F","F","F","F","F","","","","F","F","F","F","F","","","","",0,3,0,0,4,0,0,0,0,47,"BAL","DET","BAL",0,"F","F",0,1,0,21,1,"T","F",0,0,"T","T","kemps001","wockj001","T","T",0,0,0,0,0,0,0,0,0,"","","",0,0,0,0,0,0,0,0,0,0,0,0,0,"smitb101","F","F","F","F",0,0,0,0,0,0,0,0,0,0,F,F,"1978BAL.EVA.regular.event.csv",1504
"BAL197805250","DET",6,0,2,0,0,"",0,1,"kemps001","?","kemps001","?","mcgrs001","?","mcgrs001","?","dempr001","murre001","smitb101","dauer001","belam101","kellp101","harll101","singk001","","","","K/C","F","F",7,5,3,"T","T",0,"F","F",1,"F","F",0,"F","F",0,"","F","F","",0,0,"N",0,"N",0,"N",0,0,0,0,"2","","","","F","F","F","F","F","F","F","F","F","","","","F","F","F","F","F","","","","",0,2,0,0,0,0,0,0,0,48,"BAL","DET","BAL",0,"F","T",0,1,0,22,2,"T","F",0,0,"T","T","wockj001","parrl001","T","T",0,0,0,0,0,0,0,0,0,"","","",0,0,0,0,0,0,0,0,0,0,0,0,0,"","F","F","F","F",0,0,0,0,0,0,0,0,0,0,F,F,"1978BAL.EVA.regular.event.csv",1505
"BAL197805250","DET",6,1,0,0,0,"",0,1,"murre001","?","murre001","?","bakes101","?","bakes101","?","parrl001","thomj001","dills101","rodra101","wagnm001","kemps001","leflr101","wockj001","","","","K/C","T","F",3,5,3,"T","T",0,"F","F",1,"F","F",0,"F","F",0,"","F","F","",0,0,"N",0,"N",0,"N",0,0,0,0,"2","","","","F","F","F","F","F","F","F","F","F","","","","F","F","F","F","F","","","","",0,2,0,0,0,0,0,0,0,49,"BAL","BAL","DET",1,"T","F",1,0,0,22,0,"T","F",0,0,"T","T","may-l101","dempr001","T","T",0,0,0,0,0,0,0,0,0,"","","",0,0,0,0,0,0,0,0,0,0,0,0,0,"","F","F","F","F",0,0,0,0,0,0,0,0,0,0,F,F,"1978BAL.EVA.regular.event.csv",1506
"BAL197805250","DET",6,1,1,0,0,"",0,1,"may-l101","?","may-l101","?","bakes101","?","bakes101","?","parrl001","thomj001","dills101","rodra101","wagnm001","kemps001","leflr101","wockj001","","","","W","F","F",10,6,14,"T","F",0,"F","F",0,"F","F",0,"F","F",0,"","F","F","",0,0,"N",0,"N",0,"N",1,0,0,0,"","","","","F","F","F","F","F","F","F","F","F","","","","F","F","F","F","F","","","","",0,0,0,0,0,0,0,0,0,50,"BAL","BAL","DET",1,"F","F",1,0,0,23,1,"T","F",0,1,"T","T","dempr001","belam101","T","T",0,0,0,0,0,0,0,0,0,"","","",0,0,0,0,0,0,0,0,0,0,0,0,0,"","F","F","F","F",0,0,0,0,0,0,0,0,0,0,F,F,"1978BAL.EVA.regular.event.csv",1507
"BAL197805250","DET",6,1,1,0,0,"",0,1,"dempr001","?","dempr001","?","bakes101","?","bakes101","?","parrl001","thomj001","dills101","rodra101","wagnm001","kemps001","leflr101","wockj001","may-l101","","","4","F","F",2,7,2,"T","T",0,"F","F",1,"F","F",0,"F","F",4,"F","F","F","",0,0,"N",0,"N",0,"N",0,1,0,0,"4","","","","F","F","F","F","F","F","F","F","F","bakes101","","","F","F","F","F","F","","","","",0,4,0,0,0,0,0,0,0,51,"BAL","BAL","DET",1,"F","F",1,0,0,24,2,"T","F",1,1,"T","T","belam101","dauer001","T","T",10,6,50,0,0,0,0,0,0,"parrl001","","",0,0,0,0,0,0,0,0,0,0,0,0,0,"dills101","F","F","F","F",0,0,0,0,0,0,0,0,0,0,F,F,"1978BAL.EVA.regular.event.csv",1508
"BAL197805250","DET",6,1,2,0,0,"",0,1,"belam101","?","belam101","?","bakes101","?","bakes101","?","parrl001","thomj001","dills101","rodra101","wagnm001","kemps001","leflr101","wockj001","may-l101","","","7","F","F",6,8,2,"T","T",0,"F","F",1,"F","F",0,"F","F",7,"F","F","F","",0,0,"N",0,"N",0,"N",0,1,0,0,"7","","","","F","F","F","F","F","F","F","F","F","bakes101","","","F","F","F","F","F","","","","",0,7,0,0,0,0,0,0,0,52,"BAL","BAL","DET",1,"F","T",1,0,0,25,3,"T","F",1,1,"T","T","dauer001","harll101","T","T",10,6,50,0,0,0,0,0,0,"parrl001","","",0,0,0,0,0,0,0,0,0,0,0,0,0,"kemps001","F","F","F","F",0,0,0,0,0,0,0,0,0,0,F,F,"1978BAL.EVA.regular.event.csv",1509
"BAL197805250","DET",7,0,0,0,0,"",0,1,"wockj001","?","wockj001","?","mcgrs001","?","mcgrs001","?","dempr001","murre001","smitb101","dauer001","belam101","kellp101","harll101","singk001","","","","8","T","F",9,6,2,"T","T",0,"F","F",1,"F","F",0,"F","F",8,"F","F","F","",0,0,"N",0,"N",0,"N",0,0,0,0,"8","","","","F","F","F","F","F","F","F","F","F","","","","F","F","F","F","F","","","","",0,8,0,0,0,0,0,0,0,53,"BAL","DET","BAL",0,"T","F",0,1,0,23,0,"T","F",0,0,"T","T","parrl001","rodra101","T","T",0,0,0,0,0,0,0,0,0,"","","",0,0,0,0,0,0,0,0,0,0,0,0,0,"harll101","F","F","F","F",0,0,0,0,1,0,0,0,0,0,F,F,"1978BAL.EVA.regular.event.csv",1510
"BAL197805250","DET",7,0,1,0,0,"",0,1,"parrl001","?","parrl001","?","mcgrs001","?","mcgrs001","?","dempr001","murre001","smitb101","dauer001","belam101","kellp101","harll101","singk001","","","","HR/7","F","F",2,7,23,"T","T",4,"F","F",0,"F","F",1,"F","F",0,"","F","F","7",0,0,"N",0,"N",0,"N",4,0,0,0,"","","","","F","F","F","F","F","F","F","F","F","","","","F","F","F","F","F","","","","",0,0,0,0,0,0,0,0,0,54,"BAL","DET","BAL",0,"F","F",0,1,0,24,1,"T","F",0,0,"T","T","rodra101","dills101","T","T",0,0,0,0,0,0,0,0,0,"","","",0,0,0,0,0,0,0,0,0,0,0,0,1,"","F","F","F","F",4,0,0,0,0,0,0,0,0,0,F,F,"1978BAL.EVA.regular.event.csv",1511
"BAL197805250","DET",7,0,1,0,0,"",1,1,"rodra101","?","rodra101","?","mcgrs001","?","mcgrs001","?","dempr001","murre001","smitb101","dauer001","belam101","kellp101","harll101","singk001","","","","9","F","F",5,8,2,"T","T",0,"F","F",1,"F","F",0,"F","F",9,"F","F","F","",0,0,"N",0,"N",0,"N",0,0,0,0,"9","","","","F","F","F","F","F","F","F","F","F","","","","F","F","F","F","F","","","","",0,9,0,0,0,0,0,0,0,55,"BAL","DET","BAL",0,"F","F",1,1,1,25,2,"T","F",0,0,"T","T","dills101","leflr101","T","T",0,0,0,0,0,0,0,0,0,"","","",0,0,0,0,0,0,0,0,0,0,0,0,0,"singk001","F","F","F","F",0,0,0,0,0,0,0,0,0,0,F,F,"1978BAL.EVA.regular.event.csv",1512
"BAL197805250","DET",7,0,2,0,0,"",1,1,"dills101","?","dills101","?","mcgrs001","?","mcgrs001","?","dempr001","murre001","smitb101","dauer001","belam101","kellp101","harll101","singk001","","","","31","F","F",4,9,2,"T","T",0,"F","F",1,"F","F",0,"F","F",3,"G","F","F","",0,0,"N",0,"N",0,"N",0,0,0,0,"31","","","","F","F","F","F","F","F","F","F","F","","","","F","F","F","F","F","","","","",0,1,0,0,3,0,0,0,0,56,"BAL","DET","BAL",0,"F","T",1,1,1,26,3,"T","F",0,0,"T","T","leflr101","wagnm001","T","T",0,0,0,0,0,0,0,0,0,"","","",0,0,0,0,0,0,0,0,0,0,0,0,0,"murre001","F","F","F","F",0,0,0,0,0,0,0,0,0,0,F,F,"1978BAL.EVA.regular.event.csv",1513
"BAL197805250","DET",7,1,0,0,0,"",1,1,"dauer001","?","dauer001","?","bakes101","?","bakes101","?","parrl001","thomj001","dills101","rodra101","wagnm001","kemps001","leflr101","wockj001","","","","7","T","F",5,9,2,"T","T",0,"F","F",1,"F","F",0,"F","F",7,"F","F","F","",0,0,"N",0,"N",0,"N",0,0,0,0,"7","","","","F","F","F","F","F","F","F","F","F","","","","F","F","F","F","F","","","","",0,7,0,0,0,0,0,0,0,57,"BAL","BAL","DET",1,"T","F",1,1,0,26,0,"T","F",0,0,"T","T","harll101","smitb101","T","T",0,0,0,0,0,0,0,0,0,"","","",0,0,0,0,0,0,0,0,0,0,0,0,0,"kemps001","F","F","F","F",0,0,0,0,0,0,0,0,0,0,F,F,"1978BAL.EVA.regular.event.csv",1514
"BAL197805250","DET",7,1,1,0,0,"",1,1,"harll101","?","harll101","?","bakes101","?","bakes101","?","parrl001","thomj001","dills101","rodra101","wagnm001","kemps001","leflr101","wockj001","","","","W","F","F",8,1,14,"T","F",0,"F","F",0,"F","F",0,"F","F",0,"","F","F","",0,0,"N",0,"N",0,"N",1,0,0,0,"","","","","F","F","F","F","F","F","F","F","F","","","","F","F","F","F","F","","","","",0,0,0,0,0,0,0,0,0,58,"BAL","BAL","DET",1,"F","F",1,1,0,27,1,"T","F",0,1,"T","T","smitb101","kellp101","T","T",0,0,0,0,0,0,0,0,0,"","","",0,0,0,0,0,0,0,0,0,0,0,0,0,"","F","F","F","F",1,0,0,0,0,0,0,0,0,0,F,F,"1978BAL.EVA.regular.event.csv",1515
"BAL197805250","DET",7,1,1,0,0,"",1,1,"smitb101","?","smitb101","?","hillj101","?","hillj101","?","parrl001","thomj001","dills101","rodra101","wagnm001","kemps001","leflr101","wockj001","harll101","","","K","F","F",4,2,3,"T","T",0,"F","F",1,"F","F",0,"F","F",0,"","F","F","",0,0,"N",0,"N",0,"N",0,1,0,0,"2","","","","F","F","F","F","F","F","F","F","F","bakes101","","","F","F","F","F","F","","","","",0,2,0,0,0,0,0,0,0,59,"BAL","BAL","DET",1,"F","F",1,1,0,28,2,"T","F",1,1,"T","T","kellp101","singk001","F","F",8,1,58,0,0,0,0,0,0,"parrl001","","",0,0,0,0,0,0,0,0,0,0,0,0,0,"","F","F","F","F",0,1,0,0,0,0,0,0,0,0,F,F,"1978BAL.EVA.regular.event.csv",1516
"BAL197805250","DET",7,1,2,0,0,"",1,1,"moraa101","?","moraa101","?","hillj101","?","hillj101","?","parrl001","thomj001","dills101","rodra101","wagnm001","kemps001","leflr101","wockj001","harll101","","","K","F","T",11,3,3,"T","T",0,"F","F",1,"F","F",0,"F","F",0,"","F","F","",0,0,"N",0,"N",0,"N",0,1,0,0,"2","","","","F","F","F","F","F","F","F","F","F","bakes101","","","F","F","F","F","F","","","","kellp101",7,2,0,0,0,0,0,0,0,60,"BAL","BAL","DET",1,"F","T",1,1,0,29,3,"T","F",1,1,"F","F","singk001","murre001","F","F",8,1,58,0,0,0,0,0,0,"parrl001","","",0,0,0,0,0,0,0,0,0,0,0,0,0,"","F","F","F","F",0,1,0,0,0,0,0,0,0,0,F,F,"1978BAL.EVA.regular.event.csv",1517
"BAL197805250","DET",8,0,0,0,0,"",1,1,"leflr101","?","leflr101","?","mcgrs001","?","mcgrs001","?","dempr001","murre001","smitb101","dauer001","belam101","moraa101","harll101","singk001","","","","K","T","F",8,1,3,"T","T",0,"F","F",1,"F","F",0,"F","F",0,"","F","F","",0,0,"N",0,"N",0,"N",0,0,0,0,"2","","","","F","F","F","F","F","F","F","F","F","","","","F","F","F","F","F","","","","",0,2,0,0,0,0,0,0,0,61,"BAL","DET","BAL",0,"T","F",1,1,0,27,0,"T","F",0,0,"T","T","wagnm001","staur001","T","T",0,0,0,0,0,0,0,0,0,"","","",0,0,0,0,0,0,0,0,0,0,0,0,0,"","F","F","F","F",0,0,0,0,0,0,0,0,0,0,F,F,"1978BAL.EVA.regular.event.csv",1518
"BAL197805250","DET",8,0,1,0,0,"",1,1,"wagnm001","?","wagnm001","?","mcgrs001","?","mcgrs001","?","dempr001","murre001","smitb101","dauer001","belam101","moraa101","harll101","singk001","","","","3","F","F",6,2,2,"T","T",0,"F","F",1,"F","F",0,"F","F",3,"F","F","F","",0,0,"N",0,"N",0,"N",0,0,0,0,"3","","","","F","F","F","F","F","F","F","F","F","","","","F","F","F","F","F","","","","",0,3,0,0,0,0,0,0,0,62,"BAL","DET","BAL",0,"F","F",1,1,0,28,1,"T","F",0,0,"T","T","staur001","thomj001","T","T",0,0,0,0,0,0,0,0,0,"","","",0,0,0,0,0,0,0,0,0,0,0,0,0,"murre001","F","F","F","F",0,0,0,0,0,0,0,0,0,0,F,F,"1978BAL.EVA.regular.event.csv",1519
"BAL197805250","DET",8,0,2,0,0,"",1,1,"staur001","?","staur001","?","mcgrs001","?","mcgrs001","?","dempr001","murre001","smitb101","dauer001","belam101","moraa101","harll101","singk001","","","","D7","F","F",10,3,21,"T","T",2,"F","F",0,"F","F",0,"F","F",7,"","F","F","",0,0,"N",0,"N",0,"N",2,0,0,0,"","","","","F","F","F","F","F","F","F","F","F","","","","F","F","F","F","F","","","","",0,0,0,0,0,0,0,0,0,63,"BAL","DET","BAL",0,"F","F",1,1,0,29,2,"T","F",0,2,"T","T","thomj001","kemps001","T","T",0,0,0,0,0,0,0,0,0,"","","",0,0,0,0,0,0,0,0,0,0,0,0,0,"moraa101","F","F","F","F",0,0,0,0,0,0,0,0,0,0,F,F,"1978BAL.EVA.regular.event.csv",1520
"BAL197805250","DET",8,0,2,0,0,"",1,1,"thomj001","?","thomj001","?","mcgrs001","?","mcgrs001","?","dempr001","murre001","smitb101","dauer001","belam101","moraa101","harll101","singk001","","staur001","","K","F","F",3,4,3,"T","T",0,"F","F",1,"F","F",0,"F","F",0,"","F","F","",0,0,"N",0,"N",0,"N",0,0,2,0,"2","","","","F","F","F","F","F","F","F","F","F","","mcgrs001","","F","F","F","F","F","","","","",0,2,0,0,0,0,0,0,0,64,"BAL","DET","BAL",0,"F","T",1,1,0,30,3,"T","F",2,2,"T","T","kemps001","wockj001","T","T",0,0,0,10,3,63,0,0,0,"","dempr001","",0,0,0,0,0,0,0,0,0,0,0,0,0,"","F","F","F","F",0,0,0,0,0,0,0,0,0,0,F,F,"1978BAL.EVA.regular.event.csv",1521
"BAL197805250","DET",8,1,0,0,0,"",1,1,"singk001","?","singk001","?","hillj101","?","hillj101","?","parrl001","thomj001","dills101","rodra101","wagnm001","kemps001","leflr101","wockj001","","","","W","T","F",9,4,14,"T","F",0,"F","F",0,"F","F",0,"F","F",0,"","F","F","",0,0,"N",0,"N",0,"N",1,0,0,0,"","","","","F","F","F","F","F","F","F","F","F","","","","F","F","F","F","F","","","","",0,0,0,0,0,0,0,0,0,65,"BAL","BAL","DET",1,"T","F",1,1,0,30,0,"T","F",0,1,"T","T","murre001","may-l101","F","F",0,0,0,0,0,0,0,0,0,"","","",0,0,0,0,0,0,0,0,0,0,0,0,0,"","F","F","F","F",0,0,0,0,1,0,0,0,0,0,F,F,"1978BAL.EVA.regular.event.csv",1522
"BAL197805250","DET",8,1,0,0,0,"",1,1,"murre001","?","murre001","?","hillj101","?","hillj101","?","parrl001","thomj001","dills101","rodra101","wagnm001","kemps001","leflr101","wockj001","lopec101","","","K+CS2(24)/DP","F","F",3,5,3,"T","T",0,"F","F",2,"T","F",0,"F","F",0,"","F","F","",0,0,"N",0,"N",0,"N",0,0,0,0,"2","24","","","F","F","F","T","F","F","F","F","F","hillj101","","","F","F","T","F","F","singk001","","","",0,2,4,0,2,0,0,0,0,66,"BAL","BAL","DET",1,"F","F",1,1,0,31,1,"T","F",1,0,"T","T","may-l101","dempr001","F","F",0,4,65,0,0,0,0,0,0,"parrl001","","",0,0,0,0,0,0,0,0,0,0,0,0,0,"","F","F","F","F",0,0,0,0,1,0,0,0,0,0,F,F,"1978BAL.EVA.regular.event.csv",1523
"BAL197805250","DET",8,1,2,0,0,"",1,1,"may-l101","?","may-l101","?","hillj101","?","hillj101","?","parrl001","thomj001","dills101","rodra101","wagnm001","kemps001","leflr101","wockj001","","","","HR/7","F","F",10,6,23,"T","T",4,"F","F",0,"F","F",1,"F","F",0,"","F","F","7",0,0,"N",0,"N",0,"N",4,0,0,0,"","","","","F","F","F","F","F","F","F","F","F","","","","F","F","F","F","F","","","","",0,0,0,0,0,0,0,0,0,67,"BAL","BAL","DET",1,"F","F",1,1,0,32,2,"T","F",0,0,"T","T","dempr001","belam101","F","F",0,0,0,0,0,0,0,0,0,"","","",0,0,0,0,0,0,0,0,0,0,0,0,1,"","F","F","F","F",4,0,0,0,0,0,0,0,0,0,F,F,"1978BAL.EVA.regular.event.csv",1524
"BAL197805250","DET",8,1,2,0,0,"",1,2,"dempr001","?","dempr001","?","hillj101","?","hillj101","?","parrl001","thomj001","dills101","rodra101","wagnm001","kemps001","leflr101","wockj001","","","","6","F","F",2,7,2,"T","T",0,"F","F",1,"F","F",0,"F","F",6,"F","F","F","",0,0,"N",0,"N",0,"N",0,0,0,0,"6","","","","F","F","F","F","F","F","F","F","F","","","","F","F","F","F","F","","","","",0,6,0,0,0,0,0,0,0,68,"BAL","BAL","DET",1,"F","T",2,1,1,33,3,"T","F",0,0,"T","T","belam101","dauer001","F","F",0,0,0,0,0,0,0,0,0,"","","",0,0,0,0,0,0,0,0,0,0,0,0,0,"wagnm001","F","F","F","F",0,0,0,0,0,0,0,0,0,0,F,F,"1978BAL.EVA.regular.event.csv",1525
"BAL197805250","DET",9,0,0,0,0,"",1,2,"kemps001","?","kemps001","?","mcgrs001","?","mcgrs001","?","dempr001","murre001","smitb101","dauer001","belam101","moraa101","harll101","lopec101","","","","43","T","F",7,5,2,"T","T",0,"F","F",1,"F","F",0,"F","F",4,"G","F","F","",0,0,"N",0,"N",0,"N",0,0,0,0,"43","","","","F","F","F","F","F","F","F","F","F","","","","F","F","F","F","F","","","","",0,3,0,0,4,0,0,0,0,69,"BAL","DET","BAL",0,"T","F",1,2,0,31,0,"T","F",0,0,"T","T","wockj001","parrl001","T","T",0,0,0,0,0,0,0,0,0,"","","",0,0,0,0,0,0,0,0,0,0,0,0,0,"smitb101","F","F","F","F",0,0,0,0,0,0,0,0,0,0,F,F,"1978BAL.EVA.regular.event.csv",1526
"BAL197805250","DET",9,0,1,0,0,"",1,2,"wockj001","?","wockj001","?","mcgrs001","?","mcgrs001","?","dempr001","murre001","smitb101","dauer001","belam101","moraa101","harll101","lopec101","","","","6/L","F","F",9,6,2,"T","T",0,"F","F",1,"F","F",0,"F","F",6,"L","F","F","",0,0,"N",0,"N",0,"N",0,0,0,0,"6","","","","F","F","F","F","F","F","F","F","F","","","","F","F","F","F","F","","","","",0,6,0,0,0,0,0,0,0,70,"BAL","DET","BAL",0,"F","F",1,2,0,32,1,"T","F",0,0,"T","T","parrl001","rodra101","T","T",0,0,0,0,0,0,0,0,0,"","","",0,0,0,0,0,0,0,0,0,0,0,0,0,"belam101","F","F","F","F",0,0,0,0,0,0,0,0,0,0,F,F,"1978BAL.EVA.regular.event.csv",1527
"BAL197805250","DET",9,0,2,0,0,"",1,2,"parrl001","?","parrl001","?","mcgrs001","?","mcgrs001","?","dempr001","murre001","smitb101","dauer001","belam101","moraa101","harll101","lopec101","","","","4","F","F",2,7,2,"T","T",0,"F","F",1,"F","F",0,"F","F",4,"F","F","F","",0,0,"N",0,"N",0,"N",0,0,0,0,"4","","","","F","F","F","F","F","F","F","F","F","","","","F","T","F","F","F","","","","",0,4,0,0,0,0,0,0,0,71,"BAL","DET","BAL",0,"F","T",1,2,0,33,2,"T","F",0,0,"T","T","rodra101","dills101","T","T",0,0,0,0,0,0,0,0,0,"","","",0,0,0,0,0,0,0,0,0,0,0,0,0,"smitb101","F","F","F","F",0,0,0,0,0,0,0,0,0,0,F,F,"1978BAL.EVA.regular.event.csv",1528
"BAL197805260","CLE",1,0,0,0,0,"",0,0,"mannr001","?","mannr001","?","briln101","?","briln101","?","dempr001","murre001","smitb101","dauer001","belam101","kellp101","harll101","singk001","","","","D/89","T","F",8,1,21,"T","T",2,"F","F",0,"F","F",0,"F","F",0,"","F","F","89",0,0,"N",0,"N",0,"N",2,0,0,0,"","","","","F","F","F","F","F","F","F","F","F","","","","T","F","F","F","F","","","","",0,0,0,0,0,0,0,0,0,1,"BAL","CLE","BAL",0,"T","F",0,0,0,0,0,"T","F",0,2,"T","T","kuipd001","bellb001","T","T",0,0,0,0,0,0,0,0,0,"","","",0,0,0,0,0,0,0,0,0,0,0,0,0,"","F","F","F","F",0,0,0,0,0,0,0,0,0,0,F,F,"1978BAL.EVA.regular.event.csv",1529
"BAL197805260","CLE",1,0,0,0,0,"",0,0,"kuipd001","?","kuipd001","?","briln101","?","briln101","?","dempr001","murre001","smitb101","dauer001","belam101","kellp101","harll101","singk001","","mannr001","","2","F","F",4,2,2,"T","T",0,"F","F",1,"F","F",0,"F","F",2,"F","F","F","",0,0,"N",0,"N",0,"N",0,0,2,0,"2","","","","F","F","F","F","F","F","F","F","F","","briln101","","F","F","F","F","F","","","","",0,2,0,0,0,0,0,0,0,2,"BAL","CLE","BAL",0,"F","F",0,0,0,1,1,"T","F",2,2,"T","T","bellb001","grubj001","T","T",0,0,0,8,1,1,0,0,0,"","dempr001","",0,0,0,0,0,0,0,0,0,0,0,0,0,"dempr001","F","F","F","F",0,0,0,0,0,0,0,0,0,0,F,F,"1978BAL.EVA.regular.event.csv",1530
"BAL197805260","CLE",1,0,1,0,0,"",0,0,"bellb001","?","bellb001","?","briln101","?","briln101","?","dempr001","murre001","smitb101","dauer001","belam101","kellp101","harll101","singk001","","mannr001","","9","F","F",5,3,2,"T","T",0,"F","F",1,"F","F",0,"F","F",9,"F","F","F","",0,0,"N",0,"N",0,"N",0,0,2,0,"9","","","","F","F","F","F","F","F","F","F","F","","briln101","","F","F","F","F","F","","","","",0,9,0,0,0,0,0,0,0,3,"BAL","CLE","BAL",0,"F","F",0,0,0,2,2,"T","F",2,2,"T","T","grubj001","norrj101","T","T",0,0,0,8,1,1,0,0,0,"","dempr001","",0,0,0,0,0,0,0,0,0,0,0,0,0,"singk001","F","F","F","F",0,0,0,0,0,0,0,0,0,0,F,F,"1978BAL.EVA.regular.event.csv",1531
"BAL197805260","CLE",1,0,2,0,0,"",0,0,"grubj001","?","grubj001","?","briln101","?","briln101","?","dempr001","murre001","smitb101","dauer001","belam101","kellp101","harll101","singk001","","mannr001","","8/L","F","F",9,4,2,"T","T",0,"F","F",1,"F","F",0,"F","F",8,"L","F","F","",0,0,"N",0,"N",0,"N",0,0,2,0,"8","","","","F","F","F","F","F","F","F","F","F","","briln101","","F","F","F","F","F","","","","",0,8,0,0,0,0,0,0,0,4,"BAL","CLE","BAL",0,"F","T",0,0,0,3,3,"T","F",2,2,"T","T","norrj101","cagew101","T","T",0,0,0,8,1,1,0,0,0,"","dempr001","",0,0,0,0,0,0,0,0,0,0,0,0,0,"harll101","F","F","F","F",0,0,0,0,0,0,0,0,0,0,F,F,"1978BAL.EVA.regular.event.csv",1532
"BAL197805260","CLE",1,1,0,0,0,"",0,0,"harll101","?","harll101","?","wiser101","?","wiser101","?","hassr001","cagew101","kuipd001","bellb001","veryt001","cox-t101","mannr001","grubj001","","","","K","T","F",8,1,3,"T","T",0,"F","F",1,"F","F",0,"F","F",0,"","F","F","",0,0,"N",0,"N",0,"N",0,0,0,0,"2","","","","F","F","F","F","F","F","F","F","F","","","","F","F","F","F","F","","","","",0,2,0,0,0,0,0,0,0,5,"BAL","BAL","CLE",1,"T","F",0,0,0,0,0,"T","F",0,0,"T","T","smitb101","kellp101","T","T",0,0,0,0,0,0,0,0,0,"","","",0,0,0,0,0,0,0,0,0,0,0,0,0,"","F","F","F","F",0,0,0,0,0,0,0,0,0,0,F,F,"1978BAL.EVA.regular.event.csv",1533
"BAL197805260","CLE",1,1,1,0,0,"",0,0,"smitb101","?","smitb101","?","wiser101","?","wiser101","?","hassr001","cagew101","kuipd001","bellb001","veryt001","cox-t101","mannr001","grubj001","","","","K","F","F",4,2,3,"T","T",0,"F","F",1,"F","F",0,"F","F",0,"","F","F","",0,0,"N",0,"N",0,"N",0,0,0,0,"2","","","","F","F","F","F","F","F","F","F","F","","","","F","F","F","F","F","","","","",0,2,0,0,0,0,0,0,0,6,"BAL","BAL","CLE",1,"F","F",0,0,0,1,1,"T","F",0,0,"T","T","kellp101","singk001","T","T",0,0,0,0,0,0,0,0,0,"","","",0,0,0,0,0,0,0,0,0,0,0,0,0,"","F","F","F","F",0,0,0,0,0,0,0,0,0,0,F,F,"1978BAL.EVA.regular.event.csv",1534
"BAL197805260","CLE",1,1,2,0,0,"",0,0,"kellp101","?","kellp101","?","wiser101","?","wiser101","?","hassr001","cagew101","kuipd001","bellb001","veryt001","cox-t101","mannr001","grubj001","","","","8","F","F",7,3,2,"T","T",0,"F","F",1,"F","F",0,"F","F",8,"F","F","F","",0,0,"N",0,"N",0,"N",0,0,0,0,"8","","","","F","F","F","F","F","F","F","F","F","","","","F","F","F","F","F","","","","",0,8,0,0,0,0,0,0,0,7,"BAL","BAL","CLE",1,"F","T",0,0,0,2,2,"T","F",0,0,"T","T","singk001","murre001","T","T",0,0,0,0,0,0,0,0,0,"","","",0,0,0,0,0,0,0,0,0,0,0,0,0,"mannr001","F","F","F","F",0,0,0,0,0,0,0,0,0,0,F,F,"1978BAL.EVA.regular.event.csv",1535
"BAL197805260","CLE",2,0,0,0,0,"",0,0,"norrj101","?","norrj101","?","briln101","?","briln101","?","dempr001","murre001","smitb101","dauer001","belam101","kellp101","harll101","singk001","","","","9","T","F",10,5,2,"T","T",0,"F","F",1,"F","F",0,"F","F",9,"F","F","F","",0,0,"N",0,"N",0,"N",0,0,0,0,"9","","","","F","F","F","F","F","F","F","F","F","","","","F","F","F","F","F","","","","",0,9,0,0,0,0,0,0,0,8,"BAL","CLE","BAL",0,"T","F",0,0,0,4,0,"T","F",0,0,"T","T","cagew101","cox-t101","T","T",0,0,0,0,0,0,0,0,0,"","","",0,0,0,0,0,0,0,0,0,0,0,0,0,"singk001","F","F","F","F",0,0,0,0,0,0,0,0,0,0,F,F,"1978BAL.EVA.regular.event.csv",1536
"BAL197805260","CLE",2,0,1,0,0,"",0,0,"cagew101","?","cagew101","?","briln101","?","briln101","?","dempr001","murre001","smitb101","dauer001","belam101","kellp101","harll101","singk001","","","","K","F","F",3,6,3,"T","T",0,"F","F",1,"F","F",0,"F","F",0,"","F","F","",0,0,"N",0,"N",0,"N",0,0,0,0,"2","","","","F","F","F","F","F","F","F","F","F","","","","F","F","F","F","F","","","","",0,2,0,0,0,0,0,0,0,9,"BAL","CLE","BAL",0,"F","F",0,0,0,5,1,"T","F",0,0,"T","T","cox-t101","hassr001","T","T",0,0,0,0,0,0,0,0,0,"","","",0,0,0,0,0,0,0,0,0,0,0,0,0,"","F","F","F","F",0,0,0,0,0,0,0,0,0,0,F,F,"1978BAL.EVA.regular.event.csv",1537
"BAL197805260","CLE",2,0,2,0,0,"",0,0,"cox-t101","?","cox-t101","?","briln101","?","briln101","?","dempr001","murre001","smitb101","dauer001","belam101","kellp101","harll101","singk001","","","","7","F","F",7,7,2,"T","T",0,"F","F",1,"F","F",0,"F","F",7,"F","F","F","",0,0,"N",0,"N",0,"N",0,0,0,0,"7","","","","F","F","F","F","F","F","F","F","F","","","","F","F","F","F","F","","","","",0,7,0,0,0,0,0,0,0,10,"BAL","CLE","BAL",0,"F","T",0,0,0,6,2,"T","F",0,0,"T","T","hassr001","veryt001","T","T",0,0,0,0,0,0,0,0,0,"","","",0,0,0,0,0,0,0,0,0,0,0,0,0,"kellp101","F","F","F","F",0,0,0,0,0,0,0,0,0,0,F,F,"1978BAL.EVA.regular.event.csv",1538
"BAL197805260","CLE",2,1,0,0,0,"",0,0,"singk001","?","singk001","?","wiser101","?","wiser101","?","hassr001","cagew101","kuipd001","bellb001","veryt001","cox-t101","mannr001","grubj001","","","","8","T","F",9,4,2,"T","T",0,"F","F",1,"F","F",0,"F","F",8,"F","F","F","",0,0,"N",0,"N",0,"N",0,0,0,0,"8","","","","F","F","F","F","F","F","F","F","F","","","","F","F","F","F","F","","","","",0,8,0,0,0,0,0,0,0,11,"BAL","BAL","CLE",1,"T","F",0,0,0,3,0,"T","F",0,0,"T","T","murre001","may-l101","T","T",0,0,0,0,0,0,0,0,0,"","","",0,0,0,0,0,0,0,0,0,0,0,0,0,"mannr001","F","F","F","F",0,0,0,0,0,0,0,0,0,0,F,F,"1978BAL.EVA.regular.event.csv",1539
"BAL197805260","CLE",2,1,1,0,0,"",0,0,"murre001","?","murre001","?","wiser101","?","wiser101","?","hassr001","cagew101","kuipd001","bellb001","veryt001","cox-t101","mannr001","grubj001","","","","3/G","F","F",3,5,2,"T","T",0,"F","F",1,"F","F",0,"F","F",3,"G","F","F","",0,0,"N",0,"N",0,"N",0,0,0,0,"3","","","","F","F","F","F","F","F","F","F","F","","","","F","F","F","F","F","","","","",0,3,0,0,0,0,0,0,0,12,"BAL","BAL","CLE",1,"F","F",0,0,0,4,1,"T","F",0,0,"T","T","may-l101","dempr001","T","T",0,0,0,0,0,0,0,0,0,"","","",0,0,0,0,0,0,0,0,0,0,0,0,0,"cagew101","F","F","F","F",0,0,0,0,0,0,0,0,0,0,F,F,"1978BAL.EVA.regular.event.csv",1540
"BAL197805260","CLE",2,1,2,0,0,"",0,0,"may-l101","?","may-l101","?","wiser101","?","wiser101","?","hassr001","cagew101","kuipd001","bellb001","veryt001","cox-t101","mannr001","grubj001","","","","53","F","F",10,6,2,"T","T",0,"F","F",1,"F","F",0,"F","F",5,"G","F","F","",0,0,"N",0,"N",0,"N",0,0,0,0,"53","","","","F","F","F","F","F","F","F","F","F","","","","F","F","F","F","F","","","","",0,3,0,0,5,0,0,0,0,13,"BAL","BAL","CLE",1,"F","T",0,0,0,5,2,"T","F",0,0,"T","T","dempr001","belam101","T","T",0,0,0,0,0,0,0,0,0,"","","",0,0,0,0,0,0,0,0,0,0,0,0,0,"bellb001","F","F","F","F",0,0,0,0,0,0,0,0,0,0,F,F,"1978BAL.EVA.regular.event.csv",1541
"BAL197805260","CLE",3,0,0,0,0,"",0,0,"hassr001","?","hassr001","?","briln101","?","briln101","?","dempr001","murre001","smitb101","dauer001","belam101","kellp101","harll101","singk001","","","","K/C","T","F",2,8,3,"T","T",0,"F","F",1,"F","F",0,"F","F",0,"","F","F","",0,0,"N",0,"N",0,"N",0,0,0,0,"2","","","","F","F","F","F","F","F","F","F","F","","","","F","F","F","F","F","","","","",0,2,0,0,0,0,0,0,0,14,"BAL","CLE","BAL",0,"T","F",0,0,0,7,0,"T","F",0,0,"T","T","veryt001","mannr001","T","T",0,0,0,0,0,0,0,0,0,"","","",0,0,0,0,0,0,0,0,0,0,0,0,0,"","F","F","F","F",0,0,0,0,0,0,0,0,0,0,F,F,"1978BAL.EVA.regular.event.csv",1542
"BAL197805260","CLE",3,0,1,0,0,"",0,0,"veryt001","?","veryt001","?","briln101","?","briln101","?","dempr001","murre001","smitb101","dauer001","belam101","kellp101","harll101","singk001","","","","63","F","F",6,9,2,"T","T",0,"F","F",1,"F","F",0,"F","F",6,"G","F","F","",0,0,"N",0,"N",0,"N",0,0,0,0,"63","","","","F","F","F","F","F","F","F","F","F","","","","F","F","F","F","F","","","","",0,3,0,0,6,0,0,0,0,15,"BAL","CLE","BAL",0,"F","F",0,0,0,8,1,"T","F",0,0,"T","T","mannr001","kuipd001","T","T",0,0,0,0,0,0,0,0,0,"","","",0,0,0,0,0,0,0,0,0,0,0,0,0,"belam101","F","F","F","F",0,0,0,0,0,0,0,0,0,0,F,F,"1978BAL.EVA.regular.event.csv",1543
"BAL197805260","CLE",3,0,2,0,0,"",0,0,"mannr001","?","mannr001","?","briln101","?","briln101","?","dempr001","murre001","smitb101","dauer001","belam101","kellp101","harll101","singk001","","","","W","F","F",8,1,14,"T","F",0,"F","F",0,"F","F",0,"F","F",0,"","F","F","",0,0,"N",0,"N",0,"N",1,0,0,0,"","","","","F","F","F","F","F","F","F","F","F","","","","F","F","F","F","F","","","","",0,0,0,0,0,0,0,0,0,16,"BAL","CLE","BAL",0,"F","F",0,0,0,9,2,"T","F",0,1,"T","T","kuipd001","bellb001","T","T",0,0,0,0,0,0,0,0,0,"","","",0,0,0,0,0,0,0,0,0,0,0,0,0,"","F","F","F","F",0,0,0,0,0,0,0,0,0,0,F,F,"1978BAL.EVA.regular.event.csv",1544
"BAL197805260","CLE",3,0,2,0,0,"",0,0,"kuipd001","?","kuipd001","?","briln101","?","briln101","?","dempr001","murre001","smitb101","dauer001","belam101","kellp101","harll101","singk001","mannr001","","","CS2(26)","F","F",4,2,6,"F","F",0,"F","F",1,"F","F",0,"F","F",0,"","F","F","",0,0,"N",0,"N",0,"N",0,0,0,0,"","26","","","F","F","F","T","F","F","F","F","F","briln101","","","F","F","F","F","F","","","","",0,6,0,0,2,0,0,0,0,17,"BAL","CLE","BAL",0,"F","T",0,0,0,10,3,"T","T",1,0,"T","T","bellb001","grubj001","T","T",8,1,16,0,0,0,0,0,0,"dempr001","","",0,0,0,0,0,0,0,0,0,0,0,0,0,"","F","F","F","F",0,0,0,0,0,0,0,0,0,0,F,F,"1978BAL.EVA.regular.event.csv",1545
"BAL197805260","CLE",3,1,0,0,0,"",0,0,"dempr001","?","dempr001","?","wiser101","?","wiser101","?","hassr001","cagew101","kuipd001","bellb001","veryt001","cox-t101","mannr001","grubj001","","","","13","T","F",2,7,2,"T","T",0,"F","F",1,"F","F",0,"F","F",1,"G","F","F","",0,0,"N",0,"N",0,"N",0,0,0,0,"13","","","","F","F","F","F","F","F","F","F","F","","","","F","F","F","F","F","","","","",0,3,0,0,1,0,0,0,0,18,"BAL","BAL","CLE",1,"T","F",0,0,0,6,0,"T","F",0,0,"T","T","belam101","dauer001","T","T",0,0,0,0,0,0,0,0,0,"","","",0,0,0,0,0,0,0,0,0,0,0,0,0,"wiser101","F","F","F","F",0,0,0,0,0,0,0,0,0,0,F,F,"1978BAL.EVA.regular.event.csv",1546
"BAL197805260","CLE",3,1,1,0,0,"",0,0,"belam101","?","belam101","?","wiser101","?","wiser101","?","hassr001","cagew101","kuipd001","bellb001","veryt001","cox-t101","mannr001","grubj001","","","","13","F","F",6,8,2,"T","T",0,"F","F",1,"F","F",0,"F","F",1,"G","F","F","",0,0,"N",0,"N",0,"N",0,0,0,0,"13","","","","F","F","F","F","F","F","F","F","F","","","","F","F","F","F","F","","","","",0,3,0,0,1,0,0,0,0,19,"BAL","BAL","CLE",1,"F","F",0,0,0,7,1,"T","F",0,0,"T","T","dauer001","harll101","T","T",0,0,0,0,0,0,0,0,0,"","","",0,0,0,0,0,0,0,0,0,0,0,0,0,"wiser101","F","F","F","F",0,0,0,0,0,0,0,0,0,0,F,F,"1978BAL.EVA.regular.event.csv",1547
"BAL197805260","CLE",3,1,2,0,0,"",0,0,"dauer001","?","dauer001","?","wiser101","?","wiser101","?","hassr001","cagew101","kuipd001","bellb001","veryt001","cox-t101","mannr001","grubj001","","","","9","F","F",5,9,2,"T","T",0,"F","F",1,"F","F",0,"F","F",9,"F","F","F","",0,0,"N",0,"N",0,"N",0,0,0,0,"9","","","","F","F","F","F","F","F","F","F","F","","","","F","F","F","F","F","","","","",0,9,0,0,0,0,0,0,0,20,"BAL","BAL","CLE",1,"F","T",0,0,0,8,2,"T","F",0,0,"T","T","harll101","smitb101","T","T",0,0,0,0,0,0,0,0,0,"","","",0,0,0,0,0,0,0,0,0,0,0,0,0,"grubj001","F","F","F","F",0,0,0,0,0,0,0,0,0,0,F,F,"1978BAL.EVA.regular.event.csv",1548
"BAL197805260","CLE",4,0,0,0,0,"",0,0,"kuipd001","?","kuipd001","?","briln101","?","briln101","?","dempr001","murre001","smitb101","dauer001","belam101","kellp101","harll101","singk001","","","","S9/G","T","F",4,2,20,"T","T",1,"F","F",0,"F","F",0,"F","F",9,"G","F","F","",0,0,"N",0,"N",0,"N",1,0,0,0,"","","","","F","F","F","F","F","F","F","F","F","","","","F","F","F","F","F","","","","",0,0,0,0,0,0,0,0,0,21,"BAL","CLE","BAL",0,"T","F",0,0,0,10,0,"T","F",0,1,"T","T","bellb001","grubj001","T","T",0,0,0,0,0,0,0,0,0,"","","",0,0,0,0,0,0,0,0,0,0,0,0,0,"singk001","F","F","F","F",4,0,0,0,2,0,0,0,0,0,F,F,"1978BAL.EVA.regular.event.csv",1549
"BAL197805260","CLE",4,0,0,0,0,"",0,0,"bellb001","?","bellb001","?","briln101","?","briln101","?","dempr001","murre001","smitb101","dauer001","belam101","kellp101","harll101","singk001","kuipd001","","","53.1-2","F","F",5,3,2,"T","T",0,"F","F",1,"F","F",0,"F","F",5,"G","F","F","",0,0,"N",0,"N",0,"N",0,2,0,0,"53","","","","F","F","F","F","F","F","F","F","F","briln101","","","F","F","F","F","F","","","","",0,3,0,0,5,0,0,0,0,22,"BAL","CLE","BAL",0,"F","F",0,0,0,11,1,"T","F",1,2,"T","T","grubj001","norrj101","T","T",4,2,21,0,0,0,0,0,0,"dempr001","","",0,0,0,0,0,0,0,0,0,0,0,0,0,"dauer001","F","F","F","F",0,4,0,0,2,0,0,0,0,0,F,F,"1978BAL.EVA.regular.event.csv",1550
"BAL197805260","CLE",4,0,1,0,0,"",0,0,"grubj001","?","grubj001","?","briln101","?","briln101","?","dempr001","murre001","smitb101","dauer001","belam101","kellp101","harll101","singk001","","kuipd001","","43","F","F",9,4,2,"T","T",0,"F","F",1,"F","F",0,"F","F",4,"G","F","F","",0,0,"N",0,"N",0,"N",0,0,2,0,"43","","","","F","F","F","F","F","F","F","F","F","","briln101","","F","F","F","F","F","","","","",0,3,0,0,4,0,0,0,0,23,"BAL","CLE","BAL",0,"F","F",0,0,0,12,2,"T","F",2,2,"T","T","norrj101","cagew101","T","T",0,0,0,4,2,21,0,0,0,"","dempr001","",0,0,0,0,0,0,0,0,0,0,0,0,0,"smitb101","F","F","F","F",0,0,4,0,2,0,0,0,0,0,F,F,"1978BAL.EVA.regular.event.csv",1551
"BAL197805260","CLE",4,0,2,0,0,"",0,0,"norrj101","?","norrj101","?","briln101","?","briln101","?","dempr001","murre001","smitb101","dauer001","belam101","kellp101","harll101","singk001","","kuipd001","","D7.2-H","F","F",10,5,21,"T","T",2,"F","F",0,"F","F",1,"F","F",7,"","F","F","",0,0,"N",0,"N",0,"N",2,0,4,0,"","","","","F","F","F","F","F","F","F","F","F","","briln101","","F","F","F","F","F","","","","",0,0,0,0,0,0,0,0,0,24,"BAL","CLE","BAL",0,"F","F",0,0,0,13,3,"T","F",2,2,"T","T","cagew101","cox-t101","T","T",0,0,0,4,2,21,0,0,0,"","dempr001","",0,0,0,0,0,0,0,0,0,0,0,0,1,"kellp101","F","F","F","F",4,0,4,0,1,0,0,0,0,0,F,F,"1978BAL.EVA.regular.event.csv",1552
"BAL197805260","CLE",4,0,2,0,0,"",1,0,"cagew101","?","cagew101","?","briln101","?","briln101","?","dempr001","murre001","smitb101","dauer001","belam101","kellp101","harll101","singk001","","norrj101","","S8.2-H","F","F",3,6,20,"T","T",1,"F","F",0,"F","F",1,"F","F",8,"","F","F","",0,0,"N",0,"N",0,"N",1,0,4,0,"","","","","F","F","F","F","F","F","F","F","F","","briln101","","F","F","F","F","F","","","","",0,0,0,0,0,0,0,0,0,25,"BAL","CLE","BAL",0,"F","F",1,0,1,14,4,"T","F",2,1,"T","T","cox-t101","hassr001","T","T",0,0,0,10,5,24,0,0,0,"","dempr001","",0,0,0,0,0,0,0,0,0,0,0,0,1,"harll101","F","F","F","F",0,0,4,0,0,0,0,0,0,0,F,F,"1978BAL.EVA.regular.event.csv",1553
"BAL197805260","CLE",4,0,2,0,0,"",2,0,"cox-t101","?","cox-t101","?","briln101","?","briln101","?","dempr001","murre001","smitb101","dauer001","belam101","kellp101","harll101","singk001","cagew101","","","S8.1-2","F","F",7,7,20,"T","T",1,"F","F",0,"F","F",0,"F","F",8,"","F","F","",0,0,"N",0,"N",0,"N",1,2,0,0,"","","","","F","F","F","F","F","F","F","F","F","briln101","","","F","F","F","F","F","","","","",0,0,0,0,0,0,0,0,0,26,"BAL","CLE","BAL",0,"F","F",2,0,2,15,5,"T","F",1,3,"T","T","hassr001","veryt001","T","T",3,6,25,0,0,0,0,0,0,"dempr001","","",0,0,0,0,0,0,0,0,0,0,0,0,0,"harll101","F","F","F","F",0,0,0,0,0,0,0,0,0,0,F,F,"1978BAL.EVA.regular.event.csv",1554
"BAL197805260","CLE",4,0,2,0,0,"",2,0,"hassr001","?","hassr001","?","briln101","?","briln101","?","dempr001","murre001","smitb101","dauer001","belam101","kellp101","harll101","singk001","cox-t101","cagew101","","43","F","F",2,8,2,"T","T",0,"F","F",1,"F","F",0,"F","F",4,"G","F","F","",0,0,"N",0,"N",0,"N",0,1,2,0,"43","","","","F","F","F","F","F","F","F","F","F","briln101","briln101","","F","F","F","F","F","","","","",0,3,0,0,4,0,0,0,0,27,"BAL","CLE","BAL",0,"F","T",2,0,2,16,6,"T","F",3,3,"T","T","veryt001","mannr001","T","T",7,7,26,3,6,25,0,0,0,"dempr001","dempr001","",0,0,0,0,0,0,0,0,0,0,0,0,0,"smitb101","F","F","F","F",0,0,0,0,0,0,0,0,0,0,F,F,"1978BAL.EVA.regular.event.csv",1555
"BAL197805260","CLE",4,1,0,0,0,"",2,0,"harll101","?","harll101","?","wiser101","?","wiser101","?","hassr001","cagew101","kuipd001","bellb001","veryt001","cox-t101","mannr001","grubj001","","","","31","T","F",8,1,2,"T","T",0,"F","F",1,"F","F",0,"F","F",3,"G","F","F","",0,0,"N",0,"N",0,"N",0,0,0,0,"31","","","","F","F","F","F","F","F","F","F","F","","","","F","F","F","F","F","","","","",0,1,0,0,3,0,0,0,0,28,"BAL","BAL","CLE",1,"T","F",0,2,0,9,0,"T","F",0,0,"T","T","smitb101","kellp101","T","T",0,0,0,0,0,0,0,0,0,"","","",0,0,0,0,0,0,0,0,0,0,0,0,0,"cagew101","F","F","F","F",0,0,0,0,0,0,0,0,0,0,F,F,"1978BAL.EVA.regular.event.csv",1556
"BAL197805260","CLE",4,1,1,0,0,"",2,0,"smitb101","?","smitb101","?","wiser101","?","wiser101","?","hassr001","cagew101","kuipd001","bellb001","veryt001","cox-t101","mannr001","grubj001","","","","D/89","F","F",4,2,21,"T","T",2,"F","F",0,"F","F",0,"F","F",0,"","F","F","89",0,0,"N",0,"N",0,"N",2,0,0,0,"","","","","F","F","F","F","F","F","F","F","F","","","","F","F","F","F","F","","","","",0,0,0,0,0,0,0,0,0,29,"BAL","BAL","CLE",1,"F","F",0,2,0,10,1,"T","F",0,2,"T","T","kellp101","singk001","T","T",0,0,0,0,0,0,0,0,0,"","","",0,0,0,0,0,0,0,0,0,0,0,0,0,"","F","F","F","F",0,0,0,0,0,0,0,0,0,0,F,F,"1978BAL.EVA.regular.event.csv",1557
"BAL197805260","CLE",4,1,1,0,0,"",2,0,"kellp101","?","kellp101","?","wiser101","?","wiser101","?","hassr001","cagew101","kuipd001","bellb001","veryt001","cox-t101","mannr001","grubj001","","smitb101","","W","F","F",7,3,14,"T","F",0,"F","F",0,"F","F",0,"F","F",0,"","F","F","",0,0,"N",0,"N",0,"N",1,0,2,0,"","","","","F","F","F","F","F","F","F","F","F","","wiser101","","F","F","F","F","F","","","","",0,0,0,0,0,0,0,0,0,30,"BAL","BAL","CLE",1,"F","F",0,2,0,11,2,"T","F",2,3,"T","T","singk001","murre001","T","T",0,0,0,4,2,29,0,0,0,"","hassr001","",0,0,0,0,0,0,0,0,0,0,0,0,0,"","F","F","F","F",0,0,0,0,0,0,0,0,0,0,F,F,"1978BAL.EVA.regular.event.csv",1558
"BAL197805260","CLE",4,1,1,0,0,"",2,0,"singk001","?","singk001","?","wiser101","?","wiser101","?","hassr001","cagew101","kuipd001","bellb001","veryt001","cox-t101","mannr001","grubj001","kellp101","smitb101","","46(1)3/GDP","F","F",9,4,2,"T","T",0,"F","F",2,"T","F",0,"F","F",4,"G","F","F","",0,0,"N",0,"N",0,"N",0,0,2,0,"63","46","","","F","F","F","F","F","F","F","F","F","wiser101","wiser101","","F","F","F","F","F","","","","",0,6,3,0,4,6,0,0,0,31,"BAL","BAL","CLE",1,"F","T",0,2,0,12,3,"T","F",3,2,"T","T","murre001","may-l101","T","T",7,3,30,4,2,29,0,0,0,"hassr001","hassr001","",0,0,0,0,0,0,0,0,0,0,0,0,0,"kuipd001","T","F","F","F",0,0,0,0,0,0,0,0,0,0,F,F,"1978BAL.EVA.regular.event.csv",1559
"BAL197805260","CLE",5,0,0,0,0,"",2,0,"veryt001","?","veryt001","?","briln101","?","briln101","?","dempr001","murre001","smitb101","dauer001","belam101","kellp101","harll101","singk001","","","","63","T","F",6,9,2,"T","T",0,"F","F",1,"F","F",0,"F","F",6,"G","F","F","",0,0,"N",0,"N",0,"N",0,0,0,0,"63","","","","F","F","F","F","F","F","F","F","F","","","","F","F","F","F","F","","","","",0,3,0,0,6,0,0,0,0,32,"BAL","CLE","BAL",0,"T","F",2,0,0,17,0,"T","F",0,0,"T","T","mannr001","kuipd001","T","T",0,0,0,0,0,0,0,0,0,"","","",0,0,0,0,0,0,0,0,0,0,0,0,0,"belam101","F","F","F","F",0,0,0,0,1,0,0,0,0,0,F,F,"1978BAL.EVA.regular.event.csv",1560
"BAL197805260","CLE",5,0,1,0,0,"",2,0,"mannr001","?","mannr001","?","briln101","?","briln101","?","dempr001","murre001","smitb101","dauer001","belam101","kellp101","harll101","singk001","","","","HR/9","F","F",8,1,23,"T","T",4,"F","F",0,"F","F",1,"F","F",0,"","F","F","9",0,0,"N",0,"N",0,"N",4,0,0,0,"","","","","F","F","F","F","F","F","F","F","F","","","","F","F","F","F","F","","","","",0,0,0,0,0,0,0,0,0,33,"BAL","CLE","BAL",0,"F","F",2,0,0,18,1,"T","F",0,0,"T","T","kuipd001","bellb001","T","T",0,0,0,0,0,0,0,0,0,"","","",0,0,0,0,0,0,0,0,0,0,0,0,1,"","F","F","F","F",4,0,0,0,0,0,0,0,0,0,F,F,"1978BAL.EVA.regular.event.csv",1561
"BAL197805260","CLE",5,0,1,0,0,"",3,0,"kuipd001","?","kuipd001","?","briln101","?","briln101","?","dempr001","murre001","smitb101","dauer001","belam101","kellp101","harll101","singk001","","","","31","F","F",4,2,2,"T","T",0,"F","F",1,"F","F",0,"F","F",3,"G","F","F","",0,0,"N",0,"N",0,"N",0,0,0,0,"31","","","","F","F","F","F","F","F","F","F","F","","","","F","F","F","F","F","","","","",0,1,0,0,3,0,0,0,0,34,"BAL","CLE","BAL",0,"F","F",3,0,1,19,2,"T","F",0,0,"T","T","bellb001","grubj001","T","T",0,0,0,0,0,0,0,0,0,"","","",0,0,0,0,0,0,0,0,0,0,0,0,0,"murre001","F","F","F","F",0,0,0,0,0,0,0,0,0,0,F,F,"1978BAL.EVA.regular.event.csv",1562
"BAL197805260","CLE",5,0,2,0,0,"",3,0,"bellb001","?","bellb001","?","briln101","?","briln101","?","dempr001","murre001","smitb101","dauer001","belam101","kellp101","harll101","singk001","","","","S7/G","F","F",5,3,20,"T","T",1,"F","F",0,"F","F",0,"F","F",7,"G","F","F","",0,0,"N",0,"N",0,"N",1,0,0,0,"","","","","F","F","F","F","F","F","F","F","F","","","","F","F","F","F","F","","","","",0,0,0,0,0,0,0,0,0,35,"BAL","CLE","BAL",0,"F","F",3,0,1,20,3,"T","F",0,1,"T","T","grubj001","norrj101","T","T",0,0,0,0,0,0,0,0,0,"","","",0,0,0,0,0,0,0,0,0,0,0,0,0,"kellp101","F","F","F","F",0,0,0,0,0,0,0,0,0,0,F,F,"1978BAL.EVA.regular.event.csv",1563
"BAL197805260","CLE",5,0,2,0,0,"",3,0,"grubj001","?","grubj001","?","martt001","?","martt001","?","dempr001","murre001","smitb101","dauer001","belam101","kellp101","harll101","singk001","bellb001","","","S8.1-3","F","F",9,4,20,"T","T",1,"F","F",0,"F","F",0,"F","F",8,"","F","F","",0,0,"N",0,"N",0,"N",1,3,0,0,"","","","","F","F","F","F","F","F","F","F","F","briln101","","","F","F","F","F","F","","","","",0,0,0,0,0,0,0,0,0,36,"BAL","CLE","BAL",0,"F","F",3,0,1,21,4,"T","F",1,5,"T","T","norrj101","cagew101","F","F",5,3,35,0,0,0,0,0,0,"dempr001","","",0,0,0,0,0,0,0,0,0,0,0,0,0,"harll101","F","F","F","F",0,0,0,0,0,0,0,0,0,0,F,F,"1978BAL.EVA.regular.event.csv",1564
"BAL197805260","CLE",5,0,2,0,0,"",3,0,"norrj101","?","norrj101","?","martt001","?","martt001","?","dempr001","murre001","smitb101","dauer001","belam101","kellp101","harll101","singk001","grubj001","","bellb001","64(1)/FO","F","F",10,5,2,"T","T",0,"F","F",1,"F","F",0,"F","F",6,"G","F","F","",0,0,"N",0,"N",0,"N",1,0,0,3,"","64","","","F","F","F","F","F","F","F","F","F","martt001","","briln101","F","F","F","F","F","","","","",0,4,0,0,6,0,0,0,0,37,"BAL","CLE","BAL",0,"F","T",3,0,1,22,5,"T","F",5,5,"T","T","cagew101","cox-t101","F","F",9,4,36,0,0,0,5,3,35,"dempr001","","dempr001",0,0,0,0,0,0,0,0,0,0,0,0,0,"belam101","T","F","F","F",0,0,0,0,0,0,0,0,0,0,F,F,"1978BAL.EVA.regular.event.csv",1565
"BAL197805260","CLE",5,1,0,0,0,"",3,0,"murre001","?","murre001","?","wiser101","?","wiser101","?","hassr001","cagew101","kuipd001","bellb001","veryt001","cox-t101","mannr001","grubj001","","","","8","T","F",3,5,2,"T","T",0,"F","F",1,"F","F",0,"F","F",8,"F","F","F","",0,0,"N",0,"N",0,"N",0,0,0,0,"8","","","","F","F","F","F","F","F","F","F","F","","","","F","F","F","F","F","","","","",0,8,0,0,0,0,0,0,0,38,"BAL","BAL","CLE",1,"T","F",0,3,0,13,0,"T","F",0,0,"T","T","may-l101","dempr001","T","T",0,0,0,0,0,0,0,0,0,"","","",0,0,0,0,0,0,0,0,0,0,0,0,0,"mannr001","F","F","F","F",0,0,0,0,2,0,0,0,0,0,F,F,"1978BAL.EVA.regular.event.csv",1566
"BAL197805260","CLE",5,1,1,0,0,"",3,0,"may-l101","?","may-l101","?","wiser101","?","wiser101","?","hassr001","cagew101","kuipd001","bellb001","veryt001","cox-t101","mannr001","grubj001","","","","S7","F","F",10,6,20,"T","T",1,"F","F",0,"F","F",0,"F","F",7,"","F","F","",0,0,"N",0,"N",0,"N",1,0,0,0,"","","","","F","F","F","F","F","F","F","F","F","","","","F","F","F","F","F","","","","",0,0,0,0,0,0,0,0,0,39,"BAL","BAL","CLE",1,"F","F",0,3,0,14,1,"T","F",0,1,"T","T","dempr001","belam101","T","T",0,0,0,0,0,0,0,0,0,"","","",0,0,0,0,0,0,0,0,0,0,0,0,0,"cox-t101","F","F","F","F",4,0,0,0,2,0,0,0,0,0,F,F,"1978BAL.EVA.regular.event.csv",1567
"BAL197805260","CLE",5,1,1,0,0,"",3,0,"dempr001","?","dempr001","?","wiser101","?","wiser101","?","hassr001","cagew101","kuipd001","bellb001","veryt001","cox-t101","mannr001","grubj001","may-l101","","","K/C","F","F",2,7,3,"T","T",0,"F","F",1,"F","F",0,"F","F",0,"","F","F","",0,0,"N",0,"N",0,"N",0,1,0,0,"2","","","","F","F","F","F","F","F","F","F","F","wiser101","","","F","F","F","F","F","","","","",0,2,0,0,0,0,0,0,0,40,"BAL","BAL","CLE",1,"F","F",0,3,0,15,2,"T","F",1,1,"T","T","belam101","dauer001","T","T",10,6,39,0,0,0,0,0,0,"hassr001","","",0,0,0,0,0,0,0,0,0,0,0,0,0,"","F","F","F","F",0,4,0,0,2,0,0,0,0,0,F,F,"1978BAL.EVA.regular.event.csv",1568
"BAL197805260","CLE",5,1,2,0,0,"",3,0,"belam101","?","belam101","?","wiser101","?","wiser101","?","hassr001","cagew101","kuipd001","bellb001","veryt001","cox-t101","mannr001","grubj001","may-l101","","","D7.1-H","F","F",6,8,21,"T","T",2,"F","F",0,"F","F",1,"F","F",7,"","F","F","",0,0,"N",0,"N",0,"N",2,4,0,0,"","","","","F","F","F","F","F","F","F","F","F","wiser101","","","F","F","F","F","F","","","","",0,0,0,0,0,0,0,0,0,41,"BAL","BAL","CLE",1,"F","F",0,3,0,16,3,"T","F",1,2,"T","T","dauer001","harll101","T","T",10,6,39,0,0,0,0,0,0,"hassr001","","",0,0,0,0,0,0,0,0,0,0,0,0,1,"cox-t101","F","F","F","F",4,4,0,0,1,0,0,0,0,0,F,F,"1978BAL.EVA.regular.event.csv",1569
"BAL197805260","CLE",5,1,2,0,0,"",3,1,"crowt101","?","crowt101","?","wiser101","?","wiser101","?","hassr001","cagew101","kuipd001","bellb001","veryt001","cox-t101","mannr001","grubj001","","belam101","","S7.2-H","F","T",11,9,20,"T","T",1,"F","F",0,"F","F",1,"F","F",7,"","F","F","",0,0,"N",0,"N",0,"N",1,0,4,0,"","","","","F","F","F","F","F","F","F","F","F","","wiser101","","F","F","F","F","F","","","","dauer001",5,0,0,0,0,0,0,0,0,42,"BAL","BAL","CLE",1,"F","F",1,3,1,17,4,"T","F",2,1,"F","F","harll101","smitb101","T","T",0,0,0,6,8,41,0,0,0,"","hassr001","",0,0,0,0,0,0,0,0,0,0,0,0,1,"cox-t101","F","F","F","F",2,0,4,0,0,0,0,0,0,0,F,F,"1978BAL.EVA.regular.event.csv",1570
"BAL197805260","CLE",5,1,2,0,0,"",3,2,"harll101","?","harll101","?","wiser101","?","wiser101","?","hassr001","cagew101","kuipd001","bellb001","veryt001","cox-t101","mannr001","grubj001","decid001","","","SB2","F","F",8,1,4,"F","F",0,"F","F",0,"F","F",0,"F","F",0,"","F","F","",0,0,"N",0,"N",0,"N",0,2,0,0,"","","","","T","F","F","F","F","F","F","F","F","wiser101","","","F","F","T","F","F","crowt101","","","",0,0,0,0,0,0,0,0,0,43,"BAL","BAL","CLE",1,"F","F",2,3,2,18,5,"T","F",1,2,"T","T","smitb101","kellp101","T","T",0,9,42,0,0,0,0,0,0,"hassr001","","",0,0,0,0,0,0,0,0,0,0,0,0,0,"","F","F","F","F",0,2,0,0,0,0,0,0,0,0,F,F,"1978BAL.EVA.regular.event.csv",1571
"BAL197805260","CLE",5,1,2,0,0,"",3,2,"harll101","?","harll101","?","wiser101","?","wiser101","?","hassr001","cagew101","kuipd001","bellb001","veryt001","cox-t101","mannr001","grubj001","","decid001","","K","F","F",8,1,3,"T","T",0,"F","F",1,"F","F",0,"F","F",0,"","F","F","",0,0,"N",0,"N",0,"N",0,0,2,0,"2","","","","F","F","F","F","F","F","F","F","F","","wiser101","","F","F","F","F","F","","","","",0,2,0,0,0,0,0,0,0,44,"BAL","BAL","CLE",1,"F","T",2,3,2,18,5,"F","F",2,2,"T","T","smitb101","kellp101","T","T",0,0,0,0,9,42,0,0,0,"","hassr001","",0,0,0,0,0,0,0,0,0,0,0,0,0,"","F","F","F","F",0,0,2,0,0,0,0,0,0,0,F,F,"1978BAL.EVA.regular.event.csv",1572
"BAL197805260","CLE",6,0,0,0,0,"",3,2,"cagew101","?","cagew101","?","martt001","?","martt001","?","dempr001","murre001","smitb101","decid001","belam101","kellp101","harll101","singk001","","","","K","T","F",3,6,3,"T","T",0,"F","F",1,"F","F",0,"F","F",0,"","F","F","",0,0,"N",0,"N",0,"N",0,0,0,0,"2","","","","F","F","F","F","F","F","F","F","F","","","","F","F","F","F","F","","","","",0,2,0,0,0,0,0,0,0,45,"BAL","CLE","BAL",0,"T","F",3,2,0,23,0,"T","F",0,0,"T","T","cox-t101","hassr001","F","F",0,0,0,0,0,0,0,0,0,"","","",0,0,0,0,0,0,0,0,0,0,0,0,0,"","F","F","F","F",0,0,0,0,0,0,0,0,0,0,F,F,"1978BAL.EVA.regular.event.csv",1573
"BAL197805260","CLE",6,0,1,0,0,"",3,2,"cox-t101","?","cox-t101","?","martt001","?","martt001","?","dempr001","murre001","smitb101","decid001","belam101","kellp101","harll101","singk001","","","","K","F","F",7,7,3,"T","T",0,"F","F",1,"F","F",0,"F","F",0,"","F","F","",0,0,"N",0,"N",0,"N",0,0,0,0,"2","","","","F","F","F","F","F","F","F","F","F","","","","F","F","F","F","F","","","","",0,2,0,0,0,0,0,0,0,46,"BAL","CLE","BAL",0,"F","F",3,2,0,24,1,"T","F",0,0,"T","T","hassr001","veryt001","F","F",0,0,0,0,0,0,0,0,0,"","","",0,0,0,0,0,0,0,0,0,0,0,0,0,"","F","F","F","F",0,0,0,0,0,0,0,0,0,0,F,F,"1978BAL.EVA.regular.event.csv",1574
"BAL197805260","CLE",6,0,2,0,0,"",3,2,"hassr001","?","hassr001","?","martt001","?","martt001","?","dempr001","murre001","smitb101","decid001","belam101","kellp101","harll101","singk001","","","","31","F","F",2,8,2,"T","T",0,"F","F",1,"F","F",0,"F","F",3,"G","F","F","",0,0,"N",0,"N",0,"N",0,0,0,0,"31","","","","F","F","F","F","F","F","F","F","F","","","","F","F","F","F","F","","","","",0,1,0,0,3,0,0,0,0,47,"BAL","CLE","BAL",0,"F","T",3,2,0,25,2,"T","F",0,0,"T","T","veryt001","mannr001","F","F",0,0,0,0,0,0,0,0,0,"","","",0,0,0,0,0,0,0,0,0,0,0,0,0,"murre001","F","F","F","F",0,0,0,0,0,0,0,0,0,0,F,F,"1978BAL.EVA.regular.event.csv",1575
"BAL197805260","CLE",6,1,0,0,0,"",3,2,"smitb101","?","smitb101","?","wiser101","?","wiser101","?","hassr001","cagew101","kuipd001","bellb001","veryt001","cox-t101","mannr001","grubj001","","","","W","T","F",4,2,14,"T","F",0,"F","F",0,"F","F",0,"F","F",0,"","F","F","",0,0,"N",0,"N",0,"N",1,0,0,0,"","","","","F","F","F","F","F","F","F","F","F","","","","F","F","F","F","F","","","","",0,0,0,0,0,0,0,0,0,48,"BAL","BAL","CLE",1,"T","F",2,3,0,19,0,"T","F",0,1,"T","T","kellp101","singk001","T","T",0,0,0,0,0,0,0,0,0,"","","",0,0,0,0,0,0,0,0,0,0,0,0,0,"","F","F","F","F",0,0,0,0,0,0,0,0,0,0,F,F,"1978BAL.EVA.regular.event.csv",1576
"BAL197805260","CLE",6,1,0,0,0,"",3,2,"kellp101","?","kellp101","?","wiser101","?","wiser101","?","hassr001","cagew101","kuipd001","bellb001","veryt001","cox-t101","mannr001","grubj001","smitb101","","","E4.1-3;B-1","F","F",7,3,18,"T","T",0,"F","F",0,"F","F",0,"F","F",4,"G","F","F","",1,4,"F",0,"N",0,"N",1,3,0,0,"","","","","F","F","F","F","F","F","F","F","F","wiser101","","","F","F","F","F","F","","","","",0,0,0,0,0,0,0,0,0,49,"BAL","BAL","CLE",1,"F","F",2,3,0,20,1,"T","F",1,5,"T","T","singk001","murre001","T","T",4,2,48,0,0,0,0,0,0,"hassr001","","",0,0,0,0,0,0,0,0,0,0,0,0,0,"kuipd001","F","F","F","T",0,0,0,0,0,0,0,0,0,0,F,F,"1978BAL.EVA.regular.event.csv",1577
"BAL197805260","CLE",6,1,0,0,0,"",3,2,"singk001","?","singk001","?","wiser101","?","wiser101","?","hassr001","cagew101","kuipd001","bellb001","veryt001","cox-t101","mannr001","grubj001","kellp101","","smitb101","W.1-2","F","F",9,4,14,"T","F",0,"F","F",0,"F","F",0,"F","F",0,"","F","F","",0,0,"N",0,"N",0,"N",1,2,0,3,"","","","","F","F","F","F","F","F","F","F","F","wiser101","","wiser101","F","F","F","F","F","","","","",0,0,0,0,0,0,0,0,0,50,"BAL","BAL","CLE",1,"F","F",2,3,0,21,2,"T","F",5,7,"T","T","murre001","may-l101","T","T",7,3,49,0,0,0,4,2,48,"hassr001","","hassr001",0,0,0,0,0,0,0,0,0,0,0,0,0,"","F","F","F","F",0,0,0,0,0,0,0,0,0,0,F,F,"1978BAL.EVA.regular.event.csv",1578
"BAL197805260","CLE",6,1,0,0,0,"",3,2,"murre001","?","murre001","?","wiser101","?","wiser101","?","hassr001","cagew101","kuipd001","bellb001","veryt001","cox-t101","mannr001","grubj001","singk001","kellp101","smitb101","52(3)3/GDP.2-3;1-2","F","F",3,5,2,"T","T",0,"F","F",2,"T","F",0,"F","F",5,"G","F","F","",0,0,"N",0,"N",0,"N",0,2,3,0,"23","","","52","F","F","F","F","F","F","F","F","F","wiser101","wiser101","wiser101","F","F","F","F","F","","","","",0,2,3,0,5,2,0,0,0,51,"BAL","BAL","CLE",1,"F","F",2,3,0,22,3,"T","F",7,6,"T","T","may-l101","dempr001","T","T",9,4,50,7,3,49,4,2,48,"hassr001","hassr001","hassr001",0,0,0,0,0,0,0,0,0,0,0,0,0,"bellb001","F","F","T","F",0,0,0,0,0,0,0,0,0,0,F,F,"1978BAL.EVA.regular.event.csv",1579
"BAL197805260","CLE",6,1,2,0,0,"",3,2,"may-l101","?","may-l101","?","wiser101","?","wiser101","?","hassr001","cagew101","kuipd001","bellb001","veryt001","cox-t101","mannr001","grubj001","","singk001","kellp101","IW","F","F",10,6,15,"T","F",0,"F","F",0,"F","F",0,"F","F",0,"","F","F","",0,0,"N",0,"N",0,"N",1,0,2,3,"","","","","F","F","F","F","F","F","F","F","F","","wiser101","wiser101","F","F","F","F","F","","","","",0,0,0,0,0,0,0,0,0,52,"BAL","BAL","CLE",1,"F","F",2,3,0,23,4,"T","F",6,7,"T","T","dempr001","belam101","T","T",0,0,0,9,4,50,7,3,49,"","hassr001","hassr001",0,0,0,0,0,0,0,0,0,0,0,0,0,"","F","F","F","F",0,0,0,0,0,0,0,0,0,0,F,F,"1978BAL.EVA.regular.event.csv",1580
"BAL197805260","CLE",6,1,2,0,0,"",3,2,"dempr001","?","dempr001","?","wiser101","?","wiser101","?","hassr001","cagew101","kuipd001","bellb001","veryt001","cox-t101","mannr001","grubj001","may-l101","singk001","kellp101","13","F","F",2,7,2,"T","T",0,"F","F",1,"F","F",0,"F","F",1,"G","F","F","",0,0,"N",0,"N",0,"N",0,1,2,3,"13","","","","F","F","F","F","F","F","F","F","F","wiser101","wiser101","wiser101","F","F","F","F","F","","","","",0,3,0,0,1,0,0,0,0,53,"BAL","BAL","CLE",1,"F","T",2,3,0,24,5,"T","F",7,7,"T","T","belam101","decid001","T","T",10,6,52,9,4,50,7,3,49,"hassr001","hassr001","hassr001",0,0,0,0,0,0,0,0,0,0,0,0,0,"wiser101","F","F","F","F",0,0,0,0,0,0,0,0,0,0,F,F,"1978BAL.EVA.regular.event.csv",1581
"BAL197805260","CLE",7,0,0,0,0,"",3,2,"veryt001","?","veryt001","?","martt001","?","martt001","?","dempr001","murre001","smitb101","decid001","belam101","kellp101","harll101","singk001","","","","53","T","F",6,9,2,"T","T",0,"F","F",1,"F","F",0,"F","F",5,"G","F","F","",0,0,"N",0,"N",0,"N",0,0,0,0,"53","","","","F","F","F","F","F","F","F","F","F","","","","F","F","F","F","F","","","","",0,3,0,0,5,0,0,0,0,54,"BAL","CLE","BAL",0,"T","F",3,2,0,26,0,"T","F",0,0,"T","T","mannr001","kuipd001","F","F",0,0,0,0,0,0,0,0,0,"","","",0,0,0,0,0,0,0,0,0,0,0,0,0,"decid001","F","F","F","F",0,0,0,0,0,0,0,0,0,0,F,F,"1978BAL.EVA.regular.event.csv",1582
"BAL197805260","CLE",7,0,1,0,0,"",3,2,"mannr001","?","mannr001","?","martt001","?","martt001","?","dempr001","murre001","smitb101","decid001","belam101","kellp101","harll101","singk001","","","","7","F","F",8,1,2,"T","T",0,"F","F",1,"F","F",0,"F","F",7,"F","F","F","",0,0,"N",0,"N",0,"N",0,0,0,0,"7","","","","F","F","F","F","F","F","F","F","F","","","","F","F","F","F","F","","","","",0,7,0,0,0,0,0,0,0,55,"BAL","CLE","BAL",0,"F","F",3,2,0,27,1,"T","F",0,0,"T","T","kuipd001","bellb001","F","F",0,0,0,0,0,0,0,0,0,"","","",0,0,0,0,0,0,0,0,0,0,0,0,0,"kellp101","F","F","F","F",0,0,0,0,0,0,0,0,0,0,F,F,"1978BAL.EVA.regular.event.csv",1583
"BAL197805260","CLE",7,0,2,0,0,"",3,2,"kuipd001","?","kuipd001","?","martt001","?","martt001","?","dempr001","murre001","smitb101","decid001","belam101","kellp101","harll101","singk001","","","","K","F","F",4,2,3,"T","T",0,"F","F",1,"F","F",0,"F","F",0,"","F","F","",0,0,"N",0,"N",0,"N",0,0,0,0,"2","","","","F","F","F","F","F","F","F","F","F","","","","F","F","F","F","F","","","","",0,2,0,0,0,0,0,0,0,56,"BAL","CLE","BAL",0,"F","T",3,2,0,28,2,"T","F",0,0,"T","T","bellb001","grubj001","F","F",0,0,0,0,0,0,0,0,0,"","","",0,0,0,0,0,0,0,0,0,0,0,0,0,"","F","F","F","F",0,0,0,0,0,0,0,0,0,0,F,F,"1978BAL.EVA.regular.event.csv",1584
"BAL197805260","CLE",7,1,0,0,0,"",3,2,"belam101","?","belam101","?","wiser101","?","wiser101","?","hassr001","cagew101","kuipd001","bellb001","veryt001","cox-t101","mannr001","grubj001","","","","53","T","F",6,8,2,"T","T",0,"F","F",1,"F","F",0,"F","F",5,"G","F","F","",0,0,"N",0,"N",0,"N",0,0,0,0,"53","","","","F","F","F","F","F","F","F","F","F","","","","F","F","F","F","F","","","","",0,3,0,0,5,0,0,0,0,57,"BAL","BAL","CLE",1,"T","F",2,3,0,25,0,"T","F",0,0,"T","T","decid001","harll101","T","T",0,0,0,0,0,0,0,0,0,"","","",0,0,0,0,0,0,0,0,0,0,0,0,0,"bellb001","F","F","F","F",0,0,0,0,0,0,0,0,0,0,F,F,"1978BAL.EVA.regular.event.csv",1585
"BAL197805260","CLE",7,1,1,0,0,"",3,2,"decid001","?","decid001","?","wiser101","?","wiser101","?","hassr001","cagew101","kuipd001","bellb001","veryt001","cox-t101","mannr001","grubj001","","","","53","F","F",5,9,2,"T","T",0,"F","F",1,"F","F",0,"F","F",5,"G","F","F","",0,0,"N",0,"N",0,"N",0,0,0,0,"53","","","","F","F","F","F","F","F","F","F","F","","","","F","F","F","F","F","","","","",0,3,0,0,5,0,0,0,0,58,"BAL","BAL","CLE",1,"F","F",2,3,0,26,1,"T","F",0,0,"F","F","harll101","smitb101","T","T",0,0,0,0,0,0,0,0,0,"","","",0,0,0,0,0,0,0,0,0,0,0,0,0,"bellb001","F","F","F","F",0,0,0,0,0,0,0,0,0,0,F,F,"1978BAL.EVA.regular.event.csv",1586
"BAL197805260","CLE",7,1,2,0,0,"",3,2,"harll101","?","harll101","?","wiser101","?","wiser101","?","hassr001","cagew101","kuipd001","bellb001","veryt001","cox-t101","mannr001","grubj001","","","","31","F","F",8,1,2,"T","T",0,"F","F",1,"F","F",0,"F","F",3,"G","F","F","",0,0,"N",0,"N",0,"N",0,0,0,0,"31","","","","F","F","F","F","F","F","F","F","F","","","","F","F","F","F","F","","","","",0,1,0,0,3,0,0,0,0,59,"BAL","BAL","CLE",1,"F","T",2,3,0,27,2,"T","F",0,0,"T","T","smitb101","kellp101","T","T",0,0,0,0,0,0,0,0,0,"","","",0,0,0,0,0,0,0,0,0,0,0,0,0,"cagew101","F","F","F","F",0,0,0,0,0,0,0,0,0,0,F,F,"1978BAL.EVA.regular.event.csv",1587
"BAL197805260","CLE",8,0,0,0,0,"",3,2,"bellb001","?","bellb001","?","martt001","?","martt001","?","dempr001","murre001","smitb101","decid001","belam101","kellp101","harll101","singk001","","","","53","T","F",5,3,2,"T","T",0,"F","F",1,"F","F",0,"F","F",5,"G","F","F","",0,0,"N",0,"N",0,"N",0,0,0,0,"53","","","","F","F","F","F","F","F","F","F","F","","","","F","F","F","F","F","","","","",0,3,0,0,5,0,0,0,0,60,"BAL","CLE","BAL",0,"T","F",3,2,0,29,0,"T","F",0,0,"T","T","grubj001","norrj101","F","F",0,0,0,0,0,0,0,0,0,"","","",0,0,0,0,0,0,0,0,0,0,0,0,0,"decid001","F","F","F","F",0,0,0,0,0,0,0,0,0,0,F,F,"1978BAL.EVA.regular.event.csv",1588
"BAL197805260","CLE",8,0,1,0,0,"",3,2,"grubj001","?","grubj001","?","martt001","?","martt001","?","dempr001","murre001","smitb101","decid001","belam101","kellp101","harll101","singk001","","","","K/C","F","F",9,4,3,"T","T",0,"F","F",1,"F","F",0,"F","F",0,"","F","F","",0,0,"N",0,"N",0,"N",0,0,0,0,"2","","","","F","F","F","F","F","F","F","F","F","","","","F","F","F","F","F","","","","",0,2,0,0,0,0,0,0,0,61,"BAL","CLE","BAL",0,"F","F",3,2,0,30,1,"T","F",0,0,"T","T","norrj101","cagew101","F","F",0,0,0,0,0,0,0,0,0,"","","",0,0,0,0,0,0,0,0,0,0,0,0,0,"","F","F","F","F",0,0,0,0,0,0,0,0,0,0,F,F,"1978BAL.EVA.regular.event.csv",1589
"BAL197805260","CLE",8,0,2,0,0,"",3,2,"norrj101","?","norrj101","?","martt001","?","martt001","?","dempr001","murre001","smitb101","decid001","belam101","kellp101","harll101","singk001","","","","W","F","F",10,5,14,"T","F",0,"F","F",0,"F","F",0,"F","F",0,"","F","F","",0,0,"N",0,"N",0,"N",1,0,0,0,"","","","","F","F","F","F","F","F","F","F","F","","","","F","F","F","F","F","","","","",0,0,0,0,0,0,0,0,0,62,"BAL","CLE","BAL",0,"F","F",3,2,0,31,2,"T","F",0,1,"T","T","cagew101","cox-t101","F","F",0,0,0,0,0,0,0,0,0,"","","",0,0,0,0,0,0,0,0,0,0,0,0,0,"","F","F","F","F",0,0,0,0,0,0,0,0,0,0,F,F,"1978BAL.EVA.regular.event.csv",1590
"BAL197805260","CLE",8,0,2,0,0,"",3,2,"cagew101","?","cagew101","?","martt001","?","martt001","?","dempr001","murre001","smitb101","decid001","belam101","kellp101","harll101","singk001","norrj101","","","13","F","F",3,6,2,"T","T",0,"F","F",1,"F","F",0,"F","F",1,"G","F","F","",0,0,"N",0,"N",0,"N",0,1,0,0,"13","","","","F","F","F","F","F","F","F","F","F","martt001","","","F","F","F","F","F","","","","",0,3,0,0,1,0,0,0,0,63,"BAL","CLE","BAL",0,"F","T",3,2,0,32,3,"T","F",1,1,"T","T","cox-t101","hassr001","F","F",10,5,62,0,0,0,0,0,0,"dempr001","","",0,0,0,0,0,0,0,0,0,0,0,0,0,"martt001","F","F","F","F",0,0,0,0,0,0,0,0,0,0,F,F,"1978BAL.EVA.regular.event.csv",1591
"BAL197805260","CLE",8,1,0,0,0,"",3,2,"smitb101","?","smitb101","?","wiser101","?","wiser101","?","hassr001","cagew101","kuipd001","bellb001","veryt001","cox-t101","mannr001","grubj001","","","","HR/9","T","F",4,2,23,"T","T",4,"F","F",0,"F","F",1,"F","F",0,"","F","F","9",0,0,"N",0,"N",0,"N",4,0,0,0,"","","","","F","F","F","F","F","F","F","F","F","","","","F","F","F","F","F","","","","",0,0,0,0,0,0,0,0,0,64,"BAL","BAL","CLE",1,"T","F",2,3,0,28,0,"T","F",0,0,"T","T","kellp101","singk001","T","T",0,0,0,0,0,0,0,0,0,"","","",0,0,0,0,0,0,0,0,0,0,0,0,1,"","F","F","F","F",4,0,0,0,0,0,0,0,0,0,F,F,"1978BAL.EVA.regular.event.csv",1592
"BAL197805260","CLE",8,1,0,0,0,"",3,3,"kellp101","?","kellp101","?","wiser101","?","wiser101","?","hassr001","cagew101","kuipd001","bellb001","veryt001","cox-t101","mannr001","grubj001","","","","9","F","F",7,3,2,"T","T",0,"F","F",1,"F","F",0,"F","F",9,"F","F","F","",0,0,"N",0,"N",0,"N",0,0,0,0,"9","","","","F","F","F","F","F","F","F","F","F","","","","F","F","F","F","F","","","","",0,9,0,0,0,0,0,0,0,65,"BAL","BAL","CLE",1,"F","F",3,3,1,29,1,"T","F",0,0,"T","T","singk001","murre001","T","T",0,0,0,0,0,0,0,0,0,"","","",0,0,0,0,0,0,0,0,0,0,0,0,0,"grubj001","F","F","F","F",0,0,0,0,0,0,0,0,0,0,F,F,"1978BAL.EVA.regular.event.csv",1593
"BAL197805260","CLE",8,1,1,0,0,"",3,3,"singk001","?","singk001","?","wiser101","?","wiser101","?","hassr001","cagew101","kuipd001","bellb001","veryt001","cox-t101","mannr001","grubj001","","","","K","F","F",9,4,3,"T","T",0,"F","F",1,"F","F",0,"F","F",0,"","F","F","",0,0,"N",0,"N",0,"N",0,0,0,0,"2","","","","F","F","F","F","F","F","F","F","F","","","","F","F","F","F","F","","","","",0,2,0,0,0,0,0,0,0,66,"BAL","BAL","CLE",1,"F","F",3,3,1,30,2,"T","F",0,0,"T","T","murre001","may-l101","T","T",0,0,0,0,0,0,0,0,0,"","","",0,0,0,0,0,0,0,0,0,0,0,0,0,"","F","F","F","F",0,0,0,0,0,0,0,0,0,0,F,F,"1978BAL.EVA.regular.event.csv",1594
"BAL197805260","CLE",8,1,2,0,0,"",3,3,"murre001","?","murre001","?","wiser101","?","wiser101","?","hassr001","cagew101","kuipd001","bellb001","veryt001","cox-t101","mannr001","grubj001","","","","S4","F","F",3,5,20,"T","T",1,"F","F",0,"F","F",0,"F","F",4,"","F","F","",0,0,"N",0,"N",0,"N",1,0,0,0,"","","","","F","F","F","F","F","F","F","F","F","","","","F","F","F","F","F","","","","",0,0,0,0,0,0,0,0,0,67,"BAL","BAL","CLE",1,"F","F",3,3,1,31,3,"T","F",0,1,"T","T","may-l101","dempr001","T","T",0,0,0,0,0,0,0,0,0,"","","",0,0,0,0,0,0,0,0,0,0,0,0,0,"kuipd001","F","F","F","F",0,0,0,0,0,0,0,0,0,0,F,F,"1978BAL.EVA.regular.event.csv",1595
"BAL197805260","CLE",8,1,2,0,0,"",3,3,"may-l101","?","may-l101","?","wiser101","?","wiser101","?","hassr001","cagew101","kuipd001","bellb001","veryt001","cox-t101","mannr001","grubj001","murre001","","","46(1)/FO","F","F",10,6,2,"T","T",0,"F","F",1,"F","F",0,"F","F",4,"G","F","F","",0,0,"N",0,"N",0,"N",1,0,0,0,"","46","","","F","F","F","F","F","F","F","F","F","wiser101","","","F","F","F","F","F","","","","",0,6,0,0,4,0,0,0,0,68,"BAL","BAL","CLE",1,"F","T",3,3,1,32,4,"T","F",1,1,"T","T","dempr001","belam101","T","T",3,5,67,0,0,0,0,0,0,"hassr001","","",0,0,0,0,0,0,0,0,0,0,0,0,0,"kuipd001","T","F","F","F",0,0,0,0,0,0,0,0,0,0,F,F,"1978BAL.EVA.regular.event.csv",1596
"BAL197805260","CLE",9,0,0,0,0,"",3,3,"cox-t101","?","cox-t101","?","martt001","?","martt001","?","dempr001","murre001","smitb101","decid001","belam101","kellp101","harll101","singk001","","","","63","T","F",7,7,2,"T","T",0,"F","F",1,"F","F",0,"F","F",6,"G","F","F","",0,0,"N",0,"N",0,"N",0,0,0,0,"63","","","","F","F","F","F","F","F","F","F","F","","","","F","F","F","F","F","","","","",0,3,0,0,6,0,0,0,0,69,"BAL","CLE","BAL",0,"T","F",3,3,0,33,0,"T","F",0,0,"T","T","hassr001","veryt001","F","F",0,0,0,0,0,0,0,0,0,"","","",0,0,0,0,0,0,0,0,0,0,0,0,0,"belam101","F","F","F","F",0,0,0,0,0,0,0,0,0,0,F,F,"1978BAL.EVA.regular.event.csv",1597
"BAL197805260","CLE",9,0,1,0,0,"",3,3,"pruir101","?","pruir101","?","martt001","?","martt001","?","dempr001","murre001","smitb101","decid001","belam101","kellp101","harll101","singk001","","","","63","F","T",11,8,2,"T","T",0,"F","F",1,"F","F",0,"F","F",6,"G","F","F","",0,0,"N",0,"N",0,"N",0,0,0,0,"63","","","","F","F","F","F","F","F","F","F","F","","","","F","F","F","F","F","","","","hassr001",2,3,0,0,6,0,0,0,0,70,"BAL","CLE","BAL",0,"F","F",3,3,0,34,1,"T","F",0,0,"F","F","veryt001","mannr001","F","F",0,0,0,0,0,0,0,0,0,"","","",0,0,0,0,0,0,0,0,0,0,0,0,0,"belam101","F","F","F","F",0,0,0,0,0,0,0,0,0,0,F,F,"1978BAL.EVA.regular.event.csv",1598
"BAL197805260","CLE",9,0,2,0,0,"",3,3,"veryt001","?","veryt001","?","martt001","?","martt001","?","dempr001","murre001","smitb101","decid001","belam101","kellp101","harll101","singk001","","","","S8","F","F",6,9,20,"T","T",1,"F","F",0,"F","F",0,"F","F",8,"","F","F","",0,0,"N",0,"N",0,"N",1,0,0,0,"","","","","F","F","F","F","F","F","F","F","F","","","","F","F","F","F","F","","","","",0,0,0,0,0,0,0,0,0,71,"BAL","CLE","BAL",0,"F","F",3,3,0,35,2,"T","F",0,1,"T","T","mannr001","kuipd001","F","F",0,0,0,0,0,0,0,0,0,"","","",0,0,0,0,0,0,0,0,0,0,0,0,0,"harll101","F","F","F","F",1,0,0,0,0,0,0,0,0,0,F,F,"1978BAL.EVA.regular.event.csv",1599
"BAL197805260","CLE",9,0,2,0,0,"",3,3,"mannr001","?","mannr001","?","martt001","?","martt001","?","dempr001","murre001","smitb101","decid001","belam101","kellp101","harll101","singk001","veryt001","","","K","F","F",8,1,3,"T","T",0,"F","F",1,"F","F",0,"F","F",0,"","F","F","",0,0,"N",0,"N",0,"N",0,1,0,0,"2","","","","F","F","F","F","F","F","F","F","F","martt001","","","F","F","F","F","F","","","","",0,2,0,0,0,0,0,0,0,72,"BAL","CLE","BAL",0,"F","T",3,3,0,36,3,"T","F",1,1,"T","T","kuipd001","bellb001","F","F",6,9,71,0,0,0,0,0,0,"dempr001","","",0,0,0,0,0,0,0,0,0,0,0,0,0,"","F","F","F","F",0,1,0,0,0,0,0,0,0,0,F,F,"1978BAL.EVA.regular.event.csv",1600
"BAL197805260","CLE",9,1,0,0,0,"",3,3,"dempr001","?","dempr001","?","wiser101","?","wiser101","?","pruir101","cagew101","kuipd001","bellb001","veryt001","cox-t101","mannr001","grubj001","","","","8","T","F",2,7,2,"T","T",0,"F","F",1,"F","F",0,"F","F",8,"F","F","F","",0,0,"N",0,"N",0,"N",0,0,0,0,"8","","","","F","F","F","F","F","F","F","F","F","","","","F","F","F","F","F","","","","",0,8,0,0,0,0,0,0,0,73,"BAL","BAL","CLE",1,"T","F",3,3,0,33,0,"T","F",0,0,"T","T","belam101","decid001","T","T",0,0,0,0,0,0,0,0,0,"","","",0,0,0,0,0,0,0,0,0,0,0,0,0,"mannr001","F","F","F","F",0,0,0,0,1,0,0,0,0,0,F,F,"1978BAL.EVA.regular.event.csv",1601
"BAL197805260","CLE",9,1,1,0,0,"",3,3,"belam101","?","belam101","?","wiser101","?","wiser101","?","pruir101","cagew101","kuipd001","bellb001","veryt001","cox-t101","mannr001","grubj001","","","","K/C","F","F",6,8,3,"T","T",0,"F","F",1,"F","F",0,"F","F",0,"","F","F","",0,0,"N",0,"N",0,"N",0,0,0,0,"2","","","","F","F","F","F","F","F","F","F","F","","","","F","F","F","F","F","","","","",0,2,0,0,0,0,0,0,0,74,"BAL","BAL","CLE",1,"F","F",3,3,0,34,1,"T","F",0,0,"T","T","decid001","harll101","T","T",0,0,0,0,0,0,0,0,0,"","","",0,0,0,0,0,0,0,0,0,0,0,0,0,"","F","F","F","F",0,0,0,0,1,0,0,0,0,0,F,F,"1978BAL.EVA.regular.event.csv",1602
"BAL197805260","CLE",9,1,2,0,0,"",3,3,"decid001","?","decid001","?","wiser101","?","wiser101","?","pruir101","cagew101","kuipd001","bellb001","veryt001","cox-t101","mannr001","grubj001","","","","S7","F","F",5,9,20,"T","T",1,"F","F",0,"F","F",0,"F","F",7,"","F","F","",0,0,"N",0,"N",0,"N",1,0,0,0,"","","","","F","F","F","F","F","F","F","F","F","","","","F","F","F","F","F","","","","",0,0,0,0,0,0,0,0,0,75,"BAL","BAL","CLE",1,"F","F",3,3,0,35,2,"T","F",0,1,"F","F","harll101","smitb101","T","T",0,0,0,0,0,0,0,0,0,"","","",0,0,0,0,0,0,0,0,0,0,0,0,0,"cox-t101","F","F","F","F",4,0,0,0,1,0,0,0,0,0,F,F,"1978BAL.EVA.regular.event.csv",1603
"BAL197805260","CLE",9,1,2,0,0,"",3,3,"harll101","?","harll101","?","wiser101","?","wiser101","?","pruir101","cagew101","kuipd001","bellb001","veryt001","cox-t101","mannr001","grubj001","decid001","","","W.1-2","F","F",8,1,14,"T","F",0,"F","F",0,"F","F",0,"F","F",0,"","F","F","",0,0,"N",0,"N",0,"N",1,2,0,0,"","","","","F","F","F","F","F","F","F","F","F","wiser101","","","F","F","F","F","F","","","","",0,0,0,0,0,0,0,0,0,76,"BAL","BAL","CLE",1,"F","F",3,3,0,36,3,"T","F",1,3,"T","T","smitb101","kellp101","T","T",5,9,75,0,0,0,0,0,0,"pruir101","","",0,0,0,0,0,0,0,0,0,0,0,0,0,"","F","F","F","F",3,4,0,0,1,0,0,0,0,0,F,F,"1978BAL.EVA.regular.event.csv",1604
"BAL197805260","CLE",9,1,2,0,0,"",3,3,"smitb101","?","smitb101","?","wiser101","?","wiser101","?","pruir101","cagew101","kuipd001","bellb001","veryt001","cox-t101","mannr001","grubj001","harll101","decid001","","D9.2-H;1-3","F","F",4,2,21,"T","T",2,"F","F",0,"F","F",1,"F","F",9,"","F","F","",0,0,"N",0,"N",0,"N",2,3,4,0,"","","","","F","F","F","F","F","F","F","F","F","wiser101","wiser101","","F","T","F","F","F","","","","",0,0,0,0,0,0,0,0,0,77,"BAL","BAL","CLE",1,"F","T",3,3,0,37,4,"T","F",3,6,"T","T","kellp101","singk001","T","T",8,1,76,5,9,75,0,0,0,"pruir101","pruir101","",0,0,0,0,0,0,0,0,0,0,0,0,1,"grubj001","F","F","F","F",2,3,4,0,0,0,0,0,0,0,F,F,"1978BAL.EVA.regular.event.csv",1605
"BAL197805270","CLE",1,0,0,0,0,"",0,0,"mannr001","?","mannr001","?","flanm001","?","flanm001","?","dempr001","murre001","smitb101","decid001","belam101","moraa101","harll101","lopec101","","","","W","T","F",8,1,14,"T","F",0,"F","F",0,"F","F",0,"F","F",0,"","F","F","",0,0,"N",0,"N",0,"N",1,0,0,0,"","","","","F","F","F","F","F","F","F","F","F","","","","T","F","F","F","F","","","","",0,0,0,0,0,0,0,0,0,1,"BAL","CLE","BAL",0,"T","F",0,0,0,0,0,"T","F",0,1,"T","T","bellb001","vailm001","T","T",0,0,0,0,0,0,0,0,0,"","","",0,0,0,0,0,0,0,0,0,0,0,0,0,"","F","F","F","F",0,0,0,0,0,0,0,0,0,0,F,F,"1978BAL.EVA.regular.event.csv",1606
"BAL197805270","CLE",1,0,0,0,0,"",0,0,"bellb001","?","bellb001","?","flanm001","?","flanm001","?","dempr001","murre001","smitb101","decid001","belam101","moraa101","harll101","lopec101","mannr001","","","64(1)3/GDP","F","F",5,2,2,"T","T",0,"F","F",2,"T","F",0,"F","F",6,"G","F","F","",0,0,"N",0,"N",0,"N",0,0,0,0,"43","64","","","F","F","F","F","F","F","F","F","F","flanm001","","","F","F","F","F","F","","","","",0,4,3,0,6,4,0,0,0,2,"BAL","CLE","BAL",0,"F","F",0,0,0,1,1,"T","F",1,0,"T","T","vailm001","hortw101","T","T",8,1,1,0,0,0,0,0,0,"dempr001","","",0,0,0,0,0,0,0,0,0,0,0,0,0,"belam101","T","F","F","F",0,0,0,0,0,0,0,0,0,0,F,F,"1978BAL.EVA.regular.event.csv",1607
"BAL197805270","CLE",1,0,2,0,0,"",0,0,"vailm001","?","vailm001","?","flanm001","?","flanm001","?","dempr001","murre001","smitb101","decid001","belam101","moraa101","harll101","lopec101","","","","63","F","F",9,3,2,"T","T",0,"F","F",1,"F","F",0,"F","F",6,"G","F","F","",0,0,"N",0,"N",0,"N",0,0,0,0,"63","","","","F","F","F","F","F","F","F","F","F","","","","F","F","F","F","F","","","","",0,3,0,0,6,0,0,0,0,3,"BAL","CLE","BAL",0,"F","T",0,0,0,2,2,"T","F",0,0,"T","T","hortw101","cox-t101","T","T",0,0,0,0,0,0,0,0,0,"","","",0,0,0,0,0,0,0,0,0,0,0,0,0,"belam101","F","F","F","F",0,0,0,0,0,0,0,0,0,0,F,F,"1978BAL.EVA.regular.event.csv",1608
"BAL197805270","CLE",1,1,0,0,0,"",0,0,"harll101","?","harll101","?","clydd101","?","clydd101","?","pruir101","cox-t101","kuipd001","bellb001","veryt001","grubj001","mannr001","vailm001","","","","63","T","F",8,1,2,"T","T",0,"F","F",1,"F","F",0,"F","F",6,"G","F","F","",0,0,"N",0,"N",0,"N",0,0,0,0,"63","","","","F","F","F","F","F","F","F","F","F","","","","F","F","F","F","F","","","","",0,3,0,0,6,0,0,0,0,4,"BAL","BAL","CLE",1,"T","F",0,0,0,0,0,"T","F",0,0,"T","T","smitb101","murre001","T","T",0,0,0,0,0,0,0,0,0,"","","",0,0,0,0,0,0,0,0,0,0,0,0,0,"veryt001","F","F","F","F",0,0,0,0,0,0,0,0,0,0,F,F,"1978BAL.EVA.regular.event.csv",1609
"BAL197805270","CLE",1,1,1,0,0,"",0,0,"smitb101","?","smitb101","?","clydd101","?","clydd101","?","pruir101","cox-t101","kuipd001","bellb001","veryt001","grubj001","mannr001","vailm001","","","","53","F","F",4,2,2,"T","T",0,"F","F",1,"F","F",0,"F","F",5,"G","F","F","",0,0,"N",0,"N",0,"N",0,0,0,0,"53","","","","F","F","F","F","F","F","F","F","F","","","","F","F","F","F","F","","","","",0,3,0,0,5,0,0,0,0,5,"BAL","BAL","CLE",1,"F","F",0,0,0,1,1,"T","F",0,0,"T","T","murre001","moraa101","T","T",0,0,0,0,0,0,0,0,0,"","","",0,0,0,0,0,0,0,0,0,0,0,0,0,"bellb001","F","F","F","F",0,0,0,0,0,0,0,0,0,0,F,F,"1978BAL.EVA.regular.event.csv",1610
"BAL197805270","CLE",1,1,2,0,0,"",0,0,"murre001","?","murre001","?","clydd101","?","clydd101","?","pruir101","cox-t101","kuipd001","bellb001","veryt001","grubj001","mannr001","vailm001","","","","S3#","F","F",3,3,20,"T","T",1,"F","F",0,"F","F",0,"F","F",3,"","F","F","",0,0,"N",0,"N",0,"N",1,0,0,0,"","","","","F","F","F","F","F","F","F","F","F","","","","F","F","F","F","F","","","","",0,0,0,0,0,0,0,0,0,6,"BAL","BAL","CLE",1,"F","F",0,0,0,2,2,"T","F",0,1,"T","T","moraa101","may-l101","T","T",0,0,0,0,0,0,0,0,0,"","","",0,0,0,0,0,0,0,0,0,0,0,0,0,"cox-t101","F","F","F","F",0,0,0,0,0,0,0,0,0,0,F,T,"1978BAL.EVA.regular.event.csv",1611
"BAL197805270","CLE",1,1,2,0,0,"",0,0,"moraa101","?","moraa101","?","clydd101","?","clydd101","?","pruir101","cox-t101","kuipd001","bellb001","veryt001","grubj001","mannr001","vailm001","murre001","","","K/C","F","F",7,4,3,"T","T",0,"F","F",1,"F","F",0,"F","F",0,"","F","F","",0,0,"N",0,"N",0,"N",0,1,0,0,"2","","","","F","F","F","F","F","F","F","F","F","clydd101","","","F","F","F","F","F","","","","",0,2,0,0,0,0,0,0,0,7,"BAL","BAL","CLE",1,"F","T",0,0,0,3,3,"T","F",1,1,"T","T","may-l101","decid001","T","T",3,3,6,0,0,0,0,0,0,"pruir101","","",0,0,0,0,0,0,0,0,0,0,0,0,0,"","F","F","F","F",0,0,0,0,0,0,0,0,0,0,F,F,"1978BAL.EVA.regular.event.csv",1612
"BAL197805270","CLE",2,0,0,0,0,"",0,0,"hortw101","?","hortw101","?","flanm001","?","flanm001","?","dempr001","murre001","smitb101","decid001","belam101","moraa101","harll101","lopec101","","","","8","T","F",10,4,2,"T","T",0,"F","F",1,"F","F",0,"F","F",8,"F","F","F","",0,0,"N",0,"N",0,"N",0,0,0,0,"8","","","","F","F","F","F","F","F","F","F","F","","","","F","F","F","F","F","","","","",0,8,0,0,0,0,0,0,0,8,"BAL","CLE","BAL",0,"T","F",0,0,0,3,0,"T","F",0,0,"T","T","cox-t101","grubj001","T","T",0,0,0,0,0,0,0,0,0,"","","",0,0,0,0,0,0,0,0,0,0,0,0,0,"harll101","F","F","F","F",0,0,0,0,0,0,0,0,0,0,F,F,"1978BAL.EVA.regular.event.csv",1613
"BAL197805270","CLE",2,0,1,0,0,"",0,0,"cox-t101","?","cox-t101","?","flanm001","?","flanm001","?","dempr001","murre001","smitb101","decid001","belam101","moraa101","harll101","lopec101","","","","W","F","F",3,5,14,"T","F",0,"F","F",0,"F","F",0,"F","F",0,"","F","F","",0,0,"N",0,"N",0,"N",1,0,0,0,"","","","","F","F","F","F","F","F","F","F","F","","","","F","F","F","F","F","","","","",0,0,0,0,0,0,0,0,0,9,"BAL","CLE","BAL",0,"F","F",0,0,0,4,1,"T","F",0,1,"T","T","grubj001","pruir101","T","T",0,0,0,0,0,0,0,0,0,"","","",0,0,0,0,0,0,0,0,0,0,0,0,0,"","F","F","F","F",0,0,0,0,0,0,0,0,0,0,F,F,"1978BAL.EVA.regular.event.csv",1614
"BAL197805270","CLE",2,0,1,0,0,"",0,0,"grubj001","?","grubj001","?","flanm001","?","flanm001","?","dempr001","murre001","smitb101","decid001","belam101","moraa101","harll101","lopec101","cox-t101","","","K","F","F",7,6,3,"T","T",0,"F","F",1,"F","F",0,"F","F",0,"","F","F","",0,0,"N",0,"N",0,"N",0,1,0,0,"2","","","","F","F","F","F","F","F","F","F","F","flanm001","","","F","F","F","F","F","","","","",0,2,0,0,0,0,0,0,0,10,"BAL","CLE","BAL",0,"F","F",0,0,0,5,2,"T","F",1,1,"T","T","pruir101","kuipd001","T","T",3,5,9,0,0,0,0,0,0,"dempr001","","",0,0,0,0,0,0,0,0,0,0,0,0,0,"","F","F","F","F",0,0,0,0,0,0,0,0,0,0,F,F,"1978BAL.EVA.regular.event.csv",1615
"BAL197805270","CLE",2,0,2,0,0,"",0,0,"pruir101","?","pruir101","?","flanm001","?","flanm001","?","dempr001","murre001","smitb101","decid001","belam101","moraa101","harll101","lopec101","cox-t101","","","7","F","F",2,7,2,"T","T",0,"F","F",1,"F","F",0,"F","F",7,"F","F","F","",0,0,"N",0,"N",0,"N",0,1,0,0,"7","","","","F","F","F","F","F","F","F","F","F","flanm001","","","F","F","F","F","F","","","","",0,7,0,0,0,0,0,0,0,11,"BAL","CLE","BAL",0,"F","T",0,0,0,6,3,"T","F",1,1,"T","T","kuipd001","veryt001","T","T",3,5,9,0,0,0,0,0,0,"dempr001","","",0,0,0,0,0,0,0,0,0,0,0,0,0,"moraa101","F","F","F","F",0,0,0,0,0,0,0,0,0,0,F,F,"1978BAL.EVA.regular.event.csv",1616
"BAL197805270","CLE",2,1,0,0,0,"",0,0,"may-l101","?","may-l101","?","clydd101","?","clydd101","?","pruir101","cox-t101","kuipd001","bellb001","veryt001","grubj001","mannr001","vailm001","","","","K","T","F",10,5,3,"T","T",0,"F","F",1,"F","F",0,"F","F",0,"","F","F","",0,0,"N",0,"N",0,"N",0,0,0,0,"2","","","","F","F","F","F","F","F","F","F","F","","","","F","F","F","F","F","","","","",0,2,0,0,0,0,0,0,0,12,"BAL","BAL","CLE",1,"T","F",0,0,0,4,0,"T","F",0,0,"T","T","decid001","lopec101","T","T",0,0,0,0,0,0,0,0,0,"","","",0,0,0,0,0,0,0,0,0,0,0,0,0,"","F","F","F","F",0,0,0,0,0,0,0,0,0,0,F,F,"1978BAL.EVA.regular.event.csv",1617
"BAL197805270","CLE",2,1,1,0,0,"",0,0,"decid001","?","decid001","?","clydd101","?","clydd101","?","pruir101","cox-t101","kuipd001","bellb001","veryt001","grubj001","mannr001","vailm001","","","","13","F","F",5,6,2,"T","T",0,"F","F",1,"F","F",0,"F","F",1,"G","F","F","",0,0,"N",0,"N",0,"N",0,0,0,0,"13","","","","F","F","F","F","F","F","F","F","F","","","","F","F","F","F","F","","","","",0,3,0,0,1,0,0,0,0,13,"BAL","BAL","CLE",1,"F","F",0,0,0,5,1,"T","F",0,0,"T","T","lopec101","dempr001","T","T",0,0,0,0,0,0,0,0,0,"","","",0,0,0,0,0,0,0,0,0,0,0,0,0,"clydd101","F","F","F","F",0,0,0,0,0,0,0,0,0,0,F,F,"1978BAL.EVA.regular.event.csv",1618
"BAL197805270","CLE",2,1,2,0,0,"",0,0,"lopec101","?","lopec101","?","clydd101","?","clydd101","?","pruir101","cox-t101","kuipd001","bellb001","veryt001","grubj001","mannr001","vailm001","","","","S7","F","F",9,7,20,"T","T",1,"F","F",0,"F","F",0,"F","F",7,"","F","F","",0,0,"N",0,"N",0,"N",1,0,0,0,"","","","","F","F","F","F","F","F","F","F","F","","","","F","F","F","F","F","","","","",0,0,0,0,0,0,0,0,0,14,"BAL","BAL","CLE",1,"F","F",0,0,0,6,2,"T","F",0,1,"T","T","dempr001","belam101","T","T",0,0,0,0,0,0,0,0,0,"","","",0,0,0,0,0,0,0,0,0,0,0,0,0,"grubj001","F","F","F","F",0,0,0,0,0,0,0,0,0,0,F,F,"1978BAL.EVA.regular.event.csv",1619
"BAL197805270","CLE",2,1,2,0,0,"",0,0,"dempr001","?","dempr001","?","clydd101","?","clydd101","?","pruir101","cox-t101","kuipd001","bellb001","veryt001","grubj001","mannr001","vailm001","lopec101","","","SB2","F","F",2,8,4,"F","F",0,"F","F",0,"F","F",0,"F","F",0,"","F","F","",0,0,"N",0,"N",0,"N",0,2,0,0,"","","","","T","F","F","F","F","F","F","F","F","clydd101","","","F","F","F","F","F","","","","",0,0,0,0,0,0,0,0,0,15,"BAL","BAL","CLE",1,"F","F",0,0,0,7,3,"T","F",1,2,"T","T","belam101","harll101","T","T",9,7,14,0,0,0,0,0,0,"pruir101","","",0,0,0,0,0,0,0,0,0,0,0,0,0,"","F","F","F","F",0,0,0,0,0,0,0,0,0,0,F,F,"1978BAL.EVA.regular.event.csv",1620
"BAL197805270","CLE",2,1,2,0,0,"",0,0,"dempr001","?","dempr001","?","clydd101","?","clydd101","?","pruir101","cox-t101","kuipd001","bellb001","veryt001","grubj001","mannr001","vailm001","","lopec101","","W","F","F",2,8,14,"T","F",0,"F","F",0,"F","F",0,"F","F",0,"","F","F","",0,0,"N",0,"N",0,"N",1,0,2,0,"","","","","F","F","F","F","F","F","F","F","F","","clydd101","","F","F","F","F","F","","","","",0,0,0,0,0,0,0,0,0,16,"BAL","BAL","CLE",1,"F","F",0,0,0,7,3,"F","F",2,3,"T","T","belam101","harll101","T","T",0,0,0,9,7,14,0,0,0,"","pruir101","",0,0,0,0,0,0,0,0,0,0,0,0,0,"","F","F","F","F",0,0,0,0,0,0,0,0,0,0,F,F,"1978BAL.EVA.regular.event.csv",1621
"BAL197805270","CLE",2,1,2,0,0,"",0,0,"belam101","?","belam101","?","clydd101","?","clydd101","?","pruir101","cox-t101","kuipd001","bellb001","veryt001","grubj001","mannr001","vailm001","dempr001","lopec101","","4","F","F",6,9,2,"T","T",0,"F","F",1,"F","F",0,"F","F",4,"F","F","F","",0,0,"N",0,"N",0,"N",0,1,2,0,"4","","","","F","F","F","F","F","F","F","F","F","clydd101","clydd101","","F","F","F","F","F","","","","",0,4,0,0,0,0,0,0,0,17,"BAL","BAL","CLE",1,"F","T",0,0,0,8,4,"T","F",3,3,"T","T","harll101","smitb101","T","T",2,8,16,9,7,14,0,0,0,"pruir101","pruir101","",0,0,0,0,0,0,0,0,0,0,0,0,0,"kuipd001","F","F","F","F",0,0,0,0,0,0,0,0,0,0,F,F,"1978BAL.EVA.regular.event.csv",1622
"BAL197805270","CLE",3,0,0,0,0,"",0,0,"kuipd001","?","kuipd001","?","flanm001","?","flanm001","?","dempr001","murre001","smitb101","decid001","belam101","moraa101","harll101","lopec101","","","","K","T","F",4,8,3,"T","T",0,"F","F",1,"F","F",0,"F","F",0,"","F","F","",0,0,"N",0,"N",0,"N",0,0,0,0,"2","","","","F","F","F","F","F","F","F","F","F","","","","F","F","F","F","F","","","","",0,2,0,0,0,0,0,0,0,18,"BAL","CLE","BAL",0,"T","F",0,0,0,7,0,"T","F",0,0,"T","T","veryt001","mannr001","T","T",0,0,0,0,0,0,0,0,0,"","","",0,0,0,0,0,0,0,0,0,0,0,0,0,"","F","F","F","F",0,0,0,0,3,0,0,0,0,0,F,F,"1978BAL.EVA.regular.event.csv",1623
"BAL197805270","CLE",3,0,1,0,0,"",0,0,"veryt001","?","veryt001","?","flanm001","?","flanm001","?","dempr001","murre001","smitb101","decid001","belam101","moraa101","harll101","lopec101","","","","S8","F","F",6,9,20,"T","T",1,"F","F",0,"F","F",0,"F","F",8,"","F","F","",0,0,"N",0,"N",0,"N",1,0,0,0,"","","","","F","F","F","F","F","F","F","F","F","","","","F","F","F","F","F","","","","",0,0,0,0,0,0,0,0,0,19,"BAL","CLE","BAL",0,"F","F",0,0,0,8,1,"T","F",0,1,"T","T","mannr001","bellb001","T","T",0,0,0,0,0,0,0,0,0,"","","",0,0,0,0,0,0,0,0,0,0,0,0,0,"harll101","F","F","F","F",4,0,0,0,3,0,0,0,0,0,F,F,"1978BAL.EVA.regular.event.csv",1624
"BAL197805270","CLE",3,0,1,0,0,"",0,0,"mannr001","?","mannr001","?","flanm001","?","flanm001","?","dempr001","murre001","smitb101","decid001","belam101","moraa101","harll101","lopec101","veryt001","","","S7.1-2","F","F",8,1,20,"T","T",1,"F","F",0,"F","F",0,"F","F",7,"","F","F","",0,0,"N",0,"N",0,"N",1,2,0,0,"","","","","F","F","F","F","F","F","F","F","F","flanm001","","","F","F","F","F","F","","","","",0,0,0,0,0,0,0,0,0,20,"BAL","CLE","BAL",0,"F","F",0,0,0,9,2,"T","F",1,3,"T","T","bellb001","vailm001","T","T",6,9,19,0,0,0,0,0,0,"dempr001","","",0,0,0,0,0,0,0,0,0,0,0,0,0,"moraa101","F","F","F","F",4,4,0,0,3,0,0,0,0,0,F,F,"1978BAL.EVA.regular.event.csv",1625
"BAL197805270","CLE",3,0,1,0,0,"",0,0,"bellb001","?","bellb001","?","flanm001","?","flanm001","?","dempr001","murre001","smitb101","decid001","belam101","moraa101","harll101","lopec101","mannr001","veryt001","","D9.2-H;1-3","F","F",5,2,21,"T","T",2,"F","F",0,"F","F",1,"F","F",9,"","F","F","",0,0,"N",0,"N",0,"N",2,3,4,0,"","","","","F","F","F","F","F","F","F","F","F","flanm001","flanm001","","F","F","F","F","F","","","","",0,0,0,0,0,0,0,0,0,21,"BAL","CLE","BAL",0,"F","F",0,0,0,10,3,"T","F",3,6,"T","T","vailm001","hortw101","T","T",8,1,20,6,9,19,0,0,0,"dempr001","dempr001","",0,0,0,0,0,0,0,0,0,0,0,0,1,"lopec101","F","F","F","F",4,4,4,0,2,0,0,0,0,0,F,F,"1978BAL.EVA.regular.event.csv",1626
"BAL197805270","CLE",3,0,1,0,0,"",1,0,"vailm001","?","vailm001","?","flanm001","?","flanm001","?","dempr001","murre001","smitb101","decid001","belam101","moraa101","harll101","lopec101","","bellb001","mannr001","IW","F","F",9,3,15,"T","F",0,"F","F",0,"F","F",0,"F","F",0,"","F","F","",0,0,"N",0,"N",0,"N",1,0,2,3,"","","","","F","F","F","F","F","F","F","F","F","","flanm001","flanm001","F","F","F","F","F","","","","",0,0,0,0,0,0,0,0,0,22,"BAL","CLE","BAL",0,"F","F",1,0,1,11,4,"T","F",6,7,"T","T","hortw101","cox-t101","T","T",0,0,0,5,2,21,8,1,20,"","dempr001","dempr001",0,0,0,0,0,0,0,0,0,0,0,0,0,"","F","F","F","F",0,0,4,4,2,0,0,0,0,0,F,F,"1978BAL.EVA.regular.event.csv",1627
"BAL197805270","CLE",3,0,1,0,0,"",1,0,"hortw101","?","hortw101","?","flanm001","?","flanm001","?","dempr001","murre001","smitb101","decid001","belam101","moraa101","harll101","lopec101","vailm001","bellb001","mannr001","S7/G.3-H;2-H;1-2","F","F",10,4,20,"T","T",1,"F","F",0,"F","F",2,"F","F",7,"G","F","F","",0,0,"N",0,"N",0,"N",1,2,4,4,"","","","","F","F","F","F","F","F","F","F","F","flanm001","flanm001","flanm001","F","F","F","F","F","","","","",0,0,0,0,0,0,0,0,0,23,"BAL","CLE","BAL",0,"F","F",1,0,1,12,5,"T","F",7,3,"T","T","cox-t101","grubj001","T","T",9,3,22,5,2,21,8,1,20,"dempr001","dempr001","dempr001",0,0,0,0,0,0,0,0,0,0,0,0,2,"moraa101","F","F","F","F",0,0,4,4,0,0,0,0,0,0,F,F,"1978BAL.EVA.regular.event.csv",1628
"BAL197805270","CLE",3,0,1,0,0,"",3,0,"cox-t101","?","cox-t101","?","flanm001","?","flanm001","?","dempr001","murre001","smitb101","decid001","belam101","moraa101","harll101","lopec101","hortw101","vailm001","","54(1)/FO.2-3","F","F",3,5,2,"T","T",0,"F","F",1,"F","F",0,"F","F",5,"G","F","F","",0,0,"N",0,"N",0,"N",1,0,3,0,"","54","","","F","F","F","F","F","F","F","F","F","flanm001","flanm001","","F","F","F","F","F","","","","",0,4,0,0,5,0,0,0,0,24,"BAL","CLE","BAL",0,"F","F",3,0,3,13,6,"T","F",3,5,"T","T","grubj001","pruir101","T","T",10,4,23,9,3,22,0,0,0,"dempr001","dempr001","",0,0,0,0,0,0,0,0,0,0,0,0,0,"decid001","T","F","F","F",0,0,0,0,0,0,0,0,0,0,F,F,"1978BAL.EVA.regular.event.csv",1629
"BAL197805270","CLE",3,0,2,0,0,"",3,0,"grubj001","?","grubj001","?","flanm001","?","flanm001","?","dempr001","murre001","smitb101","decid001","belam101","moraa101","harll101","lopec101","cox-t101","","vailm001","53","F","F",7,6,2,"T","T",0,"F","F",1,"F","F",0,"F","F",5,"G","F","F","",0,0,"N",0,"N",0,"N",0,1,0,3,"53","","","","F","F","F","F","F","F","F","F","F","flanm001","","flanm001","F","F","F","F","F","","","","",0,3,0,0,5,0,0,0,0,25,"BAL","CLE","BAL",0,"F","T",3,0,3,14,7,"T","F",5,5,"T","T","pruir101","kuipd001","T","T",3,5,24,0,0,0,9,3,22,"dempr001","","dempr001",0,0,0,0,0,0,0,0,0,0,0,0,0,"decid001","F","F","F","F",0,0,0,0,0,0,0,0,0,0,F,F,"1978BAL.EVA.regular.event.csv",1630
"BAL197805270","CLE",3,1,0,0,0,"",3,0,"harll101","?","harll101","?","clydd101","?","clydd101","?","pruir101","cox-t101","kuipd001","bellb001","veryt001","grubj001","mannr001","vailm001","","","","53","T","F",8,1,2,"T","T",0,"F","F",1,"F","F",0,"F","F",5,"G","F","F","",0,0,"N",0,"N",0,"N",0,0,0,0,"53","","","","F","F","F","F","F","F","F","F","F","","","","F","F","F","F","F","","","","",0,3,0,0,5,0,0,0,0,26,"BAL","BAL","CLE",1,"T","F",0,3,0,9,0,"T","F",0,0,"T","T","smitb101","murre001","T","T",0,0,0,0,0,0,0,0,0,"","","",0,0,0,0,0,0,0,0,0,0,0,0,0,"bellb001","F","F","F","F",0,0,0,0,0,0,0,0,0,0,F,F,"1978BAL.EVA.regular.event.csv",1631
"BAL197805270","CLE",3,1,1,0,0,"",3,0,"smitb101","?","smitb101","?","clydd101","?","clydd101","?","pruir101","cox-t101","kuipd001","bellb001","veryt001","grubj001","mannr001","vailm001","","","","53","F","F",4,2,2,"T","T",0,"F","F",1,"F","F",0,"F","F",5,"G","F","F","",0,0,"N",0,"N",0,"N",0,0,0,0,"53","","","","F","F","F","F","F","F","F","F","F","","","","F","F","F","F","F","","","","",0,3,0,0,5,0,0,0,0,27,"BAL","BAL","CLE",1,"F","F",0,3,0,10,1,"T","F",0,0,"T","T","murre001","moraa101","T","T",0,0,0,0,0,0,0,0,0,"","","",0,0,0,0,0,0,0,0,0,0,0,0,0,"bellb001","F","F","F","F",0,0,0,0,0,0,0,0,0,0,F,F,"1978BAL.EVA.regular.event.csv",1632
"BAL197805270","CLE",3,1,2,0,0,"",3,0,"murre001","?","murre001","?","clydd101","?","clydd101","?","pruir101","cox-t101","kuipd001","bellb001","veryt001","grubj001","mannr001","vailm001","","","","53","F","F",3,3,2,"T","T",0,"F","F",1,"F","F",0,"F","F",5,"G","F","F","",0,0,"N",0,"N",0,"N",0,0,0,0,"53","","","","F","F","F","F","F","F","F","F","F","","","","F","F","F","F","F","","","","",0,3,0,0,5,0,0,0,0,28,"BAL","BAL","CLE",1,"F","T",0,3,0,11,2,"T","F",0,0,"T","T","moraa101","may-l101","T","T",0,0,0,0,0,0,0,0,0,"","","",0,0,0,0,0,0,0,0,0,0,0,0,0,"bellb001","F","F","F","F",0,0,0,0,0,0,0,0,0,0,F,F,"1978BAL.EVA.regular.event.csv",1633
"BAL197805270","CLE",4,0,0,0,0,"",3,0,"pruir101","?","pruir101","?","flanm001","?","flanm001","?","dempr001","murre001","smitb101","decid001","belam101","moraa101","harll101","lopec101","","","","7","T","F",2,7,2,"T","T",0,"F","F",1,"F","F",0,"F","F",7,"F","F","F","",0,0,"N",0,"N",0,"N",0,0,0,0,"7","","","","F","F","F","F","F","F","F","F","F","","","","F","F","F","F","F","","","","",0,7,0,0,0,0,0,0,0,29,"BAL","CLE","BAL",0,"T","F",3,0,0,15,0,"T","F",0,0,"T","T","kuipd001","veryt001","T","T",0,0,0,0,0,0,0,0,0,"","","",0,0,0,0,0,0,0,0,0,0,0,0,0,"moraa101","F","F","F","F",0,0,0,0,1,0,0,0,0,0,F,F,"1978BAL.EVA.regular.event.csv",1634
"BAL197805270","CLE",4,0,1,0,0,"",3,0,"kuipd001","?","kuipd001","?","flanm001","?","flanm001","?","dempr001","murre001","smitb101","decid001","belam101","moraa101","harll101","lopec101","","","","8/L","F","F",4,8,2,"T","T",0,"F","F",1,"F","F",0,"F","F",8,"L","F","F","",0,0,"N",0,"N",0,"N",0,0,0,0,"8","","","","F","F","F","F","F","F","F","F","F","","","","F","F","F","F","F","","","","",0,8,0,0,0,0,0,0,0,30,"BAL","CLE","BAL",0,"F","F",3,0,0,16,1,"T","F",0,0,"T","T","veryt001","mannr001","T","T",0,0,0,0,0,0,0,0,0,"","","",0,0,0,0,0,0,0,0,0,0,0,0,0,"harll101","F","F","F","F",0,0,0,0,1,0,0,0,0,0,F,F,"1978BAL.EVA.regular.event.csv",1635
"BAL197805270","CLE",4,0,2,0,0,"",3,0,"veryt001","?","veryt001","?","flanm001","?","flanm001","?","dempr001","murre001","smitb101","decid001","belam101","moraa101","harll101","lopec101","","","","W","F","F",6,9,14,"T","F",0,"F","F",0,"F","F",0,"F","F",0,"","F","F","",0,0,"N",0,"N",0,"N",1,0,0,0,"","","","","F","F","F","F","F","F","F","F","F","","","","F","F","F","F","F","","","","",0,0,0,0,0,0,0,0,0,31,"BAL","CLE","BAL",0,"F","F",3,0,0,17,2,"T","F",0,1,"T","T","mannr001","bellb001","T","T",0,0,0,0,0,0,0,0,0,"","","",0,0,0,0,0,0,0,0,0,0,0,0,0,"","F","F","F","F",4,0,0,0,1,0,0,0,0,0,F,F,"1978BAL.EVA.regular.event.csv",1636
"BAL197805270","CLE",4,0,2,0,0,"",3,0,"mannr001","?","mannr001","?","flanm001","?","flanm001","?","dempr001","murre001","smitb101","decid001","belam101","moraa101","harll101","lopec101","veryt001","","","S9.1-3","F","F",8,1,20,"T","T",1,"F","F",0,"F","F",0,"F","F",9,"","F","F","",0,0,"N",0,"N",0,"N",1,3,0,0,"","","","","F","F","F","F","F","F","F","F","F","flanm001","","","F","F","F","F","F","","","","",0,0,0,0,0,0,0,0,0,32,"BAL","CLE","BAL",0,"F","F",3,0,0,18,3,"T","F",1,5,"T","T","bellb001","vailm001","T","T",6,9,31,0,0,0,0,0,0,"dempr001","","",0,0,0,0,0,0,0,0,0,0,0,0,0,"lopec101","F","F","F","F",0,4,0,0,1,0,0,0,0,0,F,F,"1978BAL.EVA.regular.event.csv",1637
"BAL197805270","CLE",4,0,2,0,0,"",3,0,"bellb001","?","bellb001","?","flanm001","?","flanm001","?","dempr001","murre001","smitb101","decid001","belam101","moraa101","harll101","lopec101","mannr001","","veryt001","S9/G.3-H;1-3","F","F",5,2,20,"T","T",1,"F","F",0,"F","F",1,"F","F",9,"G","F","F","",0,0,"N",0,"N",0,"N",1,3,0,4,"","","","","F","F","F","F","F","F","F","F","F","flanm001","","flanm001","F","F","F","F","F","","","","",0,0,0,0,0,0,0,0,0,33,"BAL","CLE","BAL",0,"F","F",3,0,0,19,4,"T","F",5,5,"T","T","vailm001","hortw101","T","T",8,1,32,0,0,0,6,9,31,"dempr001","","dempr001",0,0,0,0,0,0,0,0,0,0,0,0,1,"lopec101","F","F","F","F",1,0,0,4,0,0,0,0,0,0,F,F,"1978BAL.EVA.regular.event.csv",1638
"BAL197805270","CLE",4,0,2,0,0,"",4,0,"norrj101","?","norrj101","?","kerrj101","?","kerrj101","?","dempr001","murre001","smitb101","decid001","belam101","moraa101","harll101","lopec101","bellb001","","mannr001","CSH(2652)","F","T",11,3,6,"F","F",0,"F","F",1,"F","F",0,"F","F",0,"","F","F","",0,0,"N",0,"N",0,"N",0,1,0,0,"","","","2652","F","F","F","F","F","T","F","F","F","flanm001","","flanm001","F","F","F","F","F","","","","vailm001",9,2,0,0,2,6,5,0,0,34,"BAL","CLE","BAL",0,"F","T",4,0,1,20,5,"T","T",5,1,"F","F","hortw101","cox-t101","F","F",5,2,33,0,0,0,8,1,32,"dempr001","","dempr001",0,0,0,0,0,0,0,0,0,0,0,0,0,"","F","F","F","F",0,1,0,0,0,0,0,0,0,0,F,F,"1978BAL.EVA.regular.event.csv",1639
"BAL197805270","CLE",4,1,0,0,0,"",4,0,"moraa101","?","moraa101","?","clydd101","?","clydd101","?","pruir101","cox-t101","kuipd001","bellb001","veryt001","grubj001","mannr001","norrj101","","","","K","T","F",7,4,3,"T","T",0,"F","F",1,"F","F",0,"F","F",0,"","F","F","",0,0,"N",0,"N",0,"N",0,0,0,0,"2","","","","F","F","F","F","F","F","F","F","F","","","","F","F","F","F","F","","","","",0,2,0,0,0,0,0,0,0,35,"BAL","BAL","CLE",1,"T","F",0,4,0,12,0,"T","F",0,0,"T","T","may-l101","decid001","T","T",0,0,0,0,0,0,0,0,0,"","","",0,0,0,0,0,0,0,0,0,0,0,0,0,"","F","F","F","F",0,0,0,0,0,0,0,0,0,0,F,F,"1978BAL.EVA.regular.event.csv",1640
"BAL197805270","CLE",4,1,1,0,0,"",4,0,"may-l101","?","may-l101","?","clydd101","?","clydd101","?","pruir101","cox-t101","kuipd001","bellb001","veryt001","grubj001","mannr001","norrj101","","","","D7","F","F",10,5,21,"T","T",2,"F","F",0,"F","F",0,"F","F",7,"","F","F","",0,0,"N",0,"N",0,"N",2,0,0,0,"","","","","F","F","F","F","F","F","F","F","F","","","","F","F","F","F","F","","","","",0,0,0,0,0,0,0,0,0,36,"BAL","BAL","CLE",1,"F","F",0,4,0,13,1,"T","F",0,2,"T","T","decid001","lopec101","T","T",0,0,0,0,0,0,0,0,0,"","","",0,0,0,0,0,0,0,0,0,0,0,0,0,"grubj001","F","F","F","F",0,0,0,0,0,0,0,0,0,0,F,F,"1978BAL.EVA.regular.event.csv",1641
"BAL197805270","CLE",4,1,1,0,0,"",4,0,"decid001","?","decid001","?","clydd101","?","clydd101","?","pruir101","cox-t101","kuipd001","bellb001","veryt001","grubj001","mannr001","norrj101","","may-l101","","S8.2-3","F","F",5,6,20,"T","T",1,"F","F",0,"F","F",0,"F","F",8,"","F","F","",0,0,"N",0,"N",0,"N",1,0,3,0,"","","","","F","F","F","F","F","F","F","F","F","","clydd101","","F","F","F","F","F","","","","",0,0,0,0,0,0,0,0,0,37,"BAL","BAL","CLE",1,"F","F",0,4,0,14,2,"T","F",2,5,"T","T","lopec101","dempr001","T","T",0,0,0,10,5,36,0,0,0,"","pruir101","",0,0,0,0,0,0,0,0,0,0,0,0,0,"mannr001","F","F","F","F",0,0,0,0,0,0,0,0,0,0,F,F,"1978BAL.EVA.regular.event.csv",1642
"BAL197805270","CLE",4,1,1,0,0,"",4,0,"lopec101","?","lopec101","?","clydd101","?","clydd101","?","pruir101","cox-t101","kuipd001","bellb001","veryt001","grubj001","mannr001","norrj101","decid001","","may-l101","4(1)3/GDP","F","F",9,7,2,"T","T",0,"F","F",2,"T","F",0,"F","F",4,"G","F","F","",0,0,"N",0,"N",0,"N",0,0,0,3,"43","4","","","F","F","F","F","F","F","F","F","F","clydd101","","clydd101","F","F","F","F","F","","","","",0,4,3,0,4,0,0,0,0,38,"BAL","BAL","CLE",1,"F","T",0,4,0,15,3,"T","F",5,4,"T","T","dempr001","belam101","T","T",5,6,37,0,0,0,10,5,36,"pruir101","","pruir101",0,0,0,0,0,0,0,0,0,0,0,0,0,"kuipd001","T","F","F","F",0,0,0,0,0,0,0,0,0,0,F,F,"1978BAL.EVA.regular.event.csv",1643
"BAL197805270","CLE",5,0,0,0,0,"",4,0,"norrj101","?","norrj101","?","kerrj101","?","kerrj101","?","dempr001","murre001","smitb101","decid001","belam101","moraa101","harll101","lopec101","","","","8","T","F",9,3,2,"T","T",0,"F","F",1,"F","F",0,"F","F",8,"F","F","F","",0,0,"N",0,"N",0,"N",0,0,0,0,"8","","","","F","F","F","F","F","F","F","F","F","","","","F","F","F","F","F","","","","",0,8,0,0,0,0,0,0,0,39,"BAL","CLE","BAL",0,"T","F",4,0,0,20,0,"T","F",0,0,"F","F","hortw101","cox-t101","F","F",0,0,0,0,0,0,0,0,0,"","","",0,0,0,0,0,0,0,0,0,0,0,0,0,"harll101","F","F","F","F",0,0,0,0,2,0,0,0,0,0,F,F,"1978BAL.EVA.regular.event.csv",1644
"BAL197805270","CLE",5,0,1,0,0,"",4,0,"hortw101","?","hortw101","?","kerrj101","?","kerrj101","?","dempr001","murre001","smitb101","decid001","belam101","moraa101","harll101","lopec101","","","","9","F","F",10,4,2,"T","T",0,"F","F",1,"F","F",0,"F","F",9,"F","F","F","",0,0,"N",0,"N",0,"N",0,0,0,0,"9","","","","F","F","F","F","F","F","F","F","F","","","","F","F","F","F","F","","","","",0,9,0,0,0,0,0,0,0,40,"BAL","CLE","BAL",0,"F","F",4,0,0,21,1,"T","F",0,0,"T","T","cox-t101","grubj001","F","F",0,0,0,0,0,0,0,0,0,"","","",0,0,0,0,0,0,0,0,0,0,0,0,0,"lopec101","F","F","F","F",0,0,0,0,2,0,0,0,0,0,F,F,"1978BAL.EVA.regular.event.csv",1645
"BAL197805270","CLE",5,0,2,0,0,"",4,0,"cox-t101","?","cox-t101","?","kerrj101","?","kerrj101","?","dempr001","murre001","smitb101","decid001","belam101","moraa101","harll101","lopec101","","","","W","F","F",3,5,14,"T","F",0,"F","F",0,"F","F",0,"F","F",0,"","F","F","",0,0,"N",0,"N",0,"N",1,0,0,0,"","","","","F","F","F","F","F","F","F","F","F","","","","F","F","F","F","F","","","","",0,0,0,0,0,0,0,0,0,41,"BAL","CLE","BAL",0,"F","F",4,0,0,22,2,"T","F",0,1,"T","T","grubj001","pruir101","F","F",0,0,0,0,0,0,0,0,0,"","","",0,0,0,0,0,0,0,0,0,0,0,0,0,"","F","F","F","F",4,0,0,0,2,0,0,0,0,0,F,F,"1978BAL.EVA.regular.event.csv",1646
"BAL197805270","CLE",5,0,2,0,0,"",4,0,"grubj001","?","grubj001","?","kerrj101","?","kerrj101","?","dempr001","murre001","smitb101","decid001","belam101","moraa101","harll101","lopec101","cox-t101","","","HR/9.1-H","F","F",7,6,23,"T","T",4,"F","F",0,"F","F",2,"F","F",0,"","F","F","9",0,0,"N",0,"N",0,"N",4,4,0,0,"","","","","F","F","F","F","F","F","F","F","F","kerrj101","","","F","F","F","F","F","","","","",0,0,0,0,0,0,0,0,0,42,"BAL","CLE","BAL",0,"F","F",4,0,0,23,3,"T","F",1,0,"T","T","pruir101","kuipd001","F","F",3,5,41,0,0,0,0,0,0,"dempr001","","",0,0,0,0,0,0,0,0,0,0,0,0,2,"","F","F","F","F",4,4,0,0,0,0,0,0,0,0,F,F,"1978BAL.EVA.regular.event.csv",1647
"BAL197805270","CLE",5,0,2,0,0,"",6,0,"pruir101","?","pruir101","?","kerrj101","?","kerrj101","?","dempr001","murre001","smitb101","decid001","belam101","moraa101","harll101","lopec101","","","","63","F","F",2,7,2,"T","T",0,"F","F",1,"F","F",0,"F","F",6,"G","F","F","",0,0,"N",0,"N",0,"N",0,0,0,0,"63","","","","F","F","F","F","F","F","F","F","F","","","","F","F","F","F","F","","","","",0,3,0,0,6,0,0,0,0,43,"BAL","CLE","BAL",0,"F","T",6,0,2,24,4,"T","F",0,0,"T","T","kuipd001","veryt001","F","F",0,0,0,0,0,0,0,0,0,"","","",0,0,0,0,0,0,0,0,0,0,0,0,0,"belam101","F","F","F","F",0,0,0,0,0,0,0,0,0,0,F,F,"1978BAL.EVA.regular.event.csv",1648
"BAL197805270","CLE",5,1,0,0,0,"",6,0,"dempr001","?","dempr001","?","clydd101","?","clydd101","?","pruir101","cox-t101","kuipd001","bellb001","veryt001","grubj001","mannr001","norrj101","","","","43","T","F",2,8,2,"T","T",0,"F","F",1,"F","F",0,"F","F",4,"G","F","F","",0,0,"N",0,"N",0,"N",0,0,0,0,"43","","","","F","F","F","F","F","F","F","F","F","","","","F","F","F","F","F","","","","",0,3,0,0,4,0,0,0,0,44,"BAL","BAL","CLE",1,"T","F",0,6,0,16,0,"T","F",0,0,"T","T","belam101","harll101","T","T",0,0,0,0,0,0,0,0,0,"","","",0,0,0,0,0,0,0,0,0,0,0,0,0,"kuipd001","F","F","F","F",0,0,0,0,1,0,0,0,0,0,F,F,"1978BAL.EVA.regular.event.csv",1649
"BAL197805270","CLE",5,1,1,0,0,"",6,0,"belam101","?","belam101","?","clydd101","?","clydd101","?","pruir101","cox-t101","kuipd001","bellb001","veryt001","grubj001","mannr001","norrj101","","","","S8","F","F",6,9,20,"T","T",1,"F","F",0,"F","F",0,"F","F",8,"","F","F","",0,0,"N",0,"N",0,"N",1,0,0,0,"","","","","F","F","F","F","F","F","F","F","F","","","","F","F","F","F","F","","","","",0,0,0,0,0,0,0,0,0,45,"BAL","BAL","CLE",1,"F","F",0,6,0,17,1,"T","F",0,1,"T","T","harll101","smitb101","T","T",0,0,0,0,0,0,0,0,0,"","","",0,0,0,0,0,0,0,0,0,0,0,0,0,"mannr001","F","F","F","F",4,0,0,0,1,0,0,0,0,0,F,F,"1978BAL.EVA.regular.event.csv",1650
"BAL197805270","CLE",5,1,1,0,0,"",6,0,"harll101","?","harll101","?","clydd101","?","clydd101","?","pruir101","cox-t101","kuipd001","bellb001","veryt001","grubj001","mannr001","norrj101","belam101","","","W.1-2","F","F",8,1,14,"T","F",0,"F","F",0,"F","F",0,"F","F",0,"","F","F","",0,0,"N",0,"N",0,"N",1,2,0,0,"","","","","F","F","F","F","F","F","F","F","F","clydd101","","","F","F","F","F","F","","","","",0,0,0,0,0,0,0,0,0,46,"BAL","BAL","CLE",1,"F","F",0,6,0,18,2,"T","F",1,3,"T","T","smitb101","murre001","T","T",6,9,45,0,0,0,0,0,0,"pruir101","","",0,0,0,0,0,0,0,0,0,0,0,0,0,"","F","F","F","F",0,4,0,0,1,0,0,0,0,0,F,F,"1978BAL.EVA.regular.event.csv",1651
"BAL197805270","CLE",5,1,1,0,0,"",6,0,"smitb101","?","smitb101","?","clydd101","?","clydd101","?","pruir101","cox-t101","kuipd001","bellb001","veryt001","grubj001","mannr001","norrj101","harll101","belam101","","S4.2-3;1-2","F","F",4,2,20,"T","T",1,"F","F",0,"F","F",0,"F","F",4,"","F","F","",0,0,"N",0,"N",0,"N",1,2,3,0,"","","","","F","F","F","F","F","F","F","F","F","clydd101","clydd101","","F","F","F","F","F","","","","",0,0,0,0,0,0,0,0,0,47,"BAL","BAL","CLE",1,"F","F",0,6,0,19,3,"T","F",3,7,"T","T","murre001","moraa101","T","T",8,1,46,6,9,45,0,0,0,"pruir101","pruir101","",0,0,0,0,0,0,0,0,0,0,0,0,0,"kuipd001","F","F","F","F",0,0,4,0,1,0,0,0,0,0,F,F,"1978BAL.EVA.regular.event.csv",1652
"BAL197805270","CLE",5,1,1,0,0,"",6,0,"murre001","?","murre001","?","clydd101","?","clydd101","?","pruir101","cox-t101","kuipd001","bellb001","veryt001","grubj001","mannr001","norrj101","smitb101","harll101","belam101","8/SF.3-H;2-3","F","F",3,3,2,"T","F",0,"F","T",1,"F","F",1,"F","F",8,"F","F","F","",0,0,"N",0,"N",0,"N",0,1,3,4,"8","","","","F","F","F","F","F","F","F","F","F","clydd101","clydd101","clydd101","F","F","F","F","F","","","","",0,8,0,0,0,0,0,0,0,48,"BAL","BAL","CLE",1,"F","F",0,6,0,20,4,"T","F",7,5,"T","T","moraa101","may-l101","T","T",4,2,47,8,1,46,6,9,45,"pruir101","pruir101","pruir101",0,0,0,0,0,0,0,0,0,0,0,0,1,"mannr001","F","F","F","F",0,0,0,4,0,0,0,0,0,0,F,F,"1978BAL.EVA.regular.event.csv",1653
"BAL197805270","CLE",5,1,2,0,0,"",6,1,"moraa101","?","moraa101","?","clydd101","?","clydd101","?","pruir101","cox-t101","kuipd001","bellb001","veryt001","grubj001","mannr001","norrj101","smitb101","","harll101","K","F","F",7,4,3,"T","T",0,"F","F",1,"F","F",0,"F","F",0,"","F","F","",0,0,"N",0,"N",0,"N",0,1,0,3,"2","","","","F","F","F","F","F","F","F","F","F","clydd101","","clydd101","F","F","F","F","F","","","","",0,2,0,0,0,0,0,0,0,49,"BAL","BAL","CLE",1,"F","T",1,6,1,21,5,"T","F",5,5,"T","T","may-l101","decid001","T","T",4,2,47,0,0,0,8,1,46,"pruir101","","pruir101",0,0,0,0,0,0,0,0,0,0,0,0,0,"","F","F","F","F",0,0,0,0,0,0,0,0,0,0,F,F,"1978BAL.EVA.regular.event.csv",1654
"BAL197805270","CLE",6,0,0,0,0,"",6,1,"kuipd001","?","kuipd001","?","kerrj101","?","kerrj101","?","dempr001","murre001","smitb101","decid001","belam101","moraa101","harll101","lopec101","","","","D7","T","F",4,8,21,"T","T",2,"F","F",0,"F","F",0,"F","F",7,"","F","F","",0,0,"N",0,"N",0,"N",2,0,0,0,"","","","","F","F","F","F","F","F","F","F","F","","","","F","F","F","F","F","","","","",0,0,0,0,0,0,0,0,0,50,"BAL","CLE","BAL",0,"T","F",6,1,0,25,0,"T","F",0,2,"T","T","veryt001","mannr001","F","F",0,0,0,0,0,0,0,0,0,"","","",0,0,0,0,0,0,0,0,0,0,0,0,0,"moraa101","F","F","F","F",0,0,0,0,0,0,0,0,0,0,F,F,"1978BAL.EVA.regular.event.csv",1655
"BAL197805270","CLE",6,0,0,0,0,"",6,1,"veryt001","?","veryt001","?","kerrj101","?","kerrj101","?","dempr001","murre001","smitb101","decid001","belam101","moraa101","harll101","lopec101","","kuipd001","","43.2-3","F","F",6,9,2,"T","T",0,"F","F",1,"F","F",0,"F","F",4,"G","F","F","",0,0,"N",0,"N",0,"N",0,0,3,0,"43","","","","F","F","F","F","F","F","F","F","F","","kerrj101","","F","F","F","F","F","","","","",0,3,0,0,4,0,0,0,0,51,"BAL","CLE","BAL",0,"F","F",6,1,0,26,1,"T","F",2,4,"T","T","mannr001","bellb001","F","F",0,0,0,4,8,50,0,0,0,"","dempr001","",0,0,0,0,0,0,0,0,0,0,0,0,0,"smitb101","F","F","F","F",0,0,0,0,0,0,0,0,0,0,F,F,"1978BAL.EVA.regular.event.csv",1656
"BAL197805270","CLE",6,0,1,0,0,"",6,1,"mannr001","?","mannr001","?","kerrj101","?","kerrj101","?","dempr001","murre001","smitb101","decid001","belam101","moraa101","harll101","lopec101","","","kuipd001","43","F","F",8,1,2,"T","T",0,"F","F",1,"F","F",0,"F","F",4,"G","F","F","",0,0,"N",0,"N",0,"N",0,0,0,3,"43","","","","F","F","F","F","F","F","F","F","F","","","kerrj101","F","F","F","F","F","","","","",0,3,0,0,4,0,0,0,0,52,"BAL","CLE","BAL",0,"F","F",6,1,0,27,2,"T","F",4,4,"T","T","bellb001","norrj101","F","F",0,0,0,0,0,0,4,8,50,"","","dempr001",0,0,0,0,0,0,0,0,0,0,0,0,0,"smitb101","F","F","F","F",0,0,0,0,0,0,0,0,0,0,F,F,"1978BAL.EVA.regular.event.csv",1657
"BAL197805270","CLE",6,0,2,0,0,"",6,1,"bellb001","?","bellb001","?","kerrj101","?","kerrj101","?","dempr001","murre001","smitb101","decid001","belam101","moraa101","harll101","lopec101","","","kuipd001","K","F","F",5,2,3,"T","T",0,"F","F",1,"F","F",0,"F","F",0,"","F","F","",0,0,"N",0,"N",0,"N",0,0,0,3,"2","","","","F","F","F","F","F","F","F","F","F","","","kerrj101","F","F","F","F","F","","","","",0,2,0,0,0,0,0,0,0,53,"BAL","CLE","BAL",0,"F","T",6,1,0,28,3,"T","F",4,4,"T","T","norrj101","hortw101","F","F",0,0,0,0,0,0,4,8,50,"","","dempr001",0,0,0,0,0,0,0,0,0,0,0,0,0,"","F","F","F","F",0,0,0,0,0,0,0,0,0,0,F,F,"1978BAL.EVA.regular.event.csv",1658
"BAL197805270","CLE",6,1,0,0,0,"",6,1,"may-l101","?","may-l101","?","clydd101","?","clydd101","?","pruir101","cox-t101","kuipd001","bellb001","veryt001","grubj001","mannr001","norrj101","","","","13","T","F",10,5,2,"T","T",0,"F","F",1,"F","F",0,"F","F",1,"G","F","F","",0,0,"N",0,"N",0,"N",0,0,0,0,"13","","","","F","F","F","F","F","F","F","F","F","","","","F","F","F","F","F","","","","",0,3,0,0,1,0,0,0,0,54,"BAL","BAL","CLE",1,"T","F",1,6,0,22,0,"T","F",0,0,"T","T","decid001","lopec101","T","T",0,0,0,0,0,0,0,0,0,"","","",0,0,0,0,0,0,0,0,0,0,0,0,0,"clydd101","F","F","F","F",0,0,0,0,0,0,0,0,0,0,F,F,"1978BAL.EVA.regular.event.csv",1659
"BAL197805270","CLE",6,1,1,0,0,"",6,1,"decid001","?","decid001","?","clydd101","?","clydd101","?","pruir101","cox-t101","kuipd001","bellb001","veryt001","grubj001","mannr001","norrj101","","","","53","F","F",5,6,2,"T","T",0,"F","F",1,"F","F",0,"F","F",5,"G","F","F","",0,0,"N",0,"N",0,"N",0,0,0,0,"53","","","","F","F","F","F","F","F","F","F","F","","","","F","F","F","F","F","","","","",0,3,0,0,5,0,0,0,0,55,"BAL","BAL","CLE",1,"F","F",1,6,0,23,1,"T","F",0,0,"T","T","lopec101","dempr001","T","T",0,0,0,0,0,0,0,0,0,"","","",0,0,0,0,0,0,0,0,0,0,0,0,0,"bellb001","F","F","F","F",0,0,0,0,0,0,0,0,0,0,F,F,"1978BAL.EVA.regular.event.csv",1660
"BAL197805270","CLE",6,1,2,0,0,"",6,1,"lopec101","?","lopec101","?","clydd101","?","clydd101","?","pruir101","cox-t101","kuipd001","bellb001","veryt001","grubj001","mannr001","norrj101","","","","7","F","F",9,7,2,"T","T",0,"F","F",1,"F","F",0,"F","F",7,"F","F","F","",0,0,"N",0,"N",0,"N",0,0,0,0,"7","","","","F","F","F","F","F","F","F","F","F","","","","F","F","F","F","F","","","","",0,7,0,0,0,0,0,0,0,56,"BAL","BAL","CLE",1,"F","T",1,6,0,24,2,"T","F",0,0,"T","T","dempr001","belam101","T","T",0,0,0,0,0,0,0,0,0,"","","",0,0,0,0,0,0,0,0,0,0,0,0,0,"grubj001","F","F","F","F",0,0,0,0,0,0,0,0,0,0,F,F,"1978BAL.EVA.regular.event.csv",1661
"BAL197805270","CLE",7,0,0,0,0,"",6,1,"norrj101","?","norrj101","?","kerrj101","?","kerrj101","?","dempr001","murre001","smitb101","decid001","belam101","moraa101","harll101","lopec101","","","","13","T","F",9,3,2,"T","T",0,"F","F",1,"F","F",0,"F","F",1,"G","F","F","",0,0,"N",0,"N",0,"N",0,0,0,0,"13","","","","F","F","F","F","F","F","F","F","F","","","","F","F","F","F","F","","","","",0,3,0,0,1,0,0,0,0,57,"BAL","CLE","BAL",0,"T","F",6,1,0,29,0,"T","F",0,0,"F","F","hortw101","cox-t101","F","F",0,0,0,0,0,0,0,0,0,"","","",0,0,0,0,0,0,0,0,0,0,0,0,0,"kerrj101","F","F","F","F",0,0,0,0,0,0,0,0,0,0,F,F,"1978BAL.EVA.regular.event.csv",1662
"BAL197805270","CLE",7,0,1,0,0,"",6,1,"hortw101","?","hortw101","?","kerrj101","?","kerrj101","?","dempr001","murre001","smitb101","decid001","belam101","moraa101","harll101","lopec101","","","","13","F","F",10,4,2,"T","T",0,"F","F",1,"F","F",0,"F","F",1,"G","F","F","",0,0,"N",0,"N",0,"N",0,0,0,0,"13","","","","F","F","F","F","F","F","F","F","F","","","","F","F","F","F","F","","","","",0,3,0,0,1,0,0,0,0,58,"BAL","CLE","BAL",0,"F","F",6,1,0,30,1,"T","F",0,0,"T","T","cox-t101","grubj001","F","F",0,0,0,0,0,0,0,0,0,"","","",0,0,0,0,0,0,0,0,0,0,0,0,0,"kerrj101","F","F","F","F",0,0,0,0,0,0,0,0,0,0,F,F,"1978BAL.EVA.regular.event.csv",1663
"BAL197805270","CLE",7,0,2,0,0,"",6,1,"cox-t101","?","cox-t101","?","kerrj101","?","kerrj101","?","dempr001","murre001","smitb101","decid001","belam101","moraa101","harll101","lopec101","","","","W","F","F",3,5,14,"T","F",0,"F","F",0,"F","F",0,"F","F",0,"","F","F","",0,0,"N",0,"N",0,"N",1,0,0,0,"","","","","F","F","F","F","F","F","F","F","F","","","","F","F","F","F","F","","","","",0,0,0,0,0,0,0,0,0,59,"BAL","CLE","BAL",0,"F","F",6,1,0,31,2,"T","F",0,1,"T","T","grubj001","pruir101","F","F",0,0,0,0,0,0,0,0,0,"","","",0,0,0,0,0,0,0,0,0,0,0,0,0,"","F","F","F","F",0,0,0,0,0,0,0,0,0,0,F,F,"1978BAL.EVA.regular.event.csv",1664
"BAL197805270","CLE",7,0,2,0,0,"",6,1,"grubj001","?","grubj001","?","kerrj101","?","kerrj101","?","dempr001","murre001","smitb101","decid001","belam101","moraa101","harll101","lopec101","cox-t101","","","S7.1-2","F","F",7,6,20,"T","T",1,"F","F",0,"F","F",0,"F","F",7,"","F","F","",0,0,"N",0,"N",0,"N",1,2,0,0,"","","","","F","F","F","F","F","F","F","F","F","kerrj101","","","F","F","F","F","F","","","","",0,0,0,0,0,0,0,0,0,60,"BAL","CLE","BAL",0,"F","F",6,1,0,32,3,"T","F",1,3,"T","T","pruir101","kuipd001","F","F",3,5,59,0,0,0,0,0,0,"dempr001","","",0,0,0,0,0,0,0,0,0,0,0,0,0,"moraa101","F","F","F","F",0,0,0,0,0,0,0,0,0,0,F,F,"1978BAL.EVA.regular.event.csv",1665
"BAL197805270","CLE",7,0,2,0,0,"",6,1,"pruir101","?","pruir101","?","kerrj101","?","kerrj101","?","dempr001","murre001","smitb101","decid001","belam101","moraa101","harll101","lopec101","grubj001","cox-t101","","9","F","F",2,7,2,"T","T",0,"F","F",1,"F","F",0,"F","F",9,"F","F","F","",0,0,"N",0,"N",0,"N",0,1,2,0,"9","","","","F","F","F","F","F","F","F","F","F","kerrj101","kerrj101","","F","F","F","F","F","","","","",0,9,0,0,0,0,0,0,0,61,"BAL","CLE","BAL",0,"F","T",6,1,0,33,4,"T","F",3,3,"T","T","kuipd001","veryt001","F","F",7,6,60,3,5,59,0,0,0,"dempr001","dempr001","",0,0,0,0,0,0,0,0,0,0,0,0,0,"lopec101","F","F","F","F",0,0,0,0,0,0,0,0,0,0,F,F,"1978BAL.EVA.regular.event.csv",1666
"BAL197805270","CLE",7,1,0,0,0,"",6,1,"dempr001","?","dempr001","?","clydd101","?","clydd101","?","pruir101","cox-t101","kuipd001","bellb001","veryt001","grubj001","mannr001","norrj101","","","","7","T","F",2,8,2,"T","T",0,"F","F",1,"F","F",0,"F","F",7,"F","F","F","",0,0,"N",0,"N",0,"N",0,0,0,0,"7","","","","F","F","F","F","F","F","F","F","F","","","","F","F","F","F","F","","","","",0,7,0,0,0,0,0,0,0,62,"BAL","BAL","CLE",1,"T","F",1,6,0,25,0,"T","F",0,0,"T","T","belam101","harll101","T","T",0,0,0,0,0,0,0,0,0,"","","",0,0,0,0,0,0,0,0,0,0,0,0,0,"grubj001","F","F","F","F",0,0,0,0,0,0,0,0,0,0,F,F,"1978BAL.EVA.regular.event.csv",1667
"BAL197805270","CLE",7,1,1,0,0,"",6,1,"belam101","?","belam101","?","clydd101","?","clydd101","?","pruir101","cox-t101","kuipd001","bellb001","veryt001","grubj001","mannr001","norrj101","","","","7","F","F",6,9,2,"T","T",0,"F","F",1,"F","F",0,"F","F",7,"F","F","F","",0,0,"N",0,"N",0,"N",0,0,0,0,"7","","","","F","F","F","F","F","F","F","F","F","","","","F","F","F","F","F","","","","",0,7,0,0,0,0,0,0,0,63,"BAL","BAL","CLE",1,"F","F",1,6,0,26,1,"T","F",0,0,"T","T","harll101","smitb101","T","T",0,0,0,0,0,0,0,0,0,"","","",0,0,0,0,0,0,0,0,0,0,0,0,0,"grubj001","F","F","F","F",0,0,0,0,0,0,0,0,0,0,F,F,"1978BAL.EVA.regular.event.csv",1668
"BAL197805270","CLE",7,1,2,0,0,"",6,1,"harll101","?","harll101","?","clydd101","?","clydd101","?","pruir101","cox-t101","kuipd001","bellb001","veryt001","grubj001","mannr001","norrj101","","","","8","F","F",8,1,2,"T","T",0,"F","F",1,"F","F",0,"F","F",8,"F","F","F","",0,0,"N",0,"N",0,"N",0,0,0,0,"8","","","","F","F","F","F","F","F","F","F","F","","","","F","F","F","F","F","","","","",0,8,0,0,0,0,0,0,0,64,"BAL","BAL","CLE",1,"F","T",1,6,0,27,2,"T","F",0,0,"T","T","smitb101","murre001","T","T",0,0,0,0,0,0,0,0,0,"","","",0,0,0,0,0,0,0,0,0,0,0,0,0,"mannr001","F","F","F","F",0,0,0,0,0,0,0,0,0,0,F,F,"1978BAL.EVA.regular.event.csv",1669
"BAL197805270","CLE",8,0,0,0,0,"",6,1,"kuipd001","?","kuipd001","?","kerrj101","?","kerrj101","?","dempr001","murre001","smitb101","decid001","belam101","moraa101","harll101","lopec101","","","","13","T","F",4,8,2,"T","T",0,"F","F",1,"F","F",0,"F","F",1,"G","F","F","",0,0,"N",0,"N",0,"N",0,0,0,0,"13","","","","F","F","F","F","F","F","F","F","F","","","","F","F","F","F","F","","","","",0,3,0,0,1,0,0,0,0,65,"BAL","CLE","BAL",0,"T","F",6,1,0,34,0,"T","F",0,0,"T","T","veryt001","mannr001","F","F",0,0,0,0,0,0,0,0,0,"","","",0,0,0,0,0,0,0,0,0,0,0,0,0,"kerrj101","F","F","F","F",0,0,0,0,0,0,0,0,0,0,F,F,"1978BAL.EVA.regular.event.csv",1670
"BAL197805270","CLE",8,0,1,0,0,"",6,1,"veryt001","?","veryt001","?","kerrj101","?","kerrj101","?","dempr001","murre001","smitb101","decid001","belam101","moraa101","harll101","lopec101","","","","9","F","F",6,9,2,"T","T",0,"F","F",1,"F","F",0,"F","F",9,"F","F","F","",0,0,"N",0,"N",0,"N",0,0,0,0,"9","","","","F","F","F","F","F","F","F","F","F","","","","F","F","F","F","F","","","","",0,9,0,0,0,0,0,0,0,66,"BAL","CLE","BAL",0,"F","F",6,1,0,35,1,"T","F",0,0,"T","T","mannr001","bellb001","F","F",0,0,0,0,0,0,0,0,0,"","","",0,0,0,0,0,0,0,0,0,0,0,0,0,"lopec101","F","F","F","F",0,0,0,0,0,0,0,0,0,0,F,F,"1978BAL.EVA.regular.event.csv",1671
"BAL197805270","CLE",8,0,2,0,0,"",6,1,"mannr001","?","mannr001","?","kerrj101","?","kerrj101","?","dempr001","murre001","smitb101","decid001","belam101","moraa101","harll101","lopec101","","","","43","F","F",8,1,2,"T","T",0,"F","F",1,"F","F",0,"F","F",4,"G","F","F","",0,0,"N",0,"N",0,"N",0,0,0,0,"43","","","","F","F","F","F","F","F","F","F","F","","","","F","F","F","F","F","","","","",0,3,0,0,4,0,0,0,0,67,"BAL","CLE","BAL",0,"F","T",6,1,0,36,2,"T","F",0,0,"T","T","bellb001","norrj101","F","F",0,0,0,0,0,0,0,0,0,"","","",0,0,0,0,0,0,0,0,0,0,0,0,0,"smitb101","F","F","F","F",0,0,0,0,0,0,0,0,0,0,F,F,"1978BAL.EVA.regular.event.csv",1672
"BAL197805270","CLE",8,1,0,0,0,"",6,1,"smitb101","?","smitb101","?","clydd101","?","clydd101","?","pruir101","cox-t101","kuipd001","bellb001","veryt001","grubj001","mannr001","norrj101","","","","S4.B-2(E4/TH1)","T","F",4,2,20,"T","T",1,"F","F",0,"F","F",0,"F","F",4,"","F","F","",1,4,"T",0,"N",0,"N",2,0,0,0,"","","","","F","F","F","F","F","F","F","F","F","","","","F","F","F","F","F","","","","",0,0,0,0,0,0,0,0,0,68,"BAL","BAL","CLE",1,"T","F",1,6,0,28,0,"T","F",0,2,"T","T","murre001","moraa101","T","T",0,0,0,0,0,0,0,0,0,"","","",0,0,0,0,0,0,0,0,0,0,0,0,0,"kuipd001","F","F","F","F",5,0,0,0,1,0,0,0,0,0,F,F,"1978BAL.EVA.regular.event.csv",1673
"BAL197805270","CLE",8,1,0,0,0,"",6,1,"murre001","?","murre001","?","clydd101","?","clydd101","?","pruir101","cox-t101","kuipd001","bellb001","veryt001","grubj001","mannr001","norrj101","","smitb101","","43.2-3","F","F",3,3,2,"T","T",0,"F","F",1,"F","F",0,"F","F",4,"G","F","F","",0,0,"N",0,"N",0,"N",0,0,3,0,"43","","","","F","F","F","F","F","F","F","F","F","","clydd101","","F","F","F","F","F","","","","",0,3,0,0,4,0,0,0,0,69,"BAL","BAL","CLE",1,"F","F",1,6,0,29,1,"T","F",2,4,"T","T","moraa101","may-l101","T","T",0,0,0,4,2,68,0,0,0,"","pruir101","",0,0,0,0,0,0,0,0,0,0,0,0,0,"kuipd001","F","F","F","F",0,0,5,0,1,0,0,0,0,0,F,F,"1978BAL.EVA.regular.event.csv",1674
"BAL197805270","CLE",8,1,1,0,0,"",6,1,"moraa101","?","moraa101","?","clydd101","?","clydd101","?","pruir101","cox-t101","kuipd001","bellb001","veryt001","grubj001","mannr001","norrj101","","","smitb101","7/SF.3-H(UR)","F","F",7,4,2,"T","F",0,"F","T",1,"F","F",1,"F","F",7,"F","F","F","",0,0,"N",0,"N",0,"N",0,0,0,5,"7","","","","F","F","F","F","F","F","F","F","F","","","clydd101","F","F","F","F","F","","","","",0,7,0,0,0,0,0,0,0,70,"BAL","BAL","CLE",1,"F","F",1,6,0,30,2,"T","F",4,0,"T","T","may-l101","decid001","T","T",0,0,0,0,0,0,4,2,68,"","","pruir101",0,0,0,0,0,0,0,0,0,0,0,0,1,"grubj001","F","F","F","F",0,0,0,5,0,0,0,0,0,0,F,F,"1978BAL.EVA.regular.event.csv",1675
"BAL197805270","CLE",8,1,2,0,0,"",6,2,"may-l101","?","may-l101","?","clydd101","?","clydd101","?","pruir101","cox-t101","kuipd001","bellb001","veryt001","grubj001","mannr001","norrj101","","","","K","F","F",10,5,3,"T","T",0,"F","F",1,"F","F",0,"F","F",0,"","F","F","",0,0,"N",0,"N",0,"N",0,0,0,0,"2","","","","F","F","F","F","F","F","F","F","F","","","","F","F","F","F","F","","","","",0,2,0,0,0,0,0,0,0,71,"BAL","BAL","CLE",1,"F","T",2,6,1,31,3,"T","F",0,0,"T","T","decid001","lopec101","T","T",0,0,0,0,0,0,0,0,0,"","","",0,0,0,0,0,0,0,0,0,0,0,0,0,"","F","F","F","F",0,0,0,0,0,0,0,0,0,0,F,F,"1978BAL.EVA.regular.event.csv",1676
"BAL197805270","CLE",9,0,0,0,0,"",6,2,"bellb001","?","bellb001","?","kerrj101","?","kerrj101","?","dempr001","murre001","smitb101","decid001","belam101","moraa101","harll101","lopec101","","","","S5#","T","F",5,2,20,"T","T",1,"F","F",0,"F","F",0,"F","F",5,"","F","F","",0,0,"N",0,"N",0,"N",1,0,0,0,"","","","","F","F","F","F","F","F","F","F","F","","","","F","F","F","F","F","","","","",0,0,0,0,0,0,0,0,0,72,"BAL","CLE","BAL",0,"T","F",6,2,0,37,0,"T","F",0,1,"T","T","norrj101","hortw101","F","F",0,0,0,0,0,0,0,0,0,"","","",0,0,0,0,0,0,0,0,0,0,0,0,0,"decid001","F","F","F","F",0,0,0,0,0,0,0,0,0,0,F,T,"1978BAL.EVA.regular.event.csv",1677
"BAL197805270","CLE",9,0,0,0,0,"",6,2,"norrj101","?","norrj101","?","kerrj101","?","kerrj101","?","dempr001","murre001","smitb101","decid001","belam101","moraa101","harll101","lopec101","bellb001","","","63.1-2","F","F",9,3,2,"T","T",0,"F","F",1,"F","F",0,"F","F",6,"G","F","F","",0,0,"N",0,"N",0,"N",0,2,0,0,"63","","","","F","F","F","F","F","F","F","F","F","kerrj101","","","F","F","F","F","F","","","","",0,3,0,0,6,0,0,0,0,73,"BAL","CLE","BAL",0,"F","F",6,2,0,38,1,"T","F",1,2,"F","F","hortw101","cox-t101","F","F",5,2,72,0,0,0,0,0,0,"dempr001","","",0,0,0,0,0,0,0,0,0,0,0,0,0,"belam101","F","F","F","F",0,0,0,0,0,0,0,0,0,0,F,F,"1978BAL.EVA.regular.event.csv",1678
"BAL197805270","CLE",9,0,1,0,0,"",6,2,"hortw101","?","hortw101","?","kerrj101","?","kerrj101","?","dempr001","murre001","smitb101","decid001","belam101","moraa101","harll101","lopec101","","bellb001","","4","F","F",10,4,2,"T","T",0,"F","F",1,"F","F",0,"F","F",4,"F","F","F","",0,0,"N",0,"N",0,"N",0,0,2,0,"4","","","","F","F","F","F","F","F","F","F","F","","kerrj101","","F","F","F","F","F","","","","",0,4,0,0,0,0,0,0,0,74,"BAL","CLE","BAL",0,"F","F",6,2,0,39,2,"T","F",2,2,"T","T","cox-t101","grubj001","F","F",0,0,0,5,2,72,0,0,0,"","dempr001","",0,0,0,0,0,0,0,0,0,0,0,0,0,"smitb101","F","F","F","F",0,0,0,0,0,0,0,0,0,0,F,F,"1978BAL.EVA.regular.event.csv",1679
"BAL197805270","CLE",9,0,2,0,0,"",6,2,"cox-t101","?","cox-t101","?","kerrj101","?","kerrj101","?","dempr001","murre001","smitb101","decid001","belam101","moraa101","harll101","lopec101","","bellb001","","63","F","F",3,5,2,"T","T",0,"F","F",1,"F","F",0,"F","F",6,"G","F","F","",0,0,"N",0,"N",0,"N",0,0,2,0,"63","","","","F","F","F","F","F","F","F","F","F","","kerrj101","","F","F","F","F","F","","","","",0,3,0,0,6,0,0,0,0,75,"BAL","CLE","BAL",0,"F","T",6,2,0,40,3,"T","F",2,2,"T","T","grubj001","pruir101","F","F",0,0,0,5,2,72,0,0,0,"","dempr001","",0,0,0,0,0,0,0,0,0,0,0,0,0,"belam101","F","F","F","F",0,0,0,0,0,0,0,0,0,0,F,F,"1978BAL.EVA.regular.event.csv",1680
"BAL197805270","CLE",9,1,0,0,0,"",6,2,"decid001","?","decid001","?","clydd101","?","clydd101","?","pruir101","cox-t101","kuipd001","bellb001","veryt001","grubj001","mannr001","norrj101","","","","43","T","F",5,6,2,"T","T",0,"F","F",1,"F","F",0,"F","F",4,"G","F","F","",0,0,"N",0,"N",0,"N",0,0,0,0,"43","","","","F","F","F","F","F","F","F","F","F","","","","F","F","F","F","F","","","","",0,3,0,0,4,0,0,0,0,76,"BAL","BAL","CLE",1,"T","F",2,6,0,32,0,"T","F",0,0,"T","T","lopec101","dempr001","T","T",0,0,0,0,0,0,0,0,0,"","","",0,0,0,0,0,0,0,0,0,0,0,0,0,"kuipd001","F","F","F","F",0,0,0,0,0,0,0,0,0,0,F,F,"1978BAL.EVA.regular.event.csv",1681
"BAL197805270","CLE",9,1,1,0,0,"",6,2,"lopec101","?","lopec101","?","clydd101","?","clydd101","?","pruir101","cox-t101","kuipd001","bellb001","veryt001","grubj001","mannr001","norrj101","","","","7","F","F",9,7,2,"T","T",0,"F","F",1,"F","F",0,"F","F",7,"F","F","F","",0,0,"N",0,"N",0,"N",0,0,0,0,"7","","","","F","F","F","F","F","F","F","F","F","","","","F","F","F","F","F","","","","",0,7,0,0,0,0,0,0,0,77,"BAL","BAL","CLE",1,"F","F",2,6,0,33,1,"T","F",0,0,"T","T","dempr001","belam101","T","T",0,0,0,0,0,0,0,0,0,"","","",0,0,0,0,0,0,0,0,0,0,0,0,0,"grubj001","F","F","F","F",0,0,0,0,0,0,0,0,0,0,F,F,"1978BAL.EVA.regular.event.csv",1682
"BAL197805270","CLE",9,1,2,0,0,"",6,2,"dempr001","?","dempr001","?","clydd101","?","clydd101","?","pruir101","cox-t101","kuipd001","bellb001","veryt001","grubj001","mannr001","norrj101","","","","8","F","F",2,8,2,"T","T",0,"F","F",1,"F","F",0,"F","F",8,"F","F","F","",0,0,"N",0,"N",0,"N",0,0,0,0,"8","","","","F","F","F","F","F","F","F","F","F","","","","F","T","F","F","F","","","","",0,8,0,0,0,0,0,0,0,78,"BAL","BAL","CLE",1,"F","T",2,6,0,34,2,"T","F",0,0,"T","T","belam101","harll101","T","T",0,0,0,0,0,0,0,0,0,"","","",0,0,0,0,0,0,0,0,0,0,0,0,0,"mannr001","F","F","F","F",0,0,0,0,0,0,0,0,0,0,F,F,"1978BAL.EVA.regular.event.csv",1683
"BAL197805281","CLE",1,0,0,0,0,"",0,0,"mannr001","?","mannr001","?","martd001","?","martd001","?","skagd101","murre001","decid001","dauer001","belam101","moraa101","lopec101","singk001","","","","W","T","F",8,1,14,"T","F",0,"F","F",0,"F","F",0,"F","F",0,"","F","F","",0,0,"N",0,"N",0,"N",1,0,0,0,"","","","","F","F","F","F","F","F","F","F","F","","","","T","F","F","F","F","","","","",0,0,0,0,0,0,0,0,0,1,"BAL","CLE","BAL",0,"T","F",0,0,0,0,0,"T","F",0,1,"T","T","norrj101","bellb001","T","T",0,0,0,0,0,0,0,0,0,"","","",0,0,0,0,0,0,0,0,0,0,0,0,0,"","F","F","F","F",0,0,0,0,0,0,0,0,0,0,F,F,"1978BAL.EVA.regular.event.csv",1684
"BAL197805281","CLE",1,0,0,0,0,"",0,0,"norrj101","?","norrj101","?","martd001","?","martd001","?","skagd101","murre001","decid001","dauer001","belam101","moraa101","lopec101","singk001","mannr001","","","63.1-2","F","F",9,2,2,"T","T",0,"F","F",1,"F","F",0,"F","F",6,"G","F","F","",0,0,"N",0,"N",0,"N",0,2,0,0,"63","","","","F","F","F","F","F","F","F","F","F","martd001","","","F","F","F","F","F","","","","",0,3,0,0,6,0,0,0,0,2,"BAL","CLE","BAL",0,"F","F",0,0,0,1,1,"T","F",1,2,"T","T","bellb001","grubj001","T","T",8,1,1,0,0,0,0,0,0,"skagd101","","",0,0,0,0,0,0,0,0,0,0,0,0,0,"belam101","F","F","F","F",0,0,0,0,0,0,0,0,0,0,F,F,"1978BAL.EVA.regular.event.csv",1685
"BAL197805281","CLE",1,0,1,0,0,"",0,0,"bellb001","?","bellb001","?","martd001","?","martd001","?","skagd101","murre001","decid001","dauer001","belam101","moraa101","lopec101","singk001","","mannr001","","13.2-3","F","F",5,3,2,"T","T",0,"F","F",1,"F","F",0,"F","F",1,"G","F","F","",0,0,"N",0,"N",0,"N",0,0,3,0,"13","","","","F","F","F","F","F","F","F","F","F","","martd001","","F","F","F","F","F","","","","",0,3,0,0,1,0,0,0,0,3,"BAL","CLE","BAL",0,"F","F",0,0,0,2,2,"T","F",2,4,"T","T","grubj001","cagew101","T","T",0,0,0,8,1,1,0,0,0,"","skagd101","",0,0,0,0,0,0,0,0,0,0,0,0,0,"martd001","F","F","F","F",0,0,0,0,0,0,0,0,0,0,F,F,"1978BAL.EVA.regular.event.csv",1686
"BAL197805281","CLE",1,0,2,0,0,"",0,0,"grubj001","?","grubj001","?","martd001","?","martd001","?","skagd101","murre001","decid001","dauer001","belam101","moraa101","lopec101","singk001","","","mannr001","43","F","F",7,4,2,"T","T",0,"F","F",1,"F","F",0,"F","F",4,"G","F","F","",0,0,"N",0,"N",0,"N",0,0,0,3,"43","","","","F","F","F","F","F","F","F","F","F","","","martd001","F","F","F","F","F","","","","",0,3,0,0,4,0,0,0,0,4,"BAL","CLE","BAL",0,"F","T",0,0,0,3,3,"T","F",4,4,"T","T","cagew101","cox-t101","T","T",0,0,0,0,0,0,8,1,1,"","","skagd101",0,0,0,0,0,0,0,0,0,0,0,0,0,"decid001","F","F","F","F",0,0,0,0,0,0,0,0,0,0,F,F,"1978BAL.EVA.regular.event.csv",1687
"BAL197805281","CLE",1,1,0,0,0,"",0,0,"lopec101","?","lopec101","?","hoodd101","?","hoodd101","?","hassr001","cagew101","kuipd001","bellb001","blanl101","grubj001","mannr001","norrj101","","","","63","T","F",8,1,2,"T","T",0,"F","F",1,"F","F",0,"F","F",6,"G","F","F","",0,0,"N",0,"N",0,"N",0,0,0,0,"63","","","","F","F","F","F","F","F","F","F","F","","","","F","F","F","F","F","","","","",0,3,0,0,6,0,0,0,0,5,"BAL","BAL","CLE",1,"T","F",0,0,0,0,0,"T","F",0,0,"T","T","dauer001","singk001","T","T",0,0,0,0,0,0,0,0,0,"","","",0,0,0,0,0,0,0,0,0,0,0,0,0,"blanl101","F","F","F","F",0,0,0,0,0,0,0,0,0,0,F,F,"1978BAL.EVA.regular.event.csv",1688
"BAL197805281","CLE",1,1,1,0,0,"",0,0,"dauer001","?","dauer001","?","hoodd101","?","hoodd101","?","hassr001","cagew101","kuipd001","bellb001","blanl101","grubj001","mannr001","norrj101","","","","63","F","F",5,2,2,"T","T",0,"F","F",1,"F","F",0,"F","F",6,"G","F","F","",0,0,"N",0,"N",0,"N",0,0,0,0,"63","","","","F","F","F","F","F","F","F","F","F","","","","F","F","F","F","F","","","","",0,3,0,0,6,0,0,0,0,6,"BAL","BAL","CLE",1,"F","F",0,0,0,1,1,"T","F",0,0,"T","T","singk001","murre001","T","T",0,0,0,0,0,0,0,0,0,"","","",0,0,0,0,0,0,0,0,0,0,0,0,0,"blanl101","F","F","F","F",0,0,0,0,0,0,0,0,0,0,F,F,"1978BAL.EVA.regular.event.csv",1689
"BAL197805281","CLE",1,1,2,0,0,"",0,0,"singk001","?","singk001","?","hoodd101","?","hoodd101","?","hassr001","cagew101","kuipd001","bellb001","blanl101","grubj001","mannr001","norrj101","","","","7","F","F",9,3,2,"T","T",0,"F","F",1,"F","F",0,"F","F",7,"F","F","F","",0,0,"N",0,"N",0,"N",0,0,0,0,"7","","","","F","F","F","F","F","F","F","F","F","","","","F","F","F","F","F","","","","",0,7,0,0,0,0,0,0,0,7,"BAL","BAL","CLE",1,"F","T",0,0,0,2,2,"T","F",0,0,"T","T","murre001","may-l101","T","T",0,0,0,0,0,0,0,0,0,"","","",0,0,0,0,0,0,0,0,0,0,0,0,0,"grubj001","F","F","F","F",0,0,0,0,0,0,0,0,0,0,F,F,"1978BAL.EVA.regular.event.csv",1690
"BAL197805281","CLE",2,0,0,0,0,"",0,0,"cagew101","?","cagew101","?","martd001","?","martd001","?","skagd101","murre001","decid001","dauer001","belam101","moraa101","lopec101","singk001","","","","K","T","F",3,5,3,"T","T",0,"F","F",1,"F","F",0,"F","F",0,"","F","F","",0,0,"N",0,"N",0,"N",0,0,0,0,"2","","","","F","F","F","F","F","F","F","F","F","","","","F","F","F","F","F","","","","",0,2,0,0,0,0,0,0,0,8,"BAL","CLE","BAL",0,"T","F",0,0,0,4,0,"T","F",0,0,"T","T","cox-t101","kuipd001","T","T",0,0,0,0,0,0,0,0,0,"","","",0,0,0,0,0,0,0,0,0,0,0,0,0,"","F","F","F","F",0,0,0,0,0,0,0,0,0,0,F,F,"1978BAL.EVA.regular.event.csv",1691
"BAL197805281","CLE",2,0,1,0,0,"",0,0,"cox-t101","?","cox-t101","?","martd001","?","martd001","?","skagd101","murre001","decid001","dauer001","belam101","moraa101","lopec101","singk001","","","","K/C","F","F",10,6,3,"T","T",0,"F","F",1,"F","F",0,"F","F",0,"","F","F","",0,0,"N",0,"N",0,"N",0,0,0,0,"2","","","","F","F","F","F","F","F","F","F","F","","","","F","F","F","F","F","","","","",0,2,0,0,0,0,0,0,0,9,"BAL","CLE","BAL",0,"F","F",0,0,0,5,1,"T","F",0,0,"T","T","kuipd001","blanl101","T","T",0,0,0,0,0,0,0,0,0,"","","",0,0,0,0,0,0,0,0,0,0,0,0,0,"","F","F","F","F",0,0,0,0,0,0,0,0,0,0,F,F,"1978BAL.EVA.regular.event.csv",1692
"BAL197805281","CLE",2,0,2,0,0,"",0,0,"kuipd001","?","kuipd001","?","martd001","?","martd001","?","skagd101","murre001","decid001","dauer001","belam101","moraa101","lopec101","singk001","","","","43","F","F",4,7,2,"T","T",0,"F","F",1,"F","F",0,"F","F",4,"G","F","F","",0,0,"N",0,"N",0,"N",0,0,0,0,"43","","","","F","F","F","F","F","F","F","F","F","","","","F","F","F","F","F","","","","",0,3,0,0,4,0,0,0,0,10,"BAL","CLE","BAL",0,"F","T",0,0,0,6,2,"T","F",0,0,"T","T","blanl101","hassr001","T","T",0,0,0,0,0,0,0,0,0,"","","",0,0,0,0,0,0,0,0,0,0,0,0,0,"decid001","F","F","F","F",0,0,0,0,0,0,0,0,0,0,F,F,"1978BAL.EVA.regular.event.csv",1693
"BAL197805281","CLE",2,1,0,0,0,"",0,0,"murre001","?","murre001","?","hoodd101","?","hoodd101","?","hassr001","cagew101","kuipd001","bellb001","blanl101","grubj001","mannr001","norrj101","","","","63","T","F",3,4,2,"T","T",0,"F","F",1,"F","F",0,"F","F",6,"G","F","F","",0,0,"N",0,"N",0,"N",0,0,0,0,"63","","","","F","F","F","F","F","F","F","F","F","","","","F","F","F","F","F","","","","",0,3,0,0,6,0,0,0,0,11,"BAL","BAL","CLE",1,"T","F",0,0,0,3,0,"T","F",0,0,"T","T","may-l101","moraa101","T","T",0,0,0,0,0,0,0,0,0,"","","",0,0,0,0,0,0,0,0,0,0,0,0,0,"blanl101","F","F","F","F",0,0,0,0,0,0,0,0,0,0,F,F,"1978BAL.EVA.regular.event.csv",1694
"BAL197805281","CLE",2,1,1,0,0,"",0,0,"may-l101","?","may-l101","?","hoodd101","?","hoodd101","?","hassr001","cagew101","kuipd001","bellb001","blanl101","grubj001","mannr001","norrj101","","","","43","F","F",10,5,2,"T","T",0,"F","F",1,"F","F",0,"F","F",4,"G","F","F","",0,0,"N",0,"N",0,"N",0,0,0,0,"43","","","","F","F","F","F","F","F","F","F","F","","","","F","F","F","F","F","","","","",0,3,0,0,4,0,0,0,0,12,"BAL","BAL","CLE",1,"F","F",0,0,0,4,1,"T","F",0,0,"T","T","moraa101","decid001","T","T",0,0,0,0,0,0,0,0,0,"","","",0,0,0,0,0,0,0,0,0,0,0,0,0,"kuipd001","F","F","F","F",0,0,0,0,0,0,0,0,0,0,F,F,"1978BAL.EVA.regular.event.csv",1695
"BAL197805281","CLE",2,1,2,0,0,"",0,0,"moraa101","?","moraa101","?","hoodd101","?","hoodd101","?","hassr001","cagew101","kuipd001","bellb001","blanl101","grubj001","mannr001","norrj101","","","","53","F","F",7,6,2,"T","T",0,"F","F",1,"F","F",0,"F","F",5,"G","F","F","",0,0,"N",0,"N",0,"N",0,0,0,0,"53","","","","F","F","F","F","F","F","F","F","F","","","","F","F","F","F","F","","","","",0,3,0,0,5,0,0,0,0,13,"BAL","BAL","CLE",1,"F","T",0,0,0,5,2,"T","F",0,0,"T","T","decid001","belam101","T","T",0,0,0,0,0,0,0,0,0,"","","",0,0,0,0,0,0,0,0,0,0,0,0,0,"bellb001","F","F","F","F",0,0,0,0,0,0,0,0,0,0,F,F,"1978BAL.EVA.regular.event.csv",1696
"BAL197805281","CLE",3,0,0,0,0,"",0,0,"blanl101","?","blanl101","?","martd001","?","martd001","?","skagd101","murre001","decid001","dauer001","belam101","moraa101","lopec101","singk001","","","","43","T","F",6,8,2,"T","T",0,"F","F",1,"F","F",0,"F","F",4,"G","F","F","",0,0,"N",0,"N",0,"N",0,0,0,0,"43","","","","F","F","F","F","F","F","F","F","F","","","","F","F","F","F","F","","","","",0,3,0,0,4,0,0,0,0,14,"BAL","CLE","BAL",0,"T","F",0,0,0,7,0,"T","F",0,0,"T","T","hassr001","mannr001","T","T",0,0,0,0,0,0,0,0,0,"","","",0,0,0,0,0,0,0,0,0,0,0,0,0,"decid001","F","F","F","F",0,0,0,0,0,0,0,0,0,0,F,F,"1978BAL.EVA.regular.event.csv",1697
"BAL197805281","CLE",3,0,1,0,0,"",0,0,"hassr001","?","hassr001","?","martd001","?","martd001","?","skagd101","murre001","decid001","dauer001","belam101","moraa101","lopec101","singk001","","","","3/G","F","F",2,9,2,"T","T",0,"F","F",1,"F","F",0,"F","F",3,"G","F","F","",0,0,"N",0,"N",0,"N",0,0,0,0,"3","","","","F","F","F","F","F","F","F","F","F","","","","F","F","F","F","F","","","","",0,3,0,0,0,0,0,0,0,15,"BAL","CLE","BAL",0,"F","F",0,0,0,8,1,"T","F",0,0,"T","T","mannr001","norrj101","T","T",0,0,0,0,0,0,0,0,0,"","","",0,0,0,0,0,0,0,0,0,0,0,0,0,"murre001","F","F","F","F",0,0,0,0,0,0,0,0,0,0,F,F,"1978BAL.EVA.regular.event.csv",1698
"BAL197805281","CLE",3,0,2,0,0,"",0,0,"mannr001","?","mannr001","?","martd001","?","martd001","?","skagd101","murre001","decid001","dauer001","belam101","moraa101","lopec101","singk001","","","","43","F","F",8,1,2,"T","T",0,"F","F",1,"F","F",0,"F","F",4,"G","F","F","",0,0,"N",0,"N",0,"N",0,0,0,0,"43","","","","F","F","F","F","F","F","F","F","F","","","","F","F","F","F","F","","","","",0,3,0,0,4,0,0,0,0,16,"BAL","CLE","BAL",0,"F","T",0,0,0,9,2,"T","F",0,0,"T","T","norrj101","bellb001","T","T",0,0,0,0,0,0,0,0,0,"","","",0,0,0,0,0,0,0,0,0,0,0,0,0,"decid001","F","F","F","F",0,0,0,0,0,0,0,0,0,0,F,F,"1978BAL.EVA.regular.event.csv",1699
"BAL197805281","CLE",3,1,0,0,0,"",0,0,"decid001","?","decid001","?","hoodd101","?","hoodd101","?","hassr001","cagew101","kuipd001","bellb001","blanl101","grubj001","mannr001","norrj101","","","","W","T","F",4,7,14,"T","F",0,"F","F",0,"F","F",0,"F","F",0,"","F","F","",0,0,"N",0,"N",0,"N",1,0,0,0,"","","","","F","F","F","F","F","F","F","F","F","","","","F","F","F","F","F","","","","",0,0,0,0,0,0,0,0,0,17,"BAL","BAL","CLE",1,"T","F",0,0,0,6,0,"T","F",0,1,"T","T","belam101","skagd101","T","T",0,0,0,0,0,0,0,0,0,"","","",0,0,0,0,0,0,0,0,0,0,0,0,0,"","F","F","F","F",4,0,0,0,2,0,0,0,0,0,F,F,"1978BAL.EVA.regular.event.csv",1700
"BAL197805281","CLE",3,1,0,0,0,"",0,0,"belam101","?","belam101","?","hoodd101","?","hoodd101","?","hassr001","cagew101","kuipd001","bellb001","blanl101","grubj001","mannr001","norrj101","decid001","","","SB2#","F","F",6,8,4,"F","F",0,"F","F",0,"F","F",0,"F","F",0,"","F","F","",0,0,"N",0,"N",0,"N",0,2,0,0,"","","","","T","F","F","F","F","F","F","F","F","hoodd101","","","F","F","F","F","F","","","","",0,0,0,0,0,0,0,0,0,18,"BAL","BAL","CLE",1,"F","F",0,0,0,7,1,"T","F",1,2,"T","T","skagd101","lopec101","T","T",4,7,17,0,0,0,0,0,0,"hassr001","","",0,0,0,0,0,0,0,0,0,0,0,0,0,"","F","F","F","F",0,4,0,0,2,0,0,0,0,0,F,T,"1978BAL.EVA.regular.event.csv",1701
"BAL197805281","CLE",3,1,0,0,0,"",0,0,"belam101","?","belam101","?","hoodd101","?","hoodd101","?","hassr001","cagew101","kuipd001","bellb001","blanl101","grubj001","mannr001","norrj101","","decid001","","8","F","F",6,8,2,"T","T",0,"F","F",1,"F","F",0,"F","F",8,"F","F","F","",0,0,"N",0,"N",0,"N",0,0,2,0,"8","","","","F","F","F","F","F","F","F","F","F","","hoodd101","","F","F","F","F","F","","","","",0,8,0,0,0,0,0,0,0,19,"BAL","BAL","CLE",1,"F","F",0,0,0,7,1,"F","F",2,2,"T","T","skagd101","lopec101","T","T",0,0,0,4,7,17,0,0,0,"","hassr001","",0,0,0,0,0,0,0,0,0,0,0,0,0,"mannr001","F","F","F","F",0,0,4,0,2,0,0,0,0,0,F,F,"1978BAL.EVA.regular.event.csv",1702
"BAL197805281","CLE",3,1,1,0,0,"",0,0,"skagd101","?","skagd101","?","hoodd101","?","hoodd101","?","hassr001","cagew101","kuipd001","bellb001","blanl101","grubj001","mannr001","norrj101","","decid001","","K","F","F",2,9,3,"T","T",0,"F","F",1,"F","F",0,"F","F",0,"","F","F","",0,0,"N",0,"N",0,"N",0,0,2,0,"2","","","","F","F","F","F","F","F","F","F","F","","hoodd101","","F","F","F","F","F","","","","",0,2,0,0,0,0,0,0,0,20,"BAL","BAL","CLE",1,"F","F",0,0,0,8,2,"T","F",2,2,"T","T","lopec101","dauer001","T","T",0,0,0,4,7,17,0,0,0,"","hassr001","",0,0,0,0,0,0,0,0,0,0,0,0,0,"","F","F","F","F",0,0,4,0,2,0,0,0,0,0,F,F,"1978BAL.EVA.regular.event.csv",1703
"BAL197805281","CLE",3,1,2,0,0,"",0,0,"lopec101","?","lopec101","?","hoodd101","?","hoodd101","?","hassr001","cagew101","kuipd001","bellb001","blanl101","grubj001","mannr001","norrj101","","decid001","","HR.2-H","F","F",8,1,23,"T","T",4,"F","F",0,"F","F",2,"F","F",0,"","F","F","",0,0,"N",0,"N",0,"N",4,0,4,0,"","","","","F","F","F","F","F","F","F","F","F","","hoodd101","","F","F","F","F","F","","","","",0,0,0,0,0,0,0,0,0,21,"BAL","BAL","CLE",1,"F","F",0,0,0,9,3,"T","F",2,0,"T","T","dauer001","singk001","T","T",0,0,0,4,7,17,0,0,0,"","hassr001","",0,0,0,0,0,0,0,0,0,0,0,0,2,"","F","F","F","F",4,0,4,0,0,0,0,0,0,0,F,F,"1978BAL.EVA.regular.event.csv",1704
"BAL197805281","CLE",3,1,2,0,0,"",0,2,"dauer001","?","dauer001","?","hoodd101","?","hoodd101","?","hassr001","cagew101","kuipd001","bellb001","blanl101","grubj001","mannr001","norrj101","","","","13","F","F",5,2,2,"T","T",0,"F","F",1,"F","F",0,"F","F",1,"G","F","F","",0,0,"N",0,"N",0,"N",0,0,0,0,"13","","","","F","F","F","F","F","F","F","F","F","","","","F","F","F","F","F","","","","",0,3,0,0,1,0,0,0,0,22,"BAL","BAL","CLE",1,"F","T",2,0,2,10,4,"T","F",0,0,"T","T","singk001","murre001","T","T",0,0,0,0,0,0,0,0,0,"","","",0,0,0,0,0,0,0,0,0,0,0,0,0,"hoodd101","F","F","F","F",0,0,0,0,0,0,0,0,0,0,F,F,"1978BAL.EVA.regular.event.csv",1705
"BAL197805281","CLE",4,0,0,0,0,"",0,2,"norrj101","?","norrj101","?","martd001","?","martd001","?","skagd101","murre001","decid001","dauer001","belam101","moraa101","lopec101","singk001","","","","31","T","F",9,2,2,"T","T",0,"F","F",1,"F","F",0,"F","F",3,"G","F","F","",0,0,"N",0,"N",0,"N",0,0,0,0,"31","","","","F","F","F","F","F","F","F","F","F","","","","F","F","F","F","F","","","","",0,1,0,0,3,0,0,0,0,23,"BAL","CLE","BAL",0,"T","F",0,2,0,10,0,"T","F",0,0,"T","T","bellb001","grubj001","T","T",0,0,0,0,0,0,0,0,0,"","","",0,0,0,0,0,0,0,0,0,0,0,0,0,"murre001","F","F","F","F",0,0,0,0,2,0,0,0,0,0,F,F,"1978BAL.EVA.regular.event.csv",1706
"BAL197805281","CLE",4,0,1,0,0,"",0,2,"bellb001","?","bellb001","?","martd001","?","martd001","?","skagd101","murre001","decid001","dauer001","belam101","moraa101","lopec101","singk001","","","","S9.B-2(E9)","F","F",5,3,20,"T","T",1,"F","F",0,"F","F",0,"F","F",9,"","F","F","",1,9,"F",0,"N",0,"N",2,0,0,0,"","","","","F","F","F","F","F","F","F","F","F","","","","F","F","F","F","F","","","","",0,0,0,0,0,0,0,0,0,24,"BAL","CLE","BAL",0,"F","F",0,2,0,11,1,"T","F",0,2,"T","T","grubj001","cagew101","T","T",0,0,0,0,0,0,0,0,0,"","","",0,0,0,0,0,0,0,0,0,0,0,0,0,"singk001","F","F","F","F",4,0,0,0,2,0,0,0,0,0,F,F,"1978BAL.EVA.regular.event.csv",1707
"BAL197805281","CLE",4,0,1,0,0,"",0,2,"grubj001","?","grubj001","?","martd001","?","martd001","?","skagd101","murre001","decid001","dauer001","belam101","moraa101","lopec101","singk001","","bellb001","","W","F","F",7,4,14,"T","F",0,"F","F",0,"F","F",0,"F","F",0,"","F","F","",0,0,"N",0,"N",0,"N",1,0,2,0,"","","","","F","F","F","F","F","F","F","F","F","","martd001","","F","F","F","F","F","","","","",0,0,0,0,0,0,0,0,0,25,"BAL","CLE","BAL",0,"F","F",0,2,0,12,2,"T","F",2,3,"T","T","cagew101","cox-t101","T","T",0,0,0,5,3,24,0,0,0,"","skagd101","",0,0,0,0,0,0,0,0,0,0,0,0,0,"","F","F","F","F",4,0,4,0,2,0,0,0,0,0,F,F,"1978BAL.EVA.regular.event.csv",1708
"BAL197805281","CLE",4,0,1,0,0,"",0,2,"cagew101","?","cagew101","?","martd001","?","martd001","?","skagd101","murre001","decid001","dauer001","belam101","moraa101","lopec101","singk001","grubj001","bellb001","","S6.2-H(NR);1-2","F","F",3,5,20,"T","T",1,"F","F",0,"F","F",0,"F","F",6,"","F","F","",0,0,"N",0,"N",0,"N",1,2,4,0,"","","","","F","F","F","F","F","F","F","F","F","martd001","martd001","","F","F","F","F","F","","","","",0,0,0,0,0,0,0,0,0,26,"BAL","CLE","BAL",0,"F","F",0,2,0,13,3,"T","F",3,3,"T","T","cox-t101","kuipd001","T","T",7,4,25,5,3,24,0,0,0,"skagd101","skagd101","",0,0,0,0,0,0,0,0,0,0,0,0,1,"belam101","F","F","F","F",0,4,4,0,1,0,0,0,0,0,F,F,"1978BAL.EVA.regular.event.csv",1709
"BAL197805281","CLE",4,0,1,0,0,"",1,2,"cox-t101","?","cox-t101","?","martd001","?","martd001","?","skagd101","murre001","decid001","dauer001","belam101","moraa101","lopec101","singk001","cagew101","grubj001","","S8.2-H;1-2","F","F",10,6,20,"T","T",1,"F","F",0,"F","F",1,"F","F",8,"","F","F","",0,0,"N",0,"N",0,"N",1,2,4,0,"","","","","F","F","F","F","F","F","F","F","F","martd001","martd001","","F","F","F","F","F","","","","",0,0,0,0,0,0,0,0,0,27,"BAL","CLE","BAL",0,"F","F",1,2,1,14,4,"T","F",3,3,"T","T","kuipd001","blanl101","T","T",3,5,26,7,4,25,0,0,0,"skagd101","skagd101","",0,0,0,0,0,0,0,0,0,0,0,0,1,"lopec101","F","F","F","F",0,0,4,0,0,0,0,0,0,0,F,F,"1978BAL.EVA.regular.event.csv",1710
"BAL197805281","CLE",4,0,1,0,0,"",2,2,"kuipd001","?","kuipd001","?","martd001","?","martd001","?","skagd101","murre001","decid001","dauer001","belam101","moraa101","lopec101","singk001","cox-t101","cagew101","","6(1)3/GDP","F","F",4,7,2,"T","T",0,"F","F",2,"T","F",0,"F","F",6,"G","F","F","",0,0,"N",0,"N",0,"N",0,0,2,0,"63","6","","","F","F","F","F","F","F","F","F","F","martd001","martd001","","F","F","F","F","F","","","","",0,6,3,0,6,0,0,0,0,28,"BAL","CLE","BAL",0,"F","T",2,2,2,15,5,"T","F",3,2,"T","T","blanl101","hassr001","T","T",10,6,27,3,5,26,0,0,0,"skagd101","skagd101","",0,0,0,0,0,0,0,0,0,0,0,0,0,"belam101","T","F","F","F",0,0,0,0,0,0,0,0,0,0,F,F,"1978BAL.EVA.regular.event.csv",1711
"BAL197805281","CLE",4,1,0,0,0,"",2,2,"singk001","?","singk001","?","hoodd101","?","hoodd101","?","hassr001","cagew101","kuipd001","bellb001","blanl101","grubj001","mannr001","norrj101","","","","W","T","F",9,3,14,"T","F",0,"F","F",0,"F","F",0,"F","F",0,"","F","F","",0,0,"N",0,"N",0,"N",1,0,0,0,"","","","","F","F","F","F","F","F","F","F","F","","","","F","F","F","F","F","","","","",0,0,0,0,0,0,0,0,0,29,"BAL","BAL","CLE",1,"T","F",2,2,0,11,0,"T","F",0,1,"T","T","murre001","may-l101","T","T",0,0,0,0,0,0,0,0,0,"","","",0,0,0,0,0,0,0,0,0,0,0,0,0,"","F","F","F","F",0,0,0,0,0,0,0,0,0,0,F,F,"1978BAL.EVA.regular.event.csv",1712
"BAL197805281","CLE",4,1,0,0,0,"",2,2,"murre001","?","murre001","?","hoodd101","?","hoodd101","?","hassr001","cagew101","kuipd001","bellb001","blanl101","grubj001","mannr001","norrj101","singk001","","","54(1)3/GDP","F","F",3,4,2,"T","T",0,"F","F",2,"T","F",0,"F","F",5,"G","F","F","",0,0,"N",0,"N",0,"N",0,0,0,0,"43","54","","","F","F","F","F","F","F","F","F","F","hoodd101","","","F","F","F","F","F","","","","",0,4,3,0,5,4,0,0,0,30,"BAL","BAL","CLE",1,"F","F",2,2,0,12,1,"T","F",1,0,"T","T","may-l101","moraa101","T","T",9,3,29,0,0,0,0,0,0,"hassr001","","",0,0,0,0,0,0,0,0,0,0,0,0,0,"bellb001","T","F","F","F",0,0,0,0,0,0,0,0,0,0,F,F,"1978BAL.EVA.regular.event.csv",1713
"BAL197805281","CLE",4,1,2,0,0,"",2,2,"may-l101","?","may-l101","?","hoodd101","?","hoodd101","?","hassr001","cagew101","kuipd001","bellb001","blanl101","grubj001","mannr001","norrj101","","","","9","F","F",10,5,2,"T","T",0,"F","F",1,"F","F",0,"F","F",9,"F","F","F","",0,0,"N",0,"N",0,"N",0,0,0,0,"9","","","","F","F","F","F","F","F","F","F","F","","","","F","F","F","F","F","","","","",0,9,0,0,0,0,0,0,0,31,"BAL","BAL","CLE",1,"F","T",2,2,0,13,2,"T","F",0,0,"T","T","moraa101","decid001","T","T",0,0,0,0,0,0,0,0,0,"","","",0,0,0,0,0,0,0,0,0,0,0,0,0,"norrj101","F","F","F","F",0,0,0,0,0,0,0,0,0,0,F,F,"1978BAL.EVA.regular.event.csv",1714
"BAL197805281","CLE",5,0,0,0,0,"",2,2,"blanl101","?","blanl101","?","martd001","?","martd001","?","skagd101","murre001","smitb101","dauer001","belam101","moraa101","lopec101","singk001","","","","9","T","F",6,8,2,"T","T",0,"F","F",1,"F","F",0,"F","F",9,"F","F","F","",0,0,"N",0,"N",0,"N",0,0,0,0,"9","","","","F","F","F","F","F","F","F","F","F","","","","F","F","F","F","F","","","","",0,9,0,0,0,0,0,0,0,32,"BAL","CLE","BAL",0,"T","F",2,2,0,16,0,"T","F",0,0,"T","T","hassr001","mannr001","T","T",0,0,0,0,0,0,0,0,0,"","","",0,0,0,0,0,0,0,0,0,0,0,0,0,"singk001","F","F","F","F",0,0,0,0,0,0,0,0,0,0,F,F,"1978BAL.EVA.regular.event.csv",1715
"BAL197805281","CLE",5,0,1,0,0,"",2,2,"hassr001","?","hassr001","?","martd001","?","martd001","?","skagd101","murre001","smitb101","dauer001","belam101","moraa101","lopec101","singk001","","","","13","F","F",2,9,2,"T","T",0,"F","F",1,"F","F",0,"F","F",1,"G","F","F","",0,0,"N",0,"N",0,"N",0,0,0,0,"13","","","","F","F","F","F","F","F","F","F","F","","","","F","F","F","F","F","","","","",0,3,0,0,1,0,0,0,0,33,"BAL","CLE","BAL",0,"F","F",2,2,0,17,1,"T","F",0,0,"T","T","mannr001","norrj101","T","T",0,0,0,0,0,0,0,0,0,"","","",0,0,0,0,0,0,0,0,0,0,0,0,0,"martd001","F","F","F","F",0,0,0,0,0,0,0,0,0,0,F,F,"1978BAL.EVA.regular.event.csv",1716
"BAL197805281","CLE",5,0,2,0,0,"",2,2,"mannr001","?","mannr001","?","martd001","?","martd001","?","skagd101","murre001","smitb101","dauer001","belam101","moraa101","lopec101","singk001","","","","5/L","F","F",8,1,2,"T","T",0,"F","F",1,"F","F",0,"F","F",5,"L","F","F","",0,0,"N",0,"N",0,"N",0,0,0,0,"5","","","","F","F","F","F","F","F","F","F","F","","","","F","F","F","F","F","","","","",0,5,0,0,0,0,0,0,0,34,"BAL","CLE","BAL",0,"F","T",2,2,0,18,2,"T","F",0,0,"T","T","norrj101","bellb001","T","T",0,0,0,0,0,0,0,0,0,"","","",0,0,0,0,0,0,0,0,0,0,0,0,0,"dauer001","F","F","F","F",0,0,0,0,0,0,0,0,0,0,F,F,"1978BAL.EVA.regular.event.csv",1717
"BAL197805281","CLE",5,1,0,0,0,"",2,2,"moraa101","?","moraa101","?","hoodd101","?","hoodd101","?","hassr001","cagew101","kuipd001","bellb001","blanl101","grubj001","mannr001","norrj101","","","","K","T","F",7,6,3,"T","T",0,"F","F",1,"F","F",0,"F","F",0,"","F","F","",0,0,"N",0,"N",0,"N",0,0,0,0,"2","","","","F","F","F","F","F","F","F","F","F","","","","F","F","F","F","F","","","","",0,2,0,0,0,0,0,0,0,35,"BAL","BAL","CLE",1,"T","F",2,2,0,14,0,"T","F",0,0,"T","T","smitb101","belam101","T","T",0,0,0,0,0,0,0,0,0,"","","",0,0,0,0,0,0,0,0,0,0,0,0,0,"","F","F","F","F",0,0,0,0,0,0,0,0,0,0,F,F,"1978BAL.EVA.regular.event.csv",1718
"BAL197805281","CLE",5,1,1,0,0,"",2,2,"smitb101","?","smitb101","?","hoodd101","?","hoodd101","?","hassr001","cagew101","kuipd001","bellb001","blanl101","grubj001","mannr001","norrj101","","","","8/L","F","F",4,7,2,"T","T",0,"F","F",1,"F","F",0,"F","F",8,"L","F","F","",0,0,"N",0,"N",0,"N",0,0,0,0,"8","","","","F","F","F","F","F","F","F","F","F","","","","F","F","F","F","F","","","","",0,8,0,0,0,0,0,0,0,36,"BAL","BAL","CLE",1,"F","F",2,2,0,15,1,"T","F",0,0,"F","F","belam101","skagd101","T","T",0,0,0,0,0,0,0,0,0,"","","",0,0,0,0,0,0,0,0,0,0,0,0,0,"mannr001","F","F","F","F",0,0,0,0,0,0,0,0,0,0,F,F,"1978BAL.EVA.regular.event.csv",1719
"BAL197805281","CLE",5,1,2,0,0,"",2,2,"belam101","?","belam101","?","hoodd101","?","hoodd101","?","hassr001","cagew101","kuipd001","bellb001","blanl101","grubj001","mannr001","norrj101","","","","S9","F","F",6,8,20,"T","T",1,"F","F",0,"F","F",0,"F","F",9,"","F","F","",0,0,"N",0,"N",0,"N",1,0,0,0,"","","","","F","F","F","F","F","F","F","F","F","","","","F","F","F","F","F","","","","",0,0,0,0,0,0,0,0,0,37,"BAL","BAL","CLE",1,"F","F",2,2,0,16,2,"T","F",0,1,"T","T","skagd101","lopec101","T","T",0,0,0,0,0,0,0,0,0,"","","",0,0,0,0,0,0,0,0,0,0,0,0,0,"norrj101","F","F","F","F",0,0,0,0,0,0,0,0,0,0,F,F,"1978BAL.EVA.regular.event.csv",1720
"BAL197805281","CLE",5,1,2,0,0,"",2,2,"skagd101","?","skagd101","?","hoodd101","?","hoodd101","?","hassr001","cagew101","kuipd001","bellb001","blanl101","grubj001","mannr001","norrj101","belam101","","","S8/G.1-3","F","F",2,9,20,"T","T",1,"F","F",0,"F","F",0,"F","F",8,"G","F","F","",0,0,"N",0,"N",0,"N",1,3,0,0,"","","","","F","F","F","F","F","F","F","F","F","hoodd101","","","F","F","F","F","F","","","","",0,0,0,0,0,0,0,0,0,38,"BAL","BAL","CLE",1,"F","F",2,2,0,17,3,"T","F",1,5,"T","T","lopec101","dauer001","T","T",6,8,37,0,0,0,0,0,0,"hassr001","","",0,0,0,0,0,0,0,0,0,0,0,0,0,"mannr001","F","F","F","F",0,0,0,0,0,0,0,0,0,0,F,F,"1978BAL.EVA.regular.event.csv",1721
"BAL197805281","CLE",5,1,2,0,0,"",2,2,"lopec101","?","lopec101","?","hoodd101","?","hoodd101","?","hassr001","cagew101","kuipd001","bellb001","blanl101","grubj001","mannr001","norrj101","skagd101","","belam101","63","F","F",8,1,2,"T","T",0,"F","F",1,"F","F",0,"F","F",6,"G","F","F","",0,0,"N",0,"N",0,"N",0,1,0,3,"63","","","","F","F","F","F","F","F","F","F","F","hoodd101","","hoodd101","F","F","F","F","F","","","","",0,3,0,0,6,0,0,0,0,39,"BAL","BAL","CLE",1,"F","T",2,2,0,18,4,"T","F",5,5,"T","T","dauer001","singk001","T","T",2,9,38,0,0,0,6,8,37,"hassr001","","hassr001",0,0,0,0,0,0,0,0,0,0,0,0,0,"blanl101","F","F","F","F",0,0,0,0,0,0,0,0,0,0,F,F,"1978BAL.EVA.regular.event.csv",1722
"BAL197805281","CLE",6,0,0,0,0,"",2,2,"norrj101","?","norrj101","?","martd001","?","martd001","?","skagd101","murre001","smitb101","dauer001","belam101","moraa101","lopec101","singk001","","","","S1#","T","F",9,2,20,"T","T",1,"F","F",0,"F","F",0,"F","F",1,"","F","F","",0,0,"N",0,"N",0,"N",1,0,0,0,"","","","","F","F","F","F","F","F","F","F","F","","","","F","F","F","F","F","","","","",0,0,0,0,0,0,0,0,0,40,"BAL","CLE","BAL",0,"T","F",2,2,0,19,0,"T","F",0,1,"T","T","bellb001","grubj001","T","T",0,0,0,0,0,0,0,0,0,"","","",0,0,0,0,0,0,0,0,0,0,0,0,0,"martd001","F","F","F","F",4,0,0,0,1,0,0,0,0,0,F,T,"1978BAL.EVA.regular.event.csv",1723
"BAL197805281","CLE",6,0,0,0,0,"",2,2,"bellb001","?","bellb001","?","martd001","?","martd001","?","skagd101","murre001","smitb101","dauer001","belam101","moraa101","lopec101","singk001","norrj101","","","9","F","F",5,3,2,"T","T",0,"F","F",1,"F","F",0,"F","F",9,"F","F","F","",0,0,"N",0,"N",0,"N",0,1,0,0,"9","","","","F","F","F","F","F","F","F","F","F","martd001","","","F","F","F","F","F","","","","",0,9,0,0,0,0,0,0,0,41,"BAL","CLE","BAL",0,"F","F",2,2,0,20,1,"T","F",1,1,"T","T","grubj001","cagew101","T","T",9,2,40,0,0,0,0,0,0,"skagd101","","",0,0,0,0,0,0,0,0,0,0,0,0,0,"singk001","F","F","F","F",0,4,0,0,1,0,0,0,0,0,F,F,"1978BAL.EVA.regular.event.csv",1724
"BAL197805281","CLE",6,0,1,0,0,"",2,2,"grubj001","?","grubj001","?","martd001","?","martd001","?","skagd101","murre001","smitb101","dauer001","belam101","moraa101","lopec101","singk001","norrj101","","","SB2","F","F",7,4,4,"F","F",0,"F","F",0,"F","F",0,"F","F",0,"","F","F","",0,0,"N",0,"N",0,"N",0,2,0,0,"","","","","T","F","F","F","F","F","F","F","F","martd001","","","F","F","F","F","F","","","","",0,0,0,0,0,0,0,0,0,42,"BAL","CLE","BAL",0,"F","F",2,2,0,21,2,"T","F",1,2,"T","T","cagew101","cox-t101","T","T",9,2,40,0,0,0,0,0,0,"skagd101","","",0,0,0,0,0,0,0,0,0,0,0,0,0,"","F","F","F","F",0,4,0,0,1,0,0,0,0,0,F,F,"1978BAL.EVA.regular.event.csv",1725
"BAL197805281","CLE",6,0,1,0,0,"",2,2,"grubj001","?","grubj001","?","martd001","?","martd001","?","skagd101","murre001","smitb101","dauer001","belam101","moraa101","lopec101","singk001","","norrj101","","S7.2-H","F","F",7,4,20,"T","T",1,"F","F",0,"F","F",1,"F","F",7,"","F","F","",0,0,"N",0,"N",0,"N",1,0,4,0,"","","","","F","F","F","F","F","F","F","F","F","","martd001","","F","F","F","F","F","","","","",0,0,0,0,0,0,0,0,0,43,"BAL","CLE","BAL",0,"F","F",2,2,0,21,2,"F","F",2,1,"T","T","cagew101","cox-t101","T","T",0,0,0,9,2,40,0,0,0,"","skagd101","",0,0,0,0,0,0,0,0,0,0,0,0,1,"moraa101","F","F","F","F",2,0,4,0,0,0,0,0,0,0,F,F,"1978BAL.EVA.regular.event.csv",1726
"BAL197805281","CLE",6,0,1,0,0,"",3,2,"cagew101","?","cagew101","?","martd001","?","martd001","?","skagd101","murre001","smitb101","dauer001","belam101","moraa101","lopec101","singk001","grubj001","","","WP.1-2","F","F",3,5,9,"F","F",0,"F","F",0,"F","F",0,"T","F",0,"","F","F","",0,0,"N",0,"N",0,"N",0,2,0,0,"","","","","F","F","F","F","F","F","F","F","F","martd001","","","F","F","F","F","F","","","","",0,0,0,0,0,0,0,0,0,44,"BAL","CLE","BAL",0,"F","F",3,2,1,22,3,"T","F",1,2,"T","T","cox-t101","kuipd001","T","T",7,4,43,0,0,0,0,0,0,"skagd101","","",0,0,0,0,0,0,0,0,0,0,0,0,0,"","F","F","F","F",0,2,0,0,0,0,0,0,0,0,F,F,"1978BAL.EVA.regular.event.csv",1727
"BAL197805281","CLE",6,0,1,0,0,"",3,2,"cagew101","?","cagew101","?","martd001","?","martd001","?","skagd101","murre001","smitb101","dauer001","belam101","moraa101","lopec101","singk001","","grubj001","","K","F","F",3,5,3,"T","T",0,"F","F",1,"F","F",0,"F","F",0,"","F","F","",0,0,"N",0,"N",0,"N",0,0,2,0,"2","","","","F","F","F","F","F","F","F","F","F","","martd001","","F","F","F","F","F","","","","",0,2,0,0,0,0,0,0,0,45,"BAL","CLE","BAL",0,"F","F",3,2,1,22,3,"F","F",2,2,"T","T","cox-t101","kuipd001","T","T",0,0,0,7,4,43,0,0,0,"","skagd101","",0,0,0,0,0,0,0,0,0,0,0,0,0,"","F","F","F","F",0,0,2,0,0,0,0,0,0,0,F,F,"1978BAL.EVA.regular.event.csv",1728
"BAL197805281","CLE",6,0,2,0,0,"",3,2,"cox-t101","?","cox-t101","?","martd001","?","martd001","?","skagd101","murre001","smitb101","dauer001","belam101","moraa101","lopec101","singk001","","grubj001","","9","F","F",10,6,2,"T","T",0,"F","F",1,"F","F",0,"F","F",9,"F","F","F","",0,0,"N",0,"N",0,"N",0,0,2,0,"9","","","","F","F","F","F","F","F","F","F","F","","martd001","","F","F","F","F","F","","","","",0,9,0,0,0,0,0,0,0,46,"BAL","CLE","BAL",0,"F","T",3,2,1,23,4,"T","F",2,2,"T","T","kuipd001","blanl101","T","T",0,0,0,7,4,43,0,0,0,"","skagd101","",0,0,0,0,0,0,0,0,0,0,0,0,0,"singk001","F","F","F","F",0,0,2,0,0,0,0,0,0,0,F,F,"1978BAL.EVA.regular.event.csv",1729
"BAL197805281","CLE",6,1,0,0,0,"",3,2,"dauer001","?","dauer001","?","hoodd101","?","hoodd101","?","hassr001","cagew101","kuipd001","bellb001","veryt001","grubj001","mannr001","norrj101","","","","8","T","F",5,2,2,"T","T",0,"F","F",1,"F","F",0,"F","F",8,"F","F","F","",0,0,"N",0,"N",0,"N",0,0,0,0,"8","","","","F","F","F","F","F","F","F","F","F","","","","F","F","F","F","F","","","","",0,8,0,0,0,0,0,0,0,47,"BAL","BAL","CLE",1,"T","F",2,3,0,19,0,"T","F",0,0,"T","T","singk001","murre001","T","T",0,0,0,0,0,0,0,0,0,"","","",0,0,0,0,0,0,0,0,0,0,0,0,0,"mannr001","F","F","F","F",0,0,0,0,1,0,0,0,0,0,F,F,"1978BAL.EVA.regular.event.csv",1730
"BAL197805281","CLE",6,1,1,0,0,"",3,2,"singk001","?","singk001","?","hoodd101","?","hoodd101","?","hassr001","cagew101","kuipd001","bellb001","veryt001","grubj001","mannr001","norrj101","","","","S7","F","F",9,3,20,"T","T",1,"F","F",0,"F","F",0,"F","F",7,"","F","F","",0,0,"N",0,"N",0,"N",1,0,0,0,"","","","","F","F","F","F","F","F","F","F","F","","","","F","F","F","F","F","","","","",0,0,0,0,0,0,0,0,0,48,"BAL","BAL","CLE",1,"F","F",2,3,0,20,1,"T","F",0,1,"T","T","murre001","may-l101","T","T",0,0,0,0,0,0,0,0,0,"","","",0,0,0,0,0,0,0,0,0,0,0,0,0,"grubj001","F","F","F","F",4,0,0,0,1,0,0,0,0,0,F,F,"1978BAL.EVA.regular.event.csv",1731
"BAL197805281","CLE",6,1,1,0,0,"",3,2,"murre001","?","murre001","?","hoodd101","?","hoodd101","?","hassr001","cagew101","kuipd001","bellb001","veryt001","grubj001","mannr001","norrj101","singk001","","","K","F","F",3,4,3,"T","T",0,"F","F",1,"F","F",0,"F","F",0,"","F","F","",0,0,"N",0,"N",0,"N",0,1,0,0,"2","","","","F","F","F","F","F","F","F","F","F","hoodd101","","","F","F","F","F","F","","","","",0,2,0,0,0,0,0,0,0,49,"BAL","BAL","CLE",1,"F","F",2,3,0,21,2,"T","F",1,1,"T","T","may-l101","moraa101","T","T",9,3,48,0,0,0,0,0,0,"hassr001","","",0,0,0,0,0,0,0,0,0,0,0,0,0,"","F","F","F","F",0,4,0,0,1,0,0,0,0,0,F,F,"1978BAL.EVA.regular.event.csv",1732
"BAL197805281","CLE",6,1,2,0,0,"",3,2,"may-l101","?","may-l101","?","hoodd101","?","hoodd101","?","hassr001","cagew101","kuipd001","bellb001","veryt001","grubj001","mannr001","norrj101","singk001","","","D9.1-H","F","F",10,5,21,"T","T",2,"F","F",0,"F","F",1,"F","F",9,"","F","F","",0,0,"N",0,"N",0,"N",2,4,0,0,"","","","","F","F","F","F","F","F","F","F","F","hoodd101","","","F","F","F","F","F","","","","",0,0,0,0,0,0,0,0,0,50,"BAL","BAL","CLE",1,"F","F",2,3,0,22,3,"T","F",1,2,"T","T","moraa101","smitb101","T","T",9,3,48,0,0,0,0,0,0,"hassr001","","",0,0,0,0,0,0,0,0,0,0,0,0,1,"norrj101","F","F","F","F",0,4,0,0,0,0,0,0,0,0,F,F,"1978BAL.EVA.regular.event.csv",1733
"BAL197805281","CLE",6,1,2,0,0,"",3,3,"moraa101","?","moraa101","?","hoodd101","?","hoodd101","?","hassr001","cagew101","kuipd001","bellb001","veryt001","grubj001","mannr001","norrj101","","may-l101","","W","F","F",7,6,14,"T","F",0,"F","F",0,"F","F",0,"F","F",0,"","F","F","",0,0,"N",0,"N",0,"N",1,0,2,0,"","","","","F","F","F","F","F","F","F","F","F","","hoodd101","","F","F","F","F","F","","","","",0,0,0,0,0,0,0,0,0,51,"BAL","BAL","CLE",1,"F","F",3,3,1,23,4,"T","F",2,3,"T","T","smitb101","belam101","T","T",0,0,0,10,5,50,0,0,0,"","hassr001","",0,0,0,0,0,0,0,0,0,0,0,0,0,"","F","F","F","F",0,0,0,0,0,0,0,0,0,0,F,F,"1978BAL.EVA.regular.event.csv",1734
"BAL197805281","CLE",6,1,2,0,0,"",3,3,"smitb101","?","smitb101","?","hoodd101","?","hoodd101","?","hassr001","cagew101","kuipd001","bellb001","veryt001","grubj001","mannr001","norrj101","moraa101","may-l101","","W.2-3;1-2","F","F",4,7,14,"T","F",0,"F","F",0,"F","F",0,"F","F",0,"","F","F","",0,0,"N",0,"N",0,"N",1,2,3,0,"","","","","F","F","F","F","F","F","F","F","F","hoodd101","hoodd101","","F","F","F","F","F","","","","",0,0,0,0,0,0,0,0,0,52,"BAL","BAL","CLE",1,"F","F",3,3,1,24,5,"T","F",3,7,"F","F","belam101","skagd101","T","T",7,6,51,10,5,50,0,0,0,"hassr001","hassr001","",0,0,0,0,0,0,0,0,0,0,0,0,0,"","F","F","F","F",0,0,0,0,0,0,0,0,0,0,F,F,"1978BAL.EVA.regular.event.csv",1735
"BAL197805281","CLE",6,1,2,0,0,"",3,3,"belam101","?","belam101","?","hoodd101","?","hoodd101","?","hassr001","cagew101","kuipd001","bellb001","veryt001","grubj001","mannr001","norrj101","smitb101","moraa101","may-l101","8","F","F",6,8,2,"T","T",0,"F","F",1,"F","F",0,"F","F",8,"F","F","F","",0,0,"N",0,"N",0,"N",0,1,2,3,"8","","","","F","F","F","F","F","F","F","F","F","hoodd101","hoodd101","hoodd101","F","F","F","F","F","","","","",0,8,0,0,0,0,0,0,0,53,"BAL","BAL","CLE",1,"F","T",3,3,1,25,6,"T","F",7,7,"T","T","skagd101","lopec101","T","T",4,7,52,7,6,51,10,5,50,"hassr001","hassr001","hassr001",0,0,0,0,0,0,0,0,0,0,0,0,0,"mannr001","F","F","F","F",0,0,0,0,0,0,0,0,0,0,F,F,"1978BAL.EVA.regular.event.csv",1736
"BAL197805281","CLE",7,0,0,0,0,"",3,3,"kuipd001","?","kuipd001","?","martd001","?","martd001","?","skagd101","murre001","smitb101","dauer001","belam101","moraa101","lopec101","singk001","","","","43","T","F",4,7,2,"T","T",0,"F","F",1,"F","F",0,"F","F",4,"G","F","F","",0,0,"N",0,"N",0,"N",0,0,0,0,"43","","","","F","F","F","F","F","F","F","F","F","","","","F","F","F","F","F","","","","",0,3,0,0,4,0,0,0,0,54,"BAL","CLE","BAL",0,"T","F",3,3,0,24,0,"T","F",0,0,"T","T","veryt001","hassr001","T","T",0,0,0,0,0,0,0,0,0,"","","",0,0,0,0,0,0,0,0,0,0,0,0,0,"smitb101","F","F","F","F",0,0,0,0,0,0,0,0,0,0,F,F,"1978BAL.EVA.regular.event.csv",1737
"BAL197805281","CLE",7,0,1,0,0,"",3,3,"veryt001","?","veryt001","?","martd001","?","martd001","?","skagd101","murre001","smitb101","dauer001","belam101","moraa101","lopec101","singk001","","","","9","F","F",6,8,2,"T","T",0,"F","F",1,"F","F",0,"F","F",9,"F","F","F","",0,0,"N",0,"N",0,"N",0,0,0,0,"9","","","","F","F","F","F","F","F","F","F","F","","","","F","F","F","F","F","","","","",0,9,0,0,0,0,0,0,0,55,"BAL","CLE","BAL",0,"F","F",3,3,0,25,1,"T","F",0,0,"F","F","hassr001","mannr001","T","T",0,0,0,0,0,0,0,0,0,"","","",0,0,0,0,0,0,0,0,0,0,0,0,0,"singk001","F","F","F","F",0,0,0,0,0,0,0,0,0,0,F,F,"1978BAL.EVA.regular.event.csv",1738
"BAL197805281","CLE",7,0,2,0,0,"",3,3,"hassr001","?","hassr001","?","martd001","?","martd001","?","skagd101","murre001","smitb101","dauer001","belam101","moraa101","lopec101","singk001","","","","S8","F","F",2,9,20,"T","T",1,"F","F",0,"F","F",0,"F","F",8,"","F","F","",0,0,"N",0,"N",0,"N",1,0,0,0,"","","","","F","F","F","F","F","F","F","F","F","","","","F","F","F","F","F","","","","",0,0,0,0,0,0,0,0,0,56,"BAL","CLE","BAL",0,"F","F",3,3,0,26,2,"T","F",0,1,"T","T","mannr001","norrj101","T","T",0,0,0,0,0,0,0,0,0,"","","",0,0,0,0,0,0,0,0,0,0,0,0,0,"lopec101","F","F","F","F",0,0,0,0,0,0,0,0,0,0,F,F,"1978BAL.EVA.regular.event.csv",1739
"BAL197805281","CLE",7,0,2,0,0,"",3,3,"mannr001","?","mannr001","?","martd001","?","martd001","?","skagd101","murre001","smitb101","dauer001","belam101","moraa101","lopec101","singk001","hassr001","","","8/L","F","F",8,1,2,"T","T",0,"F","F",1,"F","F",0,"F","F",8,"L","F","F","",0,0,"N",0,"N",0,"N",0,1,0,0,"8","","","","F","F","F","F","F","F","F","F","F","martd001","","","F","F","F","F","F","","","","",0,8,0,0,0,0,0,0,0,57,"BAL","CLE","BAL",0,"F","T",3,3,0,27,3,"T","F",1,1,"T","T","norrj101","bellb001","T","T",2,9,56,0,0,0,0,0,0,"skagd101","","",0,0,0,0,0,0,0,0,0,0,0,0,0,"lopec101","F","F","F","F",0,0,0,0,0,0,0,0,0,0,F,F,"1978BAL.EVA.regular.event.csv",1740
"BAL197805281","CLE",7,1,0,0,0,"",3,3,"skagd101","?","skagd101","?","hoodd101","?","hoodd101","?","hassr001","cagew101","kuipd001","bellb001","veryt001","grubj001","mannr001","norrj101","","","","4","T","F",2,9,2,"T","T",0,"F","F",1,"F","F",0,"F","F",4,"F","F","F","",0,0,"N",0,"N",0,"N",0,0,0,0,"4","","","","F","F","F","F","F","F","F","F","F","","","","F","F","F","F","F","","","","",0,4,0,0,0,0,0,0,0,58,"BAL","BAL","CLE",1,"T","F",3,3,0,26,0,"T","F",0,0,"T","T","lopec101","dauer001","T","T",0,0,0,0,0,0,0,0,0,"","","",0,0,0,0,0,0,0,0,0,0,0,0,0,"kuipd001","F","F","F","F",0,0,0,0,0,0,0,0,0,0,F,F,"1978BAL.EVA.regular.event.csv",1741
"BAL197805281","CLE",7,1,1,0,0,"",3,3,"lopec101","?","lopec101","?","hoodd101","?","hoodd101","?","hassr001","cagew101","kuipd001","bellb001","veryt001","grubj001","mannr001","norrj101","","","","8","F","F",8,1,2,"T","T",0,"F","F",1,"F","F",0,"F","F",8,"F","F","F","",0,0,"N",0,"N",0,"N",0,0,0,0,"8","","","","F","F","F","F","F","F","F","F","F","","","","F","F","F","F","F","","","","",0,8,0,0,0,0,0,0,0,59,"BAL","BAL","CLE",1,"F","F",3,3,0,27,1,"T","F",0,0,"T","T","dauer001","singk001","T","T",0,0,0,0,0,0,0,0,0,"","","",0,0,0,0,0,0,0,0,0,0,0,0,0,"mannr001","F","F","F","F",0,0,0,0,0,0,0,0,0,0,F,F,"1978BAL.EVA.regular.event.csv",1742
"BAL197805281","CLE",7,1,2,0,0,"",3,3,"dauer001","?","dauer001","?","hoodd101","?","hoodd101","?","hassr001","cagew101","kuipd001","bellb001","veryt001","grubj001","mannr001","norrj101","","","","53","F","F",5,2,2,"T","T",0,"F","F",1,"F","F",0,"F","F",5,"G","F","F","",0,0,"N",0,"N",0,"N",0,0,0,0,"53","","","","F","F","F","F","F","F","F","F","F","","","","F","F","F","F","F","","","","",0,3,0,0,5,0,0,0,0,60,"BAL","BAL","CLE",1,"F","T",3,3,0,28,2,"T","F",0,0,"T","T","singk001","murre001","T","T",0,0,0,0,0,0,0,0,0,"","","",0,0,0,0,0,0,0,0,0,0,0,0,0,"bellb001","F","F","F","F",0,0,0,0,0,0,0,0,0,0,F,F,"1978BAL.EVA.regular.event.csv",1743
"BAL197805281","CLE",8,0,0,0,0,"",3,3,"norrj101","?","norrj101","?","martd001","?","martd001","?","skagd101","murre001","smitb101","dauer001","belam101","moraa101","lopec101","singk001","","","","W","T","F",9,2,14,"T","F",0,"F","F",0,"F","F",0,"F","F",0,"","F","F","",0,0,"N",0,"N",0,"N",1,0,0,0,"","","","","F","F","F","F","F","F","F","F","F","","","","F","F","F","F","F","","","","",0,0,0,0,0,0,0,0,0,61,"BAL","CLE","BAL",0,"T","F",3,3,0,28,0,"T","F",0,1,"T","T","bellb001","grubj001","T","T",0,0,0,0,0,0,0,0,0,"","","",0,0,0,0,0,0,0,0,0,0,0,0,0,"","F","F","F","F",0,0,0,0,0,0,0,0,0,0,F,F,"1978BAL.EVA.regular.event.csv",1744
"BAL197805281","CLE",8,0,0,0,0,"",3,3,"bellb001","?","bellb001","?","martd001","?","martd001","?","skagd101","murre001","smitb101","dauer001","belam101","moraa101","lopec101","singk001","norrj101","","","S8.1-2","F","F",5,3,20,"T","T",1,"F","F",0,"F","F",0,"F","F",8,"","F","F","",0,0,"N",0,"N",0,"N",1,2,0,0,"","","","","F","F","F","F","F","F","F","F","F","martd001","","","F","F","F","F","F","","","","",0,0,0,0,0,0,0,0,0,62,"BAL","CLE","BAL",0,"F","F",3,3,0,29,1,"T","F",1,3,"T","T","grubj001","cagew101","T","T",9,2,61,0,0,0,0,0,0,"skagd101","","",0,0,0,0,0,0,0,0,0,0,0,0,0,"lopec101","F","F","F","F",2,0,0,0,0,0,0,0,0,0,F,F,"1978BAL.EVA.regular.event.csv",1745
"BAL197805281","CLE",8,0,0,0,0,"",3,3,"grubj001","?","grubj001","?","martt001","?","martt001","?","skagd101","murre001","smitb101","dauer001","belam101","moraa101","lopec101","singk001","bellb001","norrj101","","56(2)/FO/BG.1-2","F","F",7,4,2,"T","T",0,"F","F",1,"F","F",0,"F","F",5,"G","T","F","",0,0,"N",0,"N",0,"N",1,2,0,0,"","","56","","F","F","F","F","F","F","F","F","F","martd001","martd001","","F","F","F","F","F","","","","",0,6,0,0,5,0,0,0,0,63,"BAL","CLE","BAL",0,"F","F",3,3,0,30,2,"T","F",3,3,"T","T","cagew101","cox-t101","F","F",5,3,62,9,2,61,0,0,0,"skagd101","skagd101","",0,0,0,0,0,0,0,0,0,0,0,0,0,"dauer001","F","T","F","F",1,2,0,0,0,0,0,0,0,0,F,F,"1978BAL.EVA.regular.event.csv",1746
"BAL197805281","CLE",8,0,1,0,0,"",3,3,"vailm001","?","vailm001","?","stand101","?","stand101","?","skagd101","murre001","smitb101","dauer001","belam101","moraa101","lopec101","singk001","grubj001","bellb001","","8","F","T",11,5,2,"T","T",0,"F","F",1,"F","F",0,"F","F",8,"F","F","F","",0,0,"N",0,"N",0,"N",0,1,2,0,"8","","","","F","F","F","F","F","F","F","F","F","martd001","martd001","","F","F","F","F","F","","","","cagew101",3,8,0,0,0,0,0,0,0,64,"BAL","CLE","BAL",0,"F","F",3,3,0,31,3,"T","F",3,3,"F","F","cox-t101","kuipd001","F","F",7,4,63,5,3,62,0,0,0,"skagd101","skagd101","",0,0,0,0,0,0,0,0,0,0,0,0,0,"lopec101","F","F","F","F",0,1,2,0,0,0,0,0,0,0,F,F,"1978BAL.EVA.regular.event.csv",1747
"BAL197805281","CLE",8,0,2,0,0,"",3,3,"cox-t101","?","cox-t101","?","stand101","?","stand101","?","skagd101","murre001","smitb101","dauer001","belam101","moraa101","lopec101","singk001","grubj001","bellb001","","9","F","F",10,6,2,"T","T",0,"F","F",1,"F","F",0,"F","F",9,"F","F","F","",0,0,"N",0,"N",0,"N",0,1,2,0,"9","","","","F","F","F","F","F","F","F","F","F","martd001","martd001","","F","F","F","F","F","","","","",0,9,0,0,0,0,0,0,0,65,"BAL","CLE","BAL",0,"F","T",3,3,0,32,4,"T","F",3,3,"T","T","kuipd001","veryt001","F","F",7,4,63,5,3,62,0,0,0,"skagd101","skagd101","",0,0,0,0,0,0,0,0,0,0,0,0,0,"singk001","F","F","F","F",0,1,2,0,0,0,0,0,0,0,F,F,"1978BAL.EVA.regular.event.csv",1748
"BAL197805281","CLE",8,1,0,0,0,"",3,3,"singk001","?","singk001","?","mongs001","?","mongs001","?","hassr001","norrj101","kuipd001","bellb001","veryt001","grubj001","mannr001","dadep101","","","","3","T","F",9,3,2,"T","T",0,"F","F",1,"F","F",0,"F","F",3,"F","F","F","",0,0,"N",0,"N",0,"N",0,0,0,0,"3","","","","F","F","F","F","F","F","F","F","F","","","","F","F","F","F","F","","","","",0,3,0,0,0,0,0,0,0,66,"BAL","BAL","CLE",1,"T","F",3,3,0,29,0,"T","F",0,0,"T","T","murre001","may-l101","F","F",0,0,0,0,0,0,0,0,0,"","","",0,0,0,0,0,0,0,0,0,0,0,0,0,"norrj101","F","F","F","F",0,0,0,0,0,0,0,0,0,0,F,F,"1978BAL.EVA.regular.event.csv",1749
"BAL197805281","CLE",8,1,1,0,0,"",3,3,"murre001","?","murre001","?","mongs001","?","mongs001","?","hassr001","norrj101","kuipd001","bellb001","veryt001","grubj001","mannr001","dadep101","","","","43","F","F",3,4,2,"T","T",0,"F","F",1,"F","F",0,"F","F",4,"G","F","F","",0,0,"N",0,"N",0,"N",0,0,0,0,"43","","","","F","F","F","F","F","F","F","F","F","","","","F","F","F","F","F","","","","",0,3,0,0,4,0,0,0,0,67,"BAL","BAL","CLE",1,"F","F",3,3,0,30,1,"T","F",0,0,"T","T","may-l101","moraa101","F","F",0,0,0,0,0,0,0,0,0,"","","",0,0,0,0,0,0,0,0,0,0,0,0,0,"kuipd001","F","F","F","F",0,0,0,0,0,0,0,0,0,0,F,F,"1978BAL.EVA.regular.event.csv",1750
"BAL197805281","CLE",8,1,2,0,0,"",3,3,"may-l101","?","may-l101","?","mongs001","?","mongs001","?","hassr001","norrj101","kuipd001","bellb001","veryt001","grubj001","mannr001","dadep101","","","","W","F","F",10,5,14,"T","F",0,"F","F",0,"F","F",0,"F","F",0,"","F","F","",0,0,"N",0,"N",0,"N",1,0,0,0,"","","","","F","F","F","F","F","F","F","F","F","","","","F","F","F","F","F","","","","",0,0,0,0,0,0,0,0,0,68,"BAL","BAL","CLE",1,"F","F",3,3,0,31,2,"T","F",0,1,"T","T","moraa101","smitb101","F","F",0,0,0,0,0,0,0,0,0,"","","",0,0,0,0,0,0,0,0,0,0,0,0,0,"","F","F","F","F",0,0,0,0,0,0,0,0,0,0,F,F,"1978BAL.EVA.regular.event.csv",1751
"BAL197805281","CLE",8,1,2,0,0,"",3,3,"moraa101","?","moraa101","?","mongs001","?","mongs001","?","hassr001","norrj101","kuipd001","bellb001","veryt001","grubj001","mannr001","dadep101","kellp101","","","CS2(24)","F","F",7,6,6,"F","F",0,"F","F",1,"F","F",0,"F","F",0,"","F","F","",0,0,"N",0,"N",0,"N",0,0,0,0,"","24","","","F","F","F","T","F","F","F","F","F","mongs001","","","F","F","T","F","F","may-l101","","","",0,4,0,0,2,0,0,0,0,69,"BAL","BAL","CLE",1,"F","T",3,3,0,32,3,"T","T",1,0,"T","T","smitb101","belam101","F","F",10,5,68,0,0,0,0,0,0,"hassr001","","",0,0,0,0,0,0,0,0,0,0,0,0,0,"","F","F","F","F",0,0,0,0,0,0,0,0,0,0,F,F,"1978BAL.EVA.regular.event.csv",1752
"BAL197805281","CLE",9,0,0,0,0,"",3,3,"kuipd001","?","kuipd001","?","stand101","?","stand101","?","skagd101","murre001","smitb101","dauer001","belam101","moraa101","lopec101","singk001","","","","63","T","F",4,7,2,"T","T",0,"F","F",1,"F","F",0,"F","F",6,"G","F","F","",0,0,"N",0,"N",0,"N",0,0,0,0,"63","","","","F","F","F","F","F","F","F","F","F","","","","F","F","F","F","F","","","","",0,3,0,0,6,0,0,0,0,70,"BAL","CLE","BAL",0,"T","F",3,3,0,33,0,"T","F",0,0,"T","T","veryt001","hassr001","F","F",0,0,0,0,0,0,0,0,0,"","","",0,0,0,0,0,0,0,0,0,0,0,0,0,"belam101","F","F","F","F",0,0,0,0,0,0,0,0,0,0,F,F,"1978BAL.EVA.regular.event.csv",1753
"BAL197805281","CLE",9,0,1,0,0,"",3,3,"veryt001","?","veryt001","?","stand101","?","stand101","?","skagd101","murre001","smitb101","dauer001","belam101","moraa101","lopec101","singk001","","","","43","F","F",6,8,2,"T","T",0,"F","F",1,"F","F",0,"F","F",4,"G","F","F","",0,0,"N",0,"N",0,"N",0,0,0,0,"43","","","","F","F","F","F","F","F","F","F","F","","","","F","F","F","F","F","","","","",0,3,0,0,4,0,0,0,0,71,"BAL","CLE","BAL",0,"F","F",3,3,0,34,1,"T","F",0,0,"F","F","hassr001","mannr001","F","F",0,0,0,0,0,0,0,0,0,"","","",0,0,0,0,0,0,0,0,0,0,0,0,0,"smitb101","F","F","F","F",0,0,0,0,0,0,0,0,0,0,F,F,"1978BAL.EVA.regular.event.csv",1754
"BAL197805281","CLE",9,0,2,0,0,"",3,3,"hassr001","?","hassr001","?","stand101","?","stand101","?","skagd101","murre001","smitb101","dauer001","belam101","moraa101","lopec101","singk001","","","","63","F","F",2,9,2,"T","T",0,"F","F",1,"F","F",0,"F","F",6,"G","F","F","",0,0,"N",0,"N",0,"N",0,0,0,0,"63","","","","F","F","F","F","F","F","F","F","F","","","","F","F","F","F","F","","","","",0,3,0,0,6,0,0,0,0,72,"BAL","CLE","BAL",0,"F","T",3,3,0,35,2,"T","F",0,0,"T","T","mannr001","norrj101","F","F",0,0,0,0,0,0,0,0,0,"","","",0,0,0,0,0,0,0,0,0,0,0,0,0,"belam101","F","F","F","F",0,0,0,0,0,0,0,0,0,0,F,F,"1978BAL.EVA.regular.event.csv",1755
"BAL197805281","CLE",9,1,0,0,0,"",3,3,"moraa101","?","moraa101","?","mongs001","?","mongs001","?","hassr001","norrj101","kuipd001","bellb001","veryt001","grubj001","mannr001","dadep101","","","","23","T","F",7,6,2,"T","T",0,"F","F",1,"F","F",0,"F","F",2,"G","F","F","",0,0,"N",0,"N",0,"N",0,0,0,0,"23","","","","F","F","F","F","F","F","F","F","F","","","","F","F","F","F","F","","","","",0,3,0,0,2,0,0,0,0,73,"BAL","BAL","CLE",1,"T","F",3,3,0,32,0,"T","F",0,0,"T","T","smitb101","belam101","F","F",0,0,0,0,0,0,0,0,0,"","","",0,0,0,0,0,0,0,0,0,0,0,0,0,"hassr001","F","F","F","F",0,0,0,0,0,0,0,0,0,0,F,F,"1978BAL.EVA.regular.event.csv",1756
"BAL197805281","CLE",9,1,1,0,0,"",3,3,"smitb101","?","smitb101","?","mongs001","?","mongs001","?","hassr001","norrj101","kuipd001","bellb001","veryt001","grubj001","mannr001","dadep101","","","","S8/G","F","F",4,7,20,"T","T",1,"F","F",0,"F","F",0,"F","F",8,"G","F","F","",0,0,"N",0,"N",0,"N",1,0,0,0,"","","","","F","F","F","F","F","F","F","F","F","","","","F","F","F","F","F","","","","",0,0,0,0,0,0,0,0,0,74,"BAL","BAL","CLE",1,"F","F",3,3,0,33,1,"T","F",0,1,"F","F","belam101","skagd101","F","F",0,0,0,0,0,0,0,0,0,"","","",0,0,0,0,0,0,0,0,0,0,0,0,0,"mannr001","F","F","F","F",1,0,0,0,0,0,0,0,0,0,F,F,"1978BAL.EVA.regular.event.csv",1757
"BAL197805281","CLE",9,1,1,0,0,"",3,3,"belam101","?","belam101","?","mongs001","?","mongs001","?","hassr001","norrj101","kuipd001","bellb001","veryt001","grubj001","mannr001","dadep101","smitb101","","","K","F","F",6,8,3,"T","T",0,"F","F",1,"F","F",0,"F","F",0,"","F","F","",0,0,"N",0,"N",0,"N",0,1,0,0,"2","","","","F","F","F","F","F","F","F","F","F","mongs001","","","F","F","F","F","F","","","","",0,2,0,0,0,0,0,0,0,75,"BAL","BAL","CLE",1,"F","F",3,3,0,34,2,"T","F",1,1,"T","T","skagd101","lopec101","F","F",4,7,74,0,0,0,0,0,0,"hassr001","","",0,0,0,0,0,0,0,0,0,0,0,0,0,"","F","F","F","F",0,1,0,0,0,0,0,0,0,0,F,F,"1978BAL.EVA.regular.event.csv",1758
"BAL197805281","CLE",9,1,2,0,0,"",3,3,"dempr001","?","dempr001","?","mongs001","?","mongs001","?","hassr001","norrj101","kuipd001","bellb001","veryt001","grubj001","mannr001","dadep101","smitb101","","","4/L","F","T",11,9,2,"T","T",0,"F","F",1,"F","F",0,"F","F",4,"L","F","F","",0,0,"N",0,"N",0,"N",0,1,0,0,"4","","","","F","F","F","F","F","F","F","F","F","mongs001","","","F","F","F","F","F","","","","skagd101",2,4,0,0,0,0,0,0,0,76,"BAL","BAL","CLE",1,"F","T",3,3,0,35,3,"T","F",1,1,"F","F","lopec101","dauer001","F","F",4,7,74,0,0,0,0,0,0,"hassr001","","",0,0,0,0,0,0,0,0,0,0,0,0,0,"kuipd001","F","F","F","F",0,1,0,0,0,0,0,0,0,0,F,F,"1978BAL.EVA.regular.event.csv",1759
"BAL197805281","CLE",10,0,0,0,0,"",3,3,"mannr001","?","mannr001","?","stand101","?","stand101","?","dempr001","murre001","smitb101","dauer001","belam101","moraa101","lopec101","singk001","","","","63","T","F",8,1,2,"T","T",0,"F","F",1,"F","F",0,"F","F",6,"G","F","F","",0,0,"N",0,"N",0,"N",0,0,0,0,"63","","","","F","F","F","F","F","F","F","F","F","","","","F","F","F","F","F","","","","",0,3,0,0,6,0,0,0,0,77,"BAL","CLE","BAL",0,"T","F",3,3,0,36,0,"T","F",0,0,"T","T","norrj101","bellb001","F","F",0,0,0,0,0,0,0,0,0,"","","",0,0,0,0,0,0,0,0,0,0,0,0,0,"belam101","F","F","F","F",0,0,0,0,1,0,0,0,0,0,F,F,"1978BAL.EVA.regular.event.csv",1760
"BAL197805281","CLE",10,0,1,0,0,"",3,3,"norrj101","?","norrj101","?","stand101","?","stand101","?","dempr001","murre001","smitb101","dauer001","belam101","moraa101","lopec101","singk001","","","","W","F","F",3,2,14,"T","F",0,"F","F",0,"F","F",0,"F","F",0,"","F","F","",0,0,"N",0,"N",0,"N",1,0,0,0,"","","","","F","F","F","F","F","F","F","F","F","","","","F","F","F","F","F","","","","",0,0,0,0,0,0,0,0,0,78,"BAL","CLE","BAL",0,"F","F",3,3,0,37,1,"T","F",0,1,"T","T","bellb001","grubj001","F","F",0,0,0,0,0,0,0,0,0,"","","",0,0,0,0,0,0,0,0,0,0,0,0,0,"","F","F","F","F",4,0,0,0,1,0,0,0,0,0,F,F,"1978BAL.EVA.regular.event.csv",1761
"BAL197805281","CLE",10,0,1,0,0,"",3,3,"bellb001","?","bellb001","?","stand101","?","stand101","?","dempr001","murre001","smitb101","dauer001","belam101","moraa101","lopec101","singk001","norrj101","","","S9/G.1-3","F","F",5,3,20,"T","T",1,"F","F",0,"F","F",0,"F","F",9,"G","F","F","",0,0,"N",0,"N",0,"N",1,3,0,0,"","","","","F","F","F","F","F","F","F","F","F","stand101","","","F","F","F","F","F","","","","",0,0,0,0,0,0,0,0,0,79,"BAL","CLE","BAL",0,"F","F",3,3,0,38,2,"T","F",1,5,"T","T","grubj001","dadep101","F","F",3,2,78,0,0,0,0,0,0,"dempr001","","",0,0,0,0,0,0,0,0,0,0,0,0,0,"singk001","F","F","F","F",0,4,0,0,1,0,0,0,0,0,F,F,"1978BAL.EVA.regular.event.csv",1762
"BAL197805281","CLE",10,0,1,0,0,"",3,3,"grubj001","?","grubj001","?","stand101","?","stand101","?","dempr001","murre001","smitb101","dauer001","belam101","moraa101","lopec101","singk001","bellb001","","norrj101","8/SF.3-H;1-2","F","F",7,4,2,"T","F",0,"F","T",1,"F","F",1,"F","F",8,"F","F","F","",0,0,"N",0,"N",0,"N",0,2,0,4,"8","","","","F","F","F","F","F","F","F","F","F","stand101","","stand101","F","F","F","F","F","","","","",0,8,0,0,0,0,0,0,0,80,"BAL","CLE","BAL",0,"F","F",3,3,0,39,3,"T","F",5,2,"T","T","dadep101","cox-t101","F","F",5,3,79,0,0,0,3,2,78,"dempr001","","dempr001",0,0,0,0,0,0,0,0,0,0,0,0,1,"lopec101","F","F","F","F",0,0,0,4,0,0,0,0,0,0,F,F,"1978BAL.EVA.regular.event.csv",1763
"BAL197805281","CLE",10,0,2,0,0,"",4,3,"dadep101","?","dadep101","?","stand101","?","stand101","?","dempr001","murre001","smitb101","dauer001","belam101","moraa101","lopec101","singk001","","bellb001","","WP.2-3","F","F",9,5,9,"F","F",0,"F","F",0,"F","F",0,"T","F",0,"","F","F","",0,0,"N",0,"N",0,"N",0,0,3,0,"","","","","F","F","F","F","F","F","F","F","F","","stand101","","F","F","F","F","F","","","","",0,0,0,0,0,0,0,0,0,81,"BAL","CLE","BAL",0,"F","F",4,3,1,40,4,"T","F",2,4,"F","F","cox-t101","kuipd001","F","F",0,0,0,5,3,79,0,0,0,"","dempr001","",0,0,0,0,0,0,0,0,0,0,0,0,0,"","F","F","F","F",0,0,0,0,0,0,0,0,0,0,F,F,"1978BAL.EVA.regular.event.csv",1764
"BAL197805281","CLE",10,0,2,0,0,"",4,3,"dadep101","?","dadep101","?","stand101","?","stand101","?","dempr001","murre001","smitb101","dauer001","belam101","moraa101","lopec101","singk001","","","bellb001","W","F","F",9,5,14,"T","F",0,"F","F",0,"F","F",0,"F","F",0,"","F","F","",0,0,"N",0,"N",0,"N",1,0,0,3,"","","","","F","F","F","F","F","F","F","F","F","","","stand101","F","F","F","F","F","","","","",0,0,0,0,0,0,0,0,0,82,"BAL","CLE","BAL",0,"F","F",4,3,1,40,4,"F","F",4,5,"F","F","cox-t101","kuipd001","F","F",0,0,0,0,0,0,5,3,79,"","","dempr001",0,0,0,0,0,0,0,0,0,0,0,0,0,"","F","F","F","F",0,0,0,0,0,0,0,0,0,0,F,F,"1978BAL.EVA.regular.event.csv",1765
"BAL197805281","CLE",10,0,2,0,0,"",4,3,"cox-t101","?","cox-t101","?","stand101","?","stand101","?","dempr001","murre001","smitb101","dauer001","belam101","moraa101","lopec101","singk001","dadep101","","bellb001","53","F","F",10,6,2,"T","T",0,"F","F",1,"F","F",0,"F","F",5,"G","F","F","",0,0,"N",0,"N",0,"N",0,1,0,3,"53","","","","F","F","F","F","F","F","F","F","F","stand101","","stand101","F","F","F","F","F","","","","",0,3,0,0,5,0,0,0,0,83,"BAL","CLE","BAL",0,"F","T",4,3,1,41,5,"T","F",5,5,"T","T","kuipd001","veryt001","F","F",9,5,82,0,0,0,5,3,79,"dempr001","","dempr001",0,0,0,0,0,0,0,0,0,0,0,0,0,"dauer001","F","F","F","F",0,0,0,0,0,0,0,0,0,0,F,F,"1978BAL.EVA.regular.event.csv",1766
"BAL197805281","CLE",10,1,0,0,0,"",4,3,"lopec101","?","lopec101","?","mongs001","?","mongs001","?","hassr001","norrj101","kuipd001","bellb001","veryt001","grubj001","mannr001","dadep101","","","","9","T","F",8,1,2,"T","T",0,"F","F",1,"F","F",0,"F","F",9,"F","F","F","",0,0,"N",0,"N",0,"N",0,0,0,0,"9","","","","F","F","F","F","F","F","F","F","F","","","","F","F","F","F","F","","","","",0,9,0,0,0,0,0,0,0,84,"BAL","BAL","CLE",1,"T","F",3,4,0,36,0,"T","F",0,0,"T","T","dauer001","singk001","F","F",0,0,0,0,0,0,0,0,0,"","","",0,0,0,0,0,0,0,0,0,0,0,0,0,"dadep101","F","F","F","F",0,0,0,0,0,0,0,0,0,0,F,F,"1978BAL.EVA.regular.event.csv",1767
"BAL197805281","CLE",10,1,1,0,0,"",4,3,"dauer001","?","dauer001","?","mongs001","?","mongs001","?","hassr001","norrj101","kuipd001","bellb001","veryt001","grubj001","mannr001","dadep101","","","","4","F","F",5,2,2,"T","T",0,"F","F",1,"F","F",0,"F","F",4,"F","F","F","",0,0,"N",0,"N",0,"N",0,0,0,0,"4","","","","F","F","F","F","F","F","F","F","F","","","","F","F","F","F","F","","","","",0,4,0,0,0,0,0,0,0,85,"BAL","BAL","CLE",1,"F","F",3,4,0,37,1,"T","F",0,0,"T","T","singk001","murre001","F","F",0,0,0,0,0,0,0,0,0,"","","",0,0,0,0,0,0,0,0,0,0,0,0,0,"kuipd001","F","F","F","F",0,0,0,0,0,0,0,0,0,0,F,F,"1978BAL.EVA.regular.event.csv",1768
"BAL197805281","CLE",10,1,2,0,0,"",4,3,"singk001","?","singk001","?","mongs001","?","mongs001","?","hassr001","norrj101","kuipd001","bellb001","veryt001","grubj001","mannr001","dadep101","","","","S8","F","F",9,3,20,"T","T",1,"F","F",0,"F","F",0,"F","F",8,"","F","F","",0,0,"N",0,"N",0,"N",1,0,0,0,"","","","","F","F","F","F","F","F","F","F","F","","","","F","F","F","F","F","","","","",0,0,0,0,0,0,0,0,0,86,"BAL","BAL","CLE",1,"F","F",3,4,0,38,2,"T","F",0,1,"T","T","murre001","kellp101","F","F",0,0,0,0,0,0,0,0,0,"","","",0,0,0,0,0,0,0,0,0,0,0,0,0,"mannr001","F","F","F","F",1,0,0,0,0,0,0,0,0,0,F,F,"1978BAL.EVA.regular.event.csv",1769
"BAL197805281","CLE",10,1,2,0,0,"",4,3,"murre001","?","murre001","?","mongs001","?","mongs001","?","hassr001","norrj101","kuipd001","bellb001","veryt001","grubj001","mannr001","dadep101","harll101","","","K","F","F",3,4,3,"T","T",0,"F","F",1,"F","F",0,"F","F",0,"","F","F","",0,0,"N",0,"N",0,"N",0,1,0,0,"2","","","","F","F","F","F","F","F","F","F","F","mongs001","","","F","T","T","F","F","singk001","","","",0,2,0,0,0,0,0,0,0,87,"BAL","BAL","CLE",1,"F","T",3,4,0,39,3,"T","F",1,1,"T","T","kellp101","moraa101","F","F",0,3,86,0,0,0,0,0,0,"hassr001","","",0,0,0,0,0,0,0,0,0,0,0,0,0,"","F","F","F","F",0,1,0,0,0,0,0,0,0,0,F,F,"1978BAL.EVA.regular.event.csv",1770
"BAL197805282","CLE",1,0,0,0,0,"",0,0,"mannr001","?","mannr001","?","palmj001","?","palmj001","?","dempr001","murre001","smitb101","decid001","garck001","kellp101","harll101","singk001","","","","8","T","F",8,1,2,"T","T",0,"F","F",1,"F","F",0,"F","F",8,"F","F","F","",0,0,"N",0,"N",0,"N",0,0,0,0,"8","","","","F","F","F","F","F","F","F","F","F","","","","T","F","F","F","F","","","","",0,8,0,0,0,0,0,0,0,1,"BAL","CLE","BAL",0,"T","F",0,0,0,0,0,"T","F",0,0,"T","T","norrj101","bellb001","T","T",0,0,0,0,0,0,0,0,0,"","","",0,0,0,0,0,0,0,0,0,0,0,0,0,"harll101","F","F","F","F",0,0,0,0,0,0,0,0,0,0,F,F,"1978BAL.EVA.regular.event.csv",1771
"BAL197805282","CLE",1,0,1,0,0,"",0,0,"norrj101","?","norrj101","?","palmj001","?","palmj001","?","dempr001","murre001","smitb101","decid001","garck001","kellp101","harll101","singk001","","","","S8","F","F",9,2,20,"T","T",1,"F","F",0,"F","F",0,"F","F",8,"","F","F","",0,0,"N",0,"N",0,"N",1,0,0,0,"","","","","F","F","F","F","F","F","F","F","F","","","","F","F","F","F","F","","","","",0,0,0,0,0,0,0,0,0,2,"BAL","CLE","BAL",0,"F","F",0,0,0,1,1,"T","F",0,1,"T","T","bellb001","grubj001","T","T",0,0,0,0,0,0,0,0,0,"","","",0,0,0,0,0,0,0,0,0,0,0,0,0,"harll101","F","F","F","F",0,0,0,0,0,0,0,0,0,0,F,F,"1978BAL.EVA.regular.event.csv",1772
"BAL197805282","CLE",1,0,1,0,0,"",0,0,"bellb001","?","bellb001","?","palmj001","?","palmj001","?","dempr001","murre001","smitb101","decid001","garck001","kellp101","harll101","singk001","norrj101","","","SB2.1-3(E2/TH2)","F","F",5,3,4,"F","F",0,"F","F",0,"F","F",0,"F","F",0,"","F","F","",1,2,"T",0,"N",0,"N",0,3,0,0,"","","","","T","F","F","F","F","F","F","F","F","palmj001","","","F","F","F","F","F","","","","",0,0,0,0,0,0,0,0,0,3,"BAL","CLE","BAL",0,"F","F",0,0,0,2,2,"T","F",1,4,"T","T","grubj001","cagew101","T","T",9,2,2,0,0,0,0,0,0,"dempr001","","",0,0,0,0,0,0,0,0,0,0,0,0,0,"","F","F","F","F",0,0,0,0,0,0,0,0,0,0,F,F,"1978BAL.EVA.regular.event.csv",1773
"BAL197805282","CLE",1,0,1,0,0,"",0,0,"bellb001","?","bellb001","?","palmj001","?","palmj001","?","dempr001","murre001","smitb101","decid001","garck001","kellp101","harll101","singk001","","","norrj101","9","F","F",5,3,2,"T","T",0,"F","F",1,"F","F",0,"F","F",9,"F","F","F","",0,0,"N",0,"N",0,"N",0,0,0,3,"9","","","","F","F","F","F","F","F","F","F","F","","","palmj001","F","F","F","F","F","","","","",0,9,0,0,0,0,0,0,0,4,"BAL","CLE","BAL",0,"F","F",0,0,0,2,2,"F","F",4,4,"T","T","grubj001","cagew101","T","T",0,0,0,0,0,0,9,2,2,"","","dempr001",0,0,0,0,0,0,0,0,0,0,0,0,0,"singk001","F","F","F","F",0,0,0,0,0,0,0,0,0,0,F,F,"1978BAL.EVA.regular.event.csv",1774
"BAL197805282","CLE",1,0,2,0,0,"",0,0,"grubj001","?","grubj001","?","palmj001","?","palmj001","?","dempr001","murre001","smitb101","decid001","garck001","kellp101","harll101","singk001","","","norrj101","W","F","F",7,4,14,"T","F",0,"F","F",0,"F","F",0,"F","F",0,"","F","F","",0,0,"N",0,"N",0,"N",1,0,0,3,"","","","","F","F","F","F","F","F","F","F","F","","","palmj001","F","F","F","F","F","","","","",0,0,0,0,0,0,0,0,0,5,"BAL","CLE","BAL",0,"F","F",0,0,0,3,3,"T","F",4,5,"T","T","cagew101","cox-t101","T","T",0,0,0,0,0,0,9,2,2,"","","dempr001",0,0,0,0,0,0,0,0,0,0,0,0,0,"","F","F","F","F",0,0,0,0,0,0,0,0,0,0,F,F,"1978BAL.EVA.regular.event.csv",1775
"BAL197805282","CLE",1,0,2,0,0,"",0,0,"cagew101","?","cagew101","?","palmj001","?","palmj001","?","dempr001","murre001","smitb101","decid001","garck001","kellp101","harll101","singk001","grubj001","","norrj101","7","F","F",3,5,2,"T","T",0,"F","F",1,"F","F",0,"F","F",7,"F","F","F","",0,0,"N",0,"N",0,"N",0,1,0,3,"7","","","","F","F","F","F","F","F","F","F","F","palmj001","","palmj001","F","F","F","F","F","","","","",0,7,0,0,0,0,0,0,0,6,"BAL","CLE","BAL",0,"F","T",0,0,0,4,4,"T","F",5,5,"T","T","cox-t101","kuipd001","T","T",7,4,5,0,0,0,9,2,2,"dempr001","","dempr001",0,0,0,0,0,0,0,0,0,0,0,0,0,"kellp101","F","F","F","F",0,0,0,0,0,0,0,0,0,0,F,F,"1978BAL.EVA.regular.event.csv",1776
"BAL197805282","CLE",1,1,0,0,0,"",0,0,"harll101","?","harll101","?","paxtm101","?","paxtm101","?","pruir101","cagew101","kuipd001","bellb001","veryt001","grubj001","mannr001","norrj101","","","","43","T","F",8,1,2,"T","T",0,"F","F",1,"F","F",0,"F","F",4,"G","F","F","",0,0,"N",0,"N",0,"N",0,0,0,0,"43","","","","F","F","F","F","F","F","F","F","F","","","","F","F","F","F","F","","","","",0,3,0,0,4,0,0,0,0,7,"BAL","BAL","CLE",1,"T","F",0,0,0,0,0,"T","F",0,0,"T","T","smitb101","kellp101","T","T",0,0,0,0,0,0,0,0,0,"","","",0,0,0,0,0,0,0,0,0,0,0,0,0,"kuipd001","F","F","F","F",0,0,0,0,0,0,0,0,0,0,F,F,"1978BAL.EVA.regular.event.csv",1777
"BAL197805282","CLE",1,1,1,0,0,"",0,0,"smitb101","?","smitb101","?","paxtm101","?","paxtm101","?","pruir101","cagew101","kuipd001","bellb001","veryt001","grubj001","mannr001","norrj101","","","","K/C","F","F",4,2,3,"T","T",0,"F","F",1,"F","F",0,"F","F",0,"","F","F","",0,0,"N",0,"N",0,"N",0,0,0,0,"2","","","","F","F","F","F","F","F","F","F","F","","","","F","F","F","F","F","","","","",0,2,0,0,0,0,0,0,0,8,"BAL","BAL","CLE",1,"F","F",0,0,0,1,1,"T","F",0,0,"T","T","kellp101","singk001","T","T",0,0,0,0,0,0,0,0,0,"","","",0,0,0,0,0,0,0,0,0,0,0,0,0,"","F","F","F","F",0,0,0,0,0,0,0,0,0,0,F,F,"1978BAL.EVA.regular.event.csv",1778
"BAL197805282","CLE",1,1,2,0,0,"",0,0,"kellp101","?","kellp101","?","paxtm101","?","paxtm101","?","pruir101","cagew101","kuipd001","bellb001","veryt001","grubj001","mannr001","norrj101","","","","W","F","F",7,3,14,"T","F",0,"F","F",0,"F","F",0,"F","F",0,"","F","F","",0,0,"N",0,"N",0,"N",1,0,0,0,"","","","","F","F","F","F","F","F","F","F","F","","","","F","F","F","F","F","","","","",0,0,0,0,0,0,0,0,0,9,"BAL","BAL","CLE",1,"F","F",0,0,0,2,2,"T","F",0,1,"T","T","singk001","may-l101","T","T",0,0,0,0,0,0,0,0,0,"","","",0,0,0,0,0,0,0,0,0,0,0,0,0,"","F","F","F","F",0,0,0,0,0,0,0,0,0,0,F,F,"1978BAL.EVA.regular.event.csv",1779
"BAL197805282","CLE",1,1,2,0,0,"",0,0,"singk001","?","singk001","?","paxtm101","?","paxtm101","?","pruir101","cagew101","kuipd001","bellb001","veryt001","grubj001","mannr001","norrj101","kellp101","","","SB2","F","F",9,4,4,"F","F",0,"F","F",0,"F","F",0,"F","F",0,"","F","F","",0,0,"N",0,"N",0,"N",0,2,0,0,"","","","","T","F","F","F","F","F","F","F","F","paxtm101","","","F","F","F","F","F","","","","",0,0,0,0,0,0,0,0,0,10,"BAL","BAL","CLE",1,"F","F",0,0,0,3,3,"T","F",1,2,"T","T","may-l101","murre001","T","T",7,3,9,0,0,0,0,0,0,"pruir101","","",0,0,0,0,0,0,0,0,0,0,0,0,0,"","F","F","F","F",0,0,0,0,0,0,0,0,0,0,F,F,"1978BAL.EVA.regular.event.csv",1780
"BAL197805282","CLE",1,1,2,0,0,"",0,0,"singk001","?","singk001","?","paxtm101","?","paxtm101","?","pruir101","cagew101","kuipd001","bellb001","veryt001","grubj001","mannr001","norrj101","","kellp101","","9","F","F",9,4,2,"T","T",0,"F","F",1,"F","F",0,"F","F",9,"F","F","F","",0,0,"N",0,"N",0,"N",0,0,2,0,"9","","","","F","F","F","F","F","F","F","F","F","","paxtm101","","F","F","F","F","F","","","","",0,9,0,0,0,0,0,0,0,11,"BAL","BAL","CLE",1,"F","T",0,0,0,3,3,"F","F",2,2,"T","T","may-l101","murre001","T","T",0,0,0,7,3,9,0,0,0,"","pruir101","",0,0,0,0,0,0,0,0,0,0,0,0,0,"norrj101","F","F","F","F",0,0,0,0,0,0,0,0,0,0,F,F,"1978BAL.EVA.regular.event.csv",1781
"BAL197805282","CLE",2,0,0,0,0,"",0,0,"cox-t101","?","cox-t101","?","palmj001","?","palmj001","?","dempr001","murre001","smitb101","decid001","garck001","kellp101","harll101","singk001","","","","S9","T","F",10,6,20,"T","T",1,"F","F",0,"F","F",0,"F","F",9,"","F","F","",0,0,"N",0,"N",0,"N",1,0,0,0,"","","","","F","F","F","F","F","F","F","F","F","","","","F","F","F","F","F","","","","",0,0,0,0,0,0,0,0,0,12,"BAL","CLE","BAL",0,"T","F",0,0,0,5,0,"T","F",0,1,"T","T","kuipd001","pruir101","T","T",0,0,0,0,0,0,0,0,0,"","","",0,0,0,0,0,0,0,0,0,0,0,0,0,"singk001","F","F","F","F",0,0,0,0,0,0,0,0,0,0,F,F,"1978BAL.EVA.regular.event.csv",1782
"BAL197805282","CLE",2,0,0,0,0,"",0,0,"kuipd001","?","kuipd001","?","palmj001","?","palmj001","?","dempr001","murre001","smitb101","decid001","garck001","kellp101","harll101","singk001","cox-t101","","","4(1)/FO","F","F",4,7,2,"T","T",0,"F","F",1,"F","F",0,"F","F",4,"G","F","F","",0,0,"N",0,"N",0,"N",1,0,0,0,"","4","","","F","F","F","F","F","F","F","F","F","palmj001","","","F","F","F","F","F","","","","",0,4,0,0,0,0,0,0,0,13,"BAL","CLE","BAL",0,"F","F",0,0,0,6,1,"T","F",1,1,"T","T","pruir101","veryt001","T","T",10,6,12,0,0,0,0,0,0,"dempr001","","",0,0,0,0,0,0,0,0,0,0,0,0,0,"smitb101","T","F","F","F",0,0,0,0,0,0,0,0,0,0,F,F,"1978BAL.EVA.regular.event.csv",1783
"BAL197805282","CLE",2,0,1,0,0,"",0,0,"pruir101","?","pruir101","?","palmj001","?","palmj001","?","dempr001","murre001","smitb101","decid001","garck001","kellp101","harll101","singk001","kuipd001","","","9","F","F",2,8,2,"T","T",0,"F","F",1,"F","F",0,"F","F",9,"F","F","F","",0,0,"N",0,"N",0,"N",0,1,0,0,"9","","","","F","F","F","F","F","F","F","F","F","palmj001","","","F","F","F","F","F","","","","",0,9,0,0,0,0,0,0,0,14,"BAL","CLE","BAL",0,"F","F",0,0,0,7,2,"T","F",1,1,"T","T","veryt001","mannr001","T","T",4,7,13,0,0,0,0,0,0,"dempr001","","",0,0,0,0,0,0,0,0,0,0,0,0,0,"singk001","F","F","F","F",0,0,0,0,0,0,0,0,0,0,F,F,"1978BAL.EVA.regular.event.csv",1784
"BAL197805282","CLE",2,0,2,0,0,"",0,0,"veryt001","?","veryt001","?","palmj001","?","palmj001","?","dempr001","murre001","smitb101","decid001","garck001","kellp101","harll101","singk001","kuipd001","","","K","F","F",6,9,3,"T","T",0,"F","F",1,"F","F",0,"F","F",0,"","F","F","",0,0,"N",0,"N",0,"N",0,1,0,0,"2","","","","F","F","F","F","F","F","F","F","F","palmj001","","","F","F","F","F","F","","","","",0,2,0,0,0,0,0,0,0,15,"BAL","CLE","BAL",0,"F","T",0,0,0,8,3,"T","F",1,1,"T","T","mannr001","norrj101","T","T",4,7,13,0,0,0,0,0,0,"dempr001","","",0,0,0,0,0,0,0,0,0,0,0,0,0,"","F","F","F","F",0,0,0,0,0,0,0,0,0,0,F,F,"1978BAL.EVA.regular.event.csv",1785
"BAL197805282","CLE",2,1,0,0,0,"",0,0,"may-l101","?","may-l101","?","paxtm101","?","paxtm101","?","pruir101","cagew101","kuipd001","bellb001","veryt001","grubj001","mannr001","norrj101","","","","9","T","F",10,5,2,"T","T",0,"F","F",1,"F","F",0,"F","F",9,"F","F","F","",0,0,"N",0,"N",0,"N",0,0,0,0,"9","","","","F","F","F","F","F","F","F","F","F","","","","F","F","F","F","F","","","","",0,9,0,0,0,0,0,0,0,16,"BAL","BAL","CLE",1,"T","F",0,0,0,4,0,"T","F",0,0,"T","T","murre001","decid001","T","T",0,0,0,0,0,0,0,0,0,"","","",0,0,0,0,0,0,0,0,0,0,0,0,0,"norrj101","F","F","F","F",0,0,0,0,0,0,0,0,0,0,F,F,"1978BAL.EVA.regular.event.csv",1786
"BAL197805282","CLE",2,1,1,0,0,"",0,0,"murre001","?","murre001","?","paxtm101","?","paxtm101","?","pruir101","cagew101","kuipd001","bellb001","veryt001","grubj001","mannr001","norrj101","","","","43","F","F",3,6,2,"T","T",0,"F","F",1,"F","F",0,"F","F",4,"G","F","F","",0,0,"N",0,"N",0,"N",0,0,0,0,"43","","","","F","F","F","F","F","F","F","F","F","","","","F","F","F","F","F","","","","",0,3,0,0,4,0,0,0,0,17,"BAL","BAL","CLE",1,"F","F",0,0,0,5,1,"T","F",0,0,"T","T","decid001","dempr001","T","T",0,0,0,0,0,0,0,0,0,"","","",0,0,0,0,0,0,0,0,0,0,0,0,0,"kuipd001","F","F","F","F",0,0,0,0,0,0,0,0,0,0,F,F,"1978BAL.EVA.regular.event.csv",1787
"BAL197805282","CLE",2,1,2,0,0,"",0,0,"decid001","?","decid001","?","paxtm101","?","paxtm101","?","pruir101","cagew101","kuipd001","bellb001","veryt001","grubj001","mannr001","norrj101","","","","S8","F","F",5,7,20,"T","T",1,"F","F",0,"F","F",0,"F","F",8,"","F","F","",0,0,"N",0,"N",0,"N",1,0,0,0,"","","","","F","F","F","F","F","F","F","F","F","","","","F","F","F","F","F","","","","",0,0,0,0,0,0,0,0,0,18,"BAL","BAL","CLE",1,"F","F",0,0,0,6,2,"T","F",0,1,"T","T","dempr001","garck001","T","T",0,0,0,0,0,0,0,0,0,"","","",0,0,0,0,0,0,0,0,0,0,0,0,0,"mannr001","F","F","F","F",0,0,0,0,0,0,0,0,0,0,F,F,"1978BAL.EVA.regular.event.csv",1788
"BAL197805282","CLE",2,1,2,0,0,"",0,0,"dempr001","?","dempr001","?","paxtm101","?","paxtm101","?","pruir101","cagew101","kuipd001","bellb001","veryt001","grubj001","mannr001","norrj101","decid001","","","K/C","F","F",2,8,3,"T","T",0,"F","F",1,"F","F",0,"F","F",0,"","F","F","",0,0,"N",0,"N",0,"N",0,1,0,0,"2","","","","F","F","F","F","F","F","F","F","F","paxtm101","","","F","F","F","F","F","","","","",0,2,0,0,0,0,0,0,0,19,"BAL","BAL","CLE",1,"F","T",0,0,0,7,3,"T","F",1,1,"T","T","garck001","harll101","T","T",5,7,18,0,0,0,0,0,0,"pruir101","","",0,0,0,0,0,0,0,0,0,0,0,0,0,"","F","F","F","F",0,0,0,0,0,0,0,0,0,0,F,F,"1978BAL.EVA.regular.event.csv",1789
"BAL197805282","CLE",3,0,0,0,0,"",0,0,"mannr001","?","mannr001","?","palmj001","?","palmj001","?","dempr001","murre001","smitb101","decid001","garck001","kellp101","harll101","singk001","","","","K","T","F",8,1,3,"T","T",0,"F","F",1,"F","F",0,"F","F",0,"","F","F","",0,0,"N",0,"N",0,"N",0,0,0,0,"2","","","","F","F","F","F","F","F","F","F","F","","","","F","F","F","F","F","","","","",0,2,0,0,0,0,0,0,0,20,"BAL","CLE","BAL",0,"T","F",0,0,0,9,0,"T","F",0,0,"T","T","norrj101","bellb001","T","T",0,0,0,0,0,0,0,0,0,"","","",0,0,0,0,0,0,0,0,0,0,0,0,0,"","F","F","F","F",0,0,0,0,0,0,0,0,0,0,F,F,"1978BAL.EVA.regular.event.csv",1790
"BAL197805282","CLE",3,0,1,0,0,"",0,0,"norrj101","?","norrj101","?","palmj001","?","palmj001","?","dempr001","murre001","smitb101","decid001","garck001","kellp101","harll101","singk001","","","","43","F","F",9,2,2,"T","T",0,"F","F",1,"F","F",0,"F","F",4,"G","F","F","",0,0,"N",0,"N",0,"N",0,0,0,0,"43","","","","F","F","F","F","F","F","F","F","F","","","","F","F","F","F","F","","","","",0,3,0,0,4,0,0,0,0,21,"BAL","CLE","BAL",0,"F","F",0,0,0,10,1,"T","F",0,0,"T","T","bellb001","grubj001","T","T",0,0,0,0,0,0,0,0,0,"","","",0,0,0,0,0,0,0,0,0,0,0,0,0,"smitb101","F","F","F","F",0,0,0,0,0,0,0,0,0,0,F,F,"1978BAL.EVA.regular.event.csv",1791
"BAL197805282","CLE",3,0,2,0,0,"",0,0,"bellb001","?","bellb001","?","palmj001","?","palmj001","?","dempr001","murre001","smitb101","decid001","garck001","kellp101","harll101","singk001","","","","S7","F","F",5,3,20,"T","T",1,"F","F",0,"F","F",0,"F","F",7,"","F","F","",0,0,"N",0,"N",0,"N",1,0,0,0,"","","","","F","F","F","F","F","F","F","F","F","","","","F","F","F","F","F","","","","",0,0,0,0,0,0,0,0,0,22,"BAL","CLE","BAL",0,"F","F",0,0,0,11,2,"T","F",0,1,"T","T","grubj001","cagew101","T","T",0,0,0,0,0,0,0,0,0,"","","",0,0,0,0,0,0,0,0,0,0,0,0,0,"kellp101","F","F","F","F",0,0,0,0,0,0,0,0,0,0,F,F,"1978BAL.EVA.regular.event.csv",1792
"BAL197805282","CLE",3,0,2,0,0,"",0,0,"grubj001","?","grubj001","?","palmj001","?","palmj001","?","dempr001","murre001","smitb101","decid001","garck001","kellp101","harll101","singk001","bellb001","","","7","F","F",7,4,2,"T","T",0,"F","F",1,"F","F",0,"F","F",7,"F","F","F","",0,0,"N",0,"N",0,"N",0,1,0,0,"7","","","","F","F","F","F","F","F","F","F","F","palmj001","","","F","F","F","F","F","","","","",0,7,0,0,0,0,0,0,0,23,"BAL","CLE","BAL",0,"F","T",0,0,0,12,3,"T","F",1,1,"T","T","cagew101","cox-t101","T","T",5,3,22,0,0,0,0,0,0,"dempr001","","",0,0,0,0,0,0,0,0,0,0,0,0,0,"kellp101","F","F","F","F",0,0,0,0,0,0,0,0,0,0,F,F,"1978BAL.EVA.regular.event.csv",1793
"BAL197805282","CLE",3,1,0,0,0,"",0,0,"garck001","?","garck001","?","paxtm101","?","paxtm101","?","pruir101","cagew101","kuipd001","bellb001","veryt001","grubj001","mannr001","norrj101","","","","8/L","T","F",6,9,2,"T","T",0,"F","F",1,"F","F",0,"F","F",8,"L","F","F","",0,0,"N",0,"N",0,"N",0,0,0,0,"8","","","","F","F","F","F","F","F","F","F","F","","","","F","F","F","F","F","","","","",0,8,0,0,0,0,0,0,0,24,"BAL","BAL","CLE",1,"T","F",0,0,0,8,0,"T","F",0,0,"T","T","harll101","smitb101","T","T",0,0,0,0,0,0,0,0,0,"","","",0,0,0,0,0,0,0,0,0,0,0,0,0,"mannr001","F","F","F","F",0,0,0,0,0,0,0,0,0,0,F,F,"1978BAL.EVA.regular.event.csv",1794
"BAL197805282","CLE",3,1,1,0,0,"",0,0,"harll101","?","harll101","?","paxtm101","?","paxtm101","?","pruir101","cagew101","kuipd001","bellb001","veryt001","grubj001","mannr001","norrj101","","","","7","F","F",8,1,2,"T","T",0,"F","F",1,"F","F",0,"F","F",7,"F","F","F","",0,0,"N",0,"N",0,"N",0,0,0,0,"7","","","","F","F","F","F","F","F","F","F","F","","","","F","F","F","F","F","","","","",0,7,0,0,0,0,0,0,0,25,"BAL","BAL","CLE",1,"F","F",0,0,0,9,1,"T","F",0,0,"T","T","smitb101","kellp101","T","T",0,0,0,0,0,0,0,0,0,"","","",0,0,0,0,0,0,0,0,0,0,0,0,0,"grubj001","F","F","F","F",0,0,0,0,0,0,0,0,0,0,F,F,"1978BAL.EVA.regular.event.csv",1795
"BAL197805282","CLE",3,1,2,0,0,"",0,0,"smitb101","?","smitb101","?","paxtm101","?","paxtm101","?","pruir101","cagew101","kuipd001","bellb001","veryt001","grubj001","mannr001","norrj101","","","","5","F","F",4,2,2,"T","T",0,"F","F",1,"F","F",0,"F","F",5,"F","F","F","",0,0,"N",0,"N",0,"N",0,0,0,0,"5","","","","F","F","F","F","F","F","F","F","F","","","","F","F","F","F","F","","","","",0,5,0,0,0,0,0,0,0,26,"BAL","BAL","CLE",1,"F","T",0,0,0,10,2,"T","F",0,0,"T","T","kellp101","singk001","T","T",0,0,0,0,0,0,0,0,0,"","","",0,0,0,0,0,0,0,0,0,0,0,0,0,"bellb001","F","F","F","F",0,0,0,0,0,0,0,0,0,0,F,F,"1978BAL.EVA.regular.event.csv",1796
"BAL197805282","CLE",4,0,0,0,0,"",0,0,"cagew101","?","cagew101","?","palmj001","?","palmj001","?","dempr001","murre001","smitb101","decid001","garck001","kellp101","harll101","singk001","","","","K/C","T","F",3,5,3,"T","T",0,"F","F",1,"F","F",0,"F","F",0,"","F","F","",0,0,"N",0,"N",0,"N",0,0,0,0,"2","","","","F","F","F","F","F","F","F","F","F","","","","F","F","F","F","F","","","","",0,2,0,0,0,0,0,0,0,27,"BAL","CLE","BAL",0,"T","F",0,0,0,13,0,"T","F",0,0,"T","T","cox-t101","kuipd001","T","T",0,0,0,0,0,0,0,0,0,"","","",0,0,0,0,0,0,0,0,0,0,0,0,0,"","F","F","F","F",0,0,0,0,0,0,0,0,0,0,F,F,"1978BAL.EVA.regular.event.csv",1797
"BAL197805282","CLE",4,0,1,0,0,"",0,0,"cox-t101","?","cox-t101","?","palmj001","?","palmj001","?","dempr001","murre001","smitb101","decid001","garck001","kellp101","harll101","singk001","","","","31","F","F",10,6,2,"T","T",0,"F","F",1,"F","F",0,"F","F",3,"G","F","F","",0,0,"N",0,"N",0,"N",0,0,0,0,"31","","","","F","F","F","F","F","F","F","F","F","","","","F","F","F","F","F","","","","",0,1,0,0,3,0,0,0,0,28,"BAL","CLE","BAL",0,"F","F",0,0,0,14,1,"T","F",0,0,"T","T","kuipd001","pruir101","T","T",0,0,0,0,0,0,0,0,0,"","","",0,0,0,0,0,0,0,0,0,0,0,0,0,"murre001","F","F","F","F",0,0,0,0,0,0,0,0,0,0,F,F,"1978BAL.EVA.regular.event.csv",1798
"BAL197805282","CLE",4,0,2,0,0,"",0,0,"kuipd001","?","kuipd001","?","palmj001","?","palmj001","?","dempr001","murre001","smitb101","decid001","garck001","kellp101","harll101","singk001","","","","S8.BX2(84)","F","F",4,7,20,"T","T",1,"F","F",1,"F","F",0,"F","F",8,"","F","F","",0,0,"N",0,"N",0,"N",0,0,0,0,"84","","","","F","F","F","F","F","F","F","F","F","","","","F","F","F","F","F","","","","",0,4,0,0,8,0,0,0,0,29,"BAL","CLE","BAL",0,"F","T",0,0,0,15,2,"T","F",0,0,"T","T","pruir101","veryt001","T","T",0,0,0,0,0,0,0,0,0,"","","",0,0,0,0,0,0,0,0,0,0,0,0,0,"harll101","F","F","F","F",0,0,0,0,0,0,0,0,0,0,F,F,"1978BAL.EVA.regular.event.csv",1799
"BAL197805282","CLE",4,1,0,0,0,"",0,0,"kellp101","?","kellp101","?","paxtm101","?","paxtm101","?","pruir101","cagew101","kuipd001","bellb001","veryt001","grubj001","mannr001","norrj101","","","","41","T","F",7,3,2,"T","T",0,"F","F",1,"F","F",0,"F","F",4,"G","F","F","",0,0,"N",0,"N",0,"N",0,0,0,0,"41","","","","F","F","F","F","F","F","F","F","F","","","","F","F","F","F","F","","","","",0,1,0,0,4,0,0,0,0,30,"BAL","BAL","CLE",1,"T","F",0,0,0,11,0,"T","F",0,0,"T","T","singk001","may-l101","T","T",0,0,0,0,0,0,0,0,0,"","","",0,0,0,0,0,0,0,0,0,0,0,0,0,"kuipd001","F","F","F","F",0,0,0,0,2,0,0,0,0,0,F,F,"1978BAL.EVA.regular.event.csv",1800
"BAL197805282","CLE",4,1,1,0,0,"",0,0,"singk001","?","singk001","?","paxtm101","?","paxtm101","?","pruir101","cagew101","kuipd001","bellb001","veryt001","grubj001","mannr001","norrj101","","","","S8","F","F",9,4,20,"T","T",1,"F","F",0,"F","F",0,"F","F",8,"","F","F","",0,0,"N",0,"N",0,"N",1,0,0,0,"","","","","F","F","F","F","F","F","F","F","F","","","","F","F","F","F","F","","","","",0,0,0,0,0,0,0,0,0,31,"BAL","BAL","CLE",1,"F","F",0,0,0,12,1,"T","F",0,1,"T","T","may-l101","murre001","T","T",0,0,0,0,0,0,0,0,0,"","","",0,0,0,0,0,0,0,0,0,0,0,0,0,"mannr001","F","F","F","F",4,0,0,0,2,0,0,0,0,0,F,F,"1978BAL.EVA.regular.event.csv",1801
"BAL197805282","CLE",4,1,1,0,0,"",0,0,"may-l101","?","may-l101","?","paxtm101","?","paxtm101","?","pruir101","cagew101","kuipd001","bellb001","veryt001","grubj001","mannr001","norrj101","singk001","","","9","F","F",10,5,2,"T","T",0,"F","F",1,"F","F",0,"F","F",9,"F","F","F","",0,0,"N",0,"N",0,"N",0,1,0,0,"9","","","","F","F","F","F","F","F","F","F","F","paxtm101","","","F","F","F","F","F","","","","",0,9,0,0,0,0,0,0,0,32,"BAL","BAL","CLE",1,"F","F",0,0,0,13,2,"T","F",1,1,"T","T","murre001","decid001","T","T",9,4,31,0,0,0,0,0,0,"pruir101","","",0,0,0,0,0,0,0,0,0,0,0,0,0,"norrj101","F","F","F","F",0,4,0,0,2,0,0,0,0,0,F,F,"1978BAL.EVA.regular.event.csv",1802
"BAL197805282","CLE",4,1,2,0,0,"",0,0,"murre001","?","murre001","?","paxtm101","?","paxtm101","?","pruir101","cagew101","kuipd001","bellb001","veryt001","grubj001","mannr001","norrj101","singk001","","","S7.1-2","F","F",3,6,20,"T","T",1,"F","F",0,"F","F",0,"F","F",7,"","F","F","",0,0,"N",0,"N",0,"N",1,2,0,0,"","","","","F","F","F","F","F","F","F","F","F","paxtm101","","","F","F","F","F","F","","","","",0,0,0,0,0,0,0,0,0,33,"BAL","BAL","CLE",1,"F","F",0,0,0,14,3,"T","F",1,3,"T","T","decid001","dempr001","T","T",9,4,31,0,0,0,0,0,0,"pruir101","","",0,0,0,0,0,0,0,0,0,0,0,0,0,"grubj001","F","F","F","F",4,4,0,0,2,0,0,0,0,0,F,F,"1978BAL.EVA.regular.event.csv",1803
"BAL197805282","CLE",4,1,2,0,0,"",0,0,"decid001","?","decid001","?","paxtm101","?","paxtm101","?","pruir101","cagew101","kuipd001","bellb001","veryt001","grubj001","mannr001","norrj101","murre001","singk001","","D9.2-H;1-H","F","F",5,7,21,"T","T",2,"F","F",0,"F","F",2,"F","F",9,"","F","F","",0,0,"N",0,"N",0,"N",2,4,4,0,"","","","","F","F","F","F","F","F","F","F","F","paxtm101","paxtm101","","F","F","F","F","F","","","","",0,0,0,0,0,0,0,0,0,34,"BAL","BAL","CLE",1,"F","F",0,0,0,15,4,"T","F",3,2,"T","T","dempr001","garck001","T","T",3,6,33,9,4,31,0,0,0,"pruir101","pruir101","",0,0,0,0,0,0,0,0,0,0,0,0,2,"norrj101","F","F","F","F",0,4,4,0,0,0,0,0,0,0,F,F,"1978BAL.EVA.regular.event.csv",1804
"BAL197805282","CLE",4,1,2,0,0,"",0,2,"dempr001","?","dempr001","?","paxtm101","?","paxtm101","?","pruir101","cagew101","kuipd001","bellb001","veryt001","grubj001","mannr001","norrj101","","decid001","","63","F","F",2,8,2,"T","T",0,"F","F",1,"F","F",0,"F","F",6,"G","F","F","",0,0,"N",0,"N",0,"N",0,0,2,0,"63","","","","F","F","F","F","F","F","F","F","F","","paxtm101","","F","F","F","F","F","","","","",0,3,0,0,6,0,0,0,0,35,"BAL","BAL","CLE",1,"F","T",2,0,2,16,5,"T","F",2,2,"T","T","garck001","harll101","T","T",0,0,0,5,7,34,0,0,0,"","pruir101","",0,0,0,0,0,0,0,0,0,0,0,0,0,"veryt001","F","F","F","F",0,0,0,0,0,0,0,0,0,0,F,F,"1978BAL.EVA.regular.event.csv",1805
"BAL197805282","CLE",5,0,0,0,0,"",0,2,"pruir101","?","pruir101","?","palmj001","?","palmj001","?","dempr001","murre001","smitb101","decid001","garck001","kellp101","harll101","singk001","","","","8","T","F",2,8,2,"T","T",0,"F","F",1,"F","F",0,"F","F",8,"F","F","F","",0,0,"N",0,"N",0,"N",0,0,0,0,"8","","","","F","F","F","F","F","F","F","F","F","","","","F","F","F","F","F","","","","",0,8,0,0,0,0,0,0,0,36,"BAL","CLE","BAL",0,"T","F",0,2,0,16,0,"T","F",0,0,"T","T","veryt001","mannr001","T","T",0,0,0,0,0,0,0,0,0,"","","",0,0,0,0,0,0,0,0,0,0,0,0,0,"harll101","F","F","F","F",0,0,0,0,0,0,0,0,0,0,F,F,"1978BAL.EVA.regular.event.csv",1806
"BAL197805282","CLE",5,0,1,0,0,"",0,2,"veryt001","?","veryt001","?","palmj001","?","palmj001","?","dempr001","murre001","smitb101","decid001","garck001","kellp101","harll101","singk001","","","","S5","F","F",6,9,20,"T","T",1,"F","F",0,"F","F",0,"F","F",5,"","F","F","",0,0,"N",0,"N",0,"N",1,0,0,0,"","","","","F","F","F","F","F","F","F","F","F","","","","F","F","F","F","F","","","","",0,0,0,0,0,0,0,0,0,37,"BAL","CLE","BAL",0,"F","F",0,2,0,17,1,"T","F",0,1,"T","T","mannr001","norrj101","T","T",0,0,0,0,0,0,0,0,0,"","","",0,0,0,0,0,0,0,0,0,0,0,0,0,"decid001","F","F","F","F",0,0,0,0,0,0,0,0,0,0,F,F,"1978BAL.EVA.regular.event.csv",1807
"BAL197805282","CLE",5,0,1,0,0,"",0,2,"mannr001","?","mannr001","?","palmj001","?","palmj001","?","dempr001","murre001","smitb101","decid001","garck001","kellp101","harll101","singk001","veryt001","","","S8/G.1-3","F","F",8,1,20,"T","T",1,"F","F",0,"F","F",0,"F","F",8,"G","F","F","",0,0,"N",0,"N",0,"N",1,3,0,0,"","","","","F","F","F","F","F","F","F","F","F","palmj001","","","F","F","F","F","F","","","","",0,0,0,0,0,0,0,0,0,38,"BAL","CLE","BAL",0,"F","F",0,2,0,18,2,"T","F",1,5,"T","T","norrj101","bellb001","T","T",6,9,37,0,0,0,0,0,0,"dempr001","","",0,0,0,0,0,0,0,0,0,0,0,0,0,"harll101","F","F","F","F",0,0,0,0,0,0,0,0,0,0,F,F,"1978BAL.EVA.regular.event.csv",1808
"BAL197805282","CLE",5,0,1,0,0,"",0,2,"norrj101","?","norrj101","?","palmj001","?","palmj001","?","dempr001","murre001","smitb101","decid001","garck001","kellp101","harll101","singk001","mannr001","","veryt001","5/FL","F","F",9,2,2,"T","T",0,"F","F",1,"F","F",0,"F","F",5,"F","F","T","",0,0,"N",0,"N",0,"N",0,1,0,3,"5","","","","F","F","F","F","F","F","F","F","F","palmj001","","palmj001","F","F","F","F","F","","","","",0,5,0,0,0,0,0,0,0,39,"BAL","CLE","BAL",0,"F","F",0,2,0,19,3,"T","F",5,5,"T","T","bellb001","grubj001","T","T",8,1,38,0,0,0,6,9,37,"dempr001","","dempr001",0,0,0,0,0,0,0,0,0,0,0,0,0,"decid001","F","F","F","F",0,0,0,0,0,0,0,0,0,0,F,F,"1978BAL.EVA.regular.event.csv",1809
"BAL197805282","CLE",5,0,2,0,0,"",0,2,"bellb001","?","bellb001","?","palmj001","?","palmj001","?","dempr001","murre001","smitb101","decid001","garck001","kellp101","harll101","singk001","mannr001","","veryt001","8","F","F",5,3,2,"T","T",0,"F","F",1,"F","F",0,"F","F",8,"F","F","F","",0,0,"N",0,"N",0,"N",0,1,0,3,"8","","","","F","F","F","F","F","F","F","F","F","palmj001","","palmj001","F","F","F","F","F","","","","",0,8,0,0,0,0,0,0,0,40,"BAL","CLE","BAL",0,"F","T",0,2,0,20,4,"T","F",5,5,"T","T","grubj001","cagew101","T","T",8,1,38,0,0,0,6,9,37,"dempr001","","dempr001",0,0,0,0,0,0,0,0,0,0,0,0,0,"harll101","F","F","F","F",0,0,0,0,0,0,0,0,0,0,F,F,"1978BAL.EVA.regular.event.csv",1810
"BAL197805282","CLE",5,1,0,0,0,"",0,2,"garck001","?","garck001","?","paxtm101","?","paxtm101","?","pruir101","cagew101","kuipd001","bellb001","veryt001","grubj001","mannr001","norrj101","","","","T9","T","F",6,9,22,"T","T",3,"F","F",0,"F","F",0,"F","F",9,"","F","F","",0,0,"N",0,"N",0,"N",3,0,0,0,"","","","","F","F","F","F","F","F","F","F","F","","","","F","F","F","F","F","","","","",0,0,0,0,0,0,0,0,0,41,"BAL","BAL","CLE",1,"T","F",2,0,0,17,0,"T","F",0,4,"T","T","harll101","smitb101","T","T",0,0,0,0,0,0,0,0,0,"","","",0,0,0,0,0,0,0,0,0,0,0,0,0,"norrj101","F","F","F","F",0,0,0,0,0,0,0,0,0,0,F,F,"1978BAL.EVA.regular.event.csv",1811
"BAL197805282","CLE",5,1,0,0,0,"",0,2,"harll101","?","harll101","?","paxtm101","?","paxtm101","?","pruir101","cagew101","kuipd001","bellb001","veryt001","grubj001","mannr001","norrj101","","","garck001","W","F","F",8,1,14,"T","F",0,"F","F",0,"F","F",0,"F","F",0,"","F","F","",0,0,"N",0,"N",0,"N",1,0,0,3,"","","","","F","F","F","F","F","F","F","F","F","","","paxtm101","F","F","F","F","F","","","","",0,0,0,0,0,0,0,0,0,42,"BAL","BAL","CLE",1,"F","F",2,0,0,18,1,"T","F",4,5,"T","T","smitb101","kellp101","T","T",0,0,0,0,0,0,6,9,41,"","","pruir101",0,0,0,0,0,0,0,0,0,0,0,0,0,"","F","F","F","F",0,0,0,0,0,0,0,0,0,0,F,F,"1978BAL.EVA.regular.event.csv",1812
"BAL197805282","CLE",5,1,0,0,0,"",0,2,"smitb101","?","smitb101","?","paxtm101","?","paxtm101","?","pruir101","cagew101","kuipd001","bellb001","veryt001","grubj001","mannr001","norrj101","harll101","","garck001","CS2(26)#","F","F",4,2,6,"F","F",0,"F","F",1,"F","F",0,"F","F",0,"","F","F","",0,0,"N",0,"N",0,"N",0,0,0,3,"","26","","","F","F","F","T","F","F","F","F","F","paxtm101","","paxtm101","F","F","F","F","F","","","","",0,6,0,0,2,0,0,0,0,43,"BAL","BAL","CLE",1,"F","F",2,0,0,19,2,"T","F",5,4,"T","T","kellp101","singk001","T","T",8,1,42,0,0,0,6,9,41,"pruir101","","pruir101",0,0,0,0,0,0,0,0,0,0,0,0,0,"","F","F","F","F",0,0,0,0,0,0,0,0,0,0,F,T,"1978BAL.EVA.regular.event.csv",1813
"BAL197805282","CLE",5,1,1,0,0,"",0,2,"smitb101","?","smitb101","?","paxtm101","?","paxtm101","?","pruir101","cagew101","kuipd001","bellb001","veryt001","grubj001","mannr001","norrj101","","","garck001","6","F","F",4,2,2,"T","T",0,"F","F",1,"F","F",0,"F","F",6,"F","F","F","",0,0,"N",0,"N",0,"N",0,0,0,3,"6","","","","F","F","F","F","F","F","F","F","F","","","paxtm101","F","F","F","F","F","","","","",0,6,0,0,0,0,0,0,0,44,"BAL","BAL","CLE",1,"F","F",2,0,0,19,2,"F","F",4,4,"T","T","kellp101","singk001","T","T",0,0,0,0,0,0,6,9,41,"","","pruir101",0,0,0,0,0,0,0,0,0,0,0,0,0,"veryt001","F","F","F","F",0,0,0,0,0,0,0,0,0,0,F,F,"1978BAL.EVA.regular.event.csv",1814
"BAL197805282","CLE",5,1,2,0,0,"",0,2,"kellp101","?","kellp101","?","paxtm101","?","paxtm101","?","pruir101","cagew101","kuipd001","bellb001","veryt001","grubj001","mannr001","norrj101","","","garck001","31","F","F",7,3,2,"T","T",0,"F","F",1,"F","F",0,"F","F",3,"G","F","F","",0,0,"N",0,"N",0,"N",0,0,0,3,"31","","","","F","F","F","F","F","F","F","F","F","","","paxtm101","F","F","F","F","F","","","","",0,1,0,0,3,0,0,0,0,45,"BAL","BAL","CLE",1,"F","T",2,0,0,20,3,"T","F",4,4,"T","T","singk001","may-l101","T","T",0,0,0,0,0,0,6,9,41,"","","pruir101",0,0,0,0,0,0,0,0,0,0,0,0,0,"cagew101","F","F","F","F",0,0,0,0,0,0,0,0,0,0,F,F,"1978BAL.EVA.regular.event.csv",1815
"BAL197805282","CLE",6,0,0,0,0,"",0,2,"grubj001","?","grubj001","?","palmj001","?","palmj001","?","dempr001","murre001","smitb101","decid001","garck001","kellp101","harll101","singk001","","","","31","T","F",7,4,2,"T","T",0,"F","F",1,"F","F",0,"F","F",3,"G","F","F","",0,0,"N",0,"N",0,"N",0,0,0,0,"31","","","","F","F","F","F","F","F","F","F","F","","","","F","F","F","F","F","","","","",0,1,0,0,3,0,0,0,0,46,"BAL","CLE","BAL",0,"T","F",0,2,0,21,0,"T","F",0,0,"T","T","cagew101","cox-t101","T","T",0,0,0,0,0,0,0,0,0,"","","",0,0,0,0,0,0,0,0,0,0,0,0,0,"murre001","F","F","F","F",0,0,0,0,0,0,0,0,0,0,F,F,"1978BAL.EVA.regular.event.csv",1816
"BAL197805282","CLE",6,0,1,0,0,"",0,2,"cagew101","?","cagew101","?","palmj001","?","palmj001","?","dempr001","murre001","smitb101","decid001","garck001","kellp101","harll101","singk001","","","","6/L","F","F",3,5,2,"T","T",0,"F","F",1,"F","F",0,"F","F",6,"L","F","F","",0,0,"N",0,"N",0,"N",0,0,0,0,"6","","","","F","F","F","F","F","F","F","F","F","","","","F","F","F","F","F","","","","",0,6,0,0,0,0,0,0,0,47,"BAL","CLE","BAL",0,"F","F",0,2,0,22,1,"T","F",0,0,"T","T","cox-t101","kuipd001","T","T",0,0,0,0,0,0,0,0,0,"","","",0,0,0,0,0,0,0,0,0,0,0,0,0,"garck001","F","F","F","F",0,0,0,0,0,0,0,0,0,0,F,F,"1978BAL.EVA.regular.event.csv",1817
"BAL197805282","CLE",6,0,2,0,0,"",0,2,"cox-t101","?","cox-t101","?","palmj001","?","palmj001","?","dempr001","murre001","smitb101","decid001","garck001","kellp101","harll101","singk001","","","","S8","F","F",10,6,20,"T","T",1,"F","F",0,"F","F",0,"F","F",8,"","F","F","",0,0,"N",0,"N",0,"N",1,0,0,0,"","","","","F","F","F","F","F","F","F","F","F","","","","F","F","F","F","F","","","","",0,0,0,0,0,0,0,0,0,48,"BAL","CLE","BAL",0,"F","F",0,2,0,23,2,"T","F",0,1,"T","T","kuipd001","pruir101","T","T",0,0,0,0,0,0,0,0,0,"","","",0,0,0,0,0,0,0,0,0,0,0,0,0,"harll101","F","F","F","F",0,0,0,0,0,0,0,0,0,0,F,F,"1978BAL.EVA.regular.event.csv",1818
"BAL197805282","CLE",6,0,2,0,0,"",0,2,"kuipd001","?","kuipd001","?","palmj001","?","palmj001","?","dempr001","murre001","smitb101","decid001","garck001","kellp101","harll101","singk001","cox-t101","","","63","F","F",4,7,2,"T","T",0,"F","F",1,"F","F",0,"F","F",6,"G","F","F","",0,0,"N",0,"N",0,"N",0,1,0,0,"63","","","","F","F","F","F","F","F","F","F","F","palmj001","","","F","F","F","F","F","","","","",0,3,0,0,6,0,0,0,0,49,"BAL","CLE","BAL",0,"F","T",0,2,0,24,3,"T","F",1,1,"T","T","pruir101","veryt001","T","T",10,6,48,0,0,0,0,0,0,"dempr001","","",0,0,0,0,0,0,0,0,0,0,0,0,0,"garck001","F","F","F","F",0,0,0,0,0,0,0,0,0,0,F,F,"1978BAL.EVA.regular.event.csv",1819
"BAL197805282","CLE",6,1,0,0,0,"",0,2,"singk001","?","singk001","?","paxtm101","?","paxtm101","?","pruir101","cagew101","kuipd001","bellb001","veryt001","grubj001","mannr001","norrj101","","","","63","T","F",9,4,2,"T","T",0,"F","F",1,"F","F",0,"F","F",6,"G","F","F","",0,0,"N",0,"N",0,"N",0,0,0,0,"63","","","","F","F","F","F","F","F","F","F","F","","","","F","F","F","F","F","","","","",0,3,0,0,6,0,0,0,0,50,"BAL","BAL","CLE",1,"T","F",2,0,0,21,0,"T","F",0,0,"T","T","may-l101","murre001","T","T",0,0,0,0,0,0,0,0,0,"","","",0,0,0,0,0,0,0,0,0,0,0,0,0,"veryt001","F","F","F","F",0,0,0,0,0,0,0,0,0,0,F,F,"1978BAL.EVA.regular.event.csv",1820
"BAL197805282","CLE",6,1,1,0,0,"",0,2,"may-l101","?","may-l101","?","paxtm101","?","paxtm101","?","pruir101","cagew101","kuipd001","bellb001","veryt001","grubj001","mannr001","norrj101","","","","5/FL","F","F",10,5,2,"T","T",0,"F","F",1,"F","F",0,"F","F",5,"F","F","T","",0,0,"N",0,"N",0,"N",0,0,0,0,"5","","","","F","F","F","F","F","F","F","F","F","","","","F","F","F","F","F","","","","",0,5,0,0,0,0,0,0,0,51,"BAL","BAL","CLE",1,"F","F",2,0,0,22,1,"T","F",0,0,"T","T","murre001","decid001","T","T",0,0,0,0,0,0,0,0,0,"","","",0,0,0,0,0,0,0,0,0,0,0,0,0,"bellb001","F","F","F","F",0,0,0,0,0,0,0,0,0,0,F,F,"1978BAL.EVA.regular.event.csv",1821
"BAL197805282","CLE",6,1,2,0,0,"",0,2,"murre001","?","murre001","?","paxtm101","?","paxtm101","?","pruir101","cagew101","kuipd001","bellb001","veryt001","grubj001","mannr001","norrj101","","","","D9","F","F",3,6,21,"T","T",2,"F","F",0,"F","F",0,"F","F",9,"","F","F","",0,0,"N",0,"N",0,"N",2,0,0,0,"","","","","F","F","F","F","F","F","F","F","F","","","","F","F","F","F","F","","","","",0,0,0,0,0,0,0,0,0,52,"BAL","BAL","CLE",1,"F","F",2,0,0,23,2,"T","F",0,2,"T","T","decid001","dempr001","T","T",0,0,0,0,0,0,0,0,0,"","","",0,0,0,0,0,0,0,0,0,0,0,0,0,"norrj101","F","F","F","F",0,0,0,0,0,0,0,0,0,0,F,F,"1978BAL.EVA.regular.event.csv",1822
"BAL197805282","CLE",6,1,2,0,0,"",0,2,"decid001","?","decid001","?","paxtm101","?","paxtm101","?","pruir101","cagew101","kuipd001","bellb001","veryt001","grubj001","mannr001","norrj101","","murre001","","K","F","F",5,7,3,"T","T",0,"F","F",1,"F","F",0,"F","F",0,"","F","F","",0,0,"N",0,"N",0,"N",0,0,2,0,"2","","","","F","F","F","F","F","F","F","F","F","","paxtm101","","F","F","F","F","F","","","","",0,2,0,0,0,0,0,0,0,53,"BAL","BAL","CLE",1,"F","T",2,0,0,24,3,"T","F",2,2,"T","T","dempr001","garck001","T","T",0,0,0,3,6,52,0,0,0,"","pruir101","",0,0,0,0,0,0,0,0,0,0,0,0,0,"","F","F","F","F",0,0,0,0,0,0,0,0,0,0,F,F,"1978BAL.EVA.regular.event.csv",1823
"BAL197805282","CLE",7,0,0,0,0,"",0,2,"pruir101","?","pruir101","?","palmj001","?","palmj001","?","dempr001","murre001","smitb101","decid001","garck001","kellp101","harll101","singk001","","","","K/C","T","F",2,8,3,"T","T",0,"F","F",1,"F","F",0,"F","F",0,"","F","F","",0,0,"N",0,"N",0,"N",0,0,0,0,"2","","","","F","F","F","F","F","F","F","F","F","","","","F","F","F","F","F","","","","",0,2,0,0,0,0,0,0,0,54,"BAL","CLE","BAL",0,"T","F",0,2,0,25,0,"T","F",0,0,"T","T","veryt001","mannr001","T","T",0,0,0,0,0,0,0,0,0,"","","",0,0,0,0,0,0,0,0,0,0,0,0,0,"","F","F","F","F",0,0,0,0,0,0,0,0,0,0,F,F,"1978BAL.EVA.regular.event.csv",1824
"BAL197805282","CLE",7,0,1,0,0,"",0,2,"veryt001","?","veryt001","?","palmj001","?","palmj001","?","dempr001","murre001","smitb101","decid001","garck001","kellp101","harll101","singk001","","","","163","F","F",6,9,2,"T","T",0,"F","F",1,"F","F",0,"F","F",1,"G","F","F","",0,0,"N",0,"N",0,"N",0,0,0,0,"163","","","","F","F","F","F","F","F","F","F","F","","","","F","F","F","F","F","","","","",0,3,0,0,1,6,0,0,0,55,"BAL","CLE","BAL",0,"F","F",0,2,0,26,1,"T","F",0,0,"T","T","mannr001","norrj101","T","T",0,0,0,0,0,0,0,0,0,"","","",0,0,0,0,0,0,0,0,0,0,0,0,0,"palmj001","F","F","F","F",0,0,0,0,0,0,0,0,0,0,F,F,"1978BAL.EVA.regular.event.csv",1825
"BAL197805282","CLE",7,0,2,0,0,"",0,2,"mannr001","?","mannr001","?","palmj001","?","palmj001","?","dempr001","murre001","smitb101","decid001","garck001","kellp101","harll101","singk001","","","","23","F","F",8,1,2,"T","T",0,"F","F",1,"F","F",0,"F","F",2,"G","F","F","",0,0,"N",0,"N",0,"N",0,0,0,0,"23","","","","F","F","F","F","F","F","F","F","F","","","","F","F","F","F","F","","","","",0,3,0,0,2,0,0,0,0,56,"BAL","CLE","BAL",0,"F","T",0,2,0,27,2,"T","F",0,0,"T","T","norrj101","bellb001","T","T",0,0,0,0,0,0,0,0,0,"","","",0,0,0,0,0,0,0,0,0,0,0,0,0,"dempr001","F","F","F","F",0,0,0,0,0,0,0,0,0,0,F,F,"1978BAL.EVA.regular.event.csv",1826
"BAL197805282","CLE",7,1,0,0,0,"",0,2,"dempr001","?","dempr001","?","paxtm101","?","paxtm101","?","pruir101","cagew101","kuipd001","bellb001","veryt001","grubj001","mannr001","norrj101","","","","9/L","T","F",2,8,2,"T","T",0,"F","F",1,"F","F",0,"F","F",9,"L","F","F","",0,0,"N",0,"N",0,"N",0,0,0,0,"9","","","","F","F","F","F","F","F","F","F","F","","","","F","F","F","F","F","","","","",0,9,0,0,0,0,0,0,0,57,"BAL","BAL","CLE",1,"T","F",2,0,0,25,0,"T","F",0,0,"T","T","garck001","harll101","T","T",0,0,0,0,0,0,0,0,0,"","","",0,0,0,0,0,0,0,0,0,0,0,0,0,"norrj101","F","F","F","F",0,0,0,0,1,0,0,0,0,0,F,F,"1978BAL.EVA.regular.event.csv",1827
"BAL197805282","CLE",7,1,1,0,0,"",0,2,"garck001","?","garck001","?","paxtm101","?","paxtm101","?","pruir101","cagew101","kuipd001","bellb001","veryt001","grubj001","mannr001","norrj101","","","","D7","F","F",6,9,21,"T","T",2,"F","F",0,"F","F",0,"F","F",7,"","F","F","",0,0,"N",0,"N",0,"N",2,0,0,0,"","","","","F","F","F","F","F","F","F","F","F","","","","F","F","F","F","F","","","","",0,0,0,0,0,0,0,0,0,58,"BAL","BAL","CLE",1,"F","F",2,0,0,26,1,"T","F",0,2,"T","T","harll101","smitb101","T","T",0,0,0,0,0,0,0,0,0,"","","",0,0,0,0,0,0,0,0,0,0,0,0,0,"grubj001","F","F","F","F",4,0,0,0,1,0,0,0,0,0,F,F,"1978BAL.EVA.regular.event.csv",1828
"BAL197805282","CLE",7,1,1,0,0,"",0,2,"harll101","?","harll101","?","paxtm101","?","paxtm101","?","pruir101","cagew101","kuipd001","bellb001","veryt001","grubj001","mannr001","norrj101","","garck001","","31.2-3","F","F",8,1,2,"T","T",0,"F","F",1,"F","F",0,"F","F",3,"G","F","F","",0,0,"N",0,"N",0,"N",0,0,3,0,"31","","","","F","F","F","F","F","F","F","F","F","","paxtm101","","F","F","F","F","F","","","","",0,1,0,0,3,0,0,0,0,59,"BAL","BAL","CLE",1,"F","F",2,0,0,27,2,"T","F",2,4,"T","T","smitb101","kellp101","T","T",0,0,0,6,9,58,0,0,0,"","pruir101","",0,0,0,0,0,0,0,0,0,0,0,0,0,"cagew101","F","F","F","F",0,0,4,0,1,0,0,0,0,0,F,F,"1978BAL.EVA.regular.event.csv",1829
"BAL197805282","CLE",7,1,2,0,0,"",0,2,"smitb101","?","smitb101","?","paxtm101","?","paxtm101","?","pruir101","cagew101","kuipd001","bellb001","veryt001","grubj001","mannr001","norrj101","","","garck001","D9.3-H","F","F",4,2,21,"T","T",2,"F","F",0,"F","F",1,"F","F",9,"","F","F","",0,0,"N",0,"N",0,"N",2,0,0,4,"","","","","F","F","F","F","F","F","F","F","F","","","paxtm101","F","F","F","F","F","","","","",0,0,0,0,0,0,0,0,0,60,"BAL","BAL","CLE",1,"F","F",2,0,0,28,3,"T","F",4,2,"T","T","kellp101","singk001","T","T",0,0,0,0,0,0,6,9,58,"","","pruir101",0,0,0,0,0,0,0,0,0,0,0,0,1,"norrj101","F","F","F","F",2,0,0,4,0,0,0,0,0,0,F,F,"1978BAL.EVA.regular.event.csv",1830
"BAL197805282","CLE",7,1,2,0,0,"",0,3,"kellp101","?","kellp101","?","kinnd101","?","kinnd101","?","pruir101","cagew101","kuipd001","bellb001","veryt001","grubj001","mannr001","norrj101","","smitb101","","K","F","F",7,3,3,"T","T",0,"F","F",1,"F","F",0,"F","F",0,"","F","F","",0,0,"N",0,"N",0,"N",0,0,2,0,"2","","","","F","F","F","F","F","F","F","F","F","","paxtm101","","F","F","F","F","F","","","","",0,2,0,0,0,0,0,0,0,61,"BAL","BAL","CLE",1,"F","T",3,0,1,29,4,"T","F",2,2,"T","T","singk001","may-l101","F","F",0,0,0,4,2,60,0,0,0,"","pruir101","",0,0,0,0,0,0,0,0,0,0,0,0,0,"","F","F","F","F",0,0,2,0,0,0,0,0,0,0,F,F,"1978BAL.EVA.regular.event.csv",1831
"BAL197805282","CLE",8,0,0,0,0,"",0,3,"norrj101","?","norrj101","?","palmj001","?","palmj001","?","skagd101","murre001","smitb101","dauer001","belam101","kellp101","harll101","singk001","","","","1/G","T","F",9,2,2,"T","T",0,"F","F",1,"F","F",0,"F","F",1,"G","F","F","",0,0,"N",0,"N",0,"N",0,0,0,0,"1","","","","F","F","F","F","F","F","F","F","F","","","","F","F","F","F","F","","","","",0,1,0,0,0,0,0,0,0,62,"BAL","CLE","BAL",0,"T","F",0,3,0,28,0,"T","F",0,0,"T","T","bellb001","grubj001","T","T",0,0,0,0,0,0,0,0,0,"","","",0,0,0,0,0,0,0,0,0,0,0,0,0,"palmj001","F","F","F","F",0,0,0,0,0,0,0,0,0,0,F,F,"1978BAL.EVA.regular.event.csv",1832
"BAL197805282","CLE",8,0,1,0,0,"",0,3,"bellb001","?","bellb001","?","palmj001","?","palmj001","?","skagd101","murre001","smitb101","dauer001","belam101","kellp101","harll101","singk001","","","","8","F","F",5,3,2,"T","T",0,"F","F",1,"F","F",0,"F","F",8,"F","F","F","",0,0,"N",0,"N",0,"N",0,0,0,0,"8","","","","F","F","F","F","F","F","F","F","F","","","","F","F","F","F","F","","","","",0,8,0,0,0,0,0,0,0,63,"BAL","CLE","BAL",0,"F","F",0,3,0,29,1,"T","F",0,0,"T","T","grubj001","cagew101","T","T",0,0,0,0,0,0,0,0,0,"","","",0,0,0,0,0,0,0,0,0,0,0,0,0,"harll101","F","F","F","F",0,0,0,0,0,0,0,0,0,0,F,F,"1978BAL.EVA.regular.event.csv",1833
"BAL197805282","CLE",8,0,2,0,0,"",0,3,"grubj001","?","grubj001","?","palmj001","?","palmj001","?","skagd101","murre001","smitb101","dauer001","belam101","kellp101","harll101","singk001","","","","13","F","F",7,4,2,"T","T",0,"F","F",1,"F","F",0,"F","F",1,"G","F","F","",0,0,"N",0,"N",0,"N",0,0,0,0,"13","","","","F","F","F","F","F","F","F","F","F","","","","F","F","F","F","F","","","","",0,3,0,0,1,0,0,0,0,64,"BAL","CLE","BAL",0,"F","T",0,3,0,30,2,"T","F",0,0,"T","T","cagew101","cox-t101","T","T",0,0,0,0,0,0,0,0,0,"","","",0,0,0,0,0,0,0,0,0,0,0,0,0,"palmj001","F","F","F","F",0,0,0,0,0,0,0,0,0,0,F,F,"1978BAL.EVA.regular.event.csv",1834
"BAL197805282","CLE",8,1,0,0,0,"",0,3,"singk001","?","singk001","?","kinnd101","?","kinnd101","?","pruir101","cagew101","kuipd001","bellb001","veryt001","grubj001","mannr001","norrj101","","","","S8/G","T","F",9,4,20,"T","T",1,"F","F",0,"F","F",0,"F","F",8,"G","F","F","",0,0,"N",0,"N",0,"N",1,0,0,0,"","","","","F","F","F","F","F","F","F","F","F","","","","F","F","F","F","F","","","","",0,0,0,0,0,0,0,0,0,65,"BAL","BAL","CLE",1,"T","F",3,0,0,30,0,"T","F",0,1,"T","T","may-l101","murre001","F","F",0,0,0,0,0,0,0,0,0,"","","",0,0,0,0,0,0,0,0,0,0,0,0,0,"mannr001","F","F","F","F",2,0,0,0,0,0,0,0,0,0,F,F,"1978BAL.EVA.regular.event.csv",1835
"BAL197805282","CLE",8,1,0,0,0,"",0,3,"may-l101","?","may-l101","?","kinnd101","?","kinnd101","?","pruir101","cagew101","kuipd001","bellb001","veryt001","grubj001","mannr001","norrj101","lopec101","","","SB2#","F","F",10,5,4,"F","F",0,"F","F",0,"F","F",0,"F","F",0,"","F","F","",0,0,"N",0,"N",0,"N",0,2,0,0,"","","","","T","F","F","F","F","F","F","F","F","kinnd101","","","F","F","T","F","F","singk001","","","",0,0,0,0,0,0,0,0,0,66,"BAL","BAL","CLE",1,"F","F",3,0,0,31,1,"T","F",1,2,"T","T","murre001","dauer001","F","F",0,4,65,0,0,0,0,0,0,"pruir101","","",0,0,0,0,0,0,0,0,0,0,0,0,0,"","F","F","F","F",0,2,0,0,0,0,0,0,0,0,F,T,"1978BAL.EVA.regular.event.csv",1836
"BAL197805282","CLE",8,1,0,0,0,"",0,3,"may-l101","?","may-l101","?","kinnd101","?","kinnd101","?","pruir101","cagew101","kuipd001","bellb001","veryt001","grubj001","mannr001","norrj101","","lopec101","","4","F","F",10,5,2,"T","T",0,"F","F",1,"F","F",0,"F","F",4,"F","F","F","",0,0,"N",0,"N",0,"N",0,0,2,0,"4","","","","F","F","F","F","F","F","F","F","F","","kinnd101","","F","F","F","F","F","","","","",0,4,0,0,0,0,0,0,0,67,"BAL","BAL","CLE",1,"F","F",3,0,0,31,1,"F","F",2,2,"T","T","murre001","dauer001","F","F",0,0,0,0,4,65,0,0,0,"","pruir101","",0,0,0,0,0,0,0,0,0,0,0,0,0,"kuipd001","F","F","F","F",0,0,2,0,0,0,0,0,0,0,F,F,"1978BAL.EVA.regular.event.csv",1837
"BAL197805282","CLE",8,1,1,0,0,"",0,3,"murre001","?","murre001","?","kinnd101","?","kinnd101","?","pruir101","cagew101","kuipd001","bellb001","veryt001","grubj001","mannr001","norrj101","","lopec101","","53","F","F",3,6,2,"T","T",0,"F","F",1,"F","F",0,"F","F",5,"G","F","F","",0,0,"N",0,"N",0,"N",0,0,2,0,"53","","","","F","F","F","F","F","F","F","F","F","","kinnd101","","F","F","F","F","F","","","","",0,3,0,0,5,0,0,0,0,68,"BAL","BAL","CLE",1,"F","F",3,0,0,32,2,"T","F",2,2,"T","T","dauer001","skagd101","F","F",0,0,0,0,4,65,0,0,0,"","pruir101","",0,0,0,0,0,0,0,0,0,0,0,0,0,"bellb001","F","F","F","F",0,0,2,0,0,0,0,0,0,0,F,F,"1978BAL.EVA.regular.event.csv",1838
"BAL197805282","CLE",8,1,2,0,0,"",0,3,"dauer001","?","dauer001","?","kinnd101","?","kinnd101","?","pruir101","cagew101","kuipd001","bellb001","veryt001","grubj001","mannr001","norrj101","","lopec101","","5/L","F","F",5,7,2,"T","T",0,"F","F",1,"F","F",0,"F","F",5,"L","F","F","",0,0,"N",0,"N",0,"N",0,0,2,0,"5","","","","F","F","F","F","F","F","F","F","F","","kinnd101","","F","F","F","F","F","","","","",0,5,0,0,0,0,0,0,0,69,"BAL","BAL","CLE",1,"F","T",3,0,0,33,3,"T","F",2,2,"F","F","skagd101","belam101","F","F",0,0,0,0,4,65,0,0,0,"","pruir101","",0,0,0,0,0,0,0,0,0,0,0,0,0,"bellb001","F","F","F","F",0,0,2,0,0,0,0,0,0,0,F,F,"1978BAL.EVA.regular.event.csv",1839
"BAL197805282","CLE",9,0,0,0,0,"",0,3,"cagew101","?","cagew101","?","palmj001","?","palmj001","?","skagd101","murre001","smitb101","dauer001","belam101","kellp101","harll101","lopec101","","","","S7","T","F",3,5,20,"T","T",1,"F","F",0,"F","F",0,"F","F",7,"","F","F","",0,0,"N",0,"N",0,"N",1,0,0,0,"","","","","F","F","F","F","F","F","F","F","F","","","","F","F","F","F","F","","","","",0,0,0,0,0,0,0,0,0,70,"BAL","CLE","BAL",0,"T","F",0,3,0,31,0,"T","F",0,1,"T","T","cox-t101","kuipd001","T","T",0,0,0,0,0,0,0,0,0,"","","",0,0,0,0,0,0,0,0,0,0,0,0,0,"kellp101","F","F","F","F",2,0,0,0,0,0,0,0,0,0,F,F,"1978BAL.EVA.regular.event.csv",1840
"BAL197805282","CLE",9,0,0,0,0,"",0,3,"cox-t101","?","cox-t101","?","palmj001","?","palmj001","?","skagd101","murre001","smitb101","dauer001","belam101","kellp101","harll101","lopec101","cagew101","","","8","F","F",10,6,2,"T","T",0,"F","F",1,"F","F",0,"F","F",8,"F","F","F","",0,0,"N",0,"N",0,"N",0,1,0,0,"8","","","","F","F","F","F","F","F","F","F","F","palmj001","","","F","F","F","F","F","","","","",0,8,0,0,0,0,0,0,0,71,"BAL","CLE","BAL",0,"F","F",0,3,0,32,1,"T","F",1,1,"T","T","kuipd001","pruir101","T","T",3,5,70,0,0,0,0,0,0,"skagd101","","",0,0,0,0,0,0,0,0,0,0,0,0,0,"harll101","F","F","F","F",0,2,0,0,0,0,0,0,0,0,F,F,"1978BAL.EVA.regular.event.csv",1841
"BAL197805282","CLE",9,0,1,0,0,"",0,3,"kuipd001","?","kuipd001","?","palmj001","?","palmj001","?","skagd101","murre001","smitb101","dauer001","belam101","kellp101","harll101","lopec101","cagew101","","","43.1-2","F","F",4,7,2,"T","T",0,"F","F",1,"F","F",0,"F","F",4,"G","F","F","",0,0,"N",0,"N",0,"N",0,2,0,0,"43","","","","F","F","F","F","F","F","F","F","F","palmj001","","","F","F","F","F","F","","","","",0,3,0,0,4,0,0,0,0,72,"BAL","CLE","BAL",0,"F","F",0,3,0,33,2,"T","F",1,2,"T","T","pruir101","veryt001","T","T",3,5,70,0,0,0,0,0,0,"skagd101","","",0,0,0,0,0,0,0,0,0,0,0,0,0,"smitb101","F","F","F","F",0,2,0,0,0,0,0,0,0,0,F,F,"1978BAL.EVA.regular.event.csv",1842
"BAL197805282","CLE",9,0,2,0,0,"",0,3,"hassr001","?","hassr001","?","palmj001","?","palmj001","?","skagd101","murre001","smitb101","dauer001","belam101","kellp101","harll101","lopec101","","cagew101","","5/FL","F","T",11,8,2,"T","T",0,"F","F",1,"F","F",0,"F","F",5,"F","F","T","",0,0,"N",0,"N",0,"N",0,0,2,0,"5","","","","F","F","F","F","F","F","F","F","F","","palmj001","","F","T","F","F","F","","","","pruir101",2,5,0,0,0,0,0,0,0,73,"BAL","CLE","BAL",0,"F","T",0,3,0,34,3,"T","F",2,2,"F","F","veryt001","mannr001","T","T",0,0,0,3,5,70,0,0,0,"","skagd101","",0,0,0,0,0,0,0,0,0,0,0,0,0,"dauer001","F","F","F","F",0,0,2,0,0,0,0,0,0,0,F,F,"1978BAL.EVA.regular.event.csv",1843
"BAL197806120","SEA",1,0,0,0,0,"",0,0,"cruzj002","?","cruzj002","?","martd001","?","martd001","?","dempr001","murre001","smitb101","dauer001","belam101","moraa101","harll101","singk001","","","","7","T","F",4,1,2,"T","T",0,"F","F",1,"F","F",0,"F","F",7,"F","F","F","",0,0,"N",0,"N",0,"N",0,0,0,0,"7","","","","F","F","F","F","F","F","F","F","F","","","","T","F","F","F","F","","","","",0,7,0,0,0,0,0,0,0,1,"BAL","SEA","BAL",0,"T","F",0,0,0,0,0,"T","F",0,0,"T","T","reync001","joner002","T","T",0,0,0,0,0,0,0,0,0,"","","",0,0,0,0,0,0,0,0,0,0,0,0,0,"moraa101","F","F","F","F",0,0,0,0,0,0,0,0,0,0,F,F,"1978BAL.EVA.regular.event.csv",1844
"BAL197806120","SEA",1,0,1,0,0,"",0,0,"reync001","?","reync001","?","martd001","?","martd001","?","dempr001","murre001","smitb101","dauer001","belam101","moraa101","harll101","singk001","","","","K","F","F",6,2,3,"T","T",0,"F","F",1,"F","F",0,"F","F",0,"","F","F","",0,0,"N",0,"N",0,"N",0,0,0,0,"2","","","","F","F","F","F","F","F","F","F","F","","","","F","F","F","F","F","","","","",0,2,0,0,0,0,0,0,0,2,"BAL","SEA","BAL",0,"F","F",0,0,0,1,1,"T","F",0,0,"T","T","joner002","bochb001","T","T",0,0,0,0,0,0,0,0,0,"","","",0,0,0,0,0,0,0,0,0,0,0,0,0,"","F","F","F","F",0,0,0,0,0,0,0,0,0,0,F,F,"1978BAL.EVA.regular.event.csv",1845
"BAL197806120","SEA",1,0,2,0,0,"",0,0,"joner002","?","joner002","?","martd001","?","martd001","?","dempr001","murre001","smitb101","dauer001","belam101","moraa101","harll101","singk001","","","","S1/BG","F","F",8,3,20,"T","T",1,"F","F",0,"F","F",0,"F","F",1,"G","T","F","",0,0,"N",0,"N",0,"N",1,0,0,0,"","","","","F","F","F","F","F","F","F","F","F","","","","F","F","F","F","F","","","","",0,0,0,0,0,0,0,0,0,3,"BAL","SEA","BAL",0,"F","F",0,0,0,2,2,"T","F",0,1,"T","T","bochb001","stanl102","T","T",0,0,0,0,0,0,0,0,0,"","","",0,0,0,0,0,0,0,0,0,0,0,0,0,"martd001","F","F","F","F",0,0,0,0,0,0,0,0,0,0,F,F,"1978BAL.EVA.regular.event.csv",1846
"BAL197806120","SEA",1,0,2,0,0,"",0,0,"bochb001","?","bochb001","?","martd001","?","martd001","?","dempr001","murre001","smitb101","dauer001","belam101","moraa101","harll101","singk001","joner002","","","WP.1-2","F","F",7,4,9,"F","F",0,"F","F",0,"F","F",0,"T","F",0,"","F","F","",0,0,"N",0,"N",0,"N",0,2,0,0,"","","","","F","F","F","F","F","F","F","F","F","martd001","","","F","F","F","F","F","","","","",0,0,0,0,0,0,0,0,0,4,"BAL","SEA","BAL",0,"F","F",0,0,0,3,3,"T","F",1,2,"T","T","stanl102","meyed001","T","T",8,3,3,0,0,0,0,0,0,"dempr001","","",0,0,0,0,0,0,0,0,0,0,0,0,0,"","F","F","F","F",0,0,0,0,0,0,0,0,0,0,F,F,"1978BAL.EVA.regular.event.csv",1847
"BAL197806120","SEA",1,0,2,0,0,"",0,0,"bochb001","?","bochb001","?","martd001","?","martd001","?","dempr001","murre001","smitb101","dauer001","belam101","moraa101","harll101","singk001","","joner002","","K","F","F",7,4,3,"T","T",0,"F","F",1,"F","F",0,"F","F",0,"","F","F","",0,0,"N",0,"N",0,"N",0,0,2,0,"2","","","","F","F","F","F","F","F","F","F","F","","martd001","","F","F","F","F","F","","","","",0,2,0,0,0,0,0,0,0,5,"BAL","SEA","BAL",0,"F","T",0,0,0,3,3,"F","F",2,2,"T","T","stanl102","meyed001","T","T",0,0,0,8,3,3,0,0,0,"","dempr001","",0,0,0,0,0,0,0,0,0,0,0,0,0,"","F","F","F","F",0,0,0,0,0,0,0,0,0,0,F,F,"1978BAL.EVA.regular.event.csv",1848
"BAL197806120","SEA",1,1,0,0,0,"",0,0,"harll101","?","harll101","?","colbj101","?","colbj101","?","stinb101","meyed001","cruzj002","bernj101","reync001","bochb001","joner002","halej101","","","","9","T","F",8,1,2,"T","T",0,"F","F",1,"F","F",0,"F","F",9,"F","F","F","",0,0,"N",0,"N",0,"N",0,0,0,0,"9","","","","F","F","F","F","F","F","F","F","F","","","","F","F","F","F","F","","","","",0,9,0,0,0,0,0,0,0,6,"BAL","BAL","SEA",1,"T","F",0,0,0,0,0,"T","F",0,0,"T","T","dauer001","murre001","T","T",0,0,0,0,0,0,0,0,0,"","","",0,0,0,0,0,0,0,0,0,0,0,0,0,"halej101","F","F","F","F",0,0,0,0,0,0,0,0,0,0,F,F,"1978BAL.EVA.regular.event.csv",1849
"BAL197806120","SEA",1,1,1,0,0,"",0,0,"dauer001","?","dauer001","?","colbj101","?","colbj101","?","stinb101","meyed001","cruzj002","bernj101","reync001","bochb001","joner002","halej101","","","","7","F","F",5,2,2,"T","T",0,"F","F",1,"F","F",0,"F","F",7,"F","F","F","",0,0,"N",0,"N",0,"N",0,0,0,0,"7","","","","F","F","F","F","F","F","F","F","F","","","","F","F","F","F","F","","","","",0,7,0,0,0,0,0,0,0,7,"BAL","BAL","SEA",1,"F","F",0,0,0,1,1,"T","F",0,0,"T","T","murre001","singk001","T","T",0,0,0,0,0,0,0,0,0,"","","",0,0,0,0,0,0,0,0,0,0,0,0,0,"bochb001","F","F","F","F",0,0,0,0,0,0,0,0,0,0,F,F,"1978BAL.EVA.regular.event.csv",1850
"BAL197806120","SEA",1,1,2,0,0,"",0,0,"murre001","?","murre001","?","colbj101","?","colbj101","?","stinb101","meyed001","cruzj002","bernj101","reync001","bochb001","joner002","halej101","","","","6","F","F",3,3,2,"T","T",0,"F","F",1,"F","F",0,"F","F",6,"F","F","F","",0,0,"N",0,"N",0,"N",0,0,0,0,"6","","","","F","F","F","F","F","F","F","F","F","","","","F","F","F","F","F","","","","",0,6,0,0,0,0,0,0,0,8,"BAL","BAL","SEA",1,"F","T",0,0,0,2,2,"T","F",0,0,"T","T","singk001","may-l101","T","T",0,0,0,0,0,0,0,0,0,"","","",0,0,0,0,0,0,0,0,0,0,0,0,0,"reync001","F","F","F","F",0,0,0,0,0,0,0,0,0,0,F,F,"1978BAL.EVA.regular.event.csv",1851
"BAL197806120","SEA",2,0,0,0,0,"",0,0,"stanl102","?","stanl102","?","martd001","?","martd001","?","dempr001","murre001","smitb101","dauer001","belam101","moraa101","harll101","singk001","","","","K","T","F",10,5,3,"T","T",0,"F","F",1,"F","F",0,"F","F",0,"","F","F","",0,0,"N",0,"N",0,"N",0,0,0,0,"2","","","","F","F","F","F","F","F","F","F","F","","","","F","F","F","F","F","","","","",0,2,0,0,0,0,0,0,0,9,"BAL","SEA","BAL",0,"T","F",0,0,0,4,0,"T","F",0,0,"T","T","meyed001","halej101","T","T",0,0,0,0,0,0,0,0,0,"","","",0,0,0,0,0,0,0,0,0,0,0,0,0,"","F","F","F","F",0,0,0,0,0,0,0,0,0,0,F,F,"1978BAL.EVA.regular.event.csv",1852
"BAL197806120","SEA",2,0,1,0,0,"",0,0,"meyed001","?","meyed001","?","martd001","?","martd001","?","dempr001","murre001","smitb101","dauer001","belam101","moraa101","harll101","singk001","","","","43","F","F",3,6,2,"T","T",0,"F","F",1,"F","F",0,"F","F",4,"G","F","F","",0,0,"N",0,"N",0,"N",0,0,0,0,"43","","","","F","F","F","F","F","F","F","F","F","","","","F","F","F","F","F","","","","",0,3,0,0,4,0,0,0,0,10,"BAL","SEA","BAL",0,"F","F",0,0,0,5,1,"T","F",0,0,"T","T","halej101","bernj101","T","T",0,0,0,0,0,0,0,0,0,"","","",0,0,0,0,0,0,0,0,0,0,0,0,0,"smitb101","F","F","F","F",0,0,0,0,0,0,0,0,0,0,F,F,"1978BAL.EVA.regular.event.csv",1853
"BAL197806120","SEA",2,0,2,0,0,"",0,0,"halej101","?","halej101","?","martd001","?","martd001","?","dempr001","murre001","smitb101","dauer001","belam101","moraa101","harll101","singk001","","","","W","F","F",9,7,14,"T","F",0,"F","F",0,"F","F",0,"F","F",0,"","F","F","",0,0,"N",0,"N",0,"N",1,0,0,0,"","","","","F","F","F","F","F","F","F","F","F","","","","F","F","F","F","F","","","","",0,0,0,0,0,0,0,0,0,11,"BAL","SEA","BAL",0,"F","F",0,0,0,6,2,"T","F",0,1,"T","T","bernj101","stinb101","T","T",0,0,0,0,0,0,0,0,0,"","","",0,0,0,0,0,0,0,0,0,0,0,0,0,"","F","F","F","F",0,0,0,0,0,0,0,0,0,0,F,F,"1978BAL.EVA.regular.event.csv",1854
"BAL197806120","SEA",2,0,2,0,0,"",0,0,"bernj101","?","bernj101","?","martd001","?","martd001","?","dempr001","murre001","smitb101","dauer001","belam101","moraa101","harll101","singk001","halej101","","","CS2(24)","F","F",5,8,6,"F","F",0,"F","F",1,"F","F",0,"F","F",0,"","F","F","",0,0,"N",0,"N",0,"N",0,0,0,0,"","24","","","F","F","F","T","F","F","F","F","F","martd001","","","F","F","F","F","F","","","","",0,4,0,0,2,0,0,0,0,12,"BAL","SEA","BAL",0,"F","T",0,0,0,7,3,"T","T",1,0,"T","T","stinb101","cruzj002","T","T",9,7,11,0,0,0,0,0,0,"dempr001","","",0,0,0,0,0,0,0,0,0,0,0,0,0,"","F","F","F","F",0,0,0,0,0,0,0,0,0,0,F,F,"1978BAL.EVA.regular.event.csv",1855
"BAL197806120","SEA",2,1,0,0,0,"",0,0,"singk001","?","singk001","?","colbj101","?","colbj101","?","stinb101","meyed001","cruzj002","bernj101","reync001","bochb001","joner002","halej101","","","","S9","T","F",9,4,20,"T","T",1,"F","F",0,"F","F",0,"F","F",9,"","F","F","",0,0,"N",0,"N",0,"N",1,0,0,0,"","","","","F","F","F","F","F","F","F","F","F","","","","F","F","F","F","F","","","","",0,0,0,0,0,0,0,0,0,13,"BAL","BAL","SEA",1,"T","F",0,0,0,3,0,"T","F",0,1,"T","T","may-l101","moraa101","T","T",0,0,0,0,0,0,0,0,0,"","","",0,0,0,0,0,0,0,0,0,0,0,0,0,"halej101","F","F","F","F",0,0,0,0,0,0,0,0,0,0,F,F,"1978BAL.EVA.regular.event.csv",1856
"BAL197806120","SEA",2,1,0,0,0,"",0,0,"may-l101","?","may-l101","?","colbj101","?","colbj101","?","stinb101","meyed001","cruzj002","bernj101","reync001","bochb001","joner002","halej101","singk001","","","5/L","F","F",10,5,2,"T","T",0,"F","F",1,"F","F",0,"F","F",5,"L","F","F","",0,0,"N",0,"N",0,"N",0,1,0,0,"5","","","","F","F","F","F","F","F","F","F","F","colbj101","","","F","F","F","F","F","","","","",0,5,0,0,0,0,0,0,0,14,"BAL","BAL","SEA",1,"F","F",0,0,0,4,1,"T","F",1,1,"T","T","moraa101","smitb101","T","T",9,4,13,0,0,0,0,0,0,"stinb101","","",0,0,0,0,0,0,0,0,0,0,0,0,0,"bernj101","F","F","F","F",0,0,0,0,0,0,0,0,0,0,F,F,"1978BAL.EVA.regular.event.csv",1857
"BAL197806120","SEA",2,1,1,0,0,"",0,0,"moraa101","?","moraa101","?","colbj101","?","colbj101","?","stinb101","meyed001","cruzj002","bernj101","reync001","bochb001","joner002","halej101","singk001","","","HP.1-2","F","F",7,6,16,"T","F",0,"F","F",0,"F","F",0,"F","F",0,"","F","F","",0,0,"N",0,"N",0,"N",1,2,0,0,"","","","","F","F","F","F","F","F","F","F","F","colbj101","","","F","F","F","F","F","","","","",0,0,0,0,0,0,0,0,0,15,"BAL","BAL","SEA",1,"F","F",0,0,0,5,2,"T","F",1,3,"T","T","smitb101","dempr001","T","T",9,4,13,0,0,0,0,0,0,"stinb101","","",0,0,0,0,0,0,0,0,0,0,0,0,0,"","F","F","F","F",0,0,0,0,0,0,0,0,0,0,F,F,"1978BAL.EVA.regular.event.csv",1858
"BAL197806120","SEA",2,1,1,0,0,"",0,0,"smitb101","?","smitb101","?","colbj101","?","colbj101","?","stinb101","meyed001","cruzj002","bernj101","reync001","bochb001","joner002","halej101","moraa101","singk001","","36(1)/FO.2-3","F","F",4,7,2,"T","T",0,"F","F",1,"F","F",0,"F","F",3,"G","F","F","",0,0,"N",0,"N",0,"N",1,0,3,0,"","36","","","F","F","F","F","F","F","F","F","F","colbj101","colbj101","","F","F","F","F","F","","","","",0,6,0,0,3,0,0,0,0,16,"BAL","BAL","SEA",1,"F","F",0,0,0,6,3,"T","F",3,5,"T","T","dempr001","belam101","T","T",7,6,15,9,4,13,0,0,0,"stinb101","stinb101","",0,0,0,0,0,0,0,0,0,0,0,0,0,"meyed001","T","F","F","F",0,0,0,0,0,0,0,0,0,0,F,F,"1978BAL.EVA.regular.event.csv",1859
"BAL197806120","SEA",2,1,2,0,0,"",0,0,"dempr001","?","dempr001","?","colbj101","?","colbj101","?","stinb101","meyed001","cruzj002","bernj101","reync001","bochb001","joner002","halej101","smitb101","","singk001","64(1)/FO","F","F",2,8,2,"T","T",0,"F","F",1,"F","F",0,"F","F",6,"G","F","F","",0,0,"N",0,"N",0,"N",1,0,0,3,"","64","","","F","F","F","F","F","F","F","F","F","colbj101","","colbj101","F","F","F","F","F","","","","",0,4,0,0,6,0,0,0,0,17,"BAL","BAL","SEA",1,"F","T",0,0,0,7,4,"T","F",5,5,"T","T","belam101","harll101","T","T",4,7,16,0,0,0,9,4,13,"stinb101","","stinb101",0,0,0,0,0,0,0,0,0,0,0,0,0,"reync001","T","F","F","F",0,0,0,0,0,0,0,0,0,0,F,F,"1978BAL.EVA.regular.event.csv",1860
"BAL197806120","SEA",3,0,0,0,0,"",0,0,"bernj101","?","bernj101","?","martd001","?","martd001","?","dempr001","murre001","smitb101","dauer001","belam101","moraa101","harll101","singk001","","","","9","T","F",5,8,2,"T","T",0,"F","F",1,"F","F",0,"F","F",9,"F","F","F","",0,0,"N",0,"N",0,"N",0,0,0,0,"9","","","","F","F","F","F","F","F","F","F","F","","","","F","F","F","F","F","","","","",0,9,0,0,0,0,0,0,0,18,"BAL","SEA","BAL",0,"T","F",0,0,0,7,0,"T","F",0,0,"T","T","stinb101","cruzj002","T","T",0,0,0,0,0,0,0,0,0,"","","",0,0,0,0,0,0,0,0,0,0,0,0,0,"singk001","F","F","F","F",0,0,0,0,0,0,0,0,0,0,F,F,"1978BAL.EVA.regular.event.csv",1861
"BAL197806120","SEA",3,0,1,0,0,"",0,0,"stinb101","?","stinb101","?","martd001","?","martd001","?","dempr001","murre001","smitb101","dauer001","belam101","moraa101","harll101","singk001","","","","5/P","F","F",2,9,2,"T","T",0,"F","F",1,"F","F",0,"F","F",5,"P","F","F","",0,0,"N",0,"N",0,"N",0,0,0,0,"5","","","","F","F","F","F","F","F","F","F","F","","","","F","F","F","F","F","","","","",0,5,0,0,0,0,0,0,0,19,"BAL","SEA","BAL",0,"F","F",0,0,0,8,1,"T","F",0,0,"T","T","cruzj002","reync001","T","T",0,0,0,0,0,0,0,0,0,"","","",0,0,0,0,0,0,0,0,0,0,0,0,0,"dauer001","F","F","F","F",0,0,0,0,0,0,0,0,0,0,F,F,"1978BAL.EVA.regular.event.csv",1862
"BAL197806120","SEA",3,0,2,0,0,"",0,0,"cruzj002","?","cruzj002","?","martd001","?","martd001","?","dempr001","murre001","smitb101","dauer001","belam101","moraa101","harll101","singk001","","","","W","F","F",4,1,14,"T","F",0,"F","F",0,"F","F",0,"F","F",0,"","F","F","",0,0,"N",0,"N",0,"N",1,0,0,0,"","","","","F","F","F","F","F","F","F","F","F","","","","F","F","F","F","F","","","","",0,0,0,0,0,0,0,0,0,20,"BAL","SEA","BAL",0,"F","F",0,0,0,9,2,"T","F",0,1,"T","T","reync001","joner002","T","T",0,0,0,0,0,0,0,0,0,"","","",0,0,0,0,0,0,0,0,0,0,0,0,0,"","F","F","F","F",0,0,0,0,0,0,0,0,0,0,F,F,"1978BAL.EVA.regular.event.csv",1863
"BAL197806120","SEA",3,0,2,0,0,"",0,0,"reync001","?","reync001","?","martd001","?","martd001","?","dempr001","murre001","smitb101","dauer001","belam101","moraa101","harll101","singk001","cruzj002","","","PO1(13)","F","F",6,2,8,"F","F",0,"F","F",1,"F","F",0,"F","F",0,"","F","F","",0,0,"N",0,"N",0,"N",0,0,0,0,"","13","","","F","F","F","F","F","F","T","F","F","martd001","","","F","F","F","F","F","","","","",0,3,0,0,1,0,0,0,0,21,"BAL","SEA","BAL",0,"F","T",0,0,0,10,3,"T","T",1,0,"T","T","joner002","bochb001","T","T",4,1,20,0,0,0,0,0,0,"dempr001","","",0,0,0,0,0,0,0,0,0,0,0,0,0,"","F","F","F","F",0,0,0,0,0,0,0,0,0,0,F,F,"1978BAL.EVA.regular.event.csv",1864
"BAL197806120","SEA",3,1,0,0,0,"",0,0,"belam101","?","belam101","?","colbj101","?","colbj101","?","stinb101","meyed001","cruzj002","bernj101","reync001","bochb001","joner002","halej101","","","","8","T","F",6,9,2,"T","T",0,"F","F",1,"F","F",0,"F","F",8,"F","F","F","",0,0,"N",0,"N",0,"N",0,0,0,0,"8","","","","F","F","F","F","F","F","F","F","F","","","","F","F","F","F","F","","","","",0,8,0,0,0,0,0,0,0,22,"BAL","BAL","SEA",1,"T","F",0,0,0,8,0,"T","F",0,0,"T","T","harll101","dauer001","T","T",0,0,0,0,0,0,0,0,0,"","","",0,0,0,0,0,0,0,0,0,0,0,0,0,"joner002","F","F","F","F",0,0,0,0,3,0,0,0,0,0,F,F,"1978BAL.EVA.regular.event.csv",1865
"BAL197806120","SEA",3,1,1,0,0,"",0,0,"harll101","?","harll101","?","colbj101","?","colbj101","?","stinb101","meyed001","cruzj002","bernj101","reync001","bochb001","joner002","halej101","","","","W","F","F",8,1,14,"T","F",0,"F","F",0,"F","F",0,"F","F",0,"","F","F","",0,0,"N",0,"N",0,"N",1,0,0,0,"","","","","F","F","F","F","F","F","F","F","F","","","","F","F","F","F","F","","","","",0,0,0,0,0,0,0,0,0,23,"BAL","BAL","SEA",1,"F","F",0,0,0,9,1,"T","F",0,1,"T","T","dauer001","murre001","T","T",0,0,0,0,0,0,0,0,0,"","","",0,0,0,0,0,0,0,0,0,0,0,0,0,"","F","F","F","F",4,0,0,0,3,0,0,0,0,0,F,F,"1978BAL.EVA.regular.event.csv",1866
"BAL197806120","SEA",3,1,1,0,0,"",0,0,"dauer001","?","dauer001","?","colbj101","?","colbj101","?","stinb101","meyed001","cruzj002","bernj101","reync001","bochb001","joner002","halej101","harll101","","","S7.1-3","F","F",5,2,20,"T","T",1,"F","F",0,"F","F",0,"F","F",7,"","F","F","",0,0,"N",0,"N",0,"N",1,3,0,0,"","","","","F","F","F","F","F","F","F","F","F","colbj101","","","F","F","F","F","F","","","","",0,0,0,0,0,0,0,0,0,24,"BAL","BAL","SEA",1,"F","F",0,0,0,10,2,"T","F",1,5,"T","T","murre001","singk001","T","T",8,1,23,0,0,0,0,0,0,"stinb101","","",0,0,0,0,0,0,0,0,0,0,0,0,0,"bochb001","F","F","F","F",4,4,0,0,3,0,0,0,0,0,F,F,"1978BAL.EVA.regular.event.csv",1867
"BAL197806120","SEA",3,1,1,0,0,"",0,0,"murre001","?","murre001","?","colbj101","?","colbj101","?","stinb101","meyed001","cruzj002","bernj101","reync001","bochb001","joner002","halej101","dauer001","","harll101","HR/9.3-H;1-H","F","F",3,3,23,"T","T",4,"F","F",0,"F","F",3,"F","F",0,"","F","F","9",0,0,"N",0,"N",0,"N",4,4,0,4,"","","","","F","F","F","F","F","F","F","F","F","colbj101","","colbj101","F","F","F","F","F","","","","",0,0,0,0,0,0,0,0,0,25,"BAL","BAL","SEA",1,"F","F",0,0,0,11,3,"T","F",5,0,"T","T","singk001","may-l101","T","T",5,2,24,0,0,0,8,1,23,"stinb101","","stinb101",0,0,0,0,0,0,0,0,0,0,0,0,3,"","F","F","F","F",4,4,0,4,0,0,0,0,0,0,F,F,"1978BAL.EVA.regular.event.csv",1868
"BAL197806120","SEA",3,1,1,0,0,"",0,3,"singk001","?","singk001","?","colbj101","?","colbj101","?","stinb101","meyed001","cruzj002","bernj101","reync001","bochb001","joner002","halej101","","","","8","F","F",9,4,2,"T","T",0,"F","F",1,"F","F",0,"F","F",8,"F","F","F","",0,0,"N",0,"N",0,"N",0,0,0,0,"8","","","","F","F","F","F","F","F","F","F","F","","","","F","F","F","F","F","","","","",0,8,0,0,0,0,0,0,0,26,"BAL","BAL","SEA",1,"F","F",3,0,3,12,4,"T","F",0,0,"T","T","may-l101","moraa101","T","T",0,0,0,0,0,0,0,0,0,"","","",0,0,0,0,0,0,0,0,0,0,0,0,0,"joner002","F","F","F","F",0,0,0,0,0,0,0,0,0,0,F,F,"1978BAL.EVA.regular.event.csv",1869
"BAL197806120","SEA",3,1,2,0,0,"",0,3,"may-l101","?","may-l101","?","colbj101","?","colbj101","?","stinb101","meyed001","cruzj002","bernj101","reync001","bochb001","joner002","halej101","","","","3/FL","F","F",10,5,2,"T","T",0,"F","F",1,"F","F",0,"F","F",3,"F","F","T","",0,0,"N",0,"N",0,"N",0,0,0,0,"3","","","","F","F","F","F","F","F","F","F","F","","","","F","F","F","F","F","","","","",0,3,0,0,0,0,0,0,0,27,"BAL","BAL","SEA",1,"F","T",3,0,3,13,5,"T","F",0,0,"T","T","moraa101","smitb101","T","T",0,0,0,0,0,0,0,0,0,"","","",0,0,0,0,0,0,0,0,0,0,0,0,0,"meyed001","F","F","F","F",0,0,0,0,0,0,0,0,0,0,F,F,"1978BAL.EVA.regular.event.csv",1870
"BAL197806120","SEA",4,0,0,0,0,"",0,3,"reync001","?","reync001","?","martd001","?","martd001","?","dempr001","murre001","smitb101","dauer001","belam101","moraa101","harll101","singk001","","","","63","T","F",6,2,2,"T","T",0,"F","F",1,"F","F",0,"F","F",6,"G","F","F","",0,0,"N",0,"N",0,"N",0,0,0,0,"63","","","","F","F","F","F","F","F","F","F","F","","","","F","F","F","F","F","","","","",0,3,0,0,6,0,0,0,0,28,"BAL","SEA","BAL",0,"T","F",0,3,0,10,0,"T","F",0,0,"T","T","joner002","bochb001","T","T",0,0,0,0,0,0,0,0,0,"","","",0,0,0,0,0,0,0,0,0,0,0,0,0,"belam101","F","F","F","F",0,0,0,0,0,0,0,0,0,0,F,F,"1978BAL.EVA.regular.event.csv",1871
"BAL197806120","SEA",4,0,1,0,0,"",0,3,"joner002","?","joner002","?","martd001","?","martd001","?","dempr001","murre001","smitb101","dauer001","belam101","moraa101","harll101","singk001","","","","S7","F","F",8,3,20,"T","T",1,"F","F",0,"F","F",0,"F","F",7,"","F","F","",0,0,"N",0,"N",0,"N",1,0,0,0,"","","","","F","F","F","F","F","F","F","F","F","","","","F","F","F","F","F","","","","",0,0,0,0,0,0,0,0,0,29,"BAL","SEA","BAL",0,"F","F",0,3,0,11,1,"T","F",0,1,"T","T","bochb001","stanl102","T","T",0,0,0,0,0,0,0,0,0,"","","",0,0,0,0,0,0,0,0,0,0,0,0,0,"moraa101","F","F","F","F",0,0,0,0,0,0,0,0,0,0,F,F,"1978BAL.EVA.regular.event.csv",1872
"BAL197806120","SEA",4,0,1,0,0,"",0,3,"bochb001","?","bochb001","?","martd001","?","martd001","?","dempr001","murre001","smitb101","dauer001","belam101","moraa101","harll101","singk001","joner002","","","SB2","F","F",7,4,4,"F","F",0,"F","F",0,"F","F",0,"F","F",0,"","F","F","",0,0,"N",0,"N",0,"N",0,2,0,0,"","","","","T","F","F","F","F","F","F","F","F","martd001","","","F","F","F","F","F","","","","",0,0,0,0,0,0,0,0,0,30,"BAL","SEA","BAL",0,"F","F",0,3,0,12,2,"T","F",1,2,"T","T","stanl102","meyed001","T","T",8,3,29,0,0,0,0,0,0,"dempr001","","",0,0,0,0,0,0,0,0,0,0,0,0,0,"","F","F","F","F",0,0,0,0,0,0,0,0,0,0,F,F,"1978BAL.EVA.regular.event.csv",1873
"BAL197806120","SEA",4,0,1,0,0,"",0,3,"bochb001","?","bochb001","?","martd001","?","martd001","?","dempr001","murre001","smitb101","dauer001","belam101","moraa101","harll101","singk001","","joner002","","K","F","F",7,4,3,"T","T",0,"F","F",1,"F","F",0,"F","F",0,"","F","F","",0,0,"N",0,"N",0,"N",0,0,2,0,"2","","","","F","F","F","F","F","F","F","F","F","","martd001","","F","F","F","F","F","","","","",0,2,0,0,0,0,0,0,0,31,"BAL","SEA","BAL",0,"F","F",0,3,0,12,2,"F","F",2,2,"T","T","stanl102","meyed001","T","T",0,0,0,8,3,29,0,0,0,"","dempr001","",0,0,0,0,0,0,0,0,0,0,0,0,0,"","F","F","F","F",0,0,0,0,0,0,0,0,0,0,F,F,"1978BAL.EVA.regular.event.csv",1874
"BAL197806120","SEA",4,0,2,0,0,"",0,3,"stanl102","?","stanl102","?","martd001","?","martd001","?","dempr001","murre001","smitb101","dauer001","belam101","moraa101","harll101","singk001","","joner002","","K","F","F",10,5,3,"T","T",0,"F","F",1,"F","F",0,"F","F",0,"","F","F","",0,0,"N",0,"N",0,"N",0,0,2,0,"2","","","","F","F","F","F","F","F","F","F","F","","martd001","","F","F","F","F","F","","","","",0,2,0,0,0,0,0,0,0,32,"BAL","SEA","BAL",0,"F","T",0,3,0,13,3,"T","F",2,2,"T","T","meyed001","halej101","T","T",0,0,0,8,3,29,0,0,0,"","dempr001","",0,0,0,0,0,0,0,0,0,0,0,0,0,"","F","F","F","F",0,0,0,0,0,0,0,0,0,0,F,F,"1978BAL.EVA.regular.event.csv",1875
"BAL197806120","SEA",4,1,0,0,0,"",0,3,"moraa101","?","moraa101","?","colbj101","?","colbj101","?","stinb101","meyed001","cruzj002","bernj101","reync001","bochb001","joner002","halej101","","","","53","T","F",7,6,2,"T","T",0,"F","F",1,"F","F",0,"F","F",5,"G","F","F","",0,0,"N",0,"N",0,"N",0,0,0,0,"53","","","","F","F","F","F","F","F","F","F","F","","","","F","F","F","F","F","","","","",0,3,0,0,5,0,0,0,0,33,"BAL","BAL","SEA",1,"T","F",3,0,0,14,0,"T","F",0,0,"T","T","smitb101","dempr001","T","T",0,0,0,0,0,0,0,0,0,"","","",0,0,0,0,0,0,0,0,0,0,0,0,0,"bernj101","F","F","F","F",0,0,0,0,0,0,0,0,0,0,F,F,"1978BAL.EVA.regular.event.csv",1876
"BAL197806120","SEA",4,1,1,0,0,"",0,3,"smitb101","?","smitb101","?","colbj101","?","colbj101","?","stinb101","meyed001","cruzj002","bernj101","reync001","bochb001","joner002","halej101","","","","9","F","F",4,7,2,"T","T",0,"F","F",1,"F","F",0,"F","F",9,"F","F","F","",0,0,"N",0,"N",0,"N",0,0,0,0,"9","","","","F","F","F","F","F","F","F","F","F","","","","F","F","F","F","F","","","","",0,9,0,0,0,0,0,0,0,34,"BAL","BAL","SEA",1,"F","F",3,0,0,15,1,"T","F",0,0,"T","T","dempr001","belam101","T","T",0,0,0,0,0,0,0,0,0,"","","",0,0,0,0,0,0,0,0,0,0,0,0,0,"halej101","F","F","F","F",0,0,0,0,0,0,0,0,0,0,F,F,"1978BAL.EVA.regular.event.csv",1877
"BAL197806120","SEA",4,1,2,0,0,"",0,3,"dempr001","?","dempr001","?","colbj101","?","colbj101","?","stinb101","meyed001","cruzj002","bernj101","reync001","bochb001","joner002","halej101","","","","7","F","F",2,8,2,"T","T",0,"F","F",1,"F","F",0,"F","F",7,"F","F","F","",0,0,"N",0,"N",0,"N",0,0,0,0,"7","","","","F","F","F","F","F","F","F","F","F","","","","F","F","F","F","F","","","","",0,7,0,0,0,0,0,0,0,35,"BAL","BAL","SEA",1,"F","T",3,0,0,16,2,"T","F",0,0,"T","T","belam101","harll101","T","T",0,0,0,0,0,0,0,0,0,"","","",0,0,0,0,0,0,0,0,0,0,0,0,0,"bochb001","F","F","F","F",0,0,0,0,0,0,0,0,0,0,F,F,"1978BAL.EVA.regular.event.csv",1878
"BAL197806120","SEA",5,0,0,0,0,"",0,3,"meyed001","?","meyed001","?","martd001","?","martd001","?","dempr001","murre001","smitb101","dauer001","belam101","moraa101","harll101","singk001","","","","7","T","F",3,6,2,"T","T",0,"F","F",1,"F","F",0,"F","F",7,"F","F","F","",0,0,"N",0,"N",0,"N",0,0,0,0,"7","","","","F","F","F","F","F","F","F","F","F","","","","F","F","F","F","F","","","","",0,7,0,0,0,0,0,0,0,36,"BAL","SEA","BAL",0,"T","F",0,3,0,14,0,"T","F",0,0,"T","T","halej101","bernj101","T","T",0,0,0,0,0,0,0,0,0,"","","",0,0,0,0,0,0,0,0,0,0,0,0,0,"moraa101","F","F","F","F",0,0,0,0,0,0,0,0,0,0,F,F,"1978BAL.EVA.regular.event.csv",1879
"BAL197806120","SEA",5,0,1,0,0,"",0,3,"halej101","?","halej101","?","martd001","?","martd001","?","dempr001","murre001","smitb101","dauer001","belam101","moraa101","harll101","singk001","","","","8","F","F",9,7,2,"T","T",0,"F","F",1,"F","F",0,"F","F",8,"F","F","F","",0,0,"N",0,"N",0,"N",0,0,0,0,"8","","","","F","F","F","F","F","F","F","F","F","","","","F","F","F","F","F","","","","",0,8,0,0,0,0,0,0,0,37,"BAL","SEA","BAL",0,"F","F",0,3,0,15,1,"T","F",0,0,"T","T","bernj101","stinb101","T","T",0,0,0,0,0,0,0,0,0,"","","",0,0,0,0,0,0,0,0,0,0,0,0,0,"harll101","F","F","F","F",0,0,0,0,0,0,0,0,0,0,F,F,"1978BAL.EVA.regular.event.csv",1880
"BAL197806120","SEA",5,0,2,0,0,"",0,3,"bernj101","?","bernj101","?","martd001","?","martd001","?","dempr001","murre001","smitb101","dauer001","belam101","moraa101","harll101","singk001","","","","S7","F","F",5,8,20,"T","T",1,"F","F",0,"F","F",0,"F","F",7,"","F","F","",0,0,"N",0,"N",0,"N",1,0,0,0,"","","","","F","F","F","F","F","F","F","F","F","","","","F","F","F","F","F","","","","",0,0,0,0,0,0,0,0,0,38,"BAL","SEA","BAL",0,"F","F",0,3,0,16,2,"T","F",0,1,"T","T","stinb101","cruzj002","T","T",0,0,0,0,0,0,0,0,0,"","","",0,0,0,0,0,0,0,0,0,0,0,0,0,"moraa101","F","F","F","F",0,0,0,0,0,0,0,0,0,0,F,F,"1978BAL.EVA.regular.event.csv",1881
"BAL197806120","SEA",5,0,2,0,0,"",0,3,"stinb101","?","stinb101","?","martd001","?","martd001","?","dempr001","murre001","smitb101","dauer001","belam101","moraa101","harll101","singk001","bernj101","","","D7.1-3","F","F",2,9,21,"T","T",2,"F","F",0,"F","F",0,"F","F",7,"","F","F","",0,0,"N",0,"N",0,"N",2,3,0,0,"","","","","F","F","F","F","F","F","F","F","F","martd001","","","F","F","F","F","F","","","","",0,0,0,0,0,0,0,0,0,39,"BAL","SEA","BAL",0,"F","F",0,3,0,17,3,"T","F",1,6,"T","T","cruzj002","reync001","T","T",5,8,38,0,0,0,0,0,0,"dempr001","","",0,0,0,0,0,0,0,0,0,0,0,0,0,"moraa101","F","F","F","F",0,0,0,0,0,0,0,0,0,0,F,F,"1978BAL.EVA.regular.event.csv",1882
"BAL197806120","SEA",5,0,2,0,0,"",0,3,"cruzj002","?","cruzj002","?","martd001","?","martd001","?","dempr001","murre001","smitb101","dauer001","belam101","moraa101","harll101","singk001","","stinb101","bernj101","63","F","F",4,1,2,"T","T",0,"F","F",1,"F","F",0,"F","F",6,"G","F","F","",0,0,"N",0,"N",0,"N",0,0,2,3,"63","","","","F","F","F","F","F","F","F","F","F","","martd001","martd001","F","F","F","F","F","","","","",0,3,0,0,6,0,0,0,0,40,"BAL","SEA","BAL",0,"F","T",0,3,0,18,4,"T","F",6,6,"T","T","reync001","joner002","T","T",0,0,0,2,9,39,5,8,38,"","dempr001","dempr001",0,0,0,0,0,0,0,0,0,0,0,0,0,"belam101","F","F","F","F",0,0,0,0,0,0,0,0,0,0,F,F,"1978BAL.EVA.regular.event.csv",1883
"BAL197806120","SEA",5,1,0,0,0,"",0,3,"belam101","?","belam101","?","colbj101","?","colbj101","?","stinb101","meyed001","cruzj002","bernj101","reync001","bochb001","joner002","halej101","","","","9","T","F",6,9,2,"T","T",0,"F","F",1,"F","F",0,"F","F",9,"F","F","F","",0,0,"N",0,"N",0,"N",0,0,0,0,"9","","","","F","F","F","F","F","F","F","F","F","","","","F","F","F","F","F","","","","",0,9,0,0,0,0,0,0,0,41,"BAL","BAL","SEA",1,"T","F",3,0,0,17,0,"T","F",0,0,"T","T","harll101","dauer001","T","T",0,0,0,0,0,0,0,0,0,"","","",0,0,0,0,0,0,0,0,0,0,0,0,0,"halej101","F","F","F","F",0,0,0,0,0,0,0,0,0,0,F,F,"1978BAL.EVA.regular.event.csv",1884
"BAL197806120","SEA",5,1,1,0,0,"",0,3,"harll101","?","harll101","?","colbj101","?","colbj101","?","stinb101","meyed001","cruzj002","bernj101","reync001","bochb001","joner002","halej101","","","","1/P","F","F",8,1,2,"T","T",0,"F","F",1,"F","F",0,"F","F",1,"P","F","F","",0,0,"N",0,"N",0,"N",0,0,0,0,"1","","","","F","F","F","F","F","F","F","F","F","","","","F","F","F","F","F","","","","",0,1,0,0,0,0,0,0,0,42,"BAL","BAL","SEA",1,"F","F",3,0,0,18,1,"T","F",0,0,"T","T","dauer001","murre001","T","T",0,0,0,0,0,0,0,0,0,"","","",0,0,0,0,0,0,0,0,0,0,0,0,0,"colbj101","F","F","F","F",0,0,0,0,0,0,0,0,0,0,F,F,"1978BAL.EVA.regular.event.csv",1885
"BAL197806120","SEA",5,1,2,0,0,"",0,3,"dauer001","?","dauer001","?","colbj101","?","colbj101","?","stinb101","meyed001","cruzj002","bernj101","reync001","bochb001","joner002","halej101","","","","8","F","F",5,2,2,"T","T",0,"F","F",1,"F","F",0,"F","F",8,"F","F","F","",0,0,"N",0,"N",0,"N",0,0,0,0,"8","","","","F","F","F","F","F","F","F","F","F","","","","F","F","F","F","F","","","","",0,8,0,0,0,0,0,0,0,43,"BAL","BAL","SEA",1,"F","T",3,0,0,19,2,"T","F",0,0,"T","T","murre001","singk001","T","T",0,0,0,0,0,0,0,0,0,"","","",0,0,0,0,0,0,0,0,0,0,0,0,0,"joner002","F","F","F","F",0,0,0,0,0,0,0,0,0,0,F,F,"1978BAL.EVA.regular.event.csv",1886
"BAL197806120","SEA",6,0,0,0,0,"",0,3,"reync001","?","reync001","?","martd001","?","martd001","?","dempr001","murre001","smitb101","dauer001","belam101","moraa101","harll101","singk001","","","","63","T","F",6,2,2,"T","T",0,"F","F",1,"F","F",0,"F","F",6,"G","F","F","",0,0,"N",0,"N",0,"N",0,0,0,0,"63","","","","F","F","F","F","F","F","F","F","F","","","","F","F","F","F","F","","","","",0,3,0,0,6,0,0,0,0,44,"BAL","SEA","BAL",0,"T","F",0,3,0,19,0,"T","F",0,0,"T","T","joner002","bochb001","T","T",0,0,0,0,0,0,0,0,0,"","","",0,0,0,0,0,0,0,0,0,0,0,0,0,"belam101","F","F","F","F",0,0,0,0,0,0,0,0,0,0,F,F,"1978BAL.EVA.regular.event.csv",1887
"BAL197806120","SEA",6,0,1,0,0,"",0,3,"joner002","?","joner002","?","martd001","?","martd001","?","dempr001","murre001","smitb101","dauer001","belam101","moraa101","harll101","singk001","","","","K","F","F",8,3,3,"T","T",0,"F","F",1,"F","F",0,"F","F",0,"","F","F","",0,0,"N",0,"N",0,"N",0,0,0,0,"2","","","","F","F","F","F","F","F","F","F","F","","","","F","F","F","F","F","","","","",0,2,0,0,0,0,0,0,0,45,"BAL","SEA","BAL",0,"F","F",0,3,0,20,1,"T","F",0,0,"T","T","bochb001","stanl102","T","T",0,0,0,0,0,0,0,0,0,"","","",0,0,0,0,0,0,0,0,0,0,0,0,0,"","F","F","F","F",0,0,0,0,0,0,0,0,0,0,F,F,"1978BAL.EVA.regular.event.csv",1888
"BAL197806120","SEA",6,0,2,0,0,"",0,3,"bochb001","?","bochb001","?","martd001","?","martd001","?","dempr001","murre001","smitb101","dauer001","belam101","moraa101","harll101","singk001","","","","K","F","F",7,4,3,"T","T",0,"F","F",1,"F","F",0,"F","F",0,"","F","F","",0,0,"N",0,"N",0,"N",0,0,0,0,"2","","","","F","F","F","F","F","F","F","F","F","","","","F","F","F","F","F","","","","",0,2,0,0,0,0,0,0,0,46,"BAL","SEA","BAL",0,"F","T",0,3,0,21,2,"T","F",0,0,"T","T","stanl102","meyed001","T","T",0,0,0,0,0,0,0,0,0,"","","",0,0,0,0,0,0,0,0,0,0,0,0,0,"","F","F","F","F",0,0,0,0,0,0,0,0,0,0,F,F,"1978BAL.EVA.regular.event.csv",1889
"BAL197806120","SEA",6,1,0,0,0,"",0,3,"murre001","?","murre001","?","colbj101","?","colbj101","?","stinb101","meyed001","cruzj002","bernj101","reync001","bochb001","joner002","halej101","","","","3/G","T","F",3,3,2,"T","T",0,"F","F",1,"F","F",0,"F","F",3,"G","F","F","",0,0,"N",0,"N",0,"N",0,0,0,0,"3","","","","F","F","F","F","F","F","F","F","F","","","","F","F","F","F","F","","","","",0,3,0,0,0,0,0,0,0,47,"BAL","BAL","SEA",1,"T","F",3,0,0,20,0,"T","F",0,0,"T","T","singk001","may-l101","T","T",0,0,0,0,0,0,0,0,0,"","","",0,0,0,0,0,0,0,0,0,0,0,0,0,"meyed001","F","F","F","F",0,0,0,0,1,0,0,0,0,0,F,F,"1978BAL.EVA.regular.event.csv",1890
"BAL197806120","SEA",6,1,1,0,0,"",0,3,"singk001","?","singk001","?","colbj101","?","colbj101","?","stinb101","meyed001","cruzj002","bernj101","reync001","bochb001","joner002","halej101","","","","HR/7","F","F",9,4,23,"T","T",4,"F","F",0,"F","F",1,"F","F",0,"","F","F","7",0,0,"N",0,"N",0,"N",4,0,0,0,"","","","","F","F","F","F","F","F","F","F","F","","","","F","F","F","F","F","","","","",0,0,0,0,0,0,0,0,0,48,"BAL","BAL","SEA",1,"F","F",3,0,0,21,1,"T","F",0,0,"T","T","may-l101","moraa101","T","T",0,0,0,0,0,0,0,0,0,"","","",0,0,0,0,0,0,0,0,0,0,0,0,1,"","F","F","F","F",4,0,0,0,0,0,0,0,0,0,F,F,"1978BAL.EVA.regular.event.csv",1891
"BAL197806120","SEA",6,1,1,0,0,"",0,4,"may-l101","?","may-l101","?","colbj101","?","colbj101","?","stinb101","meyed001","cruzj002","bernj101","reync001","bochb001","joner002","halej101","","","","S7","F","F",10,5,20,"T","T",1,"F","F",0,"F","F",0,"F","F",7,"","F","F","",0,0,"N",0,"N",0,"N",1,0,0,0,"","","","","F","F","F","F","F","F","F","F","F","","","","F","F","F","F","F","","","","",0,0,0,0,0,0,0,0,0,49,"BAL","BAL","SEA",1,"F","F",4,0,1,22,2,"T","F",0,1,"T","T","moraa101","smitb101","T","T",0,0,0,0,0,0,0,0,0,"","","",0,0,0,0,0,0,0,0,0,0,0,0,0,"bochb001","F","F","F","F",0,0,0,0,0,0,0,0,0,0,F,F,"1978BAL.EVA.regular.event.csv",1892
"BAL197806120","SEA",6,1,1,0,0,"",0,4,"moraa101","?","moraa101","?","colbj101","?","colbj101","?","stinb101","meyed001","cruzj002","bernj101","reync001","bochb001","joner002","halej101","may-l101","","","64(1)3/GDP","F","F",7,6,2,"T","T",0,"F","F",2,"T","F",0,"F","F",6,"G","F","F","",0,0,"N",0,"N",0,"N",0,0,0,0,"43","64","","","F","F","F","F","F","F","F","F","F","colbj101","","","F","F","F","F","F","","","","",0,4,3,0,6,4,0,0,0,50,"BAL","BAL","SEA",1,"F","T",4,0,1,23,3,"T","F",1,0,"T","T","smitb101","dempr001","T","T",10,5,49,0,0,0,0,0,0,"stinb101","","",0,0,0,0,0,0,0,0,0,0,0,0,0,"reync001","T","F","F","F",0,0,0,0,0,0,0,0,0,0,F,F,"1978BAL.EVA.regular.event.csv",1893
"BAL197806120","SEA",7,0,0,0,0,"",0,4,"stanl102","?","stanl102","?","martd001","?","martd001","?","dempr001","murre001","smitb101","dauer001","belam101","moraa101","harll101","singk001","","","","S9","T","F",10,5,20,"T","T",1,"F","F",0,"F","F",0,"F","F",9,"","F","F","",0,0,"N",0,"N",0,"N",1,0,0,0,"","","","","F","F","F","F","F","F","F","F","F","","","","F","F","F","F","F","","","","",0,0,0,0,0,0,0,0,0,51,"BAL","SEA","BAL",0,"T","F",0,4,0,22,0,"T","F",0,1,"T","T","meyed001","halej101","T","T",0,0,0,0,0,0,0,0,0,"","","",0,0,0,0,0,0,0,0,0,0,0,0,0,"singk001","F","F","F","F",4,0,0,0,4,0,0,0,0,0,F,F,"1978BAL.EVA.regular.event.csv",1894
"BAL197806120","SEA",7,0,0,0,0,"",0,4,"meyed001","?","meyed001","?","martd001","?","martd001","?","dempr001","murre001","smitb101","dauer001","belam101","moraa101","harll101","singk001","stanl102","","","S9.1-2","F","F",3,6,20,"T","T",1,"F","F",0,"F","F",0,"F","F",9,"","F","F","",0,0,"N",0,"N",0,"N",1,2,0,0,"","","","","F","F","F","F","F","F","F","F","F","martd001","","","F","F","F","F","F","","","","",0,0,0,0,0,0,0,0,0,52,"BAL","SEA","BAL",0,"F","F",0,4,0,23,1,"T","F",1,3,"T","T","halej101","bernj101","T","T",10,5,51,0,0,0,0,0,0,"dempr001","","",0,0,0,0,0,0,0,0,0,0,0,0,0,"singk001","F","F","F","F",4,4,0,0,4,0,0,0,0,0,F,F,"1978BAL.EVA.regular.event.csv",1895
"BAL197806120","SEA",7,0,0,0,0,"",0,4,"halej101","?","halej101","?","martd001","?","martd001","?","dempr001","murre001","smitb101","dauer001","belam101","moraa101","harll101","singk001","meyed001","stanl102","","HR/9.2-H;1-H","F","F",9,7,23,"T","T",4,"F","F",0,"F","F",3,"F","F",0,"","F","F","9",0,0,"N",0,"N",0,"N",4,4,4,0,"","","","","F","F","F","F","F","F","F","F","F","martd001","martd001","","F","F","F","F","F","","","","",0,0,0,0,0,0,0,0,0,53,"BAL","SEA","BAL",0,"F","F",0,4,0,24,2,"T","F",3,0,"T","T","bernj101","stinb101","T","T",3,6,52,10,5,51,0,0,0,"dempr001","dempr001","",0,0,0,0,0,0,0,0,0,0,0,0,3,"","F","F","F","F",4,4,4,0,1,0,0,0,0,0,F,F,"1978BAL.EVA.regular.event.csv",1896
"BAL197806120","SEA",7,0,0,0,0,"",3,4,"bernj101","?","bernj101","?","martd001","?","martd001","?","dempr001","murre001","smitb101","dauer001","belam101","moraa101","harll101","singk001","","","","S9","F","F",5,8,20,"T","T",1,"F","F",0,"F","F",0,"F","F",9,"","F","F","",0,0,"N",0,"N",0,"N",1,0,0,0,"","","","","F","F","F","F","F","F","F","F","F","","","","F","F","F","F","F","","","","",0,0,0,0,0,0,0,0,0,54,"BAL","SEA","BAL",0,"F","F",3,4,3,25,3,"T","F",0,1,"T","T","stinb101","cruzj002","T","T",0,0,0,0,0,0,0,0,0,"","","",0,0,0,0,0,0,0,0,0,0,0,0,0,"singk001","F","F","F","F",0,0,0,0,1,0,0,0,0,0,F,F,"1978BAL.EVA.regular.event.csv",1897
"BAL197806120","SEA",7,0,0,0,0,"",3,4,"stinb101","?","stinb101","?","martt001","?","martt001","?","dempr001","murre001","smitb101","dauer001","belam101","moraa101","harll101","singk001","bernj101","","","16(1)/FO","F","F",2,9,2,"T","T",0,"F","F",1,"F","F",0,"F","F",1,"G","F","F","",0,0,"N",0,"N",0,"N",1,0,0,0,"","16","","","F","F","F","F","F","F","F","F","F","martd001","","","F","F","F","F","F","","","","",0,6,0,0,1,0,0,0,0,55,"BAL","SEA","BAL",0,"F","F",3,4,3,26,4,"T","F",1,1,"T","T","cruzj002","reync001","F","F",5,8,54,0,0,0,0,0,0,"dempr001","","",0,0,0,0,0,0,0,0,0,0,0,0,0,"martt001","T","F","F","F",0,0,0,0,1,0,0,0,0,0,F,F,"1978BAL.EVA.regular.event.csv",1898
"BAL197806120","SEA",7,0,1,0,0,"",3,4,"cruzj002","?","cruzj002","?","martt001","?","martt001","?","dempr001","murre001","smitb101","dauer001","belam101","moraa101","harll101","singk001","stinb101","","","64(1)/FO","F","F",4,1,2,"T","T",0,"F","F",1,"F","F",0,"F","F",6,"G","F","F","",0,0,"N",0,"N",0,"N",1,0,0,0,"","64","","","F","F","F","F","F","F","F","F","F","martd001","","","F","F","F","F","F","","","","",0,4,0,0,6,0,0,0,0,56,"BAL","SEA","BAL",0,"F","F",3,4,3,27,5,"T","F",1,1,"T","T","reync001","joner002","F","F",2,9,55,0,0,0,0,0,0,"dempr001","","",0,0,0,0,0,0,0,0,0,0,0,0,0,"belam101","T","F","F","F",4,0,0,0,1,0,0,0,0,0,F,F,"1978BAL.EVA.regular.event.csv",1899
"BAL197806120","SEA",7,0,2,0,0,"",3,4,"reync001","?","reync001","?","martt001","?","martt001","?","dempr001","murre001","smitb101","dauer001","belam101","moraa101","harll101","singk001","cruzj002","","","D7.1-H","F","F",6,2,21,"T","T",2,"F","F",0,"F","F",1,"F","F",7,"","F","F","",0,0,"N",0,"N",0,"N",2,4,0,0,"","","","","F","F","F","F","F","F","F","F","F","martd001","","","F","F","F","F","F","","","","",0,0,0,0,0,0,0,0,0,57,"BAL","SEA","BAL",0,"F","F",3,4,3,28,6,"T","F",1,2,"T","T","joner002","bochb001","F","F",4,1,56,0,0,0,0,0,0,"dempr001","","",0,0,0,0,0,0,0,0,0,0,0,0,1,"moraa101","F","F","F","F",0,4,0,0,0,0,0,0,0,0,F,F,"1978BAL.EVA.regular.event.csv",1900
"BAL197806120","SEA",7,0,2,0,0,"",4,4,"joner002","?","joner002","?","martt001","?","martt001","?","dempr001","murre001","smitb101","dauer001","belam101","moraa101","harll101","singk001","","reync001","","K","F","F",8,3,3,"T","T",0,"F","F",1,"F","F",0,"F","F",0,"","F","F","",0,0,"N",0,"N",0,"N",0,0,2,0,"2","","","","F","F","F","F","F","F","F","F","F","","martt001","","F","F","F","F","F","","","","",0,2,0,0,0,0,0,0,0,58,"BAL","SEA","BAL",0,"F","T",4,4,4,29,7,"T","F",2,2,"T","T","bochb001","stanl102","F","F",0,0,0,6,2,57,0,0,0,"","dempr001","",0,0,0,0,0,0,0,0,0,0,0,0,0,"","F","F","F","F",0,0,0,0,0,0,0,0,0,0,F,F,"1978BAL.EVA.regular.event.csv",1901
"BAL197806120","SEA",7,1,0,0,0,"",4,4,"smitb101","?","smitb101","?","colbj101","?","colbj101","?","stinb101","meyed001","cruzj002","bernj101","reync001","bochb001","joner002","halej101","","","","S9/G","T","F",4,7,20,"T","T",1,"F","F",0,"F","F",0,"F","F",9,"G","F","F","",0,0,"N",0,"N",0,"N",1,0,0,0,"","","","","F","F","F","F","F","F","F","F","F","","","","F","F","F","F","F","","","","",0,0,0,0,0,0,0,0,0,59,"BAL","BAL","SEA",1,"T","F",4,4,0,24,0,"T","F",0,1,"T","T","dempr001","belam101","T","T",0,0,0,0,0,0,0,0,0,"","","",0,0,0,0,0,0,0,0,0,0,0,0,0,"halej101","F","F","F","F",4,0,0,0,1,0,0,0,0,0,F,F,"1978BAL.EVA.regular.event.csv",1902
"BAL197806120","SEA",7,1,0,0,0,"",4,4,"dempr001","?","dempr001","?","romoe101","?","romoe101","?","stinb101","meyed001","cruzj002","bernj101","reync001","bochb001","joner002","halej101","smitb101","","","34/SH.1-2","F","F",2,8,2,"T","F",0,"T","F",1,"F","F",0,"F","F",3,"G","T","F","",0,0,"N",0,"N",0,"N",0,2,0,0,"34","","","","F","F","F","F","F","F","F","F","F","colbj101","","","F","F","F","F","F","","","","",0,4,0,0,3,0,0,0,0,60,"BAL","BAL","SEA",1,"F","F",4,4,0,25,1,"T","F",1,2,"T","T","belam101","harll101","F","F",4,7,59,0,0,0,0,0,0,"stinb101","","",0,0,0,0,0,0,0,0,0,0,0,0,0,"meyed001","F","F","F","F",0,4,0,0,1,0,0,0,0,0,F,F,"1978BAL.EVA.regular.event.csv",1903
"BAL197806120","SEA",7,1,1,0,0,"",4,4,"belam101","?","belam101","?","romoe101","?","romoe101","?","stinb101","meyed001","cruzj002","bernj101","reync001","bochb001","joner002","halej101","","smitb101","","W","F","F",6,9,14,"T","F",0,"F","F",0,"F","F",0,"F","F",0,"","F","F","",0,0,"N",0,"N",0,"N",1,0,2,0,"","","","","F","F","F","F","F","F","F","F","F","","colbj101","","F","F","F","F","F","","","","",0,0,0,0,0,0,0,0,0,61,"BAL","BAL","SEA",1,"F","F",4,4,0,26,2,"T","F",2,3,"T","T","harll101","dauer001","F","F",0,0,0,4,7,59,0,0,0,"","stinb101","",0,0,0,0,0,0,0,0,0,0,0,0,0,"","F","F","F","F",0,0,4,0,1,0,0,0,0,0,F,F,"1978BAL.EVA.regular.event.csv",1904
"BAL197806120","SEA",7,1,1,0,0,"",4,4,"harll101","?","harll101","?","romoe101","?","romoe101","?","stinb101","meyed001","cruzj002","bernj101","reync001","bochb001","joner002","halej101","belam101","smitb101","","S8/78.2-H;1X3(85)","F","F",8,1,20,"T","T",1,"F","F",1,"F","F",1,"F","F",8,"","F","F","78",0,0,"N",0,"N",0,"N",1,0,4,0,"","85","","","F","F","F","F","F","F","F","F","F","romoe101","colbj101","","F","F","F","F","F","","","","",0,5,0,0,8,0,0,0,0,62,"BAL","BAL","SEA",1,"F","F",4,4,0,27,3,"T","F",3,1,"T","T","dauer001","murre001","F","F",6,9,61,4,7,59,0,0,0,"stinb101","stinb101","",0,0,0,0,0,0,0,0,0,0,0,0,1,"joner002","F","F","F","F",0,0,4,0,0,0,0,0,0,0,F,F,"1978BAL.EVA.regular.event.csv",1905
"BAL197806120","SEA",7,1,2,0,0,"",4,5,"dauer001","?","dauer001","?","romoe101","?","romoe101","?","stinb101","meyed001","cruzj002","bernj101","reync001","bochb001","joner002","halej101","harll101","","","63","F","F",5,2,2,"T","T",0,"F","F",1,"F","F",0,"F","F",6,"G","F","F","",0,0,"N",0,"N",0,"N",0,1,0,0,"63","","","","F","F","F","F","F","F","F","F","F","romoe101","","","F","F","F","F","F","","","","",0,3,0,0,6,0,0,0,0,63,"BAL","BAL","SEA",1,"F","T",5,4,1,28,4,"T","F",1,1,"T","T","murre001","singk001","F","F",8,1,62,0,0,0,0,0,0,"stinb101","","",0,0,0,0,0,0,0,0,0,0,0,0,0,"reync001","F","F","F","F",0,0,0,0,0,0,0,0,0,0,F,F,"1978BAL.EVA.regular.event.csv",1906
"BAL197806120","SEA",8,0,0,0,0,"",4,5,"bochb001","?","bochb001","?","martt001","?","martt001","?","dempr001","murre001","smitb101","dauer001","belam101","moraa101","harll101","singk001","","","","41","T","F",7,4,2,"T","T",0,"F","F",1,"F","F",0,"F","F",4,"G","F","F","",0,0,"N",0,"N",0,"N",0,0,0,0,"41","","","","F","F","F","F","F","F","F","F","F","","","","F","F","F","F","F","","","","",0,1,0,0,4,0,0,0,0,64,"BAL","SEA","BAL",0,"T","F",4,5,0,30,0,"T","F",0,0,"T","T","stanl102","meyed001","F","F",0,0,0,0,0,0,0,0,0,"","","",0,0,0,0,0,0,0,0,0,0,0,0,0,"smitb101","F","F","F","F",0,0,0,0,0,0,0,0,0,0,F,F,"1978BAL.EVA.regular.event.csv",1907
"BAL197806120","SEA",8,0,1,0,0,"",4,5,"stanl102","?","stanl102","?","martt001","?","martt001","?","dempr001","murre001","smitb101","dauer001","belam101","moraa101","harll101","singk001","","","","K/C","F","F",10,5,3,"T","T",0,"F","F",1,"F","F",0,"F","F",0,"","F","F","",0,0,"N",0,"N",0,"N",0,0,0,0,"2","","","","F","F","F","F","F","F","F","F","F","","","","F","F","F","F","F","","","","",0,2,0,0,0,0,0,0,0,65,"BAL","SEA","BAL",0,"F","F",4,5,0,31,1,"T","F",0,0,"T","T","meyed001","halej101","F","F",0,0,0,0,0,0,0,0,0,"","","",0,0,0,0,0,0,0,0,0,0,0,0,0,"","F","F","F","F",0,0,0,0,0,0,0,0,0,0,F,F,"1978BAL.EVA.regular.event.csv",1908
"BAL197806120","SEA",8,0,2,0,0,"",4,5,"meyed001","?","meyed001","?","martt001","?","martt001","?","dempr001","murre001","smitb101","dauer001","belam101","moraa101","harll101","singk001","","","","8","F","F",3,6,2,"T","T",0,"F","F",1,"F","F",0,"F","F",8,"F","F","F","",0,0,"N",0,"N",0,"N",0,0,0,0,"8","","","","F","F","F","F","F","F","F","F","F","","","","F","F","F","F","F","","","","",0,8,0,0,0,0,0,0,0,66,"BAL","SEA","BAL",0,"F","T",4,5,0,32,2,"T","F",0,0,"T","T","halej101","bernj101","F","F",0,0,0,0,0,0,0,0,0,"","","",0,0,0,0,0,0,0,0,0,0,0,0,0,"harll101","F","F","F","F",0,0,0,0,0,0,0,0,0,0,F,F,"1978BAL.EVA.regular.event.csv",1909
"BAL197806120","SEA",8,1,0,0,0,"",4,5,"murre001","?","murre001","?","romoe101","?","romoe101","?","stinb101","meyed001","cruzj002","bernj101","reync001","bochb001","joner002","halej101","","","","K","T","F",3,3,3,"T","T",0,"F","F",1,"F","F",0,"F","F",0,"","F","F","",0,0,"N",0,"N",0,"N",0,0,0,0,"2","","","","F","F","F","F","F","F","F","F","F","","","","F","F","F","F","F","","","","",0,2,0,0,0,0,0,0,0,67,"BAL","BAL","SEA",1,"T","F",5,4,0,29,0,"T","F",0,0,"T","T","singk001","may-l101","F","F",0,0,0,0,0,0,0,0,0,"","","",0,0,0,0,0,0,0,0,0,0,0,0,0,"","F","F","F","F",0,0,0,0,0,0,0,0,0,0,F,F,"1978BAL.EVA.regular.event.csv",1910
"BAL197806120","SEA",8,1,1,0,0,"",4,5,"singk001","?","singk001","?","romoe101","?","romoe101","?","stinb101","meyed001","cruzj002","bernj101","reync001","bochb001","joner002","halej101","","","","3/FL","F","F",9,4,2,"T","T",0,"F","F",1,"F","F",0,"F","F",3,"F","F","T","",0,0,"N",0,"N",0,"N",0,0,0,0,"3","","","","F","F","F","F","F","F","F","F","F","","","","F","F","F","F","F","","","","",0,3,0,0,0,0,0,0,0,68,"BAL","BAL","SEA",1,"F","F",5,4,0,30,1,"T","F",0,0,"T","T","may-l101","moraa101","F","F",0,0,0,0,0,0,0,0,0,"","","",0,0,0,0,0,0,0,0,0,0,0,0,0,"meyed001","F","F","F","F",0,0,0,0,0,0,0,0,0,0,F,F,"1978BAL.EVA.regular.event.csv",1911
"BAL197806120","SEA",8,1,2,0,0,"",4,5,"may-l101","?","may-l101","?","romoe101","?","romoe101","?","stinb101","meyed001","cruzj002","bernj101","reync001","bochb001","joner002","halej101","","","","S8","F","F",10,5,20,"T","T",1,"F","F",0,"F","F",0,"F","F",8,"","F","F","",0,0,"N",0,"N",0,"N",1,0,0,0,"","","","","F","F","F","F","F","F","F","F","F","","","","F","F","F","F","F","","","","",0,0,0,0,0,0,0,0,0,69,"BAL","BAL","SEA",1,"F","F",5,4,0,31,2,"T","F",0,1,"T","T","moraa101","smitb101","F","F",0,0,0,0,0,0,0,0,0,"","","",0,0,0,0,0,0,0,0,0,0,0,0,0,"joner002","F","F","F","F",2,0,0,0,0,0,0,0,0,0,F,F,"1978BAL.EVA.regular.event.csv",1912
"BAL197806120","SEA",8,1,2,0,0,"",4,5,"moraa101","?","moraa101","?","romoe101","?","romoe101","?","stinb101","meyed001","cruzj002","bernj101","reync001","bochb001","joner002","halej101","may-l101","","","SB2","F","F",7,6,4,"F","F",0,"F","F",0,"F","F",0,"F","F",0,"","F","F","",0,0,"N",0,"N",0,"N",0,2,0,0,"","","","","T","F","F","F","F","F","F","F","F","romoe101","","","F","F","F","F","F","","","","",0,0,0,0,0,0,0,0,0,70,"BAL","BAL","SEA",1,"F","F",5,4,0,32,3,"T","F",1,2,"T","T","smitb101","dempr001","F","F",10,5,69,0,0,0,0,0,0,"stinb101","","",0,0,0,0,0,0,0,0,0,0,0,0,0,"","F","F","F","F",0,2,0,0,0,0,0,0,0,0,F,F,"1978BAL.EVA.regular.event.csv",1913
"BAL197806120","SEA",8,1,2,0,0,"",4,5,"moraa101","?","moraa101","?","romoe101","?","romoe101","?","stinb101","meyed001","cruzj002","bernj101","reync001","bochb001","joner002","halej101","","may-l101","","K","F","F",7,6,3,"T","T",0,"F","F",1,"F","F",0,"F","F",0,"","F","F","",0,0,"N",0,"N",0,"N",0,0,2,0,"2","","","","F","F","F","F","F","F","F","F","F","","romoe101","","F","F","F","F","F","","","","",0,2,0,0,0,0,0,0,0,71,"BAL","BAL","SEA",1,"F","T",5,4,0,32,3,"F","F",2,2,"T","T","smitb101","dempr001","F","F",0,0,0,10,5,69,0,0,0,"","stinb101","",0,0,0,0,0,0,0,0,0,0,0,0,0,"","F","F","F","F",0,0,2,0,0,0,0,0,0,0,F,F,"1978BAL.EVA.regular.event.csv",1914
"BAL197806120","SEA",9,0,0,0,0,"",4,5,"halej101","?","halej101","?","martt001","?","martt001","?","dempr001","murre001","smitb101","dauer001","belam101","moraa101","harll101","lopec101","","","","W","T","F",9,7,14,"T","F",0,"F","F",0,"F","F",0,"F","F",0,"","F","F","",0,0,"N",0,"N",0,"N",1,0,0,0,"","","","","F","F","F","F","F","F","F","F","F","","","","F","F","F","F","F","","","","",0,0,0,0,0,0,0,0,0,72,"BAL","SEA","BAL",0,"T","F",4,5,0,33,0,"T","F",0,1,"T","T","bernj101","stinb101","F","F",0,0,0,0,0,0,0,0,0,"","","",0,0,0,0,0,0,0,0,0,0,0,0,0,"","F","F","F","F",2,0,0,0,0,0,0,0,0,0,F,F,"1978BAL.EVA.regular.event.csv",1915
"BAL197806120","SEA",9,0,0,0,0,"",4,5,"bernj101","?","bernj101","?","stand101","?","stand101","?","dempr001","murre001","smitb101","dauer001","belam101","moraa101","harll101","lopec101","halej101","","","K","F","F",5,8,3,"T","T",0,"F","F",1,"F","F",0,"F","F",0,"","F","F","",0,0,"N",0,"N",0,"N",0,1,0,0,"2","","","","F","F","F","F","F","F","F","F","F","martt001","","","F","F","F","F","F","","","","",0,2,0,0,0,0,0,0,0,73,"BAL","SEA","BAL",0,"F","F",4,5,0,34,1,"T","F",1,1,"T","T","stinb101","cruzj002","F","F",9,7,72,0,0,0,0,0,0,"dempr001","","",0,0,0,0,0,0,0,0,0,0,0,0,0,"","F","F","F","F",0,2,0,0,0,0,0,0,0,0,F,F,"1978BAL.EVA.regular.event.csv",1916
"BAL197806120","SEA",9,0,1,0,0,"",4,5,"stinb101","?","stinb101","?","stand101","?","stand101","?","dempr001","murre001","smitb101","dauer001","belam101","moraa101","harll101","lopec101","halej101","","","8","F","F",2,9,2,"T","T",0,"F","F",1,"F","F",0,"F","F",8,"F","F","F","",0,0,"N",0,"N",0,"N",0,1,0,0,"8","","","","F","F","F","F","F","F","F","F","F","martt001","","","F","F","F","F","F","","","","",0,8,0,0,0,0,0,0,0,74,"BAL","SEA","BAL",0,"F","F",4,5,0,35,2,"T","F",1,1,"T","T","cruzj002","reync001","F","F",9,7,72,0,0,0,0,0,0,"dempr001","","",0,0,0,0,0,0,0,0,0,0,0,0,0,"harll101","F","F","F","F",0,2,0,0,0,0,0,0,0,0,F,F,"1978BAL.EVA.regular.event.csv",1917
"BAL197806120","SEA",9,0,2,0,0,"",4,5,"cruzj002","?","cruzj002","?","stand101","?","stand101","?","dempr001","murre001","smitb101","dauer001","belam101","moraa101","harll101","lopec101","halej101","","","S9.1-2","F","F",4,1,20,"T","T",1,"F","F",0,"F","F",0,"F","F",9,"","F","F","",0,0,"N",0,"N",0,"N",1,2,0,0,"","","","","F","F","F","F","F","F","F","F","F","martt001","","","F","F","F","F","F","","","","",0,0,0,0,0,0,0,0,0,75,"BAL","SEA","BAL",0,"F","F",4,5,0,36,3,"T","F",1,3,"T","T","reync001","joner002","F","F",9,7,72,0,0,0,0,0,0,"dempr001","","",0,0,0,0,0,0,0,0,0,0,0,0,0,"lopec101","F","F","F","F",1,2,0,0,0,0,0,0,0,0,F,F,"1978BAL.EVA.regular.event.csv",1918
"BAL197806120","SEA",9,0,2,0,0,"",4,5,"reync001","?","reync001","?","stand101","?","stand101","?","dempr001","murre001","smitb101","dauer001","belam101","moraa101","harll101","lopec101","cruzj002","halej101","","63","F","F",6,2,2,"T","T",0,"F","F",1,"F","F",0,"F","F",6,"G","F","F","",0,0,"N",0,"N",0,"N",0,1,2,0,"63","","","","F","F","F","F","F","F","F","F","F","stand101","martt001","","F","T","F","F","F","","","","",0,3,0,0,6,0,0,0,0,76,"BAL","SEA","BAL",0,"F","T",4,5,0,37,4,"T","F",3,3,"T","T","joner002","bochb001","F","F",4,1,75,9,7,72,0,0,0,"dempr001","dempr001","",0,0,0,0,0,0,0,0,0,0,0,0,0,"belam101","F","F","F","F",0,1,2,0,0,0,0,0,0,0,F,F,"1978BAL.EVA.regular.event.csv",1919
"BAL197806130","SEA",1,0,0,0,0,"",0,0,"cruzj002","?","cruzj002","?","flanm001","?","flanm001","?","dempr001","murre001","smitb101","dauer001","belam101","kellp101","harll101","singk001","","","","D9","T","F",4,1,21,"T","T",2,"F","F",0,"F","F",0,"F","F",9,"","F","F","",0,0,"N",0,"N",0,"N",2,0,0,0,"","","","","F","F","F","F","F","F","F","F","F","","","","T","F","F","F","F","","","","",0,0,0,0,0,0,0,0,0,1,"BAL","SEA","BAL",0,"T","F",0,0,0,0,0,"T","F",0,2,"T","T","reync001","joner002","T","T",0,0,0,0,0,0,0,0,0,"","","",0,0,0,0,0,0,0,0,0,0,0,0,0,"singk001","F","F","F","F",4,0,0,0,1,0,0,0,0,0,F,F,"1978BAL.EVA.regular.event.csv",1920
"BAL197806130","SEA",1,0,0,0,0,"",0,0,"reync001","?","reync001","?","flanm001","?","flanm001","?","dempr001","murre001","smitb101","dauer001","belam101","kellp101","harll101","singk001","","cruzj002","","53/SH/BG.2-3","F","F",6,2,2,"T","F",0,"T","F",1,"F","F",0,"F","F",5,"G","T","F","",0,0,"N",0,"N",0,"N",0,0,3,0,"53","","","","F","F","F","F","F","F","F","F","F","","flanm001","","F","F","F","F","F","","","","",0,3,0,0,5,0,0,0,0,2,"BAL","SEA","BAL",0,"F","F",0,0,0,1,1,"T","F",2,4,"T","T","joner002","robel001","T","T",0,0,0,4,1,1,0,0,0,"","dempr001","",0,0,0,0,0,0,0,0,0,0,0,0,0,"dauer001","F","F","F","F",0,0,4,0,1,0,0,0,0,0,F,F,"1978BAL.EVA.regular.event.csv",1921
"BAL197806130","SEA",1,0,1,0,0,"",0,0,"joner002","?","joner002","?","flanm001","?","flanm001","?","dempr001","murre001","smitb101","dauer001","belam101","kellp101","harll101","singk001","","","cruzj002","S7.3-H","F","F",8,3,20,"T","T",1,"F","F",0,"F","F",1,"F","F",7,"","F","F","",0,0,"N",0,"N",0,"N",1,0,0,4,"","","","","F","F","F","F","F","F","F","F","F","","","flanm001","F","F","F","F","F","","","","",0,0,0,0,0,0,0,0,0,3,"BAL","SEA","BAL",0,"F","F",0,0,0,2,2,"T","F",4,1,"T","T","robel001","stanl102","T","T",0,0,0,0,0,0,4,1,1,"","","dempr001",0,0,0,0,0,0,0,0,0,0,0,0,1,"kellp101","F","F","F","F",0,0,0,4,0,0,0,0,0,0,F,F,"1978BAL.EVA.regular.event.csv",1922
"BAL197806130","SEA",1,0,1,0,0,"",1,0,"robel001","?","robel001","?","flanm001","?","flanm001","?","dempr001","murre001","smitb101","dauer001","belam101","kellp101","harll101","singk001","joner002","","","PO1(13)","F","F",9,4,8,"F","F",0,"F","F",1,"F","F",0,"F","F",0,"","F","F","",0,0,"N",0,"N",0,"N",0,0,0,0,"","13","","","F","F","F","F","F","F","T","F","F","flanm001","","","F","F","F","F","F","","","","",0,3,0,0,1,0,0,0,0,4,"BAL","SEA","BAL",0,"F","F",1,0,1,3,3,"T","F",1,0,"T","T","stanl102","steib001","T","T",8,3,3,0,0,0,0,0,0,"dempr001","","",0,0,0,0,0,0,0,0,0,0,0,0,0,"","F","F","F","F",0,0,0,0,0,0,0,0,0,0,F,F,"1978BAL.EVA.regular.event.csv",1923
"BAL197806130","SEA",1,0,2,0,0,"",1,0,"robel001","?","robel001","?","flanm001","?","flanm001","?","dempr001","murre001","smitb101","dauer001","belam101","kellp101","harll101","singk001","","","","43","F","F",9,4,2,"T","T",0,"F","F",1,"F","F",0,"F","F",4,"G","F","F","",0,0,"N",0,"N",0,"N",0,0,0,0,"43","","","","F","F","F","F","F","F","F","F","F","","","","F","F","F","F","F","","","","",0,3,0,0,4,0,0,0,0,5,"BAL","SEA","BAL",0,"F","T",1,0,1,3,3,"F","F",0,0,"T","T","stanl102","steib001","T","T",0,0,0,0,0,0,0,0,0,"","","",0,0,0,0,0,0,0,0,0,0,0,0,0,"smitb101","F","F","F","F",0,0,0,0,0,0,0,0,0,0,F,F,"1978BAL.EVA.regular.event.csv",1924
"BAL197806130","SEA",1,1,0,0,0,"",1,0,"harll101","?","harll101","?","abbog001","?","abbog001","?","plumb101","meyed001","cruzj002","steib001","reync001","bochb001","joner002","robel001","","","","43","T","F",8,1,2,"T","T",0,"F","F",1,"F","F",0,"F","F",4,"G","F","F","",0,0,"N",0,"N",0,"N",0,0,0,0,"43","","","","F","F","F","F","F","F","F","F","F","","","","F","F","F","F","F","","","","",0,3,0,0,4,0,0,0,0,6,"BAL","BAL","SEA",1,"T","F",0,1,0,0,0,"T","F",0,0,"T","T","dauer001","murre001","T","T",0,0,0,0,0,0,0,0,0,"","","",0,0,0,0,0,0,0,0,0,0,0,0,0,"cruzj002","F","F","F","F",0,0,0,0,0,0,0,0,0,0,F,F,"1978BAL.EVA.regular.event.csv",1925
"BAL197806130","SEA",1,1,1,0,0,"",1,0,"dauer001","?","dauer001","?","abbog001","?","abbog001","?","plumb101","meyed001","cruzj002","steib001","reync001","bochb001","joner002","robel001","","","","S7","F","F",5,2,20,"T","T",1,"F","F",0,"F","F",0,"F","F",7,"","F","F","",0,0,"N",0,"N",0,"N",1,0,0,0,"","","","","F","F","F","F","F","F","F","F","F","","","","F","F","F","F","F","","","","",0,0,0,0,0,0,0,0,0,7,"BAL","BAL","SEA",1,"F","F",0,1,0,1,1,"T","F",0,1,"T","T","murre001","singk001","T","T",0,0,0,0,0,0,0,0,0,"","","",0,0,0,0,0,0,0,0,0,0,0,0,0,"bochb001","F","F","F","F",0,0,0,0,0,0,0,0,0,0,F,F,"1978BAL.EVA.regular.event.csv",1926
"BAL197806130","SEA",1,1,1,0,0,"",1,0,"murre001","?","murre001","?","abbog001","?","abbog001","?","plumb101","meyed001","cruzj002","steib001","reync001","bochb001","joner002","robel001","dauer001","","","46(1)3/GDP","F","F",3,3,2,"T","T",0,"F","F",2,"T","F",0,"F","F",4,"G","F","F","",0,0,"N",0,"N",0,"N",0,0,0,0,"63","46","","","F","F","F","F","F","F","F","F","F","abbog001","","","F","F","F","F","F","","","","",0,6,3,0,4,6,0,0,0,8,"BAL","BAL","SEA",1,"F","T",0,1,0,2,2,"T","F",1,0,"T","T","singk001","may-l101","T","T",5,2,7,0,0,0,0,0,0,"plumb101","","",0,0,0,0,0,0,0,0,0,0,0,0,0,"cruzj002","T","F","F","F",0,0,0,0,0,0,0,0,0,0,F,F,"1978BAL.EVA.regular.event.csv",1927
"BAL197806130","SEA",2,0,0,0,0,"",1,0,"stanl102","?","stanl102","?","flanm001","?","flanm001","?","dempr001","murre001","smitb101","dauer001","belam101","kellp101","harll101","singk001","","","","63","T","F",10,5,2,"T","T",0,"F","F",1,"F","F",0,"F","F",6,"G","F","F","",0,0,"N",0,"N",0,"N",0,0,0,0,"63","","","","F","F","F","F","F","F","F","F","F","","","","F","F","F","F","F","","","","",0,3,0,0,6,0,0,0,0,9,"BAL","SEA","BAL",0,"T","F",1,0,0,4,0,"T","F",0,0,"T","T","steib001","bochb001","T","T",0,0,0,0,0,0,0,0,0,"","","",0,0,0,0,0,0,0,0,0,0,0,0,0,"belam101","F","F","F","F",0,0,0,0,0,0,0,0,0,0,F,F,"1978BAL.EVA.regular.event.csv",1928
"BAL197806130","SEA",2,0,1,0,0,"",1,0,"steib001","?","steib001","?","flanm001","?","flanm001","?","dempr001","murre001","smitb101","dauer001","belam101","kellp101","harll101","singk001","","","","53","F","F",5,6,2,"T","T",0,"F","F",1,"F","F",0,"F","F",5,"G","F","F","",0,0,"N",0,"N",0,"N",0,0,0,0,"53","","","","F","F","F","F","F","F","F","F","F","","","","F","F","F","F","F","","","","",0,3,0,0,5,0,0,0,0,10,"BAL","SEA","BAL",0,"F","F",1,0,0,5,1,"T","F",0,0,"T","T","bochb001","meyed001","T","T",0,0,0,0,0,0,0,0,0,"","","",0,0,0,0,0,0,0,0,0,0,0,0,0,"dauer001","F","F","F","F",0,0,0,0,0,0,0,0,0,0,F,F,"1978BAL.EVA.regular.event.csv",1929
"BAL197806130","SEA",2,0,2,0,0,"",1,0,"bochb001","?","bochb001","?","flanm001","?","flanm001","?","dempr001","murre001","smitb101","dauer001","belam101","kellp101","harll101","singk001","","","","13","F","F",7,7,2,"T","T",0,"F","F",1,"F","F",0,"F","F",1,"G","F","F","",0,0,"N",0,"N",0,"N",0,0,0,0,"13","","","","F","F","F","F","F","F","F","F","F","","","","F","F","F","F","F","","","","",0,3,0,0,1,0,0,0,0,11,"BAL","SEA","BAL",0,"F","T",1,0,0,6,2,"T","F",0,0,"T","T","meyed001","plumb101","T","T",0,0,0,0,0,0,0,0,0,"","","",0,0,0,0,0,0,0,0,0,0,0,0,0,"flanm001","F","F","F","F",0,0,0,0,0,0,0,0,0,0,F,F,"1978BAL.EVA.regular.event.csv",1930
"BAL197806130","SEA",2,1,0,0,0,"",1,0,"singk001","?","singk001","?","abbog001","?","abbog001","?","plumb101","meyed001","cruzj002","steib001","reync001","bochb001","joner002","robel001","","","","K","T","F",9,4,3,"T","T",0,"F","F",1,"F","F",0,"F","F",0,"","F","F","",0,0,"N",0,"N",0,"N",0,0,0,0,"2","","","","F","F","F","F","F","F","F","F","F","","","","F","F","F","F","F","","","","",0,2,0,0,0,0,0,0,0,12,"BAL","BAL","SEA",1,"T","F",0,1,0,3,0,"T","F",0,0,"T","T","may-l101","kellp101","T","T",0,0,0,0,0,0,0,0,0,"","","",0,0,0,0,0,0,0,0,0,0,0,0,0,"","F","F","F","F",0,0,0,0,0,0,0,0,0,0,F,F,"1978BAL.EVA.regular.event.csv",1931
"BAL197806130","SEA",2,1,1,0,0,"",1,0,"may-l101","?","may-l101","?","abbog001","?","abbog001","?","plumb101","meyed001","cruzj002","steib001","reync001","bochb001","joner002","robel001","","","","S7/G","F","F",10,5,20,"T","T",1,"F","F",0,"F","F",0,"F","F",7,"G","F","F","",0,0,"N",0,"N",0,"N",1,0,0,0,"","","","","F","F","F","F","F","F","F","F","F","","","","F","F","F","F","F","","","","",0,0,0,0,0,0,0,0,0,13,"BAL","BAL","SEA",1,"F","F",0,1,0,4,1,"T","F",0,1,"T","T","kellp101","smitb101","T","T",0,0,0,0,0,0,0,0,0,"","","",0,0,0,0,0,0,0,0,0,0,0,0,0,"bochb001","F","F","F","F",0,0,0,0,0,0,0,0,0,0,F,F,"1978BAL.EVA.regular.event.csv",1932
"BAL197806130","SEA",2,1,1,0,0,"",1,0,"kellp101","?","kellp101","?","abbog001","?","abbog001","?","plumb101","meyed001","cruzj002","steib001","reync001","bochb001","joner002","robel001","may-l101","","","43.1-2","F","F",7,6,2,"T","T",0,"F","F",1,"F","F",0,"F","F",4,"G","F","F","",0,0,"N",0,"N",0,"N",0,2,0,0,"43","","","","F","F","F","F","F","F","F","F","F","abbog001","","","F","F","F","F","F","","","","",0,3,0,0,4,0,0,0,0,14,"BAL","BAL","SEA",1,"F","F",0,1,0,5,2,"T","F",1,2,"T","T","smitb101","dempr001","T","T",10,5,13,0,0,0,0,0,0,"plumb101","","",0,0,0,0,0,0,0,0,0,0,0,0,0,"cruzj002","F","F","F","F",0,0,0,0,0,0,0,0,0,0,F,F,"1978BAL.EVA.regular.event.csv",1933
"BAL197806130","SEA",2,1,2,0,0,"",1,0,"smitb101","?","smitb101","?","abbog001","?","abbog001","?","plumb101","meyed001","cruzj002","steib001","reync001","bochb001","joner002","robel001","","may-l101","","3/G","F","F",4,7,2,"T","T",0,"F","F",1,"F","F",0,"F","F",3,"G","F","F","",0,0,"N",0,"N",0,"N",0,0,2,0,"3","","","","F","F","F","F","F","F","F","F","F","","abbog001","","F","F","F","F","F","","","","",0,3,0,0,0,0,0,0,0,15,"BAL","BAL","SEA",1,"F","T",0,1,0,6,3,"T","F",2,2,"T","T","dempr001","belam101","T","T",0,0,0,10,5,13,0,0,0,"","plumb101","",0,0,0,0,0,0,0,0,0,0,0,0,0,"meyed001","F","F","F","F",0,0,0,0,0,0,0,0,0,0,F,F,"1978BAL.EVA.regular.event.csv",1934
"BAL197806130","SEA",3,0,0,0,0,"",1,0,"meyed001","?","meyed001","?","flanm001","?","flanm001","?","dempr001","murre001","smitb101","dauer001","belam101","kellp101","harll101","singk001","","","","K/C","T","F",3,8,3,"T","T",0,"F","F",1,"F","F",0,"F","F",0,"","F","F","",0,0,"N",0,"N",0,"N",0,0,0,0,"2","","","","F","F","F","F","F","F","F","F","F","","","","F","F","F","F","F","","","","",0,2,0,0,0,0,0,0,0,16,"BAL","SEA","BAL",0,"T","F",1,0,0,7,0,"T","F",0,0,"T","T","plumb101","cruzj002","T","T",0,0,0,0,0,0,0,0,0,"","","",0,0,0,0,0,0,0,0,0,0,0,0,0,"","F","F","F","F",0,0,0,0,0,0,0,0,0,0,F,F,"1978BAL.EVA.regular.event.csv",1935
"BAL197806130","SEA",3,0,1,0,0,"",1,0,"plumb101","?","plumb101","?","flanm001","?","flanm001","?","dempr001","murre001","smitb101","dauer001","belam101","kellp101","harll101","singk001","","","","K","F","F",2,9,3,"T","T",0,"F","F",1,"F","F",0,"F","F",0,"","F","F","",0,0,"N",0,"N",0,"N",0,0,0,0,"2","","","","F","F","F","F","F","F","F","F","F","","","","F","F","F","F","F","","","","",0,2,0,0,0,0,0,0,0,17,"BAL","SEA","BAL",0,"F","F",1,0,0,8,1,"T","F",0,0,"T","T","cruzj002","reync001","T","T",0,0,0,0,0,0,0,0,0,"","","",0,0,0,0,0,0,0,0,0,0,0,0,0,"","F","F","F","F",0,0,0,0,0,0,0,0,0,0,F,F,"1978BAL.EVA.regular.event.csv",1936
"BAL197806130","SEA",3,0,2,0,0,"",1,0,"cruzj002","?","cruzj002","?","flanm001","?","flanm001","?","dempr001","murre001","smitb101","dauer001","belam101","kellp101","harll101","singk001","","","","63","F","F",4,1,2,"T","T",0,"F","F",1,"F","F",0,"F","F",6,"G","F","F","",0,0,"N",0,"N",0,"N",0,0,0,0,"63","","","","F","F","F","F","F","F","F","F","F","","","","F","F","F","F","F","","","","",0,3,0,0,6,0,0,0,0,18,"BAL","SEA","BAL",0,"F","T",1,0,0,9,2,"T","F",0,0,"T","T","reync001","joner002","T","T",0,0,0,0,0,0,0,0,0,"","","",0,0,0,0,0,0,0,0,0,0,0,0,0,"belam101","F","F","F","F",0,0,0,0,0,0,0,0,0,0,F,F,"1978BAL.EVA.regular.event.csv",1937
"BAL197806130","SEA",3,1,0,0,0,"",1,0,"dempr001","?","dempr001","?","abbog001","?","abbog001","?","plumb101","meyed001","cruzj002","steib001","reync001","bochb001","joner002","robel001","","","","43","T","F",2,8,2,"T","T",0,"F","F",1,"F","F",0,"F","F",4,"G","F","F","",0,0,"N",0,"N",0,"N",0,0,0,0,"43","","","","F","F","F","F","F","F","F","F","F","","","","F","F","F","F","F","","","","",0,3,0,0,4,0,0,0,0,19,"BAL","BAL","SEA",1,"T","F",0,1,0,7,0,"T","F",0,0,"T","T","belam101","harll101","T","T",0,0,0,0,0,0,0,0,0,"","","",0,0,0,0,0,0,0,0,0,0,0,0,0,"cruzj002","F","F","F","F",0,0,0,0,0,0,0,0,0,0,F,F,"1978BAL.EVA.regular.event.csv",1938
"BAL197806130","SEA",3,1,1,0,0,"",1,0,"belam101","?","belam101","?","abbog001","?","abbog001","?","plumb101","meyed001","cruzj002","steib001","reync001","bochb001","joner002","robel001","","","","7","F","F",6,9,2,"T","T",0,"F","F",1,"F","F",0,"F","F",7,"F","F","F","",0,0,"N",0,"N",0,"N",0,0,0,0,"7","","","","F","F","F","F","F","F","F","F","F","","","","F","F","F","F","F","","","","",0,7,0,0,0,0,0,0,0,20,"BAL","BAL","SEA",1,"F","F",0,1,0,8,1,"T","F",0,0,"T","T","harll101","dauer001","T","T",0,0,0,0,0,0,0,0,0,"","","",0,0,0,0,0,0,0,0,0,0,0,0,0,"bochb001","F","F","F","F",0,0,0,0,0,0,0,0,0,0,F,F,"1978BAL.EVA.regular.event.csv",1939
"BAL197806130","SEA",3,1,2,0,0,"",1,0,"harll101","?","harll101","?","abbog001","?","abbog001","?","plumb101","meyed001","cruzj002","steib001","reync001","bochb001","joner002","robel001","","","","S9","F","F",8,1,20,"T","T",1,"F","F",0,"F","F",0,"F","F",9,"","F","F","",0,0,"N",0,"N",0,"N",1,0,0,0,"","","","","F","F","F","F","F","F","F","F","F","","","","F","F","F","F","F","","","","",0,0,0,0,0,0,0,0,0,21,"BAL","BAL","SEA",1,"F","F",0,1,0,9,2,"T","F",0,1,"T","T","dauer001","murre001","T","T",0,0,0,0,0,0,0,0,0,"","","",0,0,0,0,0,0,0,0,0,0,0,0,0,"robel001","F","F","F","F",0,0,0,0,0,0,0,0,0,0,F,F,"1978BAL.EVA.regular.event.csv",1940
"BAL197806130","SEA",3,1,2,0,0,"",1,0,"dauer001","?","dauer001","?","abbog001","?","abbog001","?","plumb101","meyed001","cruzj002","steib001","reync001","bochb001","joner002","robel001","harll101","","","S7.1-2","F","F",5,2,20,"T","T",1,"F","F",0,"F","F",0,"F","F",7,"","F","F","",0,0,"N",0,"N",0,"N",1,2,0,0,"","","","","F","F","F","F","F","F","F","F","F","abbog001","","","F","F","F","F","F","","","","",0,0,0,0,0,0,0,0,0,22,"BAL","BAL","SEA",1,"F","F",0,1,0,10,3,"T","F",1,3,"T","T","murre001","singk001","T","T",8,1,21,0,0,0,0,0,0,"plumb101","","",0,0,0,0,0,0,0,0,0,0,0,0,0,"bochb001","F","F","F","F",0,0,0,0,0,0,0,0,0,0,F,F,"1978BAL.EVA.regular.event.csv",1941
"BAL197806130","SEA",3,1,2,0,0,"",1,0,"murre001","?","murre001","?","abbog001","?","abbog001","?","plumb101","meyed001","cruzj002","steib001","reync001","bochb001","joner002","robel001","dauer001","harll101","","43","F","F",3,3,2,"T","T",0,"F","F",1,"F","F",0,"F","F",4,"G","F","F","",0,0,"N",0,"N",0,"N",0,1,2,0,"43","","","","F","F","F","F","F","F","F","F","F","abbog001","abbog001","","F","F","F","F","F","","","","",0,3,0,0,4,0,0,0,0,23,"BAL","BAL","SEA",1,"F","T",0,1,0,11,4,"T","F",3,3,"T","T","singk001","may-l101","T","T",5,2,22,8,1,21,0,0,0,"plumb101","plumb101","",0,0,0,0,0,0,0,0,0,0,0,0,0,"cruzj002","F","F","F","F",0,0,0,0,0,0,0,0,0,0,F,F,"1978BAL.EVA.regular.event.csv",1942
"BAL197806130","SEA",4,0,0,0,0,"",1,0,"reync001","?","reync001","?","flanm001","?","flanm001","?","dempr001","murre001","smitb101","dauer001","belam101","kellp101","harll101","singk001","","","","43","T","F",6,2,2,"T","T",0,"F","F",1,"F","F",0,"F","F",4,"G","F","F","",0,0,"N",0,"N",0,"N",0,0,0,0,"43","","","","F","F","F","F","F","F","F","F","F","","","","F","F","F","F","F","","","","",0,3,0,0,4,0,0,0,0,24,"BAL","SEA","BAL",0,"T","F",1,0,0,10,0,"T","F",0,0,"T","T","joner002","robel001","T","T",0,0,0,0,0,0,0,0,0,"","","",0,0,0,0,0,0,0,0,0,0,0,0,0,"smitb101","F","F","F","F",0,0,0,0,0,0,0,0,0,0,F,F,"1978BAL.EVA.regular.event.csv",1943
"BAL197806130","SEA",4,0,1,0,0,"",1,0,"joner002","?","joner002","?","flanm001","?","flanm001","?","dempr001","murre001","smitb101","dauer001","belam101","kellp101","harll101","singk001","","","","8","F","F",8,3,2,"T","T",0,"F","F",1,"F","F",0,"F","F",8,"F","F","F","",0,0,"N",0,"N",0,"N",0,0,0,0,"8","","","","F","F","F","F","F","F","F","F","F","","","","F","F","F","F","F","","","","",0,8,0,0,0,0,0,0,0,25,"BAL","SEA","BAL",0,"F","F",1,0,0,11,1,"T","F",0,0,"T","T","robel001","stanl102","T","T",0,0,0,0,0,0,0,0,0,"","","",0,0,0,0,0,0,0,0,0,0,0,0,0,"harll101","F","F","F","F",0,0,0,0,0,0,0,0,0,0,F,F,"1978BAL.EVA.regular.event.csv",1944
"BAL197806130","SEA",4,0,2,0,0,"",1,0,"robel001","?","robel001","?","flanm001","?","flanm001","?","dempr001","murre001","smitb101","dauer001","belam101","kellp101","harll101","singk001","","","","4/P","F","F",9,4,2,"T","T",0,"F","F",1,"F","F",0,"F","F",4,"P","F","F","",0,0,"N",0,"N",0,"N",0,0,0,0,"4","","","","F","F","F","F","F","F","F","F","F","","","","F","F","F","F","F","","","","",0,4,0,0,0,0,0,0,0,26,"BAL","SEA","BAL",0,"F","T",1,0,0,12,2,"T","F",0,0,"T","T","stanl102","steib001","T","T",0,0,0,0,0,0,0,0,0,"","","",0,0,0,0,0,0,0,0,0,0,0,0,0,"smitb101","F","F","F","F",0,0,0,0,0,0,0,0,0,0,F,F,"1978BAL.EVA.regular.event.csv",1945
"BAL197806130","SEA",4,1,0,0,0,"",1,0,"singk001","?","singk001","?","abbog001","?","abbog001","?","plumb101","meyed001","cruzj002","steib001","reync001","bochb001","joner002","robel001","","","","31","T","F",9,4,2,"T","T",0,"F","F",1,"F","F",0,"F","F",3,"G","F","F","",0,0,"N",0,"N",0,"N",0,0,0,0,"31","","","","F","F","F","F","F","F","F","F","F","","","","F","F","F","F","F","","","","",0,1,0,0,3,0,0,0,0,27,"BAL","BAL","SEA",1,"T","F",0,1,0,12,0,"T","F",0,0,"T","T","may-l101","kellp101","T","T",0,0,0,0,0,0,0,0,0,"","","",0,0,0,0,0,0,0,0,0,0,0,0,0,"meyed001","F","F","F","F",0,0,0,0,1,0,0,0,0,0,F,F,"1978BAL.EVA.regular.event.csv",1946
"BAL197806130","SEA",4,1,1,0,0,"",1,0,"may-l101","?","may-l101","?","abbog001","?","abbog001","?","plumb101","meyed001","cruzj002","steib001","reync001","bochb001","joner002","robel001","","","","W","F","F",10,5,14,"T","F",0,"F","F",0,"F","F",0,"F","F",0,"","F","F","",0,0,"N",0,"N",0,"N",1,0,0,0,"","","","","F","F","F","F","F","F","F","F","F","","","","F","F","F","F","F","","","","",0,0,0,0,0,0,0,0,0,28,"BAL","BAL","SEA",1,"F","F",0,1,0,13,1,"T","F",0,1,"T","T","kellp101","smitb101","T","T",0,0,0,0,0,0,0,0,0,"","","",0,0,0,0,0,0,0,0,0,0,0,0,0,"","F","F","F","F",4,0,0,0,1,0,0,0,0,0,F,F,"1978BAL.EVA.regular.event.csv",1947
"BAL197806130","SEA",4,1,1,0,0,"",1,0,"kellp101","?","kellp101","?","abbog001","?","abbog001","?","plumb101","meyed001","cruzj002","steib001","reync001","bochb001","joner002","robel001","may-l101","","","D7.1-H;B-3(E7)","F","F",7,6,21,"T","T",2,"F","F",0,"F","F",1,"F","F",7,"","F","F","",1,7,"F",0,"N",0,"N",3,4,0,0,"","","","","F","F","F","F","F","F","F","F","F","abbog001","","","F","F","F","F","F","","","","",0,0,0,0,0,0,0,0,0,29,"BAL","BAL","SEA",1,"F","F",0,1,0,14,2,"T","F",1,4,"T","T","smitb101","dempr001","T","T",10,5,28,0,0,0,0,0,0,"plumb101","","",0,0,0,0,0,0,0,0,0,0,0,0,1,"bochb001","F","F","F","F",0,4,0,0,0,0,0,0,0,0,F,F,"1978BAL.EVA.regular.event.csv",1948
"BAL197806130","SEA",4,1,1,0,0,"",1,1,"smitb101","?","smitb101","?","abbog001","?","abbog001","?","plumb101","meyed001","cruzj002","steib001","reync001","bochb001","joner002","robel001","","","kellp101","K","F","F",4,7,3,"T","T",0,"F","F",1,"F","F",0,"F","F",0,"","F","F","",0,0,"N",0,"N",0,"N",0,0,0,3,"2","","","","F","F","F","F","F","F","F","F","F","","","abbog001","F","F","F","F","F","","","","",0,2,0,0,0,0,0,0,0,30,"BAL","BAL","SEA",1,"F","F",1,1,1,15,3,"T","F",4,4,"T","T","dempr001","belam101","T","T",0,0,0,0,0,0,7,6,29,"","","plumb101",0,0,0,0,0,0,0,0,0,0,0,0,0,"","F","F","F","F",0,0,0,0,0,0,0,0,0,0,F,F,"1978BAL.EVA.regular.event.csv",1949
"BAL197806130","SEA",4,1,2,0,0,"",1,1,"dempr001","?","dempr001","?","abbog001","?","abbog001","?","plumb101","meyed001","cruzj002","steib001","reync001","bochb001","joner002","robel001","","","kellp101","W","F","F",2,8,14,"T","F",0,"F","F",0,"F","F",0,"F","F",0,"","F","F","",0,0,"N",0,"N",0,"N",1,0,0,3,"","","","","F","F","F","F","F","F","F","F","F","","","abbog001","F","F","F","F","F","","","","",0,0,0,0,0,0,0,0,0,31,"BAL","BAL","SEA",1,"F","F",1,1,1,16,4,"T","F",4,5,"T","T","belam101","harll101","T","T",0,0,0,0,0,0,7,6,29,"","","plumb101",0,0,0,0,0,0,0,0,0,0,0,0,0,"","F","F","F","F",0,0,0,0,0,0,0,0,0,0,F,F,"1978BAL.EVA.regular.event.csv",1950
"BAL197806130","SEA",4,1,2,0,0,"",1,1,"belam101","?","belam101","?","abbog001","?","abbog001","?","plumb101","meyed001","cruzj002","steib001","reync001","bochb001","joner002","robel001","dempr001","","kellp101","SB2","F","F",6,9,4,"F","F",0,"F","F",0,"F","F",0,"F","F",0,"","F","F","",0,0,"N",0,"N",0,"N",0,2,0,3,"","","","","T","F","F","F","F","F","F","F","F","abbog001","","abbog001","F","F","F","F","F","","","","",0,0,0,0,0,0,0,0,0,32,"BAL","BAL","SEA",1,"F","F",1,1,1,17,5,"T","F",5,6,"T","T","harll101","dauer001","T","T",2,8,31,0,0,0,7,6,29,"plumb101","","plumb101",0,0,0,0,0,0,0,0,0,0,0,0,0,"","F","F","F","F",0,0,0,0,0,0,0,0,0,0,F,F,"1978BAL.EVA.regular.event.csv",1951
"BAL197806130","SEA",4,1,2,0,0,"",1,1,"belam101","?","belam101","?","abbog001","?","abbog001","?","plumb101","meyed001","cruzj002","steib001","reync001","bochb001","joner002","robel001","","dempr001","kellp101","7","F","F",6,9,2,"T","T",0,"F","F",1,"F","F",0,"F","F",7,"F","F","F","",0,0,"N",0,"N",0,"N",0,0,2,3,"7","","","","F","F","F","F","F","F","F","F","F","","abbog001","abbog001","F","F","F","F","F","","","","",0,7,0,0,0,0,0,0,0,33,"BAL","BAL","SEA",1,"F","T",1,1,1,17,5,"F","F",6,6,"T","T","harll101","dauer001","T","T",0,0,0,2,8,31,7,6,29,"","plumb101","plumb101",0,0,0,0,0,0,0,0,0,0,0,0,0,"bochb001","F","F","F","F",0,0,0,0,0,0,0,0,0,0,F,F,"1978BAL.EVA.regular.event.csv",1952
"BAL197806130","SEA",5,0,0,0,0,"",1,1,"stanl102","?","stanl102","?","flanm001","?","flanm001","?","dempr001","murre001","smitb101","dauer001","belam101","kellp101","harll101","singk001","","","","63","T","F",10,5,2,"T","T",0,"F","F",1,"F","F",0,"F","F",6,"G","F","F","",0,0,"N",0,"N",0,"N",0,0,0,0,"63","","","","F","F","F","F","F","F","F","F","F","","","","F","F","F","F","F","","","","",0,3,0,0,6,0,0,0,0,34,"BAL","SEA","BAL",0,"T","F",1,1,0,13,0,"T","F",0,0,"T","T","steib001","bochb001","T","T",0,0,0,0,0,0,0,0,0,"","","",0,0,0,0,0,0,0,0,0,0,0,0,0,"belam101","F","F","F","F",0,0,0,0,0,0,0,0,0,0,F,F,"1978BAL.EVA.regular.event.csv",1953
"BAL197806130","SEA",5,0,1,0,0,"",1,1,"steib001","?","steib001","?","flanm001","?","flanm001","?","dempr001","murre001","smitb101","dauer001","belam101","kellp101","harll101","singk001","","","","53","F","F",5,6,2,"T","T",0,"F","F",1,"F","F",0,"F","F",5,"G","F","F","",0,0,"N",0,"N",0,"N",0,0,0,0,"53","","","","F","F","F","F","F","F","F","F","F","","","","F","F","F","F","F","","","","",0,3,0,0,5,0,0,0,0,35,"BAL","SEA","BAL",0,"F","F",1,1,0,14,1,"T","F",0,0,"T","T","bochb001","meyed001","T","T",0,0,0,0,0,0,0,0,0,"","","",0,0,0,0,0,0,0,0,0,0,0,0,0,"dauer001","F","F","F","F",0,0,0,0,0,0,0,0,0,0,F,F,"1978BAL.EVA.regular.event.csv",1954
"BAL197806130","SEA",5,0,2,0,0,"",1,1,"bochb001","?","bochb001","?","flanm001","?","flanm001","?","dempr001","murre001","smitb101","dauer001","belam101","kellp101","harll101","singk001","","","","7","F","F",7,7,2,"T","T",0,"F","F",1,"F","F",0,"F","F",7,"F","F","F","",0,0,"N",0,"N",0,"N",0,0,0,0,"7","","","","F","F","F","F","F","F","F","F","F","","","","F","F","F","F","F","","","","",0,7,0,0,0,0,0,0,0,36,"BAL","SEA","BAL",0,"F","T",1,1,0,15,2,"T","F",0,0,"T","T","meyed001","plumb101","T","T",0,0,0,0,0,0,0,0,0,"","","",0,0,0,0,0,0,0,0,0,0,0,0,0,"kellp101","F","F","F","F",0,0,0,0,0,0,0,0,0,0,F,F,"1978BAL.EVA.regular.event.csv",1955
"BAL197806130","SEA",5,1,0,0,0,"",1,1,"harll101","?","harll101","?","abbog001","?","abbog001","?","plumb101","meyed001","cruzj002","steib001","reync001","bochb001","joner002","robel001","","","","13/BG","T","F",8,1,2,"T","T",0,"F","F",1,"F","F",0,"F","F",1,"G","T","F","",0,0,"N",0,"N",0,"N",0,0,0,0,"13","","","","F","F","F","F","F","F","F","F","F","","","","F","F","F","F","F","","","","",0,3,0,0,1,0,0,0,0,37,"BAL","BAL","SEA",1,"T","F",1,1,0,18,0,"T","F",0,0,"T","T","dauer001","murre001","T","T",0,0,0,0,0,0,0,0,0,"","","",0,0,0,0,0,0,0,0,0,0,0,0,0,"abbog001","F","F","F","F",0,0,0,0,0,0,0,0,0,0,F,F,"1978BAL.EVA.regular.event.csv",1956
"BAL197806130","SEA",5,1,1,0,0,"",1,1,"dauer001","?","dauer001","?","abbog001","?","abbog001","?","plumb101","meyed001","cruzj002","steib001","reync001","bochb001","joner002","robel001","","","","6/P","F","F",5,2,2,"T","T",0,"F","F",1,"F","F",0,"F","F",6,"P","F","F","",0,0,"N",0,"N",0,"N",0,0,0,0,"6","","","","F","F","F","F","F","F","F","F","F","","","","F","F","F","F","F","","","","",0,6,0,0,0,0,0,0,0,38,"BAL","BAL","SEA",1,"F","F",1,1,0,19,1,"T","F",0,0,"T","T","murre001","singk001","T","T",0,0,0,0,0,0,0,0,0,"","","",0,0,0,0,0,0,0,0,0,0,0,0,0,"reync001","F","F","F","F",0,0,0,0,0,0,0,0,0,0,F,F,"1978BAL.EVA.regular.event.csv",1957
"BAL197806130","SEA",5,1,2,0,0,"",1,1,"murre001","?","murre001","?","abbog001","?","abbog001","?","plumb101","meyed001","cruzj002","steib001","reync001","bochb001","joner002","robel001","","","","K","F","F",3,3,3,"T","T",0,"F","F",1,"F","F",0,"F","F",0,"","F","F","",0,0,"N",0,"N",0,"N",0,0,0,0,"2","","","","F","F","F","F","F","F","F","F","F","","","","F","F","F","F","F","","","","",0,2,0,0,0,0,0,0,0,39,"BAL","BAL","SEA",1,"F","T",1,1,0,20,2,"T","F",0,0,"T","T","singk001","may-l101","T","T",0,0,0,0,0,0,0,0,0,"","","",0,0,0,0,0,0,0,0,0,0,0,0,0,"","F","F","F","F",0,0,0,0,0,0,0,0,0,0,F,F,"1978BAL.EVA.regular.event.csv",1958
"BAL197806130","SEA",6,0,0,0,0,"",1,1,"meyed001","?","meyed001","?","flanm001","?","flanm001","?","dempr001","murre001","smitb101","dauer001","belam101","kellp101","harll101","singk001","","","","K","T","F",3,8,3,"T","T",0,"F","F",1,"F","F",0,"F","F",0,"","F","F","",0,0,"N",0,"N",0,"N",0,0,0,0,"2","","","","F","F","F","F","F","F","F","F","F","","","","F","F","F","F","F","","","","",0,2,0,0,0,0,0,0,0,40,"BAL","SEA","BAL",0,"T","F",1,1,0,16,0,"T","F",0,0,"T","T","plumb101","cruzj002","T","T",0,0,0,0,0,0,0,0,0,"","","",0,0,0,0,0,0,0,0,0,0,0,0,0,"","F","F","F","F",0,0,0,0,0,0,0,0,0,0,F,F,"1978BAL.EVA.regular.event.csv",1959
"BAL197806130","SEA",6,0,1,0,0,"",1,1,"plumb101","?","plumb101","?","flanm001","?","flanm001","?","dempr001","murre001","smitb101","dauer001","belam101","kellp101","harll101","singk001","","","","63","F","F",2,9,2,"T","T",0,"F","F",1,"F","F",0,"F","F",6,"G","F","F","",0,0,"N",0,"N",0,"N",0,0,0,0,"63","","","","F","F","F","F","F","F","F","F","F","","","","F","F","F","F","F","","","","",0,3,0,0,6,0,0,0,0,41,"BAL","SEA","BAL",0,"F","F",1,1,0,17,1,"T","F",0,0,"T","T","cruzj002","reync001","T","T",0,0,0,0,0,0,0,0,0,"","","",0,0,0,0,0,0,0,0,0,0,0,0,0,"belam101","F","F","F","F",0,0,0,0,0,0,0,0,0,0,F,F,"1978BAL.EVA.regular.event.csv",1960
"BAL197806130","SEA",6,0,2,0,0,"",1,1,"cruzj002","?","cruzj002","?","flanm001","?","flanm001","?","dempr001","murre001","smitb101","dauer001","belam101","kellp101","harll101","singk001","","","","43","F","F",4,1,2,"T","T",0,"F","F",1,"F","F",0,"F","F",4,"G","F","F","",0,0,"N",0,"N",0,"N",0,0,0,0,"43","","","","F","F","F","F","F","F","F","F","F","","","","F","F","F","F","F","","","","",0,3,0,0,4,0,0,0,0,42,"BAL","SEA","BAL",0,"F","T",1,1,0,18,2,"T","F",0,0,"T","T","reync001","joner002","T","T",0,0,0,0,0,0,0,0,0,"","","",0,0,0,0,0,0,0,0,0,0,0,0,0,"smitb101","F","F","F","F",0,0,0,0,0,0,0,0,0,0,F,F,"1978BAL.EVA.regular.event.csv",1961
"BAL197806130","SEA",6,1,0,0,0,"",1,1,"singk001","?","singk001","?","abbog001","?","abbog001","?","plumb101","meyed001","cruzj002","steib001","reync001","bochb001","joner002","robel001","","","","13","T","F",9,4,2,"T","T",0,"F","F",1,"F","F",0,"F","F",1,"G","F","F","",0,0,"N",0,"N",0,"N",0,0,0,0,"13","","","","F","F","F","F","F","F","F","F","F","","","","F","F","F","F","F","","","","",0,3,0,0,1,0,0,0,0,43,"BAL","BAL","SEA",1,"T","F",1,1,0,21,0,"T","F",0,0,"T","T","may-l101","kellp101","T","T",0,0,0,0,0,0,0,0,0,"","","",0,0,0,0,0,0,0,0,0,0,0,0,0,"abbog001","F","F","F","F",0,0,0,0,0,0,0,0,0,0,F,F,"1978BAL.EVA.regular.event.csv",1962
"BAL197806130","SEA",6,1,1,0,0,"",1,1,"may-l101","?","may-l101","?","abbog001","?","abbog001","?","plumb101","meyed001","cruzj002","steib001","reync001","bochb001","joner002","robel001","","","","3/FL","F","F",10,5,2,"T","T",0,"F","F",1,"F","F",0,"F","F",3,"F","F","T","",0,0,"N",0,"N",0,"N",0,0,0,0,"3","","","","F","F","F","F","F","F","F","F","F","","","","F","F","F","F","F","","","","",0,3,0,0,0,0,0,0,0,44,"BAL","BAL","SEA",1,"F","F",1,1,0,22,1,"T","F",0,0,"T","T","kellp101","smitb101","T","T",0,0,0,0,0,0,0,0,0,"","","",0,0,0,0,0,0,0,0,0,0,0,0,0,"meyed001","F","F","F","F",0,0,0,0,0,0,0,0,0,0,F,F,"1978BAL.EVA.regular.event.csv",1963
"BAL197806130","SEA",6,1,2,0,0,"",1,1,"kellp101","?","kellp101","?","abbog001","?","abbog001","?","plumb101","meyed001","cruzj002","steib001","reync001","bochb001","joner002","robel001","","","","S9","F","F",7,6,20,"T","T",1,"F","F",0,"F","F",0,"F","F",9,"","F","F","",0,0,"N",0,"N",0,"N",1,0,0,0,"","","","","F","F","F","F","F","F","F","F","F","","","","F","F","F","F","F","","","","",0,0,0,0,0,0,0,0,0,45,"BAL","BAL","SEA",1,"F","F",1,1,0,23,2,"T","F",0,1,"T","T","smitb101","dempr001","T","T",0,0,0,0,0,0,0,0,0,"","","",0,0,0,0,0,0,0,0,0,0,0,0,0,"robel001","F","F","F","F",0,0,0,0,0,0,0,0,0,0,F,F,"1978BAL.EVA.regular.event.csv",1964
"BAL197806130","SEA",6,1,2,0,0,"",1,1,"smitb101","?","smitb101","?","abbog001","?","abbog001","?","plumb101","meyed001","cruzj002","steib001","reync001","bochb001","joner002","robel001","kellp101","","","3/G","F","F",4,7,2,"T","T",0,"F","F",1,"F","F",0,"F","F",3,"G","F","F","",0,0,"N",0,"N",0,"N",0,1,0,0,"3","","","","F","F","F","F","F","F","F","F","F","abbog001","","","F","F","F","F","F","","","","",0,3,0,0,0,0,0,0,0,46,"BAL","BAL","SEA",1,"F","T",1,1,0,24,3,"T","F",1,1,"T","T","dempr001","belam101","T","T",7,6,45,0,0,0,0,0,0,"plumb101","","",0,0,0,0,0,0,0,0,0,0,0,0,0,"meyed001","F","F","F","F",0,0,0,0,0,0,0,0,0,0,F,F,"1978BAL.EVA.regular.event.csv",1965
"BAL197806130","SEA",7,0,0,0,0,"",1,1,"reync001","?","reync001","?","flanm001","?","flanm001","?","dempr001","murre001","smitb101","dauer001","belam101","kellp101","harll101","singk001","","","","53","T","F",6,2,2,"T","T",0,"F","F",1,"F","F",0,"F","F",5,"G","F","F","",0,0,"N",0,"N",0,"N",0,0,0,0,"53","","","","F","F","F","F","F","F","F","F","F","","","","F","F","F","F","F","","","","",0,3,0,0,5,0,0,0,0,47,"BAL","SEA","BAL",0,"T","F",1,1,0,19,0,"T","F",0,0,"T","T","joner002","robel001","T","T",0,0,0,0,0,0,0,0,0,"","","",0,0,0,0,0,0,0,0,0,0,0,0,0,"dauer001","F","F","F","F",0,0,0,0,0,0,0,0,0,0,F,F,"1978BAL.EVA.regular.event.csv",1966
"BAL197806130","SEA",7,0,1,0,0,"",1,1,"joner002","?","joner002","?","flanm001","?","flanm001","?","dempr001","murre001","smitb101","dauer001","belam101","kellp101","harll101","singk001","","","","43","F","F",8,3,2,"T","T",0,"F","F",1,"F","F",0,"F","F",4,"G","F","F","",0,0,"N",0,"N",0,"N",0,0,0,0,"43","","","","F","F","F","F","F","F","F","F","F","","","","F","F","F","F","F","","","","",0,3,0,0,4,0,0,0,0,48,"BAL","SEA","BAL",0,"F","F",1,1,0,20,1,"T","F",0,0,"T","T","robel001","stanl102","T","T",0,0,0,0,0,0,0,0,0,"","","",0,0,0,0,0,0,0,0,0,0,0,0,0,"smitb101","F","F","F","F",0,0,0,0,0,0,0,0,0,0,F,F,"1978BAL.EVA.regular.event.csv",1967
"BAL197806130","SEA",7,0,2,0,0,"",1,1,"robel001","?","robel001","?","flanm001","?","flanm001","?","dempr001","murre001","smitb101","dauer001","belam101","kellp101","harll101","singk001","","","","W","F","F",9,4,14,"T","F",0,"F","F",0,"F","F",0,"F","F",0,"","F","F","",0,0,"N",0,"N",0,"N",1,0,0,0,"","","","","F","F","F","F","F","F","F","F","F","","","","F","F","F","F","F","","","","",0,0,0,0,0,0,0,0,0,49,"BAL","SEA","BAL",0,"F","F",1,1,0,21,2,"T","F",0,1,"T","T","stanl102","steib001","T","T",0,0,0,0,0,0,0,0,0,"","","",0,0,0,0,0,0,0,0,0,0,0,0,0,"","F","F","F","F",0,0,0,0,0,0,0,0,0,0,F,F,"1978BAL.EVA.regular.event.csv",1968
"BAL197806130","SEA",7,0,2,0,0,"",1,1,"stanl102","?","stanl102","?","flanm001","?","flanm001","?","dempr001","murre001","smitb101","dauer001","belam101","kellp101","harll101","singk001","robel001","","","6/P","F","F",10,5,2,"T","T",0,"F","F",1,"F","F",0,"F","F",6,"P","F","F","",0,0,"N",0,"N",0,"N",0,1,0,0,"6","","","","F","F","F","F","F","F","F","F","F","flanm001","","","F","F","F","F","F","","","","",0,6,0,0,0,0,0,0,0,50,"BAL","SEA","BAL",0,"F","T",1,1,0,22,3,"T","F",1,1,"T","T","steib001","bochb001","T","T",9,4,49,0,0,0,0,0,0,"dempr001","","",0,0,0,0,0,0,0,0,0,0,0,0,0,"belam101","F","F","F","F",0,0,0,0,0,0,0,0,0,0,F,F,"1978BAL.EVA.regular.event.csv",1969
"BAL197806130","SEA",7,1,0,0,0,"",1,1,"dempr001","?","dempr001","?","abbog001","?","abbog001","?","plumb101","meyed001","cruzj002","steib001","reync001","bochb001","joner002","robel001","","","","8","T","F",2,8,2,"T","T",0,"F","F",1,"F","F",0,"F","F",8,"F","F","F","",0,0,"N",0,"N",0,"N",0,0,0,0,"8","","","","F","F","F","F","F","F","F","F","F","","","","F","F","F","F","F","","","","",0,8,0,0,0,0,0,0,0,51,"BAL","BAL","SEA",1,"T","F",1,1,0,25,0,"T","F",0,0,"T","T","belam101","harll101","T","T",0,0,0,0,0,0,0,0,0,"","","",0,0,0,0,0,0,0,0,0,0,0,0,0,"joner002","F","F","F","F",0,0,0,0,0,0,0,0,0,0,F,F,"1978BAL.EVA.regular.event.csv",1970
"BAL197806130","SEA",7,1,1,0,0,"",1,1,"belam101","?","belam101","?","abbog001","?","abbog001","?","plumb101","meyed001","cruzj002","steib001","reync001","bochb001","joner002","robel001","","","","4/P","F","F",6,9,2,"T","T",0,"F","F",1,"F","F",0,"F","F",4,"P","F","F","",0,0,"N",0,"N",0,"N",0,0,0,0,"4","","","","F","F","F","F","F","F","F","F","F","","","","F","F","F","F","F","","","","",0,4,0,0,0,0,0,0,0,52,"BAL","BAL","SEA",1,"F","F",1,1,0,26,1,"T","F",0,0,"T","T","harll101","dauer001","T","T",0,0,0,0,0,0,0,0,0,"","","",0,0,0,0,0,0,0,0,0,0,0,0,0,"cruzj002","F","F","F","F",0,0,0,0,0,0,0,0,0,0,F,F,"1978BAL.EVA.regular.event.csv",1971
"BAL197806130","SEA",7,1,2,0,0,"",1,1,"harll101","?","harll101","?","abbog001","?","abbog001","?","plumb101","meyed001","cruzj002","steib001","reync001","bochb001","joner002","robel001","","","","8","F","F",8,1,2,"T","T",0,"F","F",1,"F","F",0,"F","F",8,"F","F","F","",0,0,"N",0,"N",0,"N",0,0,0,0,"8","","","","F","F","F","F","F","F","F","F","F","","","","F","F","F","F","F","","","","",0,8,0,0,0,0,0,0,0,53,"BAL","BAL","SEA",1,"F","T",1,1,0,27,2,"T","F",0,0,"T","T","dauer001","murre001","T","T",0,0,0,0,0,0,0,0,0,"","","",0,0,0,0,0,0,0,0,0,0,0,0,0,"joner002","F","F","F","F",0,0,0,0,0,0,0,0,0,0,F,F,"1978BAL.EVA.regular.event.csv",1972
"BAL197806130","SEA",8,0,0,0,0,"",1,1,"steib001","?","steib001","?","flanm001","?","flanm001","?","dempr001","murre001","smitb101","dauer001","belam101","kellp101","harll101","singk001","","","","63","T","F",5,6,2,"T","T",0,"F","F",1,"F","F",0,"F","F",6,"G","F","F","",0,0,"N",0,"N",0,"N",0,0,0,0,"63","","","","F","F","F","F","F","F","F","F","F","","","","F","F","F","F","F","","","","",0,3,0,0,6,0,0,0,0,54,"BAL","SEA","BAL",0,"T","F",1,1,0,23,0,"T","F",0,0,"T","T","bochb001","meyed001","T","T",0,0,0,0,0,0,0,0,0,"","","",0,0,0,0,0,0,0,0,0,0,0,0,0,"belam101","F","F","F","F",0,0,0,0,0,0,0,0,0,0,F,F,"1978BAL.EVA.regular.event.csv",1973
"BAL197806130","SEA",8,0,1,0,0,"",1,1,"bochb001","?","bochb001","?","flanm001","?","flanm001","?","dempr001","murre001","smitb101","dauer001","belam101","kellp101","harll101","singk001","","","","K","F","F",7,7,3,"T","T",0,"F","F",1,"F","F",0,"F","F",0,"","F","F","",0,0,"N",0,"N",0,"N",0,0,0,0,"2","","","","F","F","F","F","F","F","F","F","F","","","","F","F","F","F","F","","","","",0,2,0,0,0,0,0,0,0,55,"BAL","SEA","BAL",0,"F","F",1,1,0,24,1,"T","F",0,0,"T","T","meyed001","plumb101","T","T",0,0,0,0,0,0,0,0,0,"","","",0,0,0,0,0,0,0,0,0,0,0,0,0,"","F","F","F","F",0,0,0,0,0,0,0,0,0,0,F,F,"1978BAL.EVA.regular.event.csv",1974
"BAL197806130","SEA",8,0,2,0,0,"",1,1,"meyed001","?","meyed001","?","flanm001","?","flanm001","?","dempr001","murre001","smitb101","dauer001","belam101","kellp101","harll101","singk001","","","","53","F","F",3,8,2,"T","T",0,"F","F",1,"F","F",0,"F","F",5,"G","F","F","",0,0,"N",0,"N",0,"N",0,0,0,0,"53","","","","F","F","F","F","F","F","F","F","F","","","","F","F","F","F","F","","","","",0,3,0,0,5,0,0,0,0,56,"BAL","SEA","BAL",0,"F","T",1,1,0,25,2,"T","F",0,0,"T","T","plumb101","cruzj002","T","T",0,0,0,0,0,0,0,0,0,"","","",0,0,0,0,0,0,0,0,0,0,0,0,0,"dauer001","F","F","F","F",0,0,0,0,0,0,0,0,0,0,F,F,"1978BAL.EVA.regular.event.csv",1975
"BAL197806130","SEA",8,1,0,0,0,"",1,1,"dauer001","?","dauer001","?","abbog001","?","abbog001","?","plumb101","meyed001","cruzj002","steib001","reync001","bochb001","joner002","robel001","","","","S9","T","F",5,2,20,"T","T",1,"F","F",0,"F","F",0,"F","F",9,"","F","F","",0,0,"N",0,"N",0,"N",1,0,0,0,"","","","","F","F","F","F","F","F","F","F","F","","","","F","F","F","F","F","","","","",0,0,0,0,0,0,0,0,0,57,"BAL","BAL","SEA",1,"T","F",1,1,0,28,0,"T","F",0,1,"T","T","murre001","singk001","T","T",0,0,0,0,0,0,0,0,0,"","","",0,0,0,0,0,0,0,0,0,0,0,0,0,"robel001","F","F","F","F",0,0,0,0,0,0,0,0,0,0,F,F,"1978BAL.EVA.regular.event.csv",1976
"BAL197806130","SEA",8,1,0,0,0,"",1,1,"murre001","?","murre001","?","abbog001","?","abbog001","?","plumb101","meyed001","cruzj002","steib001","reync001","bochb001","joner002","robel001","dauer001","","","53/SH/BG.1-2","F","F",3,3,2,"T","F",0,"T","F",1,"F","F",0,"F","F",5,"G","T","F","",0,0,"N",0,"N",0,"N",0,2,0,0,"53","","","","F","F","F","F","F","F","F","F","F","abbog001","","","F","F","F","F","F","","","","",0,3,0,0,5,0,0,0,0,58,"BAL","BAL","SEA",1,"F","F",1,1,0,29,1,"T","F",1,2,"T","T","singk001","may-l101","T","T",5,2,57,0,0,0,0,0,0,"plumb101","","",0,0,0,0,0,0,0,0,0,0,0,0,0,"steib001","F","F","F","F",0,0,0,0,0,0,0,0,0,0,F,F,"1978BAL.EVA.regular.event.csv",1977
"BAL197806130","SEA",8,1,1,0,0,"",1,1,"singk001","?","singk001","?","abbog001","?","abbog001","?","plumb101","meyed001","cruzj002","steib001","reync001","bochb001","joner002","robel001","","dauer001","","IW","F","F",9,4,15,"T","F",0,"F","F",0,"F","F",0,"F","F",0,"","F","F","",0,0,"N",0,"N",0,"N",1,0,2,0,"","","","","F","F","F","F","F","F","F","F","F","","abbog001","","F","F","F","F","F","","","","",0,0,0,0,0,0,0,0,0,59,"BAL","BAL","SEA",1,"F","F",1,1,0,30,2,"T","F",2,3,"T","T","may-l101","kellp101","T","T",0,0,0,5,2,57,0,0,0,"","plumb101","",0,0,0,0,0,0,0,0,0,0,0,0,0,"","F","F","F","F",0,0,0,0,0,0,0,0,0,0,F,F,"1978BAL.EVA.regular.event.csv",1978
"BAL197806130","SEA",8,1,1,0,0,"",1,1,"may-l101","?","may-l101","?","abbog001","?","abbog001","?","plumb101","meyed001","cruzj002","steib001","reync001","bochb001","joner002","robel001","singk001","dauer001","","54(1)/FO.2-3","F","F",10,5,2,"T","T",0,"F","F",1,"F","F",0,"F","F",5,"G","F","F","",0,0,"N",0,"N",0,"N",1,0,3,0,"","54","","","F","F","F","F","F","F","F","F","F","abbog001","abbog001","","F","F","F","F","F","","","","",0,4,0,0,5,0,0,0,0,60,"BAL","BAL","SEA",1,"F","F",1,1,0,31,3,"T","F",3,5,"T","T","kellp101","smitb101","T","T",9,4,59,5,2,57,0,0,0,"plumb101","plumb101","",0,0,0,0,0,0,0,0,0,0,0,0,0,"steib001","T","F","F","F",0,0,0,0,0,0,0,0,0,0,F,F,"1978BAL.EVA.regular.event.csv",1979
"BAL197806130","SEA",8,1,2,0,0,"",1,1,"kellp101","?","kellp101","?","abbog001","?","abbog001","?","plumb101","meyed001","cruzj002","steib001","reync001","bochb001","joner002","robel001","may-l101","","dauer001","64(1)/FO","F","F",7,6,2,"T","T",0,"F","F",1,"F","F",0,"F","F",6,"G","F","F","",0,0,"N",0,"N",0,"N",1,0,0,3,"","64","","","F","F","F","F","F","F","F","F","F","abbog001","","abbog001","F","F","F","F","F","","","","",0,4,0,0,6,0,0,0,0,61,"BAL","BAL","SEA",1,"F","T",1,1,0,32,4,"T","F",5,5,"T","T","smitb101","dempr001","T","T",10,5,60,0,0,0,5,2,57,"plumb101","","plumb101",0,0,0,0,0,0,0,0,0,0,0,0,0,"reync001","T","F","F","F",0,0,0,0,0,0,0,0,0,0,F,F,"1978BAL.EVA.regular.event.csv",1980
"BAL197806130","SEA",9,0,0,0,0,"",1,1,"plumb101","?","plumb101","?","flanm001","?","flanm001","?","dempr001","murre001","smitb101","dauer001","belam101","kellp101","harll101","singk001","","","","8","T","F",2,9,2,"T","T",0,"F","F",1,"F","F",0,"F","F",8,"F","F","F","",0,0,"N",0,"N",0,"N",0,0,0,0,"8","","","","F","F","F","F","F","F","F","F","F","","","","F","F","F","F","F","","","","",0,8,0,0,0,0,0,0,0,62,"BAL","SEA","BAL",0,"T","F",1,1,0,26,0,"T","F",0,0,"T","T","cruzj002","reync001","T","T",0,0,0,0,0,0,0,0,0,"","","",0,0,0,0,0,0,0,0,0,0,0,0,0,"harll101","F","F","F","F",0,0,0,0,0,0,0,0,0,0,F,F,"1978BAL.EVA.regular.event.csv",1981
"BAL197806130","SEA",9,0,1,0,0,"",1,1,"cruzj002","?","cruzj002","?","flanm001","?","flanm001","?","dempr001","murre001","smitb101","dauer001","belam101","kellp101","harll101","singk001","","","","S7","F","F",4,1,20,"T","T",1,"F","F",0,"F","F",0,"F","F",7,"","F","F","",0,0,"N",0,"N",0,"N",1,0,0,0,"","","","","F","F","F","F","F","F","F","F","F","","","","F","F","F","F","F","","","","",0,0,0,0,0,0,0,0,0,63,"BAL","SEA","BAL",0,"F","F",1,1,0,27,1,"T","F",0,1,"T","T","reync001","joner002","T","T",0,0,0,0,0,0,0,0,0,"","","",0,0,0,0,0,0,0,0,0,0,0,0,0,"kellp101","F","F","F","F",0,0,0,0,0,0,0,0,0,0,F,F,"1978BAL.EVA.regular.event.csv",1982
"BAL197806130","SEA",9,0,1,0,0,"",1,1,"reync001","?","reync001","?","flanm001","?","flanm001","?","dempr001","murre001","smitb101","dauer001","belam101","kellp101","harll101","singk001","cruzj002","","","4(B)43(1)/LDP","F","F",6,2,2,"T","T",0,"F","F",2,"T","F",0,"F","F",4,"L","F","F","",0,0,"N",0,"N",0,"N",0,0,0,0,"4","43","","","F","F","F","F","F","F","F","F","F","flanm001","","","F","F","F","F","F","","","","",0,4,3,0,4,0,0,0,0,64,"BAL","SEA","BAL",0,"F","T",1,1,0,28,2,"T","F",1,0,"T","T","joner002","robel001","T","T",4,1,63,0,0,0,0,0,0,"dempr001","","",0,0,0,0,0,0,0,0,0,0,0,0,0,"smitb101","F","F","F","F",0,0,0,0,0,0,0,0,0,0,F,F,"1978BAL.EVA.regular.event.csv",1983
"BAL197806130","SEA",9,1,0,0,0,"",1,1,"smitb101","?","smitb101","?","abbog001","?","abbog001","?","plumb101","meyed001","cruzj002","steib001","reync001","bochb001","joner002","robel001","","","","3/G","T","F",4,7,2,"T","T",0,"F","F",1,"F","F",0,"F","F",3,"G","F","F","",0,0,"N",0,"N",0,"N",0,0,0,0,"3","","","","F","F","F","F","F","F","F","F","F","","","","F","F","F","F","F","","","","",0,3,0,0,0,0,0,0,0,65,"BAL","BAL","SEA",1,"T","F",1,1,0,33,0,"T","F",0,0,"T","T","dempr001","belam101","T","T",0,0,0,0,0,0,0,0,0,"","","",0,0,0,0,0,0,0,0,0,0,0,0,0,"meyed001","F","F","F","F",0,0,0,0,0,0,0,0,0,0,F,F,"1978BAL.EVA.regular.event.csv",1984
"BAL197806130","SEA",9,1,1,0,0,"",1,1,"dempr001","?","dempr001","?","abbog001","?","abbog001","?","plumb101","meyed001","cruzj002","steib001","reync001","bochb001","joner002","robel001","","","","W","F","F",2,8,14,"T","F",0,"F","F",0,"F","F",0,"F","F",0,"","F","F","",0,0,"N",0,"N",0,"N",1,0,0,0,"","","","","F","F","F","F","F","F","F","F","F","","","","F","F","F","F","F","","","","",0,0,0,0,0,0,0,0,0,66,"BAL","BAL","SEA",1,"F","F",1,1,0,34,1,"T","F",0,1,"T","T","belam101","harll101","T","T",0,0,0,0,0,0,0,0,0,"","","",0,0,0,0,0,0,0,0,0,0,0,0,0,"","F","F","F","F",0,0,0,0,0,0,0,0,0,0,F,F,"1978BAL.EVA.regular.event.csv",1985
"BAL197806130","SEA",9,1,1,0,0,"",1,1,"crowt101","?","crowt101","?","abbog001","?","abbog001","?","plumb101","meyed001","cruzj002","steib001","reync001","bochb001","joner002","robel001","dempr001","","","46(1)3/GDP","F","T",11,9,2,"T","T",0,"F","F",2,"T","F",0,"F","F",4,"G","F","F","",0,0,"N",0,"N",0,"N",0,0,0,0,"63","46","","","F","F","F","F","F","F","F","F","F","abbog001","","","F","F","F","F","F","","","","belam101",6,6,3,0,4,6,0,0,0,67,"BAL","BAL","SEA",1,"F","T",1,1,0,35,2,"T","F",1,0,"F","F","harll101","dauer001","T","T",2,8,66,0,0,0,0,0,0,"plumb101","","",0,0,0,0,0,0,0,0,0,0,0,0,0,"cruzj002","T","F","F","F",0,0,0,0,0,0,0,0,0,0,F,F,"1978BAL.EVA.regular.event.csv",1986
"BAL197806130","SEA",10,0,0,0,0,"",1,1,"joner002","?","joner002","?","flanm001","?","flanm001","?","dempr001","murre001","smitb101","dauer001","garck001","kellp101","harll101","singk001","","","","31","T","F",8,3,2,"T","T",0,"F","F",1,"F","F",0,"F","F",3,"G","F","F","",0,0,"N",0,"N",0,"N",0,0,0,0,"31","","","","F","F","F","F","F","F","F","F","F","","","","F","F","F","F","F","","","","",0,1,0,0,3,0,0,0,0,68,"BAL","SEA","BAL",0,"T","F",1,1,0,29,0,"T","F",0,0,"T","T","robel001","stanl102","T","T",0,0,0,0,0,0,0,0,0,"","","",0,0,0,0,0,0,0,0,0,0,0,0,0,"murre001","F","F","F","F",0,0,0,0,1,0,0,0,0,0,F,F,"1978BAL.EVA.regular.event.csv",1987
"BAL197806130","SEA",10,0,1,0,0,"",1,1,"robel001","?","robel001","?","flanm001","?","flanm001","?","dempr001","murre001","smitb101","dauer001","garck001","kellp101","harll101","singk001","","","","HR/7","F","F",9,4,23,"T","T",4,"F","F",0,"F","F",1,"F","F",0,"","F","F","7",0,0,"N",0,"N",0,"N",4,0,0,0,"","","","","F","F","F","F","F","F","F","F","F","","","","F","F","F","F","F","","","","",0,0,0,0,0,0,0,0,0,69,"BAL","SEA","BAL",0,"F","F",1,1,0,30,1,"T","F",0,0,"T","T","stanl102","steib001","T","T",0,0,0,0,0,0,0,0,0,"","","",0,0,0,0,0,0,0,0,0,0,0,0,1,"","F","F","F","F",4,0,0,0,0,0,0,0,0,0,F,F,"1978BAL.EVA.regular.event.csv",1988
"BAL197806130","SEA",10,0,1,0,0,"",2,1,"stanl102","?","stanl102","?","flanm001","?","flanm001","?","dempr001","murre001","smitb101","dauer001","garck001","kellp101","harll101","singk001","","","","K/C","F","F",10,5,3,"T","T",0,"F","F",1,"F","F",0,"F","F",0,"","F","F","",0,0,"N",0,"N",0,"N",0,0,0,0,"2","","","","F","F","F","F","F","F","F","F","F","","","","F","F","F","F","F","","","","",0,2,0,0,0,0,0,0,0,70,"BAL","SEA","BAL",0,"F","F",2,1,1,31,2,"T","F",0,0,"T","T","steib001","bochb001","T","T",0,0,0,0,0,0,0,0,0,"","","",0,0,0,0,0,0,0,0,0,0,0,0,0,"","F","F","F","F",0,0,0,0,0,0,0,0,0,0,F,F,"1978BAL.EVA.regular.event.csv",1989
"BAL197806130","SEA",10,0,2,0,0,"",2,1,"steib001","?","steib001","?","flanm001","?","flanm001","?","dempr001","murre001","smitb101","dauer001","garck001","kellp101","harll101","singk001","","","","D7","F","F",5,6,21,"T","T",2,"F","F",0,"F","F",0,"F","F",7,"","F","F","",0,0,"N",0,"N",0,"N",2,0,0,0,"","","","","F","F","F","F","F","F","F","F","F","","","","F","F","F","F","F","","","","",0,0,0,0,0,0,0,0,0,71,"BAL","SEA","BAL",0,"F","F",2,1,1,32,3,"T","F",0,2,"T","T","bochb001","meyed001","T","T",0,0,0,0,0,0,0,0,0,"","","",0,0,0,0,0,0,0,0,0,0,0,0,0,"kellp101","F","F","F","F",2,0,0,0,0,0,0,0,0,0,F,F,"1978BAL.EVA.regular.event.csv",1990
"BAL197806130","SEA",10,0,2,0,0,"",2,1,"bochb001","?","bochb001","?","flanm001","?","flanm001","?","dempr001","murre001","smitb101","dauer001","garck001","kellp101","harll101","singk001","","steib001","","8","F","F",7,7,2,"T","T",0,"F","F",1,"F","F",0,"F","F",8,"F","F","F","",0,0,"N",0,"N",0,"N",0,0,2,0,"8","","","","F","F","F","F","F","F","F","F","F","","flanm001","","F","F","F","F","F","","","","",0,8,0,0,0,0,0,0,0,72,"BAL","SEA","BAL",0,"F","T",2,1,1,33,4,"T","F",2,2,"T","T","meyed001","plumb101","T","T",0,0,0,5,6,71,0,0,0,"","dempr001","",0,0,0,0,0,0,0,0,0,0,0,0,0,"harll101","F","F","F","F",0,0,2,0,0,0,0,0,0,0,F,F,"1978BAL.EVA.regular.event.csv",1991
"BAL197806130","SEA",10,1,0,0,0,"",2,1,"harll101","?","harll101","?","abbog001","?","abbog001","?","plumb101","meyed001","cruzj002","steib001","reync001","bochb001","joner002","halej101","","","","3/G","T","F",8,1,2,"T","T",0,"F","F",1,"F","F",0,"F","F",3,"G","F","F","",0,0,"N",0,"N",0,"N",0,0,0,0,"3","","","","F","F","F","F","F","F","F","F","F","","","","F","F","F","F","F","","","","",0,3,0,0,0,0,0,0,0,73,"BAL","BAL","SEA",1,"T","F",1,2,0,36,0,"T","F",0,0,"T","T","dauer001","murre001","T","T",0,0,0,0,0,0,0,0,0,"","","",0,0,0,0,0,0,0,0,0,0,0,0,0,"meyed001","F","F","F","F",0,0,0,0,1,0,0,0,0,0,F,F,"1978BAL.EVA.regular.event.csv",1992
"BAL197806130","SEA",10,1,1,0,0,"",2,1,"dauer001","?","dauer001","?","abbog001","?","abbog001","?","plumb101","meyed001","cruzj002","steib001","reync001","bochb001","joner002","halej101","","","","7","F","F",5,2,2,"T","T",0,"F","F",1,"F","F",0,"F","F",7,"F","F","F","",0,0,"N",0,"N",0,"N",0,0,0,0,"7","","","","F","F","F","F","F","F","F","F","F","","","","F","F","F","F","F","","","","",0,7,0,0,0,0,0,0,0,74,"BAL","BAL","SEA",1,"F","F",1,2,0,37,1,"T","F",0,0,"T","T","murre001","singk001","T","T",0,0,0,0,0,0,0,0,0,"","","",0,0,0,0,0,0,0,0,0,0,0,0,0,"bochb001","F","F","F","F",0,0,0,0,1,0,0,0,0,0,F,F,"1978BAL.EVA.regular.event.csv",1993
"BAL197806130","SEA",10,1,2,0,0,"",2,1,"murre001","?","murre001","?","abbog001","?","abbog001","?","plumb101","meyed001","cruzj002","steib001","reync001","bochb001","joner002","halej101","","","","HR/9","F","F",3,3,23,"T","T",4,"F","F",0,"F","F",1,"F","F",0,"","F","F","9",0,0,"N",0,"N",0,"N",4,0,0,0,"","","","","F","F","F","F","F","F","F","F","F","","","","F","F","F","F","F","","","","",0,0,0,0,0,0,0,0,0,75,"BAL","BAL","SEA",1,"F","F",1,2,0,38,2,"T","F",0,0,"T","T","singk001","may-l101","T","T",0,0,0,0,0,0,0,0,0,"","","",0,0,0,0,0,0,0,0,0,0,0,0,1,"","F","F","F","F",4,0,0,0,0,0,0,0,0,0,F,F,"1978BAL.EVA.regular.event.csv",1994
"BAL197806130","SEA",10,1,2,0,0,"",2,2,"singk001","?","singk001","?","abbog001","?","abbog001","?","plumb101","meyed001","cruzj002","steib001","reync001","bochb001","joner002","halej101","","","","S8","F","F",9,4,20,"T","T",1,"F","F",0,"F","F",0,"F","F",8,"","F","F","",0,0,"N",0,"N",0,"N",1,0,0,0,"","","","","F","F","F","F","F","F","F","F","F","","","","F","F","F","F","F","","","","",0,0,0,0,0,0,0,0,0,76,"BAL","BAL","SEA",1,"F","F",2,2,1,39,3,"T","F",0,1,"T","T","may-l101","kellp101","T","T",0,0,0,0,0,0,0,0,0,"","","",0,0,0,0,0,0,0,0,0,0,0,0,0,"joner002","F","F","F","F",1,0,0,0,0,0,0,0,0,0,F,F,"1978BAL.EVA.regular.event.csv",1995
"BAL197806130","SEA",10,1,2,0,0,"",2,2,"may-l101","?","may-l101","?","romoe101","?","romoe101","?","plumb101","meyed001","cruzj002","steib001","reync001","bochb001","joner002","halej101","lopec101","","","3/P","F","F",10,5,2,"T","T",0,"F","F",1,"F","F",0,"F","F",3,"P","F","F","",0,0,"N",0,"N",0,"N",0,1,0,0,"3","","","","F","F","F","F","F","F","F","F","F","abbog001","","","F","F","T","F","F","singk001","","","",0,3,0,0,0,0,0,0,0,77,"BAL","BAL","SEA",1,"F","T",2,2,1,40,4,"T","F",1,1,"T","T","kellp101","smitb101","F","F",0,4,76,0,0,0,0,0,0,"plumb101","","",0,0,0,0,0,0,0,0,0,0,0,0,0,"meyed001","F","F","F","F",0,1,0,0,0,0,0,0,0,0,F,F,"1978BAL.EVA.regular.event.csv",1996
"BAL197806130","SEA",11,0,0,0,0,"",2,2,"meyed001","?","meyed001","?","flanm001","?","flanm001","?","dempr001","murre001","smitb101","dauer001","garck001","kellp101","harll101","lopec101","","","","K/C","T","F",3,8,3,"T","T",0,"F","F",1,"F","F",0,"F","F",0,"","F","F","",0,0,"N",0,"N",0,"N",0,0,0,0,"2","","","","F","F","F","F","F","F","F","F","F","","","","F","F","F","F","F","","","","",0,2,0,0,0,0,0,0,0,78,"BAL","SEA","BAL",0,"T","F",2,2,0,34,0,"T","F",0,0,"T","T","plumb101","cruzj002","T","T",0,0,0,0,0,0,0,0,0,"","","",0,0,0,0,0,0,0,0,0,0,0,0,0,"","F","F","F","F",0,0,0,0,0,0,0,0,0,0,F,F,"1978BAL.EVA.regular.event.csv",1997
"BAL197806130","SEA",11,0,1,0,0,"",2,2,"plumb101","?","plumb101","?","flanm001","?","flanm001","?","dempr001","murre001","smitb101","dauer001","garck001","kellp101","harll101","lopec101","","","","4/P","F","F",2,9,2,"T","T",0,"F","F",1,"F","F",0,"F","F",4,"P","F","F","",0,0,"N",0,"N",0,"N",0,0,0,0,"4","","","","F","F","F","F","F","F","F","F","F","","","","F","F","F","F","F","","","","",0,4,0,0,0,0,0,0,0,79,"BAL","SEA","BAL",0,"F","F",2,2,0,35,1,"T","F",0,0,"T","T","cruzj002","reync001","T","T",0,0,0,0,0,0,0,0,0,"","","",0,0,0,0,0,0,0,0,0,0,0,0,0,"smitb101","F","F","F","F",0,0,0,0,0,0,0,0,0,0,F,F,"1978BAL.EVA.regular.event.csv",1998
"BAL197806130","SEA",11,0,2,0,0,"",2,2,"cruzj002","?","cruzj002","?","flanm001","?","flanm001","?","dempr001","murre001","smitb101","dauer001","garck001","kellp101","harll101","lopec101","","","","5/FL","F","F",4,1,2,"T","T",0,"F","F",1,"F","F",0,"F","F",5,"F","F","T","",0,0,"N",0,"N",0,"N",0,0,0,0,"5","","","","F","F","F","F","F","F","F","F","F","","","","F","F","F","F","F","","","","",0,5,0,0,0,0,0,0,0,80,"BAL","SEA","BAL",0,"F","T",2,2,0,36,2,"T","F",0,0,"T","T","reync001","joner002","T","T",0,0,0,0,0,0,0,0,0,"","","",0,0,0,0,0,0,0,0,0,0,0,0,0,"dauer001","F","F","F","F",0,0,0,0,0,0,0,0,0,0,F,F,"1978BAL.EVA.regular.event.csv",1999
"BAL197806130","SEA",11,1,0,0,0,"",2,2,"kellp101","?","kellp101","?","romoe101","?","romoe101","?","plumb101","meyed001","cruzj002","steib001","reync001","bochb001","joner002","halej101","","","","W","T","F",7,6,14,"T","F",0,"F","F",0,"F","F",0,"F","F",0,"","F","F","",0,0,"N",0,"N",0,"N",1,0,0,0,"","","","","F","F","F","F","F","F","F","F","F","","","","F","F","F","F","F","","","","",0,0,0,0,0,0,0,0,0,81,"BAL","BAL","SEA",1,"T","F",2,2,0,41,0,"T","F",0,1,"T","T","smitb101","dempr001","F","F",0,0,0,0,0,0,0,0,0,"","","",0,0,0,0,0,0,0,0,0,0,0,0,0,"","F","F","F","F",0,0,0,0,1,0,0,0,0,0,F,F,"1978BAL.EVA.regular.event.csv",2000
"BAL197806130","SEA",11,1,0,0,0,"",2,2,"smitb101","?","smitb101","?","romoe101","?","romoe101","?","plumb101","meyed001","cruzj002","steib001","reync001","bochb001","joner002","halej101","kellp101","","","SB2","F","F",4,7,4,"F","F",0,"F","F",0,"F","F",0,"F","F",0,"","F","F","",0,0,"N",0,"N",0,"N",0,2,0,0,"","","","","T","F","F","F","F","F","F","F","F","romoe101","","","F","F","F","F","F","","","","",0,0,0,0,0,0,0,0,0,82,"BAL","BAL","SEA",1,"F","F",2,2,0,42,1,"T","F",1,2,"T","T","dempr001","garck001","F","F",7,6,81,0,0,0,0,0,0,"plumb101","","",0,0,0,0,0,0,0,0,0,0,0,0,0,"","F","F","F","F",0,0,0,0,1,0,0,0,0,0,F,F,"1978BAL.EVA.regular.event.csv",2001
"BAL197806130","SEA",11,1,0,0,0,"",2,2,"smitb101","?","smitb101","?","romoe101","?","romoe101","?","plumb101","meyed001","cruzj002","steib001","reync001","bochb001","joner002","halej101","","kellp101","","S2/BG.2-3","F","F",4,7,20,"T","T",1,"F","F",0,"F","F",0,"F","F",2,"G","T","F","",0,0,"N",0,"N",0,"N",1,0,3,0,"","","","","F","F","F","F","F","F","F","F","F","","romoe101","","F","F","F","F","F","","","","",0,0,0,0,0,0,0,0,0,83,"BAL","BAL","SEA",1,"F","F",2,2,0,42,1,"F","F",2,5,"T","T","dempr001","garck001","F","F",0,0,0,7,6,81,0,0,0,"","plumb101","",0,0,0,0,0,0,0,0,0,0,0,0,0,"plumb101","F","F","F","F",4,0,0,0,1,0,0,0,0,0,F,F,"1978BAL.EVA.regular.event.csv",2002
"BAL197806130","SEA",11,1,0,0,0,"",2,2,"dempr001","?","dempr001","?","romoe101","?","romoe101","?","plumb101","meyed001","cruzj002","steib001","reync001","bochb001","joner002","halej101","smitb101","","kellp101","SB2","F","F",2,8,4,"F","F",0,"F","F",0,"F","F",0,"F","F",0,"","F","F","",0,0,"N",0,"N",0,"N",0,2,0,3,"","","","","T","F","F","F","F","F","F","F","F","romoe101","","romoe101","F","F","F","F","F","","","","",0,0,0,0,0,0,0,0,0,84,"BAL","BAL","SEA",1,"F","F",2,2,0,43,2,"T","F",5,6,"T","T","garck001","harll101","F","F",4,7,83,0,0,0,7,6,81,"plumb101","","plumb101",0,0,0,0,0,0,0,0,0,0,0,0,0,"","F","F","F","F",0,4,0,0,1,0,0,0,0,0,F,F,"1978BAL.EVA.regular.event.csv",2003
"BAL197806130","SEA",11,1,0,0,0,"",2,2,"dempr001","?","dempr001","?","romoe101","?","romoe101","?","plumb101","meyed001","cruzj002","steib001","reync001","bochb001","joner002","halej101","","smitb101","kellp101","W","F","F",2,8,14,"T","F",0,"F","F",0,"F","F",0,"F","F",0,"","F","F","",0,0,"N",0,"N",0,"N",1,0,2,3,"","","","","F","F","F","F","F","F","F","F","F","","romoe101","romoe101","F","F","F","F","F","","","","",0,0,0,0,0,0,0,0,0,85,"BAL","BAL","SEA",1,"F","F",2,2,0,43,2,"F","F",6,7,"T","T","garck001","harll101","F","F",0,0,0,4,7,83,7,6,81,"","plumb101","plumb101",0,0,0,0,0,0,0,0,0,0,0,0,0,"","F","F","F","F",3,0,4,0,1,0,0,0,0,0,F,F,"1978BAL.EVA.regular.event.csv",2004
"BAL197806130","SEA",11,1,0,0,0,"",2,2,"garck001","?","garck001","?","romoe101","?","romoe101","?","plumb101","meyed001","cruzj002","steib001","reync001","bochb001","joner002","halej101","dempr001","smitb101","kellp101","62(3)/FO.2-3;1-2","F","F",6,9,2,"T","T",0,"F","F",1,"F","F",0,"F","F",6,"G","F","F","",0,0,"N",0,"N",0,"N",1,2,3,0,"","","","62","F","F","F","F","F","F","F","F","F","romoe101","romoe101","romoe101","F","F","F","F","F","","","","",0,2,0,0,6,0,0,0,0,86,"BAL","BAL","SEA",1,"F","F",2,2,0,44,3,"T","F",7,7,"F","F","harll101","dauer001","F","F",2,8,85,4,7,83,7,6,81,"plumb101","plumb101","plumb101",0,0,0,0,0,0,0,0,0,0,0,0,0,"reync001","F","F","T","F",2,3,4,0,1,0,0,0,0,0,F,F,"1978BAL.EVA.regular.event.csv",2005
"BAL197806130","SEA",11,1,1,0,0,"",2,2,"harll101","?","harll101","?","romoe101","?","romoe101","?","plumb101","meyed001","cruzj002","steib001","reync001","bochb001","joner002","halej101","garck001","dempr001","smitb101","S9.3-H;2-3;1-2","F","F",8,1,20,"T","T",1,"F","F",0,"F","F",1,"F","F",9,"","F","F","",0,0,"N",0,"N",0,"N",1,2,3,4,"","","","","F","F","F","F","F","F","F","F","F","romoe101","romoe101","romoe101","F","T","F","F","F","","","","",0,0,0,0,0,0,0,0,0,87,"BAL","BAL","SEA",1,"F","T",2,2,0,45,4,"T","F",7,7,"T","T","dauer001","murre001","F","F",6,9,86,2,8,85,4,7,83,"plumb101","plumb101","plumb101",0,0,0,0,0,0,0,0,0,0,0,0,1,"halej101","F","F","F","F",1,2,3,4,0,0,0,0,0,0,F,F,"1978BAL.EVA.regular.event.csv",2006
"BAL197806140","CAL",1,0,0,0,0,"",0,0,"landk001","?","landk001","?","palmj001","?","palmj001","?","dempr001","murre001","smitb101","dauer001","belam101","moraa101","lopec101","singk001","","","","S8","T","F",9,1,20,"T","T",1,"F","F",0,"F","F",0,"F","F",8,"","F","F","",0,0,"N",0,"N",0,"N",1,0,0,0,"","","","","F","F","F","F","F","F","F","F","F","","","","T","F","F","F","F","","","","",0,0,0,0,0,0,0,0,0,1,"BAL","CAL","BAL",0,"T","F",0,0,0,0,0,"T","F",0,1,"T","T","gricb001","bostl101","T","T",0,0,0,0,0,0,0,0,0,"","","",0,0,0,0,0,0,0,0,0,0,0,0,0,"lopec101","F","F","F","F",0,0,0,0,0,0,0,0,0,0,F,F,"1978BAL.EVA.regular.event.csv",2007
"BAL197806140","CAL",1,0,0,0,0,"",0,0,"gricb001","?","gricb001","?","palmj001","?","palmj001","?","dempr001","murre001","smitb101","dauer001","belam101","moraa101","lopec101","singk001","landk001","","","E1/SH.1-2","F","F",4,2,18,"T","F",0,"T","F",0,"F","F",0,"F","F",1,"G","T","F","",1,1,"F",0,"N",0,"N",1,2,0,0,"","","","","F","F","F","F","F","F","F","F","F","palmj001","","","F","F","F","F","F","","","","",0,0,0,0,0,0,0,0,0,2,"BAL","CAL","BAL",0,"F","F",0,0,0,1,1,"T","F",1,3,"T","T","bostl101","rudij101","T","T",9,1,1,0,0,0,0,0,0,"dempr001","","",0,0,0,0,0,0,0,0,0,0,0,0,0,"palmj001","F","F","F","T",0,0,0,0,0,0,0,0,0,0,F,F,"1978BAL.EVA.regular.event.csv",2008
"BAL197806140","CAL",1,0,0,0,0,"",0,0,"bostl101","?","bostl101","?","palmj001","?","palmj001","?","dempr001","murre001","smitb101","dauer001","belam101","moraa101","lopec101","singk001","gricb001","landk001","","8","F","F",8,3,2,"T","T",0,"F","F",1,"F","F",0,"F","F",8,"F","F","F","",0,0,"N",0,"N",0,"N",0,1,2,0,"8","","","","F","F","F","F","F","F","F","F","F","palmj001","palmj001","","F","F","F","F","F","","","","",0,8,0,0,0,0,0,0,0,3,"BAL","CAL","BAL",0,"F","F",0,0,0,2,2,"T","F",3,3,"T","T","rudij101","bayld001","T","T",4,2,2,9,1,1,0,0,0,"dempr001","dempr001","",0,0,0,0,0,0,0,0,0,0,0,0,0,"lopec101","F","F","F","F",0,0,0,0,0,0,0,0,0,0,F,F,"1978BAL.EVA.regular.event.csv",2009
"BAL197806140","CAL",1,0,1,0,0,"",0,0,"rudij101","?","rudij101","?","palmj001","?","palmj001","?","dempr001","murre001","smitb101","dauer001","belam101","moraa101","lopec101","singk001","gricb001","landk001","","54(1)/FO.2-3","F","F",7,4,2,"T","T",0,"F","F",1,"F","F",0,"F","F",5,"G","F","F","",0,0,"N",0,"N",0,"N",1,0,3,0,"","54","","","F","F","F","F","F","F","F","F","F","palmj001","palmj001","","F","F","F","F","F","","","","",0,4,0,0,5,0,0,0,0,4,"BAL","CAL","BAL",0,"F","F",0,0,0,3,3,"T","F",3,5,"T","T","bayld001","fairr101","T","T",4,2,2,9,1,1,0,0,0,"dempr001","dempr001","",0,0,0,0,0,0,0,0,0,0,0,0,0,"dauer001","T","F","F","F",0,0,0,0,0,0,0,0,0,0,F,F,"1978BAL.EVA.regular.event.csv",2010
"BAL197806140","CAL",1,0,2,0,0,"",0,0,"bayld001","?","bayld001","?","palmj001","?","palmj001","?","dempr001","murre001","smitb101","dauer001","belam101","moraa101","lopec101","singk001","rudij101","","landk001","7/L","F","F",10,5,2,"T","T",0,"F","F",1,"F","F",0,"F","F",7,"L","F","F","",0,0,"N",0,"N",0,"N",0,1,0,3,"7","","","","F","F","F","F","F","F","F","F","F","palmj001","","palmj001","F","F","F","F","F","","","","",0,7,0,0,0,0,0,0,0,5,"BAL","CAL","BAL",0,"F","T",0,0,0,4,4,"T","F",5,5,"T","T","fairr101","jackr002","T","T",7,4,4,0,0,0,9,1,1,"dempr001","","dempr001",0,0,0,0,0,0,0,0,0,0,0,0,0,"moraa101","F","F","F","F",0,0,0,0,0,0,0,0,0,0,F,F,"1978BAL.EVA.regular.event.csv",2011
"BAL197806140","CAL",1,1,0,0,0,"",0,0,"belam101","?","belam101","?","bretk101","?","bretk101","?","downb001","fairr101","gricb001","jackr002","chald101","rudij101","bostl101","landk001","","","","6","T","F",6,1,2,"T","T",0,"F","F",1,"F","F",0,"F","F",6,"F","F","F","",0,0,"N",0,"N",0,"N",0,0,0,0,"6","","","","F","F","F","F","F","F","F","F","F","","","","F","F","F","F","F","","","","",0,6,0,0,0,0,0,0,0,6,"BAL","BAL","CAL",1,"T","F",0,0,0,0,0,"T","F",0,0,"T","T","dauer001","singk001","T","T",0,0,0,0,0,0,0,0,0,"","","",0,0,0,0,0,0,0,0,0,0,0,0,0,"chald101","F","F","F","F",0,0,0,0,0,0,0,0,0,0,F,F,"1978BAL.EVA.regular.event.csv",2012
"BAL197806140","CAL",1,1,1,0,0,"",0,0,"dauer001","?","dauer001","?","bretk101","?","bretk101","?","downb001","fairr101","gricb001","jackr002","chald101","rudij101","bostl101","landk001","","","","8","F","F",5,2,2,"T","T",0,"F","F",1,"F","F",0,"F","F",8,"F","F","F","",0,0,"N",0,"N",0,"N",0,0,0,0,"8","","","","F","F","F","F","F","F","F","F","F","","","","F","F","F","F","F","","","","",0,8,0,0,0,0,0,0,0,7,"BAL","BAL","CAL",1,"F","F",0,0,0,1,1,"T","F",0,0,"T","T","singk001","murre001","T","T",0,0,0,0,0,0,0,0,0,"","","",0,0,0,0,0,0,0,0,0,0,0,0,0,"bostl101","F","F","F","F",0,0,0,0,0,0,0,0,0,0,F,F,"1978BAL.EVA.regular.event.csv",2013
"BAL197806140","CAL",1,1,2,0,0,"",0,0,"singk001","?","singk001","?","bretk101","?","bretk101","?","downb001","fairr101","gricb001","jackr002","chald101","rudij101","bostl101","landk001","","","","W","F","F",9,3,14,"T","F",0,"F","F",0,"F","F",0,"F","F",0,"","F","F","",0,0,"N",0,"N",0,"N",1,0,0,0,"","","","","F","F","F","F","F","F","F","F","F","","","","F","F","F","F","F","","","","",0,0,0,0,0,0,0,0,0,8,"BAL","BAL","CAL",1,"F","F",0,0,0,2,2,"T","F",0,1,"T","T","murre001","may-l101","T","T",0,0,0,0,0,0,0,0,0,"","","",0,0,0,0,0,0,0,0,0,0,0,0,0,"","F","F","F","F",0,0,0,0,0,0,0,0,0,0,F,F,"1978BAL.EVA.regular.event.csv",2014
"BAL197806140","CAL",1,1,2,0,0,"",0,0,"murre001","?","murre001","?","bretk101","?","bretk101","?","downb001","fairr101","gricb001","jackr002","chald101","rudij101","bostl101","landk001","singk001","","","3/G","F","F",3,4,2,"T","T",0,"F","F",1,"F","F",0,"F","F",3,"G","F","F","",0,0,"N",0,"N",0,"N",0,1,0,0,"3","","","","F","F","F","F","F","F","F","F","F","bretk101","","","F","F","F","F","F","","","","",0,3,0,0,0,0,0,0,0,9,"BAL","BAL","CAL",1,"F","T",0,0,0,3,3,"T","F",1,1,"T","T","may-l101","moraa101","T","T",9,3,8,0,0,0,0,0,0,"downb001","","",0,0,0,0,0,0,0,0,0,0,0,0,0,"fairr101","F","F","F","F",0,0,0,0,0,0,0,0,0,0,F,F,"1978BAL.EVA.regular.event.csv",2015
"BAL197806140","CAL",2,0,0,0,0,"",0,0,"fairr101","?","fairr101","?","palmj001","?","palmj001","?","dempr001","murre001","smitb101","dauer001","belam101","moraa101","lopec101","singk001","","","","K","T","F",3,6,3,"T","T",0,"F","F",1,"F","F",0,"F","F",0,"","F","F","",0,0,"N",0,"N",0,"N",0,0,0,0,"2","","","","F","F","F","F","F","F","F","F","F","","","","F","F","F","F","F","","","","",0,2,0,0,0,0,0,0,0,10,"BAL","CAL","BAL",0,"T","F",0,0,0,5,0,"T","F",0,0,"T","T","jackr002","chald101","T","T",0,0,0,0,0,0,0,0,0,"","","",0,0,0,0,0,0,0,0,0,0,0,0,0,"","F","F","F","F",0,0,0,0,0,0,0,0,0,0,F,F,"1978BAL.EVA.regular.event.csv",2016
"BAL197806140","CAL",2,0,1,0,0,"",0,0,"jackr002","?","jackr002","?","palmj001","?","palmj001","?","dempr001","murre001","smitb101","dauer001","belam101","moraa101","lopec101","singk001","","","","9","F","F",5,7,2,"T","T",0,"F","F",1,"F","F",0,"F","F",9,"F","F","F","",0,0,"N",0,"N",0,"N",0,0,0,0,"9","","","","F","F","F","F","F","F","F","F","F","","","","F","F","F","F","F","","","","",0,9,0,0,0,0,0,0,0,11,"BAL","CAL","BAL",0,"F","F",0,0,0,6,1,"T","F",0,0,"T","T","chald101","downb001","T","T",0,0,0,0,0,0,0,0,0,"","","",0,0,0,0,0,0,0,0,0,0,0,0,0,"singk001","F","F","F","F",0,0,0,0,0,0,0,0,0,0,F,F,"1978BAL.EVA.regular.event.csv",2017
"BAL197806140","CAL",2,0,2,0,0,"",0,0,"chald101","?","chald101","?","palmj001","?","palmj001","?","dempr001","murre001","smitb101","dauer001","belam101","moraa101","lopec101","singk001","","","","W","F","F",6,8,14,"T","F",0,"F","F",0,"F","F",0,"F","F",0,"","F","F","",0,0,"N",0,"N",0,"N",1,0,0,0,"","","","","F","F","F","F","F","F","F","F","F","","","","F","F","F","F","F","","","","",0,0,0,0,0,0,0,0,0,12,"BAL","CAL","BAL",0,"F","F",0,0,0,7,2,"T","F",0,1,"T","T","downb001","landk001","T","T",0,0,0,0,0,0,0,0,0,"","","",0,0,0,0,0,0,0,0,0,0,0,0,0,"","F","F","F","F",0,0,0,0,0,0,0,0,0,0,F,F,"1978BAL.EVA.regular.event.csv",2018
"BAL197806140","CAL",2,0,2,0,0,"",0,0,"downb001","?","downb001","?","palmj001","?","palmj001","?","dempr001","murre001","smitb101","dauer001","belam101","moraa101","lopec101","singk001","chald101","","","9","F","F",2,9,2,"T","T",0,"F","F",1,"F","F",0,"F","F",9,"F","F","F","",0,0,"N",0,"N",0,"N",0,1,0,0,"9","","","","F","F","F","F","F","F","F","F","F","palmj001","","","F","F","F","F","F","","","","",0,9,0,0,0,0,0,0,0,13,"BAL","CAL","BAL",0,"F","T",0,0,0,8,3,"T","F",1,1,"T","T","landk001","gricb001","T","T",6,8,12,0,0,0,0,0,0,"dempr001","","",0,0,0,0,0,0,0,0,0,0,0,0,0,"singk001","F","F","F","F",0,0,0,0,0,0,0,0,0,0,F,F,"1978BAL.EVA.regular.event.csv",2019
"BAL197806140","CAL",2,1,0,0,0,"",0,0,"may-l101","?","may-l101","?","bretk101","?","bretk101","?","downb001","fairr101","gricb001","jackr002","chald101","rudij101","bostl101","landk001","","","","63","T","F",10,5,2,"T","T",0,"F","F",1,"F","F",0,"F","F",6,"G","F","F","",0,0,"N",0,"N",0,"N",0,0,0,0,"63","","","","F","F","F","F","F","F","F","F","F","","","","F","F","F","F","F","","","","",0,3,0,0,6,0,0,0,0,14,"BAL","BAL","CAL",1,"T","F",0,0,0,4,0,"T","F",0,0,"T","T","moraa101","lopec101","T","T",0,0,0,0,0,0,0,0,0,"","","",0,0,0,0,0,0,0,0,0,0,0,0,0,"chald101","F","F","F","F",0,0,0,0,0,0,0,0,0,0,F,F,"1978BAL.EVA.regular.event.csv",2020
"BAL197806140","CAL",2,1,1,0,0,"",0,0,"moraa101","?","moraa101","?","bretk101","?","bretk101","?","downb001","fairr101","gricb001","jackr002","chald101","rudij101","bostl101","landk001","","","","D9","F","F",7,6,21,"T","T",2,"F","F",0,"F","F",0,"F","F",9,"","F","F","",0,0,"N",0,"N",0,"N",2,0,0,0,"","","","","F","F","F","F","F","F","F","F","F","","","","F","F","F","F","F","","","","",0,0,0,0,0,0,0,0,0,15,"BAL","BAL","CAL",1,"F","F",0,0,0,5,1,"T","F",0,2,"T","T","lopec101","dempr001","T","T",0,0,0,0,0,0,0,0,0,"","","",0,0,0,0,0,0,0,0,0,0,0,0,0,"landk001","F","F","F","F",0,0,0,0,0,0,0,0,0,0,F,F,"1978BAL.EVA.regular.event.csv",2021
"BAL197806140","CAL",2,1,1,0,0,"",0,0,"lopec101","?","lopec101","?","bretk101","?","bretk101","?","downb001","fairr101","gricb001","jackr002","chald101","rudij101","bostl101","landk001","","moraa101","","K","F","F",8,7,3,"T","T",0,"F","F",1,"F","F",0,"F","F",0,"","F","F","",0,0,"N",0,"N",0,"N",0,0,2,0,"2","","","","F","F","F","F","F","F","F","F","F","","bretk101","","F","F","F","F","F","","","","",0,2,0,0,0,0,0,0,0,16,"BAL","BAL","CAL",1,"F","F",0,0,0,6,2,"T","F",2,2,"T","T","dempr001","smitb101","T","T",0,0,0,7,6,15,0,0,0,"","downb001","",0,0,0,0,0,0,0,0,0,0,0,0,0,"","F","F","F","F",0,0,0,0,0,0,0,0,0,0,F,F,"1978BAL.EVA.regular.event.csv",2022
"BAL197806140","CAL",2,1,2,0,0,"",0,0,"dempr001","?","dempr001","?","bretk101","?","bretk101","?","downb001","fairr101","gricb001","jackr002","chald101","rudij101","bostl101","landk001","","moraa101","","S6.2-3","F","F",2,8,20,"T","T",1,"F","F",0,"F","F",0,"F","F",6,"","F","F","",0,0,"N",0,"N",0,"N",1,0,3,0,"","","","","F","F","F","F","F","F","F","F","F","","bretk101","","F","F","F","F","F","","","","",0,0,0,0,0,0,0,0,0,17,"BAL","BAL","CAL",1,"F","F",0,0,0,7,3,"T","F",2,5,"T","T","smitb101","belam101","T","T",0,0,0,7,6,15,0,0,0,"","downb001","",0,0,0,0,0,0,0,0,0,0,0,0,0,"chald101","F","F","F","F",0,0,0,0,0,0,0,0,0,0,F,F,"1978BAL.EVA.regular.event.csv",2023
"BAL197806140","CAL",2,1,2,0,0,"",0,0,"smitb101","?","smitb101","?","bretk101","?","bretk101","?","downb001","fairr101","gricb001","jackr002","chald101","rudij101","bostl101","landk001","dempr001","","moraa101","8/L","F","F",4,9,2,"T","T",0,"F","F",1,"F","F",0,"F","F",8,"L","F","F","",0,0,"N",0,"N",0,"N",0,1,0,3,"8","","","","F","F","F","F","F","F","F","F","F","bretk101","","bretk101","F","F","F","F","F","","","","",0,8,0,0,0,0,0,0,0,18,"BAL","BAL","CAL",1,"F","T",0,0,0,8,4,"T","F",5,5,"T","T","belam101","dauer001","T","T",2,8,17,0,0,0,7,6,15,"downb001","","downb001",0,0,0,0,0,0,0,0,0,0,0,0,0,"bostl101","F","F","F","F",0,0,0,0,0,0,0,0,0,0,F,F,"1978BAL.EVA.regular.event.csv",2024
"BAL197806140","CAL",3,0,0,0,0,"",0,0,"landk001","?","landk001","?","palmj001","?","palmj001","?","dempr001","murre001","smitb101","dauer001","belam101","moraa101","lopec101","singk001","","","","13","T","F",9,1,2,"T","T",0,"F","F",1,"F","F",0,"F","F",1,"G","F","F","",0,0,"N",0,"N",0,"N",0,0,0,0,"13","","","","F","F","F","F","F","F","F","F","F","","","","F","F","F","F","F","","","","",0,3,0,0,1,0,0,0,0,19,"BAL","CAL","BAL",0,"T","F",0,0,0,9,0,"T","F",0,0,"T","T","gricb001","bostl101","T","T",0,0,0,0,0,0,0,0,0,"","","",0,0,0,0,0,0,0,0,0,0,0,0,0,"palmj001","F","F","F","F",0,0,0,0,0,0,0,0,0,0,F,F,"1978BAL.EVA.regular.event.csv",2025
"BAL197806140","CAL",3,0,1,0,0,"",0,0,"gricb001","?","gricb001","?","palmj001","?","palmj001","?","dempr001","murre001","smitb101","dauer001","belam101","moraa101","lopec101","singk001","","","","63","F","F",4,2,2,"T","T",0,"F","F",1,"F","F",0,"F","F",6,"G","F","F","",0,0,"N",0,"N",0,"N",0,0,0,0,"63","","","","F","F","F","F","F","F","F","F","F","","","","F","F","F","F","F","","","","",0,3,0,0,6,0,0,0,0,20,"BAL","CAL","BAL",0,"F","F",0,0,0,10,1,"T","F",0,0,"T","T","bostl101","rudij101","T","T",0,0,0,0,0,0,0,0,0,"","","",0,0,0,0,0,0,0,0,0,0,0,0,0,"belam101","F","F","F","F",0,0,0,0,0,0,0,0,0,0,F,F,"1978BAL.EVA.regular.event.csv",2026
"BAL197806140","CAL",3,0,2,0,0,"",0,0,"bostl101","?","bostl101","?","palmj001","?","palmj001","?","dempr001","murre001","smitb101","dauer001","belam101","moraa101","lopec101","singk001","","","","W","F","F",8,3,14,"T","F",0,"F","F",0,"F","F",0,"F","F",0,"","F","F","",0,0,"N",0,"N",0,"N",1,0,0,0,"","","","","F","F","F","F","F","F","F","F","F","","","","F","F","F","F","F","","","","",0,0,0,0,0,0,0,0,0,21,"BAL","CAL","BAL",0,"F","F",0,0,0,11,2,"T","F",0,1,"T","T","rudij101","bayld001","T","T",0,0,0,0,0,0,0,0,0,"","","",0,0,0,0,0,0,0,0,0,0,0,0,0,"","F","F","F","F",0,0,0,0,0,0,0,0,0,0,F,F,"1978BAL.EVA.regular.event.csv",2027
"BAL197806140","CAL",3,0,2,0,0,"",0,0,"rudij101","?","rudij101","?","palmj001","?","palmj001","?","dempr001","murre001","smitb101","dauer001","belam101","moraa101","lopec101","singk001","bostl101","","","7/L","F","F",7,4,2,"T","T",0,"F","F",1,"F","F",0,"F","F",7,"L","F","F","",0,0,"N",0,"N",0,"N",0,1,0,0,"7","","","","F","F","F","F","F","F","F","F","F","palmj001","","","F","F","F","F","F","","","","",0,7,0,0,0,0,0,0,0,22,"BAL","CAL","BAL",0,"F","T",0,0,0,12,3,"T","F",1,1,"T","T","bayld001","fairr101","T","T",8,3,21,0,0,0,0,0,0,"dempr001","","",0,0,0,0,0,0,0,0,0,0,0,0,0,"moraa101","F","F","F","F",0,0,0,0,0,0,0,0,0,0,F,F,"1978BAL.EVA.regular.event.csv",2028
"BAL197806140","CAL",3,1,0,0,0,"",0,0,"belam101","?","belam101","?","bretk101","?","bretk101","?","downb001","fairr101","gricb001","jackr002","chald101","rudij101","bostl101","landk001","","","","W","T","F",6,1,14,"T","F",0,"F","F",0,"F","F",0,"F","F",0,"","F","F","",0,0,"N",0,"N",0,"N",1,0,0,0,"","","","","F","F","F","F","F","F","F","F","F","","","","F","F","F","F","F","","","","",0,0,0,0,0,0,0,0,0,23,"BAL","BAL","CAL",1,"T","F",0,0,0,9,0,"T","F",0,1,"T","T","dauer001","singk001","T","T",0,0,0,0,0,0,0,0,0,"","","",0,0,0,0,0,0,0,0,0,0,0,0,0,"","F","F","F","F",4,0,0,0,3,0,0,0,0,0,F,F,"1978BAL.EVA.regular.event.csv",2029
"BAL197806140","CAL",3,1,0,0,0,"",0,0,"dauer001","?","dauer001","?","bretk101","?","bretk101","?","downb001","fairr101","gricb001","jackr002","chald101","rudij101","bostl101","landk001","belam101","","","S7.1-3","F","F",5,2,20,"T","T",1,"F","F",0,"F","F",0,"F","F",7,"","F","F","",0,0,"N",0,"N",0,"N",1,3,0,0,"","","","","F","F","F","F","F","F","F","F","F","bretk101","","","F","F","F","F","F","","","","",0,0,0,0,0,0,0,0,0,24,"BAL","BAL","CAL",1,"F","F",0,0,0,10,1,"T","F",1,5,"T","T","singk001","murre001","T","T",6,1,23,0,0,0,0,0,0,"downb001","","",0,0,0,0,0,0,0,0,0,0,0,0,0,"rudij101","F","F","F","F",0,4,0,0,3,0,0,0,0,0,F,F,"1978BAL.EVA.regular.event.csv",2030
"BAL197806140","CAL",3,1,0,0,0,"",0,0,"singk001","?","singk001","?","bretk101","?","bretk101","?","downb001","fairr101","gricb001","jackr002","chald101","rudij101","bostl101","landk001","dauer001","","belam101","64(1)/FO.3-H","F","F",9,3,2,"T","T",0,"F","F",1,"F","F",1,"F","F",6,"G","F","F","",0,0,"N",0,"N",0,"N",1,0,0,4,"","64","","","F","F","F","F","F","F","F","F","F","bretk101","","bretk101","F","F","F","F","F","","","","",0,4,0,0,6,0,0,0,0,25,"BAL","BAL","CAL",1,"F","F",0,0,0,11,2,"T","F",5,1,"T","T","murre001","may-l101","T","T",5,2,24,0,0,0,6,1,23,"downb001","","downb001",0,0,0,0,0,0,0,0,0,0,0,0,1,"chald101","T","F","F","F",4,0,0,4,2,0,0,0,0,0,F,F,"1978BAL.EVA.regular.event.csv",2031
"BAL197806140","CAL",3,1,1,0,0,"",0,1,"murre001","?","murre001","?","bretk101","?","bretk101","?","downb001","fairr101","gricb001","jackr002","chald101","rudij101","bostl101","landk001","singk001","","","6/L","F","F",3,4,2,"T","T",0,"F","F",1,"F","F",0,"F","F",6,"L","F","F","",0,0,"N",0,"N",0,"N",0,1,0,0,"6","","","","F","F","F","F","F","F","F","F","F","bretk101","","","F","F","F","F","F","","","","",0,6,0,0,0,0,0,0,0,26,"BAL","BAL","CAL",1,"F","F",1,0,1,12,3,"T","F",1,1,"T","T","may-l101","moraa101","T","T",9,3,25,0,0,0,0,0,0,"downb001","","",0,0,0,0,0,0,0,0,0,0,0,0,0,"chald101","F","F","F","F",0,4,0,0,2,0,0,0,0,0,F,F,"1978BAL.EVA.regular.event.csv",2032
"BAL197806140","CAL",3,1,2,0,0,"",0,1,"may-l101","?","may-l101","?","bretk101","?","bretk101","?","downb001","fairr101","gricb001","jackr002","chald101","rudij101","bostl101","landk001","singk001","","","S9.1-2","F","F",10,5,20,"T","T",1,"F","F",0,"F","F",0,"F","F",9,"","F","F","",0,0,"N",0,"N",0,"N",1,2,0,0,"","","","","F","F","F","F","F","F","F","F","F","bretk101","","","F","F","F","F","F","","","","",0,0,0,0,0,0,0,0,0,27,"BAL","BAL","CAL",1,"F","F",1,0,1,13,4,"T","F",1,3,"T","T","moraa101","lopec101","T","T",9,3,25,0,0,0,0,0,0,"downb001","","",0,0,0,0,0,0,0,0,0,0,0,0,0,"landk001","F","F","F","F",4,4,0,0,2,0,0,0,0,0,F,F,"1978BAL.EVA.regular.event.csv",2033
"BAL197806140","CAL",3,1,2,0,0,"",0,1,"moraa101","?","moraa101","?","bretk101","?","bretk101","?","downb001","fairr101","gricb001","jackr002","chald101","rudij101","bostl101","landk001","may-l101","singk001","","W.2-3;1-2","F","F",7,6,14,"T","F",0,"F","F",0,"F","F",0,"F","F",0,"","F","F","",0,0,"N",0,"N",0,"N",1,2,3,0,"","","","","F","F","F","F","F","F","F","F","F","bretk101","bretk101","","F","F","F","F","F","","","","",0,0,0,0,0,0,0,0,0,28,"BAL","BAL","CAL",1,"F","F",1,0,1,14,5,"T","F",3,7,"T","T","lopec101","dempr001","T","T",10,5,27,9,3,25,0,0,0,"downb001","downb001","",0,0,0,0,0,0,0,0,0,0,0,0,0,"","F","F","F","F",0,4,4,0,2,0,0,0,0,0,F,F,"1978BAL.EVA.regular.event.csv",2034
"BAL197806140","CAL",3,1,2,0,0,"",0,1,"lopec101","?","lopec101","?","bretk101","?","bretk101","?","downb001","fairr101","gricb001","jackr002","chald101","rudij101","bostl101","landk001","moraa101","may-l101","singk001","S8.3-H;2-H;1-3","F","F",8,7,20,"T","T",1,"F","F",0,"F","F",2,"F","F",8,"","F","F","",0,0,"N",0,"N",0,"N",1,3,4,4,"","","","","F","F","F","F","F","F","F","F","F","bretk101","bretk101","bretk101","F","F","F","F","F","","","","",0,0,0,0,0,0,0,0,0,29,"BAL","BAL","CAL",1,"F","F",1,0,1,15,6,"T","F",7,5,"T","T","dempr001","smitb101","T","T",7,6,28,10,5,27,9,3,25,"downb001","downb001","downb001",0,0,0,0,0,0,0,0,0,0,0,0,2,"bostl101","F","F","F","F",0,0,4,4,0,0,0,0,0,0,F,F,"1978BAL.EVA.regular.event.csv",2035
"BAL197806140","CAL",3,1,2,0,0,"",0,3,"dempr001","?","dempr001","?","bretk101","?","bretk101","?","downb001","fairr101","gricb001","jackr002","chald101","rudij101","bostl101","landk001","lopec101","","moraa101","6","F","F",2,8,2,"T","T",0,"F","F",1,"F","F",0,"F","F",6,"F","F","F","",0,0,"N",0,"N",0,"N",0,1,0,3,"6","","","","F","F","F","F","F","F","F","F","F","bretk101","","bretk101","F","F","F","F","F","","","","",0,6,0,0,0,0,0,0,0,30,"BAL","BAL","CAL",1,"F","T",3,0,3,16,7,"T","F",5,5,"T","T","smitb101","belam101","T","T",8,7,29,0,0,0,7,6,28,"downb001","","downb001",0,0,0,0,0,0,0,0,0,0,0,0,0,"chald101","F","F","F","F",0,0,0,0,0,0,0,0,0,0,F,F,"1978BAL.EVA.regular.event.csv",2036
"BAL197806140","CAL",4,0,0,0,0,"",0,3,"bayld001","?","bayld001","?","palmj001","?","palmj001","?","dempr001","murre001","smitb101","dauer001","belam101","moraa101","lopec101","singk001","","","","K","T","F",10,5,3,"T","T",0,"F","F",1,"F","F",0,"F","F",0,"","F","F","",0,0,"N",0,"N",0,"N",0,0,0,0,"2","","","","F","F","F","F","F","F","F","F","F","","","","F","F","F","F","F","","","","",0,2,0,0,0,0,0,0,0,31,"BAL","CAL","BAL",0,"T","F",0,3,0,13,0,"T","F",0,0,"T","T","fairr101","jackr002","T","T",0,0,0,0,0,0,0,0,0,"","","",0,0,0,0,0,0,0,0,0,0,0,0,0,"","F","F","F","F",0,0,0,0,0,0,0,0,0,0,F,F,"1978BAL.EVA.regular.event.csv",2037
"BAL197806140","CAL",4,0,1,0,0,"",0,3,"fairr101","?","fairr101","?","palmj001","?","palmj001","?","dempr001","murre001","smitb101","dauer001","belam101","moraa101","lopec101","singk001","","","","9","F","F",3,6,2,"T","T",0,"F","F",1,"F","F",0,"F","F",9,"F","F","F","",0,0,"N",0,"N",0,"N",0,0,0,0,"9","","","","F","F","F","F","F","F","F","F","F","","","","F","F","F","F","F","","","","",0,9,0,0,0,0,0,0,0,32,"BAL","CAL","BAL",0,"F","F",0,3,0,14,1,"T","F",0,0,"T","T","jackr002","chald101","T","T",0,0,0,0,0,0,0,0,0,"","","",0,0,0,0,0,0,0,0,0,0,0,0,0,"singk001","F","F","F","F",0,0,0,0,0,0,0,0,0,0,F,F,"1978BAL.EVA.regular.event.csv",2038
"BAL197806140","CAL",4,0,2,0,0,"",0,3,"jackr002","?","jackr002","?","palmj001","?","palmj001","?","dempr001","murre001","smitb101","dauer001","belam101","moraa101","lopec101","singk001","","","","63","F","F",5,7,2,"T","T",0,"F","F",1,"F","F",0,"F","F",6,"G","F","F","",0,0,"N",0,"N",0,"N",0,0,0,0,"63","","","","F","F","F","F","F","F","F","F","F","","","","F","F","F","F","F","","","","",0,3,0,0,6,0,0,0,0,33,"BAL","CAL","BAL",0,"F","T",0,3,0,15,2,"T","F",0,0,"T","T","chald101","downb001","T","T",0,0,0,0,0,0,0,0,0,"","","",0,0,0,0,0,0,0,0,0,0,0,0,0,"belam101","F","F","F","F",0,0,0,0,0,0,0,0,0,0,F,F,"1978BAL.EVA.regular.event.csv",2039
"BAL197806140","CAL",4,1,0,0,0,"",0,3,"smitb101","?","smitb101","?","bretk101","?","bretk101","?","downb001","fairr101","gricb001","jackr002","chald101","rudij101","bostl101","landk001","","","","HR/7","T","F",4,9,23,"T","T",4,"F","F",0,"F","F",1,"F","F",0,"","F","F","7",0,0,"N",0,"N",0,"N",4,0,0,0,"","","","","F","F","F","F","F","F","F","F","F","","","","F","F","F","F","F","","","","",0,0,0,0,0,0,0,0,0,34,"BAL","BAL","CAL",1,"T","F",3,0,0,17,0,"T","F",0,0,"T","T","belam101","dauer001","T","T",0,0,0,0,0,0,0,0,0,"","","",0,0,0,0,0,0,0,0,0,0,0,0,1,"","F","F","F","F",4,0,0,0,1,0,0,0,0,0,F,F,"1978BAL.EVA.regular.event.csv",2040
"BAL197806140","CAL",4,1,0,0,0,"",0,4,"belam101","?","belam101","?","bretk101","?","bretk101","?","downb001","fairr101","gricb001","jackr002","chald101","rudij101","bostl101","landk001","","","","W","F","F",6,1,14,"T","F",0,"F","F",0,"F","F",0,"F","F",0,"","F","F","",0,0,"N",0,"N",0,"N",1,0,0,0,"","","","","F","F","F","F","F","F","F","F","F","","","","F","F","F","F","F","","","","",0,0,0,0,0,0,0,0,0,35,"BAL","BAL","CAL",1,"F","F",4,0,1,18,1,"T","F",0,1,"T","T","dauer001","singk001","T","T",0,0,0,0,0,0,0,0,0,"","","",0,0,0,0,0,0,0,0,0,0,0,0,0,"","F","F","F","F",4,0,0,0,1,0,0,0,0,0,F,F,"1978BAL.EVA.regular.event.csv",2041
"BAL197806140","CAL",4,1,0,0,0,"",0,4,"dauer001","?","dauer001","?","milld101","?","milld101","?","downb001","fairr101","gricb001","jackr002","chald101","rudij101","bostl101","landk001","belam101","","","S.1-3","F","F",5,2,20,"T","T",1,"F","F",0,"F","F",0,"F","F",0,"","F","F","",0,0,"N",0,"N",0,"N",1,3,0,0,"","","","","F","F","F","F","F","F","F","F","F","bretk101","","","F","F","F","F","F","","","","",0,0,0,0,0,0,0,0,0,36,"BAL","BAL","CAL",1,"F","F",4,0,1,19,2,"T","F",1,5,"T","T","singk001","murre001","F","F",6,1,35,0,0,0,0,0,0,"downb001","","",0,0,0,0,0,0,0,0,0,0,0,0,0,"","F","F","F","F",0,4,0,0,1,0,0,0,0,0,F,F,"1978BAL.EVA.regular.event.csv",2042
"BAL197806140","CAL",4,1,0,0,0,"",0,4,"singk001","?","singk001","?","milld101","?","milld101","?","downb001","fairr101","gricb001","jackr002","chald101","rudij101","bostl101","landk001","dauer001","","belam101","4(1)3/GDP.3-H(NR)","F","F",9,3,2,"T","T",0,"F","F",2,"T","F",0,"F","F",4,"G","F","F","",0,0,"N",0,"N",0,"N",0,0,0,4,"43","4","","","F","F","F","F","F","F","F","F","F","milld101","","bretk101","F","F","F","F","F","","","","",0,4,3,0,4,0,0,0,0,37,"BAL","BAL","CAL",1,"F","F",4,0,1,20,3,"T","F",5,0,"T","T","murre001","may-l101","F","F",5,2,36,0,0,0,6,1,35,"downb001","","downb001",0,0,0,0,0,0,0,0,0,0,0,0,1,"gricb001","T","F","F","F",0,0,0,4,0,0,0,0,0,0,F,F,"1978BAL.EVA.regular.event.csv",2043
"BAL197806140","CAL",4,1,2,0,0,"",0,5,"murre001","?","murre001","?","milld101","?","milld101","?","downb001","fairr101","gricb001","jackr002","chald101","rudij101","bostl101","landk001","","","","W","F","F",3,4,14,"T","F",0,"F","F",0,"F","F",0,"F","F",0,"","F","F","",0,0,"N",0,"N",0,"N",1,0,0,0,"","","","","F","F","F","F","F","F","F","F","F","","","","F","F","F","F","F","","","","",0,0,0,0,0,0,0,0,0,38,"BAL","BAL","CAL",1,"F","F",5,0,2,21,4,"T","F",0,1,"T","T","may-l101","moraa101","F","F",0,0,0,0,0,0,0,0,0,"","","",0,0,0,0,0,0,0,0,0,0,0,0,0,"","F","F","F","F",0,0,0,0,0,0,0,0,0,0,F,F,"1978BAL.EVA.regular.event.csv",2044
"BAL197806140","CAL",4,1,2,0,0,"",0,5,"may-l101","?","may-l101","?","milld101","?","milld101","?","downb001","fairr101","gricb001","jackr002","chald101","rudij101","bostl101","landk001","murre001","","","9","F","F",10,5,2,"T","T",0,"F","F",1,"F","F",0,"F","F",9,"F","F","F","",0,0,"N",0,"N",0,"N",0,1,0,0,"9","","","","F","F","F","F","F","F","F","F","F","milld101","","","F","F","F","F","F","","","","",0,9,0,0,0,0,0,0,0,39,"BAL","BAL","CAL",1,"F","T",5,0,2,22,5,"T","F",1,1,"T","T","moraa101","lopec101","F","F",3,4,38,0,0,0,0,0,0,"downb001","","",0,0,0,0,0,0,0,0,0,0,0,0,0,"landk001","F","F","F","F",0,0,0,0,0,0,0,0,0,0,F,F,"1978BAL.EVA.regular.event.csv",2045
"BAL197806140","CAL",5,0,0,0,0,"",0,5,"chald101","?","chald101","?","palmj001","?","palmj001","?","dempr001","murre001","smitb101","dauer001","belam101","moraa101","lopec101","singk001","","","","9","T","F",6,8,2,"T","T",0,"F","F",1,"F","F",0,"F","F",9,"F","F","F","",0,0,"N",0,"N",0,"N",0,0,0,0,"9","","","","F","F","F","F","F","F","F","F","F","","","","F","F","F","F","F","","","","",0,9,0,0,0,0,0,0,0,40,"BAL","CAL","BAL",0,"T","F",0,5,0,16,0,"T","F",0,0,"T","T","downb001","landk001","T","T",0,0,0,0,0,0,0,0,0,"","","",0,0,0,0,0,0,0,0,0,0,0,0,0,"singk001","F","F","F","F",0,0,0,0,0,0,0,0,0,0,F,F,"1978BAL.EVA.regular.event.csv",2046
"BAL197806140","CAL",5,0,1,0,0,"",0,5,"downb001","?","downb001","?","palmj001","?","palmj001","?","dempr001","murre001","smitb101","dauer001","belam101","moraa101","lopec101","singk001","","","","53","F","F",2,9,2,"T","T",0,"F","F",1,"F","F",0,"F","F",5,"G","F","F","",0,0,"N",0,"N",0,"N",0,0,0,0,"53","","","","F","F","F","F","F","F","F","F","F","","","","F","F","F","F","F","","","","",0,3,0,0,5,0,0,0,0,41,"BAL","CAL","BAL",0,"F","F",0,5,0,17,1,"T","F",0,0,"T","T","landk001","gricb001","T","T",0,0,0,0,0,0,0,0,0,"","","",0,0,0,0,0,0,0,0,0,0,0,0,0,"dauer001","F","F","F","F",0,0,0,0,0,0,0,0,0,0,F,F,"1978BAL.EVA.regular.event.csv",2047
"BAL197806140","CAL",5,0,2,0,0,"",0,5,"landk001","?","landk001","?","palmj001","?","palmj001","?","dempr001","murre001","smitb101","dauer001","belam101","moraa101","lopec101","singk001","","","","S7","F","F",9,1,20,"T","T",1,"F","F",0,"F","F",0,"F","F",7,"","F","F","",0,0,"N",0,"N",0,"N",1,0,0,0,"","","","","F","F","F","F","F","F","F","F","F","","","","F","F","F","F","F","","","","",0,0,0,0,0,0,0,0,0,42,"BAL","CAL","BAL",0,"F","F",0,5,0,18,2,"T","F",0,1,"T","T","gricb001","bostl101","T","T",0,0,0,0,0,0,0,0,0,"","","",0,0,0,0,0,0,0,0,0,0,0,0,0,"moraa101","F","F","F","F",0,0,0,0,0,0,0,0,0,0,F,F,"1978BAL.EVA.regular.event.csv",2048
"BAL197806140","CAL",5,0,2,0,0,"",0,5,"gricb001","?","gricb001","?","palmj001","?","palmj001","?","dempr001","murre001","smitb101","dauer001","belam101","moraa101","lopec101","singk001","landk001","","","K/C","F","F",4,2,3,"T","T",0,"F","F",1,"F","F",0,"F","F",0,"","F","F","",0,0,"N",0,"N",0,"N",0,1,0,0,"2","","","","F","F","F","F","F","F","F","F","F","palmj001","","","F","F","F","F","F","","","","",0,2,0,0,0,0,0,0,0,43,"BAL","CAL","BAL",0,"F","T",0,5,0,19,3,"T","F",1,1,"T","T","bostl101","rudij101","T","T",9,1,42,0,0,0,0,0,0,"dempr001","","",0,0,0,0,0,0,0,0,0,0,0,0,0,"","F","F","F","F",0,0,0,0,0,0,0,0,0,0,F,F,"1978BAL.EVA.regular.event.csv",2049
"BAL197806140","CAL",5,1,0,0,0,"",0,5,"moraa101","?","moraa101","?","milld101","?","milld101","?","downb001","fairr101","gricb001","jackr002","chald101","rudij101","bostl101","landk001","","","","K","T","F",7,6,3,"T","T",0,"F","F",1,"F","F",0,"F","F",0,"","F","F","",0,0,"N",0,"N",0,"N",0,0,0,0,"2","","","","F","F","F","F","F","F","F","F","F","","","","F","F","F","F","F","","","","",0,2,0,0,0,0,0,0,0,44,"BAL","BAL","CAL",1,"T","F",5,0,0,23,0,"T","F",0,0,"T","T","lopec101","dempr001","F","F",0,0,0,0,0,0,0,0,0,"","","",0,0,0,0,0,0,0,0,0,0,0,0,0,"","F","F","F","F",0,0,0,0,0,0,0,0,0,0,F,F,"1978BAL.EVA.regular.event.csv",2050
"BAL197806140","CAL",5,1,1,0,0,"",0,5,"lopec101","?","lopec101","?","milld101","?","milld101","?","downb001","fairr101","gricb001","jackr002","chald101","rudij101","bostl101","landk001","","","","8","F","F",8,7,2,"T","T",0,"F","F",1,"F","F",0,"F","F",8,"F","F","F","",0,0,"N",0,"N",0,"N",0,0,0,0,"8","","","","F","F","F","F","F","F","F","F","F","","","","F","F","F","F","F","","","","",0,8,0,0,0,0,0,0,0,45,"BAL","BAL","CAL",1,"F","F",5,0,0,24,1,"T","F",0,0,"T","T","dempr001","smitb101","F","F",0,0,0,0,0,0,0,0,0,"","","",0,0,0,0,0,0,0,0,0,0,0,0,0,"bostl101","F","F","F","F",0,0,0,0,0,0,0,0,0,0,F,F,"1978BAL.EVA.regular.event.csv",2051
"BAL197806140","CAL",5,1,2,0,0,"",0,5,"dempr001","?","dempr001","?","milld101","?","milld101","?","downb001","fairr101","gricb001","jackr002","chald101","rudij101","bostl101","landk001","","","","K/C","F","F",2,8,3,"T","T",0,"F","F",1,"F","F",0,"F","F",0,"","F","F","",0,0,"N",0,"N",0,"N",0,0,0,0,"2","","","","F","F","F","F","F","F","F","F","F","","","","F","F","F","F","F","","","","",0,2,0,0,0,0,0,0,0,46,"BAL","BAL","CAL",1,"F","T",5,0,0,25,2,"T","F",0,0,"T","T","smitb101","belam101","F","F",0,0,0,0,0,0,0,0,0,"","","",0,0,0,0,0,0,0,0,0,0,0,0,0,"","F","F","F","F",0,0,0,0,0,0,0,0,0,0,F,F,"1978BAL.EVA.regular.event.csv",2052
"BAL197806140","CAL",6,0,0,0,0,"",0,5,"bostl101","?","bostl101","?","palmj001","?","palmj001","?","dempr001","murre001","smitb101","dauer001","belam101","moraa101","lopec101","singk001","","","","S8","T","F",8,3,20,"T","T",1,"F","F",0,"F","F",0,"F","F",8,"","F","F","",0,0,"N",0,"N",0,"N",1,0,0,0,"","","","","F","F","F","F","F","F","F","F","F","","","","F","F","F","F","F","","","","",0,0,0,0,0,0,0,0,0,47,"BAL","CAL","BAL",0,"T","F",0,5,0,20,0,"T","F",0,1,"T","T","rudij101","bayld001","T","T",0,0,0,0,0,0,0,0,0,"","","",0,0,0,0,0,0,0,0,0,0,0,0,0,"lopec101","F","F","F","F",0,0,0,0,0,0,0,0,0,0,F,F,"1978BAL.EVA.regular.event.csv",2053
"BAL197806140","CAL",6,0,0,0,0,"",0,5,"rudij101","?","rudij101","?","palmj001","?","palmj001","?","dempr001","murre001","smitb101","dauer001","belam101","moraa101","lopec101","singk001","bostl101","","","54(1)/FO","F","F",7,4,2,"T","T",0,"F","F",1,"F","F",0,"F","F",5,"G","F","F","",0,0,"N",0,"N",0,"N",1,0,0,0,"","54","","","F","F","F","F","F","F","F","F","F","palmj001","","","F","F","F","F","F","","","","",0,4,0,0,5,0,0,0,0,48,"BAL","CAL","BAL",0,"F","F",0,5,0,21,1,"T","F",1,1,"T","T","bayld001","fairr101","T","T",8,3,47,0,0,0,0,0,0,"dempr001","","",0,0,0,0,0,0,0,0,0,0,0,0,0,"dauer001","T","F","F","F",0,0,0,0,0,0,0,0,0,0,F,F,"1978BAL.EVA.regular.event.csv",2054
"BAL197806140","CAL",6,0,1,0,0,"",0,5,"bayld001","?","bayld001","?","palmj001","?","palmj001","?","dempr001","murre001","smitb101","dauer001","belam101","moraa101","lopec101","singk001","rudij101","","","K/C","F","F",10,5,3,"T","T",0,"F","F",1,"F","F",0,"F","F",0,"","F","F","",0,0,"N",0,"N",0,"N",0,1,0,0,"2","","","","F","F","F","F","F","F","F","F","F","palmj001","","","F","F","F","F","F","","","","",0,2,0,0,0,0,0,0,0,49,"BAL","CAL","BAL",0,"F","F",0,5,0,22,2,"T","F",1,1,"T","T","fairr101","jackr002","T","T",7,4,48,0,0,0,0,0,0,"dempr001","","",0,0,0,0,0,0,0,0,0,0,0,0,0,"","F","F","F","F",0,0,0,0,0,0,0,0,0,0,F,F,"1978BAL.EVA.regular.event.csv",2055
"BAL197806140","CAL",6,0,2,0,0,"",0,5,"fairr101","?","fairr101","?","palmj001","?","palmj001","?","dempr001","murre001","smitb101","dauer001","belam101","moraa101","lopec101","singk001","rudij101","","","S9.1-3","F","F",3,6,20,"T","T",1,"F","F",0,"F","F",0,"F","F",9,"","F","F","",0,0,"N",0,"N",0,"N",1,3,0,0,"","","","","F","F","F","F","F","F","F","F","F","palmj001","","","F","F","F","F","F","","","","",0,0,0,0,0,0,0,0,0,50,"BAL","CAL","BAL",0,"F","F",0,5,0,23,3,"T","F",1,5,"T","T","jackr002","chald101","T","T",7,4,48,0,0,0,0,0,0,"dempr001","","",0,0,0,0,0,0,0,0,0,0,0,0,0,"singk001","F","F","F","F",0,0,0,0,0,0,0,0,0,0,F,F,"1978BAL.EVA.regular.event.csv",2056
"BAL197806140","CAL",6,0,2,0,0,"",0,5,"jackr002","?","jackr002","?","palmj001","?","palmj001","?","dempr001","murre001","smitb101","dauer001","belam101","moraa101","lopec101","singk001","fairr101","","rudij101","3","F","F",5,7,2,"T","T",0,"F","F",1,"F","F",0,"F","F",3,"F","F","F","",0,0,"N",0,"N",0,"N",0,1,0,3,"3","","","","F","F","F","F","F","F","F","F","F","palmj001","","palmj001","F","F","F","F","F","","","","",0,3,0,0,0,0,0,0,0,51,"BAL","CAL","BAL",0,"F","T",0,5,0,24,4,"T","F",5,5,"T","T","chald101","downb001","T","T",3,6,50,0,0,0,7,4,48,"dempr001","","dempr001",0,0,0,0,0,0,0,0,0,0,0,0,0,"murre001","F","F","F","F",0,0,0,0,0,0,0,0,0,0,F,F,"1978BAL.EVA.regular.event.csv",2057
"BAL197806140","CAL",6,1,0,0,0,"",0,5,"smitb101","?","smitb101","?","milld101","?","milld101","?","downb001","fairr101","gricb001","jackr002","chald101","rudij101","bostl101","landk001","","","","8","T","F",4,9,2,"T","T",0,"F","F",1,"F","F",0,"F","F",8,"F","F","F","",0,0,"N",0,"N",0,"N",0,0,0,0,"8","","","","F","F","F","F","F","F","F","F","F","","","","F","F","F","F","F","","","","",0,8,0,0,0,0,0,0,0,52,"BAL","BAL","CAL",1,"T","F",5,0,0,26,0,"T","F",0,0,"T","T","belam101","dauer001","F","F",0,0,0,0,0,0,0,0,0,"","","",0,0,0,0,0,0,0,0,0,0,0,0,0,"bostl101","F","F","F","F",0,0,0,0,0,0,0,0,0,0,F,F,"1978BAL.EVA.regular.event.csv",2058
"BAL197806140","CAL",6,1,1,0,0,"",0,5,"belam101","?","belam101","?","milld101","?","milld101","?","downb001","fairr101","gricb001","jackr002","chald101","rudij101","bostl101","landk001","","","","9","F","F",6,1,2,"T","T",0,"F","F",1,"F","F",0,"F","F",9,"F","F","F","",0,0,"N",0,"N",0,"N",0,0,0,0,"9","","","","F","F","F","F","F","F","F","F","F","","","","F","F","F","F","F","","","","",0,9,0,0,0,0,0,0,0,53,"BAL","BAL","CAL",1,"F","F",5,0,0,27,1,"T","F",0,0,"T","T","dauer001","singk001","F","F",0,0,0,0,0,0,0,0,0,"","","",0,0,0,0,0,0,0,0,0,0,0,0,0,"landk001","F","F","F","F",0,0,0,0,0,0,0,0,0,0,F,F,"1978BAL.EVA.regular.event.csv",2059
"BAL197806140","CAL",6,1,2,0,0,"",0,5,"dauer001","?","dauer001","?","milld101","?","milld101","?","downb001","fairr101","gricb001","jackr002","chald101","rudij101","bostl101","landk001","","","","S8","F","F",5,2,20,"T","T",1,"F","F",0,"F","F",0,"F","F",8,"","F","F","",0,0,"N",0,"N",0,"N",1,0,0,0,"","","","","F","F","F","F","F","F","F","F","F","","","","F","F","F","F","F","","","","",0,0,0,0,0,0,0,0,0,54,"BAL","BAL","CAL",1,"F","F",5,0,0,28,2,"T","F",0,1,"T","T","singk001","murre001","F","F",0,0,0,0,0,0,0,0,0,"","","",0,0,0,0,0,0,0,0,0,0,0,0,0,"bostl101","F","F","F","F",0,0,0,0,0,0,0,0,0,0,F,F,"1978BAL.EVA.regular.event.csv",2060
"BAL197806140","CAL",6,1,2,0,0,"",0,5,"singk001","?","singk001","?","milld101","?","milld101","?","downb001","fairr101","gricb001","jackr002","chald101","rudij101","bostl101","landk001","dauer001","","","W.1-2","F","F",9,3,14,"T","F",0,"F","F",0,"F","F",0,"F","F",0,"","F","F","",0,0,"N",0,"N",0,"N",1,2,0,0,"","","","","F","F","F","F","F","F","F","F","F","milld101","","","F","F","F","F","F","","","","",0,0,0,0,0,0,0,0,0,55,"BAL","BAL","CAL",1,"F","F",5,0,0,29,3,"T","F",1,3,"T","T","murre001","may-l101","F","F",5,2,54,0,0,0,0,0,0,"downb001","","",0,0,0,0,0,0,0,0,0,0,0,0,0,"","F","F","F","F",0,0,0,0,0,0,0,0,0,0,F,F,"1978BAL.EVA.regular.event.csv",2061
"BAL197806140","CAL",6,1,2,0,0,"",0,5,"murre001","?","murre001","?","milld101","?","milld101","?","downb001","fairr101","gricb001","jackr002","chald101","rudij101","bostl101","landk001","singk001","dauer001","","3/G","F","F",3,4,2,"T","T",0,"F","F",1,"F","F",0,"F","F",3,"G","F","F","",0,0,"N",0,"N",0,"N",0,1,2,0,"3","","","","F","F","F","F","F","F","F","F","F","milld101","milld101","","F","F","F","F","F","","","","",0,3,0,0,0,0,0,0,0,56,"BAL","BAL","CAL",1,"F","T",5,0,0,30,4,"T","F",3,3,"T","T","may-l101","moraa101","F","F",9,3,55,5,2,54,0,0,0,"downb001","downb001","",0,0,0,0,0,0,0,0,0,0,0,0,0,"fairr101","F","F","F","F",0,0,0,0,0,0,0,0,0,0,F,F,"1978BAL.EVA.regular.event.csv",2062
"BAL197806140","CAL",7,0,0,0,0,"",0,5,"chald101","?","chald101","?","palmj001","?","palmj001","?","dempr001","murre001","smitb101","dauer001","belam101","moraa101","lopec101","singk001","","","","63","T","F",6,8,2,"T","T",0,"F","F",1,"F","F",0,"F","F",6,"G","F","F","",0,0,"N",0,"N",0,"N",0,0,0,0,"63","","","","F","F","F","F","F","F","F","F","F","","","","F","F","F","F","F","","","","",0,3,0,0,6,0,0,0,0,57,"BAL","CAL","BAL",0,"T","F",0,5,0,25,0,"T","F",0,0,"T","T","downb001","landk001","T","T",0,0,0,0,0,0,0,0,0,"","","",0,0,0,0,0,0,0,0,0,0,0,0,0,"belam101","F","F","F","F",0,0,0,0,2,0,0,0,0,0,F,F,"1978BAL.EVA.regular.event.csv",2063
"BAL197806140","CAL",7,0,1,0,0,"",0,5,"downb001","?","downb001","?","palmj001","?","palmj001","?","dempr001","murre001","smitb101","dauer001","belam101","moraa101","lopec101","singk001","","","","S9","F","F",2,9,20,"T","T",1,"F","F",0,"F","F",0,"F","F",9,"","F","F","",0,0,"N",0,"N",0,"N",1,0,0,0,"","","","","F","F","F","F","F","F","F","F","F","","","","F","F","F","F","F","","","","",0,0,0,0,0,0,0,0,0,58,"BAL","CAL","BAL",0,"F","F",0,5,0,26,1,"T","F",0,1,"T","T","landk001","gricb001","T","T",0,0,0,0,0,0,0,0,0,"","","",0,0,0,0,0,0,0,0,0,0,0,0,0,"singk001","F","F","F","F",4,0,0,0,2,0,0,0,0,0,F,F,"1978BAL.EVA.regular.event.csv",2064
"BAL197806140","CAL",7,0,1,0,0,"",0,5,"landk001","?","landk001","?","palmj001","?","palmj001","?","dempr001","murre001","smitb101","dauer001","belam101","moraa101","lopec101","singk001","downb001","","","W.1-2","F","F",9,1,14,"T","F",0,"F","F",0,"F","F",0,"F","F",0,"","F","F","",0,0,"N",0,"N",0,"N",1,2,0,0,"","","","","F","F","F","F","F","F","F","F","F","palmj001","","","F","F","F","F","F","","","","",0,0,0,0,0,0,0,0,0,59,"BAL","CAL","BAL",0,"F","F",0,5,0,27,2,"T","F",1,3,"T","T","gricb001","bostl101","T","T",2,9,58,0,0,0,0,0,0,"dempr001","","",0,0,0,0,0,0,0,0,0,0,0,0,0,"","F","F","F","F",5,4,0,0,2,0,0,0,0,0,F,F,"1978BAL.EVA.regular.event.csv",2065
"BAL197806140","CAL",7,0,1,0,0,"",0,5,"gricb001","?","gricb001","?","palmj001","?","palmj001","?","dempr001","murre001","smitb101","dauer001","belam101","moraa101","lopec101","singk001","landk001","downb001","","6","F","F",4,2,2,"T","T",0,"F","F",1,"F","F",0,"F","F",6,"F","F","F","",0,0,"N",0,"N",0,"N",0,1,2,0,"6","","","","F","F","F","F","F","F","F","F","F","palmj001","palmj001","","F","F","F","F","F","","","","",0,6,0,0,0,0,0,0,0,60,"BAL","CAL","BAL",0,"F","F",0,5,0,28,3,"T","F",3,3,"T","T","bostl101","rudij101","T","T",9,1,59,2,9,58,0,0,0,"dempr001","dempr001","",0,0,0,0,0,0,0,0,0,0,0,0,0,"belam101","F","F","F","F",0,5,4,0,2,0,0,0,0,0,F,F,"1978BAL.EVA.regular.event.csv",2066
"BAL197806140","CAL",7,0,2,0,0,"",0,5,"bostl101","?","bostl101","?","palmj001","?","palmj001","?","dempr001","murre001","smitb101","dauer001","belam101","moraa101","lopec101","singk001","landk001","downb001","","S8.2-H;1-H(E8)(NR)(UR)","F","F",8,3,20,"T","T",1,"F","F",0,"F","F",1,"F","F",8,"","F","F","",1,8,"F",0,"N",0,"N",1,5,4,0,"","","","","F","F","F","F","F","F","F","F","F","palmj001","palmj001","","F","F","F","F","F","","","","",0,0,0,0,0,0,0,0,0,61,"BAL","CAL","BAL",0,"F","F",0,5,0,29,4,"T","F",3,1,"T","T","rudij101","bayld001","T","T",9,1,59,2,9,58,0,0,0,"dempr001","dempr001","",0,0,0,0,0,0,0,0,0,0,0,0,2,"lopec101","F","F","F","F",0,5,4,0,0,0,0,0,0,0,F,F,"1978BAL.EVA.regular.event.csv",2067
"BAL197806140","CAL",7,0,2,0,0,"",2,5,"rudij101","?","rudij101","?","palmj001","?","palmj001","?","dempr001","murre001","smitb101","dauer001","belam101","moraa101","lopec101","singk001","bostl101","","","K","F","F",7,4,3,"T","T",0,"F","F",1,"F","F",0,"F","F",0,"","F","F","",0,0,"N",0,"N",0,"N",0,1,0,0,"2","","","","F","F","F","F","F","F","F","F","F","palmj001","","","F","F","F","F","F","","","","",0,2,0,0,0,0,0,0,0,62,"BAL","CAL","BAL",0,"F","T",2,5,2,30,5,"T","F",1,1,"T","T","bayld001","fairr101","T","T",8,3,61,0,0,0,0,0,0,"dempr001","","",0,0,0,0,0,0,0,0,0,0,0,0,0,"","F","F","F","F",0,0,0,0,0,0,0,0,0,0,F,F,"1978BAL.EVA.regular.event.csv",2068
"BAL197806140","CAL",7,1,0,0,0,"",2,5,"may-l101","?","may-l101","?","milld101","?","milld101","?","downb001","fairr101","gricb001","jackr002","chald101","rudij101","bostl101","landk001","","","","S8","T","F",10,5,20,"T","T",1,"F","F",0,"F","F",0,"F","F",8,"","F","F","",0,0,"N",0,"N",0,"N",1,0,0,0,"","","","","F","F","F","F","F","F","F","F","F","","","","F","F","F","F","F","","","","",0,0,0,0,0,0,0,0,0,63,"BAL","BAL","CAL",1,"T","F",5,2,0,31,0,"T","F",0,1,"T","T","moraa101","lopec101","F","F",0,0,0,0,0,0,0,0,0,"","","",0,0,0,0,0,0,0,0,0,0,0,0,0,"bostl101","F","F","F","F",0,0,0,0,0,0,0,0,0,0,F,F,"1978BAL.EVA.regular.event.csv",2069
"BAL197806140","CAL",7,1,0,0,0,"",2,5,"moraa101","?","moraa101","?","milld101","?","milld101","?","downb001","fairr101","gricb001","jackr002","chald101","rudij101","bostl101","landk001","may-l101","","","64(1)/FO","F","F",7,6,2,"T","T",0,"F","F",1,"F","F",0,"F","F",6,"G","F","F","",0,0,"N",0,"N",0,"N",1,0,0,0,"","64","","","F","F","F","F","F","F","F","F","F","milld101","","","F","F","F","F","F","","","","",0,4,0,0,6,0,0,0,0,64,"BAL","BAL","CAL",1,"F","F",5,2,0,32,1,"T","F",1,1,"T","T","lopec101","dempr001","F","F",10,5,63,0,0,0,0,0,0,"downb001","","",0,0,0,0,0,0,0,0,0,0,0,0,0,"chald101","T","F","F","F",0,0,0,0,0,0,0,0,0,0,F,F,"1978BAL.EVA.regular.event.csv",2070
"BAL197806140","CAL",7,1,1,0,0,"",2,5,"lopec101","?","lopec101","?","milld101","?","milld101","?","downb001","fairr101","gricb001","jackr002","chald101","rudij101","bostl101","landk001","moraa101","","","9","F","F",8,7,2,"T","T",0,"F","F",1,"F","F",0,"F","F",9,"F","F","F","",0,0,"N",0,"N",0,"N",0,1,0,0,"9","","","","F","F","F","F","F","F","F","F","F","milld101","","","F","F","F","F","F","","","","",0,9,0,0,0,0,0,0,0,65,"BAL","BAL","CAL",1,"F","F",5,2,0,33,2,"T","F",1,1,"T","T","dempr001","smitb101","F","F",7,6,64,0,0,0,0,0,0,"downb001","","",0,0,0,0,0,0,0,0,0,0,0,0,0,"landk001","F","F","F","F",0,0,0,0,0,0,0,0,0,0,F,F,"1978BAL.EVA.regular.event.csv",2071
"BAL197806140","CAL",7,1,2,0,0,"",2,5,"dempr001","?","dempr001","?","milld101","?","milld101","?","downb001","fairr101","gricb001","jackr002","chald101","rudij101","bostl101","landk001","moraa101","","","46(1)/FO","F","F",2,8,2,"T","T",0,"F","F",1,"F","F",0,"F","F",4,"G","F","F","",0,0,"N",0,"N",0,"N",1,0,0,0,"","46","","","F","F","F","F","F","F","F","F","F","milld101","","","F","F","F","F","F","","","","",0,6,0,0,4,0,0,0,0,66,"BAL","BAL","CAL",1,"F","T",5,2,0,34,3,"T","F",1,1,"T","T","smitb101","belam101","F","F",7,6,64,0,0,0,0,0,0,"downb001","","",0,0,0,0,0,0,0,0,0,0,0,0,0,"gricb001","T","F","F","F",0,0,0,0,0,0,0,0,0,0,F,F,"1978BAL.EVA.regular.event.csv",2072
"BAL197806140","CAL",8,0,0,0,0,"",2,5,"bayld001","?","bayld001","?","palmj001","?","palmj001","?","dempr001","murre001","smitb101","dauer001","belam101","moraa101","lopec101","singk001","","","","7","T","F",10,5,2,"T","T",0,"F","F",1,"F","F",0,"F","F",7,"F","F","F","",0,0,"N",0,"N",0,"N",0,0,0,0,"7","","","","F","F","F","F","F","F","F","F","F","","","","F","F","F","F","F","","","","",0,7,0,0,0,0,0,0,0,67,"BAL","CAL","BAL",0,"T","F",2,5,0,31,0,"T","F",0,0,"T","T","fairr101","jackr002","T","T",0,0,0,0,0,0,0,0,0,"","","",0,0,0,0,0,0,0,0,0,0,0,0,0,"moraa101","F","F","F","F",0,0,0,0,0,0,0,0,0,0,F,F,"1978BAL.EVA.regular.event.csv",2073
"BAL197806140","CAL",8,0,1,0,0,"",2,5,"fairr101","?","fairr101","?","palmj001","?","palmj001","?","dempr001","murre001","smitb101","dauer001","belam101","moraa101","lopec101","singk001","","","","9","F","F",3,6,2,"T","T",0,"F","F",1,"F","F",0,"F","F",9,"F","F","F","",0,0,"N",0,"N",0,"N",0,0,0,0,"9","","","","F","F","F","F","F","F","F","F","F","","","","F","F","F","F","F","","","","",0,9,0,0,0,0,0,0,0,68,"BAL","CAL","BAL",0,"F","F",2,5,0,32,1,"T","F",0,0,"T","T","jackr002","chald101","T","T",0,0,0,0,0,0,0,0,0,"","","",0,0,0,0,0,0,0,0,0,0,0,0,0,"singk001","F","F","F","F",0,0,0,0,0,0,0,0,0,0,F,F,"1978BAL.EVA.regular.event.csv",2074
"BAL197806140","CAL",8,0,2,0,0,"",2,5,"jackr002","?","jackr002","?","palmj001","?","palmj001","?","dempr001","murre001","smitb101","dauer001","belam101","moraa101","lopec101","singk001","","","","53","F","F",5,7,2,"T","T",0,"F","F",1,"F","F",0,"F","F",5,"G","F","F","",0,0,"N",0,"N",0,"N",0,0,0,0,"53","","","","F","F","F","F","F","F","F","F","F","","","","F","F","F","F","F","","","","",0,3,0,0,5,0,0,0,0,69,"BAL","CAL","BAL",0,"F","T",2,5,0,33,2,"T","F",0,0,"T","T","chald101","downb001","T","T",0,0,0,0,0,0,0,0,0,"","","",0,0,0,0,0,0,0,0,0,0,0,0,0,"dauer001","F","F","F","F",0,0,0,0,0,0,0,0,0,0,F,F,"1978BAL.EVA.regular.event.csv",2075
"BAL197806140","CAL",8,1,0,0,0,"",2,5,"smitb101","?","smitb101","?","milld101","?","milld101","?","downb001","fairr101","gricb001","jackr002","chald101","rudij101","bostl101","landk001","","","","K","T","F",4,9,3,"T","T",0,"F","F",1,"F","F",0,"F","F",0,"","F","F","",0,0,"N",0,"N",0,"N",0,0,0,0,"2","","","","F","F","F","F","F","F","F","F","F","","","","F","F","F","F","F","","","","",0,2,0,0,0,0,0,0,0,70,"BAL","BAL","CAL",1,"T","F",5,2,0,35,0,"T","F",0,0,"T","T","belam101","dauer001","F","F",0,0,0,0,0,0,0,0,0,"","","",0,0,0,0,0,0,0,0,0,0,0,0,0,"","F","F","F","F",0,0,0,0,0,0,0,0,0,0,F,F,"1978BAL.EVA.regular.event.csv",2076
"BAL197806140","CAL",8,1,1,0,0,"",2,5,"belam101","?","belam101","?","milld101","?","milld101","?","downb001","fairr101","gricb001","jackr002","chald101","rudij101","bostl101","landk001","","","","5","F","F",6,1,2,"T","T",0,"F","F",1,"F","F",0,"F","F",5,"F","F","F","",0,0,"N",0,"N",0,"N",0,0,0,0,"5","","","","F","F","F","F","F","F","F","F","F","","","","F","F","F","F","F","","","","",0,5,0,0,0,0,0,0,0,71,"BAL","BAL","CAL",1,"F","F",5,2,0,36,1,"T","F",0,0,"T","T","dauer001","singk001","F","F",0,0,0,0,0,0,0,0,0,"","","",0,0,0,0,0,0,0,0,0,0,0,0,0,"jackr002","F","F","F","F",0,0,0,0,0,0,0,0,0,0,F,F,"1978BAL.EVA.regular.event.csv",2077
"BAL197806140","CAL",8,1,2,0,0,"",2,5,"dauer001","?","dauer001","?","milld101","?","milld101","?","downb001","fairr101","gricb001","jackr002","chald101","rudij101","bostl101","landk001","","","","31","F","F",5,2,2,"T","T",0,"F","F",1,"F","F",0,"F","F",3,"G","F","F","",0,0,"N",0,"N",0,"N",0,0,0,0,"31","","","","F","F","F","F","F","F","F","F","F","","","","F","F","F","F","F","","","","",0,1,0,0,3,0,0,0,0,72,"BAL","BAL","CAL",1,"F","T",5,2,0,37,2,"T","F",0,0,"T","T","singk001","murre001","F","F",0,0,0,0,0,0,0,0,0,"","","",0,0,0,0,0,0,0,0,0,0,0,0,0,"fairr101","F","F","F","F",0,0,0,0,0,0,0,0,0,0,F,F,"1978BAL.EVA.regular.event.csv",2078
"BAL197806140","CAL",9,0,0,0,0,"",2,5,"chald101","?","chald101","?","palmj001","?","palmj001","?","dempr001","murre001","smitb101","dauer001","belam101","moraa101","harll101","lopec101","","","","9","T","F",6,8,2,"T","T",0,"F","F",1,"F","F",0,"F","F",9,"F","F","F","",0,0,"N",0,"N",0,"N",0,0,0,0,"9","","","","F","F","F","F","F","F","F","F","F","","","","F","F","F","F","F","","","","",0,9,0,0,0,0,0,0,0,73,"BAL","CAL","BAL",0,"T","F",2,5,0,34,0,"T","F",0,0,"T","T","downb001","landk001","T","T",0,0,0,0,0,0,0,0,0,"","","",0,0,0,0,0,0,0,0,0,0,0,0,0,"lopec101","F","F","F","F",0,0,0,0,0,0,0,0,0,0,F,F,"1978BAL.EVA.regular.event.csv",2079
"BAL197806140","CAL",9,0,1,0,0,"",2,5,"solat101","?","solat101","?","palmj001","?","palmj001","?","dempr001","murre001","smitb101","dauer001","belam101","moraa101","harll101","lopec101","","","","K","F","T",11,9,3,"T","T",0,"F","F",1,"F","F",0,"F","F",0,"","F","F","",0,0,"N",0,"N",0,"N",0,0,0,0,"2","","","","F","F","F","F","F","F","F","F","F","","","","F","F","F","F","F","","","","downb001",2,2,0,0,0,0,0,0,0,74,"BAL","CAL","BAL",0,"F","F",2,5,0,35,1,"T","F",0,0,"F","F","landk001","gricb001","T","T",0,0,0,0,0,0,0,0,0,"","","",0,0,0,0,0,0,0,0,0,0,0,0,0,"","F","F","F","F",0,0,0,0,0,0,0,0,0,0,F,F,"1978BAL.EVA.regular.event.csv",2080
"BAL197806140","CAL",9,0,2,0,0,"",2,5,"landk001","?","landk001","?","palmj001","?","palmj001","?","dempr001","murre001","smitb101","dauer001","belam101","moraa101","harll101","lopec101","","","","7","F","F",9,1,2,"T","T",0,"F","F",1,"F","F",0,"F","F",7,"F","F","F","",0,0,"N",0,"N",0,"N",0,0,0,0,"7","","","","F","F","F","F","F","F","F","F","F","","","","F","T","F","F","F","","","","",0,7,0,0,0,0,0,0,0,75,"BAL","CAL","BAL",0,"F","T",2,5,0,36,2,"T","F",0,0,"T","T","gricb001","bostl101","T","T",0,0,0,0,0,0,0,0,0,"","","",0,0,0,0,0,0,0,0,0,0,0,0,0,"moraa101","F","F","F","F",0,0,0,0,0,0,0,0,0,0,F,F,"1978BAL.EVA.regular.event.csv",2081
"BAL197806150","CAL",1,0,0,0,0,"",0,0,"gricb001","?","gricb001","?","mcgrs001","?","mcgrs001","?","dempr001","murre001","smitb101","dauer001","belam101","moraa101","lopec101","singk001","","","","S8","T","F",4,1,20,"T","T",1,"F","F",0,"F","F",0,"F","F",8,"","F","F","",0,0,"N",0,"N",0,"N",1,0,0,0,"","","","","F","F","F","F","F","F","F","F","F","","","","T","F","F","F","F","","","","",0,0,0,0,0,0,0,0,0,1,"BAL","CAL","BAL",0,"T","F",0,0,0,0,0,"T","F",0,1,"T","T","millr001","chald101","T","T",0,0,0,0,0,0,0,0,0,"","","",0,0,0,0,0,0,0,0,0,0,0,0,0,"lopec101","F","F","F","F",4,0,0,0,2,0,0,0,0,0,F,F,"1978BAL.EVA.regular.event.csv",2082
"BAL197806150","CAL",1,0,0,0,0,"",0,0,"millr001","?","millr001","?","mcgrs001","?","mcgrs001","?","dempr001","murre001","smitb101","dauer001","belam101","moraa101","lopec101","singk001","gricb001","","","S9.1-2","F","F",8,2,20,"T","T",1,"F","F",0,"F","F",0,"F","F",9,"","F","F","",0,0,"N",0,"N",0,"N",1,2,0,0,"","","","","F","F","F","F","F","F","F","F","F","mcgrs001","","","F","F","F","F","F","","","","",0,0,0,0,0,0,0,0,0,2,"BAL","CAL","BAL",0,"F","F",0,0,0,1,1,"T","F",1,3,"T","T","chald101","rudij101","T","T",4,1,1,0,0,0,0,0,0,"dempr001","","",0,0,0,0,0,0,0,0,0,0,0,0,0,"singk001","F","F","F","F",4,4,0,0,2,0,0,0,0,0,F,F,"1978BAL.EVA.regular.event.csv",2083
"BAL197806150","CAL",1,0,0,0,0,"",0,0,"chald101","?","chald101","?","mcgrs001","?","mcgrs001","?","dempr001","murre001","smitb101","dauer001","belam101","moraa101","lopec101","singk001","millr001","gricb001","","54/SH.2-3;1-2","F","F",6,3,2,"T","F",0,"T","F",1,"F","F",0,"F","F",5,"G","T","F","",0,0,"N",0,"N",0,"N",0,2,3,0,"54","","","","F","F","F","F","F","F","F","F","F","mcgrs001","mcgrs001","","F","F","F","F","F","","","","",0,4,0,0,5,0,0,0,0,3,"BAL","CAL","BAL",0,"F","F",0,0,0,2,2,"T","F",3,6,"T","T","rudij101","bayld001","T","T",8,2,2,4,1,1,0,0,0,"dempr001","dempr001","",0,0,0,0,0,0,0,0,0,0,0,0,0,"dauer001","F","F","F","F",0,4,4,0,2,0,0,0,0,0,F,F,"1978BAL.EVA.regular.event.csv",2084
"BAL197806150","CAL",1,0,1,0,0,"",0,0,"rudij101","?","rudij101","?","mcgrs001","?","mcgrs001","?","dempr001","murre001","smitb101","dauer001","belam101","moraa101","lopec101","singk001","","millr001","gricb001","S8.3-H;2-H","F","F",3,4,20,"T","T",1,"F","F",0,"F","F",2,"F","F",8,"","F","F","",0,0,"N",0,"N",0,"N",1,0,4,4,"","","","","F","F","F","F","F","F","F","F","F","","mcgrs001","mcgrs001","F","F","F","F","F","","","","",0,0,0,0,0,0,0,0,0,4,"BAL","CAL","BAL",0,"F","F",0,0,0,3,3,"T","F",6,1,"T","T","bayld001","jackr002","T","T",0,0,0,8,2,2,4,1,1,"","dempr001","dempr001",0,0,0,0,0,0,0,0,0,0,0,0,2,"lopec101","F","F","F","F",0,0,4,4,0,0,0,0,0,0,F,F,"1978BAL.EVA.regular.event.csv",2085
"BAL197806150","CAL",1,0,1,0,0,"",2,0,"bayld001","?","bayld001","?","mcgrs001","?","mcgrs001","?","dempr001","murre001","smitb101","dauer001","belam101","moraa101","lopec101","singk001","rudij101","","","8","F","F",7,5,2,"T","T",0,"F","F",1,"F","F",0,"F","F",8,"F","F","F","",0,0,"N",0,"N",0,"N",0,1,0,0,"8","","","","F","F","F","F","F","F","F","F","F","mcgrs001","","","F","F","F","F","F","","","","",0,8,0,0,0,0,0,0,0,5,"BAL","CAL","BAL",0,"F","F",2,0,2,4,4,"T","F",1,1,"T","T","jackr002","rettm101","T","T",3,4,4,0,0,0,0,0,0,"dempr001","","",0,0,0,0,0,0,0,0,0,0,0,0,0,"lopec101","F","F","F","F",0,0,0,0,0,0,0,0,0,0,F,F,"1978BAL.EVA.regular.event.csv",2086
"BAL197806150","CAL",1,0,2,0,0,"",2,0,"jackr002","?","jackr002","?","mcgrs001","?","mcgrs001","?","dempr001","murre001","smitb101","dauer001","belam101","moraa101","lopec101","singk001","rudij101","","","2","F","F",5,6,2,"T","T",0,"F","F",1,"F","F",0,"F","F",2,"F","F","F","",0,0,"N",0,"N",0,"N",0,1,0,0,"2","","","","F","F","F","F","F","F","F","F","F","mcgrs001","","","F","F","F","F","F","","","","",0,2,0,0,0,0,0,0,0,6,"BAL","CAL","BAL",0,"F","T",2,0,2,5,5,"T","F",1,1,"T","T","rettm101","downb001","T","T",3,4,4,0,0,0,0,0,0,"dempr001","","",0,0,0,0,0,0,0,0,0,0,0,0,0,"dempr001","F","F","F","F",0,0,0,0,0,0,0,0,0,0,F,F,"1978BAL.EVA.regular.event.csv",2087
"BAL197806150","CAL",1,1,0,0,0,"",2,0,"belam101","?","belam101","?","tanaf001","?","tanaf001","?","downb001","rudij101","gricb001","jackr002","chald101","bayld001","millr001","rettm101","","","","8","T","F",6,1,2,"T","T",0,"F","F",1,"F","F",0,"F","F",8,"F","F","F","",0,0,"N",0,"N",0,"N",0,0,0,0,"8","","","","F","F","F","F","F","F","F","F","F","","","","F","F","F","F","F","","","","",0,8,0,0,0,0,0,0,0,7,"BAL","BAL","CAL",1,"T","F",0,2,0,0,0,"T","F",0,0,"T","T","dauer001","singk001","T","T",0,0,0,0,0,0,0,0,0,"","","",0,0,0,0,0,0,0,0,0,0,0,0,0,"millr001","F","F","F","F",0,0,0,0,1,0,0,0,0,0,F,F,"1978BAL.EVA.regular.event.csv",2088
"BAL197806150","CAL",1,1,1,0,0,"",2,0,"dauer001","?","dauer001","?","tanaf001","?","tanaf001","?","downb001","rudij101","gricb001","jackr002","chald101","bayld001","millr001","rettm101","","","","HR/7","F","F",5,2,23,"T","T",4,"F","F",0,"F","F",1,"F","F",0,"","F","F","7",0,0,"N",0,"N",0,"N",4,0,0,0,"","","","","F","F","F","F","F","F","F","F","F","","","","F","F","F","F","F","","","","",0,0,0,0,0,0,0,0,0,8,"BAL","BAL","CAL",1,"F","F",0,2,0,1,1,"T","F",0,0,"T","T","singk001","murre001","T","T",0,0,0,0,0,0,0,0,0,"","","",0,0,0,0,0,0,0,0,0,0,0,0,1,"","F","F","F","F",4,0,0,0,0,0,0,0,0,0,F,F,"1978BAL.EVA.regular.event.csv",2089
"BAL197806150","CAL",1,1,1,0,0,"",2,1,"singk001","?","singk001","?","tanaf001","?","tanaf001","?","downb001","rudij101","gricb001","jackr002","chald101","bayld001","millr001","rettm101","","","","K","F","F",9,3,3,"T","T",0,"F","F",1,"F","F",0,"F","F",0,"","F","F","",0,0,"N",0,"N",0,"N",0,0,0,0,"2","","","","F","F","F","F","F","F","F","F","F","","","","F","F","F","F","F","","","","",0,2,0,0,0,0,0,0,0,9,"BAL","BAL","CAL",1,"F","F",1,2,1,2,2,"T","F",0,0,"T","T","murre001","may-l101","T","T",0,0,0,0,0,0,0,0,0,"","","",0,0,0,0,0,0,0,0,0,0,0,0,0,"","F","F","F","F",0,0,0,0,0,0,0,0,0,0,F,F,"1978BAL.EVA.regular.event.csv",2090
"BAL197806150","CAL",1,1,2,0,0,"",2,1,"murre001","?","murre001","?","tanaf001","?","tanaf001","?","downb001","rudij101","gricb001","jackr002","chald101","bayld001","millr001","rettm101","","","","8","F","F",3,4,2,"T","T",0,"F","F",1,"F","F",0,"F","F",8,"F","F","F","",0,0,"N",0,"N",0,"N",0,0,0,0,"8","","","","F","F","F","F","F","F","F","F","F","","","","F","F","F","F","F","","","","",0,8,0,0,0,0,0,0,0,10,"BAL","BAL","CAL",1,"F","T",1,2,1,3,3,"T","F",0,0,"T","T","may-l101","moraa101","T","T",0,0,0,0,0,0,0,0,0,"","","",0,0,0,0,0,0,0,0,0,0,0,0,0,"millr001","F","F","F","F",0,0,0,0,0,0,0,0,0,0,F,F,"1978BAL.EVA.regular.event.csv",2091
"BAL197806150","CAL",2,0,0,0,0,"",2,1,"rettm101","?","rettm101","?","mcgrs001","?","mcgrs001","?","dempr001","murre001","smitb101","dauer001","belam101","moraa101","lopec101","singk001","","","","53","T","F",9,7,2,"T","T",0,"F","F",1,"F","F",0,"F","F",5,"G","F","F","",0,0,"N",0,"N",0,"N",0,0,0,0,"53","","","","F","F","F","F","F","F","F","F","F","","","","F","F","F","F","F","","","","",0,3,0,0,5,0,0,0,0,11,"BAL","CAL","BAL",0,"T","F",2,1,0,6,0,"T","F",0,0,"T","T","downb001","hampi101","T","T",0,0,0,0,0,0,0,0,0,"","","",0,0,0,0,0,0,0,0,0,0,0,0,0,"dauer001","F","F","F","F",0,0,0,0,1,0,0,0,0,0,F,F,"1978BAL.EVA.regular.event.csv",2092
"BAL197806150","CAL",2,0,1,0,0,"",2,1,"downb001","?","downb001","?","mcgrs001","?","mcgrs001","?","dempr001","murre001","smitb101","dauer001","belam101","moraa101","lopec101","singk001","","","","63","F","F",2,8,2,"T","T",0,"F","F",1,"F","F",0,"F","F",6,"G","F","F","",0,0,"N",0,"N",0,"N",0,0,0,0,"63","","","","F","F","F","F","F","F","F","F","F","","","","F","F","F","F","F","","","","",0,3,0,0,6,0,0,0,0,12,"BAL","CAL","BAL",0,"F","F",2,1,0,7,1,"T","F",0,0,"T","T","hampi101","gricb001","T","T",0,0,0,0,0,0,0,0,0,"","","",0,0,0,0,0,0,0,0,0,0,0,0,0,"belam101","F","F","F","F",0,0,0,0,1,0,0,0,0,0,F,F,"1978BAL.EVA.regular.event.csv",2093
"BAL197806150","CAL",2,0,2,0,0,"",2,1,"hampi101","?","hampi101","?","mcgrs001","?","mcgrs001","?","dempr001","murre001","smitb101","dauer001","belam101","moraa101","lopec101","singk001","","","","HR","F","F",10,9,23,"T","T",4,"F","F",0,"F","F",1,"F","F",0,"","F","F","",0,0,"N",0,"N",0,"N",4,0,0,0,"","","","","F","F","F","F","F","F","F","F","F","","","","F","F","F","F","F","","","","",0,0,0,0,0,0,0,0,0,13,"BAL","CAL","BAL",0,"F","F",2,1,0,8,2,"T","F",0,0,"T","T","gricb001","millr001","T","T",0,0,0,0,0,0,0,0,0,"","","",0,0,0,0,0,0,0,0,0,0,0,0,1,"","F","F","F","F",4,0,0,0,0,0,0,0,0,0,F,F,"1978BAL.EVA.regular.event.csv",2094
"BAL197806150","CAL",2,0,2,0,0,"",3,1,"gricb001","?","gricb001","?","mcgrs001","?","mcgrs001","?","dempr001","murre001","smitb101","dauer001","belam101","moraa101","lopec101","singk001","","","","4","F","F",4,1,2,"T","T",0,"F","F",1,"F","F",0,"F","F",4,"F","F","F","",0,0,"N",0,"N",0,"N",0,0,0,0,"4","","","","F","F","F","F","F","F","F","F","F","","","","F","F","F","F","F","","","","",0,4,0,0,0,0,0,0,0,14,"BAL","CAL","BAL",0,"F","T",3,1,1,9,3,"T","F",0,0,"T","T","millr001","chald101","T","T",0,0,0,0,0,0,0,0,0,"","","",0,0,0,0,0,0,0,0,0,0,0,0,0,"smitb101","F","F","F","F",0,0,0,0,0,0,0,0,0,0,F,F,"1978BAL.EVA.regular.event.csv",2095
"BAL197806150","CAL",2,1,0,0,0,"",3,1,"may-l101","?","may-l101","?","tanaf001","?","tanaf001","?","downb001","rudij101","gricb001","jackr002","chald101","bayld001","millr001","rettm101","","","","E6","T","F",10,5,18,"T","T",0,"F","F",0,"F","F",0,"F","F",6,"G","F","F","",1,6,"F",0,"N",0,"N",1,0,0,0,"","","","","F","F","F","F","F","F","F","F","F","","","","F","F","F","F","F","","","","",0,0,0,0,0,0,0,0,0,15,"BAL","BAL","CAL",1,"T","F",1,3,0,4,0,"T","F",0,1,"T","T","moraa101","lopec101","T","T",0,0,0,0,0,0,0,0,0,"","","",0,0,0,0,0,0,0,0,0,0,0,0,0,"chald101","F","F","F","T",0,0,0,0,0,0,0,0,0,0,F,F,"1978BAL.EVA.regular.event.csv",2096
"BAL197806150","CAL",2,1,0,0,0,"",3,1,"moraa101","?","moraa101","?","tanaf001","?","tanaf001","?","downb001","rudij101","gricb001","jackr002","chald101","bayld001","millr001","rettm101","may-l101","","","W.1-2","F","F",7,6,14,"T","F",0,"F","F",0,"F","F",0,"F","F",0,"","F","F","",0,0,"N",0,"N",0,"N",1,2,0,0,"","","","","F","F","F","F","F","F","F","F","F","tanaf001","","","F","F","F","F","F","","","","",0,0,0,0,0,0,0,0,0,16,"BAL","BAL","CAL",1,"F","F",1,3,0,5,1,"T","F",1,3,"T","T","lopec101","dempr001","T","T",10,5,15,0,0,0,0,0,0,"downb001","","",0,0,0,0,0,0,0,0,0,0,0,0,0,"","F","F","F","F",0,0,0,0,0,0,0,0,0,0,F,F,"1978BAL.EVA.regular.event.csv",2097
"BAL197806150","CAL",2,1,0,0,0,"",3,1,"lopec101","?","lopec101","?","tanaf001","?","tanaf001","?","downb001","rudij101","gricb001","jackr002","chald101","bayld001","millr001","rettm101","moraa101","may-l101","","W.2-3;1-2","F","F",8,7,14,"T","F",0,"F","F",0,"F","F",0,"F","F",0,"","F","F","",0,0,"N",0,"N",0,"N",1,2,3,0,"","","","","F","F","F","F","F","F","F","F","F","tanaf001","tanaf001","","F","F","F","F","F","","","","",0,0,0,0,0,0,0,0,0,17,"BAL","BAL","CAL",1,"F","F",1,3,0,6,2,"T","F",3,7,"T","T","dempr001","smitb101","T","T",7,6,16,10,5,15,0,0,0,"downb001","downb001","",0,0,0,0,0,0,0,0,0,0,0,0,0,"","F","F","F","F",0,0,0,0,0,0,0,0,0,0,F,F,"1978BAL.EVA.regular.event.csv",2098
"BAL197806150","CAL",2,1,0,0,0,"",3,1,"dempr001","?","dempr001","?","tanaf001","?","tanaf001","?","downb001","rudij101","gricb001","jackr002","chald101","bayld001","millr001","rettm101","lopec101","moraa101","may-l101","1(B)5(3)/LDP","F","F",2,8,2,"T","T",0,"F","F",2,"T","F",0,"F","F",1,"L","F","F","",0,0,"N",0,"N",0,"N",0,1,2,0,"1","","","15","F","F","F","F","F","F","F","F","F","tanaf001","tanaf001","tanaf001","F","F","F","F","F","","","","",0,1,5,0,1,0,0,0,0,18,"BAL","BAL","CAL",1,"F","F",1,3,0,7,3,"T","F",7,3,"T","T","smitb101","belam101","T","T",8,7,17,7,6,16,10,5,15,"downb001","downb001","downb001",0,0,0,0,0,0,0,0,0,0,0,0,0,"tanaf001","F","F","F","F",0,0,0,0,0,0,0,0,0,0,F,F,"1978BAL.EVA.regular.event.csv",2099
"BAL197806150","CAL",2,1,2,0,0,"",3,1,"smitb101","?","smitb101","?","tanaf001","?","tanaf001","?","downb001","rudij101","gricb001","jackr002","chald101","bayld001","millr001","rettm101","lopec101","moraa101","","S6.2-3;1-2","F","F",4,9,20,"T","T",1,"F","F",0,"F","F",0,"F","F",6,"","F","F","",0,0,"N",0,"N",0,"N",1,2,3,0,"","","","","F","F","F","F","F","F","F","F","F","tanaf001","tanaf001","","F","F","F","F","F","","","","",0,0,0,0,0,0,0,0,0,19,"BAL","BAL","CAL",1,"F","F",1,3,0,8,4,"T","F",3,7,"T","T","belam101","dauer001","T","T",8,7,17,7,6,16,0,0,0,"downb001","downb001","",0,0,0,0,0,0,0,0,0,0,0,0,0,"chald101","F","F","F","F",0,0,0,0,0,0,0,0,0,0,F,F,"1978BAL.EVA.regular.event.csv",2100
"BAL197806150","CAL",2,1,2,0,0,"",3,1,"belam101","?","belam101","?","tanaf001","?","tanaf001","?","downb001","rudij101","gricb001","jackr002","chald101","bayld001","millr001","rettm101","smitb101","lopec101","moraa101","5(2)/FO","F","F",6,1,2,"T","T",0,"F","F",1,"F","F",0,"F","F",5,"G","F","F","",0,0,"N",0,"N",0,"N",1,1,0,3,"","","5","","F","F","F","F","F","F","F","F","F","tanaf001","tanaf001","tanaf001","F","F","F","F","F","","","","",0,5,0,0,0,0,0,0,0,20,"BAL","BAL","CAL",1,"F","T",1,3,0,9,5,"T","F",7,5,"T","T","dauer001","singk001","T","T",4,9,19,8,7,17,7,6,16,"downb001","downb001","downb001",0,0,0,0,0,0,0,0,0,0,0,0,0,"jackr002","F","T","F","F",0,0,0,0,0,0,0,0,0,0,F,F,"1978BAL.EVA.regular.event.csv",2101
"BAL197806150","CAL",3,0,0,0,0,"",3,1,"millr001","?","millr001","?","mcgrs001","?","mcgrs001","?","dempr001","murre001","smitb101","dauer001","belam101","moraa101","lopec101","singk001","","","","W","T","F",8,2,14,"T","F",0,"F","F",0,"F","F",0,"F","F",0,"","F","F","",0,0,"N",0,"N",0,"N",1,0,0,0,"","","","","F","F","F","F","F","F","F","F","F","","","","F","F","F","F","F","","","","",0,0,0,0,0,0,0,0,0,21,"BAL","CAL","BAL",0,"T","F",3,1,0,10,0,"T","F",0,1,"T","T","chald101","rudij101","T","T",0,0,0,0,0,0,0,0,0,"","","",0,0,0,0,0,0,0,0,0,0,0,0,0,"","F","F","F","F",0,0,0,0,0,0,0,0,0,0,F,F,"1978BAL.EVA.regular.event.csv",2102
"BAL197806150","CAL",3,0,0,0,0,"",3,1,"chald101","?","chald101","?","mcgrs001","?","mcgrs001","?","dempr001","murre001","smitb101","dauer001","belam101","moraa101","lopec101","singk001","millr001","","","S4.1-3","F","F",6,3,20,"T","T",1,"F","F",0,"F","F",0,"F","F",4,"","F","F","",0,0,"N",0,"N",0,"N",1,3,0,0,"","","","","F","F","F","F","F","F","F","F","F","mcgrs001","","","F","F","F","F","F","","","","",0,0,0,0,0,0,0,0,0,22,"BAL","CAL","BAL",0,"F","F",3,1,0,11,1,"T","F",1,5,"T","T","rudij101","bayld001","T","T",8,2,21,0,0,0,0,0,0,"dempr001","","",0,0,0,0,0,0,0,0,0,0,0,0,0,"smitb101","F","F","F","F",0,0,0,0,0,0,0,0,0,0,F,F,"1978BAL.EVA.regular.event.csv",2103
"BAL197806150","CAL",3,0,0,0,0,"",3,1,"rudij101","?","rudij101","?","mcgrs001","?","mcgrs001","?","dempr001","murre001","smitb101","dauer001","belam101","moraa101","lopec101","singk001","chald101","","millr001","53.1-2","F","F",3,4,2,"T","T",0,"F","F",1,"F","F",0,"F","F",5,"G","F","F","",0,0,"N",0,"N",0,"N",0,2,0,3,"53","","","","F","F","F","F","F","F","F","F","F","mcgrs001","","mcgrs001","F","F","F","F","F","","","","",0,3,0,0,5,0,0,0,0,23,"BAL","CAL","BAL",0,"F","F",3,1,0,12,2,"T","F",5,6,"T","T","bayld001","jackr002","T","T",6,3,22,0,0,0,8,2,21,"dempr001","","dempr001",0,0,0,0,0,0,0,0,0,0,0,0,0,"dauer001","F","F","F","F",0,0,0,0,0,0,0,0,0,0,F,F,"1978BAL.EVA.regular.event.csv",2104
"BAL197806150","CAL",3,0,1,0,0,"",3,1,"bayld001","?","bayld001","?","mcgrs001","?","mcgrs001","?","dempr001","murre001","smitb101","dauer001","belam101","moraa101","lopec101","singk001","","chald101","millr001","IW","F","F",7,5,15,"T","F",0,"F","F",0,"F","F",0,"F","F",0,"","F","F","",0,0,"N",0,"N",0,"N",1,0,2,3,"","","","","F","F","F","F","F","F","F","F","F","","mcgrs001","mcgrs001","F","F","F","F","F","","","","",0,0,0,0,0,0,0,0,0,24,"BAL","CAL","BAL",0,"F","F",3,1,0,13,3,"T","F",6,7,"T","T","jackr002","rettm101","T","T",0,0,0,6,3,22,8,2,21,"","dempr001","dempr001",0,0,0,0,0,0,0,0,0,0,0,0,0,"","F","F","F","F",0,0,0,0,0,0,0,0,0,0,F,F,"1978BAL.EVA.regular.event.csv",2105
"BAL197806150","CAL",3,0,1,0,0,"",3,1,"jackr002","?","jackr002","?","mcgrs001","?","mcgrs001","?","dempr001","murre001","smitb101","dauer001","belam101","moraa101","lopec101","singk001","bayld001","chald101","millr001","12(3)3/GDP","F","F",5,6,2,"T","T",0,"F","F",2,"T","F",0,"F","F",1,"G","F","F","",0,0,"N",0,"N",0,"N",0,1,2,0,"23","","","12","F","F","F","F","F","F","F","F","F","mcgrs001","mcgrs001","mcgrs001","F","F","F","F","F","","","","",0,2,3,0,1,2,0,0,0,25,"BAL","CAL","BAL",0,"F","T",3,1,0,14,4,"T","F",7,3,"T","T","rettm101","downb001","T","T",7,5,24,6,3,22,8,2,21,"dempr001","dempr001","dempr001",0,0,0,0,0,0,0,0,0,0,0,0,0,"mcgrs001","F","F","T","F",0,0,0,0,0,0,0,0,0,0,F,F,"1978BAL.EVA.regular.event.csv",2106
"BAL197806150","CAL",3,1,0,0,0,"",3,1,"dauer001","?","dauer001","?","tanaf001","?","tanaf001","?","downb001","rudij101","gricb001","jackr002","chald101","bayld001","millr001","rettm101","","","","8","T","F",5,2,2,"T","T",0,"F","F",1,"F","F",0,"F","F",8,"F","F","F","",0,0,"N",0,"N",0,"N",0,0,0,0,"8","","","","F","F","F","F","F","F","F","F","F","","","","F","F","F","F","F","","","","",0,8,0,0,0,0,0,0,0,26,"BAL","BAL","CAL",1,"T","F",1,3,0,10,0,"T","F",0,0,"T","T","singk001","murre001","T","T",0,0,0,0,0,0,0,0,0,"","","",0,0,0,0,0,0,0,0,0,0,0,0,0,"millr001","F","F","F","F",0,0,0,0,0,0,0,0,0,0,F,F,"1978BAL.EVA.regular.event.csv",2107
"BAL197806150","CAL",3,1,1,0,0,"",3,1,"singk001","?","singk001","?","tanaf001","?","tanaf001","?","downb001","rudij101","gricb001","jackr002","chald101","bayld001","millr001","rettm101","","","","8","F","F",9,3,2,"T","T",0,"F","F",1,"F","F",0,"F","F",8,"F","F","F","",0,0,"N",0,"N",0,"N",0,0,0,0,"8","","","","F","F","F","F","F","F","F","F","F","","","","F","F","F","F","F","","","","",0,8,0,0,0,0,0,0,0,27,"BAL","BAL","CAL",1,"F","F",1,3,0,11,1,"T","F",0,0,"T","T","murre001","may-l101","T","T",0,0,0,0,0,0,0,0,0,"","","",0,0,0,0,0,0,0,0,0,0,0,0,0,"millr001","F","F","F","F",0,0,0,0,0,0,0,0,0,0,F,F,"1978BAL.EVA.regular.event.csv",2108
"BAL197806150","CAL",3,1,2,0,0,"",3,1,"murre001","?","murre001","?","tanaf001","?","tanaf001","?","downb001","rudij101","gricb001","jackr002","chald101","bayld001","millr001","rettm101","","","","3","F","F",3,4,2,"T","T",0,"F","F",1,"F","F",0,"F","F",3,"F","F","F","",0,0,"N",0,"N",0,"N",0,0,0,0,"3","","","","F","F","F","F","F","F","F","F","F","","","","F","F","F","F","F","","","","",0,3,0,0,0,0,0,0,0,28,"BAL","BAL","CAL",1,"F","T",1,3,0,12,2,"T","F",0,0,"T","T","may-l101","moraa101","T","T",0,0,0,0,0,0,0,0,0,"","","",0,0,0,0,0,0,0,0,0,0,0,0,0,"rudij101","F","F","F","F",0,0,0,0,0,0,0,0,0,0,F,F,"1978BAL.EVA.regular.event.csv",2109
"BAL197806150","CAL",4,0,0,0,0,"",3,1,"rettm101","?","rettm101","?","mcgrs001","?","mcgrs001","?","dempr001","murre001","smitb101","dauer001","belam101","moraa101","lopec101","singk001","","","","S9","T","F",9,7,20,"T","T",1,"F","F",0,"F","F",0,"F","F",9,"","F","F","",0,0,"N",0,"N",0,"N",1,0,0,0,"","","","","F","F","F","F","F","F","F","F","F","","","","F","F","F","F","F","","","","",0,0,0,0,0,0,0,0,0,29,"BAL","CAL","BAL",0,"T","F",3,1,0,15,0,"T","F",0,1,"T","T","downb001","hampi101","T","T",0,0,0,0,0,0,0,0,0,"","","",0,0,0,0,0,0,0,0,0,0,0,0,0,"singk001","F","F","F","F",0,0,0,0,0,0,0,0,0,0,F,F,"1978BAL.EVA.regular.event.csv",2110
"BAL197806150","CAL",4,0,0,0,0,"",3,1,"downb001","?","downb001","?","mcgrs001","?","mcgrs001","?","dempr001","murre001","smitb101","dauer001","belam101","moraa101","lopec101","singk001","rettm101","","","16(1)4/GDP","F","F",2,8,2,"T","T",0,"F","F",2,"T","F",0,"F","F",1,"G","F","F","",0,0,"N",0,"N",0,"N",0,0,0,0,"64","16","","","F","F","F","F","F","F","F","F","F","mcgrs001","","","F","F","F","F","F","","","","",0,6,4,0,1,6,0,0,0,30,"BAL","CAL","BAL",0,"F","F",3,1,0,16,1,"T","F",1,0,"T","T","hampi101","gricb001","T","T",9,7,29,0,0,0,0,0,0,"dempr001","","",0,0,0,0,0,0,0,0,0,0,0,0,0,"mcgrs001","T","F","F","F",0,0,0,0,0,0,0,0,0,0,F,F,"1978BAL.EVA.regular.event.csv",2111
"BAL197806150","CAL",4,0,2,0,0,"",3,1,"hampi101","?","hampi101","?","mcgrs001","?","mcgrs001","?","dempr001","murre001","smitb101","dauer001","belam101","moraa101","lopec101","singk001","","","","W","F","F",10,9,14,"T","F",0,"F","F",0,"F","F",0,"F","F",0,"","F","F","",0,0,"N",0,"N",0,"N",1,0,0,0,"","","","","F","F","F","F","F","F","F","F","F","","","","F","F","F","F","F","","","","",0,0,0,0,0,0,0,0,0,31,"BAL","CAL","BAL",0,"F","F",3,1,0,17,2,"T","F",0,1,"T","T","gricb001","millr001","T","T",0,0,0,0,0,0,0,0,0,"","","",0,0,0,0,0,0,0,0,0,0,0,0,0,"","F","F","F","F",0,0,0,0,0,0,0,0,0,0,F,F,"1978BAL.EVA.regular.event.csv",2112
"BAL197806150","CAL",4,0,2,0,0,"",3,1,"gricb001","?","gricb001","?","mcgrs001","?","mcgrs001","?","dempr001","murre001","smitb101","dauer001","belam101","moraa101","lopec101","singk001","hampi101","","","54(1)/FO","F","F",4,1,2,"T","T",0,"F","F",1,"F","F",0,"F","F",5,"G","F","F","",0,0,"N",0,"N",0,"N",1,0,0,0,"","54","","","F","F","F","F","F","F","F","F","F","mcgrs001","","","F","F","F","F","F","","","","",0,4,0,0,5,0,0,0,0,32,"BAL","CAL","BAL",0,"F","T",3,1,0,18,3,"T","F",1,1,"T","T","millr001","chald101","T","T",10,9,31,0,0,0,0,0,0,"dempr001","","",0,0,0,0,0,0,0,0,0,0,0,0,0,"dauer001","T","F","F","F",0,0,0,0,0,0,0,0,0,0,F,F,"1978BAL.EVA.regular.event.csv",2113
"BAL197806150","CAL",4,1,0,0,0,"",3,1,"may-l101","?","may-l101","?","tanaf001","?","tanaf001","?","downb001","rudij101","gricb001","jackr002","chald101","bayld001","millr001","rettm101","","","","63","T","F",10,5,2,"T","T",0,"F","F",1,"F","F",0,"F","F",6,"G","F","F","",0,0,"N",0,"N",0,"N",0,0,0,0,"63","","","","F","F","F","F","F","F","F","F","F","","","","F","F","F","F","F","","","","",0,3,0,0,6,0,0,0,0,33,"BAL","BAL","CAL",1,"T","F",1,3,0,13,0,"T","F",0,0,"T","T","moraa101","lopec101","T","T",0,0,0,0,0,0,0,0,0,"","","",0,0,0,0,0,0,0,0,0,0,0,0,0,"chald101","F","F","F","F",0,0,0,0,0,0,0,0,0,0,F,F,"1978BAL.EVA.regular.event.csv",2114
"BAL197806150","CAL",4,1,1,0,0,"",3,1,"moraa101","?","moraa101","?","tanaf001","?","tanaf001","?","downb001","rudij101","gricb001","jackr002","chald101","bayld001","millr001","rettm101","","","","D7","F","F",7,6,21,"T","T",2,"F","F",0,"F","F",0,"F","F",7,"","F","F","",0,0,"N",0,"N",0,"N",2,0,0,0,"","","","","F","F","F","F","F","F","F","F","F","","","","F","F","F","F","F","","","","",0,0,0,0,0,0,0,0,0,34,"BAL","BAL","CAL",1,"F","F",1,3,0,14,1,"T","F",0,2,"T","T","lopec101","dempr001","T","T",0,0,0,0,0,0,0,0,0,"","","",0,0,0,0,0,0,0,0,0,0,0,0,0,"bayld001","F","F","F","F",0,0,0,0,0,0,0,0,0,0,F,F,"1978BAL.EVA.regular.event.csv",2115
"BAL197806150","CAL",4,1,1,0,0,"",3,1,"lopec101","?","lopec101","?","tanaf001","?","tanaf001","?","downb001","rudij101","gricb001","jackr002","chald101","bayld001","millr001","rettm101","","moraa101","","8","F","F",8,7,2,"T","T",0,"F","F",1,"F","F",0,"F","F",8,"F","F","F","",0,0,"N",0,"N",0,"N",0,0,2,0,"8","","","","F","F","F","F","F","F","F","F","F","","tanaf001","","F","F","F","F","F","","","","",0,8,0,0,0,0,0,0,0,35,"BAL","BAL","CAL",1,"F","F",1,3,0,15,2,"T","F",2,2,"T","T","dempr001","smitb101","T","T",0,0,0,7,6,34,0,0,0,"","downb001","",0,0,0,0,0,0,0,0,0,0,0,0,0,"millr001","F","F","F","F",0,0,0,0,0,0,0,0,0,0,F,F,"1978BAL.EVA.regular.event.csv",2116
"BAL197806150","CAL",4,1,2,0,0,"",3,1,"dempr001","?","dempr001","?","tanaf001","?","tanaf001","?","downb001","rudij101","gricb001","jackr002","chald101","bayld001","millr001","rettm101","","moraa101","","43","F","F",2,8,2,"T","T",0,"F","F",1,"F","F",0,"F","F",4,"G","F","F","",0,0,"N",0,"N",0,"N",0,0,2,0,"43","","","","F","F","F","F","F","F","F","F","F","","tanaf001","","F","F","F","F","F","","","","",0,3,0,0,4,0,0,0,0,36,"BAL","BAL","CAL",1,"F","T",1,3,0,16,3,"T","F",2,2,"T","T","smitb101","belam101","T","T",0,0,0,7,6,34,0,0,0,"","downb001","",0,0,0,0,0,0,0,0,0,0,0,0,0,"gricb001","F","F","F","F",0,0,0,0,0,0,0,0,0,0,F,F,"1978BAL.EVA.regular.event.csv",2117
"BAL197806150","CAL",5,0,0,0,0,"",3,1,"millr001","?","millr001","?","mcgrs001","?","mcgrs001","?","dempr001","murre001","smitb101","dauer001","belam101","moraa101","lopec101","singk001","","","","W","T","F",8,2,14,"T","F",0,"F","F",0,"F","F",0,"F","F",0,"","F","F","",0,0,"N",0,"N",0,"N",1,0,0,0,"","","","","F","F","F","F","F","F","F","F","F","","","","F","F","F","F","F","","","","",0,0,0,0,0,0,0,0,0,37,"BAL","CAL","BAL",0,"T","F",3,1,0,19,0,"T","F",0,1,"T","T","chald101","rudij101","T","T",0,0,0,0,0,0,0,0,0,"","","",0,0,0,0,0,0,0,0,0,0,0,0,0,"","F","F","F","F",0,0,0,0,0,0,0,0,0,0,F,F,"1978BAL.EVA.regular.event.csv",2118
"BAL197806150","CAL",5,0,0,0,0,"",3,1,"chald101","?","chald101","?","mcgrs001","?","mcgrs001","?","dempr001","murre001","smitb101","dauer001","belam101","moraa101","lopec101","singk001","millr001","","","34/SH.1-2","F","F",6,3,2,"T","F",0,"T","F",1,"F","F",0,"F","F",3,"G","T","F","",0,0,"N",0,"N",0,"N",0,2,0,0,"34","","","","F","F","F","F","F","F","F","F","F","mcgrs001","","","F","F","F","F","F","","","","",0,4,0,0,3,0,0,0,0,38,"BAL","CAL","BAL",0,"F","F",3,1,0,20,1,"T","F",1,2,"T","T","rudij101","bayld001","T","T",8,2,37,0,0,0,0,0,0,"dempr001","","",0,0,0,0,0,0,0,0,0,0,0,0,0,"murre001","F","F","F","F",0,0,0,0,0,0,0,0,0,0,F,F,"1978BAL.EVA.regular.event.csv",2119
"BAL197806150","CAL",5,0,1,0,0,"",3,1,"rudij101","?","rudij101","?","mcgrs001","?","mcgrs001","?","dempr001","murre001","smitb101","dauer001","belam101","moraa101","lopec101","singk001","","millr001","","9.2-3","F","F",3,4,2,"T","T",0,"F","F",1,"F","F",0,"F","F",9,"F","F","F","",0,0,"N",0,"N",0,"N",0,0,3,0,"9","","","","F","F","F","F","F","F","F","F","F","","mcgrs001","","F","F","F","F","F","","","","",0,9,0,0,0,0,0,0,0,39,"BAL","CAL","BAL",0,"F","F",3,1,0,21,2,"T","F",2,4,"T","T","bayld001","jackr002","T","T",0,0,0,8,2,37,0,0,0,"","dempr001","",0,0,0,0,0,0,0,0,0,0,0,0,0,"singk001","F","F","F","F",0,0,0,0,0,0,0,0,0,0,F,F,"1978BAL.EVA.regular.event.csv",2120
"BAL197806150","CAL",5,0,2,0,0,"",3,1,"bayld001","?","bayld001","?","mcgrs001","?","mcgrs001","?","dempr001","murre001","smitb101","dauer001","belam101","moraa101","lopec101","singk001","","","millr001","K","F","F",7,5,3,"T","T",0,"F","F",1,"F","F",0,"F","F",0,"","F","F","",0,0,"N",0,"N",0,"N",0,0,0,3,"2","","","","F","F","F","F","F","F","F","F","F","","","mcgrs001","F","F","F","F","F","","","","",0,2,0,0,0,0,0,0,0,40,"BAL","CAL","BAL",0,"F","T",3,1,0,22,3,"T","F",4,4,"T","T","jackr002","rettm101","T","T",0,0,0,0,0,0,8,2,37,"","","dempr001",0,0,0,0,0,0,0,0,0,0,0,0,0,"","F","F","F","F",0,0,0,0,0,0,0,0,0,0,F,F,"1978BAL.EVA.regular.event.csv",2121
"BAL197806150","CAL",5,1,0,0,0,"",3,1,"smitb101","?","smitb101","?","tanaf001","?","tanaf001","?","downb001","rudij101","gricb001","jackr002","chald101","bayld001","millr001","rettm101","","","","8","T","F",4,9,2,"T","T",0,"F","F",1,"F","F",0,"F","F",8,"F","F","F","",0,0,"N",0,"N",0,"N",0,0,0,0,"8","","","","F","F","F","F","F","F","F","F","F","","","","F","F","F","F","F","","","","",0,8,0,0,0,0,0,0,0,41,"BAL","BAL","CAL",1,"T","F",1,3,0,17,0,"T","F",0,0,"T","T","belam101","dauer001","T","T",0,0,0,0,0,0,0,0,0,"","","",0,0,0,0,0,0,0,0,0,0,0,0,0,"millr001","F","F","F","F",0,0,0,0,0,0,0,0,0,0,F,F,"1978BAL.EVA.regular.event.csv",2122
"BAL197806150","CAL",5,1,1,0,0,"",3,1,"belam101","?","belam101","?","tanaf001","?","tanaf001","?","downb001","rudij101","gricb001","jackr002","chald101","bayld001","millr001","rettm101","","","","K/C","F","F",6,1,3,"T","T",0,"F","F",1,"F","F",0,"F","F",0,"","F","F","",0,0,"N",0,"N",0,"N",0,0,0,0,"2","","","","F","F","F","F","F","F","F","F","F","","","","F","F","F","F","F","","","","",0,2,0,0,0,0,0,0,0,42,"BAL","BAL","CAL",1,"F","F",1,3,0,18,1,"T","F",0,0,"T","T","dauer001","singk001","T","T",0,0,0,0,0,0,0,0,0,"","","",0,0,0,0,0,0,0,0,0,0,0,0,0,"","F","F","F","F",0,0,0,0,0,0,0,0,0,0,F,F,"1978BAL.EVA.regular.event.csv",2123
"BAL197806150","CAL",5,1,2,0,0,"",3,1,"dauer001","?","dauer001","?","tanaf001","?","tanaf001","?","downb001","rudij101","gricb001","jackr002","chald101","bayld001","millr001","rettm101","","","","S8","F","F",5,2,20,"T","T",1,"F","F",0,"F","F",0,"F","F",8,"","F","F","",0,0,"N",0,"N",0,"N",1,0,0,0,"","","","","F","F","F","F","F","F","F","F","F","","","","F","F","F","F","F","","","","",0,0,0,0,0,0,0,0,0,43,"BAL","BAL","CAL",1,"F","F",1,3,0,19,2,"T","F",0,1,"T","T","singk001","murre001","T","T",0,0,0,0,0,0,0,0,0,"","","",0,0,0,0,0,0,0,0,0,0,0,0,0,"millr001","F","F","F","F",0,0,0,0,0,0,0,0,0,0,F,F,"1978BAL.EVA.regular.event.csv",2124
"BAL197806150","CAL",5,1,2,0,0,"",3,1,"singk001","?","singk001","?","tanaf001","?","tanaf001","?","downb001","rudij101","gricb001","jackr002","chald101","bayld001","millr001","rettm101","dauer001","","","W.1-2","F","F",9,3,14,"T","F",0,"F","F",0,"F","F",0,"F","F",0,"","F","F","",0,0,"N",0,"N",0,"N",1,2,0,0,"","","","","F","F","F","F","F","F","F","F","F","tanaf001","","","F","F","F","F","F","","","","",0,0,0,0,0,0,0,0,0,44,"BAL","BAL","CAL",1,"F","F",1,3,0,20,3,"T","F",1,3,"T","T","murre001","may-l101","T","T",5,2,43,0,0,0,0,0,0,"downb001","","",0,0,0,0,0,0,0,0,0,0,0,0,0,"","F","F","F","F",0,0,0,0,0,0,0,0,0,0,F,F,"1978BAL.EVA.regular.event.csv",2125
"BAL197806150","CAL",5,1,2,0,0,"",3,1,"murre001","?","murre001","?","tanaf001","?","tanaf001","?","downb001","rudij101","gricb001","jackr002","chald101","bayld001","millr001","rettm101","singk001","dauer001","","K","F","F",3,4,3,"T","T",0,"F","F",1,"F","F",0,"F","F",0,"","F","F","",0,0,"N",0,"N",0,"N",0,1,2,0,"2","","","","F","F","F","F","F","F","F","F","F","tanaf001","tanaf001","","F","F","F","F","F","","","","",0,2,0,0,0,0,0,0,0,45,"BAL","BAL","CAL",1,"F","T",1,3,0,21,4,"T","F",3,3,"T","T","may-l101","moraa101","T","T",9,3,44,5,2,43,0,0,0,"downb001","downb001","",0,0,0,0,0,0,0,0,0,0,0,0,0,"","F","F","F","F",0,0,0,0,0,0,0,0,0,0,F,F,"1978BAL.EVA.regular.event.csv",2126
"BAL197806150","CAL",6,0,0,0,0,"",3,1,"jackr002","?","jackr002","?","mcgrs001","?","mcgrs001","?","dempr001","murre001","smitb101","dauer001","belam101","moraa101","lopec101","singk001","","","","7","T","F",5,6,2,"T","T",0,"F","F",1,"F","F",0,"F","F",7,"F","F","F","",0,0,"N",0,"N",0,"N",0,0,0,0,"7","","","","F","F","F","F","F","F","F","F","F","","","","F","F","F","F","F","","","","",0,7,0,0,0,0,0,0,0,46,"BAL","CAL","BAL",0,"T","F",3,1,0,23,0,"T","F",0,0,"T","T","rettm101","downb001","T","T",0,0,0,0,0,0,0,0,0,"","","",0,0,0,0,0,0,0,0,0,0,0,0,0,"moraa101","F","F","F","F",0,0,0,0,0,0,0,0,0,0,F,F,"1978BAL.EVA.regular.event.csv",2127
"BAL197806150","CAL",6,0,1,0,0,"",3,1,"rettm101","?","rettm101","?","mcgrs001","?","mcgrs001","?","dempr001","murre001","smitb101","dauer001","belam101","moraa101","lopec101","singk001","","","","43","F","F",9,7,2,"T","T",0,"F","F",1,"F","F",0,"F","F",4,"G","F","F","",0,0,"N",0,"N",0,"N",0,0,0,0,"43","","","","F","F","F","F","F","F","F","F","F","","","","F","F","F","F","F","","","","",0,3,0,0,4,0,0,0,0,47,"BAL","CAL","BAL",0,"F","F",3,1,0,24,1,"T","F",0,0,"T","T","downb001","hampi101","T","T",0,0,0,0,0,0,0,0,0,"","","",0,0,0,0,0,0,0,0,0,0,0,0,0,"smitb101","F","F","F","F",0,0,0,0,0,0,0,0,0,0,F,F,"1978BAL.EVA.regular.event.csv",2128
"BAL197806150","CAL",6,0,2,0,0,"",3,1,"downb001","?","downb001","?","mcgrs001","?","mcgrs001","?","dempr001","murre001","smitb101","dauer001","belam101","moraa101","lopec101","singk001","","","","13","F","F",2,8,2,"T","T",0,"F","F",1,"F","F",0,"F","F",1,"G","F","F","",0,0,"N",0,"N",0,"N",0,0,0,0,"13","","","","F","F","F","F","F","F","F","F","F","","","","F","F","F","F","F","","","","",0,3,0,0,1,0,0,0,0,48,"BAL","CAL","BAL",0,"F","T",3,1,0,25,2,"T","F",0,0,"T","T","hampi101","gricb001","T","T",0,0,0,0,0,0,0,0,0,"","","",0,0,0,0,0,0,0,0,0,0,0,0,0,"mcgrs001","F","F","F","F",0,0,0,0,0,0,0,0,0,0,F,F,"1978BAL.EVA.regular.event.csv",2129
"BAL197806150","CAL",6,1,0,0,0,"",3,1,"may-l101","?","may-l101","?","tanaf001","?","tanaf001","?","downb001","rudij101","gricb001","jackr002","chald101","bayld001","millr001","rettm101","","","","8","T","F",10,5,2,"T","T",0,"F","F",1,"F","F",0,"F","F",8,"F","F","F","",0,0,"N",0,"N",0,"N",0,0,0,0,"8","","","","F","F","F","F","F","F","F","F","F","","","","F","F","F","F","F","","","","",0,8,0,0,0,0,0,0,0,49,"BAL","BAL","CAL",1,"T","F",1,3,0,22,0,"T","F",0,0,"T","T","moraa101","lopec101","T","T",0,0,0,0,0,0,0,0,0,"","","",0,0,0,0,0,0,0,0,0,0,0,0,0,"millr001","F","F","F","F",0,0,0,0,0,0,0,0,0,0,F,F,"1978BAL.EVA.regular.event.csv",2130
"BAL197806150","CAL",6,1,1,0,0,"",3,1,"moraa101","?","moraa101","?","tanaf001","?","tanaf001","?","downb001","rudij101","gricb001","jackr002","chald101","bayld001","millr001","rettm101","","","","53","F","F",7,6,2,"T","T",0,"F","F",1,"F","F",0,"F","F",5,"G","F","F","",0,0,"N",0,"N",0,"N",0,0,0,0,"53","","","","F","F","F","F","F","F","F","F","F","","","","F","F","F","F","F","","","","",0,3,0,0,5,0,0,0,0,50,"BAL","BAL","CAL",1,"F","F",1,3,0,23,1,"T","F",0,0,"T","T","lopec101","dempr001","T","T",0,0,0,0,0,0,0,0,0,"","","",0,0,0,0,0,0,0,0,0,0,0,0,0,"jackr002","F","F","F","F",0,0,0,0,0,0,0,0,0,0,F,F,"1978BAL.EVA.regular.event.csv",2131
"BAL197806150","CAL",6,1,2,0,0,"",3,1,"lopec101","?","lopec101","?","tanaf001","?","tanaf001","?","downb001","rudij101","gricb001","jackr002","chald101","bayld001","millr001","rettm101","","","","7","F","F",8,7,2,"T","T",0,"F","F",1,"F","F",0,"F","F",7,"F","F","F","",0,0,"N",0,"N",0,"N",0,0,0,0,"7","","","","F","F","F","F","F","F","F","F","F","","","","F","F","F","F","F","","","","",0,7,0,0,0,0,0,0,0,51,"BAL","BAL","CAL",1,"F","T",1,3,0,24,2,"T","F",0,0,"T","T","dempr001","smitb101","T","T",0,0,0,0,0,0,0,0,0,"","","",0,0,0,0,0,0,0,0,0,0,0,0,0,"bayld001","F","F","F","F",0,0,0,0,0,0,0,0,0,0,F,F,"1978BAL.EVA.regular.event.csv",2132
"BAL197806150","CAL",7,0,0,0,0,"",3,1,"hampi101","?","hampi101","?","mcgrs001","?","mcgrs001","?","dempr001","murre001","smitb101","dauer001","belam101","moraa101","lopec101","singk001","","","","K","T","F",10,9,3,"T","T",0,"F","F",1,"F","F",0,"F","F",0,"","F","F","",0,0,"N",0,"N",0,"N",0,0,0,0,"2","","","","F","F","F","F","F","F","F","F","F","","","","F","F","F","F","F","","","","",0,2,0,0,0,0,0,0,0,52,"BAL","CAL","BAL",0,"T","F",3,1,0,26,0,"T","F",0,0,"T","T","gricb001","millr001","T","T",0,0,0,0,0,0,0,0,0,"","","",0,0,0,0,0,0,0,0,0,0,0,0,0,"","F","F","F","F",0,0,0,0,0,0,0,0,0,0,F,F,"1978BAL.EVA.regular.event.csv",2133
"BAL197806150","CAL",7,0,1,0,0,"",3,1,"gricb001","?","gricb001","?","mcgrs001","?","mcgrs001","?","dempr001","murre001","smitb101","dauer001","belam101","moraa101","lopec101","singk001","","","","S","F","F",4,1,20,"T","T",1,"F","F",0,"F","F",0,"F","F",0,"","F","F","",0,0,"N",0,"N",0,"N",1,0,0,0,"","","","","F","F","F","F","F","F","F","F","F","","","","F","F","F","F","F","","","","",0,0,0,0,0,0,0,0,0,53,"BAL","CAL","BAL",0,"F","F",3,1,0,27,1,"T","F",0,1,"T","T","millr001","chald101","T","T",0,0,0,0,0,0,0,0,0,"","","",0,0,0,0,0,0,0,0,0,0,0,0,0,"","F","F","F","F",0,0,0,0,0,0,0,0,0,0,F,F,"1978BAL.EVA.regular.event.csv",2134
"BAL197806150","CAL",7,0,1,0,0,"",3,1,"millr001","?","millr001","?","mcgrs001","?","mcgrs001","?","dempr001","murre001","smitb101","dauer001","belam101","moraa101","lopec101","singk001","gricb001","","","6(1)3/GDP","F","F",8,2,2,"T","T",0,"F","F",2,"T","F",0,"F","F",6,"G","F","F","",0,0,"N",0,"N",0,"N",0,0,0,0,"63","6","","","F","F","F","F","F","F","F","F","F","mcgrs001","","","F","F","F","F","F","","","","",0,6,3,0,6,0,0,0,0,54,"BAL","CAL","BAL",0,"F","T",3,1,0,28,2,"T","F",1,0,"T","T","chald101","rudij101","T","T",4,1,53,0,0,0,0,0,0,"dempr001","","",0,0,0,0,0,0,0,0,0,0,0,0,0,"belam101","T","F","F","F",0,0,0,0,0,0,0,0,0,0,F,F,"1978BAL.EVA.regular.event.csv",2135
"BAL197806150","CAL",7,1,0,0,0,"",3,1,"dempr001","?","dempr001","?","tanaf001","?","tanaf001","?","downb001","rudij101","gricb001","jackr002","chald101","bayld001","millr001","rettm101","","","","63","T","F",2,8,2,"T","T",0,"F","F",1,"F","F",0,"F","F",6,"G","F","F","",0,0,"N",0,"N",0,"N",0,0,0,0,"63","","","","F","F","F","F","F","F","F","F","F","","","","F","F","F","F","F","","","","",0,3,0,0,6,0,0,0,0,55,"BAL","BAL","CAL",1,"T","F",1,3,0,25,0,"T","F",0,0,"T","T","smitb101","belam101","T","T",0,0,0,0,0,0,0,0,0,"","","",0,0,0,0,0,0,0,0,0,0,0,0,0,"chald101","F","F","F","F",0,0,0,0,0,0,0,0,0,0,F,F,"1978BAL.EVA.regular.event.csv",2136
"BAL197806150","CAL",7,1,1,0,0,"",3,1,"smitb101","?","smitb101","?","tanaf001","?","tanaf001","?","downb001","rudij101","gricb001","jackr002","chald101","bayld001","millr001","rettm101","","","","K","F","F",4,9,3,"T","T",0,"F","F",1,"F","F",0,"F","F",0,"","F","F","",0,0,"N",0,"N",0,"N",0,0,0,0,"2","","","","F","F","F","F","F","F","F","F","F","","","","F","F","F","F","F","","","","",0,2,0,0,0,0,0,0,0,56,"BAL","BAL","CAL",1,"F","F",1,3,0,26,1,"T","F",0,0,"T","T","belam101","dauer001","T","T",0,0,0,0,0,0,0,0,0,"","","",0,0,0,0,0,0,0,0,0,0,0,0,0,"","F","F","F","F",0,0,0,0,0,0,0,0,0,0,F,F,"1978BAL.EVA.regular.event.csv",2137
"BAL197806150","CAL",7,1,2,0,0,"",3,1,"belam101","?","belam101","?","tanaf001","?","tanaf001","?","downb001","rudij101","gricb001","jackr002","chald101","bayld001","millr001","rettm101","","","","7","F","F",6,1,2,"T","T",0,"F","F",1,"F","F",0,"F","F",7,"F","F","F","",0,0,"N",0,"N",0,"N",0,0,0,0,"7","","","","F","F","F","F","F","F","F","F","F","","","","F","F","F","F","F","","","","",0,7,0,0,0,0,0,0,0,57,"BAL","BAL","CAL",1,"F","T",1,3,0,27,2,"T","F",0,0,"T","T","dauer001","singk001","T","T",0,0,0,0,0,0,0,0,0,"","","",0,0,0,0,0,0,0,0,0,0,0,0,0,"bayld001","F","F","F","F",0,0,0,0,0,0,0,0,0,0,F,F,"1978BAL.EVA.regular.event.csv",2138
"BAL197806150","CAL",8,0,0,0,0,"",3,1,"chald101","?","chald101","?","mcgrs001","?","mcgrs001","?","dempr001","murre001","smitb101","dauer001","belam101","moraa101","lopec101","singk001","","","","W","T","F",6,3,14,"T","F",0,"F","F",0,"F","F",0,"F","F",0,"","F","F","",0,0,"N",0,"N",0,"N",1,0,0,0,"","","","","F","F","F","F","F","F","F","F","F","","","","F","F","F","F","F","","","","",0,0,0,0,0,0,0,0,0,58,"BAL","CAL","BAL",0,"T","F",3,1,0,29,0,"T","F",0,1,"T","T","rudij101","bayld001","T","T",0,0,0,0,0,0,0,0,0,"","","",0,0,0,0,0,0,0,0,0,0,0,0,0,"","F","F","F","F",4,0,0,0,2,0,0,0,0,0,F,F,"1978BAL.EVA.regular.event.csv",2139
"BAL197806150","CAL",8,0,0,0,0,"",3,1,"rudij101","?","rudij101","?","mcgrs001","?","mcgrs001","?","dempr001","murre001","smitb101","dauer001","belam101","moraa101","lopec101","singk001","chald101","","","S9.1-3;B-2(E9)","F","F",3,4,20,"T","T",1,"F","F",0,"F","F",0,"F","F",9,"","F","F","",1,9,"F",0,"N",0,"N",2,3,0,0,"","","","","F","F","F","F","F","F","F","F","F","mcgrs001","","","F","F","F","F","F","","","","",0,0,0,0,0,0,0,0,0,59,"BAL","CAL","BAL",0,"F","F",3,1,0,30,1,"T","F",1,6,"T","T","bayld001","jackr002","T","T",6,3,58,0,0,0,0,0,0,"dempr001","","",0,0,0,0,0,0,0,0,0,0,0,0,0,"singk001","F","F","F","F",5,4,0,0,2,0,0,0,0,0,F,F,"1978BAL.EVA.regular.event.csv",2140
"BAL197806150","CAL",8,0,0,0,0,"",3,1,"bayld001","?","bayld001","?","briln101","?","briln101","?","dempr001","murre001","smitb101","dauer001","belam101","moraa101","lopec101","singk001","","rudij101","chald101","IW","F","F",7,5,15,"T","F",0,"F","F",0,"F","F",0,"F","F",0,"","F","F","",0,0,"N",0,"N",0,"N",1,0,2,3,"","","","","F","F","F","F","F","F","F","F","F","","mcgrs001","mcgrs001","F","F","F","F","F","","","","",0,0,0,0,0,0,0,0,0,60,"BAL","CAL","BAL",0,"F","F",3,1,0,31,2,"T","F",6,7,"T","T","jackr002","rettm101","F","F",0,0,0,3,4,59,6,3,58,"","dempr001","dempr001",0,0,0,0,0,0,0,0,0,0,0,0,0,"","F","F","F","F",0,0,5,4,2,0,0,0,0,0,F,F,"1978BAL.EVA.regular.event.csv",2141
"BAL197806150","CAL",8,0,0,0,0,"",3,1,"jackr002","?","jackr002","?","briln101","?","briln101","?","dempr001","murre001","smitb101","dauer001","belam101","moraa101","lopec101","singk001","bayld001","rudij101","chald101","E5.3-H(NR);2-H(NR)(UR);1-3;B-2","F","F",5,6,18,"T","T",0,"F","F",0,"F","F",0,"F","F",5,"G","F","F","",1,5,"F",0,"N",0,"N",2,3,5,4,"","","","","F","F","F","F","F","F","F","F","F","briln101","mcgrs001","mcgrs001","F","F","F","F","F","","","","",0,0,0,0,0,0,0,0,0,61,"BAL","CAL","BAL",0,"F","F",3,1,0,32,3,"T","F",7,6,"T","T","rettm101","downb001","F","F",7,5,60,3,4,59,6,3,58,"dempr001","dempr001","dempr001",0,0,0,0,0,0,0,0,0,0,0,0,2,"dauer001","F","F","F","T",3,0,5,4,0,0,0,0,0,0,F,F,"1978BAL.EVA.regular.event.csv",2142
"BAL197806150","CAL",8,0,0,0,0,"",5,1,"rettm101","?","rettm101","?","briln101","?","briln101","?","dempr001","murre001","smitb101","dauer001","belam101","moraa101","lopec101","singk001","","jackr002","bayld001","W","F","F",9,7,14,"T","F",0,"F","F",0,"F","F",0,"F","F",0,"","F","F","",0,0,"N",0,"N",0,"N",1,0,2,3,"","","","","F","F","F","F","F","F","F","F","F","","briln101","briln101","F","F","F","F","F","","","","",0,0,0,0,0,0,0,0,0,62,"BAL","CAL","BAL",0,"F","F",5,1,2,33,4,"T","F",6,7,"T","T","downb001","hampi101","F","F",0,0,0,5,6,61,7,5,60,"","dempr001","dempr001",0,0,0,0,0,0,0,0,0,0,0,0,0,"","F","F","F","F",2,0,3,0,0,0,0,0,0,0,F,F,"1978BAL.EVA.regular.event.csv",2143
"BAL197806150","CAL",8,0,0,0,0,"",5,1,"downb001","?","downb001","?","briln101","?","briln101","?","dempr001","murre001","smitb101","dauer001","belam101","moraa101","lopec101","singk001","rettm101","jackr002","bayld001","62(3)/FO.2-3;1-2","F","F",2,8,2,"T","T",0,"F","F",1,"F","F",0,"F","F",6,"G","F","F","",0,0,"N",0,"N",0,"N",1,2,3,0,"","","","62","F","F","F","F","F","F","F","F","F","briln101","briln101","briln101","F","F","F","F","F","","","","",0,2,0,0,6,0,0,0,0,63,"BAL","CAL","BAL",0,"F","F",5,1,2,34,5,"T","F",7,7,"T","T","hampi101","gricb001","F","F",9,7,62,5,6,61,7,5,60,"dempr001","dempr001","dempr001",0,0,0,0,0,0,0,0,0,0,0,0,0,"belam101","F","F","T","F",0,2,3,0,0,0,0,0,0,0,F,F,"1978BAL.EVA.regular.event.csv",2144
"BAL197806150","CAL",8,0,1,0,0,"",5,1,"solat101","?","solat101","?","briln101","?","briln101","?","dempr001","murre001","smitb101","dauer001","belam101","moraa101","lopec101","singk001","downb001","rettm101","jackr002","36(1)3/GDP","F","T",10,9,2,"T","T",0,"F","F",2,"T","F",0,"F","F",3,"G","F","F","",0,0,"N",0,"N",0,"N",0,0,2,3,"63","36","","","F","F","F","F","F","F","F","F","F","briln101","briln101","briln101","F","F","F","F","F","","","","hampi101",10,6,3,0,3,6,0,0,0,64,"BAL","CAL","BAL",0,"F","T",5,1,2,35,6,"T","F",7,6,"F","F","gricb001","millr001","F","F",2,8,63,9,7,62,5,6,61,"dempr001","dempr001","dempr001",0,0,0,0,0,0,0,0,0,0,0,0,0,"murre001","T","F","F","F",0,0,2,3,0,0,0,0,0,0,F,F,"1978BAL.EVA.regular.event.csv",2145
"BAL197806150","CAL",8,1,0,0,0,"",5,1,"dauer001","?","dauer001","?","tanaf001","?","tanaf001","?","downb001","fairr101","gricb001","jackr002","chald101","rudij101","millr001","rettm101","","","","9","T","F",5,2,2,"T","T",0,"F","F",1,"F","F",0,"F","F",9,"F","F","F","",0,0,"N",0,"N",0,"N",0,0,0,0,"9","","","","F","F","F","F","F","F","F","F","F","","","","F","F","F","F","F","","","","",0,9,0,0,0,0,0,0,0,65,"BAL","BAL","CAL",1,"T","F",1,5,0,28,0,"T","F",0,0,"T","T","singk001","murre001","T","T",0,0,0,0,0,0,0,0,0,"","","",0,0,0,0,0,0,0,0,0,0,0,0,0,"rettm101","F","F","F","F",0,0,0,0,0,0,0,0,0,0,F,F,"1978BAL.EVA.regular.event.csv",2146
"BAL197806150","CAL",8,1,1,0,0,"",5,1,"singk001","?","singk001","?","tanaf001","?","tanaf001","?","downb001","fairr101","gricb001","jackr002","chald101","rudij101","millr001","rettm101","","","","K","F","F",9,3,3,"T","T",0,"F","F",1,"F","F",0,"F","F",0,"","F","F","",0,0,"N",0,"N",0,"N",0,0,0,0,"2","","","","F","F","F","F","F","F","F","F","F","","","","F","F","F","F","F","","","","",0,2,0,0,0,0,0,0,0,66,"BAL","BAL","CAL",1,"F","F",1,5,0,29,1,"T","F",0,0,"T","T","murre001","may-l101","T","T",0,0,0,0,0,0,0,0,0,"","","",0,0,0,0,0,0,0,0,0,0,0,0,0,"","F","F","F","F",0,0,0,0,0,0,0,0,0,0,F,F,"1978BAL.EVA.regular.event.csv",2147
"BAL197806150","CAL",8,1,2,0,0,"",5,1,"murre001","?","murre001","?","tanaf001","?","tanaf001","?","downb001","fairr101","gricb001","jackr002","chald101","rudij101","millr001","rettm101","","","","8","F","F",3,4,2,"T","T",0,"F","F",1,"F","F",0,"F","F",8,"F","F","F","",0,0,"N",0,"N",0,"N",0,0,0,0,"8","","","","F","F","F","F","F","F","F","F","F","","","","F","F","F","F","F","","","","",0,8,0,0,0,0,0,0,0,67,"BAL","BAL","CAL",1,"F","T",1,5,0,30,2,"T","F",0,0,"T","T","may-l101","moraa101","T","T",0,0,0,0,0,0,0,0,0,"","","",0,0,0,0,0,0,0,0,0,0,0,0,0,"millr001","F","F","F","F",0,0,0,0,0,0,0,0,0,0,F,F,"1978BAL.EVA.regular.event.csv",2148
"BAL197806150","CAL",9,0,0,0,0,"",5,1,"gricb001","?","gricb001","?","briln101","?","briln101","?","dempr001","murre001","smitb101","dauer001","belam101","moraa101","lopec101","singk001","","","","2","T","F",4,1,2,"T","T",0,"F","F",1,"F","F",0,"F","F",2,"F","F","F","",0,0,"N",0,"N",0,"N",0,0,0,0,"2","","","","F","F","F","F","F","F","F","F","F","","","","F","F","F","F","F","","","","",0,2,0,0,0,0,0,0,0,68,"BAL","CAL","BAL",0,"T","F",5,1,0,36,0,"T","F",0,0,"T","T","millr001","chald101","F","F",0,0,0,0,0,0,0,0,0,"","","",0,0,0,0,0,0,0,0,0,0,0,0,0,"dempr001","F","F","F","F",0,0,0,0,0,0,0,0,0,0,F,F,"1978BAL.EVA.regular.event.csv",2149
"BAL197806150","CAL",9,0,1,0,0,"",5,1,"millr001","?","millr001","?","briln101","?","briln101","?","dempr001","murre001","smitb101","dauer001","belam101","moraa101","lopec101","singk001","","","","S4","F","F",8,2,20,"T","T",1,"F","F",0,"F","F",0,"F","F",4,"","F","F","",0,0,"N",0,"N",0,"N",1,0,0,0,"","","","","F","F","F","F","F","F","F","F","F","","","","F","F","F","F","F","","","","",0,0,0,0,0,0,0,0,0,69,"BAL","CAL","BAL",0,"F","F",5,1,0,37,1,"T","F",0,1,"T","T","chald101","rudij101","F","F",0,0,0,0,0,0,0,0,0,"","","",0,0,0,0,0,0,0,0,0,0,0,0,0,"smitb101","F","F","F","F",0,0,0,0,0,0,0,0,0,0,F,F,"1978BAL.EVA.regular.event.csv",2150
"BAL197806150","CAL",9,0,1,0,0,"",5,1,"chald101","?","chald101","?","briln101","?","briln101","?","dempr001","murre001","smitb101","dauer001","belam101","moraa101","lopec101","singk001","millr001","","","S9.1-3","F","F",6,3,20,"T","T",1,"F","F",0,"F","F",0,"F","F",9,"","F","F","",0,0,"N",0,"N",0,"N",1,3,0,0,"","","","","F","F","F","F","F","F","F","F","F","briln101","","","F","F","F","F","F","","","","",0,0,0,0,0,0,0,0,0,70,"BAL","CAL","BAL",0,"F","F",5,1,0,38,2,"T","F",1,5,"T","T","rudij101","fairr101","F","F",8,2,69,0,0,0,0,0,0,"dempr001","","",0,0,0,0,0,0,0,0,0,0,0,0,0,"singk001","F","F","F","F",0,0,0,0,0,0,0,0,0,0,F,F,"1978BAL.EVA.regular.event.csv",2151
"BAL197806150","CAL",9,0,1,0,0,"",5,1,"rudij101","?","rudij101","?","briln101","?","briln101","?","dempr001","murre001","smitb101","dauer001","belam101","moraa101","lopec101","singk001","chald101","","millr001","K","F","F",7,4,3,"T","T",0,"F","F",1,"F","F",0,"F","F",0,"","F","F","",0,0,"N",0,"N",0,"N",0,1,0,3,"2","","","","F","F","F","F","F","F","F","F","F","briln101","","briln101","F","F","F","F","F","","","","",0,2,0,0,0,0,0,0,0,71,"BAL","CAL","BAL",0,"F","F",5,1,0,39,3,"T","F",5,5,"T","T","fairr101","jackr002","F","F",6,3,70,0,0,0,8,2,69,"dempr001","","dempr001",0,0,0,0,0,0,0,0,0,0,0,0,0,"","F","F","F","F",0,0,0,0,0,0,0,0,0,0,F,F,"1978BAL.EVA.regular.event.csv",2152
"BAL197806150","CAL",9,0,2,0,0,"",5,1,"fairr101","?","fairr101","?","briln101","?","briln101","?","dempr001","murre001","smitb101","dauer001","belam101","moraa101","lopec101","singk001","chald101","","millr001","53","F","F",3,5,2,"T","T",0,"F","F",1,"F","F",0,"F","F",5,"G","F","F","",0,0,"N",0,"N",0,"N",0,1,0,3,"53","","","","F","F","F","F","F","F","F","F","F","briln101","","briln101","F","F","F","F","F","","","","",0,3,0,0,5,0,0,0,0,72,"BAL","CAL","BAL",0,"F","T",5,1,0,40,4,"T","F",5,5,"F","F","jackr002","rettm101","F","F",6,3,70,0,0,0,8,2,69,"dempr001","","dempr001",0,0,0,0,0,0,0,0,0,0,0,0,0,"dauer001","F","F","F","F",0,0,0,0,0,0,0,0,0,0,F,F,"1978BAL.EVA.regular.event.csv",2153
"BAL197806150","CAL",9,1,0,0,0,"",5,1,"may-l101","?","may-l101","?","tanaf001","?","tanaf001","?","downb001","fairr101","gricb001","jackr002","chald101","rudij101","millr001","rettm101","","","","43","T","F",10,5,2,"T","T",0,"F","F",1,"F","F",0,"F","F",4,"G","F","F","",0,0,"N",0,"N",0,"N",0,0,0,0,"43","","","","F","F","F","F","F","F","F","F","F","","","","F","F","F","F","F","","","","",0,3,0,0,4,0,0,0,0,73,"BAL","BAL","CAL",1,"T","F",1,5,0,31,0,"T","F",0,0,"T","T","moraa101","lopec101","T","T",0,0,0,0,0,0,0,0,0,"","","",0,0,0,0,0,0,0,0,0,0,0,0,0,"gricb001","F","F","F","F",0,0,0,0,0,0,0,0,0,0,F,F,"1978BAL.EVA.regular.event.csv",2154
"BAL197806150","CAL",9,1,1,0,0,"",5,1,"moraa101","?","moraa101","?","tanaf001","?","tanaf001","?","downb001","fairr101","gricb001","jackr002","chald101","rudij101","millr001","rettm101","","","","S7","F","F",7,6,20,"T","T",1,"F","F",0,"F","F",0,"F","F",7,"","F","F","",0,0,"N",0,"N",0,"N",1,0,0,0,"","","","","F","F","F","F","F","F","F","F","F","","","","F","F","F","F","F","","","","",0,0,0,0,0,0,0,0,0,74,"BAL","BAL","CAL",1,"F","F",1,5,0,32,1,"T","F",0,1,"T","T","lopec101","dempr001","T","T",0,0,0,0,0,0,0,0,0,"","","",0,0,0,0,0,0,0,0,0,0,0,0,0,"rudij101","F","F","F","F",0,0,0,0,0,0,0,0,0,0,F,F,"1978BAL.EVA.regular.event.csv",2155
"BAL197806150","CAL",9,1,1,0,0,"",5,1,"lopec101","?","lopec101","?","tanaf001","?","tanaf001","?","downb001","fairr101","gricb001","jackr002","chald101","rudij101","millr001","rettm101","moraa101","","","64(1)3/GDP","F","F",8,7,2,"T","T",0,"F","F",2,"T","F",0,"F","F",6,"G","F","F","",0,0,"N",0,"N",0,"N",0,0,0,0,"43","64","","","F","F","F","F","F","F","F","F","F","tanaf001","","","F","T","F","F","F","","","","",0,4,3,0,6,4,0,0,0,75,"BAL","BAL","CAL",1,"F","T",1,5,0,33,2,"T","F",1,0,"T","T","dempr001","smitb101","T","T",7,6,74,0,0,0,0,0,0,"downb001","","",0,0,0,0,0,0,0,0,0,0,0,0,0,"chald101","T","F","F","F",0,0,0,0,0,0,0,0,0,0,F,F,"1978BAL.EVA.regular.event.csv",2156
"BAL197806160","OAK",1,0,0,0,0,"",0,0,"alstd101","?","alstd101","?","martd001","?","martd001","?","skagd101","murre001","smitb101","dauer001","belam101","kellp101","harll101","singk001","","","","1","T","F",7,1,2,"T","T",0,"F","F",1,"F","F",0,"F","F",1,"F","F","F","",0,0,"N",0,"N",0,"N",0,0,0,0,"1","","","","F","F","F","F","F","F","F","F","F","","","","T","F","F","F","F","","","","",0,1,0,0,0,0,0,0,0,1,"BAL","OAK","BAL",0,"T","F",0,0,0,0,0,"T","F",0,0,"T","T","murrl101","guerm101","T","T",0,0,0,0,0,0,0,0,0,"","","",0,0,0,0,0,0,0,0,0,0,0,0,0,"martd001","F","F","F","F",0,0,0,0,0,0,0,0,0,0,F,F,"1978BAL.EVA.regular.event.csv",2157
"BAL197806160","OAK",1,0,1,0,0,"",0,0,"murrl101","?","murrl101","?","martd001","?","martd001","?","skagd101","murre001","smitb101","dauer001","belam101","kellp101","harll101","singk001","","","","23","F","F",9,2,2,"T","T",0,"F","F",1,"F","F",0,"F","F",2,"G","F","F","",0,0,"N",0,"N",0,"N",0,0,0,0,"23","","","","F","F","F","F","F","F","F","F","F","","","","F","F","F","F","F","","","","",0,3,0,0,2,0,0,0,0,2,"BAL","OAK","BAL",0,"F","F",0,0,0,1,1,"T","F",0,0,"T","T","guerm101","reved101","T","T",0,0,0,0,0,0,0,0,0,"","","",0,0,0,0,0,0,0,0,0,0,0,0,0,"skagd101","F","F","F","F",0,0,0,0,0,0,0,0,0,0,F,F,"1978BAL.EVA.regular.event.csv",2158
"BAL197806160","OAK",1,0,2,0,0,"",0,0,"guerm101","?","guerm101","?","martd001","?","martd001","?","skagd101","murre001","smitb101","dauer001","belam101","kellp101","harll101","singk001","","","","S9","F","F",6,3,20,"T","T",1,"F","F",0,"F","F",0,"F","F",9,"","F","F","",0,0,"N",0,"N",0,"N",1,0,0,0,"","","","","F","F","F","F","F","F","F","F","F","","","","F","F","F","F","F","","","","",0,0,0,0,0,0,0,0,0,3,"BAL","OAK","BAL",0,"F","F",0,0,0,2,2,"T","F",0,1,"T","T","reved101","pagem001","T","T",0,0,0,0,0,0,0,0,0,"","","",0,0,0,0,0,0,0,0,0,0,0,0,0,"singk001","F","F","F","F",0,0,0,0,0,0,0,0,0,0,F,F,"1978BAL.EVA.regular.event.csv",2159
"BAL197806160","OAK",1,0,2,0,0,"",0,0,"reved101","?","reved101","?","martd001","?","martd001","?","skagd101","murre001","smitb101","dauer001","belam101","kellp101","harll101","singk001","guerm101","","","S7.1-2","F","F",3,4,20,"T","T",1,"F","F",0,"F","F",0,"F","F",7,"","F","F","",0,0,"N",0,"N",0,"N",1,2,0,0,"","","","","F","F","F","F","F","F","F","F","F","martd001","","","F","F","F","F","F","","","","",0,0,0,0,0,0,0,0,0,4,"BAL","OAK","BAL",0,"F","F",0,0,0,3,3,"T","F",1,3,"T","T","pagem001","grosw001","T","T",6,3,3,0,0,0,0,0,0,"skagd101","","",0,0,0,0,0,0,0,0,0,0,0,0,0,"kellp101","F","F","F","F",0,0,0,0,0,0,0,0,0,0,F,F,"1978BAL.EVA.regular.event.csv",2160
"BAL197806160","OAK",1,0,2,0,0,"",0,0,"pagem001","?","pagem001","?","martd001","?","martd001","?","skagd101","murre001","smitb101","dauer001","belam101","kellp101","harll101","singk001","reved101","guerm101","","43","F","F",10,5,2,"T","T",0,"F","F",1,"F","F",0,"F","F",4,"G","F","F","",0,0,"N",0,"N",0,"N",0,1,2,0,"43","","","","F","F","F","F","F","F","F","F","F","martd001","martd001","","F","F","F","F","F","","","","",0,3,0,0,4,0,0,0,0,5,"BAL","OAK","BAL",0,"F","T",0,0,0,4,4,"T","F",3,3,"T","T","grosw001","armat001","T","T",3,4,4,6,3,3,0,0,0,"skagd101","skagd101","",0,0,0,0,0,0,0,0,0,0,0,0,0,"smitb101","F","F","F","F",0,0,0,0,0,0,0,0,0,0,F,F,"1978BAL.EVA.regular.event.csv",2161
"BAL197806160","OAK",1,1,0,0,0,"",0,0,"harll101","?","harll101","?","langr001","?","langr001","?","essij001","reved101","edwam101","grosw001","guerm101","alstd101","armat001","murrl101","","","","43","T","F",8,1,2,"T","T",0,"F","F",1,"F","F",0,"F","F",4,"G","F","F","",0,0,"N",0,"N",0,"N",0,0,0,0,"43","","","","F","F","F","F","F","F","F","F","F","","","","F","F","F","F","F","","","","",0,3,0,0,4,0,0,0,0,6,"BAL","BAL","OAK",1,"T","F",0,0,0,0,0,"T","F",0,0,"T","T","dauer001","murre001","T","T",0,0,0,0,0,0,0,0,0,"","","",0,0,0,0,0,0,0,0,0,0,0,0,0,"edwam101","F","F","F","F",0,0,0,0,0,0,0,0,0,0,F,F,"1978BAL.EVA.regular.event.csv",2162
"BAL197806160","OAK",1,1,1,0,0,"",0,0,"dauer001","?","dauer001","?","langr001","?","langr001","?","essij001","reved101","edwam101","grosw001","guerm101","alstd101","armat001","murrl101","","","","8","F","F",5,2,2,"T","T",0,"F","F",1,"F","F",0,"F","F",8,"F","F","F","",0,0,"N",0,"N",0,"N",0,0,0,0,"8","","","","F","F","F","F","F","F","F","F","F","","","","F","F","F","F","F","","","","",0,8,0,0,0,0,0,0,0,7,"BAL","BAL","OAK",1,"F","F",0,0,0,1,1,"T","F",0,0,"T","T","murre001","singk001","T","T",0,0,0,0,0,0,0,0,0,"","","",0,0,0,0,0,0,0,0,0,0,0,0,0,"armat001","F","F","F","F",0,0,0,0,0,0,0,0,0,0,F,F,"1978BAL.EVA.regular.event.csv",2163
"BAL197806160","OAK",1,1,2,0,0,"",0,0,"murre001","?","murre001","?","langr001","?","langr001","?","essij001","reved101","edwam101","grosw001","guerm101","alstd101","armat001","murrl101","","","","K/C","F","F",3,3,3,"T","T",0,"F","F",1,"F","F",0,"F","F",0,"","F","F","",0,0,"N",0,"N",0,"N",0,0,0,0,"2","","","","F","F","F","F","F","F","F","F","F","","","","F","F","F","F","F","","","","",0,2,0,0,0,0,0,0,0,8,"BAL","BAL","OAK",1,"F","T",0,0,0,2,2,"T","F",0,0,"T","T","singk001","may-l101","T","T",0,0,0,0,0,0,0,0,0,"","","",0,0,0,0,0,0,0,0,0,0,0,0,0,"","F","F","F","F",0,0,0,0,0,0,0,0,0,0,F,F,"1978BAL.EVA.regular.event.csv",2164
"BAL197806160","OAK",2,0,0,0,0,"",0,0,"grosw001","?","grosw001","?","martd001","?","martd001","?","skagd101","murre001","smitb101","dauer001","belam101","kellp101","harll101","singk001","","","","43","T","F",5,6,2,"T","T",0,"F","F",1,"F","F",0,"F","F",4,"G","F","F","",0,0,"N",0,"N",0,"N",0,0,0,0,"43","","","","F","F","F","F","F","F","F","F","F","","","","F","F","F","F","F","","","","",0,3,0,0,4,0,0,0,0,9,"BAL","OAK","BAL",0,"T","F",0,0,0,5,0,"T","F",0,0,"T","T","armat001","essij001","T","T",0,0,0,0,0,0,0,0,0,"","","",0,0,0,0,0,0,0,0,0,0,0,0,0,"smitb101","F","F","F","F",0,0,0,0,0,0,0,0,0,0,F,F,"1978BAL.EVA.regular.event.csv",2165
"BAL197806160","OAK",2,0,1,0,0,"",0,0,"armat001","?","armat001","?","martd001","?","martd001","?","skagd101","murre001","smitb101","dauer001","belam101","kellp101","harll101","singk001","","","","K","F","F",8,7,3,"T","T",0,"F","F",1,"F","F",0,"F","F",0,"","F","F","",0,0,"N",0,"N",0,"N",0,0,0,0,"2","","","","F","F","F","F","F","F","F","F","F","","","","F","F","F","F","F","","","","",0,2,0,0,0,0,0,0,0,10,"BAL","OAK","BAL",0,"F","F",0,0,0,6,1,"T","F",0,0,"T","T","essij001","edwam101","T","T",0,0,0,0,0,0,0,0,0,"","","",0,0,0,0,0,0,0,0,0,0,0,0,0,"","F","F","F","F",0,0,0,0,0,0,0,0,0,0,F,F,"1978BAL.EVA.regular.event.csv",2166
"BAL197806160","OAK",2,0,2,0,0,"",0,0,"essij001","?","essij001","?","martd001","?","martd001","?","skagd101","murre001","smitb101","dauer001","belam101","kellp101","harll101","singk001","","","","D7","F","F",2,8,21,"T","T",2,"F","F",0,"F","F",0,"F","F",7,"","F","F","",0,0,"N",0,"N",0,"N",2,0,0,0,"","","","","F","F","F","F","F","F","F","F","F","","","","F","F","F","F","F","","","","",0,0,0,0,0,0,0,0,0,11,"BAL","OAK","BAL",0,"F","F",0,0,0,7,2,"T","F",0,2,"T","T","edwam101","alstd101","T","T",0,0,0,0,0,0,0,0,0,"","","",0,0,0,0,0,0,0,0,0,0,0,0,0,"kellp101","F","F","F","F",0,0,0,0,0,0,0,0,0,0,F,F,"1978BAL.EVA.regular.event.csv",2167
"BAL197806160","OAK",2,0,2,0,0,"",0,0,"edwam101","?","edwam101","?","martd001","?","martd001","?","skagd101","murre001","smitb101","dauer001","belam101","kellp101","harll101","singk001","","essij001","","63","F","F",4,9,2,"T","T",0,"F","F",1,"F","F",0,"F","F",6,"G","F","F","",0,0,"N",0,"N",0,"N",0,0,2,0,"63","","","","F","F","F","F","F","F","F","F","F","","martd001","","F","F","F","F","F","","","","",0,3,0,0,6,0,0,0,0,12,"BAL","OAK","BAL",0,"F","T",0,0,0,8,3,"T","F",2,2,"T","T","alstd101","murrl101","T","T",0,0,0,2,8,11,0,0,0,"","skagd101","",0,0,0,0,0,0,0,0,0,0,0,0,0,"belam101","F","F","F","F",0,0,0,0,0,0,0,0,0,0,F,F,"1978BAL.EVA.regular.event.csv",2168
"BAL197806160","OAK",2,1,0,0,0,"",0,0,"singk001","?","singk001","?","langr001","?","langr001","?","essij001","reved101","edwam101","grosw001","guerm101","alstd101","armat001","murrl101","","","","K","T","F",9,4,3,"T","T",0,"F","F",1,"F","F",0,"F","F",0,"","F","F","",0,0,"N",0,"N",0,"N",0,0,0,0,"2","","","","F","F","F","F","F","F","F","F","F","","","","F","F","F","F","F","","","","",0,2,0,0,0,0,0,0,0,13,"BAL","BAL","OAK",1,"T","F",0,0,0,3,0,"T","F",0,0,"T","T","may-l101","kellp101","T","T",0,0,0,0,0,0,0,0,0,"","","",0,0,0,0,0,0,0,0,0,0,0,0,0,"","F","F","F","F",0,0,0,0,0,0,0,0,0,0,F,F,"1978BAL.EVA.regular.event.csv",2169
"BAL197806160","OAK",2,1,1,0,0,"",0,0,"may-l101","?","may-l101","?","langr001","?","langr001","?","essij001","reved101","edwam101","grosw001","guerm101","alstd101","armat001","murrl101","","","","K/C","F","F",10,5,3,"T","T",0,"F","F",1,"F","F",0,"F","F",0,"","F","F","",0,0,"N",0,"N",0,"N",0,0,0,0,"2","","","","F","F","F","F","F","F","F","F","F","","","","F","F","F","F","F","","","","",0,2,0,0,0,0,0,0,0,14,"BAL","BAL","OAK",1,"F","F",0,0,0,4,1,"T","F",0,0,"T","T","kellp101","smitb101","T","T",0,0,0,0,0,0,0,0,0,"","","",0,0,0,0,0,0,0,0,0,0,0,0,0,"","F","F","F","F",0,0,0,0,0,0,0,0,0,0,F,F,"1978BAL.EVA.regular.event.csv",2170
"BAL197806160","OAK",2,1,2,0,0,"",0,0,"kellp101","?","kellp101","?","langr001","?","langr001","?","essij001","reved101","edwam101","grosw001","guerm101","alstd101","armat001","murrl101","","","","8","F","F",7,6,2,"T","T",0,"F","F",1,"F","F",0,"F","F",8,"F","F","F","",0,0,"N",0,"N",0,"N",0,0,0,0,"8","","","","F","F","F","F","F","F","F","F","F","","","","F","F","F","F","F","","","","",0,8,0,0,0,0,0,0,0,15,"BAL","BAL","OAK",1,"F","T",0,0,0,5,2,"T","F",0,0,"T","T","smitb101","belam101","T","T",0,0,0,0,0,0,0,0,0,"","","",0,0,0,0,0,0,0,0,0,0,0,0,0,"armat001","F","F","F","F",0,0,0,0,0,0,0,0,0,0,F,F,"1978BAL.EVA.regular.event.csv",2171
"BAL197806160","OAK",3,0,0,0,0,"",0,0,"alstd101","?","alstd101","?","martd001","?","martd001","?","skagd101","murre001","smitb101","dauer001","belam101","kellp101","harll101","singk001","","","","43","T","F",7,1,2,"T","T",0,"F","F",1,"F","F",0,"F","F",4,"G","F","F","",0,0,"N",0,"N",0,"N",0,0,0,0,"43","","","","F","F","F","F","F","F","F","F","F","","","","F","F","F","F","F","","","","",0,3,0,0,4,0,0,0,0,16,"BAL","OAK","BAL",0,"T","F",0,0,0,9,0,"T","F",0,0,"T","T","murrl101","guerm101","T","T",0,0,0,0,0,0,0,0,0,"","","",0,0,0,0,0,0,0,0,0,0,0,0,0,"smitb101","F","F","F","F",0,0,0,0,0,0,0,0,0,0,F,F,"1978BAL.EVA.regular.event.csv",2172
"BAL197806160","OAK",3,0,1,0,0,"",0,0,"murrl101","?","murrl101","?","martd001","?","martd001","?","skagd101","murre001","smitb101","dauer001","belam101","kellp101","harll101","singk001","","","","53","F","F",9,2,2,"T","T",0,"F","F",1,"F","F",0,"F","F",5,"G","F","F","",0,0,"N",0,"N",0,"N",0,0,0,0,"53","","","","F","F","F","F","F","F","F","F","F","","","","F","F","F","F","F","","","","",0,3,0,0,5,0,0,0,0,17,"BAL","OAK","BAL",0,"F","F",0,0,0,10,1,"T","F",0,0,"T","T","guerm101","reved101","T","T",0,0,0,0,0,0,0,0,0,"","","",0,0,0,0,0,0,0,0,0,0,0,0,0,"dauer001","F","F","F","F",0,0,0,0,0,0,0,0,0,0,F,F,"1978BAL.EVA.regular.event.csv",2173
"BAL197806160","OAK",3,0,2,0,0,"",0,0,"guerm101","?","guerm101","?","martd001","?","martd001","?","skagd101","murre001","smitb101","dauer001","belam101","kellp101","harll101","singk001","","","","5/L","F","F",6,3,2,"T","T",0,"F","F",1,"F","F",0,"F","F",5,"L","F","F","",0,0,"N",0,"N",0,"N",0,0,0,0,"5","","","","F","F","F","F","F","F","F","F","F","","","","F","F","F","F","F","","","","",0,5,0,0,0,0,0,0,0,18,"BAL","OAK","BAL",0,"F","T",0,0,0,11,2,"T","F",0,0,"T","T","reved101","pagem001","T","T",0,0,0,0,0,0,0,0,0,"","","",0,0,0,0,0,0,0,0,0,0,0,0,0,"dauer001","F","F","F","F",0,0,0,0,0,0,0,0,0,0,F,F,"1978BAL.EVA.regular.event.csv",2174
"BAL197806160","OAK",3,1,0,0,0,"",0,0,"smitb101","?","smitb101","?","langr001","?","langr001","?","essij001","reved101","edwam101","grosw001","guerm101","alstd101","armat001","murrl101","","","","2","T","F",4,7,2,"T","T",0,"F","F",1,"F","F",0,"F","F",2,"F","F","F","",0,0,"N",0,"N",0,"N",0,0,0,0,"2","","","","F","F","F","F","F","F","F","F","F","","","","F","F","F","F","F","","","","",0,2,0,0,0,0,0,0,0,19,"BAL","BAL","OAK",1,"T","F",0,0,0,6,0,"T","F",0,0,"T","T","belam101","skagd101","T","T",0,0,0,0,0,0,0,0,0,"","","",0,0,0,0,0,0,0,0,0,0,0,0,0,"essij001","F","F","F","F",0,0,0,0,0,0,0,0,0,0,F,F,"1978BAL.EVA.regular.event.csv",2175
"BAL197806160","OAK",3,1,1,0,0,"",0,0,"belam101","?","belam101","?","langr001","?","langr001","?","essij001","reved101","edwam101","grosw001","guerm101","alstd101","armat001","murrl101","","","","S7","F","F",6,8,20,"T","T",1,"F","F",0,"F","F",0,"F","F",7,"","F","F","",0,0,"N",0,"N",0,"N",1,0,0,0,"","","","","F","F","F","F","F","F","F","F","F","","","","F","F","F","F","F","","","","",0,0,0,0,0,0,0,0,0,20,"BAL","BAL","OAK",1,"F","F",0,0,0,7,1,"T","F",0,1,"T","T","skagd101","harll101","T","T",0,0,0,0,0,0,0,0,0,"","","",0,0,0,0,0,0,0,0,0,0,0,0,0,"alstd101","F","F","F","F",0,0,0,0,0,0,0,0,0,0,F,F,"1978BAL.EVA.regular.event.csv",2176
"BAL197806160","OAK",3,1,1,0,0,"",0,0,"skagd101","?","skagd101","?","langr001","?","langr001","?","essij001","reved101","edwam101","grosw001","guerm101","alstd101","armat001","murrl101","belam101","","","K","F","F",2,9,3,"T","T",0,"F","F",1,"F","F",0,"F","F",0,"","F","F","",0,0,"N",0,"N",0,"N",0,1,0,0,"2","","","","F","F","F","F","F","F","F","F","F","langr001","","","F","F","F","F","F","","","","",0,2,0,0,0,0,0,0,0,21,"BAL","BAL","OAK",1,"F","F",0,0,0,8,2,"T","F",1,1,"T","T","harll101","dauer001","T","T",6,8,20,0,0,0,0,0,0,"essij001","","",0,0,0,0,0,0,0,0,0,0,0,0,0,"","F","F","F","F",0,0,0,0,0,0,0,0,0,0,F,F,"1978BAL.EVA.regular.event.csv",2177
"BAL197806160","OAK",3,1,2,0,0,"",0,0,"harll101","?","harll101","?","langr001","?","langr001","?","essij001","reved101","edwam101","grosw001","guerm101","alstd101","armat001","murrl101","belam101","","","7","F","F",8,1,2,"T","T",0,"F","F",1,"F","F",0,"F","F",7,"F","F","F","",0,0,"N",0,"N",0,"N",0,1,0,0,"7","","","","F","F","F","F","F","F","F","F","F","langr001","","","F","F","F","F","F","","","","",0,7,0,0,0,0,0,0,0,22,"BAL","BAL","OAK",1,"F","T",0,0,0,9,3,"T","F",1,1,"T","T","dauer001","murre001","T","T",6,8,20,0,0,0,0,0,0,"essij001","","",0,0,0,0,0,0,0,0,0,0,0,0,0,"alstd101","F","F","F","F",0,0,0,0,0,0,0,0,0,0,F,F,"1978BAL.EVA.regular.event.csv",2178
"BAL197806160","OAK",4,0,0,0,0,"",0,0,"reved101","?","reved101","?","martd001","?","martd001","?","skagd101","murre001","smitb101","dauer001","belam101","kellp101","harll101","singk001","","","","S9","T","F",3,4,20,"T","T",1,"F","F",0,"F","F",0,"F","F",9,"","F","F","",0,0,"N",0,"N",0,"N",1,0,0,0,"","","","","F","F","F","F","F","F","F","F","F","","","","F","F","F","F","F","","","","",0,0,0,0,0,0,0,0,0,23,"BAL","OAK","BAL",0,"T","F",0,0,0,12,0,"T","F",0,1,"T","T","pagem001","grosw001","T","T",0,0,0,0,0,0,0,0,0,"","","",0,0,0,0,0,0,0,0,0,0,0,0,0,"singk001","F","F","F","F",0,0,0,0,0,0,0,0,0,0,F,F,"1978BAL.EVA.regular.event.csv",2179
"BAL197806160","OAK",4,0,0,0,0,"",0,0,"pagem001","?","pagem001","?","martd001","?","martd001","?","skagd101","murre001","smitb101","dauer001","belam101","kellp101","harll101","singk001","reved101","","","K","F","F",10,5,3,"T","T",0,"F","F",1,"F","F",0,"F","F",0,"","F","F","",0,0,"N",0,"N",0,"N",0,1,0,0,"2","","","","F","F","F","F","F","F","F","F","F","martd001","","","F","F","F","F","F","","","","",0,2,0,0,0,0,0,0,0,24,"BAL","OAK","BAL",0,"F","F",0,0,0,13,1,"T","F",1,1,"T","T","grosw001","armat001","T","T",3,4,23,0,0,0,0,0,0,"skagd101","","",0,0,0,0,0,0,0,0,0,0,0,0,0,"","F","F","F","F",0,0,0,0,0,0,0,0,0,0,F,F,"1978BAL.EVA.regular.event.csv",2180
"BAL197806160","OAK",4,0,1,0,0,"",0,0,"grosw001","?","grosw001","?","martd001","?","martd001","?","skagd101","murre001","smitb101","dauer001","belam101","kellp101","harll101","singk001","reved101","","","W.1-2","F","F",5,6,14,"T","F",0,"F","F",0,"F","F",0,"F","F",0,"","F","F","",0,0,"N",0,"N",0,"N",1,2,0,0,"","","","","F","F","F","F","F","F","F","F","F","martd001","","","F","F","F","F","F","","","","",0,0,0,0,0,0,0,0,0,25,"BAL","OAK","BAL",0,"F","F",0,0,0,14,2,"T","F",1,3,"T","T","armat001","essij001","T","T",3,4,23,0,0,0,0,0,0,"skagd101","","",0,0,0,0,0,0,0,0,0,0,0,0,0,"","F","F","F","F",0,0,0,0,0,0,0,0,0,0,F,F,"1978BAL.EVA.regular.event.csv",2181
"BAL197806160","OAK",4,0,1,0,0,"",0,0,"armat001","?","armat001","?","martd001","?","martd001","?","skagd101","murre001","smitb101","dauer001","belam101","kellp101","harll101","singk001","grosw001","reved101","","8","F","F",8,7,2,"T","T",0,"F","F",1,"F","F",0,"F","F",8,"F","F","F","",0,0,"N",0,"N",0,"N",0,1,2,0,"8","","","","F","F","F","F","F","F","F","F","F","martd001","martd001","","F","F","F","F","F","","","","",0,8,0,0,0,0,0,0,0,26,"BAL","OAK","BAL",0,"F","F",0,0,0,15,3,"T","F",3,3,"T","T","essij001","edwam101","T","T",5,6,25,3,4,23,0,0,0,"skagd101","skagd101","",0,0,0,0,0,0,0,0,0,0,0,0,0,"harll101","F","F","F","F",0,0,0,0,0,0,0,0,0,0,F,F,"1978BAL.EVA.regular.event.csv",2182
"BAL197806160","OAK",4,0,2,0,0,"",0,0,"essij001","?","essij001","?","martd001","?","martd001","?","skagd101","murre001","smitb101","dauer001","belam101","kellp101","harll101","singk001","grosw001","reved101","","53","F","F",2,8,2,"T","T",0,"F","F",1,"F","F",0,"F","F",5,"G","F","F","",0,0,"N",0,"N",0,"N",0,1,2,0,"53","","","","F","F","F","F","F","F","F","F","F","martd001","martd001","","F","F","F","F","F","","","","",0,3,0,0,5,0,0,0,0,27,"BAL","OAK","BAL",0,"F","T",0,0,0,16,4,"T","F",3,3,"T","T","edwam101","alstd101","T","T",5,6,25,3,4,23,0,0,0,"skagd101","skagd101","",0,0,0,0,0,0,0,0,0,0,0,0,0,"dauer001","F","F","F","F",0,0,0,0,0,0,0,0,0,0,F,F,"1978BAL.EVA.regular.event.csv",2183
"BAL197806160","OAK",4,1,0,0,0,"",0,0,"dauer001","?","dauer001","?","langr001","?","langr001","?","essij001","reved101","edwam101","grosw001","guerm101","alstd101","armat001","murrl101","","","","43","T","F",5,2,2,"T","T",0,"F","F",1,"F","F",0,"F","F",4,"G","F","F","",0,0,"N",0,"N",0,"N",0,0,0,0,"43","","","","F","F","F","F","F","F","F","F","F","","","","F","F","F","F","F","","","","",0,3,0,0,4,0,0,0,0,28,"BAL","BAL","OAK",1,"T","F",0,0,0,10,0,"T","F",0,0,"T","T","murre001","singk001","T","T",0,0,0,0,0,0,0,0,0,"","","",0,0,0,0,0,0,0,0,0,0,0,0,0,"edwam101","F","F","F","F",0,0,0,0,1,0,0,0,0,0,F,F,"1978BAL.EVA.regular.event.csv",2184
"BAL197806160","OAK",4,1,1,0,0,"",0,0,"murre001","?","murre001","?","langr001","?","langr001","?","essij001","reved101","edwam101","grosw001","guerm101","alstd101","armat001","murrl101","","","","HR/7","F","F",3,3,23,"T","T",4,"F","F",0,"F","F",1,"F","F",0,"","F","F","7",0,0,"N",0,"N",0,"N",4,0,0,0,"","","","","F","F","F","F","F","F","F","F","F","","","","F","F","F","F","F","","","","",0,0,0,0,0,0,0,0,0,29,"BAL","BAL","OAK",1,"F","F",0,0,0,11,1,"T","F",0,0,"T","T","singk001","may-l101","T","T",0,0,0,0,0,0,0,0,0,"","","",0,0,0,0,0,0,0,0,0,0,0,0,1,"","F","F","F","F",4,0,0,0,0,0,0,0,0,0,F,F,"1978BAL.EVA.regular.event.csv",2185
"BAL197806160","OAK",4,1,1,0,0,"",0,1,"singk001","?","singk001","?","langr001","?","langr001","?","essij001","reved101","edwam101","grosw001","guerm101","alstd101","armat001","murrl101","","","","W","F","F",9,4,14,"T","F",0,"F","F",0,"F","F",0,"F","F",0,"","F","F","",0,0,"N",0,"N",0,"N",1,0,0,0,"","","","","F","F","F","F","F","F","F","F","F","","","","F","F","F","F","F","","","","",0,0,0,0,0,0,0,0,0,30,"BAL","BAL","OAK",1,"F","F",1,0,1,12,2,"T","F",0,1,"T","T","may-l101","kellp101","T","T",0,0,0,0,0,0,0,0,0,"","","",0,0,0,0,0,0,0,0,0,0,0,0,0,"","F","F","F","F",0,0,0,0,0,0,0,0,0,0,F,F,"1978BAL.EVA.regular.event.csv",2186
"BAL197806160","OAK",4,1,1,0,0,"",0,1,"may-l101","?","may-l101","?","langr001","?","langr001","?","essij001","reved101","edwam101","grosw001","guerm101","alstd101","armat001","murrl101","singk001","","","3","F","F",10,5,2,"T","T",0,"F","F",1,"F","F",0,"F","F",3,"F","F","F","",0,0,"N",0,"N",0,"N",0,1,0,0,"3","","","","F","F","F","F","F","F","F","F","F","langr001","","","F","F","F","F","F","","","","",0,3,0,0,0,0,0,0,0,31,"BAL","BAL","OAK",1,"F","F",1,0,1,13,3,"T","F",1,1,"T","T","kellp101","smitb101","T","T",9,4,30,0,0,0,0,0,0,"essij001","","",0,0,0,0,0,0,0,0,0,0,0,0,0,"reved101","F","F","F","F",0,0,0,0,0,0,0,0,0,0,F,F,"1978BAL.EVA.regular.event.csv",2187
"BAL197806160","OAK",4,1,2,0,0,"",0,1,"kellp101","?","kellp101","?","langr001","?","langr001","?","essij001","reved101","edwam101","grosw001","guerm101","alstd101","armat001","murrl101","singk001","","","13","F","F",7,6,2,"T","T",0,"F","F",1,"F","F",0,"F","F",1,"G","F","F","",0,0,"N",0,"N",0,"N",0,1,0,0,"13","","","","F","F","F","F","F","F","F","F","F","langr001","","","F","F","F","F","F","","","","",0,3,0,0,1,0,0,0,0,32,"BAL","BAL","OAK",1,"F","T",1,0,1,14,4,"T","F",1,1,"T","T","smitb101","belam101","T","T",9,4,30,0,0,0,0,0,0,"essij001","","",0,0,0,0,0,0,0,0,0,0,0,0,0,"langr001","F","F","F","F",0,0,0,0,0,0,0,0,0,0,F,F,"1978BAL.EVA.regular.event.csv",2188
"BAL197806160","OAK",5,0,0,0,0,"",0,1,"edwam101","?","edwam101","?","martd001","?","martd001","?","skagd101","murre001","smitb101","dauer001","belam101","kellp101","harll101","singk001","","","","63","T","F",4,9,2,"T","T",0,"F","F",1,"F","F",0,"F","F",6,"G","F","F","",0,0,"N",0,"N",0,"N",0,0,0,0,"63","","","","F","F","F","F","F","F","F","F","F","","","","F","F","F","F","F","","","","",0,3,0,0,6,0,0,0,0,33,"BAL","OAK","BAL",0,"T","F",0,1,0,17,0,"T","F",0,0,"T","T","alstd101","murrl101","T","T",0,0,0,0,0,0,0,0,0,"","","",0,0,0,0,0,0,0,0,0,0,0,0,0,"belam101","F","F","F","F",0,0,0,0,0,0,0,0,0,0,F,F,"1978BAL.EVA.regular.event.csv",2189
"BAL197806160","OAK",5,0,1,0,0,"",0,1,"alstd101","?","alstd101","?","martd001","?","martd001","?","skagd101","murre001","smitb101","dauer001","belam101","kellp101","harll101","singk001","","","","S8","F","F",7,1,20,"T","T",1,"F","F",0,"F","F",0,"F","F",8,"","F","F","",0,0,"N",0,"N",0,"N",1,0,0,0,"","","","","F","F","F","F","F","F","F","F","F","","","","F","F","F","F","F","","","","",0,0,0,0,0,0,0,0,0,34,"BAL","OAK","BAL",0,"F","F",0,1,0,18,1,"T","F",0,1,"T","T","murrl101","guerm101","T","T",0,0,0,0,0,0,0,0,0,"","","",0,0,0,0,0,0,0,0,0,0,0,0,0,"harll101","F","F","F","F",0,0,0,0,0,0,0,0,0,0,F,F,"1978BAL.EVA.regular.event.csv",2190
"BAL197806160","OAK",5,0,1,0,0,"",0,1,"murrl101","?","murrl101","?","martd001","?","martd001","?","skagd101","murre001","smitb101","dauer001","belam101","kellp101","harll101","singk001","alstd101","","","CS2(26)","F","F",9,2,6,"F","F",0,"F","F",1,"F","F",0,"F","F",0,"","F","F","",0,0,"N",0,"N",0,"N",0,0,0,0,"","26","","","F","F","F","T","F","F","F","F","F","martd001","","","F","F","F","F","F","","","","",0,6,0,0,2,0,0,0,0,35,"BAL","OAK","BAL",0,"F","F",0,1,0,19,2,"T","F",1,0,"T","T","guerm101","reved101","T","T",7,1,34,0,0,0,0,0,0,"skagd101","","",0,0,0,0,0,0,0,0,0,0,0,0,0,"","F","F","F","F",0,0,0,0,0,0,0,0,0,0,F,F,"1978BAL.EVA.regular.event.csv",2191
"BAL197806160","OAK",5,0,2,0,0,"",0,1,"murrl101","?","murrl101","?","martd001","?","martd001","?","skagd101","murre001","smitb101","dauer001","belam101","kellp101","harll101","singk001","","","","8","F","F",9,2,2,"T","T",0,"F","F",1,"F","F",0,"F","F",8,"F","F","F","",0,0,"N",0,"N",0,"N",0,0,0,0,"8","","","","F","F","F","F","F","F","F","F","F","","","","F","F","F","F","F","","","","",0,8,0,0,0,0,0,0,0,36,"BAL","OAK","BAL",0,"F","T",0,1,0,19,2,"F","F",0,0,"T","T","guerm101","reved101","T","T",0,0,0,0,0,0,0,0,0,"","","",0,0,0,0,0,0,0,0,0,0,0,0,0,"harll101","F","F","F","F",0,0,0,0,0,0,0,0,0,0,F,F,"1978BAL.EVA.regular.event.csv",2192
"BAL197806160","OAK",5,1,0,0,0,"",0,1,"smitb101","?","smitb101","?","langr001","?","langr001","?","essij001","reved101","edwam101","grosw001","guerm101","alstd101","armat001","murrl101","","","","9/L","T","F",4,7,2,"T","T",0,"F","F",1,"F","F",0,"F","F",9,"L","F","F","",0,0,"N",0,"N",0,"N",0,0,0,0,"9","","","","F","F","F","F","F","F","F","F","F","","","","F","F","F","F","F","","","","",0,9,0,0,0,0,0,0,0,37,"BAL","BAL","OAK",1,"T","F",1,0,0,15,0,"T","F",0,0,"T","T","belam101","skagd101","T","T",0,0,0,0,0,0,0,0,0,"","","",0,0,0,0,0,0,0,0,0,0,0,0,0,"murrl101","F","F","F","F",0,0,0,0,0,0,0,0,0,0,F,F,"1978BAL.EVA.regular.event.csv",2193
"BAL197806160","OAK",5,1,1,0,0,"",0,1,"belam101","?","belam101","?","langr001","?","langr001","?","essij001","reved101","edwam101","grosw001","guerm101","alstd101","armat001","murrl101","","","","K/C","F","F",6,8,3,"T","T",0,"F","F",1,"F","F",0,"F","F",0,"","F","F","",0,0,"N",0,"N",0,"N",0,0,0,0,"2","","","","F","F","F","F","F","F","F","F","F","","","","F","F","F","F","F","","","","",0,2,0,0,0,0,0,0,0,38,"BAL","BAL","OAK",1,"F","F",1,0,0,16,1,"T","F",0,0,"T","T","skagd101","harll101","T","T",0,0,0,0,0,0,0,0,0,"","","",0,0,0,0,0,0,0,0,0,0,0,0,0,"","F","F","F","F",0,0,0,0,0,0,0,0,0,0,F,F,"1978BAL.EVA.regular.event.csv",2194
"BAL197806160","OAK",5,1,2,0,0,"",0,1,"skagd101","?","skagd101","?","langr001","?","langr001","?","essij001","reved101","edwam101","grosw001","guerm101","alstd101","armat001","murrl101","","","","9","F","F",2,9,2,"T","T",0,"F","F",1,"F","F",0,"F","F",9,"F","F","F","",0,0,"N",0,"N",0,"N",0,0,0,0,"9","","","","F","F","F","F","F","F","F","F","F","","","","F","F","F","F","F","","","","",0,9,0,0,0,0,0,0,0,39,"BAL","BAL","OAK",1,"F","T",1,0,0,17,2,"T","F",0,0,"T","T","harll101","dauer001","T","T",0,0,0,0,0,0,0,0,0,"","","",0,0,0,0,0,0,0,0,0,0,0,0,0,"murrl101","F","F","F","F",0,0,0,0,0,0,0,0,0,0,F,F,"1978BAL.EVA.regular.event.csv",2195
"BAL197806160","OAK",6,0,0,0,0,"",0,1,"guerm101","?","guerm101","?","martd001","?","martd001","?","skagd101","murre001","smitb101","dauer001","belam101","kellp101","harll101","singk001","","","","S9","T","F",6,3,20,"T","T",1,"F","F",0,"F","F",0,"F","F",9,"","F","F","",0,0,"N",0,"N",0,"N",1,0,0,0,"","","","","F","F","F","F","F","F","F","F","F","","","","F","F","F","F","F","","","","",0,0,0,0,0,0,0,0,0,40,"BAL","OAK","BAL",0,"T","F",0,1,0,20,0,"T","F",0,1,"T","T","reved101","pagem001","T","T",0,0,0,0,0,0,0,0,0,"","","",0,0,0,0,0,0,0,0,0,0,0,0,0,"singk001","F","F","F","F",0,0,0,0,0,0,0,0,0,0,F,F,"1978BAL.EVA.regular.event.csv",2196
"BAL197806160","OAK",6,0,0,0,0,"",0,1,"reved101","?","reved101","?","martd001","?","martd001","?","skagd101","murre001","smitb101","dauer001","belam101","kellp101","harll101","singk001","guerm101","","","S.1-2","F","F",3,4,20,"T","T",1,"F","F",0,"F","F",0,"F","F",0,"","F","F","",0,0,"N",0,"N",0,"N",1,2,0,0,"","","","","F","F","F","F","F","F","F","F","F","martd001","","","F","F","F","F","F","","","","",0,0,0,0,0,0,0,0,0,41,"BAL","OAK","BAL",0,"F","F",0,1,0,21,1,"T","F",1,3,"T","T","pagem001","grosw001","T","T",6,3,40,0,0,0,0,0,0,"skagd101","","",0,0,0,0,0,0,0,0,0,0,0,0,0,"","F","F","F","F",0,0,0,0,0,0,0,0,0,0,F,F,"1978BAL.EVA.regular.event.csv",2197
"BAL197806160","OAK",6,0,0,0,0,"",0,1,"pagem001","?","pagem001","?","martd001","?","martd001","?","skagd101","murre001","smitb101","dauer001","belam101","kellp101","harll101","singk001","reved101","guerm101","","W.2-3;1-2","F","F",10,5,14,"T","F",0,"F","F",0,"F","F",0,"F","F",0,"","F","F","",0,0,"N",0,"N",0,"N",1,2,3,0,"","","","","F","F","F","F","F","F","F","F","F","martd001","martd001","","F","F","F","F","F","","","","",0,0,0,0,0,0,0,0,0,42,"BAL","OAK","BAL",0,"F","F",0,1,0,22,2,"T","F",3,7,"T","T","grosw001","armat001","T","T",3,4,41,6,3,40,0,0,0,"skagd101","skagd101","",0,0,0,0,0,0,0,0,0,0,0,0,0,"","F","F","F","F",0,0,0,0,0,0,0,0,0,0,F,F,"1978BAL.EVA.regular.event.csv",2198
"BAL197806160","OAK",6,0,0,0,0,"",0,1,"grosw001","?","grosw001","?","martd001","?","martd001","?","skagd101","murre001","smitb101","dauer001","belam101","kellp101","harll101","singk001","pagem001","reved101","guerm101","1(B)5(3)/LDP","F","F",5,6,2,"T","T",0,"F","F",2,"T","F",0,"F","F",1,"L","F","F","",0,0,"N",0,"N",0,"N",0,1,2,0,"1","","","15","F","F","F","F","F","F","F","F","F","martd001","martd001","martd001","F","F","F","F","F","","","","",0,1,5,0,1,0,0,0,0,43,"BAL","OAK","BAL",0,"F","F",0,1,0,23,3,"T","F",7,3,"T","T","armat001","essij001","T","T",10,5,42,3,4,41,6,3,40,"skagd101","skagd101","skagd101",0,0,0,0,0,0,0,0,0,0,0,0,0,"martd001","F","F","F","F",0,0,0,0,0,0,0,0,0,0,F,F,"1978BAL.EVA.regular.event.csv",2199
"BAL197806160","OAK",6,0,2,0,0,"",0,1,"armat001","?","armat001","?","martd001","?","martd001","?","skagd101","murre001","smitb101","dauer001","belam101","kellp101","harll101","singk001","pagem001","reved101","","9","F","F",8,7,2,"T","T",0,"F","F",1,"F","F",0,"F","F",9,"F","F","F","",0,0,"N",0,"N",0,"N",0,1,2,0,"9","","","","F","F","F","F","F","F","F","F","F","martd001","martd001","","F","F","F","F","F","","","","",0,9,0,0,0,0,0,0,0,44,"BAL","OAK","BAL",0,"F","T",0,1,0,24,4,"T","F",3,3,"T","T","essij001","edwam101","T","T",10,5,42,3,4,41,0,0,0,"skagd101","skagd101","",0,0,0,0,0,0,0,0,0,0,0,0,0,"singk001","F","F","F","F",0,0,0,0,0,0,0,0,0,0,F,F,"1978BAL.EVA.regular.event.csv",2200
"BAL197806160","OAK",6,1,0,0,0,"",0,1,"harll101","?","harll101","?","langr001","?","langr001","?","essij001","reved101","edwam101","grosw001","guerm101","alstd101","armat001","murrl101","","","","31","T","F",8,1,2,"T","T",0,"F","F",1,"F","F",0,"F","F",3,"G","F","F","",0,0,"N",0,"N",0,"N",0,0,0,0,"31","","","","F","F","F","F","F","F","F","F","F","","","","F","F","F","F","F","","","","",0,1,0,0,3,0,0,0,0,45,"BAL","BAL","OAK",1,"T","F",1,0,0,18,0,"T","F",0,0,"T","T","dauer001","murre001","T","T",0,0,0,0,0,0,0,0,0,"","","",0,0,0,0,0,0,0,0,0,0,0,0,0,"reved101","F","F","F","F",0,0,0,0,2,0,0,0,0,0,F,F,"1978BAL.EVA.regular.event.csv",2201
"BAL197806160","OAK",6,1,1,0,0,"",0,1,"dauer001","?","dauer001","?","langr001","?","langr001","?","essij001","reved101","edwam101","grosw001","guerm101","alstd101","armat001","murrl101","","","","S7","F","F",5,2,20,"T","T",1,"F","F",0,"F","F",0,"F","F",7,"","F","F","",0,0,"N",0,"N",0,"N",1,0,0,0,"","","","","F","F","F","F","F","F","F","F","F","","","","F","F","F","F","F","","","","",0,0,0,0,0,0,0,0,0,46,"BAL","BAL","OAK",1,"F","F",1,0,0,19,1,"T","F",0,1,"T","T","murre001","singk001","T","T",0,0,0,0,0,0,0,0,0,"","","",0,0,0,0,0,0,0,0,0,0,0,0,0,"alstd101","F","F","F","F",4,0,0,0,2,0,0,0,0,0,F,F,"1978BAL.EVA.regular.event.csv",2202
"BAL197806160","OAK",6,1,1,0,0,"",0,1,"murre001","?","murre001","?","langr001","?","langr001","?","essij001","reved101","edwam101","grosw001","guerm101","alstd101","armat001","murrl101","dauer001","","","HR/9.1-H","F","F",3,3,23,"T","T",4,"F","F",0,"F","F",2,"F","F",0,"","F","F","9",0,0,"N",0,"N",0,"N",4,4,0,0,"","","","","F","F","F","F","F","F","F","F","F","langr001","","","F","F","F","F","F","","","","",0,0,0,0,0,0,0,0,0,47,"BAL","BAL","OAK",1,"F","F",1,0,0,20,2,"T","F",1,0,"T","T","singk001","may-l101","T","T",5,2,46,0,0,0,0,0,0,"essij001","","",0,0,0,0,0,0,0,0,0,0,0,0,2,"","F","F","F","F",4,4,0,0,0,0,0,0,0,0,F,F,"1978BAL.EVA.regular.event.csv",2203
"BAL197806160","OAK",6,1,1,0,0,"",0,3,"singk001","?","singk001","?","langr001","?","langr001","?","essij001","reved101","edwam101","grosw001","guerm101","alstd101","armat001","murrl101","","","","7","F","F",9,4,2,"T","T",0,"F","F",1,"F","F",0,"F","F",7,"F","F","F","",0,0,"N",0,"N",0,"N",0,0,0,0,"7","","","","F","F","F","F","F","F","F","F","F","","","","F","F","F","F","F","","","","",0,7,0,0,0,0,0,0,0,48,"BAL","BAL","OAK",1,"F","F",3,0,2,21,3,"T","F",0,0,"T","T","may-l101","kellp101","T","T",0,0,0,0,0,0,0,0,0,"","","",0,0,0,0,0,0,0,0,0,0,0,0,0,"alstd101","F","F","F","F",0,0,0,0,0,0,0,0,0,0,F,F,"1978BAL.EVA.regular.event.csv",2204
"BAL197806160","OAK",6,1,2,0,0,"",0,3,"may-l101","?","may-l101","?","langr001","?","langr001","?","essij001","reved101","edwam101","grosw001","guerm101","alstd101","armat001","murrl101","","","","3","F","F",10,5,2,"T","T",0,"F","F",1,"F","F",0,"F","F",3,"F","F","F","",0,0,"N",0,"N",0,"N",0,0,0,0,"3","","","","F","F","F","F","F","F","F","F","F","","","","F","F","F","F","F","","","","",0,3,0,0,0,0,0,0,0,49,"BAL","BAL","OAK",1,"F","T",3,0,2,22,4,"T","F",0,0,"T","T","kellp101","smitb101","T","T",0,0,0,0,0,0,0,0,0,"","","",0,0,0,0,0,0,0,0,0,0,0,0,0,"reved101","F","F","F","F",0,0,0,0,0,0,0,0,0,0,F,F,"1978BAL.EVA.regular.event.csv",2205
"BAL197806160","OAK",7,0,0,0,0,"",0,3,"essij001","?","essij001","?","martd001","?","martd001","?","skagd101","murre001","smitb101","dauer001","belam101","kellp101","harll101","singk001","","","","1/L","T","F",2,8,2,"T","T",0,"F","F",1,"F","F",0,"F","F",1,"L","F","F","",0,0,"N",0,"N",0,"N",0,0,0,0,"1","","","","F","F","F","F","F","F","F","F","F","","","","F","F","F","F","F","","","","",0,1,0,0,0,0,0,0,0,50,"BAL","OAK","BAL",0,"T","F",0,3,0,25,0,"T","F",0,0,"T","T","edwam101","alstd101","T","T",0,0,0,0,0,0,0,0,0,"","","",0,0,0,0,0,0,0,0,0,0,0,0,0,"martd001","F","F","F","F",0,0,0,0,0,0,0,0,0,0,F,F,"1978BAL.EVA.regular.event.csv",2206
"BAL197806160","OAK",7,0,1,0,0,"",0,3,"dunct101","?","dunct101","?","martd001","?","martd001","?","skagd101","murre001","smitb101","dauer001","belam101","kellp101","harll101","singk001","","","","K","F","T",11,9,3,"T","T",0,"F","F",1,"F","F",0,"F","F",0,"","F","F","",0,0,"N",0,"N",0,"N",0,0,0,0,"2","","","","F","F","F","F","F","F","F","F","F","","","","F","F","F","F","F","","","","edwam101",4,2,0,0,0,0,0,0,0,51,"BAL","OAK","BAL",0,"F","F",0,3,0,26,1,"T","F",0,0,"F","F","alstd101","murrl101","T","T",0,0,0,0,0,0,0,0,0,"","","",0,0,0,0,0,0,0,0,0,0,0,0,0,"","F","F","F","F",0,0,0,0,0,0,0,0,0,0,F,F,"1978BAL.EVA.regular.event.csv",2207
"BAL197806160","OAK",7,0,2,0,0,"",0,3,"alstd101","?","alstd101","?","martd001","?","martd001","?","skagd101","murre001","smitb101","dauer001","belam101","kellp101","harll101","singk001","","","","S9","F","F",7,1,20,"T","T",1,"F","F",0,"F","F",0,"F","F",9,"","F","F","",0,0,"N",0,"N",0,"N",1,0,0,0,"","","","","F","F","F","F","F","F","F","F","F","","","","F","F","F","F","F","","","","",0,0,0,0,0,0,0,0,0,52,"BAL","OAK","BAL",0,"F","F",0,3,0,27,2,"T","F",0,1,"T","T","murrl101","guerm101","T","T",0,0,0,0,0,0,0,0,0,"","","",0,0,0,0,0,0,0,0,0,0,0,0,0,"singk001","F","F","F","F",1,0,0,0,0,0,0,0,0,0,F,F,"1978BAL.EVA.regular.event.csv",2208
"BAL197806160","OAK",7,0,2,0,0,"",0,3,"murrl101","?","murrl101","?","martd001","?","martd001","?","skagd101","murre001","smitb101","dauer001","belam101","kellp101","harll101","singk001","alstd101","","","8","F","F",9,2,2,"T","T",0,"F","F",1,"F","F",0,"F","F",8,"F","F","F","",0,0,"N",0,"N",0,"N",0,1,0,0,"8","","","","F","F","F","F","F","F","F","F","F","martd001","","","F","F","F","F","F","","","","",0,8,0,0,0,0,0,0,0,53,"BAL","OAK","BAL",0,"F","T",0,3,0,28,3,"T","F",1,1,"T","T","guerm101","reved101","T","T",7,1,52,0,0,0,0,0,0,"skagd101","","",0,0,0,0,0,0,0,0,0,0,0,0,0,"harll101","F","F","F","F",0,1,0,0,0,0,0,0,0,0,F,F,"1978BAL.EVA.regular.event.csv",2209
"BAL197806160","OAK",7,1,0,0,0,"",0,3,"kellp101","?","kellp101","?","langr001","?","langr001","?","essij001","reved101","stags101","grosw001","guerm101","alstd101","armat001","murrl101","","","","S7","T","F",7,6,20,"T","T",1,"F","F",0,"F","F",0,"F","F",7,"","F","F","",0,0,"N",0,"N",0,"N",1,0,0,0,"","","","","F","F","F","F","F","F","F","F","F","","","","F","F","F","F","F","","","","",0,0,0,0,0,0,0,0,0,54,"BAL","BAL","OAK",1,"T","F",3,0,0,23,0,"T","F",0,1,"T","T","smitb101","belam101","T","T",0,0,0,0,0,0,0,0,0,"","","",0,0,0,0,0,0,0,0,0,0,0,0,0,"alstd101","F","F","F","F",0,0,0,0,0,0,0,0,0,0,F,F,"1978BAL.EVA.regular.event.csv",2210
"BAL197806160","OAK",7,1,0,0,0,"",0,3,"smitb101","?","smitb101","?","sosae101","?","sosae101","?","essij001","reved101","stags101","grosw001","guerm101","alstd101","armat001","murrl101","kellp101","","","24/SH.1-2","F","F",4,7,2,"T","F",0,"T","F",1,"F","F",0,"F","F",2,"G","T","F","",0,0,"N",0,"N",0,"N",0,2,0,0,"24","","","","F","F","F","F","F","F","F","F","F","langr001","","","F","F","F","F","F","","","","",0,4,0,0,2,0,0,0,0,55,"BAL","BAL","OAK",1,"F","F",3,0,0,24,1,"T","F",1,2,"T","T","belam101","skagd101","F","F",7,6,54,0,0,0,0,0,0,"essij001","","",0,0,0,0,0,0,0,0,0,0,0,0,0,"essij001","F","F","F","F",0,0,0,0,0,0,0,0,0,0,F,F,"1978BAL.EVA.regular.event.csv",2211
"BAL197806160","OAK",7,1,1,0,0,"",0,3,"belam101","?","belam101","?","sosae101","?","sosae101","?","essij001","reved101","stags101","grosw001","guerm101","alstd101","armat001","murrl101","","kellp101","","63","F","F",6,8,2,"T","T",0,"F","F",1,"F","F",0,"F","F",6,"G","F","F","",0,0,"N",0,"N",0,"N",0,0,2,0,"63","","","","F","F","F","F","F","F","F","F","F","","langr001","","F","F","F","F","F","","","","",0,3,0,0,6,0,0,0,0,56,"BAL","BAL","OAK",1,"F","F",3,0,0,25,2,"T","F",2,2,"T","T","skagd101","harll101","F","F",0,0,0,7,6,54,0,0,0,"","essij001","",0,0,0,0,0,0,0,0,0,0,0,0,0,"guerm101","F","F","F","F",0,0,0,0,0,0,0,0,0,0,F,F,"1978BAL.EVA.regular.event.csv",2212
"BAL197806160","OAK",7,1,2,0,0,"",0,3,"skagd101","?","skagd101","?","sosae101","?","sosae101","?","essij001","reved101","stags101","grosw001","guerm101","alstd101","armat001","murrl101","","kellp101","","63","F","F",2,9,2,"T","T",0,"F","F",1,"F","F",0,"F","F",6,"G","F","F","",0,0,"N",0,"N",0,"N",0,0,2,0,"63","","","","F","F","F","F","F","F","F","F","F","","langr001","","F","F","F","F","F","","","","",0,3,0,0,6,0,0,0,0,57,"BAL","BAL","OAK",1,"F","T",3,0,0,26,3,"T","F",2,2,"T","T","harll101","dauer001","F","F",0,0,0,7,6,54,0,0,0,"","essij001","",0,0,0,0,0,0,0,0,0,0,0,0,0,"guerm101","F","F","F","F",0,0,0,0,0,0,0,0,0,0,F,F,"1978BAL.EVA.regular.event.csv",2213
"BAL197806160","OAK",8,0,0,0,0,"",0,3,"guerm101","?","guerm101","?","martd001","?","martd001","?","skagd101","murre001","smitb101","dauer001","belam101","kellp101","harll101","singk001","","","","53","T","F",6,3,2,"T","T",0,"F","F",1,"F","F",0,"F","F",5,"G","F","F","",0,0,"N",0,"N",0,"N",0,0,0,0,"53","","","","F","F","F","F","F","F","F","F","F","","","","F","F","F","F","F","","","","",0,3,0,0,5,0,0,0,0,58,"BAL","OAK","BAL",0,"T","F",0,3,0,29,0,"T","F",0,0,"T","T","reved101","pagem001","T","T",0,0,0,0,0,0,0,0,0,"","","",0,0,0,0,0,0,0,0,0,0,0,0,0,"dauer001","F","F","F","F",0,0,0,0,0,0,0,0,0,0,F,F,"1978BAL.EVA.regular.event.csv",2214
"BAL197806160","OAK",8,0,1,0,0,"",0,3,"reved101","?","reved101","?","martd001","?","martd001","?","skagd101","murre001","smitb101","dauer001","belam101","kellp101","harll101","singk001","","","","8","F","F",3,4,2,"T","T",0,"F","F",1,"F","F",0,"F","F",8,"F","F","F","",0,0,"N",0,"N",0,"N",0,0,0,0,"8","","","","F","F","F","F","F","F","F","F","F","","","","F","F","F","F","F","","","","",0,8,0,0,0,0,0,0,0,59,"BAL","OAK","BAL",0,"F","F",0,3,0,30,1,"T","F",0,0,"T","T","pagem001","grosw001","T","T",0,0,0,0,0,0,0,0,0,"","","",0,0,0,0,0,0,0,0,0,0,0,0,0,"harll101","F","F","F","F",0,0,0,0,0,0,0,0,0,0,F,F,"1978BAL.EVA.regular.event.csv",2215
"BAL197806160","OAK",8,0,2,0,0,"",0,3,"pagem001","?","pagem001","?","martd001","?","martd001","?","skagd101","murre001","smitb101","dauer001","belam101","kellp101","harll101","singk001","","","","W","F","F",10,5,14,"T","F",0,"F","F",0,"F","F",0,"F","F",0,"","F","F","",0,0,"N",0,"N",0,"N",1,0,0,0,"","","","","F","F","F","F","F","F","F","F","F","","","","F","F","F","F","F","","","","",0,0,0,0,0,0,0,0,0,60,"BAL","OAK","BAL",0,"F","F",0,3,0,31,2,"T","F",0,1,"T","T","grosw001","armat001","T","T",0,0,0,0,0,0,0,0,0,"","","",0,0,0,0,0,0,0,0,0,0,0,0,0,"","F","F","F","F",0,0,0,0,0,0,0,0,0,0,F,F,"1978BAL.EVA.regular.event.csv",2216
"BAL197806160","OAK",8,0,2,0,0,"",0,3,"grosw001","?","grosw001","?","martd001","?","martd001","?","skagd101","murre001","smitb101","dauer001","belam101","kellp101","harll101","singk001","pagem001","","","43","F","F",5,6,2,"T","T",0,"F","F",1,"F","F",0,"F","F",4,"G","F","F","",0,0,"N",0,"N",0,"N",0,1,0,0,"43","","","","F","F","F","F","F","F","F","F","F","martd001","","","F","F","F","F","F","","","","",0,3,0,0,4,0,0,0,0,61,"BAL","OAK","BAL",0,"F","T",0,3,0,32,3,"T","F",1,1,"T","T","armat001","essij001","T","T",10,5,60,0,0,0,0,0,0,"skagd101","","",0,0,0,0,0,0,0,0,0,0,0,0,0,"smitb101","F","F","F","F",0,0,0,0,0,0,0,0,0,0,F,F,"1978BAL.EVA.regular.event.csv",2217
"BAL197806160","OAK",8,1,0,0,0,"",0,3,"harll101","?","harll101","?","sosae101","?","sosae101","?","essij001","reved101","stags101","grosw001","guerm101","alstd101","armat001","murrl101","","","","S9","T","F",8,1,20,"T","T",1,"F","F",0,"F","F",0,"F","F",9,"","F","F","",0,0,"N",0,"N",0,"N",1,0,0,0,"","","","","F","F","F","F","F","F","F","F","F","","","","F","F","F","F","F","","","","",0,0,0,0,0,0,0,0,0,62,"BAL","BAL","OAK",1,"T","F",3,0,0,27,0,"T","F",0,1,"T","T","dauer001","murre001","F","F",0,0,0,0,0,0,0,0,0,"","","",0,0,0,0,0,0,0,0,0,0,0,0,0,"murrl101","F","F","F","F",4,0,0,0,3,0,0,0,0,0,F,F,"1978BAL.EVA.regular.event.csv",2218
"BAL197806160","OAK",8,1,0,0,0,"",0,3,"dauer001","?","dauer001","?","sosae101","?","sosae101","?","essij001","reved101","stags101","grosw001","guerm101","alstd101","armat001","murrl101","harll101","","","S7.1-3","F","F",5,2,20,"T","T",1,"F","F",0,"F","F",0,"F","F",7,"","F","F","",0,0,"N",0,"N",0,"N",1,3,0,0,"","","","","F","F","F","F","F","F","F","F","F","sosae101","","","F","F","F","F","F","","","","",0,0,0,0,0,0,0,0,0,63,"BAL","BAL","OAK",1,"F","F",3,0,0,28,1,"T","F",1,5,"T","T","murre001","singk001","F","F",8,1,62,0,0,0,0,0,0,"essij001","","",0,0,0,0,0,0,0,0,0,0,0,0,0,"alstd101","F","F","F","F",4,4,0,0,3,0,0,0,0,0,F,F,"1978BAL.EVA.regular.event.csv",2219
"BAL197806160","OAK",8,1,0,0,0,"",0,3,"murre001","?","murre001","?","laceb001","?","laceb001","?","essij001","reved101","stags101","grosw001","guerm101","alstd101","armat001","murrl101","dauer001","","harll101","D.3-H;1-3","F","F",3,3,21,"T","T",2,"F","F",0,"F","F",1,"F","F",0,"","F","F","",0,0,"N",0,"N",0,"N",2,3,0,4,"","","","","F","F","F","F","F","F","F","F","F","sosae101","","sosae101","F","F","F","F","F","","","","",0,0,0,0,0,0,0,0,0,64,"BAL","BAL","OAK",1,"F","F",3,0,0,29,2,"T","F",5,6,"T","T","singk001","may-l101","F","F",5,2,63,0,0,0,8,1,62,"essij001","","essij001",0,0,0,0,0,0,0,0,0,0,0,0,1,"","F","F","F","F",5,4,0,4,2,0,0,0,0,0,F,F,"1978BAL.EVA.regular.event.csv",2220
"BAL197806160","OAK",8,1,0,0,0,"",0,4,"singk001","?","singk001","?","laceb001","?","laceb001","?","essij001","reved101","stags101","grosw001","guerm101","alstd101","armat001","murrl101","","murre001","dauer001","IW","F","F",9,4,15,"T","F",0,"F","F",0,"F","F",0,"F","F",0,"","F","F","",0,0,"N",0,"N",0,"N",1,0,2,3,"","","","","F","F","F","F","F","F","F","F","F","","laceb001","sosae101","F","F","F","F","F","","","","",0,0,0,0,0,0,0,0,0,65,"BAL","BAL","OAK",1,"F","F",4,0,1,30,3,"T","F",6,7,"T","T","may-l101","kellp101","F","F",0,0,0,3,3,64,5,2,63,"","essij001","essij001",0,0,0,0,0,0,0,0,0,0,0,0,0,"","F","F","F","F",0,0,5,4,2,0,0,0,0,0,F,F,"1978BAL.EVA.regular.event.csv",2221
"BAL197806160","OAK",8,1,0,0,0,"",0,4,"may-l101","?","may-l101","?","laceb001","?","laceb001","?","essij001","reved101","stags101","grosw001","guerm101","alstd101","armat001","murrl101","lopec101","murre001","dauer001","E5.3-H(NR);2-H(UR)(NR);1-3;B-2","F","F",10,5,18,"T","T",0,"F","F",0,"F","F",0,"F","F",5,"G","F","F","",1,5,"F",0,"N",0,"N",2,3,5,4,"","","","","F","F","F","F","F","F","F","F","F","laceb001","laceb001","sosae101","F","F","T","F","F","singk001","","","",0,0,0,0,0,0,0,0,0,66,"BAL","BAL","OAK",1,"F","F",4,0,1,31,4,"T","F",7,6,"T","T","kellp101","smitb101","F","F",0,4,65,3,3,64,5,2,63,"essij001","essij001","essij001",0,0,0,0,0,0,0,0,0,0,0,0,2,"grosw001","F","F","F","T",3,0,5,4,0,0,0,0,0,0,F,F,"1978BAL.EVA.regular.event.csv",2222
"BAL197806160","OAK",8,1,0,0,0,"",0,6,"kellp101","?","kellp101","?","laceb001","?","laceb001","?","essij001","reved101","stags101","grosw001","guerm101","alstd101","armat001","murrl101","","may-l101","lopec101","63","F","F",7,6,2,"T","T",0,"F","F",1,"F","F",0,"F","F",6,"G","F","F","",0,0,"N",0,"N",0,"N",0,0,2,3,"63","","","","F","F","F","F","F","F","F","F","F","","laceb001","laceb001","F","F","F","F","F","","","","",0,3,0,0,6,0,0,0,0,67,"BAL","BAL","OAK",1,"F","F",6,0,3,32,5,"T","F",6,6,"T","T","smitb101","belam101","F","F",0,0,0,10,5,66,0,4,65,"","essij001","essij001",0,0,0,0,0,0,0,0,0,0,0,0,0,"guerm101","F","F","F","F",0,0,3,0,0,0,0,0,0,0,F,F,"1978BAL.EVA.regular.event.csv",2223
"BAL197806160","OAK",8,1,1,0,0,"",0,6,"smitb101","?","smitb101","?","laceb001","?","laceb001","?","essij001","reved101","stags101","grosw001","guerm101","alstd101","armat001","murrl101","","may-l101","lopec101","IW","F","F",4,7,15,"T","F",0,"F","F",0,"F","F",0,"F","F",0,"","F","F","",0,0,"N",0,"N",0,"N",1,0,2,3,"","","","","F","F","F","F","F","F","F","F","F","","laceb001","laceb001","F","F","F","F","F","","","","",0,0,0,0,0,0,0,0,0,68,"BAL","BAL","OAK",1,"F","F",6,0,3,33,6,"T","F",6,7,"T","T","belam101","skagd101","F","F",0,0,0,10,5,66,0,4,65,"","essij001","essij001",0,0,0,0,0,0,0,0,0,0,0,0,0,"","F","F","F","F",2,0,3,0,0,0,0,0,0,0,F,F,"1978BAL.EVA.regular.event.csv",2224
"BAL197806160","OAK",8,1,1,0,0,"",0,6,"belam101","?","belam101","?","heavd101","?","heavd101","?","essij001","reved101","stags101","grosw001","guerm101","alstd101","armat001","murrl101","smitb101","may-l101","lopec101","43(3)/FO.2-3;1-2","F","F",6,8,2,"T","T",0,"F","F",1,"F","F",0,"F","F",4,"G","F","F","",0,0,"N",0,"N",0,"N",1,2,3,0,"","","","43","F","F","F","F","F","F","F","F","F","laceb001","laceb001","laceb001","F","F","F","F","F","","","","",0,3,0,0,4,0,0,0,0,69,"BAL","BAL","OAK",1,"F","F",6,0,3,34,7,"T","F",7,7,"T","T","skagd101","harll101","F","F",4,7,68,10,5,66,0,4,65,"essij001","essij001","essij001",0,0,0,0,0,0,0,0,0,0,0,0,0,"stags101","F","F","T","F",1,2,3,0,0,0,0,0,0,0,F,F,"1978BAL.EVA.regular.event.csv",2225
"BAL197806160","OAK",8,1,2,0,0,"",0,6,"skagd101","?","skagd101","?","heavd101","?","heavd101","?","essij001","reved101","stags101","grosw001","guerm101","alstd101","armat001","murrl101","belam101","smitb101","may-l101","3","F","F",2,9,2,"T","T",0,"F","F",1,"F","F",0,"F","F",3,"F","F","F","",0,0,"N",0,"N",0,"N",0,1,2,3,"3","","","","F","F","F","F","F","F","F","F","F","laceb001","laceb001","laceb001","F","F","F","F","F","","","","",0,3,0,0,0,0,0,0,0,70,"BAL","BAL","OAK",1,"F","T",6,0,3,35,8,"T","F",7,7,"T","T","harll101","dauer001","F","F",6,8,69,4,7,68,10,5,66,"essij001","essij001","essij001",0,0,0,0,0,0,0,0,0,0,0,0,0,"reved101","F","F","F","F",0,1,2,3,0,0,0,0,0,0,F,F,"1978BAL.EVA.regular.event.csv",2226
"BAL197806160","OAK",9,0,0,0,0,"",0,6,"armat001","?","armat001","?","martd001","?","martd001","?","skagd101","murre001","smitb101","dauer001","belam101","kellp101","harll101","lopec101","","","","S8","T","F",8,7,20,"T","T",1,"F","F",0,"F","F",0,"F","F",8,"","F","F","",0,0,"N",0,"N",0,"N",1,0,0,0,"","","","","F","F","F","F","F","F","F","F","F","","","","F","F","F","F","F","","","","",0,0,0,0,0,0,0,0,0,71,"BAL","OAK","BAL",0,"T","F",0,6,0,33,0,"T","F",0,1,"T","T","essij001","stags101","T","T",0,0,0,0,0,0,0,0,0,"","","",0,0,0,0,0,0,0,0,0,0,0,0,0,"harll101","F","F","F","F",0,0,0,0,0,0,0,0,0,0,F,F,"1978BAL.EVA.regular.event.csv",2227
"BAL197806160","OAK",9,0,0,0,0,"",0,6,"essij001","?","essij001","?","martd001","?","martd001","?","skagd101","murre001","smitb101","dauer001","belam101","kellp101","harll101","lopec101","armat001","","","64(1)3/GDP","F","F",2,8,2,"T","T",0,"F","F",2,"T","F",0,"F","F",6,"G","F","F","",0,0,"N",0,"N",0,"N",0,0,0,0,"43","64","","","F","F","F","F","F","F","F","F","F","martd001","","","F","F","F","F","F","","","","",0,4,3,0,6,4,0,0,0,72,"BAL","OAK","BAL",0,"F","F",0,6,0,34,1,"T","F",1,0,"T","T","stags101","alstd101","T","T",8,7,71,0,0,0,0,0,0,"skagd101","","",0,0,0,0,0,0,0,0,0,0,0,0,0,"belam101","T","F","F","F",0,0,0,0,0,0,0,0,0,0,F,F,"1978BAL.EVA.regular.event.csv",2228
"BAL197806160","OAK",9,0,2,0,0,"",0,6,"stags101","?","stags101","?","martd001","?","martd001","?","skagd101","murre001","smitb101","dauer001","belam101","kellp101","harll101","lopec101","","","","W","F","F",4,9,14,"T","F",0,"F","F",0,"F","F",0,"F","F",0,"","F","F","",0,0,"N",0,"N",0,"N",1,0,0,0,"","","","","F","F","F","F","F","F","F","F","F","","","","F","F","F","F","F","","","","",0,0,0,0,0,0,0,0,0,73,"BAL","OAK","BAL",0,"F","F",0,6,0,35,2,"T","F",0,1,"F","F","alstd101","murrl101","T","T",0,0,0,0,0,0,0,0,0,"","","",0,0,0,0,0,0,0,0,0,0,0,0,0,"","F","F","F","F",1,0,0,0,0,0,0,0,0,0,F,F,"1978BAL.EVA.regular.event.csv",2229
"BAL197806160","OAK",9,0,2,0,0,"",0,6,"alstd101","?","alstd101","?","martd001","?","martd001","?","skagd101","murre001","smitb101","dauer001","belam101","kellp101","harll101","lopec101","stags101","","","6","F","F",7,1,2,"T","T",0,"F","F",1,"F","F",0,"F","F",6,"F","F","F","",0,0,"N",0,"N",0,"N",0,1,0,0,"6","","","","F","F","F","F","F","F","F","F","F","martd001","","","F","T","F","F","F","","","","",0,6,0,0,0,0,0,0,0,74,"BAL","OAK","BAL",0,"F","T",0,6,0,36,3,"T","F",1,1,"T","T","murrl101","guerm101","T","T",4,9,73,0,0,0,0,0,0,"skagd101","","",0,0,0,0,0,0,0,0,0,0,0,0,0,"belam101","F","F","F","F",0,1,0,0,0,0,0,0,0,0,F,F,"1978BAL.EVA.regular.event.csv",2230
"BAL197806170","OAK",1,0,0,0,0,"",0,0,"wallj101","?","wallj101","?","flanm001","?","flanm001","?","dempr001","murre001","smitb101","dauer001","belam101","moraa101","harll101","singk001","","","","7","T","F",8,1,2,"T","T",0,"F","F",1,"F","F",0,"F","F",7,"F","F","F","",0,0,"N",0,"N",0,"N",0,0,0,0,"7","","","","F","F","F","F","F","F","F","F","F","","","","T","F","F","F","F","","","","",0,7,0,0,0,0,0,0,0,1,"BAL","OAK","BAL",0,"T","F",0,0,0,0,0,"T","F",0,0,"T","T","alstd101","guerm101","T","T",0,0,0,0,0,0,0,0,0,"","","",0,0,0,0,0,0,0,0,0,0,0,0,0,"moraa101","F","F","F","F",0,0,0,0,0,0,0,0,0,0,F,F,"1978BAL.EVA.regular.event.csv",2231
"BAL197806170","OAK",1,0,1,0,0,"",0,0,"alstd101","?","alstd101","?","flanm001","?","flanm001","?","dempr001","murre001","smitb101","dauer001","belam101","moraa101","harll101","singk001","","","","13","F","F",7,2,2,"T","T",0,"F","F",1,"F","F",0,"F","F",1,"G","F","F","",0,0,"N",0,"N",0,"N",0,0,0,0,"13","","","","F","F","F","F","F","F","F","F","F","","","","F","F","F","F","F","","","","",0,3,0,0,1,0,0,0,0,2,"BAL","OAK","BAL",0,"F","F",0,0,0,1,1,"T","F",0,0,"T","T","guerm101","reved101","T","T",0,0,0,0,0,0,0,0,0,"","","",0,0,0,0,0,0,0,0,0,0,0,0,0,"flanm001","F","F","F","F",0,0,0,0,0,0,0,0,0,0,F,F,"1978BAL.EVA.regular.event.csv",2232
"BAL197806170","OAK",1,0,2,0,0,"",0,0,"guerm101","?","guerm101","?","flanm001","?","flanm001","?","dempr001","murre001","smitb101","dauer001","belam101","moraa101","harll101","singk001","","","","3","F","F",6,3,2,"T","T",0,"F","F",1,"F","F",0,"F","F",3,"F","F","F","",0,0,"N",0,"N",0,"N",0,0,0,0,"3","","","","F","F","F","F","F","F","F","F","F","","","","F","F","F","F","F","","","","",0,3,0,0,0,0,0,0,0,3,"BAL","OAK","BAL",0,"F","T",0,0,0,2,2,"T","F",0,0,"T","T","reved101","dunct101","T","T",0,0,0,0,0,0,0,0,0,"","","",0,0,0,0,0,0,0,0,0,0,0,0,0,"murre001","F","F","F","F",0,0,0,0,0,0,0,0,0,0,F,F,"1978BAL.EVA.regular.event.csv",2233
"BAL197806170","OAK",1,1,0,0,0,"",0,0,"harll101","?","harll101","?","morgm001","?","morgm001","?","essij001","reved101","edwam101","dunct101","guerm101","alstd101","wallj101","armat001","","","","S7","T","F",8,1,20,"T","T",1,"F","F",0,"F","F",0,"F","F",7,"","F","F","",0,0,"N",0,"N",0,"N",1,0,0,0,"","","","","F","F","F","F","F","F","F","F","F","","","","F","F","F","F","F","","","","",0,0,0,0,0,0,0,0,0,4,"BAL","BAL","OAK",1,"T","F",0,0,0,0,0,"T","F",0,1,"T","T","dauer001","murre001","T","T",0,0,0,0,0,0,0,0,0,"","","",0,0,0,0,0,0,0,0,0,0,0,0,0,"alstd101","F","F","F","F",4,0,0,0,3,0,0,0,0,0,F,F,"1978BAL.EVA.regular.event.csv",2234
"BAL197806170","OAK",1,1,0,0,0,"",0,0,"dauer001","?","dauer001","?","morgm001","?","morgm001","?","essij001","reved101","edwam101","dunct101","guerm101","alstd101","wallj101","armat001","harll101","","","SB2.1-3(E2/TH2)","F","F",5,2,4,"F","F",0,"F","F",0,"F","F",0,"F","F",0,"","F","F","",1,2,"T",0,"N",0,"N",0,3,0,0,"","","","","T","F","F","F","F","F","F","F","F","morgm001","","","F","F","F","F","F","","","","",0,0,0,0,0,0,0,0,0,5,"BAL","BAL","OAK",1,"F","F",0,0,0,1,1,"T","F",1,4,"T","T","murre001","singk001","T","T",8,1,4,0,0,0,0,0,0,"essij001","","",0,0,0,0,0,0,0,0,0,0,0,0,0,"","F","F","F","F",0,4,0,0,3,0,0,0,0,0,F,F,"1978BAL.EVA.regular.event.csv",2235
"BAL197806170","OAK",1,1,0,0,0,"",0,0,"dauer001","?","dauer001","?","morgm001","?","morgm001","?","essij001","reved101","edwam101","dunct101","guerm101","alstd101","wallj101","armat001","","","harll101","63.3-H","F","F",5,2,2,"T","T",0,"F","F",1,"F","F",1,"F","F",6,"G","F","F","",0,0,"N",0,"N",0,"N",0,0,0,4,"63","","","","F","F","F","F","F","F","F","F","F","","","morgm001","F","F","F","F","F","","","","",0,3,0,0,6,0,0,0,0,6,"BAL","BAL","OAK",1,"F","F",0,0,0,1,1,"F","F",4,0,"T","T","murre001","singk001","T","T",0,0,0,0,0,0,8,1,4,"","","essij001",0,0,0,0,0,0,0,0,0,0,0,0,1,"guerm101","F","F","F","F",0,0,0,4,2,0,0,0,0,0,F,F,"1978BAL.EVA.regular.event.csv",2236
"BAL197806170","OAK",1,1,1,0,0,"",0,1,"murre001","?","murre001","?","morgm001","?","morgm001","?","essij001","reved101","edwam101","dunct101","guerm101","alstd101","wallj101","armat001","","","","S7","F","F",3,3,20,"T","T",1,"F","F",0,"F","F",0,"F","F",7,"","F","F","",0,0,"N",0,"N",0,"N",1,0,0,0,"","","","","F","F","F","F","F","F","F","F","F","","","","F","F","F","F","F","","","","",0,0,0,0,0,0,0,0,0,7,"BAL","BAL","OAK",1,"F","F",1,0,1,2,2,"T","F",0,1,"T","T","singk001","may-l101","T","T",0,0,0,0,0,0,0,0,0,"","","",0,0,0,0,0,0,0,0,0,0,0,0,0,"alstd101","F","F","F","F",4,0,0,0,2,0,0,0,0,0,F,F,"1978BAL.EVA.regular.event.csv",2237
"BAL197806170","OAK",1,1,1,0,0,"",0,1,"singk001","?","singk001","?","morgm001","?","morgm001","?","essij001","reved101","edwam101","dunct101","guerm101","alstd101","wallj101","armat001","murre001","","","7","F","F",9,4,2,"T","T",0,"F","F",1,"F","F",0,"F","F",7,"F","F","F","",0,0,"N",0,"N",0,"N",0,1,0,0,"7","","","","F","F","F","F","F","F","F","F","F","morgm001","","","F","F","F","F","F","","","","",0,7,0,0,0,0,0,0,0,8,"BAL","BAL","OAK",1,"F","F",1,0,1,3,3,"T","F",1,1,"T","T","may-l101","moraa101","T","T",3,3,7,0,0,0,0,0,0,"essij001","","",0,0,0,0,0,0,0,0,0,0,0,0,0,"alstd101","F","F","F","F",0,4,0,0,2,0,0,0,0,0,F,F,"1978BAL.EVA.regular.event.csv",2238
"BAL197806170","OAK",1,1,2,0,0,"",0,1,"may-l101","?","may-l101","?","morgm001","?","morgm001","?","essij001","reved101","edwam101","dunct101","guerm101","alstd101","wallj101","armat001","murre001","","","S7.1-2","F","F",10,5,20,"T","T",1,"F","F",0,"F","F",0,"F","F",7,"","F","F","",0,0,"N",0,"N",0,"N",1,2,0,0,"","","","","F","F","F","F","F","F","F","F","F","morgm001","","","F","F","F","F","F","","","","",0,0,0,0,0,0,0,0,0,9,"BAL","BAL","OAK",1,"F","F",1,0,1,4,4,"T","F",1,3,"T","T","moraa101","smitb101","T","T",3,3,7,0,0,0,0,0,0,"essij001","","",0,0,0,0,0,0,0,0,0,0,0,0,0,"alstd101","F","F","F","F",4,4,0,0,2,0,0,0,0,0,F,F,"1978BAL.EVA.regular.event.csv",2239
"BAL197806170","OAK",1,1,2,0,0,"",0,1,"moraa101","?","moraa101","?","morgm001","?","morgm001","?","essij001","reved101","edwam101","dunct101","guerm101","alstd101","wallj101","armat001","may-l101","murre001","","D8.2-H;1-H","F","F",7,6,21,"T","T",2,"F","F",0,"F","F",2,"F","F",8,"","F","F","",0,0,"N",0,"N",0,"N",2,4,4,0,"","","","","F","F","F","F","F","F","F","F","F","morgm001","morgm001","","F","F","F","F","F","","","","",0,0,0,0,0,0,0,0,0,10,"BAL","BAL","OAK",1,"F","F",1,0,1,5,5,"T","F",3,2,"T","T","smitb101","dempr001","T","T",10,5,9,3,3,7,0,0,0,"essij001","essij001","",0,0,0,0,0,0,0,0,0,0,0,0,2,"wallj101","F","F","F","F",0,4,4,0,0,0,0,0,0,0,F,F,"1978BAL.EVA.regular.event.csv",2240
"BAL197806170","OAK",1,1,2,0,0,"",0,3,"smitb101","?","smitb101","?","morgm001","?","morgm001","?","essij001","reved101","edwam101","dunct101","guerm101","alstd101","wallj101","armat001","","moraa101","","3/G","F","F",4,7,2,"T","T",0,"F","F",1,"F","F",0,"F","F",3,"G","F","F","",0,0,"N",0,"N",0,"N",0,0,2,0,"3","","","","F","F","F","F","F","F","F","F","F","","morgm001","","F","F","F","F","F","","","","",0,3,0,0,0,0,0,0,0,11,"BAL","BAL","OAK",1,"F","T",3,0,3,6,6,"T","F",2,2,"T","T","dempr001","belam101","T","T",0,0,0,7,6,10,0,0,0,"","essij001","",0,0,0,0,0,0,0,0,0,0,0,0,0,"reved101","F","F","F","F",0,0,0,0,0,0,0,0,0,0,F,F,"1978BAL.EVA.regular.event.csv",2241
"BAL197806170","OAK",2,0,0,0,0,"",0,3,"reved101","?","reved101","?","flanm001","?","flanm001","?","dempr001","murre001","smitb101","dauer001","belam101","moraa101","harll101","singk001","","","","3/G","T","F",3,4,2,"T","T",0,"F","F",1,"F","F",0,"F","F",3,"G","F","F","",0,0,"N",0,"N",0,"N",0,0,0,0,"3","","","","F","F","F","F","F","F","F","F","F","","","","F","F","F","F","F","","","","",0,3,0,0,0,0,0,0,0,12,"BAL","OAK","BAL",0,"T","F",0,3,0,3,0,"T","F",0,0,"T","T","dunct101","pagem001","T","T",0,0,0,0,0,0,0,0,0,"","","",0,0,0,0,0,0,0,0,0,0,0,0,0,"murre001","F","F","F","F",0,0,0,0,1,0,0,0,0,0,F,F,"1978BAL.EVA.regular.event.csv",2242
"BAL197806170","OAK",2,0,1,0,0,"",0,3,"dunct101","?","dunct101","?","flanm001","?","flanm001","?","dempr001","murre001","smitb101","dauer001","belam101","moraa101","harll101","singk001","","","","31","F","F",5,5,2,"T","T",0,"F","F",1,"F","F",0,"F","F",3,"G","F","F","",0,0,"N",0,"N",0,"N",0,0,0,0,"31","","","","F","F","F","F","F","F","F","F","F","","","","F","F","F","F","F","","","","",0,1,0,0,3,0,0,0,0,13,"BAL","OAK","BAL",0,"F","F",0,3,0,4,1,"T","F",0,0,"T","T","pagem001","armat001","T","T",0,0,0,0,0,0,0,0,0,"","","",0,0,0,0,0,0,0,0,0,0,0,0,0,"murre001","F","F","F","F",0,0,0,0,1,0,0,0,0,0,F,F,"1978BAL.EVA.regular.event.csv",2243
"BAL197806170","OAK",2,0,2,0,0,"",0,3,"pagem001","?","pagem001","?","flanm001","?","flanm001","?","dempr001","murre001","smitb101","dauer001","belam101","moraa101","harll101","singk001","","","","HR","F","F",10,6,23,"T","T",4,"F","F",0,"F","F",1,"F","F",0,"","F","F","",0,0,"N",0,"N",0,"N",4,0,0,0,"","","","","F","F","F","F","F","F","F","F","F","","","","F","F","F","F","F","","","","",0,0,0,0,0,0,0,0,0,14,"BAL","OAK","BAL",0,"F","F",0,3,0,5,2,"T","F",0,0,"T","T","armat001","essij001","T","T",0,0,0,0,0,0,0,0,0,"","","",0,0,0,0,0,0,0,0,0,0,0,0,1,"","F","F","F","F",4,0,0,0,0,0,0,0,0,0,F,F,"1978BAL.EVA.regular.event.csv",2244
"BAL197806170","OAK",2,0,2,0,0,"",1,3,"armat001","?","armat001","?","flanm001","?","flanm001","?","dempr001","murre001","smitb101","dauer001","belam101","moraa101","harll101","singk001","","","","63","F","F",9,7,2,"T","T",0,"F","F",1,"F","F",0,"F","F",6,"G","F","F","",0,0,"N",0,"N",0,"N",0,0,0,0,"63","","","","F","F","F","F","F","F","F","F","F","","","","F","F","F","F","F","","","","",0,3,0,0,6,0,0,0,0,15,"BAL","OAK","BAL",0,"F","T",1,3,1,6,3,"T","F",0,0,"T","T","essij001","edwam101","T","T",0,0,0,0,0,0,0,0,0,"","","",0,0,0,0,0,0,0,0,0,0,0,0,0,"belam101","F","F","F","F",0,0,0,0,0,0,0,0,0,0,F,F,"1978BAL.EVA.regular.event.csv",2245
"BAL197806170","OAK",2,1,0,0,0,"X",1,3,"dempr001","?","dempr001","?","sosae101","?","sosae101","?","essij001","reved101","edwam101","dunct101","guerm101","alstd101","wallj101","armat001","","","","9","T","F",2,8,2,"T","T",0,"F","F",1,"F","F",0,"F","F",9,"F","F","F","",0,0,"N",0,"N",0,"N",0,0,0,0,"9","","","","F","F","F","F","F","F","F","F","F","","","","F","F","F","F","F","","","","",0,9,0,0,0,0,0,0,0,16,"BAL","BAL","OAK",1,"T","F",3,1,0,7,0,"T","F",0,0,"T","T","belam101","harll101","F","F",0,0,0,0,0,0,0,0,0,"","","",0,0,0,0,0,0,1,0,0,0,1,0,0,"armat001","F","F","F","F",0,0,0,0,0,0,0,0,0,0,F,F,"1978BAL.EVA.regular.event.csv",2246
"BAL197806170","OAK",2,1,1,0,0,"X",1,3,"belam101","?","belam101","?","sosae101","?","sosae101","?","essij001","reved101","edwam101","dunct101","guerm101","alstd101","wallj101","armat001","","","","43","F","F",6,9,2,"T","T",0,"F","F",1,"F","F",0,"F","F",4,"G","F","F","",0,0,"N",0,"N",0,"N",0,0,0,0,"43","","","","F","F","F","F","F","F","F","F","F","","","","F","F","F","F","F","","","","",0,3,0,0,4,0,0,0,0,17,"BAL","BAL","OAK",1,"F","F",3,1,0,8,1,"T","F",0,0,"T","T","harll101","dauer001","F","F",0,0,0,0,0,0,0,0,0,"","","",0,0,0,0,0,0,1,0,0,0,1,0,0,"edwam101","F","F","F","F",0,0,0,0,0,0,0,0,0,0,F,F,"1978BAL.EVA.regular.event.csv",2247
"BAL197806170","OAK",2,1,2,0,0,"X",1,3,"harll101","?","harll101","?","sosae101","?","sosae101","?","essij001","reved101","edwam101","dunct101","guerm101","alstd101","wallj101","armat001","","","","3/G","F","F",8,1,2,"T","T",0,"F","F",1,"F","F",0,"F","F",3,"G","F","F","",0,0,"N",0,"N",0,"N",0,0,0,0,"3","","","","F","F","F","F","F","F","F","F","F","","","","F","F","F","F","F","","","","",0,3,0,0,0,0,0,0,0,18,"BAL","BAL","OAK",1,"F","T",3,1,0,9,2,"T","F",0,0,"T","T","dauer001","murre001","F","F",0,0,0,0,0,0,0,0,0,"","","",0,0,0,0,0,0,1,0,0,0,1,0,0,"reved101","F","F","F","F",0,0,0,0,0,0,0,0,0,0,F,F,"1978BAL.EVA.regular.event.csv",2248
"BAL197806170","OAK",3,0,0,0,0,"",1,3,"essij001","?","essij001","?","flanm001","?","flanm001","?","dempr001","murre001","smitb101","dauer001","belam101","moraa101","harll101","singk001","","","","43","T","F",2,8,2,"T","T",0,"F","F",1,"F","F",0,"F","F",4,"G","F","F","",0,0,"N",0,"N",0,"N",0,0,0,0,"43","","","","F","F","F","F","F","F","F","F","F","","","","F","F","F","F","F","","","","",0,3,0,0,4,0,0,0,0,19,"BAL","OAK","BAL",0,"T","F",1,3,0,7,0,"T","F",0,0,"T","T","edwam101","wallj101","T","T",0,0,0,0,0,0,0,0,0,"","","",0,0,0,0,0,0,0,0,0,0,0,0,0,"smitb101","F","F","F","F",0,0,0,0,0,0,0,0,0,0,F,F,"1978BAL.EVA.regular.event.csv",2249
"BAL197806170","OAK",3,0,1,0,0,"",1,3,"edwam101","?","edwam101","?","flanm001","?","flanm001","?","dempr001","murre001","smitb101","dauer001","belam101","moraa101","harll101","singk001","","","","S","F","F",4,9,20,"T","T",1,"F","F",0,"F","F",0,"F","F",0,"","F","F","",0,0,"N",0,"N",0,"N",1,0,0,0,"","","","","F","F","F","F","F","F","F","F","F","","","","F","F","F","F","F","","","","",0,0,0,0,0,0,0,0,0,20,"BAL","OAK","BAL",0,"F","F",1,3,0,8,1,"T","F",0,1,"T","T","wallj101","alstd101","T","T",0,0,0,0,0,0,0,0,0,"","","",0,0,0,0,0,0,0,0,0,0,0,0,0,"","F","F","F","F",0,0,0,0,0,0,0,0,0,0,F,F,"1978BAL.EVA.regular.event.csv",2250
"BAL197806170","OAK",3,0,1,0,0,"",1,3,"wallj101","?","wallj101","?","flanm001","?","flanm001","?","dempr001","murre001","smitb101","dauer001","belam101","moraa101","harll101","singk001","edwam101","","","8","F","F",8,1,2,"T","T",0,"F","F",1,"F","F",0,"F","F",8,"F","F","F","",0,0,"N",0,"N",0,"N",0,1,0,0,"8","","","","F","F","F","F","F","F","F","F","F","flanm001","","","F","F","F","F","F","","","","",0,8,0,0,0,0,0,0,0,21,"BAL","OAK","BAL",0,"F","F",1,3,0,9,2,"T","F",1,1,"T","T","alstd101","guerm101","T","T",4,9,20,0,0,0,0,0,0,"dempr001","","",0,0,0,0,0,0,0,0,0,0,0,0,0,"harll101","F","F","F","F",0,0,0,0,0,0,0,0,0,0,F,F,"1978BAL.EVA.regular.event.csv",2251
"BAL197806170","OAK",3,0,2,0,0,"",1,3,"alstd101","?","alstd101","?","flanm001","?","flanm001","?","dempr001","murre001","smitb101","dauer001","belam101","moraa101","harll101","singk001","edwam101","","","5","F","F",7,2,2,"T","T",0,"F","F",1,"F","F",0,"F","F",5,"F","F","F","",0,0,"N",0,"N",0,"N",0,1,0,0,"5","","","","F","F","F","F","F","F","F","F","F","flanm001","","","F","F","F","F","F","","","","",0,5,0,0,0,0,0,0,0,22,"BAL","OAK","BAL",0,"F","T",1,3,0,10,3,"T","F",1,1,"T","T","guerm101","reved101","T","T",4,9,20,0,0,0,0,0,0,"dempr001","","",0,0,0,0,0,0,0,0,0,0,0,0,0,"dauer001","F","F","F","F",0,0,0,0,0,0,0,0,0,0,F,F,"1978BAL.EVA.regular.event.csv",2252
"BAL197806170","OAK",3,1,0,0,0,"",1,3,"dauer001","?","dauer001","?","sosae101","?","sosae101","?","essij001","reved101","edwam101","dunct101","guerm101","alstd101","wallj101","armat001","","","","S8","T","F",5,2,20,"T","T",1,"F","F",0,"F","F",0,"F","F",8,"","F","F","",0,0,"N",0,"N",0,"N",1,0,0,0,"","","","","F","F","F","F","F","F","F","F","F","","","","F","F","F","F","F","","","","",0,0,0,0,0,0,0,0,0,23,"BAL","BAL","OAK",1,"T","F",3,1,0,10,0,"T","F",0,1,"T","T","murre001","singk001","F","F",0,0,0,0,0,0,0,0,0,"","","",0,0,0,0,0,0,0,0,0,0,0,0,0,"wallj101","F","F","F","F",0,0,0,0,2,0,0,0,0,0,F,F,"1978BAL.EVA.regular.event.csv",2253
"BAL197806170","OAK",3,1,0,0,0,"",1,3,"murre001","?","murre001","?","sosae101","?","sosae101","?","essij001","reved101","edwam101","dunct101","guerm101","alstd101","wallj101","armat001","dauer001","","","46(1)/FO","F","F",3,3,2,"T","T",0,"F","F",1,"F","F",0,"F","F",4,"G","F","F","",0,0,"N",0,"N",0,"N",1,0,0,0,"","46","","","F","F","F","F","F","F","F","F","F","sosae101","","","F","F","F","F","F","","","","",0,6,0,0,4,0,0,0,0,24,"BAL","BAL","OAK",1,"F","F",3,1,0,11,1,"T","F",1,1,"T","T","singk001","may-l101","F","F",5,2,23,0,0,0,0,0,0,"essij001","","",0,0,0,0,0,0,0,0,0,0,0,0,0,"edwam101","T","F","F","F",4,0,0,0,2,0,0,0,0,0,F,F,"1978BAL.EVA.regular.event.csv",2254
"BAL197806170","OAK",3,1,1,0,0,"",1,3,"singk001","?","singk001","?","sosae101","?","sosae101","?","essij001","reved101","edwam101","dunct101","guerm101","alstd101","wallj101","armat001","murre001","","","HR/7.1-H","F","F",9,4,23,"T","T",4,"F","F",0,"F","F",2,"F","F",0,"","F","F","7",0,0,"N",0,"N",0,"N",4,4,0,0,"","","","","F","F","F","F","F","F","F","F","F","sosae101","","","F","F","F","F","F","","","","",0,0,0,0,0,0,0,0,0,25,"BAL","BAL","OAK",1,"F","F",3,1,0,12,2,"T","F",1,0,"T","T","may-l101","moraa101","F","F",3,3,24,0,0,0,0,0,0,"essij001","","",0,0,0,0,0,0,0,0,0,0,0,0,2,"","F","F","F","F",4,4,0,0,0,0,0,0,0,0,F,F,"1978BAL.EVA.regular.event.csv",2255
"BAL197806170","OAK",3,1,1,0,0,"",1,5,"may-l101","?","may-l101","?","sosae101","?","sosae101","?","essij001","reved101","edwam101","dunct101","guerm101","alstd101","wallj101","armat001","","","","53","F","F",10,5,2,"T","T",0,"F","F",1,"F","F",0,"F","F",5,"G","F","F","",0,0,"N",0,"N",0,"N",0,0,0,0,"53","","","","F","F","F","F","F","F","F","F","F","","","","F","F","F","F","F","","","","",0,3,0,0,5,0,0,0,0,26,"BAL","BAL","OAK",1,"F","F",5,1,2,13,3,"T","F",0,0,"T","T","moraa101","smitb101","F","F",0,0,0,0,0,0,0,0,0,"","","",0,0,0,0,0,0,0,0,0,0,0,0,0,"dunct101","F","F","F","F",0,0,0,0,0,0,0,0,0,0,F,F,"1978BAL.EVA.regular.event.csv",2256
"BAL197806170","OAK",3,1,2,0,0,"",1,5,"moraa101","?","moraa101","?","sosae101","?","sosae101","?","essij001","reved101","edwam101","dunct101","guerm101","alstd101","wallj101","armat001","","","","63","F","F",7,6,2,"T","T",0,"F","F",1,"F","F",0,"F","F",6,"G","F","F","",0,0,"N",0,"N",0,"N",0,0,0,0,"63","","","","F","F","F","F","F","F","F","F","F","","","","F","F","F","F","F","","","","",0,3,0,0,6,0,0,0,0,27,"BAL","BAL","OAK",1,"F","T",5,1,2,14,4,"T","F",0,0,"T","T","smitb101","dempr001","F","F",0,0,0,0,0,0,0,0,0,"","","",0,0,0,0,0,0,0,0,0,0,0,0,0,"guerm101","F","F","F","F",0,0,0,0,0,0,0,0,0,0,F,F,"1978BAL.EVA.regular.event.csv",2257
"BAL197806170","OAK",4,0,0,0,0,"",1,5,"guerm101","?","guerm101","?","flanm001","?","flanm001","?","dempr001","murre001","smitb101","dauer001","belam101","moraa101","harll101","singk001","","","","4","T","F",6,3,2,"T","T",0,"F","F",1,"F","F",0,"F","F",4,"F","F","F","",0,0,"N",0,"N",0,"N",0,0,0,0,"4","","","","F","F","F","F","F","F","F","F","F","","","","F","F","F","F","F","","","","",0,4,0,0,0,0,0,0,0,28,"BAL","OAK","BAL",0,"T","F",1,5,0,11,0,"T","F",0,0,"T","T","reved101","dunct101","T","T",0,0,0,0,0,0,0,0,0,"","","",0,0,0,0,0,0,0,0,0,0,0,0,0,"smitb101","F","F","F","F",0,0,0,0,0,0,0,0,0,0,F,F,"1978BAL.EVA.regular.event.csv",2258
"BAL197806170","OAK",4,0,1,0,0,"",1,5,"reved101","?","reved101","?","flanm001","?","flanm001","?","dempr001","murre001","smitb101","dauer001","belam101","moraa101","harll101","singk001","","","","43","F","F",3,4,2,"T","T",0,"F","F",1,"F","F",0,"F","F",4,"G","F","F","",0,0,"N",0,"N",0,"N",0,0,0,0,"43","","","","F","F","F","F","F","F","F","F","F","","","","F","F","F","F","F","","","","",0,3,0,0,4,0,0,0,0,29,"BAL","OAK","BAL",0,"F","F",1,5,0,12,1,"T","F",0,0,"T","T","dunct101","pagem001","T","T",0,0,0,0,0,0,0,0,0,"","","",0,0,0,0,0,0,0,0,0,0,0,0,0,"smitb101","F","F","F","F",0,0,0,0,0,0,0,0,0,0,F,F,"1978BAL.EVA.regular.event.csv",2259
"BAL197806170","OAK",4,0,2,0,0,"",1,5,"dunct101","?","dunct101","?","flanm001","?","flanm001","?","dempr001","murre001","smitb101","dauer001","belam101","moraa101","harll101","singk001","","","","S/7","F","F",5,5,20,"T","T",1,"F","F",0,"F","F",0,"F","F",0,"","F","F","7",0,0,"N",0,"N",0,"N",1,0,0,0,"","","","","F","F","F","F","F","F","F","F","F","","","","F","F","F","F","F","","","","",0,0,0,0,0,0,0,0,0,30,"BAL","OAK","BAL",0,"F","F",1,5,0,13,2,"T","F",0,1,"T","T","pagem001","armat001","T","T",0,0,0,0,0,0,0,0,0,"","","",0,0,0,0,0,0,0,0,0,0,0,0,0,"","F","F","F","F",0,0,0,0,0,0,0,0,0,0,F,F,"1978BAL.EVA.regular.event.csv",2260
"BAL197806170","OAK",4,0,2,0,0,"",1,5,"pagem001","?","pagem001","?","flanm001","?","flanm001","?","dempr001","murre001","smitb101","dauer001","belam101","moraa101","harll101","singk001","dunct101","","","K","F","F",10,6,3,"T","T",0,"F","F",1,"F","F",0,"F","F",0,"","F","F","",0,0,"N",0,"N",0,"N",0,1,0,0,"2","","","","F","F","F","F","F","F","F","F","F","flanm001","","","F","F","F","F","F","","","","",0,2,0,0,0,0,0,0,0,31,"BAL","OAK","BAL",0,"F","T",1,5,0,14,3,"T","F",1,1,"T","T","armat001","essij001","T","T",5,5,30,0,0,0,0,0,0,"dempr001","","",0,0,0,0,0,0,0,0,0,0,0,0,0,"","F","F","F","F",0,0,0,0,0,0,0,0,0,0,F,F,"1978BAL.EVA.regular.event.csv",2261
"BAL197806170","OAK",4,1,0,0,0,"",1,5,"smitb101","?","smitb101","?","sosae101","?","sosae101","?","essij001","reved101","edwam101","dunct101","guerm101","alstd101","wallj101","armat001","","","","S8","T","F",4,7,20,"T","T",1,"F","F",0,"F","F",0,"F","F",8,"","F","F","",0,0,"N",0,"N",0,"N",1,0,0,0,"","","","","F","F","F","F","F","F","F","F","F","","","","F","F","F","F","F","","","","",0,0,0,0,0,0,0,0,0,32,"BAL","BAL","OAK",1,"T","F",5,1,0,15,0,"T","F",0,1,"T","T","dempr001","belam101","F","F",0,0,0,0,0,0,0,0,0,"","","",0,0,0,0,0,0,0,0,0,0,0,0,0,"wallj101","F","F","F","F",0,0,0,0,0,0,0,0,0,0,F,F,"1978BAL.EVA.regular.event.csv",2262
"BAL197806170","OAK",4,1,0,0,0,"",1,5,"dempr001","?","dempr001","?","sosae101","?","sosae101","?","essij001","reved101","edwam101","dunct101","guerm101","alstd101","wallj101","armat001","smitb101","","","53.1-2","F","F",2,8,2,"T","T",0,"F","F",1,"F","F",0,"F","F",5,"G","F","F","",0,0,"N",0,"N",0,"N",0,2,0,0,"53","","","","F","F","F","F","F","F","F","F","F","sosae101","","","F","F","F","F","F","","","","",0,3,0,0,5,0,0,0,0,33,"BAL","BAL","OAK",1,"F","F",5,1,0,16,1,"T","F",1,2,"T","T","belam101","harll101","F","F",4,7,32,0,0,0,0,0,0,"essij001","","",0,0,0,0,0,0,0,0,0,0,0,0,0,"dunct101","F","F","F","F",0,0,0,0,0,0,0,0,0,0,F,F,"1978BAL.EVA.regular.event.csv",2263
"BAL197806170","OAK",4,1,1,0,0,"",1,5,"belam101","?","belam101","?","sosae101","?","sosae101","?","essij001","reved101","edwam101","dunct101","guerm101","alstd101","wallj101","armat001","","smitb101","","K","F","F",6,9,3,"T","T",0,"F","F",1,"F","F",0,"F","F",0,"","F","F","",0,0,"N",0,"N",0,"N",0,0,2,0,"2","","","","F","F","F","F","F","F","F","F","F","","sosae101","","F","F","F","F","F","","","","",0,2,0,0,0,0,0,0,0,34,"BAL","BAL","OAK",1,"F","F",5,1,0,17,2,"T","F",2,2,"T","T","harll101","dauer001","F","F",0,0,0,4,7,32,0,0,0,"","essij001","",0,0,0,0,0,0,0,0,0,0,0,0,0,"","F","F","F","F",0,0,0,0,0,0,0,0,0,0,F,F,"1978BAL.EVA.regular.event.csv",2264
"BAL197806170","OAK",4,1,2,0,0,"",1,5,"harll101","?","harll101","?","sosae101","?","sosae101","?","essij001","reved101","edwam101","dunct101","guerm101","alstd101","wallj101","armat001","","smitb101","","63","F","F",8,1,2,"T","T",0,"F","F",1,"F","F",0,"F","F",6,"G","F","F","",0,0,"N",0,"N",0,"N",0,0,2,0,"63","","","","F","F","F","F","F","F","F","F","F","","sosae101","","F","F","F","F","F","","","","",0,3,0,0,6,0,0,0,0,35,"BAL","BAL","OAK",1,"F","T",5,1,0,18,3,"T","F",2,2,"T","T","dauer001","murre001","F","F",0,0,0,4,7,32,0,0,0,"","essij001","",0,0,0,0,0,0,0,0,0,0,0,0,0,"guerm101","F","F","F","F",0,0,0,0,0,0,0,0,0,0,F,F,"1978BAL.EVA.regular.event.csv",2265
"BAL197806170","OAK",5,0,0,0,0,"",1,5,"armat001","?","armat001","?","flanm001","?","flanm001","?","dempr001","murre001","smitb101","dauer001","belam101","moraa101","harll101","singk001","","","","63","T","F",9,7,2,"T","T",0,"F","F",1,"F","F",0,"F","F",6,"G","F","F","",0,0,"N",0,"N",0,"N",0,0,0,0,"63","","","","F","F","F","F","F","F","F","F","F","","","","F","F","F","F","F","","","","",0,3,0,0,6,0,0,0,0,36,"BAL","OAK","BAL",0,"T","F",1,5,0,15,0,"T","F",0,0,"T","T","essij001","edwam101","T","T",0,0,0,0,0,0,0,0,0,"","","",0,0,0,0,0,0,0,0,0,0,0,0,0,"belam101","F","F","F","F",0,0,0,0,0,0,0,0,0,0,F,F,"1978BAL.EVA.regular.event.csv",2266
"BAL197806170","OAK",5,0,1,0,0,"",1,5,"essij001","?","essij001","?","flanm001","?","flanm001","?","dempr001","murre001","smitb101","dauer001","belam101","moraa101","harll101","singk001","","","","53","F","F",2,8,2,"T","T",0,"F","F",1,"F","F",0,"F","F",5,"G","F","F","",0,0,"N",0,"N",0,"N",0,0,0,0,"53","","","","F","F","F","F","F","F","F","F","F","","","","F","F","F","F","F","","","","",0,3,0,0,5,0,0,0,0,37,"BAL","OAK","BAL",0,"F","F",1,5,0,16,1,"T","F",0,0,"T","T","edwam101","wallj101","T","T",0,0,0,0,0,0,0,0,0,"","","",0,0,0,0,0,0,0,0,0,0,0,0,0,"dauer001","F","F","F","F",0,0,0,0,0,0,0,0,0,0,F,F,"1978BAL.EVA.regular.event.csv",2267
"BAL197806170","OAK",5,0,2,0,0,"",1,5,"edwam101","?","edwam101","?","flanm001","?","flanm001","?","dempr001","murre001","smitb101","dauer001","belam101","moraa101","harll101","singk001","","","","W","F","F",4,9,14,"T","F",0,"F","F",0,"F","F",0,"F","F",0,"","F","F","",0,0,"N",0,"N",0,"N",1,0,0,0,"","","","","F","F","F","F","F","F","F","F","F","","","","F","F","F","F","F","","","","",0,0,0,0,0,0,0,0,0,38,"BAL","OAK","BAL",0,"F","F",1,5,0,17,2,"T","F",0,1,"T","T","wallj101","alstd101","T","T",0,0,0,0,0,0,0,0,0,"","","",0,0,0,0,0,0,0,0,0,0,0,0,0,"","F","F","F","F",1,0,0,0,0,0,0,0,0,0,F,F,"1978BAL.EVA.regular.event.csv",2268
"BAL197806170","OAK",5,0,2,0,0,"",1,5,"wallj101","?","wallj101","?","flanm001","?","flanm001","?","dempr001","murre001","smitb101","dauer001","belam101","moraa101","harll101","singk001","edwam101","","","K","F","F",8,1,3,"T","T",0,"F","F",1,"F","F",0,"F","F",0,"","F","F","",0,0,"N",0,"N",0,"N",0,1,0,0,"2","","","","F","F","F","F","F","F","F","F","F","flanm001","","","F","F","F","F","F","","","","",0,2,0,0,0,0,0,0,0,39,"BAL","OAK","BAL",0,"F","T",1,5,0,18,3,"T","F",1,1,"T","T","alstd101","guerm101","T","T",4,9,38,0,0,0,0,0,0,"dempr001","","",0,0,0,0,0,0,0,0,0,0,0,0,0,"","F","F","F","F",0,1,0,0,0,0,0,0,0,0,F,F,"1978BAL.EVA.regular.event.csv",2269
"BAL197806170","OAK",5,1,0,0,0,"",1,5,"dauer001","?","dauer001","?","heavd101","?","heavd101","?","essij001","reved101","edwam101","dunct101","guerm101","alstd101","wallj101","armat001","","","","63","T","F",5,2,2,"T","T",0,"F","F",1,"F","F",0,"F","F",6,"G","F","F","",0,0,"N",0,"N",0,"N",0,0,0,0,"63","","","","F","F","F","F","F","F","F","F","F","","","","F","F","F","F","F","","","","",0,3,0,0,6,0,0,0,0,40,"BAL","BAL","OAK",1,"T","F",5,1,0,19,0,"T","F",0,0,"T","T","murre001","singk001","F","F",0,0,0,0,0,0,0,0,0,"","","",0,0,0,0,0,0,0,0,0,0,0,0,0,"guerm101","F","F","F","F",0,0,0,0,0,0,0,0,0,0,F,F,"1978BAL.EVA.regular.event.csv",2270
"BAL197806170","OAK",5,1,1,0,0,"",1,5,"murre001","?","murre001","?","heavd101","?","heavd101","?","essij001","reved101","edwam101","dunct101","guerm101","alstd101","wallj101","armat001","","","","8","F","F",3,3,2,"T","T",0,"F","F",1,"F","F",0,"F","F",8,"F","F","F","",0,0,"N",0,"N",0,"N",0,0,0,0,"8","","","","F","F","F","F","F","F","F","F","F","","","","F","F","F","F","F","","","","",0,8,0,0,0,0,0,0,0,41,"BAL","BAL","OAK",1,"F","F",5,1,0,20,1,"T","F",0,0,"T","T","singk001","may-l101","F","F",0,0,0,0,0,0,0,0,0,"","","",0,0,0,0,0,0,0,0,0,0,0,0,0,"wallj101","F","F","F","F",0,0,0,0,0,0,0,0,0,0,F,F,"1978BAL.EVA.regular.event.csv",2271
"BAL197806170","OAK",5,1,2,0,0,"",1,5,"singk001","?","singk001","?","heavd101","?","heavd101","?","essij001","reved101","edwam101","dunct101","guerm101","alstd101","wallj101","armat001","","","","W","F","F",9,4,14,"T","F",0,"F","F",0,"F","F",0,"F","F",0,"","F","F","",0,0,"N",0,"N",0,"N",1,0,0,0,"","","","","F","F","F","F","F","F","F","F","F","","","","F","F","F","F","F","","","","",0,0,0,0,0,0,0,0,0,42,"BAL","BAL","OAK",1,"F","F",5,1,0,21,2,"T","F",0,1,"T","T","may-l101","moraa101","F","F",0,0,0,0,0,0,0,0,0,"","","",0,0,0,0,0,0,0,0,0,0,0,0,0,"","F","F","F","F",0,0,0,0,0,0,0,0,0,0,F,F,"1978BAL.EVA.regular.event.csv",2272
"BAL197806170","OAK",5,1,2,0,0,"",1,5,"may-l101","?","may-l101","?","heavd101","?","heavd101","?","essij001","reved101","edwam101","dunct101","guerm101","alstd101","wallj101","armat001","singk001","","","S7.1-2","F","F",10,5,20,"T","T",1,"F","F",0,"F","F",0,"F","F",7,"","F","F","",0,0,"N",0,"N",0,"N",1,2,0,0,"","","","","F","F","F","F","F","F","F","F","F","heavd101","","","F","F","F","F","F","","","","",0,0,0,0,0,0,0,0,0,43,"BAL","BAL","OAK",1,"F","F",5,1,0,22,3,"T","F",1,3,"T","T","moraa101","smitb101","F","F",9,4,42,0,0,0,0,0,0,"essij001","","",0,0,0,0,0,0,0,0,0,0,0,0,0,"alstd101","F","F","F","F",0,0,0,0,0,0,0,0,0,0,F,F,"1978BAL.EVA.regular.event.csv",2273
"BAL197806170","OAK",5,1,2,0,0,"",1,5,"moraa101","?","moraa101","?","heavd101","?","heavd101","?","essij001","reved101","edwam101","dunct101","guerm101","alstd101","wallj101","armat001","may-l101","singk001","","K","F","F",7,6,3,"T","T",0,"F","F",1,"F","F",0,"F","F",0,"","F","F","",0,0,"N",0,"N",0,"N",0,1,2,0,"2","","","","F","F","F","F","F","F","F","F","F","heavd101","heavd101","","F","F","F","F","F","","","","",0,2,0,0,0,0,0,0,0,44,"BAL","BAL","OAK",1,"F","T",5,1,0,23,4,"T","F",3,3,"T","T","smitb101","dempr001","F","F",10,5,43,9,4,42,0,0,0,"essij001","essij001","",0,0,0,0,0,0,0,0,0,0,0,0,0,"","F","F","F","F",0,0,0,0,0,0,0,0,0,0,F,F,"1978BAL.EVA.regular.event.csv",2274
"BAL197806170","OAK",6,0,0,0,0,"",1,5,"alstd101","?","alstd101","?","flanm001","?","flanm001","?","dempr001","murre001","smitb101","dauer001","belam101","moraa101","harll101","singk001","","","","K/C","T","F",7,2,3,"T","T",0,"F","F",1,"F","F",0,"F","F",0,"","F","F","",0,0,"N",0,"N",0,"N",0,0,0,0,"2","","","","F","F","F","F","F","F","F","F","F","","","","F","F","F","F","F","","","","",0,2,0,0,0,0,0,0,0,45,"BAL","OAK","BAL",0,"T","F",1,5,0,19,0,"T","F",0,0,"T","T","guerm101","reved101","T","T",0,0,0,0,0,0,0,0,0,"","","",0,0,0,0,0,0,0,0,0,0,0,0,0,"","F","F","F","F",0,0,0,0,0,0,0,0,0,0,F,F,"1978BAL.EVA.regular.event.csv",2275
"BAL197806170","OAK",6,0,1,0,0,"",1,5,"guerm101","?","guerm101","?","flanm001","?","flanm001","?","dempr001","murre001","smitb101","dauer001","belam101","moraa101","harll101","singk001","","","","S7","F","F",6,3,20,"T","T",1,"F","F",0,"F","F",0,"F","F",7,"","F","F","",0,0,"N",0,"N",0,"N",1,0,0,0,"","","","","F","F","F","F","F","F","F","F","F","","","","F","F","F","F","F","","","","",0,0,0,0,0,0,0,0,0,46,"BAL","OAK","BAL",0,"F","F",1,5,0,20,1,"T","F",0,1,"T","T","reved101","dunct101","T","T",0,0,0,0,0,0,0,0,0,"","","",0,0,0,0,0,0,0,0,0,0,0,0,0,"moraa101","F","F","F","F",0,0,0,0,0,0,0,0,0,0,F,F,"1978BAL.EVA.regular.event.csv",2276
"BAL197806170","OAK",6,0,1,0,0,"",1,5,"reved101","?","reved101","?","flanm001","?","flanm001","?","dempr001","murre001","smitb101","dauer001","belam101","moraa101","harll101","singk001","guerm101","","","46(1)3/GDP","F","F",3,4,2,"T","T",0,"F","F",2,"T","F",0,"F","F",4,"G","F","F","",0,0,"N",0,"N",0,"N",0,0,0,0,"63","46","","","F","F","F","F","F","F","F","F","F","flanm001","","","F","F","F","F","F","","","","",0,6,3,0,4,6,0,0,0,47,"BAL","OAK","BAL",0,"F","T",1,5,0,21,2,"T","F",1,0,"T","T","dunct101","pagem001","T","T",6,3,46,0,0,0,0,0,0,"dempr001","","",0,0,0,0,0,0,0,0,0,0,0,0,0,"smitb101","T","F","F","F",0,0,0,0,0,0,0,0,0,0,F,F,"1978BAL.EVA.regular.event.csv",2277
"BAL197806170","OAK",6,1,0,0,0,"",1,5,"smitb101","?","smitb101","?","langr001","?","langr001","?","essij001","reved101","edwam101","dunct101","guerm101","alstd101","wallj101","armat001","","","","6","T","F",4,7,2,"T","T",0,"F","F",1,"F","F",0,"F","F",6,"F","F","F","",0,0,"N",0,"N",0,"N",0,0,0,0,"6","","","","F","F","F","F","F","F","F","F","F","","","","F","F","F","F","F","","","","",0,6,0,0,0,0,0,0,0,48,"BAL","BAL","OAK",1,"T","F",5,1,0,24,0,"T","F",0,0,"T","T","dempr001","belam101","F","F",0,0,0,0,0,0,0,0,0,"","","",0,0,0,0,0,0,0,0,0,0,0,0,0,"guerm101","F","F","F","F",0,0,0,0,0,0,0,0,0,0,F,F,"1978BAL.EVA.regular.event.csv",2278
"BAL197806170","OAK",6,1,1,0,0,"",1,5,"dempr001","?","dempr001","?","langr001","?","langr001","?","essij001","reved101","edwam101","dunct101","guerm101","alstd101","wallj101","armat001","","","","9","F","F",2,8,2,"T","T",0,"F","F",1,"F","F",0,"F","F",9,"F","F","F","",0,0,"N",0,"N",0,"N",0,0,0,0,"9","","","","F","F","F","F","F","F","F","F","F","","","","F","F","F","F","F","","","","",0,9,0,0,0,0,0,0,0,49,"BAL","BAL","OAK",1,"F","F",5,1,0,25,1,"T","F",0,0,"T","T","belam101","harll101","F","F",0,0,0,0,0,0,0,0,0,"","","",0,0,0,0,0,0,0,0,0,0,0,0,0,"armat001","F","F","F","F",0,0,0,0,0,0,0,0,0,0,F,F,"1978BAL.EVA.regular.event.csv",2279
"BAL197806170","OAK",6,1,2,0,0,"",1,5,"belam101","?","belam101","?","langr001","?","langr001","?","essij001","reved101","edwam101","dunct101","guerm101","alstd101","wallj101","armat001","","","","9","F","F",6,9,2,"T","T",0,"F","F",1,"F","F",0,"F","F",9,"F","F","F","",0,0,"N",0,"N",0,"N",0,0,0,0,"9","","","","F","F","F","F","F","F","F","F","F","","","","F","F","F","F","F","","","","",0,9,0,0,0,0,0,0,0,50,"BAL","BAL","OAK",1,"F","T",5,1,0,26,2,"T","F",0,0,"T","T","harll101","dauer001","F","F",0,0,0,0,0,0,0,0,0,"","","",0,0,0,0,0,0,0,0,0,0,0,0,0,"armat001","F","F","F","F",0,0,0,0,0,0,0,0,0,0,F,F,"1978BAL.EVA.regular.event.csv",2280
"BAL197806170","OAK",7,0,0,0,0,"",1,5,"dunct101","?","dunct101","?","flanm001","?","flanm001","?","dempr001","murre001","smitb101","dauer001","belam101","moraa101","harll101","singk001","","","","S6","T","F",5,5,20,"T","T",1,"F","F",0,"F","F",0,"F","F",6,"","F","F","",0,0,"N",0,"N",0,"N",1,0,0,0,"","","","","F","F","F","F","F","F","F","F","F","","","","F","F","F","F","F","","","","",0,0,0,0,0,0,0,0,0,51,"BAL","OAK","BAL",0,"T","F",1,5,0,22,0,"T","F",0,1,"T","T","pagem001","armat001","T","T",0,0,0,0,0,0,0,0,0,"","","",0,0,0,0,0,0,0,0,0,0,0,0,0,"belam101","F","F","F","F",4,0,0,0,3,0,0,0,0,0,F,F,"1978BAL.EVA.regular.event.csv",2281
"BAL197806170","OAK",7,0,0,0,0,"",1,5,"pagem001","?","pagem001","?","flanm001","?","flanm001","?","dempr001","murre001","smitb101","dauer001","belam101","moraa101","harll101","singk001","stags101","","","S8.1-2","F","F",10,6,20,"T","T",1,"F","F",0,"F","F",0,"F","F",8,"","F","F","",0,0,"N",0,"N",0,"N",1,2,0,0,"","","","","F","F","F","F","F","F","F","F","F","flanm001","","","F","F","T","F","F","dunct101","","","",0,0,0,0,0,0,0,0,0,52,"BAL","OAK","BAL",0,"F","F",1,5,0,23,1,"T","F",1,3,"T","T","armat001","essij001","T","T",0,5,51,0,0,0,0,0,0,"dempr001","","",0,0,0,0,0,0,0,0,0,0,0,0,0,"harll101","F","F","F","F",4,4,0,0,3,0,0,0,0,0,F,F,"1978BAL.EVA.regular.event.csv",2282
"BAL197806170","OAK",7,0,0,0,0,"",1,5,"armat001","?","armat001","?","flanm001","?","flanm001","?","dempr001","murre001","smitb101","dauer001","belam101","moraa101","harll101","singk001","pagem001","stags101","","S8.2-H;1-2","F","F",9,7,20,"T","T",1,"F","F",0,"F","F",1,"F","F",8,"","F","F","",0,0,"N",0,"N",0,"N",1,2,4,0,"","","","","F","F","F","F","F","F","F","F","F","flanm001","flanm001","","F","F","F","F","F","","","","",0,0,0,0,0,0,0,0,0,53,"BAL","OAK","BAL",0,"F","F",1,5,0,24,2,"T","F",3,3,"T","T","essij001","edwam101","T","T",10,6,52,0,5,51,0,0,0,"dempr001","dempr001","",0,0,0,0,0,0,0,0,0,0,0,0,1,"harll101","F","F","F","F",4,4,4,0,2,0,0,0,0,0,F,F,"1978BAL.EVA.regular.event.csv",2283
"BAL197806170","OAK",7,0,0,0,0,"",2,5,"essij001","?","essij001","?","flanm001","?","flanm001","?","dempr001","murre001","smitb101","dauer001","belam101","moraa101","harll101","singk001","armat001","pagem001","","4","F","F",2,8,2,"T","T",0,"F","F",1,"F","F",0,"F","F",4,"F","F","F","",0,0,"N",0,"N",0,"N",0,1,2,0,"4","","","","F","F","F","F","F","F","F","F","F","flanm001","flanm001","","F","F","F","F","F","","","","",0,4,0,0,0,0,0,0,0,54,"BAL","OAK","BAL",0,"F","F",2,5,1,25,3,"T","F",3,3,"T","T","edwam101","wallj101","T","T",9,7,53,10,6,52,0,0,0,"dempr001","dempr001","",0,0,0,0,0,0,0,0,0,0,0,0,0,"smitb101","F","F","F","F",0,4,4,0,2,0,0,0,0,0,F,F,"1978BAL.EVA.regular.event.csv",2284
"BAL197806170","OAK",7,0,1,0,0,"",2,5,"newmj001","?","newmj001","?","flanm001","?","flanm001","?","dempr001","murre001","smitb101","dauer001","belam101","moraa101","harll101","singk001","armat001","pagem001","","9/L","F","T",11,9,2,"T","T",0,"F","F",1,"F","F",0,"F","F",9,"L","F","F","",0,0,"N",0,"N",0,"N",0,1,2,0,"9","","","","F","F","F","F","F","F","F","F","F","flanm001","flanm001","","F","F","F","F","F","","","","edwam101",4,9,0,0,0,0,0,0,0,55,"BAL","OAK","BAL",0,"F","F",2,5,1,26,4,"T","F",3,3,"F","F","wallj101","alstd101","T","T",9,7,53,10,6,52,0,0,0,"dempr001","dempr001","",0,0,0,0,0,0,0,0,0,0,0,0,0,"singk001","F","F","F","F",0,4,4,0,2,0,0,0,0,0,F,F,"1978BAL.EVA.regular.event.csv",2285
"BAL197806170","OAK",7,0,2,0,0,"",2,5,"wallj101","?","wallj101","?","flanm001","?","flanm001","?","dempr001","murre001","smitb101","dauer001","belam101","moraa101","harll101","singk001","armat001","pagem001","","D7.2-H;1-H","F","F",8,1,21,"T","T",2,"F","F",0,"F","F",2,"F","F",7,"","F","F","",0,0,"N",0,"N",0,"N",2,4,4,0,"","","","","F","F","F","F","F","F","F","F","F","flanm001","flanm001","","F","F","F","F","F","","","","",0,0,0,0,0,0,0,0,0,56,"BAL","OAK","BAL",0,"F","F",2,5,1,27,5,"T","F",3,2,"T","T","alstd101","guerm101","T","T",9,7,53,10,6,52,0,0,0,"dempr001","dempr001","",0,0,0,0,0,0,0,0,0,0,0,0,2,"moraa101","F","F","F","F",2,4,4,0,0,0,0,0,0,0,F,F,"1978BAL.EVA.regular.event.csv",2286
"BAL197806170","OAK",7,0,2,0,0,"",4,5,"alstd101","?","alstd101","?","martt001","?","martt001","?","dempr001","murre001","smitb101","dauer001","belam101","moraa101","harll101","singk001","","wallj101","","K/C","F","F",7,2,3,"T","T",0,"F","F",1,"F","F",0,"F","F",0,"","F","F","",0,0,"N",0,"N",0,"N",0,0,2,0,"2","","","","F","F","F","F","F","F","F","F","F","","flanm001","","F","F","F","F","F","","","","",0,2,0,0,0,0,0,0,0,57,"BAL","OAK","BAL",0,"F","T",4,5,3,28,6,"T","F",2,2,"T","T","guerm101","reved101","F","F",0,0,0,8,1,56,0,0,0,"","dempr001","",0,0,0,0,0,0,0,0,0,0,0,0,0,"","F","F","F","F",0,0,2,0,0,0,0,0,0,0,F,F,"1978BAL.EVA.regular.event.csv",2287
"BAL197806170","OAK",7,1,0,0,0,"",4,5,"harll101","?","harll101","?","langr001","?","langr001","?","essij001","reved101","stags101","piccr001","guerm101","alstd101","wallj101","armat001","","","","7","T","F",8,1,2,"T","T",0,"F","F",1,"F","F",0,"F","F",7,"F","F","F","",0,0,"N",0,"N",0,"N",0,0,0,0,"7","","","","F","F","F","F","F","F","F","F","F","","","","F","F","F","F","F","","","","",0,7,0,0,0,0,0,0,0,58,"BAL","BAL","OAK",1,"T","F",5,4,0,27,0,"T","F",0,0,"T","T","dauer001","murre001","F","F",0,0,0,0,0,0,0,0,0,"","","",0,0,0,0,0,0,0,0,0,0,0,0,0,"alstd101","F","F","F","F",0,0,0,0,0,0,0,0,0,0,F,F,"1978BAL.EVA.regular.event.csv",2288
"BAL197806170","OAK",7,1,1,0,0,"",4,5,"dauer001","?","dauer001","?","langr001","?","langr001","?","essij001","reved101","stags101","piccr001","guerm101","alstd101","wallj101","armat001","","","","6","F","F",5,2,2,"T","T",0,"F","F",1,"F","F",0,"F","F",6,"F","F","F","",0,0,"N",0,"N",0,"N",0,0,0,0,"6","","","","F","F","F","F","F","F","F","F","F","","","","F","F","F","F","F","","","","",0,6,0,0,0,0,0,0,0,59,"BAL","BAL","OAK",1,"F","F",5,4,0,28,1,"T","F",0,0,"T","T","murre001","singk001","F","F",0,0,0,0,0,0,0,0,0,"","","",0,0,0,0,0,0,0,0,0,0,0,0,0,"guerm101","F","F","F","F",0,0,0,0,0,0,0,0,0,0,F,F,"1978BAL.EVA.regular.event.csv",2289
"BAL197806170","OAK",7,1,2,0,0,"",4,5,"murre001","?","murre001","?","langr001","?","langr001","?","essij001","reved101","stags101","piccr001","guerm101","alstd101","wallj101","armat001","","","","S/3D","F","F",3,3,20,"T","T",1,"F","F",0,"F","F",0,"F","F",0,"","F","F","3D",0,0,"N",0,"N",0,"N",1,0,0,0,"","","","","F","F","F","F","F","F","F","F","F","","","","F","F","F","F","F","","","","",0,0,0,0,0,0,0,0,0,60,"BAL","BAL","OAK",1,"F","F",5,4,0,29,2,"T","F",0,1,"T","T","singk001","may-l101","F","F",0,0,0,0,0,0,0,0,0,"","","",0,0,0,0,0,0,0,0,0,0,0,0,0,"","F","F","F","F",1,0,0,0,0,0,0,0,0,0,F,F,"1978BAL.EVA.regular.event.csv",2290
"BAL197806170","OAK",7,1,2,0,0,"",4,5,"singk001","?","singk001","?","langr001","?","langr001","?","essij001","reved101","stags101","piccr001","guerm101","alstd101","wallj101","armat001","murre001","","","9","F","F",9,4,2,"T","T",0,"F","F",1,"F","F",0,"F","F",9,"F","F","F","",0,0,"N",0,"N",0,"N",0,1,0,0,"9","","","","F","F","F","F","F","F","F","F","F","langr001","","","F","F","F","F","F","","","","",0,9,0,0,0,0,0,0,0,61,"BAL","BAL","OAK",1,"F","T",5,4,0,30,3,"T","F",1,1,"T","T","may-l101","moraa101","F","F",3,3,60,0,0,0,0,0,0,"essij001","","",0,0,0,0,0,0,0,0,0,0,0,0,0,"armat001","F","F","F","F",0,1,0,0,0,0,0,0,0,0,F,F,"1978BAL.EVA.regular.event.csv",2291
"BAL197806170","OAK",8,0,0,0,0,"",4,5,"guerm101","?","guerm101","?","martt001","?","martt001","?","dempr001","murre001","smitb101","dauer001","belam101","moraa101","harll101","lopec101","","","","53","T","F",6,3,2,"T","T",0,"F","F",1,"F","F",0,"F","F",5,"G","F","F","",0,0,"N",0,"N",0,"N",0,0,0,0,"53","","","","F","F","F","F","F","F","F","F","F","","","","F","F","F","F","F","","","","",0,3,0,0,5,0,0,0,0,62,"BAL","OAK","BAL",0,"T","F",4,5,0,29,0,"T","F",0,0,"T","T","reved101","stags101","F","F",0,0,0,0,0,0,0,0,0,"","","",0,0,0,0,0,0,0,0,0,0,0,0,0,"dauer001","F","F","F","F",0,0,0,0,0,0,0,0,0,0,F,F,"1978BAL.EVA.regular.event.csv",2292
"BAL197806170","OAK",8,0,1,0,0,"",4,5,"reved101","?","reved101","?","martt001","?","martt001","?","dempr001","murre001","smitb101","dauer001","belam101","moraa101","harll101","lopec101","","","","S8","F","F",3,4,20,"T","T",1,"F","F",0,"F","F",0,"F","F",8,"","F","F","",0,0,"N",0,"N",0,"N",1,0,0,0,"","","","","F","F","F","F","F","F","F","F","F","","","","F","F","F","F","F","","","","",0,0,0,0,0,0,0,0,0,63,"BAL","OAK","BAL",0,"F","F",4,5,0,30,1,"T","F",0,1,"T","T","stags101","pagem001","F","F",0,0,0,0,0,0,0,0,0,"","","",0,0,0,0,0,0,0,0,0,0,0,0,0,"harll101","F","F","F","F",0,0,0,0,0,0,0,0,0,0,F,F,"1978BAL.EVA.regular.event.csv",2293
"BAL197806170","OAK",8,0,1,0,0,"",4,5,"grosw001","?","grosw001","?","martt001","?","martt001","?","dempr001","murre001","smitb101","dauer001","belam101","moraa101","harll101","lopec101","dilom001","","","9","F","T",11,5,2,"T","T",0,"F","F",1,"F","F",0,"F","F",9,"F","F","F","",0,0,"N",0,"N",0,"N",0,1,0,0,"9","","","","F","F","F","F","F","F","F","F","F","martt001","","","F","F","T","F","F","reved101","","","stags101",4,9,0,0,0,0,0,0,0,64,"BAL","OAK","BAL",0,"F","F",4,5,0,31,2,"T","F",1,1,"F","F","pagem001","armat001","F","F",12,4,63,0,0,0,0,0,0,"dempr001","","",0,0,0,0,0,0,0,0,0,0,0,0,0,"lopec101","F","F","F","F",0,0,0,0,0,0,0,0,0,0,F,F,"1978BAL.EVA.regular.event.csv",2294
"BAL197806170","OAK",8,0,2,0,0,"",4,5,"pagem001","?","pagem001","?","martt001","?","martt001","?","dempr001","murre001","smitb101","dauer001","belam101","moraa101","harll101","lopec101","dilom001","","","CS2(26)","F","F",10,6,6,"F","F",0,"F","F",1,"F","F",0,"F","F",0,"","F","F","",0,0,"N",0,"N",0,"N",0,0,0,0,"","26","","","F","F","F","T","F","F","F","F","F","martt001","","","F","F","F","F","F","","","","",0,6,0,0,2,0,0,0,0,65,"BAL","OAK","BAL",0,"F","T",4,5,0,32,3,"T","T",1,0,"T","T","armat001","essij001","F","F",0,4,63,0,0,0,0,0,0,"dempr001","","",0,0,0,0,0,0,0,0,0,0,0,0,0,"","F","F","F","F",0,0,0,0,0,0,0,0,0,0,F,F,"1978BAL.EVA.regular.event.csv",2295
"BAL197806170","OAK",8,1,0,0,0,"",4,5,"may-l101","?","may-l101","?","langr001","?","langr001","?","essij001","alstd101","piccr001","grosw001","guerm101","murpd002","wallj101","armat001","","","","53","T","F",10,5,2,"T","T",0,"F","F",1,"F","F",0,"F","F",5,"G","F","F","",0,0,"N",0,"N",0,"N",0,0,0,0,"53","","","","F","F","F","F","F","F","F","F","F","","","","F","F","F","F","F","","","","",0,3,0,0,5,0,0,0,0,66,"BAL","BAL","OAK",1,"T","F",5,4,0,31,0,"T","F",0,0,"T","T","moraa101","smitb101","F","F",0,0,0,0,0,0,0,0,0,"","","",0,0,0,0,0,0,0,0,0,0,0,0,0,"grosw001","F","F","F","F",0,0,0,0,0,0,0,0,0,0,F,F,"1978BAL.EVA.regular.event.csv",2296
"BAL197806170","OAK",8,1,1,0,0,"",4,5,"moraa101","?","moraa101","?","langr001","?","langr001","?","essij001","alstd101","piccr001","grosw001","guerm101","murpd002","wallj101","armat001","","","","53","F","F",7,6,2,"T","T",0,"F","F",1,"F","F",0,"F","F",5,"G","F","F","",0,0,"N",0,"N",0,"N",0,0,0,0,"53","","","","F","F","F","F","F","F","F","F","F","","","","F","F","F","F","F","","","","",0,3,0,0,5,0,0,0,0,67,"BAL","BAL","OAK",1,"F","F",5,4,0,32,1,"T","F",0,0,"T","T","smitb101","dempr001","F","F",0,0,0,0,0,0,0,0,0,"","","",0,0,0,0,0,0,0,0,0,0,0,0,0,"grosw001","F","F","F","F",0,0,0,0,0,0,0,0,0,0,F,F,"1978BAL.EVA.regular.event.csv",2297
"BAL197806170","OAK",8,1,2,0,0,"",4,5,"smitb101","?","smitb101","?","langr001","?","langr001","?","essij001","alstd101","piccr001","grosw001","guerm101","murpd002","wallj101","armat001","","","","7","F","F",4,7,2,"T","T",0,"F","F",1,"F","F",0,"F","F",7,"F","F","F","",0,0,"N",0,"N",0,"N",0,0,0,0,"7","","","","F","F","F","F","F","F","F","F","F","","","","F","F","F","F","F","","","","",0,7,0,0,0,0,0,0,0,68,"BAL","BAL","OAK",1,"F","T",5,4,0,33,2,"T","F",0,0,"T","T","dempr001","belam101","F","F",0,0,0,0,0,0,0,0,0,"","","",0,0,0,0,0,0,0,0,0,0,0,0,0,"murpd002","F","F","F","F",0,0,0,0,0,0,0,0,0,0,F,F,"1978BAL.EVA.regular.event.csv",2298
"BAL197806170","OAK",9,0,0,0,0,"",4,5,"pagem001","?","pagem001","?","martt001","?","martt001","?","dempr001","murre001","smitb101","dauer001","belam101","moraa101","harll101","lopec101","","","","S/6D","T","F",10,6,20,"T","T",1,"F","F",0,"F","F",0,"F","F",0,"","F","F","6D",0,0,"N",0,"N",0,"N",1,0,0,0,"","","","","F","F","F","F","F","F","F","F","F","","","","F","F","F","F","F","","","","",0,0,0,0,0,0,0,0,0,69,"BAL","OAK","BAL",0,"T","F",4,5,0,32,0,"T","F",0,1,"T","T","armat001","essij001","F","F",0,0,0,0,0,0,0,0,0,"","","",0,0,0,0,0,0,0,0,0,0,0,0,0,"","F","F","F","F",0,0,0,0,0,0,0,0,0,0,F,F,"1978BAL.EVA.regular.event.csv",2299
"BAL197806170","OAK",9,0,0,0,0,"",4,5,"armat001","?","armat001","?","stand101","?","stand101","?","dempr001","murre001","smitb101","dauer001","belam101","moraa101","harll101","lopec101","pagem001","","","CS2(26)","F","F",9,7,6,"F","F",0,"F","F",1,"F","F",0,"F","F",0,"","F","F","",0,0,"N",0,"N",0,"N",0,0,0,0,"","26","","","F","F","F","T","F","F","F","F","F","martt001","","","F","F","F","F","F","","","","",0,6,0,0,2,0,0,0,0,70,"BAL","OAK","BAL",0,"F","F",4,5,0,33,1,"T","F",1,0,"T","T","essij001","piccr001","F","F",10,6,69,0,0,0,0,0,0,"dempr001","","",0,0,0,0,0,0,0,0,0,0,0,0,0,"","F","F","F","F",0,0,0,0,0,0,0,0,0,0,F,F,"1978BAL.EVA.regular.event.csv",2300
"BAL197806170","OAK",9,0,1,0,0,"",4,5,"armat001","?","armat001","?","stand101","?","stand101","?","dempr001","murre001","smitb101","dauer001","belam101","moraa101","harll101","lopec101","","","","K","F","F",9,7,3,"T","T",0,"F","F",1,"F","F",0,"F","F",0,"","F","F","",0,0,"N",0,"N",0,"N",0,0,0,0,"2","","","","F","F","F","F","F","F","F","F","F","","","","F","F","F","F","F","","","","",0,2,0,0,0,0,0,0,0,71,"BAL","OAK","BAL",0,"F","F",4,5,0,33,1,"F","F",0,0,"T","T","essij001","piccr001","F","F",0,0,0,0,0,0,0,0,0,"","","",0,0,0,0,0,0,0,0,0,0,0,0,0,"","F","F","F","F",0,0,0,0,0,0,0,0,0,0,F,F,"1978BAL.EVA.regular.event.csv",2301
"BAL197806170","OAK",9,0,2,0,0,"",4,5,"essij001","?","essij001","?","stand101","?","stand101","?","dempr001","murre001","smitb101","dauer001","belam101","moraa101","harll101","lopec101","","","","W","F","F",2,8,14,"T","F",0,"F","F",0,"F","F",0,"F","F",0,"","F","F","",0,0,"N",0,"N",0,"N",1,0,0,0,"","","","","F","F","F","F","F","F","F","F","F","","","","F","F","F","F","F","","","","",0,0,0,0,0,0,0,0,0,72,"BAL","OAK","BAL",0,"F","F",4,5,0,34,2,"T","F",0,1,"T","T","piccr001","wallj101","F","F",0,0,0,0,0,0,0,0,0,"","","",0,0,0,0,0,0,0,0,0,0,0,0,0,"","F","F","F","F",0,0,0,0,0,0,0,0,0,0,F,F,"1978BAL.EVA.regular.event.csv",2302
"BAL197806170","OAK",9,0,2,0,0,"",4,5,"murrl101","?","murrl101","?","stand101","?","stand101","?","dempr001","murre001","smitb101","dauer001","belam101","moraa101","harll101","lopec101","essij001","","","64(1)/FO","F","T",11,9,2,"T","T",0,"F","F",1,"F","F",0,"F","F",6,"G","F","F","",0,0,"N",0,"N",0,"N",1,0,0,0,"","64","","","F","F","F","F","F","F","F","F","F","stand101","","","F","T","F","F","F","","","","piccr001",4,4,0,0,6,0,0,0,0,73,"BAL","OAK","BAL",0,"F","T",4,5,0,35,3,"T","F",1,1,"F","F","wallj101","alstd101","F","F",2,8,72,0,0,0,0,0,0,"dempr001","","",0,0,0,0,0,0,0,0,0,0,0,0,0,"belam101","T","F","F","F",1,0,0,0,0,0,0,0,0,0,F,F,"1978BAL.EVA.regular.event.csv",2303
"BAL197806180","OAK",1,0,0,0,0,"",0,0,"wallj101","?","wallj101","?","palmj001","?","palmj001","?","dempr001","murre001","smitb101","dauer001","belam101","moraa101","lopec101","singk001","","","","43","T","F",8,1,2,"T","T",0,"F","F",1,"F","F",0,"F","F",4,"G","F","F","",0,0,"N",0,"N",0,"N",0,0,0,0,"43","","","","F","F","F","F","F","F","F","F","F","","","","T","F","F","F","F","","","","",0,3,0,0,4,0,0,0,0,1,"BAL","OAK","BAL",0,"T","F",0,0,0,0,0,"T","F",0,0,"T","T","alstd101","guerm101","T","T",0,0,0,0,0,0,0,0,0,"","","",0,0,0,0,0,0,0,0,0,0,0,0,0,"smitb101","F","F","F","F",0,0,0,0,0,0,0,0,0,0,F,F,"1978BAL.EVA.regular.event.csv",2304
"BAL197806180","OAK",1,0,1,0,0,"",0,0,"alstd101","?","alstd101","?","palmj001","?","palmj001","?","dempr001","murre001","smitb101","dauer001","belam101","moraa101","lopec101","singk001","","","","7","F","F",7,2,2,"T","T",0,"F","F",1,"F","F",0,"F","F",7,"F","F","F","",0,0,"N",0,"N",0,"N",0,0,0,0,"7","","","","F","F","F","F","F","F","F","F","F","","","","F","F","F","F","F","","","","",0,7,0,0,0,0,0,0,0,2,"BAL","OAK","BAL",0,"F","F",0,0,0,1,1,"T","F",0,0,"T","T","guerm101","reved101","T","T",0,0,0,0,0,0,0,0,0,"","","",0,0,0,0,0,0,0,0,0,0,0,0,0,"moraa101","F","F","F","F",0,0,0,0,0,0,0,0,0,0,F,F,"1978BAL.EVA.regular.event.csv",2305
"BAL197806180","OAK",1,0,2,0,0,"",0,0,"guerm101","?","guerm101","?","palmj001","?","palmj001","?","dempr001","murre001","smitb101","dauer001","belam101","moraa101","lopec101","singk001","","","","K","F","F",6,3,3,"T","T",0,"F","F",1,"F","F",0,"F","F",0,"","F","F","",0,0,"N",0,"N",0,"N",0,0,0,0,"2","","","","F","F","F","F","F","F","F","F","F","","","","F","F","F","F","F","","","","",0,2,0,0,0,0,0,0,0,3,"BAL","OAK","BAL",0,"F","T",0,0,0,2,2,"T","F",0,0,"T","T","reved101","pagem001","T","T",0,0,0,0,0,0,0,0,0,"","","",0,0,0,0,0,0,0,0,0,0,0,0,0,"","F","F","F","F",0,0,0,0,0,0,0,0,0,0,F,F,"1978BAL.EVA.regular.event.csv",2306
"BAL197806180","OAK",1,1,0,0,0,"",0,0,"belam101","?","belam101","?","johnj001","?","johnj001","?","essij001","reved101","edwam101","grosw001","guerm101","alstd101","wallj101","armat001","","","","3","T","F",6,1,2,"T","T",0,"F","F",1,"F","F",0,"F","F",3,"F","F","F","",0,0,"N",0,"N",0,"N",0,0,0,0,"3","","","","F","F","F","F","F","F","F","F","F","","","","F","F","F","F","F","","","","",0,3,0,0,0,0,0,0,0,4,"BAL","BAL","OAK",1,"T","F",0,0,0,0,0,"T","F",0,0,"T","T","dauer001","singk001","T","T",0,0,0,0,0,0,0,0,0,"","","",0,0,0,0,0,0,0,0,0,0,0,0,0,"reved101","F","F","F","F",0,0,0,0,0,0,0,0,0,0,F,F,"1978BAL.EVA.regular.event.csv",2307
"BAL197806180","OAK",1,1,1,0,0,"",0,0,"dauer001","?","dauer001","?","johnj001","?","johnj001","?","essij001","reved101","edwam101","grosw001","guerm101","alstd101","wallj101","armat001","","","","W","F","F",5,2,14,"T","F",0,"F","F",0,"F","F",0,"F","F",0,"","F","F","",0,0,"N",0,"N",0,"N",1,0,0,0,"","","","","F","F","F","F","F","F","F","F","F","","","","F","F","F","F","F","","","","",0,0,0,0,0,0,0,0,0,5,"BAL","BAL","OAK",1,"F","F",0,0,0,1,1,"T","F",0,1,"T","T","singk001","murre001","T","T",0,0,0,0,0,0,0,0,0,"","","",0,0,0,0,0,0,0,0,0,0,0,0,0,"","F","F","F","F",0,0,0,0,0,0,0,0,0,0,F,F,"1978BAL.EVA.regular.event.csv",2308
"BAL197806180","OAK",1,1,1,0,0,"",0,0,"singk001","?","singk001","?","johnj001","?","johnj001","?","essij001","reved101","edwam101","grosw001","guerm101","alstd101","wallj101","armat001","dauer001","","","9","F","F",9,3,2,"T","T",0,"F","F",1,"F","F",0,"F","F",9,"F","F","F","",0,0,"N",0,"N",0,"N",0,1,0,0,"9","","","","F","F","F","F","F","F","F","F","F","johnj001","","","F","F","F","F","F","","","","",0,9,0,0,0,0,0,0,0,6,"BAL","BAL","OAK",1,"F","F",0,0,0,2,2,"T","F",1,1,"T","T","murre001","may-l101","T","T",5,2,5,0,0,0,0,0,0,"essij001","","",0,0,0,0,0,0,0,0,0,0,0,0,0,"armat001","F","F","F","F",0,0,0,0,0,0,0,0,0,0,F,F,"1978BAL.EVA.regular.event.csv",2309
"BAL197806180","OAK",1,1,2,0,0,"",0,0,"murre001","?","murre001","?","johnj001","?","johnj001","?","essij001","reved101","edwam101","grosw001","guerm101","alstd101","wallj101","armat001","dauer001","","","53","F","F",3,4,2,"T","T",0,"F","F",1,"F","F",0,"F","F",5,"G","F","F","",0,0,"N",0,"N",0,"N",0,1,0,0,"53","","","","F","F","F","F","F","F","F","F","F","johnj001","","","F","F","F","F","F","","","","",0,3,0,0,5,0,0,0,0,7,"BAL","BAL","OAK",1,"F","T",0,0,0,3,3,"T","F",1,1,"T","T","may-l101","moraa101","T","T",5,2,5,0,0,0,0,0,0,"essij001","","",0,0,0,0,0,0,0,0,0,0,0,0,0,"grosw001","F","F","F","F",0,0,0,0,0,0,0,0,0,0,F,F,"1978BAL.EVA.regular.event.csv",2310
"BAL197806180","OAK",2,0,0,0,0,"",0,0,"reved101","?","reved101","?","palmj001","?","palmj001","?","dempr001","murre001","smitb101","dauer001","belam101","moraa101","lopec101","singk001","","","","3","T","F",3,4,2,"T","T",0,"F","F",1,"F","F",0,"F","F",3,"F","F","F","",0,0,"N",0,"N",0,"N",0,0,0,0,"3","","","","F","F","F","F","F","F","F","F","F","","","","F","F","F","F","F","","","","",0,3,0,0,0,0,0,0,0,8,"BAL","OAK","BAL",0,"T","F",0,0,0,3,0,"T","F",0,0,"T","T","pagem001","grosw001","T","T",0,0,0,0,0,0,0,0,0,"","","",0,0,0,0,0,0,0,0,0,0,0,0,0,"murre001","F","F","F","F",0,0,0,0,0,0,0,0,0,0,F,F,"1978BAL.EVA.regular.event.csv",2311
"BAL197806180","OAK",2,0,1,0,0,"",0,0,"pagem001","?","pagem001","?","palmj001","?","palmj001","?","dempr001","murre001","smitb101","dauer001","belam101","moraa101","lopec101","singk001","","","","K","F","F",10,5,3,"T","T",0,"F","F",1,"F","F",0,"F","F",0,"","F","F","",0,0,"N",0,"N",0,"N",0,0,0,0,"2","","","","F","F","F","F","F","F","F","F","F","","","","F","F","F","F","F","","","","",0,2,0,0,0,0,0,0,0,9,"BAL","OAK","BAL",0,"F","F",0,0,0,4,1,"T","F",0,0,"T","T","grosw001","armat001","T","T",0,0,0,0,0,0,0,0,0,"","","",0,0,0,0,0,0,0,0,0,0,0,0,0,"","F","F","F","F",0,0,0,0,0,0,0,0,0,0,F,F,"1978BAL.EVA.regular.event.csv",2312
"BAL197806180","OAK",2,0,2,0,0,"",0,0,"grosw001","?","grosw001","?","palmj001","?","palmj001","?","dempr001","murre001","smitb101","dauer001","belam101","moraa101","lopec101","singk001","","","","9","F","F",5,6,2,"T","T",0,"F","F",1,"F","F",0,"F","F",9,"F","F","F","",0,0,"N",0,"N",0,"N",0,0,0,0,"9","","","","F","F","F","F","F","F","F","F","F","","","","F","F","F","F","F","","","","",0,9,0,0,0,0,0,0,0,10,"BAL","OAK","BAL",0,"F","T",0,0,0,5,2,"T","F",0,0,"T","T","armat001","essij001","T","T",0,0,0,0,0,0,0,0,0,"","","",0,0,0,0,0,0,0,0,0,0,0,0,0,"singk001","F","F","F","F",0,0,0,0,0,0,0,0,0,0,F,F,"1978BAL.EVA.regular.event.csv",2313
"BAL197806180","OAK",2,1,0,0,0,"",0,0,"may-l101","?","may-l101","?","johnj001","?","johnj001","?","essij001","reved101","edwam101","grosw001","guerm101","alstd101","wallj101","armat001","","","","D/78","T","F",10,5,21,"T","T",2,"F","F",0,"F","F",0,"F","F",0,"","F","F","78",0,0,"N",0,"N",0,"N",2,0,0,0,"","","","","F","F","F","F","F","F","F","F","F","","","","F","F","F","F","F","","","","",0,0,0,0,0,0,0,0,0,11,"BAL","BAL","OAK",1,"T","F",0,0,0,4,0,"T","F",0,2,"T","T","moraa101","lopec101","T","T",0,0,0,0,0,0,0,0,0,"","","",0,0,0,0,0,0,0,0,0,0,0,0,0,"","F","F","F","F",0,0,0,0,0,0,0,0,0,0,F,F,"1978BAL.EVA.regular.event.csv",2314
"BAL197806180","OAK",2,1,0,0,0,"",0,0,"moraa101","?","moraa101","?","johnj001","?","johnj001","?","essij001","reved101","edwam101","grosw001","guerm101","alstd101","wallj101","armat001","","may-l101","","S.2-3","F","F",7,6,20,"T","T",1,"F","F",0,"F","F",0,"F","F",0,"","F","F","",0,0,"N",0,"N",0,"N",1,0,3,0,"","","","","F","F","F","F","F","F","F","F","F","","johnj001","","F","F","F","F","F","","","","",0,0,0,0,0,0,0,0,0,12,"BAL","BAL","OAK",1,"F","F",0,0,0,5,1,"T","F",2,5,"T","T","lopec101","smitb101","T","T",0,0,0,10,5,11,0,0,0,"","essij001","",0,0,0,0,0,0,0,0,0,0,0,0,0,"","F","F","F","F",0,0,0,0,0,0,0,0,0,0,F,F,"1978BAL.EVA.regular.event.csv",2315
"BAL197806180","OAK",2,1,0,0,0,"",0,0,"lopec101","?","lopec101","?","johnj001","?","johnj001","?","essij001","reved101","edwam101","grosw001","guerm101","alstd101","wallj101","armat001","moraa101","","may-l101","K","F","F",8,7,3,"T","T",0,"F","F",1,"F","F",0,"F","F",0,"","F","F","",0,0,"N",0,"N",0,"N",0,1,0,3,"2","","","","F","F","F","F","F","F","F","F","F","johnj001","","johnj001","F","F","F","F","F","","","","",0,2,0,0,0,0,0,0,0,13,"BAL","BAL","OAK",1,"F","F",0,0,0,6,2,"T","F",5,5,"T","T","smitb101","dempr001","T","T",7,6,12,0,0,0,10,5,11,"essij001","","essij001",0,0,0,0,0,0,0,0,0,0,0,0,0,"","F","F","F","F",0,0,0,0,0,0,0,0,0,0,F,F,"1978BAL.EVA.regular.event.csv",2316
"BAL197806180","OAK",2,1,1,0,0,"",0,0,"smitb101","?","smitb101","?","johnj001","?","johnj001","?","essij001","reved101","edwam101","grosw001","guerm101","alstd101","wallj101","armat001","moraa101","","may-l101","K/C","F","F",4,8,3,"T","T",0,"F","F",1,"F","F",0,"F","F",0,"","F","F","",0,0,"N",0,"N",0,"N",0,1,0,3,"2","","","","F","F","F","F","F","F","F","F","F","johnj001","","johnj001","F","F","F","F","F","","","","",0,2,0,0,0,0,0,0,0,14,"BAL","BAL","OAK",1,"F","F",0,0,0,7,3,"T","F",5,5,"T","T","dempr001","belam101","T","T",7,6,12,0,0,0,10,5,11,"essij001","","essij001",0,0,0,0,0,0,0,0,0,0,0,0,0,"","F","F","F","F",0,0,0,0,0,0,0,0,0,0,F,F,"1978BAL.EVA.regular.event.csv",2317
"BAL197806180","OAK",2,1,2,0,0,"",0,0,"dempr001","?","dempr001","?","johnj001","?","johnj001","?","essij001","reved101","edwam101","grosw001","guerm101","alstd101","wallj101","armat001","moraa101","","may-l101","9","F","F",2,9,2,"T","T",0,"F","F",1,"F","F",0,"F","F",9,"F","F","F","",0,0,"N",0,"N",0,"N",0,1,0,3,"9","","","","F","F","F","F","F","F","F","F","F","johnj001","","johnj001","F","F","F","F","F","","","","",0,9,0,0,0,0,0,0,0,15,"BAL","BAL","OAK",1,"F","T",0,0,0,8,4,"T","F",5,5,"T","T","belam101","dauer001","T","T",7,6,12,0,0,0,10,5,11,"essij001","","essij001",0,0,0,0,0,0,0,0,0,0,0,0,0,"armat001","F","F","F","F",0,0,0,0,0,0,0,0,0,0,F,F,"1978BAL.EVA.regular.event.csv",2318
"BAL197806180","OAK",3,0,0,0,0,"",0,0,"armat001","?","armat001","?","palmj001","?","palmj001","?","dempr001","murre001","smitb101","dauer001","belam101","moraa101","lopec101","singk001","","","","43","T","F",9,7,2,"T","T",0,"F","F",1,"F","F",0,"F","F",4,"G","F","F","",0,0,"N",0,"N",0,"N",0,0,0,0,"43","","","","F","F","F","F","F","F","F","F","F","","","","F","F","F","F","F","","","","",0,3,0,0,4,0,0,0,0,16,"BAL","OAK","BAL",0,"T","F",0,0,0,6,0,"T","F",0,0,"T","T","essij001","edwam101","T","T",0,0,0,0,0,0,0,0,0,"","","",0,0,0,0,0,0,0,0,0,0,0,0,0,"smitb101","F","F","F","F",0,0,0,0,0,0,0,0,0,0,F,F,"1978BAL.EVA.regular.event.csv",2319
"BAL197806180","OAK",3,0,1,0,0,"",0,0,"essij001","?","essij001","?","palmj001","?","palmj001","?","dempr001","murre001","smitb101","dauer001","belam101","moraa101","lopec101","singk001","","","","8","F","F",2,8,2,"T","T",0,"F","F",1,"F","F",0,"F","F",8,"F","F","F","",0,0,"N",0,"N",0,"N",0,0,0,0,"8","","","","F","F","F","F","F","F","F","F","F","","","","F","F","F","F","F","","","","",0,8,0,0,0,0,0,0,0,17,"BAL","OAK","BAL",0,"F","F",0,0,0,7,1,"T","F",0,0,"T","T","edwam101","wallj101","T","T",0,0,0,0,0,0,0,0,0,"","","",0,0,0,0,0,0,0,0,0,0,0,0,0,"lopec101","F","F","F","F",0,0,0,0,0,0,0,0,0,0,F,F,"1978BAL.EVA.regular.event.csv",2320
"BAL197806180","OAK",3,0,2,0,0,"",0,0,"edwam101","?","edwam101","?","palmj001","?","palmj001","?","dempr001","murre001","smitb101","dauer001","belam101","moraa101","lopec101","singk001","","","","5","F","F",4,9,2,"T","T",0,"F","F",1,"F","F",0,"F","F",5,"F","F","F","",0,0,"N",0,"N",0,"N",0,0,0,0,"5","","","","F","F","F","F","F","F","F","F","F","","","","F","F","F","F","F","","","","",0,5,0,0,0,0,0,0,0,18,"BAL","OAK","BAL",0,"F","T",0,0,0,8,2,"T","F",0,0,"T","T","wallj101","alstd101","T","T",0,0,0,0,0,0,0,0,0,"","","",0,0,0,0,0,0,0,0,0,0,0,0,0,"dauer001","F","F","F","F",0,0,0,0,0,0,0,0,0,0,F,F,"1978BAL.EVA.regular.event.csv",2321
"BAL197806180","OAK",3,1,0,0,0,"",0,0,"belam101","?","belam101","?","johnj001","?","johnj001","?","essij001","reved101","edwam101","grosw001","guerm101","alstd101","wallj101","armat001","","","","K","T","F",6,1,3,"T","T",0,"F","F",1,"F","F",0,"F","F",0,"","F","F","",0,0,"N",0,"N",0,"N",0,0,0,0,"2","","","","F","F","F","F","F","F","F","F","F","","","","F","F","F","F","F","","","","",0,2,0,0,0,0,0,0,0,19,"BAL","BAL","OAK",1,"T","F",0,0,0,9,0,"T","F",0,0,"T","T","dauer001","singk001","T","T",0,0,0,0,0,0,0,0,0,"","","",0,0,0,0,0,0,0,0,0,0,0,0,0,"","F","F","F","F",0,0,0,0,0,0,0,0,0,0,F,F,"1978BAL.EVA.regular.event.csv",2322
"BAL197806180","OAK",3,1,1,0,0,"",0,0,"dauer001","?","dauer001","?","johnj001","?","johnj001","?","essij001","reved101","edwam101","grosw001","guerm101","alstd101","wallj101","armat001","","","","D/8","F","F",5,2,21,"T","T",2,"F","F",0,"F","F",0,"F","F",0,"","F","F","8",0,0,"N",0,"N",0,"N",2,0,0,0,"","","","","F","F","F","F","F","F","F","F","F","","","","F","F","F","F","F","","","","",0,0,0,0,0,0,0,0,0,20,"BAL","BAL","OAK",1,"F","F",0,0,0,10,1,"T","F",0,2,"T","T","singk001","murre001","T","T",0,0,0,0,0,0,0,0,0,"","","",0,0,0,0,0,0,0,0,0,0,0,0,0,"","F","F","F","F",0,0,0,0,0,0,0,0,0,0,F,F,"1978BAL.EVA.regular.event.csv",2323
"BAL197806180","OAK",3,1,1,0,0,"",0,0,"singk001","?","singk001","?","johnj001","?","johnj001","?","essij001","reved101","edwam101","grosw001","guerm101","alstd101","wallj101","armat001","","dauer001","","63","F","F",9,3,2,"T","T",0,"F","F",1,"F","F",0,"F","F",6,"G","F","F","",0,0,"N",0,"N",0,"N",0,0,2,0,"63","","","","F","F","F","F","F","F","F","F","F","","johnj001","","F","F","F","F","F","","","","",0,3,0,0,6,0,0,0,0,21,"BAL","BAL","OAK",1,"F","F",0,0,0,11,2,"T","F",2,2,"T","T","murre001","may-l101","T","T",0,0,0,5,2,20,0,0,0,"","essij001","",0,0,0,0,0,0,0,0,0,0,0,0,0,"guerm101","F","F","F","F",0,0,0,0,0,0,0,0,0,0,F,F,"1978BAL.EVA.regular.event.csv",2324
"BAL197806180","OAK",3,1,2,0,0,"",0,0,"murre001","?","murre001","?","johnj001","?","johnj001","?","essij001","reved101","edwam101","grosw001","guerm101","alstd101","wallj101","armat001","","dauer001","","9","F","F",3,4,2,"T","T",0,"F","F",1,"F","F",0,"F","F",9,"F","F","F","",0,0,"N",0,"N",0,"N",0,0,2,0,"9","","","","F","F","F","F","F","F","F","F","F","","johnj001","","F","F","F","F","F","","","","",0,9,0,0,0,0,0,0,0,22,"BAL","BAL","OAK",1,"F","T",0,0,0,12,3,"T","F",2,2,"T","T","may-l101","moraa101","T","T",0,0,0,5,2,20,0,0,0,"","essij001","",0,0,0,0,0,0,0,0,0,0,0,0,0,"armat001","F","F","F","F",0,0,0,0,0,0,0,0,0,0,F,F,"1978BAL.EVA.regular.event.csv",2325
"BAL197806180","OAK",4,0,0,0,0,"",0,0,"wallj101","?","wallj101","?","palmj001","?","palmj001","?","dempr001","murre001","smitb101","dauer001","belam101","moraa101","lopec101","singk001","","","","S/8","T","F",8,1,20,"T","T",1,"F","F",0,"F","F",0,"F","F",0,"","F","F","8",0,0,"N",0,"N",0,"N",1,0,0,0,"","","","","F","F","F","F","F","F","F","F","F","","","","F","F","F","F","F","","","","",0,0,0,0,0,0,0,0,0,23,"BAL","OAK","BAL",0,"T","F",0,0,0,9,0,"T","F",0,1,"T","T","alstd101","guerm101","T","T",0,0,0,0,0,0,0,0,0,"","","",0,0,0,0,0,0,0,0,0,0,0,0,0,"","F","F","F","F",0,0,0,0,0,0,0,0,0,0,F,F,"1978BAL.EVA.regular.event.csv",2326
"BAL197806180","OAK",4,0,0,0,0,"",0,0,"alstd101","?","alstd101","?","palmj001","?","palmj001","?","dempr001","murre001","smitb101","dauer001","belam101","moraa101","lopec101","singk001","wallj101","","","4/L","F","F",7,2,2,"T","T",0,"F","F",1,"F","F",0,"F","F",4,"L","F","F","",0,0,"N",0,"N",0,"N",0,1,0,0,"4","","","","F","F","F","F","F","F","F","F","F","palmj001","","","F","F","F","F","F","","","","",0,4,0,0,0,0,0,0,0,24,"BAL","OAK","BAL",0,"F","F",0,0,0,10,1,"T","F",1,1,"T","T","guerm101","reved101","T","T",8,1,23,0,0,0,0,0,0,"dempr001","","",0,0,0,0,0,0,0,0,0,0,0,0,0,"smitb101","F","F","F","F",0,0,0,0,0,0,0,0,0,0,F,F,"1978BAL.EVA.regular.event.csv",2327
"BAL197806180","OAK",4,0,1,0,0,"",0,0,"guerm101","?","guerm101","?","palmj001","?","palmj001","?","dempr001","murre001","smitb101","dauer001","belam101","moraa101","lopec101","singk001","wallj101","","","S/7.1-2","F","F",6,3,20,"T","T",1,"F","F",0,"F","F",0,"F","F",0,"","F","F","7",0,0,"N",0,"N",0,"N",1,2,0,0,"","","","","F","F","F","F","F","F","F","F","F","palmj001","","","F","F","F","F","F","","","","",0,0,0,0,0,0,0,0,0,25,"BAL","OAK","BAL",0,"F","F",0,0,0,11,2,"T","F",1,3,"T","T","reved101","pagem001","T","T",8,1,23,0,0,0,0,0,0,"dempr001","","",0,0,0,0,0,0,0,0,0,0,0,0,0,"","F","F","F","F",0,0,0,0,0,0,0,0,0,0,F,F,"1978BAL.EVA.regular.event.csv",2328
"BAL197806180","OAK",4,0,1,0,0,"",0,0,"reved101","?","reved101","?","palmj001","?","palmj001","?","dempr001","murre001","smitb101","dauer001","belam101","moraa101","lopec101","singk001","guerm101","wallj101","","8.2-3","F","F",3,4,2,"T","T",0,"F","F",1,"F","F",0,"F","F",8,"F","F","F","",0,0,"N",0,"N",0,"N",0,1,3,0,"8","","","","F","F","F","F","F","F","F","F","F","palmj001","palmj001","","F","F","F","F","F","","","","",0,8,0,0,0,0,0,0,0,26,"BAL","OAK","BAL",0,"F","F",0,0,0,12,3,"T","F",3,5,"T","T","pagem001","grosw001","T","T",6,3,25,8,1,23,0,0,0,"dempr001","dempr001","",0,0,0,0,0,0,0,0,0,0,0,0,0,"lopec101","F","F","F","F",0,0,0,0,0,0,0,0,0,0,F,F,"1978BAL.EVA.regular.event.csv",2329
"BAL197806180","OAK",4,0,2,0,0,"",0,0,"pagem001","?","pagem001","?","palmj001","?","palmj001","?","dempr001","murre001","smitb101","dauer001","belam101","moraa101","lopec101","singk001","guerm101","","wallj101","46(1)/FO","F","F",10,5,2,"T","T",0,"F","F",1,"F","F",0,"F","F",4,"G","F","F","",0,0,"N",0,"N",0,"N",1,0,0,3,"","46","","","F","F","F","F","F","F","F","F","F","palmj001","","palmj001","F","F","F","F","F","","","","",0,6,0,0,4,0,0,0,0,27,"BAL","OAK","BAL",0,"F","T",0,0,0,13,4,"T","F",5,5,"T","T","grosw001","armat001","T","T",6,3,25,0,0,0,8,1,23,"dempr001","","dempr001",0,0,0,0,0,0,0,0,0,0,0,0,0,"smitb101","T","F","F","F",0,0,0,0,0,0,0,0,0,0,F,F,"1978BAL.EVA.regular.event.csv",2330
"BAL197806180","OAK",4,1,0,0,0,"",0,0,"may-l101","?","may-l101","?","johnj001","?","johnj001","?","essij001","reved101","edwam101","grosw001","guerm101","alstd101","wallj101","armat001","","","","S/6D","T","F",10,5,20,"T","T",1,"F","F",0,"F","F",0,"F","F",0,"","F","F","6D",0,0,"N",0,"N",0,"N",1,0,0,0,"","","","","F","F","F","F","F","F","F","F","F","","","","F","F","F","F","F","","","","",0,0,0,0,0,0,0,0,0,28,"BAL","BAL","OAK",1,"T","F",0,0,0,13,0,"T","F",0,1,"T","T","moraa101","lopec101","T","T",0,0,0,0,0,0,0,0,0,"","","",0,0,0,0,0,0,0,0,0,0,0,0,0,"","F","F","F","F",0,0,0,0,0,0,0,0,0,0,F,F,"1978BAL.EVA.regular.event.csv",2331
"BAL197806180","OAK",4,1,0,0,0,"",0,0,"moraa101","?","moraa101","?","johnj001","?","johnj001","?","essij001","reved101","edwam101","grosw001","guerm101","alstd101","wallj101","armat001","may-l101","","","6","F","F",7,6,2,"T","T",0,"F","F",1,"F","F",0,"F","F",6,"F","F","F","",0,0,"N",0,"N",0,"N",0,1,0,0,"6","","","","F","F","F","F","F","F","F","F","F","johnj001","","","F","F","F","F","F","","","","",0,6,0,0,0,0,0,0,0,29,"BAL","BAL","OAK",1,"F","F",0,0,0,14,1,"T","F",1,1,"T","T","lopec101","smitb101","T","T",10,5,28,0,0,0,0,0,0,"essij001","","",0,0,0,0,0,0,0,0,0,0,0,0,0,"guerm101","F","F","F","F",0,0,0,0,0,0,0,0,0,0,F,F,"1978BAL.EVA.regular.event.csv",2332
"BAL197806180","OAK",4,1,1,0,0,"",0,0,"lopec101","?","lopec101","?","johnj001","?","johnj001","?","essij001","reved101","edwam101","grosw001","guerm101","alstd101","wallj101","armat001","may-l101","","","K","F","F",8,7,3,"T","T",0,"F","F",1,"F","F",0,"F","F",0,"","F","F","",0,0,"N",0,"N",0,"N",0,1,0,0,"2","","","","F","F","F","F","F","F","F","F","F","johnj001","","","F","F","F","F","F","","","","",0,2,0,0,0,0,0,0,0,30,"BAL","BAL","OAK",1,"F","F",0,0,0,15,2,"T","F",1,1,"T","T","smitb101","dempr001","T","T",10,5,28,0,0,0,0,0,0,"essij001","","",0,0,0,0,0,0,0,0,0,0,0,0,0,"","F","F","F","F",0,0,0,0,0,0,0,0,0,0,F,F,"1978BAL.EVA.regular.event.csv",2333
"BAL197806180","OAK",4,1,2,0,0,"",0,0,"smitb101","?","smitb101","?","johnj001","?","johnj001","?","essij001","reved101","edwam101","grosw001","guerm101","alstd101","wallj101","armat001","may-l101","","","K","F","F",4,8,3,"T","T",0,"F","F",1,"F","F",0,"F","F",0,"","F","F","",0,0,"N",0,"N",0,"N",0,1,0,0,"2","","","","F","F","F","F","F","F","F","F","F","johnj001","","","F","F","F","F","F","","","","",0,2,0,0,0,0,0,0,0,31,"BAL","BAL","OAK",1,"F","T",0,0,0,16,3,"T","F",1,1,"T","T","dempr001","belam101","T","T",10,5,28,0,0,0,0,0,0,"essij001","","",0,0,0,0,0,0,0,0,0,0,0,0,0,"","F","F","F","F",0,0,0,0,0,0,0,0,0,0,F,F,"1978BAL.EVA.regular.event.csv",2334
"BAL197806180","OAK",5,0,0,0,0,"",0,0,"grosw001","?","grosw001","?","palmj001","?","palmj001","?","dempr001","murre001","smitb101","dauer001","belam101","moraa101","lopec101","singk001","","","","S7","T","F",5,6,20,"T","T",1,"F","F",0,"F","F",0,"F","F",7,"","F","F","",0,0,"N",0,"N",0,"N",1,0,0,0,"","","","","F","F","F","F","F","F","F","F","F","","","","F","F","F","F","F","","","","",0,0,0,0,0,0,0,0,0,32,"BAL","OAK","BAL",0,"T","F",0,0,0,14,0,"T","F",0,1,"T","T","armat001","essij001","T","T",0,0,0,0,0,0,0,0,0,"","","",0,0,0,0,0,0,0,0,0,0,0,0,0,"moraa101","F","F","F","F",2,0,0,0,0,0,0,0,0,0,F,F,"1978BAL.EVA.regular.event.csv",2335
"BAL197806180","OAK",5,0,0,0,0,"",0,0,"armat001","?","armat001","?","palmj001","?","palmj001","?","dempr001","murre001","smitb101","dauer001","belam101","moraa101","lopec101","singk001","grosw001","","","14/SH.1-2","F","F",9,7,2,"T","F",0,"T","F",1,"F","F",0,"F","F",1,"G","T","F","",0,0,"N",0,"N",0,"N",0,2,0,0,"14","","","","F","F","F","F","F","F","F","F","F","palmj001","","","F","F","F","F","F","","","","",0,4,0,0,1,0,0,0,0,33,"BAL","OAK","BAL",0,"F","F",0,0,0,15,1,"T","F",1,2,"T","T","essij001","edwam101","T","T",5,6,32,0,0,0,0,0,0,"dempr001","","",0,0,0,0,0,0,0,0,0,0,0,0,0,"palmj001","F","F","F","F",0,2,0,0,0,0,0,0,0,0,F,F,"1978BAL.EVA.regular.event.csv",2336
"BAL197806180","OAK",5,0,1,0,0,"",0,0,"essij001","?","essij001","?","palmj001","?","palmj001","?","dempr001","murre001","smitb101","dauer001","belam101","moraa101","lopec101","singk001","","grosw001","","8","F","F",2,8,2,"T","T",0,"F","F",1,"F","F",0,"F","F",8,"F","F","F","",0,0,"N",0,"N",0,"N",0,0,2,0,"8","","","","F","F","F","F","F","F","F","F","F","","palmj001","","F","F","F","F","F","","","","",0,8,0,0,0,0,0,0,0,34,"BAL","OAK","BAL",0,"F","F",0,0,0,16,2,"T","F",2,2,"T","T","edwam101","wallj101","T","T",0,0,0,5,6,32,0,0,0,"","dempr001","",0,0,0,0,0,0,0,0,0,0,0,0,0,"lopec101","F","F","F","F",0,0,2,0,0,0,0,0,0,0,F,F,"1978BAL.EVA.regular.event.csv",2337
"BAL197806180","OAK",5,0,2,0,0,"",0,0,"dunct101","?","dunct101","?","palmj001","?","palmj001","?","dempr001","murre001","smitb101","dauer001","belam101","moraa101","lopec101","singk001","","grosw001","","K","F","T",11,9,3,"T","T",0,"F","F",1,"F","F",0,"F","F",0,"","F","F","",0,0,"N",0,"N",0,"N",0,0,2,0,"2","","","","F","F","F","F","F","F","F","F","F","","palmj001","","F","F","F","F","F","","","","edwam101",4,2,0,0,0,0,0,0,0,35,"BAL","OAK","BAL",0,"F","T",0,0,0,17,3,"T","F",2,2,"F","F","wallj101","alstd101","T","T",0,0,0,5,6,32,0,0,0,"","dempr001","",0,0,0,0,0,0,0,0,0,0,0,0,0,"","F","F","F","F",0,0,2,0,0,0,0,0,0,0,F,F,"1978BAL.EVA.regular.event.csv",2338
"BAL197806180","OAK",5,1,0,0,0,"",0,0,"dempr001","?","dempr001","?","johnj001","?","johnj001","?","essij001","reved101","stags101","grosw001","guerm101","alstd101","wallj101","armat001","","","","HR/7","T","F",2,9,23,"T","T",4,"F","F",0,"F","F",1,"F","F",0,"","F","F","7",0,0,"N",0,"N",0,"N",4,0,0,0,"","","","","F","F","F","F","F","F","F","F","F","","","","F","F","F","F","F","","","","",0,0,0,0,0,0,0,0,0,36,"BAL","BAL","OAK",1,"T","F",0,0,0,17,0,"T","F",0,0,"T","T","belam101","dauer001","T","T",0,0,0,0,0,0,0,0,0,"","","",0,0,0,0,0,0,0,0,0,0,0,0,1,"","F","F","F","F",4,0,0,0,1,0,0,0,0,0,F,F,"1978BAL.EVA.regular.event.csv",2339
"BAL197806180","OAK",5,1,0,0,0,"",0,1,"belam101","?","belam101","?","johnj001","?","johnj001","?","essij001","reved101","stags101","grosw001","guerm101","alstd101","wallj101","armat001","","","","1/L","F","F",6,1,2,"T","T",0,"F","F",1,"F","F",0,"F","F",1,"L","F","F","",0,0,"N",0,"N",0,"N",0,0,0,0,"1","","","","F","F","F","F","F","F","F","F","F","","","","F","F","F","F","F","","","","",0,1,0,0,0,0,0,0,0,37,"BAL","BAL","OAK",1,"F","F",1,0,1,18,1,"T","F",0,0,"T","T","dauer001","singk001","T","T",0,0,0,0,0,0,0,0,0,"","","",0,0,0,0,0,0,0,0,0,0,0,0,0,"johnj001","F","F","F","F",0,0,0,0,1,0,0,0,0,0,F,F,"1978BAL.EVA.regular.event.csv",2340
"BAL197806180","OAK",5,1,1,0,0,"",0,1,"dauer001","?","dauer001","?","johnj001","?","johnj001","?","essij001","reved101","stags101","grosw001","guerm101","alstd101","wallj101","armat001","","","","W","F","F",5,2,14,"T","F",0,"F","F",0,"F","F",0,"F","F",0,"","F","F","",0,0,"N",0,"N",0,"N",1,0,0,0,"","","","","F","F","F","F","F","F","F","F","F","","","","F","F","F","F","F","","","","",0,0,0,0,0,0,0,0,0,38,"BAL","BAL","OAK",1,"F","F",1,0,1,19,2,"T","F",0,1,"T","T","singk001","murre001","T","T",0,0,0,0,0,0,0,0,0,"","","",0,0,0,0,0,0,0,0,0,0,0,0,0,"","F","F","F","F",4,0,0,0,1,0,0,0,0,0,F,F,"1978BAL.EVA.regular.event.csv",2341
"BAL197806180","OAK",5,1,1,0,0,"",0,1,"singk001","?","singk001","?","johnj001","?","johnj001","?","essij001","reved101","stags101","grosw001","guerm101","alstd101","wallj101","armat001","dauer001","","","S/7.1-3","F","F",9,3,20,"T","T",1,"F","F",0,"F","F",0,"F","F",0,"","F","F","7",0,0,"N",0,"N",0,"N",1,3,0,0,"","","","","F","F","F","F","F","F","F","F","F","johnj001","","","F","F","F","F","F","","","","",0,0,0,0,0,0,0,0,0,39,"BAL","BAL","OAK",1,"F","F",1,0,1,20,3,"T","F",1,5,"T","T","murre001","may-l101","T","T",5,2,38,0,0,0,0,0,0,"essij001","","",0,0,0,0,0,0,0,0,0,0,0,0,0,"","F","F","F","F",0,4,0,0,1,0,0,0,0,0,F,F,"1978BAL.EVA.regular.event.csv",2342
"BAL197806180","OAK",5,1,1,0,0,"",0,1,"murre001","?","murre001","?","johnj001","?","johnj001","?","essij001","reved101","stags101","grosw001","guerm101","alstd101","wallj101","armat001","singk001","","dauer001","7/SF.3-H","F","F",3,4,2,"T","F",0,"F","T",1,"F","F",1,"F","F",7,"F","F","F","",0,0,"N",0,"N",0,"N",0,1,0,4,"7","","","","F","F","F","F","F","F","F","F","F","johnj001","","johnj001","F","F","F","F","F","","","","",0,7,0,0,0,0,0,0,0,40,"BAL","BAL","OAK",1,"F","F",1,0,1,21,4,"T","F",5,1,"T","T","may-l101","moraa101","T","T",9,3,39,0,0,0,5,2,38,"essij001","","essij001",0,0,0,0,0,0,0,0,0,0,0,0,1,"alstd101","F","F","F","F",0,0,0,4,0,0,0,0,0,0,F,F,"1978BAL.EVA.regular.event.csv",2343
"BAL197806180","OAK",5,1,2,0,0,"",0,2,"may-l101","?","may-l101","?","johnj001","?","johnj001","?","essij001","reved101","stags101","grosw001","guerm101","alstd101","wallj101","armat001","singk001","","","S/8.1-2","F","F",10,5,20,"T","T",1,"F","F",0,"F","F",0,"F","F",0,"","F","F","8",0,0,"N",0,"N",0,"N",1,2,0,0,"","","","","F","F","F","F","F","F","F","F","F","johnj001","","","F","F","F","F","F","","","","",0,0,0,0,0,0,0,0,0,41,"BAL","BAL","OAK",1,"F","F",2,0,2,22,5,"T","F",1,3,"T","T","moraa101","lopec101","T","T",9,3,39,0,0,0,0,0,0,"essij001","","",0,0,0,0,0,0,0,0,0,0,0,0,0,"","F","F","F","F",0,0,0,0,0,0,0,0,0,0,F,F,"1978BAL.EVA.regular.event.csv",2344
"BAL197806180","OAK",5,1,2,0,0,"",0,2,"moraa101","?","moraa101","?","brobp101","?","brobp101","?","essij001","reved101","stags101","grosw001","guerm101","alstd101","wallj101","armat001","may-l101","singk001","","6/L","F","F",7,6,2,"T","T",0,"F","F",1,"F","F",0,"F","F",6,"L","F","F","",0,0,"N",0,"N",0,"N",0,1,2,0,"6","","","","F","F","F","F","F","F","F","F","F","johnj001","johnj001","","F","F","F","F","F","","","","",0,6,0,0,0,0,0,0,0,42,"BAL","BAL","OAK",1,"F","T",2,0,2,23,6,"T","F",3,3,"T","T","lopec101","smitb101","F","F",10,5,41,9,3,39,0,0,0,"essij001","essij001","",0,0,0,0,0,0,0,0,0,0,0,0,0,"guerm101","F","F","F","F",0,0,0,0,0,0,0,0,0,0,F,F,"1978BAL.EVA.regular.event.csv",2345
"BAL197806180","OAK",6,0,0,0,0,"",0,2,"wallj101","?","wallj101","?","palmj001","?","palmj001","?","dempr001","murre001","smitb101","dauer001","belam101","moraa101","lopec101","singk001","","","","43","T","F",8,1,2,"T","T",0,"F","F",1,"F","F",0,"F","F",4,"G","F","F","",0,0,"N",0,"N",0,"N",0,0,0,0,"43","","","","F","F","F","F","F","F","F","F","F","","","","F","F","F","F","F","","","","",0,3,0,0,4,0,0,0,0,43,"BAL","OAK","BAL",0,"T","F",0,2,0,18,0,"T","F",0,0,"T","T","alstd101","guerm101","T","T",0,0,0,0,0,0,0,0,0,"","","",0,0,0,0,0,0,0,0,0,0,0,0,0,"smitb101","F","F","F","F",0,0,0,0,0,0,0,0,0,0,F,F,"1978BAL.EVA.regular.event.csv",2346
"BAL197806180","OAK",6,0,1,0,0,"",0,2,"alstd101","?","alstd101","?","palmj001","?","palmj001","?","dempr001","murre001","smitb101","dauer001","belam101","moraa101","lopec101","singk001","","","","9","F","F",7,2,2,"T","T",0,"F","F",1,"F","F",0,"F","F",9,"F","F","F","",0,0,"N",0,"N",0,"N",0,0,0,0,"9","","","","F","F","F","F","F","F","F","F","F","","","","F","F","F","F","F","","","","",0,9,0,0,0,0,0,0,0,44,"BAL","OAK","BAL",0,"F","F",0,2,0,19,1,"T","F",0,0,"T","T","guerm101","reved101","T","T",0,0,0,0,0,0,0,0,0,"","","",0,0,0,0,0,0,0,0,0,0,0,0,0,"singk001","F","F","F","F",0,0,0,0,0,0,0,0,0,0,F,F,"1978BAL.EVA.regular.event.csv",2347
"BAL197806180","OAK",6,0,2,0,0,"",0,2,"guerm101","?","guerm101","?","palmj001","?","palmj001","?","dempr001","murre001","smitb101","dauer001","belam101","moraa101","lopec101","singk001","","","","53","F","F",6,3,2,"T","T",0,"F","F",1,"F","F",0,"F","F",5,"G","F","F","",0,0,"N",0,"N",0,"N",0,0,0,0,"53","","","","F","F","F","F","F","F","F","F","F","","","","F","F","F","F","F","","","","",0,3,0,0,5,0,0,0,0,45,"BAL","OAK","BAL",0,"F","T",0,2,0,20,2,"T","F",0,0,"T","T","reved101","pagem001","T","T",0,0,0,0,0,0,0,0,0,"","","",0,0,0,0,0,0,0,0,0,0,0,0,0,"dauer001","F","F","F","F",0,0,0,0,0,0,0,0,0,0,F,F,"1978BAL.EVA.regular.event.csv",2348
"BAL197806180","OAK",6,1,0,0,0,"",0,2,"harll101","?","harll101","?","brobp101","?","brobp101","?","essij001","reved101","stags101","grosw001","guerm101","alstd101","wallj101","armat001","","","","53","T","T",11,7,2,"T","T",0,"F","F",1,"F","F",0,"F","F",5,"G","F","F","",0,0,"N",0,"N",0,"N",0,0,0,0,"53","","","","F","F","F","F","F","F","F","F","F","","","","F","F","F","F","F","","","","lopec101",8,3,0,0,5,0,0,0,0,46,"BAL","BAL","OAK",1,"T","F",2,0,0,24,0,"T","F",0,0,"F","F","smitb101","dempr001","F","F",0,0,0,0,0,0,0,0,0,"","","",0,0,0,0,0,0,0,0,0,0,0,0,0,"grosw001","F","F","F","F",0,0,0,0,0,0,0,0,0,0,F,F,"1978BAL.EVA.regular.event.csv",2349
"BAL197806180","OAK",6,1,1,0,0,"",0,2,"smitb101","?","smitb101","?","brobp101","?","brobp101","?","essij001","reved101","stags101","grosw001","guerm101","alstd101","wallj101","armat001","","","","S/8","F","F",4,8,20,"T","T",1,"F","F",0,"F","F",0,"F","F",0,"","F","F","8",0,0,"N",0,"N",0,"N",1,0,0,0,"","","","","F","F","F","F","F","F","F","F","F","","","","F","F","F","F","F","","","","",0,0,0,0,0,0,0,0,0,47,"BAL","BAL","OAK",1,"F","F",2,0,0,25,1,"T","F",0,1,"T","T","dempr001","belam101","F","F",0,0,0,0,0,0,0,0,0,"","","",0,0,0,0,0,0,0,0,0,0,0,0,0,"","F","F","F","F",0,0,0,0,0,0,0,0,0,0,F,F,"1978BAL.EVA.regular.event.csv",2350
"BAL197806180","OAK",6,1,1,0,0,"",0,2,"dempr001","?","dempr001","?","brobp101","?","brobp101","?","essij001","reved101","stags101","grosw001","guerm101","alstd101","wallj101","armat001","smitb101","","","46(1)/FO","F","F",2,9,2,"T","T",0,"F","F",1,"F","F",0,"F","F",4,"G","F","F","",0,0,"N",0,"N",0,"N",1,0,0,0,"","46","","","F","F","F","F","F","F","F","F","F","brobp101","","","F","F","F","F","F","","","","",0,6,0,0,4,0,0,0,0,48,"BAL","BAL","OAK",1,"F","F",2,0,0,26,2,"T","F",1,1,"T","T","belam101","dauer001","F","F",4,8,47,0,0,0,0,0,0,"essij001","","",0,0,0,0,0,0,0,0,0,0,0,0,0,"stags101","T","F","F","F",1,0,0,0,0,0,0,0,0,0,F,F,"1978BAL.EVA.regular.event.csv",2351
"BAL197806180","OAK",6,1,2,0,0,"",0,2,"belam101","?","belam101","?","brobp101","?","brobp101","?","essij001","reved101","stags101","grosw001","guerm101","alstd101","wallj101","armat001","dempr001","","","K/C","F","F",6,1,3,"T","T",0,"F","F",1,"F","F",0,"F","F",0,"","F","F","",0,0,"N",0,"N",0,"N",0,1,0,0,"2","","","","F","F","F","F","F","F","F","F","F","brobp101","","","F","F","F","F","F","","","","",0,2,0,0,0,0,0,0,0,49,"BAL","BAL","OAK",1,"F","T",2,0,0,27,3,"T","F",1,1,"T","T","dauer001","singk001","F","F",2,9,48,0,0,0,0,0,0,"essij001","","",0,0,0,0,0,0,0,0,0,0,0,0,0,"","F","F","F","F",0,1,0,0,0,0,0,0,0,0,F,F,"1978BAL.EVA.regular.event.csv",2352
"BAL197806180","OAK",7,0,0,0,0,"",0,2,"reved101","?","reved101","?","palmj001","?","palmj001","?","dempr001","murre001","smitb101","dauer001","belam101","moraa101","harll101","singk001","","","","HR/9","T","F",3,4,23,"T","T",4,"F","F",0,"F","F",1,"F","F",0,"","F","F","9",0,0,"N",0,"N",0,"N",4,0,0,0,"","","","","F","F","F","F","F","F","F","F","F","","","","F","F","F","F","F","","","","",0,0,0,0,0,0,0,0,0,50,"BAL","OAK","BAL",0,"T","F",0,2,0,21,0,"T","F",0,0,"T","T","pagem001","grosw001","T","T",0,0,0,0,0,0,0,0,0,"","","",0,0,0,0,0,0,0,0,0,0,0,0,1,"","F","F","F","F",4,0,0,0,0,0,0,0,0,0,F,F,"1978BAL.EVA.regular.event.csv",2353
"BAL197806180","OAK",7,0,0,0,0,"",1,2,"pagem001","?","pagem001","?","palmj001","?","palmj001","?","dempr001","murre001","smitb101","dauer001","belam101","moraa101","harll101","singk001","","","","6","F","F",10,5,2,"T","T",0,"F","F",1,"F","F",0,"F","F",6,"F","F","F","",0,0,"N",0,"N",0,"N",0,0,0,0,"6","","","","F","F","F","F","F","F","F","F","F","","","","F","F","F","F","F","","","","",0,6,0,0,0,0,0,0,0,51,"BAL","OAK","BAL",0,"F","F",1,2,1,22,1,"T","F",0,0,"T","T","grosw001","armat001","T","T",0,0,0,0,0,0,0,0,0,"","","",0,0,0,0,0,0,0,0,0,0,0,0,0,"belam101","F","F","F","F",0,0,0,0,0,0,0,0,0,0,F,F,"1978BAL.EVA.regular.event.csv",2354
"BAL197806180","OAK",7,0,1,0,0,"",1,2,"grosw001","?","grosw001","?","palmj001","?","palmj001","?","dempr001","murre001","smitb101","dauer001","belam101","moraa101","harll101","singk001","","","","9","F","F",5,6,2,"T","T",0,"F","F",1,"F","F",0,"F","F",9,"F","F","F","",0,0,"N",0,"N",0,"N",0,0,0,0,"9","","","","F","F","F","F","F","F","F","F","F","","","","F","F","F","F","F","","","","",0,9,0,0,0,0,0,0,0,52,"BAL","OAK","BAL",0,"F","F",1,2,1,23,2,"T","F",0,0,"T","T","armat001","essij001","T","T",0,0,0,0,0,0,0,0,0,"","","",0,0,0,0,0,0,0,0,0,0,0,0,0,"singk001","F","F","F","F",0,0,0,0,0,0,0,0,0,0,F,F,"1978BAL.EVA.regular.event.csv",2355
"BAL197806180","OAK",7,0,2,0,0,"",1,2,"armat001","?","armat001","?","palmj001","?","palmj001","?","dempr001","murre001","smitb101","dauer001","belam101","moraa101","harll101","singk001","","","","E1.B-3","F","F",9,7,18,"T","T",0,"F","F",0,"F","F",0,"F","F",1,"G","F","F","",1,1,"F",0,"N",0,"N",3,0,0,0,"","","","","F","F","F","F","F","F","F","F","F","","","","F","F","F","F","F","","","","",0,0,0,0,0,0,0,0,0,53,"BAL","OAK","BAL",0,"F","F",1,2,1,24,3,"T","F",0,4,"T","T","essij001","stags101","T","T",0,0,0,0,0,0,0,0,0,"","","",0,0,0,0,0,0,0,0,0,0,0,0,0,"palmj001","F","F","F","T",0,0,0,0,0,0,0,0,0,0,F,F,"1978BAL.EVA.regular.event.csv",2356
"BAL197806180","OAK",7,0,2,0,0,"",1,2,"essij001","?","essij001","?","palmj001","?","palmj001","?","dempr001","murre001","smitb101","dauer001","belam101","moraa101","harll101","singk001","","","armat001","3","F","F",2,8,2,"T","T",0,"F","F",1,"F","F",0,"F","F",3,"F","F","F","",0,0,"N",0,"N",0,"N",0,0,0,3,"3","","","","F","F","F","F","F","F","F","F","F","","","palmj001","F","F","F","F","F","","","","",0,3,0,0,0,0,0,0,0,54,"BAL","OAK","BAL",0,"F","T",1,2,1,25,4,"T","F",4,4,"T","T","stags101","wallj101","T","T",0,0,0,0,0,0,9,7,53,"","","dempr001",0,0,0,0,0,0,0,0,0,0,0,0,0,"murre001","F","F","F","F",0,0,0,0,0,0,0,0,0,0,F,F,"1978BAL.EVA.regular.event.csv",2357
"BAL197806180","OAK",7,1,0,0,0,"",1,2,"dauer001","?","dauer001","?","brobp101","?","brobp101","?","essij001","reved101","stags101","grosw001","guerm101","alstd101","wallj101","armat001","","","","9","T","F",5,2,2,"T","T",0,"F","F",1,"F","F",0,"F","F",9,"F","F","F","",0,0,"N",0,"N",0,"N",0,0,0,0,"9","","","","F","F","F","F","F","F","F","F","F","","","","F","F","F","F","F","","","","",0,9,0,0,0,0,0,0,0,55,"BAL","BAL","OAK",1,"T","F",2,1,0,28,0,"T","F",0,0,"T","T","singk001","murre001","F","F",0,0,0,0,0,0,0,0,0,"","","",0,0,0,0,0,0,0,0,0,0,0,0,0,"armat001","F","F","F","F",0,0,0,0,0,0,0,0,0,0,F,F,"1978BAL.EVA.regular.event.csv",2358
"BAL197806180","OAK",7,1,1,0,0,"",1,2,"singk001","?","singk001","?","brobp101","?","brobp101","?","essij001","reved101","stags101","grosw001","guerm101","alstd101","wallj101","armat001","","","","D","F","F",9,3,21,"T","T",2,"F","F",0,"F","F",0,"F","F",0,"","F","F","",0,0,"N",0,"N",0,"N",2,0,0,0,"","","","","F","F","F","F","F","F","F","F","F","","","","F","F","F","F","F","","","","",0,0,0,0,0,0,0,0,0,56,"BAL","BAL","OAK",1,"F","F",2,1,0,29,1,"T","F",0,2,"T","T","murre001","may-l101","F","F",0,0,0,0,0,0,0,0,0,"","","",0,0,0,0,0,0,0,0,0,0,0,0,0,"","F","F","F","F",0,0,0,0,0,0,0,0,0,0,F,F,"1978BAL.EVA.regular.event.csv",2359
"BAL197806180","OAK",7,1,1,0,0,"",1,2,"murre001","?","murre001","?","brobp101","?","brobp101","?","essij001","reved101","stags101","grosw001","guerm101","alstd101","wallj101","armat001","","singk001","","IW","F","F",3,4,15,"T","F",0,"F","F",0,"F","F",0,"F","F",0,"","F","F","",0,0,"N",0,"N",0,"N",1,0,2,0,"","","","","F","F","F","F","F","F","F","F","F","","brobp101","","F","F","F","F","F","","","","",0,0,0,0,0,0,0,0,0,57,"BAL","BAL","OAK",1,"F","F",2,1,0,30,2,"T","F",2,3,"T","T","may-l101","moraa101","F","F",0,0,0,9,3,56,0,0,0,"","essij001","",0,0,0,0,0,0,0,0,0,0,0,0,0,"","F","F","F","F",2,0,0,0,0,0,0,0,0,0,F,F,"1978BAL.EVA.regular.event.csv",2360
"BAL197806180","OAK",7,1,1,0,0,"",1,2,"may-l101","?","may-l101","?","brobp101","?","brobp101","?","essij001","reved101","stags101","grosw001","guerm101","alstd101","wallj101","armat001","murre001","singk001","","5(2)3/GDP.1-2","F","F",10,5,2,"T","T",0,"F","F",2,"T","F",0,"F","F",5,"G","F","F","",0,0,"N",0,"N",0,"N",0,2,0,0,"53","","5","","F","F","F","F","F","F","F","F","F","brobp101","brobp101","","F","F","F","F","F","","","","",0,5,3,0,5,0,0,0,0,58,"BAL","BAL","OAK",1,"F","T",2,1,0,31,3,"T","F",3,2,"T","T","moraa101","harll101","F","F",3,4,57,9,3,56,0,0,0,"essij001","essij001","",0,0,0,0,0,0,0,0,0,0,0,0,0,"grosw001","F","T","F","F",0,2,0,0,0,0,0,0,0,0,F,F,"1978BAL.EVA.regular.event.csv",2361
"BAL197806180","OAK",8,0,0,0,0,"",1,2,"newmj001","?","newmj001","?","palmj001","?","palmj001","?","dempr001","murre001","smitb101","dauer001","belam101","moraa101","harll101","singk001","","","","63","T","T",11,9,2,"T","T",0,"F","F",1,"F","F",0,"F","F",6,"G","F","F","",0,0,"N",0,"N",0,"N",0,0,0,0,"63","","","","F","F","F","F","F","F","F","F","F","","","","F","F","F","F","F","","","","stags101",4,3,0,0,6,0,0,0,0,59,"BAL","OAK","BAL",0,"T","F",1,2,0,26,0,"T","F",0,0,"F","F","wallj101","alstd101","T","T",0,0,0,0,0,0,0,0,0,"","","",0,0,0,0,0,0,0,0,0,0,0,0,0,"belam101","F","F","F","F",0,0,0,0,0,0,0,0,0,0,F,F,"1978BAL.EVA.regular.event.csv",2362
"BAL197806180","OAK",8,0,1,0,0,"",1,2,"wallj101","?","wallj101","?","palmj001","?","palmj001","?","dempr001","murre001","smitb101","dauer001","belam101","moraa101","harll101","singk001","","","","7","F","F",8,1,2,"T","T",0,"F","F",1,"F","F",0,"F","F",7,"F","F","F","",0,0,"N",0,"N",0,"N",0,0,0,0,"7","","","","F","F","F","F","F","F","F","F","F","","","","F","F","F","F","F","","","","",0,7,0,0,0,0,0,0,0,60,"BAL","OAK","BAL",0,"F","F",1,2,0,27,1,"T","F",0,0,"T","T","alstd101","guerm101","T","T",0,0,0,0,0,0,0,0,0,"","","",0,0,0,0,0,0,0,0,0,0,0,0,0,"moraa101","F","F","F","F",0,0,0,0,0,0,0,0,0,0,F,F,"1978BAL.EVA.regular.event.csv",2363
"BAL197806180","OAK",8,0,2,0,0,"",1,2,"alstd101","?","alstd101","?","palmj001","?","palmj001","?","dempr001","murre001","smitb101","dauer001","belam101","moraa101","harll101","singk001","","","","W","F","F",7,2,14,"T","F",0,"F","F",0,"F","F",0,"F","F",0,"","F","F","",0,0,"N",0,"N",0,"N",1,0,0,0,"","","","","F","F","F","F","F","F","F","F","F","","","","F","F","F","F","F","","","","",0,0,0,0,0,0,0,0,0,61,"BAL","OAK","BAL",0,"F","F",1,2,0,28,2,"T","F",0,1,"T","T","guerm101","reved101","T","T",0,0,0,0,0,0,0,0,0,"","","",0,0,0,0,0,0,0,0,0,0,0,0,0,"","F","F","F","F",1,0,0,0,0,0,0,0,0,0,F,F,"1978BAL.EVA.regular.event.csv",2364
"BAL197806180","OAK",8,0,2,0,0,"",1,2,"guerm101","?","guerm101","?","palmj001","?","palmj001","?","dempr001","murre001","smitb101","dauer001","belam101","moraa101","harll101","singk001","alstd101","","","9","F","F",6,3,2,"T","T",0,"F","F",1,"F","F",0,"F","F",9,"F","F","F","",0,0,"N",0,"N",0,"N",0,1,0,0,"9","","","","F","F","F","F","F","F","F","F","F","palmj001","","","F","F","F","F","F","","","","",0,9,0,0,0,0,0,0,0,62,"BAL","OAK","BAL",0,"F","T",1,2,0,29,3,"T","F",1,1,"T","T","reved101","pagem001","T","T",7,2,61,0,0,0,0,0,0,"dempr001","","",0,0,0,0,0,0,0,0,0,0,0,0,0,"singk001","F","F","F","F",0,1,0,0,0,0,0,0,0,0,F,F,"1978BAL.EVA.regular.event.csv",2365
"BAL197806180","OAK",8,1,0,0,0,"",1,2,"moraa101","?","moraa101","?","brobp101","?","brobp101","?","essij001","reved101","piccr001","grosw001","guerm101","alstd101","wallj101","armat001","","","","13","T","F",7,6,2,"T","T",0,"F","F",1,"F","F",0,"F","F",1,"G","F","F","",0,0,"N",0,"N",0,"N",0,0,0,0,"13","","","","F","F","F","F","F","F","F","F","F","","","","F","F","F","F","F","","","","",0,3,0,0,1,0,0,0,0,63,"BAL","BAL","OAK",1,"T","F",2,1,0,32,0,"T","F",0,0,"T","T","harll101","smitb101","F","F",0,0,0,0,0,0,0,0,0,"","","",0,0,0,0,0,0,0,0,0,0,0,0,0,"brobp101","F","F","F","F",0,0,0,0,0,0,0,0,0,0,F,F,"1978BAL.EVA.regular.event.csv",2366
"BAL197806180","OAK",8,1,1,0,0,"",1,2,"harll101","?","harll101","?","brobp101","?","brobp101","?","essij001","reved101","piccr001","grosw001","guerm101","alstd101","wallj101","armat001","","","","53","F","F",8,7,2,"T","T",0,"F","F",1,"F","F",0,"F","F",5,"G","F","F","",0,0,"N",0,"N",0,"N",0,0,0,0,"53","","","","F","F","F","F","F","F","F","F","F","","","","F","F","F","F","F","","","","",0,3,0,0,5,0,0,0,0,64,"BAL","BAL","OAK",1,"F","F",2,1,0,33,1,"T","F",0,0,"F","F","smitb101","dempr001","F","F",0,0,0,0,0,0,0,0,0,"","","",0,0,0,0,0,0,0,0,0,0,0,0,0,"grosw001","F","F","F","F",0,0,0,0,0,0,0,0,0,0,F,F,"1978BAL.EVA.regular.event.csv",2367
"BAL197806180","OAK",8,1,2,0,0,"",1,2,"smitb101","?","smitb101","?","brobp101","?","brobp101","?","essij001","reved101","piccr001","grosw001","guerm101","alstd101","wallj101","armat001","","","","8","F","F",4,8,2,"T","T",0,"F","F",1,"F","F",0,"F","F",8,"F","F","F","",0,0,"N",0,"N",0,"N",0,0,0,0,"8","","","","F","F","F","F","F","F","F","F","F","","","","F","F","F","F","F","","","","",0,8,0,0,0,0,0,0,0,65,"BAL","BAL","OAK",1,"F","T",2,1,0,34,2,"T","F",0,0,"T","T","dempr001","belam101","F","F",0,0,0,0,0,0,0,0,0,"","","",0,0,0,0,0,0,0,0,0,0,0,0,0,"wallj101","F","F","F","F",0,0,0,0,0,0,0,0,0,0,F,F,"1978BAL.EVA.regular.event.csv",2368
"BAL197806180","OAK",9,0,0,0,0,"",1,2,"reved101","?","reved101","?","martt001","?","martt001","?","dempr001","murre001","smitb101","dauer001","belam101","moraa101","harll101","singk001","","","","43","T","F",3,4,2,"T","T",0,"F","F",1,"F","F",0,"F","F",4,"G","F","F","",0,0,"N",0,"N",0,"N",0,0,0,0,"43","","","","F","F","F","F","F","F","F","F","F","","","","F","F","F","F","F","","","","",0,3,0,0,4,0,0,0,0,66,"BAL","OAK","BAL",0,"T","F",1,2,0,30,0,"T","F",0,0,"T","T","pagem001","grosw001","F","F",0,0,0,0,0,0,0,0,0,"","","",0,0,0,0,0,0,0,0,0,0,0,0,0,"smitb101","F","F","F","F",0,0,0,0,0,0,0,0,0,0,F,F,"1978BAL.EVA.regular.event.csv",2369
"BAL197806180","OAK",9,0,1,0,0,"",1,2,"pagem001","?","pagem001","?","martt001","?","martt001","?","dempr001","murre001","smitb101","dauer001","belam101","moraa101","harll101","singk001","","","","3/G","F","F",10,5,2,"T","T",0,"F","F",1,"F","F",0,"F","F",3,"G","F","F","",0,0,"N",0,"N",0,"N",0,0,0,0,"3","","","","F","F","F","F","F","F","F","F","F","","","","F","F","F","F","F","","","","",0,3,0,0,0,0,0,0,0,67,"BAL","OAK","BAL",0,"F","F",1,2,0,31,1,"T","F",0,0,"T","T","grosw001","armat001","F","F",0,0,0,0,0,0,0,0,0,"","","",0,0,0,0,0,0,0,0,0,0,0,0,0,"murre001","F","F","F","F",0,0,0,0,0,0,0,0,0,0,F,F,"1978BAL.EVA.regular.event.csv",2370
"BAL197806180","OAK",9,0,2,0,0,"",1,2,"grosw001","?","grosw001","?","martt001","?","martt001","?","dempr001","murre001","smitb101","dauer001","belam101","moraa101","harll101","singk001","","","","K","F","F",5,6,3,"T","T",0,"F","F",1,"F","F",0,"F","F",0,"","F","F","",0,0,"N",0,"N",0,"N",0,0,0,0,"2","","","","F","F","F","F","F","F","F","F","F","","","","F","T","F","F","F","","","","",0,2,0,0,0,0,0,0,0,68,"BAL","OAK","BAL",0,"F","T",1,2,0,32,2,"T","F",0,0,"T","T","armat001","essij001","F","F",0,0,0,0,0,0,0,0,0,"","","",0,0,0,0,0,0,0,0,0,0,0,0,0,"","F","F","F","F",0,0,0,0,0,0,0,0,0,0,F,F,"1978BAL.EVA.regular.event.csv",2371
"BAL197806290","BOS",1,0,0,0,0,"",0,0,"burlr001","?","burlr001","?","martd001","?","martd001","?","skagd101","murre001","smitb101","dauer001","belam101","moraa101","lopec101","andem101","","","","K","T","F",6,1,3,"T","T",0,"F","F",1,"F","F",0,"F","F",0,"","F","F","",0,0,"N",0,"N",0,"N",0,0,0,0,"2","","","","F","F","F","F","F","F","F","F","F","","","","T","F","F","F","F","","","","",0,2,0,0,0,0,0,0,0,1,"BAL","BOS","BAL",0,"T","F",0,0,0,0,0,"T","F",0,0,"T","T","remyj001","ricej001","T","T",0,0,0,0,0,0,0,0,0,"","","",0,0,0,0,0,0,0,0,0,0,0,0,0,"","F","F","F","F",0,0,0,0,0,0,0,0,0,0,F,F,"1978BAL.EVA.regular.event.csv",2372
"BAL197806290","BOS",1,0,1,0,0,"",0,0,"remyj001","?","remyj001","?","martd001","?","martd001","?","skagd101","murre001","smitb101","dauer001","belam101","moraa101","lopec101","andem101","","","","13","F","F",4,2,2,"T","T",0,"F","F",1,"F","F",0,"F","F",1,"G","F","F","",0,0,"N",0,"N",0,"N",0,0,0,0,"13","","","","F","F","F","F","F","F","F","F","F","","","","F","F","F","F","F","","","","",0,3,0,0,1,0,0,0,0,2,"BAL","BOS","BAL",0,"F","F",0,0,0,1,1,"T","F",0,0,"T","T","ricej001","yastc101","T","T",0,0,0,0,0,0,0,0,0,"","","",0,0,0,0,0,0,0,0,0,0,0,0,0,"martd001","F","F","F","F",0,0,0,0,0,0,0,0,0,0,F,F,"1978BAL.EVA.regular.event.csv",2373
"BAL197806290","BOS",1,0,2,0,0,"",0,0,"ricej001","?","ricej001","?","martd001","?","martd001","?","skagd101","murre001","smitb101","dauer001","belam101","moraa101","lopec101","andem101","","","","7","F","F",7,3,2,"T","T",0,"F","F",1,"F","F",0,"F","F",7,"F","F","F","",0,0,"N",0,"N",0,"N",0,0,0,0,"7","","","","F","F","F","F","F","F","F","F","F","","","","F","F","F","F","F","","","","",0,7,0,0,0,0,0,0,0,3,"BAL","BOS","BAL",0,"F","T",0,0,0,2,2,"T","F",0,0,"T","T","yastc101","fiskc001","T","T",0,0,0,0,0,0,0,0,0,"","","",0,0,0,0,0,0,0,0,0,0,0,0,0,"moraa101","F","F","F","F",0,0,0,0,0,0,0,0,0,0,F,F,"1978BAL.EVA.regular.event.csv",2374
"BAL197806290","BOS",1,1,0,0,0,"",0,0,"belam101","?","belam101","?","lee-b101","?","lee-b101","?","fiskc001","scotg102","remyj001","hobsb101","burlr001","ricej001","lynnf001","evand002","","","","S7","T","F",6,1,20,"T","T",1,"F","F",0,"F","F",0,"F","F",7,"","F","F","",0,0,"N",0,"N",0,"N",1,0,0,0,"","","","","F","F","F","F","F","F","F","F","F","","","","F","F","F","F","F","","","","",0,0,0,0,0,0,0,0,0,4,"BAL","BAL","BOS",1,"T","F",0,0,0,0,0,"T","F",0,1,"T","T","dauer001","murre001","T","T",0,0,0,0,0,0,0,0,0,"","","",0,0,0,0,0,0,0,0,0,0,0,0,0,"ricej001","F","F","F","F",0,0,0,0,0,0,0,0,0,0,F,F,"1978BAL.EVA.regular.event.csv",2375
"BAL197806290","BOS",1,1,0,0,0,"",0,0,"dauer001","?","dauer001","?","lee-b101","?","lee-b101","?","fiskc001","scotg102","remyj001","hobsb101","burlr001","ricej001","lynnf001","evand002","belam101","","","5(B)3(1)/LDP","F","F",5,2,2,"T","T",0,"F","F",2,"T","F",0,"F","F",5,"L","F","F","",0,0,"N",0,"N",0,"N",0,0,0,0,"5","53","","","F","F","F","F","F","F","F","F","F","lee-b101","","","F","F","F","F","F","","","","",0,5,3,0,5,0,0,0,0,5,"BAL","BAL","BOS",1,"F","F",0,0,0,1,1,"T","F",1,0,"T","T","murre001","may-l101","T","T",6,1,4,0,0,0,0,0,0,"fiskc001","","",0,0,0,0,0,0,0,0,0,0,0,0,0,"hobsb101","F","F","F","F",0,0,0,0,0,0,0,0,0,0,F,F,"1978BAL.EVA.regular.event.csv",2376
"BAL197806290","BOS",1,1,2,0,0,"",0,0,"murre001","?","murre001","?","lee-b101","?","lee-b101","?","fiskc001","scotg102","remyj001","hobsb101","burlr001","ricej001","lynnf001","evand002","","","","W","F","F",3,3,14,"T","F",0,"F","F",0,"F","F",0,"F","F",0,"","F","F","",0,0,"N",0,"N",0,"N",1,0,0,0,"","","","","F","F","F","F","F","F","F","F","F","","","","F","F","F","F","F","","","","",0,0,0,0,0,0,0,0,0,6,"BAL","BAL","BOS",1,"F","F",0,0,0,2,2,"T","F",0,1,"T","T","may-l101","moraa101","T","T",0,0,0,0,0,0,0,0,0,"","","",0,0,0,0,0,0,0,0,0,0,0,0,0,"","F","F","F","F",0,0,0,0,0,0,0,0,0,0,F,F,"1978BAL.EVA.regular.event.csv",2377
"BAL197806290","BOS",1,1,2,0,0,"",0,0,"may-l101","?","may-l101","?","lee-b101","?","lee-b101","?","fiskc001","scotg102","remyj001","hobsb101","burlr001","ricej001","lynnf001","evand002","murre001","","","W.1-2","F","F",10,4,14,"T","F",0,"F","F",0,"F","F",0,"F","F",0,"","F","F","",0,0,"N",0,"N",0,"N",1,2,0,0,"","","","","F","F","F","F","F","F","F","F","F","lee-b101","","","F","F","F","F","F","","","","",0,0,0,0,0,0,0,0,0,7,"BAL","BAL","BOS",1,"F","F",0,0,0,3,3,"T","F",1,3,"T","T","moraa101","andem101","T","T",3,3,6,0,0,0,0,0,0,"fiskc001","","",0,0,0,0,0,0,0,0,0,0,0,0,0,"","F","F","F","F",0,0,0,0,0,0,0,0,0,0,F,F,"1978BAL.EVA.regular.event.csv",2378
"BAL197806290","BOS",1,1,2,0,0,"",0,0,"moraa101","?","moraa101","?","lee-b101","?","lee-b101","?","fiskc001","scotg102","remyj001","hobsb101","burlr001","ricej001","lynnf001","evand002","may-l101","murre001","","W.2-3;1-2","F","F",7,5,14,"T","F",0,"F","F",0,"F","F",0,"F","F",0,"","F","F","",0,0,"N",0,"N",0,"N",1,2,3,0,"","","","","F","F","F","F","F","F","F","F","F","lee-b101","lee-b101","","F","F","F","F","F","","","","",0,0,0,0,0,0,0,0,0,8,"BAL","BAL","BOS",1,"F","F",0,0,0,4,4,"T","F",3,7,"T","T","andem101","lopec101","T","T",10,4,7,3,3,6,0,0,0,"fiskc001","fiskc001","",0,0,0,0,0,0,0,0,0,0,0,0,0,"","F","F","F","F",0,0,0,0,0,0,0,0,0,0,F,F,"1978BAL.EVA.regular.event.csv",2379
"BAL197806290","BOS",1,1,2,0,0,"",0,0,"andem101","?","andem101","?","lee-b101","?","lee-b101","?","fiskc001","scotg102","remyj001","hobsb101","burlr001","ricej001","lynnf001","evand002","moraa101","may-l101","murre001","K","F","F",9,6,3,"T","T",0,"F","F",1,"F","F",0,"F","F",0,"","F","F","",0,0,"N",0,"N",0,"N",0,1,2,3,"2","","","","F","F","F","F","F","F","F","F","F","lee-b101","lee-b101","lee-b101","F","F","F","F","F","","","","",0,2,0,0,0,0,0,0,0,9,"BAL","BAL","BOS",1,"F","T",0,0,0,5,5,"T","F",7,7,"T","T","lopec101","smitb101","T","T",7,5,8,10,4,7,3,3,6,"fiskc001","fiskc001","fiskc001",0,0,0,0,0,0,0,0,0,0,0,0,0,"","F","F","F","F",0,0,0,0,0,0,0,0,0,0,F,F,"1978BAL.EVA.regular.event.csv",2380
"BAL197806290","BOS",2,0,0,0,0,"",0,0,"yastc101","?","yastc101","?","martd001","?","martd001","?","skagd101","murre001","smitb101","dauer001","belam101","moraa101","lopec101","andem101","","","","63","T","F",10,4,2,"T","T",0,"F","F",1,"F","F",0,"F","F",6,"G","F","F","",0,0,"N",0,"N",0,"N",0,0,0,0,"63","","","","F","F","F","F","F","F","F","F","F","","","","F","F","F","F","F","","","","",0,3,0,0,6,0,0,0,0,10,"BAL","BOS","BAL",0,"T","F",0,0,0,3,0,"T","F",0,0,"T","T","fiskc001","lynnf001","T","T",0,0,0,0,0,0,0,0,0,"","","",0,0,0,0,0,0,0,0,0,0,0,0,0,"belam101","F","F","F","F",0,0,0,0,0,0,0,0,0,0,F,F,"1978BAL.EVA.regular.event.csv",2381
"BAL197806290","BOS",2,0,1,0,0,"",0,0,"fiskc001","?","fiskc001","?","martd001","?","martd001","?","skagd101","murre001","smitb101","dauer001","belam101","moraa101","lopec101","andem101","","","","5/P","F","F",2,5,2,"T","T",0,"F","F",1,"F","F",0,"F","F",5,"P","F","F","",0,0,"N",0,"N",0,"N",0,0,0,0,"5","","","","F","F","F","F","F","F","F","F","F","","","","F","F","F","F","F","","","","",0,5,0,0,0,0,0,0,0,11,"BAL","BOS","BAL",0,"F","F",0,0,0,4,1,"T","F",0,0,"T","T","lynnf001","scotg102","T","T",0,0,0,0,0,0,0,0,0,"","","",0,0,0,0,0,0,0,0,0,0,0,0,0,"dauer001","F","F","F","F",0,0,0,0,0,0,0,0,0,0,F,F,"1978BAL.EVA.regular.event.csv",2382
"BAL197806290","BOS",2,0,2,0,0,"",0,0,"lynnf001","?","lynnf001","?","martd001","?","martd001","?","skagd101","murre001","smitb101","dauer001","belam101","moraa101","lopec101","andem101","","","","S","F","F",8,6,20,"T","T",1,"F","F",0,"F","F",0,"F","F",0,"","F","F","",0,0,"N",0,"N",0,"N",1,0,0,0,"","","","","F","F","F","F","F","F","F","F","F","","","","F","F","F","F","F","","","","",0,0,0,0,0,0,0,0,0,12,"BAL","BOS","BAL",0,"F","F",0,0,0,5,2,"T","F",0,1,"T","T","scotg102","evand002","T","T",0,0,0,0,0,0,0,0,0,"","","",0,0,0,0,0,0,0,0,0,0,0,0,0,"","F","F","F","F",0,0,0,0,0,0,0,0,0,0,F,F,"1978BAL.EVA.regular.event.csv",2383
"BAL197806290","BOS",2,0,2,0,0,"",0,0,"scotg102","?","scotg102","?","martd001","?","martd001","?","skagd101","murre001","smitb101","dauer001","belam101","moraa101","lopec101","andem101","lynnf001","","","43","F","F",3,7,2,"T","T",0,"F","F",1,"F","F",0,"F","F",4,"G","F","F","",0,0,"N",0,"N",0,"N",0,1,0,0,"43","","","","F","F","F","F","F","F","F","F","F","martd001","","","F","F","F","F","F","","","","",0,3,0,0,4,0,0,0,0,13,"BAL","BOS","BAL",0,"F","T",0,0,0,6,3,"T","F",1,1,"T","T","evand002","hobsb101","T","T",8,6,12,0,0,0,0,0,0,"skagd101","","",0,0,0,0,0,0,0,0,0,0,0,0,0,"smitb101","F","F","F","F",0,0,0,0,0,0,0,0,0,0,F,F,"1978BAL.EVA.regular.event.csv",2384
"BAL197806290","BOS",2,1,0,0,0,"",0,0,"lopec101","?","lopec101","?","lee-b101","?","lee-b101","?","fiskc001","scotg102","remyj001","hobsb101","burlr001","ricej001","lynnf001","evand002","","","","K","T","F",8,7,3,"T","T",0,"F","F",1,"F","F",0,"F","F",0,"","F","F","",0,0,"N",0,"N",0,"N",0,0,0,0,"2","","","","F","F","F","F","F","F","F","F","F","","","","F","F","F","F","F","","","","",0,2,0,0,0,0,0,0,0,14,"BAL","BAL","BOS",1,"T","F",0,0,0,6,0,"T","F",0,0,"T","T","smitb101","skagd101","T","T",0,0,0,0,0,0,0,0,0,"","","",0,0,0,0,0,0,0,0,0,0,0,0,0,"","F","F","F","F",0,0,0,0,0,0,0,0,0,0,F,F,"1978BAL.EVA.regular.event.csv",2385
"BAL197806290","BOS",2,1,1,0,0,"",0,0,"smitb101","?","smitb101","?","lee-b101","?","lee-b101","?","fiskc001","scotg102","remyj001","hobsb101","burlr001","ricej001","lynnf001","evand002","","","","53","F","F",4,8,2,"T","T",0,"F","F",1,"F","F",0,"F","F",5,"G","F","F","",0,0,"N",0,"N",0,"N",0,0,0,0,"53","","","","F","F","F","F","F","F","F","F","F","","","","F","F","F","F","F","","","","",0,3,0,0,5,0,0,0,0,15,"BAL","BAL","BOS",1,"F","F",0,0,0,7,1,"T","F",0,0,"T","T","skagd101","belam101","T","T",0,0,0,0,0,0,0,0,0,"","","",0,0,0,0,0,0,0,0,0,0,0,0,0,"hobsb101","F","F","F","F",0,0,0,0,0,0,0,0,0,0,F,F,"1978BAL.EVA.regular.event.csv",2386
"BAL197806290","BOS",2,1,2,0,0,"",0,0,"skagd101","?","skagd101","?","lee-b101","?","lee-b101","?","fiskc001","scotg102","remyj001","hobsb101","burlr001","ricej001","lynnf001","evand002","","","","63","F","F",2,9,2,"T","T",0,"F","F",1,"F","F",0,"F","F",6,"G","F","F","",0,0,"N",0,"N",0,"N",0,0,0,0,"63","","","","F","F","F","F","F","F","F","F","F","","","","F","F","F","F","F","","","","",0,3,0,0,6,0,0,0,0,16,"BAL","BAL","BOS",1,"F","T",0,0,0,8,2,"T","F",0,0,"T","T","belam101","dauer001","T","T",0,0,0,0,0,0,0,0,0,"","","",0,0,0,0,0,0,0,0,0,0,0,0,0,"burlr001","F","F","F","F",0,0,0,0,0,0,0,0,0,0,F,F,"1978BAL.EVA.regular.event.csv",2387
"BAL197806290","BOS",3,0,0,0,0,"",0,0,"evand002","?","evand002","?","martd001","?","martd001","?","skagd101","murre001","smitb101","dauer001","belam101","moraa101","lopec101","andem101","","","","K","T","F",9,8,3,"T","T",0,"F","F",1,"F","F",0,"F","F",0,"","F","F","",0,0,"N",0,"N",0,"N",0,0,0,0,"2","","","","F","F","F","F","F","F","F","F","F","","","","F","F","F","F","F","","","","",0,2,0,0,0,0,0,0,0,17,"BAL","BOS","BAL",0,"T","F",0,0,0,7,0,"T","F",0,0,"T","T","hobsb101","burlr001","T","T",0,0,0,0,0,0,0,0,0,"","","",0,0,0,0,0,0,0,0,0,0,0,0,0,"","F","F","F","F",0,0,0,0,0,0,0,0,0,0,F,F,"1978BAL.EVA.regular.event.csv",2388
"BAL197806290","BOS",3,0,1,0,0,"",0,0,"hobsb101","?","hobsb101","?","martd001","?","martd001","?","skagd101","murre001","smitb101","dauer001","belam101","moraa101","lopec101","andem101","","","","K","F","F",5,9,3,"T","T",0,"F","F",1,"F","F",0,"F","F",0,"","F","F","",0,0,"N",0,"N",0,"N",0,0,0,0,"2","","","","F","F","F","F","F","F","F","F","F","","","","F","F","F","F","F","","","","",0,2,0,0,0,0,0,0,0,18,"BAL","BOS","BAL",0,"F","F",0,0,0,8,1,"T","F",0,0,"T","T","burlr001","remyj001","T","T",0,0,0,0,0,0,0,0,0,"","","",0,0,0,0,0,0,0,0,0,0,0,0,0,"","F","F","F","F",0,0,0,0,0,0,0,0,0,0,F,F,"1978BAL.EVA.regular.event.csv",2389
"BAL197806290","BOS",3,0,2,0,0,"",0,0,"burlr001","?","burlr001","?","martd001","?","martd001","?","skagd101","murre001","smitb101","dauer001","belam101","moraa101","lopec101","andem101","","","","8","F","F",6,1,2,"T","T",0,"F","F",1,"F","F",0,"F","F",8,"F","F","F","",0,0,"N",0,"N",0,"N",0,0,0,0,"8","","","","F","F","F","F","F","F","F","F","F","","","","F","F","F","F","F","","","","",0,8,0,0,0,0,0,0,0,19,"BAL","BOS","BAL",0,"F","T",0,0,0,9,2,"T","F",0,0,"T","T","remyj001","ricej001","T","T",0,0,0,0,0,0,0,0,0,"","","",0,0,0,0,0,0,0,0,0,0,0,0,0,"lopec101","F","F","F","F",0,0,0,0,0,0,0,0,0,0,F,F,"1978BAL.EVA.regular.event.csv",2390
"BAL197806290","BOS",3,1,0,0,0,"",0,0,"belam101","?","belam101","?","lee-b101","?","lee-b101","?","fiskc001","scotg102","remyj001","hobsb101","burlr001","ricej001","lynnf001","evand002","","","","S","T","F",6,1,20,"T","T",1,"F","F",0,"F","F",0,"F","F",0,"","F","F","",0,0,"N",0,"N",0,"N",1,0,0,0,"","","","","F","F","F","F","F","F","F","F","F","","","","F","F","F","F","F","","","","",0,0,0,0,0,0,0,0,0,20,"BAL","BAL","BOS",1,"T","F",0,0,0,9,0,"T","F",0,1,"T","T","dauer001","murre001","T","T",0,0,0,0,0,0,0,0,0,"","","",0,0,0,0,0,0,0,0,0,0,0,0,0,"","F","F","F","F",4,0,0,0,1,0,0,0,0,0,F,F,"1978BAL.EVA.regular.event.csv",2391
"BAL197806290","BOS",3,1,0,0,0,"",0,0,"dauer001","?","dauer001","?","lee-b101","?","lee-b101","?","fiskc001","scotg102","remyj001","hobsb101","burlr001","ricej001","lynnf001","evand002","belam101","","","7","F","F",5,2,2,"T","T",0,"F","F",1,"F","F",0,"F","F",7,"F","F","F","",0,0,"N",0,"N",0,"N",0,1,0,0,"7","","","","F","F","F","F","F","F","F","F","F","lee-b101","","","F","F","F","F","F","","","","",0,7,0,0,0,0,0,0,0,21,"BAL","BAL","BOS",1,"F","F",0,0,0,10,1,"T","F",1,1,"T","T","murre001","may-l101","T","T",6,1,20,0,0,0,0,0,0,"fiskc001","","",0,0,0,0,0,0,0,0,0,0,0,0,0,"ricej001","F","F","F","F",0,4,0,0,1,0,0,0,0,0,F,F,"1978BAL.EVA.regular.event.csv",2392
"BAL197806290","BOS",3,1,1,0,0,"",0,0,"murre001","?","murre001","?","lee-b101","?","lee-b101","?","fiskc001","scotg102","remyj001","hobsb101","burlr001","ricej001","lynnf001","evand002","belam101","","","W.1-2","F","F",3,3,14,"T","F",0,"F","F",0,"F","F",0,"F","F",0,"","F","F","",0,0,"N",0,"N",0,"N",1,2,0,0,"","","","","F","F","F","F","F","F","F","F","F","lee-b101","","","F","F","F","F","F","","","","",0,0,0,0,0,0,0,0,0,22,"BAL","BAL","BOS",1,"F","F",0,0,0,11,2,"T","F",1,3,"T","T","may-l101","moraa101","T","T",6,1,20,0,0,0,0,0,0,"fiskc001","","",0,0,0,0,0,0,0,0,0,0,0,0,0,"","F","F","F","F",0,4,0,0,1,0,0,0,0,0,F,F,"1978BAL.EVA.regular.event.csv",2393
"BAL197806290","BOS",3,1,1,0,0,"",0,0,"may-l101","?","may-l101","?","lee-b101","?","lee-b101","?","fiskc001","scotg102","remyj001","hobsb101","burlr001","ricej001","lynnf001","evand002","murre001","belam101","","S7.2-H;1-2","F","F",10,4,20,"T","T",1,"F","F",0,"F","F",1,"F","F",7,"","F","F","",0,0,"N",0,"N",0,"N",1,2,4,0,"","","","","F","F","F","F","F","F","F","F","F","lee-b101","lee-b101","","F","F","F","F","F","","","","",0,0,0,0,0,0,0,0,0,23,"BAL","BAL","BOS",1,"F","F",0,0,0,12,3,"T","F",3,3,"T","T","moraa101","andem101","T","T",3,3,22,6,1,20,0,0,0,"fiskc001","fiskc001","",0,0,0,0,0,0,0,0,0,0,0,0,1,"ricej001","F","F","F","F",0,0,4,0,0,0,0,0,0,0,F,F,"1978BAL.EVA.regular.event.csv",2394
"BAL197806290","BOS",3,1,1,0,0,"",0,1,"moraa101","?","moraa101","?","lee-b101","?","lee-b101","?","fiskc001","scotg102","remyj001","hobsb101","burlr001","ricej001","lynnf001","evand002","may-l101","murre001","","4","F","F",7,5,2,"T","T",0,"F","F",1,"F","F",0,"F","F",4,"F","F","F","",0,0,"N",0,"N",0,"N",0,1,2,0,"4","","","","F","F","F","F","F","F","F","F","F","lee-b101","lee-b101","","F","F","F","F","F","","","","",0,4,0,0,0,0,0,0,0,24,"BAL","BAL","BOS",1,"F","F",1,0,1,13,4,"T","F",3,3,"T","T","andem101","lopec101","T","T",10,4,23,3,3,22,0,0,0,"fiskc001","fiskc001","",0,0,0,0,0,0,0,0,0,0,0,0,0,"remyj001","F","F","F","F",0,0,0,0,0,0,0,0,0,0,F,F,"1978BAL.EVA.regular.event.csv",2395
"BAL197806290","BOS",3,1,2,0,0,"",0,1,"andem101","?","andem101","?","lee-b101","?","lee-b101","?","fiskc001","scotg102","remyj001","hobsb101","burlr001","ricej001","lynnf001","evand002","may-l101","murre001","","64(1)/FO","F","F",9,6,2,"T","T",0,"F","F",1,"F","F",0,"F","F",6,"G","F","F","",0,0,"N",0,"N",0,"N",1,0,2,0,"","64","","","F","F","F","F","F","F","F","F","F","lee-b101","lee-b101","","F","F","F","F","F","","","","",0,4,0,0,6,0,0,0,0,25,"BAL","BAL","BOS",1,"F","T",1,0,1,14,5,"T","F",3,3,"T","T","lopec101","smitb101","T","T",10,4,23,3,3,22,0,0,0,"fiskc001","fiskc001","",0,0,0,0,0,0,0,0,0,0,0,0,0,"burlr001","T","F","F","F",0,0,0,0,0,0,0,0,0,0,F,F,"1978BAL.EVA.regular.event.csv",2396
"BAL197806290","BOS",4,0,0,0,0,"",0,1,"remyj001","?","remyj001","?","martd001","?","martd001","?","skagd101","murre001","smitb101","dauer001","belam101","moraa101","lopec101","andem101","","","","7","T","F",4,2,2,"T","T",0,"F","F",1,"F","F",0,"F","F",7,"F","F","F","",0,0,"N",0,"N",0,"N",0,0,0,0,"7","","","","F","F","F","F","F","F","F","F","F","","","","F","F","F","F","F","","","","",0,7,0,0,0,0,0,0,0,26,"BAL","BOS","BAL",0,"T","F",0,1,0,10,0,"T","F",0,0,"T","T","ricej001","yastc101","T","T",0,0,0,0,0,0,0,0,0,"","","",0,0,0,0,0,0,0,0,0,0,0,0,0,"moraa101","F","F","F","F",0,0,0,0,0,0,0,0,0,0,F,F,"1978BAL.EVA.regular.event.csv",2397
"BAL197806290","BOS",4,0,1,0,0,"",0,1,"ricej001","?","ricej001","?","martd001","?","martd001","?","skagd101","murre001","smitb101","dauer001","belam101","moraa101","lopec101","andem101","","","","S8","F","F",7,3,20,"T","T",1,"F","F",0,"F","F",0,"F","F",8,"","F","F","",0,0,"N",0,"N",0,"N",1,0,0,0,"","","","","F","F","F","F","F","F","F","F","F","","","","F","F","F","F","F","","","","",0,0,0,0,0,0,0,0,0,27,"BAL","BOS","BAL",0,"F","F",0,1,0,11,1,"T","F",0,1,"T","T","yastc101","fiskc001","T","T",0,0,0,0,0,0,0,0,0,"","","",0,0,0,0,0,0,0,0,0,0,0,0,0,"lopec101","F","F","F","F",0,0,0,0,0,0,0,0,0,0,F,F,"1978BAL.EVA.regular.event.csv",2398
"BAL197806290","BOS",4,0,1,0,0,"",0,1,"yastc101","?","yastc101","?","martd001","?","martd001","?","skagd101","murre001","smitb101","dauer001","belam101","moraa101","lopec101","andem101","ricej001","","","46(1)/FO","F","F",10,4,2,"T","T",0,"F","F",1,"F","F",0,"F","F",4,"G","F","F","",0,0,"N",0,"N",0,"N",1,0,0,0,"","46","","","F","F","F","F","F","F","F","F","F","martd001","","","F","F","F","F","F","","","","",0,6,0,0,4,0,0,0,0,28,"BAL","BOS","BAL",0,"F","F",0,1,0,12,2,"T","F",1,1,"T","T","fiskc001","lynnf001","T","T",7,3,27,0,0,0,0,0,0,"skagd101","","",0,0,0,0,0,0,0,0,0,0,0,0,0,"smitb101","T","F","F","F",0,0,0,0,0,0,0,0,0,0,F,F,"1978BAL.EVA.regular.event.csv",2399
"BAL197806290","BOS",4,0,2,0,0,"",0,1,"fiskc001","?","fiskc001","?","martd001","?","martd001","?","skagd101","murre001","smitb101","dauer001","belam101","moraa101","lopec101","andem101","yastc101","","","8","F","F",2,5,2,"T","T",0,"F","F",1,"F","F",0,"F","F",8,"F","F","F","",0,0,"N",0,"N",0,"N",0,1,0,0,"8","","","","F","F","F","F","F","F","F","F","F","martd001","","","F","F","F","F","F","","","","",0,8,0,0,0,0,0,0,0,29,"BAL","BOS","BAL",0,"F","T",0,1,0,13,3,"T","F",1,1,"T","T","lynnf001","scotg102","T","T",10,4,28,0,0,0,0,0,0,"skagd101","","",0,0,0,0,0,0,0,0,0,0,0,0,0,"lopec101","F","F","F","F",0,0,0,0,0,0,0,0,0,0,F,F,"1978BAL.EVA.regular.event.csv",2400
"BAL197806290","BOS",4,1,0,0,0,"",0,1,"lopec101","?","lopec101","?","lee-b101","?","lee-b101","?","fiskc001","scotg102","remyj001","hobsb101","burlr001","ricej001","lynnf001","evand002","","","","9","T","F",8,7,2,"T","T",0,"F","F",1,"F","F",0,"F","F",9,"F","F","F","",0,0,"N",0,"N",0,"N",0,0,0,0,"9","","","","F","F","F","F","F","F","F","F","F","","","","F","F","F","F","F","","","","",0,9,0,0,0,0,0,0,0,30,"BAL","BAL","BOS",1,"T","F",1,0,0,15,0,"T","F",0,0,"T","T","smitb101","skagd101","T","T",0,0,0,0,0,0,0,0,0,"","","",0,0,0,0,0,0,0,0,0,0,0,0,0,"evand002","F","F","F","F",0,0,0,0,2,0,0,0,0,0,F,F,"1978BAL.EVA.regular.event.csv",2401
"BAL197806290","BOS",4,1,1,0,0,"",0,1,"smitb101","?","smitb101","?","lee-b101","?","lee-b101","?","fiskc001","scotg102","remyj001","hobsb101","burlr001","ricej001","lynnf001","evand002","","","","S8","F","F",4,8,20,"T","T",1,"F","F",0,"F","F",0,"F","F",8,"","F","F","",0,0,"N",0,"N",0,"N",1,0,0,0,"","","","","F","F","F","F","F","F","F","F","F","","","","F","F","F","F","F","","","","",0,0,0,0,0,0,0,0,0,31,"BAL","BAL","BOS",1,"F","F",1,0,0,16,1,"T","F",0,1,"T","T","skagd101","belam101","T","T",0,0,0,0,0,0,0,0,0,"","","",0,0,0,0,0,0,0,0,0,0,0,0,0,"lynnf001","F","F","F","F",4,0,0,0,2,0,0,0,0,0,F,F,"1978BAL.EVA.regular.event.csv",2402
"BAL197806290","BOS",4,1,1,0,0,"",0,1,"skagd101","?","skagd101","?","lee-b101","?","lee-b101","?","fiskc001","scotg102","remyj001","hobsb101","burlr001","ricej001","lynnf001","evand002","smitb101","","","S9.1-2","F","F",2,9,20,"T","T",1,"F","F",0,"F","F",0,"F","F",9,"","F","F","",0,0,"N",0,"N",0,"N",1,2,0,0,"","","","","F","F","F","F","F","F","F","F","F","lee-b101","","","F","F","F","F","F","","","","",0,0,0,0,0,0,0,0,0,32,"BAL","BAL","BOS",1,"F","F",1,0,0,17,2,"T","F",1,3,"T","T","belam101","dauer001","T","T",4,8,31,0,0,0,0,0,0,"fiskc001","","",0,0,0,0,0,0,0,0,0,0,0,0,0,"evand002","F","F","F","F",4,4,0,0,2,0,0,0,0,0,F,F,"1978BAL.EVA.regular.event.csv",2403
"BAL197806290","BOS",4,1,1,0,0,"",0,1,"belam101","?","belam101","?","lee-b101","?","lee-b101","?","fiskc001","scotg102","remyj001","hobsb101","burlr001","ricej001","lynnf001","evand002","skagd101","smitb101","","W.2-3;1-2","F","F",6,1,14,"T","F",0,"F","F",0,"F","F",0,"F","F",0,"","F","F","",0,0,"N",0,"N",0,"N",1,2,3,0,"","","","","F","F","F","F","F","F","F","F","F","lee-b101","lee-b101","","F","F","F","F","F","","","","",0,0,0,0,0,0,0,0,0,33,"BAL","BAL","BOS",1,"F","F",1,0,0,18,3,"T","F",3,7,"T","T","dauer001","murre001","T","T",2,9,32,4,8,31,0,0,0,"fiskc001","fiskc001","",0,0,0,0,0,0,0,0,0,0,0,0,0,"","F","F","F","F",0,4,4,0,2,0,0,0,0,0,F,F,"1978BAL.EVA.regular.event.csv",2404
"BAL197806290","BOS",4,1,1,0,0,"",0,1,"dauer001","?","dauer001","?","lee-b101","?","lee-b101","?","fiskc001","scotg102","remyj001","hobsb101","burlr001","ricej001","lynnf001","evand002","belam101","skagd101","smitb101","S8.3-H;2-H;1-2","F","F",5,2,20,"T","T",1,"F","F",0,"F","F",2,"F","F",8,"","F","F","",0,0,"N",0,"N",0,"N",1,2,4,4,"","","","","F","F","F","F","F","F","F","F","F","lee-b101","lee-b101","lee-b101","F","F","F","F","F","","","","",0,0,0,0,0,0,0,0,0,34,"BAL","BAL","BOS",1,"F","F",1,0,0,19,4,"T","F",7,3,"T","T","murre001","may-l101","T","T",6,1,33,2,9,32,4,8,31,"fiskc001","fiskc001","fiskc001",0,0,0,0,0,0,0,0,0,0,0,0,2,"lynnf001","F","F","F","F",0,0,4,4,0,0,0,0,0,0,F,F,"1978BAL.EVA.regular.event.csv",2405
"BAL197806290","BOS",4,1,1,0,0,"",0,3,"murre001","?","murre001","?","ripla101","?","ripla101","?","fiskc001","scotg102","remyj001","hobsb101","burlr001","ricej001","lynnf001","evand002","dauer001","belam101","","K","F","F",3,3,3,"T","T",0,"F","F",1,"F","F",0,"F","F",0,"","F","F","",0,0,"N",0,"N",0,"N",0,1,2,0,"2","","","","F","F","F","F","F","F","F","F","F","lee-b101","lee-b101","","F","F","F","F","F","","","","",0,2,0,0,0,0,0,0,0,35,"BAL","BAL","BOS",1,"F","F",3,0,2,20,5,"T","F",3,3,"T","T","may-l101","moraa101","F","F",5,2,34,6,1,33,0,0,0,"fiskc001","fiskc001","",0,0,0,0,0,0,0,0,0,0,0,0,0,"","F","F","F","F",0,0,0,0,0,0,0,0,0,0,F,F,"1978BAL.EVA.regular.event.csv",2406
"BAL197806290","BOS",4,1,2,0,0,"",0,3,"may-l101","?","may-l101","?","ripla101","?","ripla101","?","fiskc001","scotg102","remyj001","hobsb101","burlr001","ricej001","lynnf001","evand002","dauer001","belam101","","6/L","F","F",10,4,2,"T","T",0,"F","F",1,"F","F",0,"F","F",6,"L","F","F","",0,0,"N",0,"N",0,"N",0,1,2,0,"6","","","","F","F","F","F","F","F","F","F","F","lee-b101","lee-b101","","F","F","F","F","F","","","","",0,6,0,0,0,0,0,0,0,36,"BAL","BAL","BOS",1,"F","T",3,0,2,21,6,"T","F",3,3,"T","T","moraa101","andem101","F","F",5,2,34,6,1,33,0,0,0,"fiskc001","fiskc001","",0,0,0,0,0,0,0,0,0,0,0,0,0,"burlr001","F","F","F","F",0,0,0,0,0,0,0,0,0,0,F,F,"1978BAL.EVA.regular.event.csv",2407
"BAL197806290","BOS",5,0,0,0,0,"",0,3,"lynnf001","?","lynnf001","?","martd001","?","martd001","?","skagd101","murre001","smitb101","dauer001","belam101","moraa101","lopec101","andem101","","","","43","T","F",8,6,2,"T","T",0,"F","F",1,"F","F",0,"F","F",4,"G","F","F","",0,0,"N",0,"N",0,"N",0,0,0,0,"43","","","","F","F","F","F","F","F","F","F","F","","","","F","F","F","F","F","","","","",0,3,0,0,4,0,0,0,0,37,"BAL","BOS","BAL",0,"T","F",0,3,0,14,0,"T","F",0,0,"T","T","scotg102","evand002","T","T",0,0,0,0,0,0,0,0,0,"","","",0,0,0,0,0,0,0,0,0,0,0,0,0,"smitb101","F","F","F","F",0,0,0,0,0,0,0,0,0,0,F,F,"1978BAL.EVA.regular.event.csv",2408
"BAL197806290","BOS",5,0,1,0,0,"",0,3,"scotg102","?","scotg102","?","martd001","?","martd001","?","skagd101","murre001","smitb101","dauer001","belam101","moraa101","lopec101","andem101","","","","K","F","F",3,7,3,"T","T",0,"F","F",1,"F","F",0,"F","F",0,"","F","F","",0,0,"N",0,"N",0,"N",0,0,0,0,"2","","","","F","F","F","F","F","F","F","F","F","","","","F","F","F","F","F","","","","",0,2,0,0,0,0,0,0,0,38,"BAL","BOS","BAL",0,"F","F",0,3,0,15,1,"T","F",0,0,"T","T","evand002","hobsb101","T","T",0,0,0,0,0,0,0,0,0,"","","",0,0,0,0,0,0,0,0,0,0,0,0,0,"","F","F","F","F",0,0,0,0,0,0,0,0,0,0,F,F,"1978BAL.EVA.regular.event.csv",2409
"BAL197806290","BOS",5,0,2,0,0,"",0,3,"evand002","?","evand002","?","martd001","?","martd001","?","skagd101","murre001","smitb101","dauer001","belam101","moraa101","lopec101","andem101","","","","13","F","F",9,8,2,"T","T",0,"F","F",1,"F","F",0,"F","F",1,"G","F","F","",0,0,"N",0,"N",0,"N",0,0,0,0,"13","","","","F","F","F","F","F","F","F","F","F","","","","F","F","F","F","F","","","","",0,3,0,0,1,0,0,0,0,39,"BAL","BOS","BAL",0,"F","T",0,3,0,16,2,"T","F",0,0,"T","T","hobsb101","burlr001","T","T",0,0,0,0,0,0,0,0,0,"","","",0,0,0,0,0,0,0,0,0,0,0,0,0,"martd001","F","F","F","F",0,0,0,0,0,0,0,0,0,0,F,F,"1978BAL.EVA.regular.event.csv",2410
"BAL197806290","BOS",5,1,0,0,0,"",0,3,"moraa101","?","moraa101","?","ripla101","?","ripla101","?","fiskc001","scotg102","remyj001","hobsb101","burlr001","ricej001","lynnf001","evand002","","","","63","T","F",7,5,2,"T","T",0,"F","F",1,"F","F",0,"F","F",6,"G","F","F","",0,0,"N",0,"N",0,"N",0,0,0,0,"63","","","","F","F","F","F","F","F","F","F","F","","","","F","F","F","F","F","","","","",0,3,0,0,6,0,0,0,0,40,"BAL","BAL","BOS",1,"T","F",3,0,0,22,0,"T","F",0,0,"T","T","andem101","lopec101","F","F",0,0,0,0,0,0,0,0,0,"","","",0,0,0,0,0,0,0,0,0,0,0,0,0,"burlr001","F","F","F","F",0,0,0,0,0,0,0,0,0,0,F,F,"1978BAL.EVA.regular.event.csv",2411
"BAL197806290","BOS",5,1,1,0,0,"",0,3,"andem101","?","andem101","?","ripla101","?","ripla101","?","fiskc001","scotg102","remyj001","hobsb101","burlr001","ricej001","lynnf001","evand002","","","","K","F","F",9,6,3,"T","T",0,"F","F",1,"F","F",0,"F","F",0,"","F","F","",0,0,"N",0,"N",0,"N",0,0,0,0,"2","","","","F","F","F","F","F","F","F","F","F","","","","F","F","F","F","F","","","","",0,2,0,0,0,0,0,0,0,41,"BAL","BAL","BOS",1,"F","F",3,0,0,23,1,"T","F",0,0,"T","T","lopec101","smitb101","F","F",0,0,0,0,0,0,0,0,0,"","","",0,0,0,0,0,0,0,0,0,0,0,0,0,"","F","F","F","F",0,0,0,0,0,0,0,0,0,0,F,F,"1978BAL.EVA.regular.event.csv",2412
"BAL197806290","BOS",5,1,2,0,0,"",0,3,"lopec101","?","lopec101","?","ripla101","?","ripla101","?","fiskc001","scotg102","remyj001","hobsb101","burlr001","ricej001","lynnf001","evand002","","","","3/FL","F","F",8,7,2,"T","T",0,"F","F",1,"F","F",0,"F","F",3,"F","F","T","",0,0,"N",0,"N",0,"N",0,0,0,0,"3","","","","F","F","F","F","F","F","F","F","F","","","","F","F","F","F","F","","","","",0,3,0,0,0,0,0,0,0,42,"BAL","BAL","BOS",1,"F","T",3,0,0,24,2,"T","F",0,0,"T","T","smitb101","skagd101","F","F",0,0,0,0,0,0,0,0,0,"","","",0,0,0,0,0,0,0,0,0,0,0,0,0,"scotg102","F","F","F","F",0,0,0,0,0,0,0,0,0,0,F,F,"1978BAL.EVA.regular.event.csv",2413
"BAL197806290","BOS",6,0,0,0,0,"",0,3,"hobsb101","?","hobsb101","?","martd001","?","martd001","?","skagd101","murre001","smitb101","dauer001","belam101","moraa101","lopec101","andem101","","","","5/FL","T","F",5,9,2,"T","T",0,"F","F",1,"F","F",0,"F","F",5,"F","F","T","",0,0,"N",0,"N",0,"N",0,0,0,0,"5","","","","F","F","F","F","F","F","F","F","F","","","","F","F","F","F","F","","","","",0,5,0,0,0,0,0,0,0,43,"BAL","BOS","BAL",0,"T","F",0,3,0,17,0,"T","F",0,0,"T","T","burlr001","remyj001","T","T",0,0,0,0,0,0,0,0,0,"","","",0,0,0,0,0,0,0,0,0,0,0,0,0,"dauer001","F","F","F","F",0,0,0,0,0,0,0,0,0,0,F,F,"1978BAL.EVA.regular.event.csv",2414
"BAL197806290","BOS",6,0,1,0,0,"",0,3,"burlr001","?","burlr001","?","martd001","?","martd001","?","skagd101","murre001","smitb101","dauer001","belam101","moraa101","lopec101","andem101","","","","3/G","F","F",6,1,2,"T","T",0,"F","F",1,"F","F",0,"F","F",3,"G","F","F","",0,0,"N",0,"N",0,"N",0,0,0,0,"3","","","","F","F","F","F","F","F","F","F","F","","","","F","F","F","F","F","","","","",0,3,0,0,0,0,0,0,0,44,"BAL","BOS","BAL",0,"F","F",0,3,0,18,1,"T","F",0,0,"T","T","remyj001","ricej001","T","T",0,0,0,0,0,0,0,0,0,"","","",0,0,0,0,0,0,0,0,0,0,0,0,0,"murre001","F","F","F","F",0,0,0,0,0,0,0,0,0,0,F,F,"1978BAL.EVA.regular.event.csv",2415
"BAL197806290","BOS",6,0,2,0,0,"",0,3,"remyj001","?","remyj001","?","martd001","?","martd001","?","skagd101","murre001","smitb101","dauer001","belam101","moraa101","lopec101","andem101","","","","3E1.B-1","F","F",4,2,2,"T","T",0,"F","F",0,"F","F",0,"F","F",3,"G","F","F","",1,1,"D",0,"N",0,"N",1,0,0,0,"3E1","","","","F","F","F","F","F","F","F","F","F","","","","F","F","F","F","F","","","","",0,0,0,0,3,0,0,0,0,45,"BAL","BOS","BAL",0,"F","F",0,3,0,19,2,"T","F",0,1,"T","T","ricej001","yastc101","T","T",0,0,0,0,0,0,0,0,0,"","","",0,0,0,0,0,0,0,0,0,0,0,0,0,"murre001","F","F","F","T",0,0,0,0,0,0,0,0,0,0,F,F,"1978BAL.EVA.regular.event.csv",2416
"BAL197806290","BOS",6,0,2,0,0,"",0,3,"ricej001","?","ricej001","?","martd001","?","martd001","?","skagd101","murre001","smitb101","dauer001","belam101","moraa101","lopec101","andem101","remyj001","","","W.1-2","F","F",7,3,14,"T","F",0,"F","F",0,"F","F",0,"F","F",0,"","F","F","",0,0,"N",0,"N",0,"N",1,2,0,0,"","","","","F","F","F","F","F","F","F","F","F","martd001","","","F","F","F","F","F","","","","",0,0,0,0,0,0,0,0,0,46,"BAL","BOS","BAL",0,"F","F",0,3,0,20,3,"T","F",1,3,"T","T","yastc101","fiskc001","T","T",4,2,45,0,0,0,0,0,0,"skagd101","","",0,0,0,0,0,0,0,0,0,0,0,0,0,"","F","F","F","F",0,0,0,0,0,0,0,0,0,0,F,F,"1978BAL.EVA.regular.event.csv",2417
"BAL197806290","BOS",6,0,2,0,0,"",0,3,"yastc101","?","yastc101","?","martd001","?","martd001","?","skagd101","murre001","smitb101","dauer001","belam101","moraa101","lopec101","andem101","ricej001","remyj001","","8","F","F",10,4,2,"T","T",0,"F","F",1,"F","F",0,"F","F",8,"F","F","F","",0,0,"N",0,"N",0,"N",0,1,2,0,"8","","","","F","F","F","F","F","F","F","F","F","martd001","martd001","","F","F","F","F","F","","","","",0,8,0,0,0,0,0,0,0,47,"BAL","BOS","BAL",0,"F","T",0,3,0,21,4,"T","F",3,3,"T","T","fiskc001","lynnf001","T","T",7,3,46,4,2,45,0,0,0,"skagd101","skagd101","",0,0,0,0,0,0,0,0,0,0,0,0,0,"lopec101","F","F","F","F",0,0,0,0,0,0,0,0,0,0,F,F,"1978BAL.EVA.regular.event.csv",2418
"BAL197806290","BOS",6,1,0,0,0,"",0,3,"smitb101","?","smitb101","?","ripla101","?","ripla101","?","fiskc001","scotg102","remyj001","hobsb101","burlr001","ricej001","lynnf001","evand002","","","","K/C","T","F",4,8,3,"T","T",0,"F","F",1,"F","F",0,"F","F",0,"","F","F","",0,0,"N",0,"N",0,"N",0,0,0,0,"2","","","","F","F","F","F","F","F","F","F","F","","","","F","F","F","F","F","","","","",0,2,0,0,0,0,0,0,0,48,"BAL","BAL","BOS",1,"T","F",3,0,0,25,0,"T","F",0,0,"T","T","skagd101","belam101","F","F",0,0,0,0,0,0,0,0,0,"","","",0,0,0,0,0,0,0,0,0,0,0,0,0,"","F","F","F","F",0,0,0,0,0,0,0,0,0,0,F,F,"1978BAL.EVA.regular.event.csv",2419
"BAL197806290","BOS",6,1,1,0,0,"",0,3,"skagd101","?","skagd101","?","ripla101","?","ripla101","?","fiskc001","scotg102","remyj001","hobsb101","burlr001","ricej001","lynnf001","evand002","","","","63","F","F",2,9,2,"T","T",0,"F","F",1,"F","F",0,"F","F",6,"G","F","F","",0,0,"N",0,"N",0,"N",0,0,0,0,"63","","","","F","F","F","F","F","F","F","F","F","","","","F","F","F","F","F","","","","",0,3,0,0,6,0,0,0,0,49,"BAL","BAL","BOS",1,"F","F",3,0,0,26,1,"T","F",0,0,"T","T","belam101","dauer001","F","F",0,0,0,0,0,0,0,0,0,"","","",0,0,0,0,0,0,0,0,0,0,0,0,0,"burlr001","F","F","F","F",0,0,0,0,0,0,0,0,0,0,F,F,"1978BAL.EVA.regular.event.csv",2420
"BAL197806290","BOS",6,1,2,0,0,"",0,3,"belam101","?","belam101","?","ripla101","?","ripla101","?","fiskc001","scotg102","remyj001","hobsb101","burlr001","ricej001","lynnf001","evand002","","","","53","F","F",6,1,2,"T","T",0,"F","F",1,"F","F",0,"F","F",5,"G","F","F","",0,0,"N",0,"N",0,"N",0,0,0,0,"53","","","","F","F","F","F","F","F","F","F","F","","","","F","F","F","F","F","","","","",0,3,0,0,5,0,0,0,0,50,"BAL","BAL","BOS",1,"F","T",3,0,0,27,2,"T","F",0,0,"T","T","dauer001","murre001","F","F",0,0,0,0,0,0,0,0,0,"","","",0,0,0,0,0,0,0,0,0,0,0,0,0,"hobsb101","F","F","F","F",0,0,0,0,0,0,0,0,0,0,F,F,"1978BAL.EVA.regular.event.csv",2421
"BAL197806290","BOS",7,0,0,0,0,"",0,3,"fiskc001","?","fiskc001","?","martd001","?","martd001","?","skagd101","murre001","smitb101","dauer001","belam101","andem101","harll101","lopec101","","","","7","T","F",2,5,2,"T","T",0,"F","F",1,"F","F",0,"F","F",7,"F","F","F","",0,0,"N",0,"N",0,"N",0,0,0,0,"7","","","","F","F","F","F","F","F","F","F","F","","","","F","F","F","F","F","","","","",0,7,0,0,0,0,0,0,0,51,"BAL","BOS","BAL",0,"T","F",0,3,0,22,0,"T","F",0,0,"T","T","lynnf001","scotg102","T","T",0,0,0,0,0,0,0,0,0,"","","",0,0,0,0,0,0,0,0,0,0,0,0,0,"andem101","F","F","F","F",0,0,0,0,0,0,0,0,0,0,F,F,"1978BAL.EVA.regular.event.csv",2422
"BAL197806290","BOS",7,0,1,0,0,"",0,3,"lynnf001","?","lynnf001","?","martd001","?","martd001","?","skagd101","murre001","smitb101","dauer001","belam101","andem101","harll101","lopec101","","","","63","F","F",8,6,2,"T","T",0,"F","F",1,"F","F",0,"F","F",6,"G","F","F","",0,0,"N",0,"N",0,"N",0,0,0,0,"63","","","","F","F","F","F","F","F","F","F","F","","","","F","F","F","F","F","","","","",0,3,0,0,6,0,0,0,0,52,"BAL","BOS","BAL",0,"F","F",0,3,0,23,1,"T","F",0,0,"T","T","scotg102","evand002","T","T",0,0,0,0,0,0,0,0,0,"","","",0,0,0,0,0,0,0,0,0,0,0,0,0,"belam101","F","F","F","F",0,0,0,0,0,0,0,0,0,0,F,F,"1978BAL.EVA.regular.event.csv",2423
"BAL197806290","BOS",7,0,2,0,0,"",0,3,"scotg102","?","scotg102","?","martd001","?","martd001","?","skagd101","murre001","smitb101","dauer001","belam101","andem101","harll101","lopec101","","","","K","F","F",3,7,3,"T","T",0,"F","F",1,"F","F",0,"F","F",0,"","F","F","",0,0,"N",0,"N",0,"N",0,0,0,0,"2","","","","F","F","F","F","F","F","F","F","F","","","","F","F","F","F","F","","","","",0,2,0,0,0,0,0,0,0,53,"BAL","BOS","BAL",0,"F","T",0,3,0,24,2,"T","F",0,0,"T","T","evand002","hobsb101","T","T",0,0,0,0,0,0,0,0,0,"","","",0,0,0,0,0,0,0,0,0,0,0,0,0,"","F","F","F","F",0,0,0,0,0,0,0,0,0,0,F,F,"1978BAL.EVA.regular.event.csv",2424
"BAL197806290","BOS",7,1,0,0,0,"",0,3,"dauer001","?","dauer001","?","ripla101","?","ripla101","?","fiskc001","scotg102","remyj001","hobsb101","burlr001","ricej001","lynnf001","evand002","","","","53","T","F",5,2,2,"T","T",0,"F","F",1,"F","F",0,"F","F",5,"G","F","F","",0,0,"N",0,"N",0,"N",0,0,0,0,"53","","","","F","F","F","F","F","F","F","F","F","","","","F","F","F","F","F","","","","",0,3,0,0,5,0,0,0,0,54,"BAL","BAL","BOS",1,"T","F",3,0,0,28,0,"T","F",0,0,"T","T","murre001","may-l101","F","F",0,0,0,0,0,0,0,0,0,"","","",0,0,0,0,0,0,0,0,0,0,0,0,0,"hobsb101","F","F","F","F",0,0,0,0,0,0,0,0,0,0,F,F,"1978BAL.EVA.regular.event.csv",2425
"BAL197806290","BOS",7,1,1,0,0,"",0,3,"murre001","?","murre001","?","ripla101","?","ripla101","?","fiskc001","scotg102","remyj001","hobsb101","burlr001","ricej001","lynnf001","evand002","","","","63","F","F",3,3,2,"T","T",0,"F","F",1,"F","F",0,"F","F",6,"G","F","F","",0,0,"N",0,"N",0,"N",0,0,0,0,"63","","","","F","F","F","F","F","F","F","F","F","","","","F","F","F","F","F","","","","",0,3,0,0,6,0,0,0,0,55,"BAL","BAL","BOS",1,"F","F",3,0,0,29,1,"T","F",0,0,"T","T","may-l101","harll101","F","F",0,0,0,0,0,0,0,0,0,"","","",0,0,0,0,0,0,0,0,0,0,0,0,0,"burlr001","F","F","F","F",0,0,0,0,0,0,0,0,0,0,F,F,"1978BAL.EVA.regular.event.csv",2426
"BAL197806290","BOS",7,1,2,0,0,"",0,3,"may-l101","?","may-l101","?","ripla101","?","ripla101","?","fiskc001","scotg102","remyj001","hobsb101","burlr001","ricej001","lynnf001","evand002","","","","K","F","F",10,4,3,"T","T",0,"F","F",1,"F","F",0,"F","F",0,"","F","F","",0,0,"N",0,"N",0,"N",0,0,0,0,"2","","","","F","F","F","F","F","F","F","F","F","","","","F","F","F","F","F","","","","",0,2,0,0,0,0,0,0,0,56,"BAL","BAL","BOS",1,"F","T",3,0,0,30,2,"T","F",0,0,"T","T","harll101","andem101","F","F",0,0,0,0,0,0,0,0,0,"","","",0,0,0,0,0,0,0,0,0,0,0,0,0,"","F","F","F","F",0,0,0,0,0,0,0,0,0,0,F,F,"1978BAL.EVA.regular.event.csv",2427
"BAL197806290","BOS",8,0,0,0,0,"",0,3,"evand002","?","evand002","?","martd001","?","martd001","?","skagd101","murre001","garck001","dauer001","belam101","andem101","harll101","lopec101","","","","W","T","F",9,8,14,"T","F",0,"F","F",0,"F","F",0,"F","F",0,"","F","F","",0,0,"N",0,"N",0,"N",1,0,0,0,"","","","","F","F","F","F","F","F","F","F","F","","","","F","F","F","F","F","","","","",0,0,0,0,0,0,0,0,0,57,"BAL","BOS","BAL",0,"T","F",0,3,0,25,0,"T","F",0,1,"T","T","hobsb101","burlr001","T","T",0,0,0,0,0,0,0,0,0,"","","",0,0,0,0,0,0,0,0,0,0,0,0,0,"","F","F","F","F",5,0,0,0,1,0,0,0,0,0,F,F,"1978BAL.EVA.regular.event.csv",2428
"BAL197806290","BOS",8,0,0,0,0,"",0,3,"brohj101","?","brohj101","?","martd001","?","martd001","?","skagd101","murre001","garck001","dauer001","belam101","andem101","harll101","lopec101","evand002","","","7","F","T",11,9,2,"T","T",0,"F","F",1,"F","F",0,"F","F",7,"F","F","F","",0,0,"N",0,"N",0,"N",0,1,0,0,"7","","","","F","F","F","F","F","F","F","F","F","martd001","","","F","F","F","F","F","","","","hobsb101",5,7,0,0,0,0,0,0,0,58,"BAL","BOS","BAL",0,"F","F",0,3,0,26,1,"T","F",1,1,"F","F","burlr001","remyj001","T","T",9,8,57,0,0,0,0,0,0,"skagd101","","",0,0,0,0,0,0,0,0,0,0,0,0,0,"andem101","F","F","F","F",0,5,0,0,1,0,0,0,0,0,F,F,"1978BAL.EVA.regular.event.csv",2429
"BAL197806290","BOS",8,0,1,0,0,"",0,3,"burlr001","?","burlr001","?","martd001","?","martd001","?","skagd101","murre001","garck001","dauer001","belam101","andem101","harll101","lopec101","evand002","","","E4.1-2;B-1","F","F",6,1,18,"T","T",0,"F","F",0,"F","F",0,"F","F",4,"G","F","F","",1,4,"F",0,"N",0,"N",1,2,0,0,"","","","","F","F","F","F","F","F","F","F","F","martd001","","","F","F","F","F","F","","","","",0,0,0,0,0,0,0,0,0,59,"BAL","BOS","BAL",0,"F","F",0,3,0,27,2,"T","F",1,3,"T","T","remyj001","ricej001","T","T",9,8,57,0,0,0,0,0,0,"skagd101","","",0,0,0,0,0,0,0,0,0,0,0,0,0,"garck001","F","F","F","T",0,5,0,0,1,0,0,0,0,0,F,F,"1978BAL.EVA.regular.event.csv",2430
"BAL197806290","BOS",8,0,1,0,0,"",0,3,"remyj001","?","remyj001","?","martd001","?","martd001","?","skagd101","murre001","garck001","dauer001","belam101","andem101","harll101","lopec101","burlr001","evand002","","64(1)/FO.2-3","F","F",4,2,2,"T","T",0,"F","F",1,"F","F",0,"F","F",6,"G","F","F","",0,0,"N",0,"N",0,"N",1,0,3,0,"","64","","","F","F","F","F","F","F","F","F","F","martd001","martd001","","F","F","F","F","F","","","","",0,4,0,0,6,0,0,0,0,60,"BAL","BOS","BAL",0,"F","F",0,3,0,28,3,"T","F",3,5,"T","T","ricej001","yastc101","T","T",6,1,59,9,8,57,0,0,0,"skagd101","skagd101","",0,0,0,0,0,0,0,0,0,0,0,0,0,"belam101","T","F","F","F",2,0,5,0,1,0,0,0,0,0,F,F,"1978BAL.EVA.regular.event.csv",2431
"BAL197806290","BOS",8,0,2,0,0,"",0,3,"ricej001","?","ricej001","?","martd001","?","martd001","?","skagd101","murre001","garck001","dauer001","belam101","andem101","harll101","lopec101","remyj001","","evand002","S.3-H(UR);1-2","F","F",7,3,20,"T","T",1,"F","F",0,"F","F",1,"F","F",0,"","F","F","",0,0,"N",0,"N",0,"N",1,2,0,5,"","","","","F","F","F","F","F","F","F","F","F","martd001","","martd001","F","F","F","F","F","","","","",0,0,0,0,0,0,0,0,0,61,"BAL","BOS","BAL",0,"F","F",0,3,0,29,4,"T","F",5,3,"T","T","yastc101","fiskc001","T","T",4,2,60,0,0,0,9,8,57,"skagd101","","skagd101",0,0,0,0,0,0,0,0,0,0,0,0,1,"","F","F","F","F",1,2,0,5,0,0,0,0,0,0,F,F,"1978BAL.EVA.regular.event.csv",2432
"BAL197806290","BOS",8,0,2,0,0,"",1,3,"yastc101","?","yastc101","?","martd001","?","martd001","?","skagd101","murre001","garck001","dauer001","belam101","andem101","harll101","lopec101","ricej001","remyj001","","43","F","F",10,4,2,"T","T",0,"F","F",1,"F","F",0,"F","F",4,"G","F","F","",0,0,"N",0,"N",0,"N",0,1,2,0,"43","","","","F","F","F","F","F","F","F","F","F","martd001","martd001","","F","F","F","F","F","","","","",0,3,0,0,4,0,0,0,0,62,"BAL","BOS","BAL",0,"F","T",1,3,1,30,5,"T","F",3,3,"T","T","fiskc001","lynnf001","T","T",7,3,61,4,2,60,0,0,0,"skagd101","skagd101","",0,0,0,0,0,0,0,0,0,0,0,0,0,"garck001","F","F","F","F",0,1,2,0,0,0,0,0,0,0,F,F,"1978BAL.EVA.regular.event.csv",2433
"BAL197806290","BOS",8,1,0,0,0,"",1,3,"harll101","?","harll101","?","ripla101","?","ripla101","?","fiskc001","scotg102","remyj001","brohj101","burlr001","ricej001","lynnf001","evand002","","","","S3","T","F",8,5,20,"T","T",1,"F","F",0,"F","F",0,"F","F",3,"","F","F","",0,0,"N",0,"N",0,"N",1,0,0,0,"","","","","F","F","F","F","F","F","F","F","F","","","","F","F","F","F","F","","","","",0,0,0,0,0,0,0,0,0,63,"BAL","BAL","BOS",1,"T","F",3,1,0,31,0,"T","F",0,1,"F","F","andem101","lopec101","F","F",0,0,0,0,0,0,0,0,0,"","","",0,0,0,0,0,0,0,0,0,0,0,0,0,"scotg102","F","F","F","F",0,0,0,0,0,0,0,0,0,0,F,F,"1978BAL.EVA.regular.event.csv",2434
"BAL197806290","BOS",8,1,0,0,0,"",1,3,"andem101","?","andem101","?","ripla101","?","ripla101","?","fiskc001","scotg102","remyj001","brohj101","burlr001","ricej001","lynnf001","evand002","harll101","","","8","F","F",7,6,2,"T","T",0,"F","F",1,"F","F",0,"F","F",8,"F","F","F","",0,0,"N",0,"N",0,"N",0,1,0,0,"8","","","","F","F","F","F","F","F","F","F","F","ripla101","","","F","F","F","F","F","","","","",0,8,0,0,0,0,0,0,0,64,"BAL","BAL","BOS",1,"F","F",3,1,0,32,1,"T","F",1,1,"T","T","lopec101","garck001","F","F",8,5,63,0,0,0,0,0,0,"fiskc001","","",0,0,0,0,0,0,0,0,0,0,0,0,0,"lynnf001","F","F","F","F",0,0,0,0,0,0,0,0,0,0,F,F,"1978BAL.EVA.regular.event.csv",2435
"BAL197806290","BOS",8,1,1,0,0,"",1,3,"lopec101","?","lopec101","?","ripla101","?","ripla101","?","fiskc001","scotg102","remyj001","brohj101","burlr001","ricej001","lynnf001","evand002","harll101","","","54(1)/FO","F","F",9,7,2,"T","T",0,"F","F",1,"F","F",0,"F","F",5,"G","F","F","",0,0,"N",0,"N",0,"N",1,0,0,0,"","54","","","F","F","F","F","F","F","F","F","F","ripla101","","","F","F","F","F","F","","","","",0,4,0,0,5,0,0,0,0,65,"BAL","BAL","BOS",1,"F","F",3,1,0,33,2,"T","F",1,1,"T","T","garck001","skagd101","F","F",8,5,63,0,0,0,0,0,0,"fiskc001","","",0,0,0,0,0,0,0,0,0,0,0,0,0,"brohj101","T","F","F","F",0,0,0,0,0,0,0,0,0,0,F,F,"1978BAL.EVA.regular.event.csv",2436
"BAL197806290","BOS",8,1,2,0,0,"",1,3,"garck001","?","garck001","?","ripla101","?","ripla101","?","fiskc001","scotg102","remyj001","brohj101","burlr001","ricej001","lynnf001","evand002","lopec101","","","54(1)/FO","F","F",4,8,2,"T","T",0,"F","F",1,"F","F",0,"F","F",5,"G","F","F","",0,0,"N",0,"N",0,"N",1,0,0,0,"","54","","","F","F","F","F","F","F","F","F","F","ripla101","","","F","F","F","F","F","","","","",0,4,0,0,5,0,0,0,0,66,"BAL","BAL","BOS",1,"F","T",3,1,0,34,3,"T","F",1,1,"F","F","skagd101","belam101","F","F",9,7,65,0,0,0,0,0,0,"fiskc001","","",0,0,0,0,0,0,0,0,0,0,0,0,0,"brohj101","T","F","F","F",0,0,0,0,0,0,0,0,0,0,F,F,"1978BAL.EVA.regular.event.csv",2437
"BAL197806290","BOS",9,0,0,0,0,"",1,3,"fiskc001","?","fiskc001","?","martd001","?","martd001","?","skagd101","murre001","garck001","dauer001","belam101","andem101","harll101","lopec101","","","","63","T","F",2,5,2,"T","T",0,"F","F",1,"F","F",0,"F","F",6,"G","F","F","",0,0,"N",0,"N",0,"N",0,0,0,0,"63","","","","F","F","F","F","F","F","F","F","F","","","","F","F","F","F","F","","","","",0,3,0,0,6,0,0,0,0,67,"BAL","BOS","BAL",0,"T","F",1,3,0,31,0,"T","F",0,0,"T","T","lynnf001","scotg102","T","T",0,0,0,0,0,0,0,0,0,"","","",0,0,0,0,0,0,0,0,0,0,0,0,0,"belam101","F","F","F","F",0,0,0,0,3,0,0,0,0,0,F,F,"1978BAL.EVA.regular.event.csv",2438
"BAL197806290","BOS",9,0,1,0,0,"",1,3,"lynnf001","?","lynnf001","?","martd001","?","martd001","?","skagd101","murre001","garck001","dauer001","belam101","andem101","harll101","lopec101","","","","S","F","F",8,6,20,"T","T",1,"F","F",0,"F","F",0,"F","F",0,"","F","F","",0,0,"N",0,"N",0,"N",1,0,0,0,"","","","","F","F","F","F","F","F","F","F","F","","","","F","F","F","F","F","","","","",0,0,0,0,0,0,0,0,0,68,"BAL","BOS","BAL",0,"F","F",1,3,0,32,1,"T","F",0,1,"T","T","scotg102","evand002","T","T",0,0,0,0,0,0,0,0,0,"","","",0,0,0,0,0,0,0,0,0,0,0,0,0,"","F","F","F","F",4,0,0,0,3,0,0,0,0,0,F,F,"1978BAL.EVA.regular.event.csv",2439
"BAL197806290","BOS",9,0,1,0,0,"",1,3,"scotg102","?","scotg102","?","martd001","?","martd001","?","skagd101","murre001","garck001","dauer001","belam101","andem101","harll101","lopec101","lynnf001","","","HR.1-H","F","F",3,7,23,"T","T",4,"F","F",0,"F","F",2,"F","F",0,"","F","F","",0,0,"N",0,"N",0,"N",4,4,0,0,"","","","","F","F","F","F","F","F","F","F","F","martd001","","","F","F","F","F","F","","","","",0,0,0,0,0,0,0,0,0,69,"BAL","BOS","BAL",0,"F","F",1,3,0,33,2,"T","F",1,0,"T","T","evand002","brohj101","T","T",8,6,68,0,0,0,0,0,0,"skagd101","","",0,0,0,0,0,0,0,0,0,0,0,0,2,"","F","F","F","F",4,4,0,0,1,0,0,0,0,0,F,F,"1978BAL.EVA.regular.event.csv",2440
"BAL197806290","BOS",9,0,1,0,0,"",3,3,"evand002","?","evand002","?","martd001","?","martd001","?","skagd101","murre001","garck001","dauer001","belam101","andem101","harll101","lopec101","","","","HR","F","F",9,8,23,"T","T",4,"F","F",0,"F","F",1,"F","F",0,"","F","F","",0,0,"N",0,"N",0,"N",4,0,0,0,"","","","","F","F","F","F","F","F","F","F","F","","","","F","F","F","F","F","","","","",0,0,0,0,0,0,0,0,0,70,"BAL","BOS","BAL",0,"F","F",3,3,2,34,3,"T","F",0,0,"T","T","brohj101","burlr001","T","T",0,0,0,0,0,0,0,0,0,"","","",0,0,0,0,0,0,0,0,0,0,0,0,1,"","F","F","F","F",4,0,0,0,0,0,0,0,0,0,F,F,"1978BAL.EVA.regular.event.csv",2441
"BAL197806290","BOS",9,0,1,0,0,"",4,3,"bailb103","?","bailb103","?","martt001","?","martt001","?","skagd101","murre001","garck001","dauer001","belam101","andem101","harll101","lopec101","","","","53","F","T",11,9,2,"T","T",0,"F","F",1,"F","F",0,"F","F",5,"G","F","F","",0,0,"N",0,"N",0,"N",0,0,0,0,"53","","","","F","F","F","F","F","F","F","F","F","","","","F","F","F","F","F","","","","brohj101",5,3,0,0,5,0,0,0,0,71,"BAL","BOS","BAL",0,"F","F",4,3,3,35,4,"T","F",0,0,"F","F","burlr001","remyj001","F","F",0,0,0,0,0,0,0,0,0,"","","",0,0,0,0,0,0,0,0,0,0,0,0,0,"dauer001","F","F","F","F",0,0,0,0,0,0,0,0,0,0,F,F,"1978BAL.EVA.regular.event.csv",2442
"BAL197806290","BOS",9,0,2,0,0,"",4,3,"burlr001","?","burlr001","?","martt001","?","martt001","?","skagd101","murre001","garck001","dauer001","belam101","andem101","harll101","lopec101","","","","K/C","F","F",6,1,3,"T","T",0,"F","F",1,"F","F",0,"F","F",0,"","F","F","",0,0,"N",0,"N",0,"N",0,0,0,0,"2","","","","F","F","F","F","F","F","F","F","F","","","","F","F","F","F","F","","","","",0,2,0,0,0,0,0,0,0,72,"BAL","BOS","BAL",0,"F","T",4,3,3,36,5,"T","F",0,0,"T","T","remyj001","ricej001","F","F",0,0,0,0,0,0,0,0,0,"","","",0,0,0,0,0,0,0,0,0,0,0,0,0,"","F","F","F","F",0,0,0,0,0,0,0,0,0,0,F,F,"1978BAL.EVA.regular.event.csv",2443
"BAL197806290","BOS",9,1,0,0,0,"",4,3,"kellp101","?","kellp101","?","ripla101","?","ripla101","?","fiskc001","scotg102","remyj001","dufff101","burlr001","ricej001","lynnf001","evand002","","","","K","T","T",11,9,3,"T","T",0,"F","F",1,"F","F",0,"F","F",0,"","F","F","",0,0,"N",0,"N",0,"N",0,0,0,0,"2","","","","F","F","F","F","F","F","F","F","F","","","","F","F","F","F","F","","","","skagd101",2,2,0,0,0,0,0,0,0,73,"BAL","BAL","BOS",1,"T","F",3,4,0,35,0,"T","F",0,0,"F","F","belam101","dauer001","F","F",0,0,0,0,0,0,0,0,0,"","","",0,0,0,0,0,0,0,0,0,0,0,0,0,"","F","F","F","F",0,0,0,0,0,0,0,0,0,0,F,F,"1978BAL.EVA.regular.event.csv",2444
"BAL197806290","BOS",9,1,1,0,0,"",4,3,"crowt101","?","crowt101","?","ripla101","?","ripla101","?","fiskc001","scotg102","remyj001","dufff101","burlr001","ricej001","lynnf001","evand002","","","","S9","F","T",11,1,20,"T","T",1,"F","F",0,"F","F",0,"F","F",9,"","F","F","",0,0,"N",0,"N",0,"N",1,0,0,0,"","","","","F","F","F","F","F","F","F","F","F","","","","F","F","F","F","F","","","","belam101",6,0,0,0,0,0,0,0,0,74,"BAL","BAL","BOS",1,"F","F",3,4,0,36,1,"T","F",0,1,"F","F","dauer001","murre001","F","F",0,0,0,0,0,0,0,0,0,"","","",0,0,0,0,0,0,0,0,0,0,0,0,0,"evand002","F","F","F","F",1,0,0,0,0,0,0,0,0,0,F,F,"1978BAL.EVA.regular.event.csv",2445
"BAL197806290","BOS",9,1,1,0,0,"",4,3,"dauer001","?","dauer001","?","ripla101","?","ripla101","?","fiskc001","scotg102","remyj001","dufff101","burlr001","ricej001","lynnf001","evand002","decid001","","","5/L","F","F",5,2,2,"T","T",0,"F","F",1,"F","F",0,"F","F",5,"L","F","F","",0,0,"N",0,"N",0,"N",0,1,0,0,"5","","","","F","F","F","F","F","F","F","F","F","ripla101","","","F","F","T","F","F","crowt101","","","",0,5,0,0,0,0,0,0,0,75,"BAL","BAL","BOS",1,"F","F",3,4,0,37,2,"T","F",1,1,"T","T","murre001","may-l101","F","F",0,1,74,0,0,0,0,0,0,"fiskc001","","",0,0,0,0,0,0,0,0,0,0,0,0,0,"dufff101","F","F","F","F",0,1,0,0,0,0,0,0,0,0,F,F,"1978BAL.EVA.regular.event.csv",2446
"BAL197806290","BOS",9,1,2,0,0,"",4,3,"murre001","?","murre001","?","ripla101","?","ripla101","?","fiskc001","scotg102","remyj001","dufff101","burlr001","ricej001","lynnf001","evand002","decid001","","","43","F","F",3,3,2,"T","T",0,"F","F",1,"F","F",0,"F","F",4,"G","F","F","",0,0,"N",0,"N",0,"N",0,1,0,0,"43","","","","F","F","F","F","F","F","F","F","F","ripla101","","","F","T","F","F","F","","","","",0,3,0,0,4,0,0,0,0,76,"BAL","BAL","BOS",1,"F","T",3,4,0,38,3,"T","F",1,1,"T","T","may-l101","harll101","F","F",0,1,74,0,0,0,0,0,0,"fiskc001","","",0,0,0,0,0,0,0,0,0,0,0,0,0,"remyj001","F","F","F","F",0,1,0,0,0,0,0,0,0,0,F,F,"1978BAL.EVA.regular.event.csv",2447
"BAL197806300","BOS",1,0,0,0,0,"",0,0,"burlr001","?","burlr001","?","flanm001","?","flanm001","?","dempr001","murre001","dauer001","decid001","belam101","moraa101","harll101","kellp101","","","","K","T","F",6,1,3,"T","T",0,"F","F",1,"F","F",0,"F","F",0,"","F","F","",0,0,"N",0,"N",0,"N",0,0,0,0,"2","","","","F","F","F","F","F","F","F","F","F","","","","T","F","F","F","F","","","","",0,2,0,0,0,0,0,0,0,1,"BAL","BOS","BAL",0,"T","F",0,0,0,0,0,"T","F",0,0,"T","T","remyj001","ricej001","T","T",0,0,0,0,0,0,0,0,0,"","","",0,0,0,0,0,0,0,0,0,0,0,0,0,"","F","F","F","F",0,0,0,0,0,0,0,0,0,0,F,F,"1978BAL.EVA.regular.event.csv",2448
"BAL197806300","BOS",1,0,1,0,0,"",0,0,"remyj001","?","remyj001","?","flanm001","?","flanm001","?","dempr001","murre001","dauer001","decid001","belam101","moraa101","harll101","kellp101","","","","K","F","F",4,2,3,"T","T",0,"F","F",1,"F","F",0,"F","F",0,"","F","F","",0,0,"N",0,"N",0,"N",0,0,0,0,"2","","","","F","F","F","F","F","F","F","F","F","","","","F","F","F","F","F","","","","",0,2,0,0,0,0,0,0,0,2,"BAL","BOS","BAL",0,"F","F",0,0,0,1,1,"T","F",0,0,"T","T","ricej001","fiskc001","T","T",0,0,0,0,0,0,0,0,0,"","","",0,0,0,0,0,0,0,0,0,0,0,0,0,"","F","F","F","F",0,0,0,0,0,0,0,0,0,0,F,F,"1978BAL.EVA.regular.event.csv",2449
"BAL197806300","BOS",1,0,2,0,0,"",0,0,"ricej001","?","ricej001","?","flanm001","?","flanm001","?","dempr001","murre001","dauer001","decid001","belam101","moraa101","harll101","kellp101","","","","63","F","F",7,3,2,"T","T",0,"F","F",1,"F","F",0,"F","F",6,"G","F","F","",0,0,"N",0,"N",0,"N",0,0,0,0,"63","","","","F","F","F","F","F","F","F","F","F","","","","F","F","F","F","F","","","","",0,3,0,0,6,0,0,0,0,3,"BAL","BOS","BAL",0,"F","T",0,0,0,2,2,"T","F",0,0,"T","T","fiskc001","lynnf001","T","T",0,0,0,0,0,0,0,0,0,"","","",0,0,0,0,0,0,0,0,0,0,0,0,0,"belam101","F","F","F","F",0,0,0,0,0,0,0,0,0,0,F,F,"1978BAL.EVA.regular.event.csv",2450
"BAL197806300","BOS",1,1,0,0,0,"",0,0,"harll101","?","harll101","?","tianl101","?","tianl101","?","fiskc001","scotg102","remyj001","dufff101","burlr001","ricej001","lynnf001","evand002","","","","8","T","F",8,1,2,"T","T",0,"F","F",1,"F","F",0,"F","F",8,"F","F","F","",0,0,"N",0,"N",0,"N",0,0,0,0,"8","","","","F","F","F","F","F","F","F","F","F","","","","F","F","F","F","F","","","","",0,8,0,0,0,0,0,0,0,4,"BAL","BAL","BOS",1,"T","F",0,0,0,0,0,"T","F",0,0,"T","T","dauer001","kellp101","T","T",0,0,0,0,0,0,0,0,0,"","","",0,0,0,0,0,0,0,0,0,0,0,0,0,"lynnf001","F","F","F","F",0,0,0,0,0,0,0,0,0,0,F,F,"1978BAL.EVA.regular.event.csv",2451
"BAL197806300","BOS",1,1,1,0,0,"",0,0,"dauer001","?","dauer001","?","tianl101","?","tianl101","?","fiskc001","scotg102","remyj001","dufff101","burlr001","ricej001","lynnf001","evand002","","","","8","F","F",4,2,2,"T","T",0,"F","F",1,"F","F",0,"F","F",8,"F","F","F","",0,0,"N",0,"N",0,"N",0,0,0,0,"8","","","","F","F","F","F","F","F","F","F","F","","","","F","F","F","F","F","","","","",0,8,0,0,0,0,0,0,0,5,"BAL","BAL","BOS",1,"F","F",0,0,0,1,1,"T","F",0,0,"T","T","kellp101","murre001","T","T",0,0,0,0,0,0,0,0,0,"","","",0,0,0,0,0,0,0,0,0,0,0,0,0,"lynnf001","F","F","F","F",0,0,0,0,0,0,0,0,0,0,F,F,"1978BAL.EVA.regular.event.csv",2452
"BAL197806300","BOS",1,1,2,0,0,"",0,0,"kellp101","?","kellp101","?","tianl101","?","tianl101","?","fiskc001","scotg102","remyj001","dufff101","burlr001","ricej001","lynnf001","evand002","","","","K","F","F",9,3,3,"T","T",0,"F","F",1,"F","F",0,"F","F",0,"","F","F","",0,0,"N",0,"N",0,"N",0,0,0,0,"2","","","","F","F","F","F","F","F","F","F","F","","","","F","F","F","F","F","","","","",0,2,0,0,0,0,0,0,0,6,"BAL","BAL","BOS",1,"F","T",0,0,0,2,2,"T","F",0,0,"T","T","murre001","crowt101","T","T",0,0,0,0,0,0,0,0,0,"","","",0,0,0,0,0,0,0,0,0,0,0,0,0,"","F","F","F","F",0,0,0,0,0,0,0,0,0,0,F,F,"1978BAL.EVA.regular.event.csv",2453
"BAL197806300","BOS",2,0,0,0,0,"",0,0,"fiskc001","?","fiskc001","?","flanm001","?","flanm001","?","dempr001","murre001","dauer001","decid001","belam101","moraa101","harll101","kellp101","","","","K/C","T","F",2,4,3,"T","T",0,"F","F",1,"F","F",0,"F","F",0,"","F","F","",0,0,"N",0,"N",0,"N",0,0,0,0,"2","","","","F","F","F","F","F","F","F","F","F","","","","F","F","F","F","F","","","","",0,2,0,0,0,0,0,0,0,7,"BAL","BOS","BAL",0,"T","F",0,0,0,3,0,"T","F",0,0,"T","T","lynnf001","scotg102","T","T",0,0,0,0,0,0,0,0,0,"","","",0,0,0,0,0,0,0,0,0,0,0,0,0,"","F","F","F","F",0,0,0,0,1,0,0,0,0,0,F,F,"1978BAL.EVA.regular.event.csv",2454
"BAL197806300","BOS",2,0,1,0,0,"",0,0,"lynnf001","?","lynnf001","?","flanm001","?","flanm001","?","dempr001","murre001","dauer001","decid001","belam101","moraa101","harll101","kellp101","","","","HR/89","F","F",8,5,23,"T","T",4,"F","F",0,"F","F",1,"F","F",0,"","F","F","89",0,0,"N",0,"N",0,"N",4,0,0,0,"","","","","F","F","F","F","F","F","F","F","F","","","","F","F","F","F","F","","","","",0,0,0,0,0,0,0,0,0,8,"BAL","BOS","BAL",0,"F","F",0,0,0,4,1,"T","F",0,0,"T","T","scotg102","evand002","T","T",0,0,0,0,0,0,0,0,0,"","","",0,0,0,0,0,0,0,0,0,0,0,0,1,"","F","F","F","F",4,0,0,0,0,0,0,0,0,0,F,F,"1978BAL.EVA.regular.event.csv",2455
"BAL197806300","BOS",2,0,1,0,0,"",1,0,"scotg102","?","scotg102","?","flanm001","?","flanm001","?","dempr001","murre001","dauer001","decid001","belam101","moraa101","harll101","kellp101","","","","63","F","F",3,6,2,"T","T",0,"F","F",1,"F","F",0,"F","F",6,"G","F","F","",0,0,"N",0,"N",0,"N",0,0,0,0,"63","","","","F","F","F","F","F","F","F","F","F","","","","F","F","F","F","F","","","","",0,3,0,0,6,0,0,0,0,9,"BAL","BOS","BAL",0,"F","F",1,0,1,5,2,"T","F",0,0,"T","T","evand002","bailb103","T","T",0,0,0,0,0,0,0,0,0,"","","",0,0,0,0,0,0,0,0,0,0,0,0,0,"belam101","F","F","F","F",0,0,0,0,0,0,0,0,0,0,F,F,"1978BAL.EVA.regular.event.csv",2456
"BAL197806300","BOS",2,0,2,0,0,"",1,0,"evand002","?","evand002","?","flanm001","?","flanm001","?","dempr001","murre001","dauer001","decid001","belam101","moraa101","harll101","kellp101","","","","K","F","F",9,7,3,"T","T",0,"F","F",1,"F","F",0,"F","F",0,"","F","F","",0,0,"N",0,"N",0,"N",0,0,0,0,"2","","","","F","F","F","F","F","F","F","F","F","","","","F","F","F","F","F","","","","",0,2,0,0,0,0,0,0,0,10,"BAL","BOS","BAL",0,"F","T",1,0,1,6,3,"T","F",0,0,"T","T","bailb103","dufff101","T","T",0,0,0,0,0,0,0,0,0,"","","",0,0,0,0,0,0,0,0,0,0,0,0,0,"","F","F","F","F",0,0,0,0,0,0,0,0,0,0,F,F,"1978BAL.EVA.regular.event.csv",2457
"BAL197806300","BOS",2,1,0,0,0,"",1,0,"murre001","?","murre001","?","tianl101","?","tianl101","?","fiskc001","scotg102","remyj001","dufff101","burlr001","ricej001","lynnf001","evand002","","","","8","T","F",3,4,2,"T","T",0,"F","F",1,"F","F",0,"F","F",8,"F","F","F","",0,0,"N",0,"N",0,"N",0,0,0,0,"8","","","","F","F","F","F","F","F","F","F","F","","","","F","F","F","F","F","","","","",0,8,0,0,0,0,0,0,0,11,"BAL","BAL","BOS",1,"T","F",0,1,0,3,0,"T","F",0,0,"T","T","crowt101","decid001","T","T",0,0,0,0,0,0,0,0,0,"","","",0,0,0,0,0,0,0,0,0,0,0,0,0,"lynnf001","F","F","F","F",0,0,0,0,0,0,0,0,0,0,F,F,"1978BAL.EVA.regular.event.csv",2458
"BAL197806300","BOS",2,1,1,0,0,"",1,0,"crowt101","?","crowt101","?","tianl101","?","tianl101","?","fiskc001","scotg102","remyj001","dufff101","burlr001","ricej001","lynnf001","evand002","","","","6","F","F",10,5,2,"T","T",0,"F","F",1,"F","F",0,"F","F",6,"F","F","F","",0,0,"N",0,"N",0,"N",0,0,0,0,"6","","","","F","F","F","F","F","F","F","F","F","","","","F","F","F","F","F","","","","",0,6,0,0,0,0,0,0,0,12,"BAL","BAL","BOS",1,"F","F",0,1,0,4,1,"T","F",0,0,"T","T","decid001","moraa101","T","T",0,0,0,0,0,0,0,0,0,"","","",0,0,0,0,0,0,0,0,0,0,0,0,0,"burlr001","F","F","F","F",0,0,0,0,0,0,0,0,0,0,F,F,"1978BAL.EVA.regular.event.csv",2459
"BAL197806300","BOS",2,1,2,0,0,"",1,0,"decid001","?","decid001","?","tianl101","?","tianl101","?","fiskc001","scotg102","remyj001","dufff101","burlr001","ricej001","lynnf001","evand002","","","","43","F","F",5,6,2,"T","T",0,"F","F",1,"F","F",0,"F","F",4,"G","F","F","",0,0,"N",0,"N",0,"N",0,0,0,0,"43","","","","F","F","F","F","F","F","F","F","F","","","","F","F","F","F","F","","","","",0,3,0,0,4,0,0,0,0,13,"BAL","BAL","BOS",1,"F","T",0,1,0,5,2,"T","F",0,0,"T","T","moraa101","dempr001","T","T",0,0,0,0,0,0,0,0,0,"","","",0,0,0,0,0,0,0,0,0,0,0,0,0,"remyj001","F","F","F","F",0,0,0,0,0,0,0,0,0,0,F,F,"1978BAL.EVA.regular.event.csv",2460
"BAL197806300","BOS",3,0,0,0,0,"",1,0,"bailb103","?","bailb103","?","flanm001","?","flanm001","?","dempr001","murre001","dauer001","decid001","belam101","moraa101","harll101","kellp101","","","","K/C","T","F",10,8,3,"T","T",0,"F","F",1,"F","F",0,"F","F",0,"","F","F","",0,0,"N",0,"N",0,"N",0,0,0,0,"2","","","","F","F","F","F","F","F","F","F","F","","","","F","F","F","F","F","","","","",0,2,0,0,0,0,0,0,0,14,"BAL","BOS","BAL",0,"T","F",1,0,0,7,0,"T","F",0,0,"T","T","dufff101","burlr001","T","T",0,0,0,0,0,0,0,0,0,"","","",0,0,0,0,0,0,0,0,0,0,0,0,0,"","F","F","F","F",0,0,0,0,0,0,0,0,0,0,F,F,"1978BAL.EVA.regular.event.csv",2461
"BAL197806300","BOS",3,0,1,0,0,"",1,0,"dufff101","?","dufff101","?","flanm001","?","flanm001","?","dempr001","murre001","dauer001","decid001","belam101","moraa101","harll101","kellp101","","","","63","F","F",5,9,2,"T","T",0,"F","F",1,"F","F",0,"F","F",6,"G","F","F","",0,0,"N",0,"N",0,"N",0,0,0,0,"63","","","","F","F","F","F","F","F","F","F","F","","","","F","F","F","F","F","","","","",0,3,0,0,6,0,0,0,0,15,"BAL","BOS","BAL",0,"F","F",1,0,0,8,1,"T","F",0,0,"T","T","burlr001","remyj001","T","T",0,0,0,0,0,0,0,0,0,"","","",0,0,0,0,0,0,0,0,0,0,0,0,0,"belam101","F","F","F","F",0,0,0,0,0,0,0,0,0,0,F,F,"1978BAL.EVA.regular.event.csv",2462
"BAL197806300","BOS",3,0,2,0,0,"",1,0,"burlr001","?","burlr001","?","flanm001","?","flanm001","?","dempr001","murre001","dauer001","decid001","belam101","moraa101","harll101","kellp101","","","","S8","F","F",6,1,20,"T","T",1,"F","F",0,"F","F",0,"F","F",8,"","F","F","",0,0,"N",0,"N",0,"N",1,0,0,0,"","","","","F","F","F","F","F","F","F","F","F","","","","F","F","F","F","F","","","","",0,0,0,0,0,0,0,0,0,16,"BAL","BOS","BAL",0,"F","F",1,0,0,9,2,"T","F",0,1,"T","T","remyj001","ricej001","T","T",0,0,0,0,0,0,0,0,0,"","","",0,0,0,0,0,0,0,0,0,0,0,0,0,"harll101","F","F","F","F",0,0,0,0,0,0,0,0,0,0,F,F,"1978BAL.EVA.regular.event.csv",2463
"BAL197806300","BOS",3,0,2,0,0,"",1,0,"remyj001","?","remyj001","?","flanm001","?","flanm001","?","dempr001","murre001","dauer001","decid001","belam101","moraa101","harll101","kellp101","burlr001","","","S7.1-2","F","F",4,2,20,"T","T",1,"F","F",0,"F","F",0,"F","F",7,"","F","F","",0,0,"N",0,"N",0,"N",1,2,0,0,"","","","","F","F","F","F","F","F","F","F","F","flanm001","","","F","F","F","F","F","","","","",0,0,0,0,0,0,0,0,0,17,"BAL","BOS","BAL",0,"F","F",1,0,0,10,3,"T","F",1,3,"T","T","ricej001","fiskc001","T","T",6,1,16,0,0,0,0,0,0,"dempr001","","",0,0,0,0,0,0,0,0,0,0,0,0,0,"moraa101","F","F","F","F",0,0,0,0,0,0,0,0,0,0,F,F,"1978BAL.EVA.regular.event.csv",2464
"BAL197806300","BOS",3,0,2,0,0,"",1,0,"ricej001","?","ricej001","?","flanm001","?","flanm001","?","dempr001","murre001","dauer001","decid001","belam101","moraa101","harll101","kellp101","remyj001","burlr001","","K","F","F",7,3,3,"T","T",0,"F","F",1,"F","F",0,"F","F",0,"","F","F","",0,0,"N",0,"N",0,"N",0,1,2,0,"2","","","","F","F","F","F","F","F","F","F","F","flanm001","flanm001","","F","F","F","F","F","","","","",0,2,0,0,0,0,0,0,0,18,"BAL","BOS","BAL",0,"F","T",1,0,0,11,4,"T","F",3,3,"T","T","fiskc001","lynnf001","T","T",4,2,17,6,1,16,0,0,0,"dempr001","dempr001","",0,0,0,0,0,0,0,0,0,0,0,0,0,"","F","F","F","F",0,0,0,0,0,0,0,0,0,0,F,F,"1978BAL.EVA.regular.event.csv",2465
"BAL197806300","BOS",3,1,0,0,0,"",1,0,"moraa101","?","moraa101","?","tianl101","?","tianl101","?","fiskc001","scotg102","remyj001","dufff101","burlr001","ricej001","lynnf001","evand002","","","","5/L","T","F",7,7,2,"T","T",0,"F","F",1,"F","F",0,"F","F",5,"L","F","F","",0,0,"N",0,"N",0,"N",0,0,0,0,"5","","","","F","F","F","F","F","F","F","F","F","","","","F","F","F","F","F","","","","",0,5,0,0,0,0,0,0,0,19,"BAL","BAL","BOS",1,"T","F",0,1,0,6,0,"T","F",0,0,"T","T","dempr001","belam101","T","T",0,0,0,0,0,0,0,0,0,"","","",0,0,0,0,0,0,0,0,0,0,0,0,0,"dufff101","F","F","F","F",0,0,0,0,0,0,0,0,0,0,F,F,"1978BAL.EVA.regular.event.csv",2466
"BAL197806300","BOS",3,1,1,0,0,"",1,0,"dempr001","?","dempr001","?","tianl101","?","tianl101","?","fiskc001","scotg102","remyj001","dufff101","burlr001","ricej001","lynnf001","evand002","","","","S/89","F","F",2,8,20,"T","T",1,"F","F",0,"F","F",0,"F","F",0,"","F","F","89",0,0,"N",0,"N",0,"N",1,0,0,0,"","","","","F","F","F","F","F","F","F","F","F","","","","F","F","F","F","F","","","","",0,0,0,0,0,0,0,0,0,20,"BAL","BAL","BOS",1,"F","F",0,1,0,7,1,"T","F",0,1,"T","T","belam101","harll101","T","T",0,0,0,0,0,0,0,0,0,"","","",0,0,0,0,0,0,0,0,0,0,0,0,0,"","F","F","F","F",0,0,0,0,0,0,0,0,0,0,F,F,"1978BAL.EVA.regular.event.csv",2467
"BAL197806300","BOS",3,1,1,0,0,"",1,0,"belam101","?","belam101","?","tianl101","?","tianl101","?","fiskc001","scotg102","remyj001","dufff101","burlr001","ricej001","lynnf001","evand002","dempr001","","","53.1-2","F","F",6,9,2,"T","T",0,"F","F",1,"F","F",0,"F","F",5,"G","F","F","",0,0,"N",0,"N",0,"N",0,2,0,0,"53","","","","F","F","F","F","F","F","F","F","F","tianl101","","","F","F","F","F","F","","","","",0,3,0,0,5,0,0,0,0,21,"BAL","BAL","BOS",1,"F","F",0,1,0,8,2,"T","F",1,2,"T","T","harll101","dauer001","T","T",2,8,20,0,0,0,0,0,0,"fiskc001","","",0,0,0,0,0,0,0,0,0,0,0,0,0,"dufff101","F","F","F","F",0,0,0,0,0,0,0,0,0,0,F,F,"1978BAL.EVA.regular.event.csv",2468
"BAL197806300","BOS",3,1,2,0,0,"",1,0,"harll101","?","harll101","?","tianl101","?","tianl101","?","fiskc001","scotg102","remyj001","dufff101","burlr001","ricej001","lynnf001","evand002","","dempr001","","K/C","F","F",8,1,3,"T","T",0,"F","F",1,"F","F",0,"F","F",0,"","F","F","",0,0,"N",0,"N",0,"N",0,0,2,0,"2","","","","F","F","F","F","F","F","F","F","F","","tianl101","","F","F","F","F","F","","","","",0,2,0,0,0,0,0,0,0,22,"BAL","BAL","BOS",1,"F","T",0,1,0,9,3,"T","F",2,2,"T","T","dauer001","kellp101","T","T",0,0,0,2,8,20,0,0,0,"","fiskc001","",0,0,0,0,0,0,0,0,0,0,0,0,0,"","F","F","F","F",0,0,0,0,0,0,0,0,0,0,F,F,"1978BAL.EVA.regular.event.csv",2469
"BAL197806300","BOS",4,0,0,0,0,"",1,0,"fiskc001","?","fiskc001","?","flanm001","?","flanm001","?","dempr001","murre001","dauer001","decid001","belam101","moraa101","harll101","kellp101","","","","53","T","F",2,4,2,"T","T",0,"F","F",1,"F","F",0,"F","F",5,"G","F","F","",0,0,"N",0,"N",0,"N",0,0,0,0,"53","","","","F","F","F","F","F","F","F","F","F","","","","F","F","F","F","F","","","","",0,3,0,0,5,0,0,0,0,23,"BAL","BOS","BAL",0,"T","F",1,0,0,12,0,"T","F",0,0,"T","T","lynnf001","scotg102","T","T",0,0,0,0,0,0,0,0,0,"","","",0,0,0,0,0,0,0,0,0,0,0,0,0,"decid001","F","F","F","F",0,0,0,0,0,0,0,0,0,0,F,F,"1978BAL.EVA.regular.event.csv",2470
"BAL197806300","BOS",4,0,1,0,0,"",1,0,"lynnf001","?","lynnf001","?","flanm001","?","flanm001","?","dempr001","murre001","dauer001","decid001","belam101","moraa101","harll101","kellp101","","","","S8","F","F",8,5,20,"T","T",1,"F","F",0,"F","F",0,"F","F",8,"","F","F","",0,0,"N",0,"N",0,"N",1,0,0,0,"","","","","F","F","F","F","F","F","F","F","F","","","","F","F","F","F","F","","","","",0,0,0,0,0,0,0,0,0,24,"BAL","BOS","BAL",0,"F","F",1,0,0,13,1,"T","F",0,1,"T","T","scotg102","evand002","T","T",0,0,0,0,0,0,0,0,0,"","","",0,0,0,0,0,0,0,0,0,0,0,0,0,"harll101","F","F","F","F",0,0,0,0,0,0,0,0,0,0,F,F,"1978BAL.EVA.regular.event.csv",2471
"BAL197806300","BOS",4,0,1,0,0,"",1,0,"scotg102","?","scotg102","?","flanm001","?","flanm001","?","dempr001","murre001","dauer001","decid001","belam101","moraa101","harll101","kellp101","lynnf001","","","S.1-2","F","F",3,6,20,"T","T",1,"F","F",0,"F","F",0,"F","F",0,"","F","F","",0,0,"N",0,"N",0,"N",1,2,0,0,"","","","","F","F","F","F","F","F","F","F","F","flanm001","","","F","F","F","F","F","","","","",0,0,0,0,0,0,0,0,0,25,"BAL","BOS","BAL",0,"F","F",1,0,0,14,2,"T","F",1,3,"T","T","evand002","bailb103","T","T",8,5,24,0,0,0,0,0,0,"dempr001","","",0,0,0,0,0,0,0,0,0,0,0,0,0,"","F","F","F","F",0,0,0,0,0,0,0,0,0,0,F,F,"1978BAL.EVA.regular.event.csv",2472
"BAL197806300","BOS",4,0,1,0,0,"",1,0,"evand002","?","evand002","?","flanm001","?","flanm001","?","dempr001","murre001","dauer001","decid001","belam101","moraa101","harll101","kellp101","scotg102","lynnf001","","8.2-3","F","F",9,7,2,"T","T",0,"F","F",1,"F","F",0,"F","F",8,"F","F","F","",0,0,"N",0,"N",0,"N",0,1,3,0,"8","","","","F","F","F","F","F","F","F","F","F","flanm001","flanm001","","F","F","F","F","F","","","","",0,8,0,0,0,0,0,0,0,26,"BAL","BOS","BAL",0,"F","F",1,0,0,15,3,"T","F",3,5,"T","T","bailb103","dufff101","T","T",3,6,25,8,5,24,0,0,0,"dempr001","dempr001","",0,0,0,0,0,0,0,0,0,0,0,0,0,"harll101","F","F","F","F",0,0,0,0,0,0,0,0,0,0,F,F,"1978BAL.EVA.regular.event.csv",2473
"BAL197806300","BOS",4,0,2,0,0,"",1,0,"bailb103","?","bailb103","?","flanm001","?","flanm001","?","dempr001","murre001","dauer001","decid001","belam101","moraa101","harll101","kellp101","scotg102","","lynnf001","K","F","F",10,8,3,"T","T",0,"F","F",1,"F","F",0,"F","F",0,"","F","F","",0,0,"N",0,"N",0,"N",0,1,0,3,"2","","","","F","F","F","F","F","F","F","F","F","flanm001","","flanm001","F","F","F","F","F","","","","",0,2,0,0,0,0,0,0,0,27,"BAL","BOS","BAL",0,"F","T",1,0,0,16,4,"T","F",5,5,"T","T","dufff101","burlr001","T","T",3,6,25,0,0,0,8,5,24,"dempr001","","dempr001",0,0,0,0,0,0,0,0,0,0,0,0,0,"","F","F","F","F",0,0,0,0,0,0,0,0,0,0,F,F,"1978BAL.EVA.regular.event.csv",2474
"BAL197806300","BOS",4,1,0,0,0,"",1,0,"dauer001","?","dauer001","?","tianl101","?","tianl101","?","fiskc001","scotg102","remyj001","dufff101","burlr001","ricej001","lynnf001","evand002","","","","W","T","F",4,2,14,"T","F",0,"F","F",0,"F","F",0,"F","F",0,"","F","F","",0,0,"N",0,"N",0,"N",1,0,0,0,"","","","","F","F","F","F","F","F","F","F","F","","","","F","F","F","F","F","","","","",0,0,0,0,0,0,0,0,0,28,"BAL","BAL","BOS",1,"T","F",0,1,0,10,0,"T","F",0,1,"T","T","kellp101","murre001","T","T",0,0,0,0,0,0,0,0,0,"","","",0,0,0,0,0,0,0,0,0,0,0,0,0,"","F","F","F","F",4,0,0,0,2,0,0,0,0,0,F,F,"1978BAL.EVA.regular.event.csv",2475
"BAL197806300","BOS",4,1,0,0,0,"",1,0,"kellp101","?","kellp101","?","tianl101","?","tianl101","?","fiskc001","scotg102","remyj001","dufff101","burlr001","ricej001","lynnf001","evand002","dauer001","","","23/SH.1-2","F","F",9,3,2,"T","F",0,"T","F",1,"F","F",0,"F","F",2,"G","T","F","",0,0,"N",0,"N",0,"N",0,2,0,0,"23","","","","F","F","F","F","F","F","F","F","F","tianl101","","","F","F","F","F","F","","","","",0,3,0,0,2,0,0,0,0,29,"BAL","BAL","BOS",1,"F","F",0,1,0,11,1,"T","F",1,2,"T","T","murre001","crowt101","T","T",4,2,28,0,0,0,0,0,0,"fiskc001","","",0,0,0,0,0,0,0,0,0,0,0,0,0,"fiskc001","F","F","F","F",0,4,0,0,2,0,0,0,0,0,F,F,"1978BAL.EVA.regular.event.csv",2476
"BAL197806300","BOS",4,1,1,0,0,"",1,0,"murre001","?","murre001","?","tianl101","?","tianl101","?","fiskc001","scotg102","remyj001","dufff101","burlr001","ricej001","lynnf001","evand002","","dauer001","","HR.2-H","F","F",3,4,23,"T","T",4,"F","F",0,"F","F",2,"F","F",0,"","F","F","",0,0,"N",0,"N",0,"N",4,0,4,0,"","","","","F","F","F","F","F","F","F","F","F","","tianl101","","F","F","F","F","F","","","","",0,0,0,0,0,0,0,0,0,30,"BAL","BAL","BOS",1,"F","F",0,1,0,12,2,"T","F",2,0,"T","T","crowt101","decid001","T","T",0,0,0,4,2,28,0,0,0,"","fiskc001","",0,0,0,0,0,0,0,0,0,0,0,0,2,"","F","F","F","F",4,0,4,0,0,0,0,0,0,0,F,F,"1978BAL.EVA.regular.event.csv",2477
"BAL197806300","BOS",4,1,1,0,0,"",1,2,"crowt101","?","crowt101","?","tianl101","?","tianl101","?","fiskc001","scotg102","remyj001","dufff101","burlr001","ricej001","lynnf001","evand002","","","","9","F","F",10,5,2,"T","T",0,"F","F",1,"F","F",0,"F","F",9,"F","F","F","",0,0,"N",0,"N",0,"N",0,0,0,0,"9","","","","F","F","F","F","F","F","F","F","F","","","","F","F","F","F","F","","","","",0,9,0,0,0,0,0,0,0,31,"BAL","BAL","BOS",1,"F","F",2,1,2,13,3,"T","F",0,0,"T","T","decid001","moraa101","T","T",0,0,0,0,0,0,0,0,0,"","","",0,0,0,0,0,0,0,0,0,0,0,0,0,"evand002","F","F","F","F",0,0,0,0,0,0,0,0,0,0,F,F,"1978BAL.EVA.regular.event.csv",2478
"BAL197806300","BOS",4,1,2,0,0,"",1,2,"decid001","?","decid001","?","tianl101","?","tianl101","?","fiskc001","scotg102","remyj001","dufff101","burlr001","ricej001","lynnf001","evand002","","","","K","F","F",5,6,3,"T","T",0,"F","F",1,"F","F",0,"F","F",0,"","F","F","",0,0,"N",0,"N",0,"N",0,0,0,0,"2","","","","F","F","F","F","F","F","F","F","F","","","","F","F","F","F","F","","","","",0,2,0,0,0,0,0,0,0,32,"BAL","BAL","BOS",1,"F","T",2,1,2,14,4,"T","F",0,0,"T","T","moraa101","dempr001","T","T",0,0,0,0,0,0,0,0,0,"","","",0,0,0,0,0,0,0,0,0,0,0,0,0,"","F","F","F","F",0,0,0,0,0,0,0,0,0,0,F,F,"1978BAL.EVA.regular.event.csv",2479
"BAL197806300","BOS",5,0,0,0,0,"",1,2,"dufff101","?","dufff101","?","flanm001","?","flanm001","?","dempr001","murre001","dauer001","decid001","belam101","moraa101","harll101","kellp101","","","","K/C","T","F",5,9,3,"T","T",0,"F","F",1,"F","F",0,"F","F",0,"","F","F","",0,0,"N",0,"N",0,"N",0,0,0,0,"2","","","","F","F","F","F","F","F","F","F","F","","","","F","F","F","F","F","","","","",0,2,0,0,0,0,0,0,0,33,"BAL","BOS","BAL",0,"T","F",1,2,0,17,0,"T","F",0,0,"T","T","burlr001","remyj001","T","T",0,0,0,0,0,0,0,0,0,"","","",0,0,0,0,0,0,0,0,0,0,0,0,0,"","F","F","F","F",0,0,0,0,0,0,0,0,0,0,F,F,"1978BAL.EVA.regular.event.csv",2480
"BAL197806300","BOS",5,0,1,0,0,"",1,2,"burlr001","?","burlr001","?","flanm001","?","flanm001","?","dempr001","murre001","dauer001","decid001","belam101","moraa101","harll101","kellp101","","","","S7","F","F",6,1,20,"T","T",1,"F","F",0,"F","F",0,"F","F",7,"","F","F","",0,0,"N",0,"N",0,"N",1,0,0,0,"","","","","F","F","F","F","F","F","F","F","F","","","","F","F","F","F","F","","","","",0,0,0,0,0,0,0,0,0,34,"BAL","BOS","BAL",0,"F","F",1,2,0,18,1,"T","F",0,1,"T","T","remyj001","ricej001","T","T",0,0,0,0,0,0,0,0,0,"","","",0,0,0,0,0,0,0,0,0,0,0,0,0,"moraa101","F","F","F","F",0,0,0,0,0,0,0,0,0,0,F,F,"1978BAL.EVA.regular.event.csv",2481
"BAL197806300","BOS",5,0,1,0,0,"",1,2,"remyj001","?","remyj001","?","flanm001","?","flanm001","?","dempr001","murre001","dauer001","decid001","belam101","moraa101","harll101","kellp101","burlr001","","","S8.1-2","F","F",4,2,20,"T","T",1,"F","F",0,"F","F",0,"F","F",8,"","F","F","",0,0,"N",0,"N",0,"N",1,2,0,0,"","","","","F","F","F","F","F","F","F","F","F","flanm001","","","F","F","F","F","F","","","","",0,0,0,0,0,0,0,0,0,35,"BAL","BOS","BAL",0,"F","F",1,2,0,19,2,"T","F",1,3,"T","T","ricej001","fiskc001","T","T",6,1,34,0,0,0,0,0,0,"dempr001","","",0,0,0,0,0,0,0,0,0,0,0,0,0,"harll101","F","F","F","F",0,0,0,0,0,0,0,0,0,0,F,F,"1978BAL.EVA.regular.event.csv",2482
"BAL197806300","BOS",5,0,1,0,0,"",1,2,"ricej001","?","ricej001","?","flanm001","?","flanm001","?","dempr001","murre001","dauer001","decid001","belam101","moraa101","harll101","kellp101","remyj001","burlr001","","E5.2-3;1-2","F","F",7,3,18,"T","T",0,"F","F",0,"F","F",0,"F","F",5,"G","F","F","",1,5,"F",0,"N",0,"N",1,2,3,0,"","","","","F","F","F","F","F","F","F","F","F","flanm001","flanm001","","F","F","F","F","F","","","","",0,0,0,0,0,0,0,0,0,36,"BAL","BOS","BAL",0,"F","F",1,2,0,20,3,"T","F",3,7,"T","T","fiskc001","lynnf001","T","T",4,2,35,6,1,34,0,0,0,"dempr001","dempr001","",0,0,0,0,0,0,0,0,0,0,0,0,0,"decid001","F","F","F","T",0,0,0,0,0,0,0,0,0,0,F,F,"1978BAL.EVA.regular.event.csv",2483
"BAL197806300","BOS",5,0,1,0,0,"",1,2,"fiskc001","?","fiskc001","?","flanm001","?","flanm001","?","dempr001","murre001","dauer001","decid001","belam101","moraa101","harll101","kellp101","ricej001","remyj001","burlr001","12(3)3/GDP","F","F",2,4,2,"T","T",0,"F","F",2,"T","F",0,"F","F",1,"G","F","F","",0,0,"N",0,"N",0,"N",0,1,2,0,"23","","","12","F","F","F","F","F","F","F","F","F","flanm001","flanm001","flanm001","F","F","F","F","F","","","","",0,2,3,0,1,2,0,0,0,37,"BAL","BOS","BAL",0,"F","T",1,2,0,21,4,"T","F",7,3,"T","T","lynnf001","scotg102","T","T",7,3,36,4,2,35,6,1,34,"dempr001","dempr001","dempr001",0,0,0,0,0,0,0,0,0,0,0,0,0,"flanm001","F","F","T","F",0,0,0,0,0,0,0,0,0,0,F,F,"1978BAL.EVA.regular.event.csv",2484
"BAL197806300","BOS",5,1,0,0,0,"",1,2,"moraa101","?","moraa101","?","tianl101","?","tianl101","?","fiskc001","scotg102","remyj001","dufff101","burlr001","ricej001","lynnf001","evand002","","","","K","T","F",7,7,3,"T","T",0,"F","F",1,"F","F",0,"F","F",0,"","F","F","",0,0,"N",0,"N",0,"N",0,0,0,0,"2","","","","F","F","F","F","F","F","F","F","F","","","","F","F","F","F","F","","","","",0,2,0,0,0,0,0,0,0,38,"BAL","BAL","BOS",1,"T","F",2,1,0,15,0,"T","F",0,0,"T","T","dempr001","belam101","T","T",0,0,0,0,0,0,0,0,0,"","","",0,0,0,0,0,0,0,0,0,0,0,0,0,"","F","F","F","F",0,0,0,0,0,0,0,0,0,0,F,F,"1978BAL.EVA.regular.event.csv",2485
"BAL197806300","BOS",5,1,1,0,0,"",1,2,"dempr001","?","dempr001","?","tianl101","?","tianl101","?","fiskc001","scotg102","remyj001","dufff101","burlr001","ricej001","lynnf001","evand002","","","","S/BG","F","F",2,8,20,"T","T",1,"F","F",0,"F","F",0,"F","F",0,"G","T","F","",0,0,"N",0,"N",0,"N",1,0,0,0,"","","","","F","F","F","F","F","F","F","F","F","","","","F","F","F","F","F","","","","",0,0,0,0,0,0,0,0,0,39,"BAL","BAL","BOS",1,"F","F",2,1,0,16,1,"T","F",0,1,"T","T","belam101","harll101","T","T",0,0,0,0,0,0,0,0,0,"","","",0,0,0,0,0,0,0,0,0,0,0,0,0,"","F","F","F","F",0,0,0,0,0,0,0,0,0,0,F,F,"1978BAL.EVA.regular.event.csv",2486
"BAL197806300","BOS",5,1,1,0,0,"",1,2,"belam101","?","belam101","?","tianl101","?","tianl101","?","fiskc001","scotg102","remyj001","dufff101","burlr001","ricej001","lynnf001","evand002","dempr001","","","26(1)/FO/BG","F","F",6,9,2,"T","T",0,"F","F",1,"F","F",0,"F","F",2,"G","T","F","",0,0,"N",0,"N",0,"N",1,0,0,0,"","26","","","F","F","F","F","F","F","F","F","F","tianl101","","","F","F","F","F","F","","","","",0,6,0,0,2,0,0,0,0,40,"BAL","BAL","BOS",1,"F","F",2,1,0,17,2,"T","F",1,1,"T","T","harll101","dauer001","T","T",2,8,39,0,0,0,0,0,0,"fiskc001","","",0,0,0,0,0,0,0,0,0,0,0,0,0,"fiskc001","T","F","F","F",0,0,0,0,0,0,0,0,0,0,F,F,"1978BAL.EVA.regular.event.csv",2487
"BAL197806300","BOS",5,1,2,0,0,"",1,2,"harll101","?","harll101","?","tianl101","?","tianl101","?","fiskc001","scotg102","remyj001","dufff101","burlr001","ricej001","lynnf001","evand002","belam101","","","W.1-2","F","F",8,1,14,"T","F",0,"F","F",0,"F","F",0,"F","F",0,"","F","F","",0,0,"N",0,"N",0,"N",1,2,0,0,"","","","","F","F","F","F","F","F","F","F","F","tianl101","","","F","F","F","F","F","","","","",0,0,0,0,0,0,0,0,0,41,"BAL","BAL","BOS",1,"F","F",2,1,0,18,3,"T","F",1,3,"T","T","dauer001","kellp101","T","T",6,9,40,0,0,0,0,0,0,"fiskc001","","",0,0,0,0,0,0,0,0,0,0,0,0,0,"","F","F","F","F",0,0,0,0,0,0,0,0,0,0,F,F,"1978BAL.EVA.regular.event.csv",2488
"BAL197806300","BOS",5,1,2,0,0,"",1,2,"dauer001","?","dauer001","?","tianl101","?","tianl101","?","fiskc001","scotg102","remyj001","dufff101","burlr001","ricej001","lynnf001","evand002","harll101","belam101","","6/L","F","F",4,2,2,"T","T",0,"F","F",1,"F","F",0,"F","F",6,"L","F","F","",0,0,"N",0,"N",0,"N",0,1,2,0,"6","","","","F","F","F","F","F","F","F","F","F","tianl101","tianl101","","F","F","F","F","F","","","","",0,6,0,0,0,0,0,0,0,42,"BAL","BAL","BOS",1,"F","T",2,1,0,19,4,"T","F",3,3,"T","T","kellp101","murre001","T","T",8,1,41,6,9,40,0,0,0,"fiskc001","fiskc001","",0,0,0,0,0,0,0,0,0,0,0,0,0,"burlr001","F","F","F","F",0,0,0,0,0,0,0,0,0,0,F,F,"1978BAL.EVA.regular.event.csv",2489
"BAL197806300","BOS",6,0,0,0,0,"",1,2,"lynnf001","?","lynnf001","?","flanm001","?","flanm001","?","dempr001","murre001","dauer001","decid001","belam101","moraa101","harll101","kellp101","","","","S7","T","F",8,5,20,"T","T",1,"F","F",0,"F","F",0,"F","F",7,"","F","F","",0,0,"N",0,"N",0,"N",1,0,0,0,"","","","","F","F","F","F","F","F","F","F","F","","","","F","F","F","F","F","","","","",0,0,0,0,0,0,0,0,0,43,"BAL","BOS","BAL",0,"T","F",1,2,0,22,0,"T","F",0,1,"T","T","scotg102","evand002","T","T",0,0,0,0,0,0,0,0,0,"","","",0,0,0,0,0,0,0,0,0,0,0,0,0,"moraa101","F","F","F","F",4,0,0,0,1,0,0,0,0,0,F,F,"1978BAL.EVA.regular.event.csv",2490
"BAL197806300","BOS",6,0,0,0,0,"",1,2,"scotg102","?","scotg102","?","flanm001","?","flanm001","?","dempr001","murre001","dauer001","decid001","belam101","moraa101","harll101","kellp101","lynnf001","","","WP.1-2","F","F",3,6,9,"F","F",0,"F","F",0,"F","F",0,"T","F",0,"","F","F","",0,0,"N",0,"N",0,"N",0,2,0,0,"","","","","F","F","F","F","F","F","F","F","F","flanm001","","","F","F","F","F","F","","","","",0,0,0,0,0,0,0,0,0,44,"BAL","BOS","BAL",0,"F","F",1,2,0,23,1,"T","F",1,2,"T","T","evand002","bailb103","T","T",8,5,43,0,0,0,0,0,0,"dempr001","","",0,0,0,0,0,0,0,0,0,0,0,0,0,"","F","F","F","F",0,4,0,0,1,0,0,0,0,0,F,F,"1978BAL.EVA.regular.event.csv",2491
"BAL197806300","BOS",6,0,0,0,0,"",1,2,"scotg102","?","scotg102","?","flanm001","?","flanm001","?","dempr001","murre001","dauer001","decid001","belam101","moraa101","harll101","kellp101","","lynnf001","","K","F","F",3,6,3,"T","T",0,"F","F",1,"F","F",0,"F","F",0,"","F","F","",0,0,"N",0,"N",0,"N",0,0,2,0,"2","","","","F","F","F","F","F","F","F","F","F","","flanm001","","F","F","F","F","F","","","","",0,2,0,0,0,0,0,0,0,45,"BAL","BOS","BAL",0,"F","F",1,2,0,23,1,"F","F",2,2,"T","T","evand002","bailb103","T","T",0,0,0,8,5,43,0,0,0,"","dempr001","",0,0,0,0,0,0,0,0,0,0,0,0,0,"","F","F","F","F",0,0,4,0,1,0,0,0,0,0,F,F,"1978BAL.EVA.regular.event.csv",2492
"BAL197806300","BOS",6,0,1,0,0,"",1,2,"evand002","?","evand002","?","flanm001","?","flanm001","?","dempr001","murre001","dauer001","decid001","belam101","moraa101","harll101","kellp101","","lynnf001","","S7.2-H","F","F",9,7,20,"T","T",1,"F","F",0,"F","F",1,"F","F",7,"","F","F","",0,0,"N",0,"N",0,"N",1,0,4,0,"","","","","F","F","F","F","F","F","F","F","F","","flanm001","","F","F","F","F","F","","","","",0,0,0,0,0,0,0,0,0,46,"BAL","BOS","BAL",0,"F","F",1,2,0,24,2,"T","F",2,1,"T","T","bailb103","dufff101","T","T",0,0,0,8,5,43,0,0,0,"","dempr001","",0,0,0,0,0,0,0,0,0,0,0,0,1,"moraa101","F","F","F","F",0,0,4,0,0,0,0,0,0,0,F,F,"1978BAL.EVA.regular.event.csv",2493
"BAL197806300","BOS",6,0,1,0,0,"",2,2,"bailb103","?","bailb103","?","flanm001","?","flanm001","?","dempr001","murre001","dauer001","decid001","belam101","moraa101","harll101","kellp101","evand002","","","OA.1X2(24)","F","F",10,8,12,"F","F",0,"F","F",1,"F","F",0,"F","F",0,"","F","F","",0,0,"N",0,"N",0,"N",0,0,0,0,"","24","","","F","F","F","F","F","F","F","F","F","flanm001","","","F","F","F","F","F","","","","",0,4,0,0,2,0,0,0,0,47,"BAL","BOS","BAL",0,"F","F",2,2,1,25,3,"T","F",1,0,"T","T","dufff101","burlr001","T","T",9,7,46,0,0,0,0,0,0,"dempr001","","",0,0,0,0,0,0,0,0,0,0,0,0,0,"","F","F","F","F",0,0,0,0,0,0,0,0,0,0,F,F,"1978BAL.EVA.regular.event.csv",2494
"BAL197806300","BOS",6,0,2,0,0,"",2,2,"bailb103","?","bailb103","?","flanm001","?","flanm001","?","dempr001","murre001","dauer001","decid001","belam101","moraa101","harll101","kellp101","","","","6/P","F","F",10,8,2,"T","T",0,"F","F",1,"F","F",0,"F","F",6,"P","F","F","",0,0,"N",0,"N",0,"N",0,0,0,0,"6","","","","F","F","F","F","F","F","F","F","F","","","","F","F","F","F","F","","","","",0,6,0,0,0,0,0,0,0,48,"BAL","BOS","BAL",0,"F","T",2,2,1,25,3,"F","F",0,0,"T","T","dufff101","burlr001","T","T",0,0,0,0,0,0,0,0,0,"","","",0,0,0,0,0,0,0,0,0,0,0,0,0,"belam101","F","F","F","F",0,0,0,0,0,0,0,0,0,0,F,F,"1978BAL.EVA.regular.event.csv",2495
"BAL197806300","BOS",6,1,0,0,0,"",2,2,"kellp101","?","kellp101","?","tianl101","?","tianl101","?","fiskc001","scotg102","remyj001","dufff101","burlr001","ricej001","lynnf001","evand002","","","","43","T","F",9,3,2,"T","T",0,"F","F",1,"F","F",0,"F","F",4,"G","F","F","",0,0,"N",0,"N",0,"N",0,0,0,0,"43","","","","F","F","F","F","F","F","F","F","F","","","","F","F","F","F","F","","","","",0,3,0,0,4,0,0,0,0,49,"BAL","BAL","BOS",1,"T","F",2,2,0,20,0,"T","F",0,0,"T","T","murre001","crowt101","T","T",0,0,0,0,0,0,0,0,0,"","","",0,0,0,0,0,0,0,0,0,0,0,0,0,"remyj001","F","F","F","F",0,0,0,0,0,0,0,0,0,0,F,F,"1978BAL.EVA.regular.event.csv",2496
"BAL197806300","BOS",6,1,1,0,0,"",2,2,"murre001","?","murre001","?","tianl101","?","tianl101","?","fiskc001","scotg102","remyj001","dufff101","burlr001","ricej001","lynnf001","evand002","","","","5/FL","F","F",3,4,2,"T","T",0,"F","F",1,"F","F",0,"F","F",5,"F","F","T","",0,0,"N",0,"N",0,"N",0,0,0,0,"5","","","","F","F","F","F","F","F","F","F","F","","","","F","F","F","F","F","","","","",0,5,0,0,0,0,0,0,0,50,"BAL","BAL","BOS",1,"F","F",2,2,0,21,1,"T","F",0,0,"T","T","crowt101","decid001","T","T",0,0,0,0,0,0,0,0,0,"","","",0,0,0,0,0,0,0,0,0,0,0,0,0,"dufff101","F","F","F","F",0,0,0,0,0,0,0,0,0,0,F,F,"1978BAL.EVA.regular.event.csv",2497
"BAL197806300","BOS",6,1,2,0,0,"",2,2,"crowt101","?","crowt101","?","tianl101","?","tianl101","?","fiskc001","scotg102","remyj001","dufff101","burlr001","ricej001","lynnf001","evand002","","","","43","F","F",10,5,2,"T","T",0,"F","F",1,"F","F",0,"F","F",4,"G","F","F","",0,0,"N",0,"N",0,"N",0,0,0,0,"43","","","","F","F","F","F","F","F","F","F","F","","","","F","F","F","F","F","","","","",0,3,0,0,4,0,0,0,0,51,"BAL","BAL","BOS",1,"F","T",2,2,0,22,2,"T","F",0,0,"T","T","decid001","moraa101","T","T",0,0,0,0,0,0,0,0,0,"","","",0,0,0,0,0,0,0,0,0,0,0,0,0,"remyj001","F","F","F","F",0,0,0,0,0,0,0,0,0,0,F,F,"1978BAL.EVA.regular.event.csv",2498
"BAL197806300","BOS",7,0,0,0,0,"",2,2,"dufff101","?","dufff101","?","flanm001","?","flanm001","?","dempr001","murre001","dauer001","decid001","belam101","moraa101","harll101","kellp101","","","","63","T","F",5,9,2,"T","T",0,"F","F",1,"F","F",0,"F","F",6,"G","F","F","",0,0,"N",0,"N",0,"N",0,0,0,0,"63","","","","F","F","F","F","F","F","F","F","F","","","","F","F","F","F","F","","","","",0,3,0,0,6,0,0,0,0,52,"BAL","BOS","BAL",0,"T","F",2,2,0,26,0,"T","F",0,0,"T","T","burlr001","remyj001","T","T",0,0,0,0,0,0,0,0,0,"","","",0,0,0,0,0,0,0,0,0,0,0,0,0,"belam101","F","F","F","F",0,0,0,0,0,0,0,0,0,0,F,F,"1978BAL.EVA.regular.event.csv",2499
"BAL197806300","BOS",7,0,1,0,0,"",2,2,"burlr001","?","burlr001","?","flanm001","?","flanm001","?","dempr001","murre001","dauer001","decid001","belam101","moraa101","harll101","kellp101","","","","53","F","F",6,1,2,"T","T",0,"F","F",1,"F","F",0,"F","F",5,"G","F","F","",0,0,"N",0,"N",0,"N",0,0,0,0,"53","","","","F","F","F","F","F","F","F","F","F","","","","F","F","F","F","F","","","","",0,3,0,0,5,0,0,0,0,53,"BAL","BOS","BAL",0,"F","F",2,2,0,27,1,"T","F",0,0,"T","T","remyj001","ricej001","T","T",0,0,0,0,0,0,0,0,0,"","","",0,0,0,0,0,0,0,0,0,0,0,0,0,"decid001","F","F","F","F",0,0,0,0,0,0,0,0,0,0,F,F,"1978BAL.EVA.regular.event.csv",2500
"BAL197806300","BOS",7,0,2,0,0,"",2,2,"remyj001","?","remyj001","?","flanm001","?","flanm001","?","dempr001","murre001","dauer001","decid001","belam101","moraa101","harll101","kellp101","","","","K23","F","F",4,2,3,"T","T",0,"F","F",1,"F","F",0,"F","F",0,"","F","F","",0,0,"N",0,"N",0,"N",0,0,0,0,"23","","","","F","F","F","F","F","F","F","F","F","","","","F","F","F","F","F","","","","",0,3,0,0,2,0,0,0,0,54,"BAL","BOS","BAL",0,"F","T",2,2,0,28,2,"T","F",0,0,"T","T","ricej001","fiskc001","T","T",0,0,0,0,0,0,0,0,0,"","","",0,0,0,0,0,0,0,0,0,0,0,0,0,"","F","F","F","F",0,0,0,0,0,0,0,0,0,0,F,F,"1978BAL.EVA.regular.event.csv",2501
"BAL197806300","BOS",7,1,0,0,0,"",2,2,"decid001","?","decid001","?","tianl101","?","tianl101","?","fiskc001","scotg102","remyj001","dufff101","burlr001","ricej001","lynnf001","evand002","","","","K","T","F",5,6,3,"T","T",0,"F","F",1,"F","F",0,"F","F",0,"","F","F","",0,0,"N",0,"N",0,"N",0,0,0,0,"2","","","","F","F","F","F","F","F","F","F","F","","","","F","F","F","F","F","","","","",0,2,0,0,0,0,0,0,0,55,"BAL","BAL","BOS",1,"T","F",2,2,0,23,0,"T","F",0,0,"T","T","moraa101","dempr001","T","T",0,0,0,0,0,0,0,0,0,"","","",0,0,0,0,0,0,0,0,0,0,0,0,0,"","F","F","F","F",0,0,0,0,0,0,0,0,0,0,F,F,"1978BAL.EVA.regular.event.csv",2502
"BAL197806300","BOS",7,1,1,0,0,"",2,2,"moraa101","?","moraa101","?","tianl101","?","tianl101","?","fiskc001","scotg102","remyj001","dufff101","burlr001","ricej001","lynnf001","evand002","","","","7","F","F",7,7,2,"T","T",0,"F","F",1,"F","F",0,"F","F",7,"F","F","F","",0,0,"N",0,"N",0,"N",0,0,0,0,"7","","","","F","F","F","F","F","F","F","F","F","","","","F","F","F","F","F","","","","",0,7,0,0,0,0,0,0,0,56,"BAL","BAL","BOS",1,"F","F",2,2,0,24,1,"T","F",0,0,"T","T","dempr001","belam101","T","T",0,0,0,0,0,0,0,0,0,"","","",0,0,0,0,0,0,0,0,0,0,0,0,0,"ricej001","F","F","F","F",0,0,0,0,0,0,0,0,0,0,F,F,"1978BAL.EVA.regular.event.csv",2503
"BAL197806300","BOS",7,1,2,0,0,"",2,2,"dempr001","?","dempr001","?","tianl101","?","tianl101","?","fiskc001","scotg102","remyj001","dufff101","burlr001","ricej001","lynnf001","evand002","","","","4/P","F","F",2,8,2,"T","T",0,"F","F",1,"F","F",0,"F","F",4,"P","F","F","",0,0,"N",0,"N",0,"N",0,0,0,0,"4","","","","F","F","F","F","F","F","F","F","F","","","","F","F","F","F","F","","","","",0,4,0,0,0,0,0,0,0,57,"BAL","BAL","BOS",1,"F","T",2,2,0,25,2,"T","F",0,0,"T","T","belam101","harll101","T","T",0,0,0,0,0,0,0,0,0,"","","",0,0,0,0,0,0,0,0,0,0,0,0,0,"remyj001","F","F","F","F",0,0,0,0,0,0,0,0,0,0,F,F,"1978BAL.EVA.regular.event.csv",2504
"BAL197806300","BOS",8,0,0,0,0,"",2,2,"ricej001","?","ricej001","?","flanm001","?","flanm001","?","dempr001","murre001","dauer001","decid001","belam101","moraa101","harll101","kellp101","","","","S7","T","F",7,3,20,"T","T",1,"F","F",0,"F","F",0,"F","F",7,"","F","F","",0,0,"N",0,"N",0,"N",1,0,0,0,"","","","","F","F","F","F","F","F","F","F","F","","","","F","F","F","F","F","","","","",0,0,0,0,0,0,0,0,0,58,"BAL","BOS","BAL",0,"T","F",2,2,0,29,0,"T","F",0,1,"T","T","fiskc001","lynnf001","T","T",0,0,0,0,0,0,0,0,0,"","","",0,0,0,0,0,0,0,0,0,0,0,0,0,"moraa101","F","F","F","F",0,0,0,0,0,0,0,0,0,0,F,F,"1978BAL.EVA.regular.event.csv",2505
"BAL197806300","BOS",8,0,0,0,0,"",2,2,"fiskc001","?","fiskc001","?","flanm001","?","flanm001","?","dempr001","murre001","dauer001","decid001","belam101","moraa101","harll101","kellp101","ricej001","","","54/SH.1-2","F","F",2,4,2,"T","F",0,"T","F",1,"F","F",0,"F","F",5,"G","T","F","",0,0,"N",0,"N",0,"N",0,2,0,0,"54","","","","F","F","F","F","F","F","F","F","F","flanm001","","","F","F","F","F","F","","","","",0,4,0,0,5,0,0,0,0,59,"BAL","BOS","BAL",0,"F","F",2,2,0,30,1,"T","F",1,2,"T","T","lynnf001","scotg102","T","T",7,3,58,0,0,0,0,0,0,"dempr001","","",0,0,0,0,0,0,0,0,0,0,0,0,0,"decid001","F","F","F","F",0,0,0,0,0,0,0,0,0,0,F,F,"1978BAL.EVA.regular.event.csv",2506
"BAL197806300","BOS",8,0,1,0,0,"",2,2,"lynnf001","?","lynnf001","?","flanm001","?","flanm001","?","dempr001","murre001","dauer001","decid001","belam101","moraa101","harll101","kellp101","","ricej001","","K/C","F","F",8,5,3,"T","T",0,"F","F",1,"F","F",0,"F","F",0,"","F","F","",0,0,"N",0,"N",0,"N",0,0,2,0,"2","","","","F","F","F","F","F","F","F","F","F","","flanm001","","F","F","F","F","F","","","","",0,2,0,0,0,0,0,0,0,60,"BAL","BOS","BAL",0,"F","F",2,2,0,31,2,"T","F",2,2,"T","T","scotg102","evand002","T","T",0,0,0,7,3,58,0,0,0,"","dempr001","",0,0,0,0,0,0,0,0,0,0,0,0,0,"","F","F","F","F",0,0,0,0,0,0,0,0,0,0,F,F,"1978BAL.EVA.regular.event.csv",2507
"BAL197806300","BOS",8,0,2,0,0,"",2,2,"scotg102","?","scotg102","?","flanm001","?","flanm001","?","dempr001","murre001","dauer001","decid001","belam101","moraa101","harll101","kellp101","","ricej001","","K","F","F",3,6,3,"T","T",0,"F","F",1,"F","F",0,"F","F",0,"","F","F","",0,0,"N",0,"N",0,"N",0,0,2,0,"2","","","","F","F","F","F","F","F","F","F","F","","flanm001","","F","F","F","F","F","","","","",0,2,0,0,0,0,0,0,0,61,"BAL","BOS","BAL",0,"F","T",2,2,0,32,3,"T","F",2,2,"T","T","evand002","bailb103","T","T",0,0,0,7,3,58,0,0,0,"","dempr001","",0,0,0,0,0,0,0,0,0,0,0,0,0,"","F","F","F","F",0,0,0,0,0,0,0,0,0,0,F,F,"1978BAL.EVA.regular.event.csv",2508
"BAL197806300","BOS",8,1,0,0,0,"",2,2,"belam101","?","belam101","?","tianl101","?","tianl101","?","fiskc001","scotg102","remyj001","dufff101","burlr001","ricej001","lynnf001","evand002","","","","8","T","F",6,9,2,"T","T",0,"F","F",1,"F","F",0,"F","F",8,"F","F","F","",0,0,"N",0,"N",0,"N",0,0,0,0,"8","","","","F","F","F","F","F","F","F","F","F","","","","F","F","F","F","F","","","","",0,8,0,0,0,0,0,0,0,62,"BAL","BAL","BOS",1,"T","F",2,2,0,26,0,"T","F",0,0,"T","T","harll101","dauer001","T","T",0,0,0,0,0,0,0,0,0,"","","",0,0,0,0,0,0,0,0,0,0,0,0,0,"lynnf001","F","F","F","F",0,0,0,0,0,0,0,0,0,0,F,F,"1978BAL.EVA.regular.event.csv",2509
"BAL197806300","BOS",8,1,1,0,0,"",2,2,"harll101","?","harll101","?","tianl101","?","tianl101","?","fiskc001","scotg102","remyj001","dufff101","burlr001","ricej001","lynnf001","evand002","","","","63","F","F",8,1,2,"T","T",0,"F","F",1,"F","F",0,"F","F",6,"G","F","F","",0,0,"N",0,"N",0,"N",0,0,0,0,"63","","","","F","F","F","F","F","F","F","F","F","","","","F","F","F","F","F","","","","",0,3,0,0,6,0,0,0,0,63,"BAL","BAL","BOS",1,"F","F",2,2,0,27,1,"T","F",0,0,"T","T","dauer001","kellp101","T","T",0,0,0,0,0,0,0,0,0,"","","",0,0,0,0,0,0,0,0,0,0,0,0,0,"burlr001","F","F","F","F",0,0,0,0,0,0,0,0,0,0,F,F,"1978BAL.EVA.regular.event.csv",2510
"BAL197806300","BOS",8,1,2,0,0,"",2,2,"dauer001","?","dauer001","?","tianl101","?","tianl101","?","fiskc001","scotg102","remyj001","dufff101","burlr001","ricej001","lynnf001","evand002","","","","D","F","F",4,2,21,"T","T",2,"F","F",0,"F","F",0,"F","F",0,"","F","F","",0,0,"N",0,"N",0,"N",2,0,0,0,"","","","","F","F","F","F","F","F","F","F","F","","","","F","F","F","F","F","","","","",0,0,0,0,0,0,0,0,0,64,"BAL","BAL","BOS",1,"F","F",2,2,0,28,2,"T","F",0,2,"T","T","kellp101","murre001","T","T",0,0,0,0,0,0,0,0,0,"","","",0,0,0,0,0,0,0,0,0,0,0,0,0,"","F","F","F","F",0,0,0,0,0,0,0,0,0,0,F,F,"1978BAL.EVA.regular.event.csv",2511
"BAL197806300","BOS",8,1,2,0,0,"",2,2,"kellp101","?","kellp101","?","tianl101","?","tianl101","?","fiskc001","scotg102","remyj001","dufff101","burlr001","ricej001","lynnf001","evand002","","dauer001","","K/C","F","F",9,3,3,"T","T",0,"F","F",1,"F","F",0,"F","F",0,"","F","F","",0,0,"N",0,"N",0,"N",0,0,2,0,"2","","","","F","F","F","F","F","F","F","F","F","","tianl101","","F","F","F","F","F","","","","",0,2,0,0,0,0,0,0,0,65,"BAL","BAL","BOS",1,"F","T",2,2,0,29,3,"T","F",2,2,"T","T","murre001","crowt101","T","T",0,0,0,4,2,64,0,0,0,"","fiskc001","",0,0,0,0,0,0,0,0,0,0,0,0,0,"","F","F","F","F",0,0,0,0,0,0,0,0,0,0,F,F,"1978BAL.EVA.regular.event.csv",2512
"BAL197806300","BOS",9,0,0,0,0,"",2,2,"evand002","?","evand002","?","flanm001","?","flanm001","?","dempr001","murre001","dauer001","decid001","belam101","moraa101","harll101","kellp101","","","","K","T","F",9,7,3,"T","T",0,"F","F",1,"F","F",0,"F","F",0,"","F","F","",0,0,"N",0,"N",0,"N",0,0,0,0,"2","","","","F","F","F","F","F","F","F","F","F","","","","F","F","F","F","F","","","","",0,2,0,0,0,0,0,0,0,66,"BAL","BOS","BAL",0,"T","F",2,2,0,33,0,"T","F",0,0,"T","T","bailb103","dufff101","T","T",0,0,0,0,0,0,0,0,0,"","","",0,0,0,0,0,0,0,0,0,0,0,0,0,"","F","F","F","F",0,0,0,0,0,0,0,0,0,0,F,F,"1978BAL.EVA.regular.event.csv",2513
"BAL197806300","BOS",9,0,1,0,0,"",2,2,"bailb103","?","bailb103","?","flanm001","?","flanm001","?","dempr001","murre001","dauer001","decid001","belam101","moraa101","harll101","kellp101","","","","23","F","F",10,8,2,"T","T",0,"F","F",1,"F","F",0,"F","F",2,"G","F","F","",0,0,"N",0,"N",0,"N",0,0,0,0,"23","","","","F","F","F","F","F","F","F","F","F","","","","F","F","F","F","F","","","","",0,3,0,0,2,0,0,0,0,67,"BAL","BOS","BAL",0,"F","F",2,2,0,34,1,"T","F",0,0,"T","T","dufff101","burlr001","T","T",0,0,0,0,0,0,0,0,0,"","","",0,0,0,0,0,0,0,0,0,0,0,0,0,"dempr001","F","F","F","F",0,0,0,0,0,0,0,0,0,0,F,F,"1978BAL.EVA.regular.event.csv",2514
"BAL197806300","BOS",9,0,2,0,0,"",2,2,"dufff101","?","dufff101","?","flanm001","?","flanm001","?","dempr001","murre001","dauer001","decid001","belam101","moraa101","harll101","kellp101","","","","43","F","F",5,9,2,"T","T",0,"F","F",1,"F","F",0,"F","F",4,"G","F","F","",0,0,"N",0,"N",0,"N",0,0,0,0,"43","","","","F","F","F","F","F","F","F","F","F","","","","F","F","F","F","F","","","","",0,3,0,0,4,0,0,0,0,68,"BAL","BOS","BAL",0,"F","T",2,2,0,35,2,"T","F",0,0,"T","T","burlr001","remyj001","T","T",0,0,0,0,0,0,0,0,0,"","","",0,0,0,0,0,0,0,0,0,0,0,0,0,"dauer001","F","F","F","F",0,0,0,0,0,0,0,0,0,0,F,F,"1978BAL.EVA.regular.event.csv",2515
"BAL197806300","BOS",9,1,0,0,0,"",2,2,"murre001","?","murre001","?","tianl101","?","tianl101","?","fiskc001","scotg102","remyj001","dufff101","burlr001","ricej001","lynnf001","evand002","","","","K","T","F",3,4,3,"T","T",0,"F","F",1,"F","F",0,"F","F",0,"","F","F","",0,0,"N",0,"N",0,"N",0,0,0,0,"2","","","","F","F","F","F","F","F","F","F","F","","","","F","F","F","F","F","","","","",0,2,0,0,0,0,0,0,0,69,"BAL","BAL","BOS",1,"T","F",2,2,0,30,0,"T","F",0,0,"T","T","crowt101","decid001","T","T",0,0,0,0,0,0,0,0,0,"","","",0,0,0,0,0,0,0,0,0,0,0,0,0,"","F","F","F","F",0,0,0,0,0,0,0,0,0,0,F,F,"1978BAL.EVA.regular.event.csv",2516
"BAL197806300","BOS",9,1,1,0,0,"",2,2,"crowt101","?","crowt101","?","tianl101","?","tianl101","?","fiskc001","scotg102","remyj001","dufff101","burlr001","ricej001","lynnf001","evand002","","","","43","F","F",10,5,2,"T","T",0,"F","F",1,"F","F",0,"F","F",4,"G","F","F","",0,0,"N",0,"N",0,"N",0,0,0,0,"43","","","","F","F","F","F","F","F","F","F","F","","","","F","F","F","F","F","","","","",0,3,0,0,4,0,0,0,0,70,"BAL","BAL","BOS",1,"F","F",2,2,0,31,1,"T","F",0,0,"T","T","decid001","moraa101","T","T",0,0,0,0,0,0,0,0,0,"","","",0,0,0,0,0,0,0,0,0,0,0,0,0,"remyj001","F","F","F","F",0,0,0,0,0,0,0,0,0,0,F,F,"1978BAL.EVA.regular.event.csv",2517
"BAL197806300","BOS",9,1,2,0,0,"",2,2,"decid001","?","decid001","?","tianl101","?","tianl101","?","fiskc001","scotg102","remyj001","dufff101","burlr001","ricej001","lynnf001","evand002","","","","6","F","F",5,6,2,"T","T",0,"F","F",1,"F","F",0,"F","F",6,"F","F","F","",0,0,"N",0,"N",0,"N",0,0,0,0,"6","","","","F","F","F","F","F","F","F","F","F","","","","F","F","F","F","F","","","","",0,6,0,0,0,0,0,0,0,71,"BAL","BAL","BOS",1,"F","T",2,2,0,32,2,"T","F",0,0,"T","T","moraa101","dempr001","T","T",0,0,0,0,0,0,0,0,0,"","","",0,0,0,0,0,0,0,0,0,0,0,0,0,"burlr001","F","F","F","F",0,0,0,0,0,0,0,0,0,0,F,F,"1978BAL.EVA.regular.event.csv",2518
"BAL197806300","BOS",10,0,0,0,0,"",2,2,"burlr001","?","burlr001","?","stand101","?","stand101","?","dempr001","murre001","dauer001","decid001","belam101","moraa101","harll101","kellp101","","","","S7","T","F",6,1,20,"T","T",1,"F","F",0,"F","F",0,"F","F",7,"","F","F","",0,0,"N",0,"N",0,"N",1,0,0,0,"","","","","F","F","F","F","F","F","F","F","F","","","","F","F","F","F","F","","","","",0,0,0,0,0,0,0,0,0,72,"BAL","BOS","BAL",0,"T","F",2,2,0,36,0,"T","F",0,1,"T","T","remyj001","ricej001","F","F",0,0,0,0,0,0,0,0,0,"","","",0,0,0,0,0,0,0,0,0,0,0,0,0,"moraa101","F","F","F","F",0,0,0,0,0,0,0,0,0,0,F,F,"1978BAL.EVA.regular.event.csv",2519
"BAL197806300","BOS",10,0,0,0,0,"",2,2,"remyj001","?","remyj001","?","stand101","?","stand101","?","dempr001","murre001","dauer001","decid001","belam101","moraa101","harll101","kellp101","burlr001","","","K/C","F","F",4,2,3,"T","T",0,"F","F",1,"F","F",0,"F","F",0,"","F","F","",0,0,"N",0,"N",0,"N",0,1,0,0,"2","","","","F","F","F","F","F","F","F","F","F","stand101","","","F","F","F","F","F","","","","",0,2,0,0,0,0,0,0,0,73,"BAL","BOS","BAL",0,"F","F",2,2,0,37,1,"T","F",1,1,"T","T","ricej001","fiskc001","F","F",6,1,72,0,0,0,0,0,0,"dempr001","","",0,0,0,0,0,0,0,0,0,0,0,0,0,"","F","F","F","F",0,0,0,0,0,0,0,0,0,0,F,F,"1978BAL.EVA.regular.event.csv",2520
"BAL197806300","BOS",10,0,1,0,0,"",2,2,"ricej001","?","ricej001","?","stand101","?","stand101","?","dempr001","murre001","dauer001","decid001","belam101","moraa101","harll101","kellp101","burlr001","","","K+CS2(24)/DP","F","F",7,3,3,"T","T",0,"F","F",2,"T","F",0,"F","F",0,"","F","F","",0,0,"N",0,"N",0,"N",0,0,0,0,"2","24","","","F","F","F","T","F","F","F","F","F","stand101","","","F","F","F","F","F","","","","",0,2,4,0,2,0,0,0,0,74,"BAL","BOS","BAL",0,"F","T",2,2,0,38,2,"T","F",1,0,"T","T","fiskc001","lynnf001","F","F",6,1,72,0,0,0,0,0,0,"dempr001","","",0,0,0,0,0,0,0,0,0,0,0,0,0,"","F","F","F","F",0,0,0,0,0,0,0,0,0,0,F,F,"1978BAL.EVA.regular.event.csv",2521
"BAL197806300","BOS",10,1,0,0,0,"",2,2,"moraa101","?","moraa101","?","tianl101","?","tianl101","?","fiskc001","scotg102","remyj001","dufff101","burlr001","ricej001","lynnf001","evand002","","","","8","T","F",7,7,2,"T","T",0,"F","F",1,"F","F",0,"F","F",8,"F","F","F","",0,0,"N",0,"N",0,"N",0,0,0,0,"8","","","","F","F","F","F","F","F","F","F","F","","","","F","F","F","F","F","","","","",0,8,0,0,0,0,0,0,0,75,"BAL","BAL","BOS",1,"T","F",2,2,0,33,0,"T","F",0,0,"T","T","dempr001","belam101","T","T",0,0,0,0,0,0,0,0,0,"","","",0,0,0,0,0,0,0,0,0,0,0,0,0,"lynnf001","F","F","F","F",0,0,0,0,0,0,0,0,0,0,F,F,"1978BAL.EVA.regular.event.csv",2522
"BAL197806300","BOS",10,1,1,0,0,"",2,2,"dempr001","?","dempr001","?","tianl101","?","tianl101","?","fiskc001","scotg102","remyj001","dufff101","burlr001","ricej001","lynnf001","evand002","","","","D","F","F",2,8,21,"T","T",2,"F","F",0,"F","F",0,"F","F",0,"","F","F","",0,0,"N",0,"N",0,"N",2,0,0,0,"","","","","F","F","F","F","F","F","F","F","F","","","","F","F","F","F","F","","","","",0,0,0,0,0,0,0,0,0,76,"BAL","BAL","BOS",1,"F","F",2,2,0,34,1,"T","F",0,2,"T","T","belam101","harll101","T","T",0,0,0,0,0,0,0,0,0,"","","",0,0,0,0,0,0,0,0,0,0,0,0,0,"","F","F","F","F",2,0,0,0,0,0,0,0,0,0,F,F,"1978BAL.EVA.regular.event.csv",2523
"BAL197806300","BOS",10,1,1,0,0,"",2,2,"belam101","?","belam101","?","tianl101","?","tianl101","?","fiskc001","scotg102","remyj001","dufff101","burlr001","ricej001","lynnf001","evand002","","lopec101","","3/FL","F","F",6,9,2,"T","T",0,"F","F",1,"F","F",0,"F","F",3,"F","F","T","",0,0,"N",0,"N",0,"N",0,0,2,0,"3","","","","F","F","F","F","F","F","F","F","F","","tianl101","","F","F","F","T","F","","dempr001","","",0,3,0,0,0,0,0,0,0,77,"BAL","BAL","BOS",1,"F","F",2,2,0,35,2,"T","F",2,2,"T","T","harll101","dauer001","T","T",0,0,0,0,8,76,0,0,0,"","fiskc001","",0,0,0,0,0,0,0,0,0,0,0,0,0,"scotg102","F","F","F","F",0,0,2,0,0,0,0,0,0,0,F,F,"1978BAL.EVA.regular.event.csv",2524
"BAL197806300","BOS",10,1,2,0,0,"",2,2,"harll101","?","harll101","?","tianl101","?","tianl101","?","fiskc001","scotg102","remyj001","dufff101","burlr001","ricej001","lynnf001","evand002","","lopec101","","43","F","F",8,1,2,"T","T",0,"F","F",1,"F","F",0,"F","F",4,"G","F","F","",0,0,"N",0,"N",0,"N",0,0,2,0,"43","","","","F","F","F","F","F","F","F","F","F","","tianl101","","F","F","F","F","F","","","","",0,3,0,0,4,0,0,0,0,78,"BAL","BAL","BOS",1,"F","T",2,2,0,36,3,"T","F",2,2,"T","T","dauer001","kellp101","T","T",0,0,0,0,8,76,0,0,0,"","fiskc001","",0,0,0,0,0,0,0,0,0,0,0,0,0,"remyj001","F","F","F","F",0,0,2,0,0,0,0,0,0,0,F,F,"1978BAL.EVA.regular.event.csv",2525
"BAL197806300","BOS",11,0,0,0,0,"",2,2,"fiskc001","?","fiskc001","?","stand101","?","stand101","?","skagd101","murre001","dauer001","decid001","belam101","moraa101","harll101","kellp101","","","","53","T","F",2,4,2,"T","T",0,"F","F",1,"F","F",0,"F","F",5,"G","F","F","",0,0,"N",0,"N",0,"N",0,0,0,0,"53","","","","F","F","F","F","F","F","F","F","F","","","","F","F","F","F","F","","","","",0,3,0,0,5,0,0,0,0,79,"BAL","BOS","BAL",0,"T","F",2,2,0,39,0,"T","F",0,0,"T","T","lynnf001","scotg102","F","F",0,0,0,0,0,0,0,0,0,"","","",0,0,0,0,0,0,0,0,0,0,0,0,0,"decid001","F","F","F","F",0,0,0,0,0,0,0,0,0,0,F,F,"1978BAL.EVA.regular.event.csv",2526
"BAL197806300","BOS",11,0,1,0,0,"",2,2,"lynnf001","?","lynnf001","?","stand101","?","stand101","?","skagd101","murre001","dauer001","decid001","belam101","moraa101","harll101","kellp101","","","","7","F","F",8,5,2,"T","T",0,"F","F",1,"F","F",0,"F","F",7,"F","F","F","",0,0,"N",0,"N",0,"N",0,0,0,0,"7","","","","F","F","F","F","F","F","F","F","F","","","","F","F","F","F","F","","","","",0,7,0,0,0,0,0,0,0,80,"BAL","BOS","BAL",0,"F","F",2,2,0,40,1,"T","F",0,0,"T","T","scotg102","evand002","F","F",0,0,0,0,0,0,0,0,0,"","","",0,0,0,0,0,0,0,0,0,0,0,0,0,"moraa101","F","F","F","F",0,0,0,0,0,0,0,0,0,0,F,F,"1978BAL.EVA.regular.event.csv",2527
"BAL197806300","BOS",11,0,2,0,0,"",2,2,"scotg102","?","scotg102","?","stand101","?","stand101","?","skagd101","murre001","dauer001","decid001","belam101","moraa101","harll101","kellp101","","","","W","F","F",3,6,14,"T","F",0,"F","F",0,"F","F",0,"F","F",0,"","F","F","",0,0,"N",0,"N",0,"N",1,0,0,0,"","","","","F","F","F","F","F","F","F","F","F","","","","F","F","F","F","F","","","","",0,0,0,0,0,0,0,0,0,81,"BAL","BOS","BAL",0,"F","F",2,2,0,41,2,"T","F",0,1,"T","T","evand002","bailb103","F","F",0,0,0,0,0,0,0,0,0,"","","",0,0,0,0,0,0,0,0,0,0,0,0,0,"","F","F","F","F",0,0,0,0,0,0,0,0,0,0,F,F,"1978BAL.EVA.regular.event.csv",2528
"BAL197806300","BOS",11,0,2,0,0,"",2,2,"evand002","?","evand002","?","stand101","?","stand101","?","skagd101","murre001","dauer001","decid001","belam101","moraa101","harll101","kellp101","scotg102","","","3/FL","F","F",9,7,2,"T","T",0,"F","F",1,"F","F",0,"F","F",3,"F","F","T","",0,0,"N",0,"N",0,"N",0,1,0,0,"3","","","","F","F","F","F","F","F","F","F","F","stand101","","","F","F","F","F","F","","","","",0,3,0,0,0,0,0,0,0,82,"BAL","BOS","BAL",0,"F","T",2,2,0,42,3,"T","F",1,1,"T","T","bailb103","dufff101","F","F",3,6,81,0,0,0,0,0,0,"skagd101","","",0,0,0,0,0,0,0,0,0,0,0,0,0,"murre001","F","F","F","F",0,0,0,0,0,0,0,0,0,0,F,F,"1978BAL.EVA.regular.event.csv",2529
"BAL197806300","BOS",11,1,0,0,0,"",2,2,"dauer001","?","dauer001","?","tianl101","?","tianl101","?","fiskc001","scotg102","remyj001","dufff101","burlr001","ricej001","lynnf001","evand002","","","","D8","T","F",4,2,21,"T","T",2,"F","F",0,"F","F",0,"F","F",8,"","F","F","",0,0,"N",0,"N",0,"N",2,0,0,0,"","","","","F","F","F","F","F","F","F","F","F","","","","F","F","F","F","F","","","","",0,0,0,0,0,0,0,0,0,83,"BAL","BAL","BOS",1,"T","F",2,2,0,37,0,"T","F",0,2,"T","T","kellp101","murre001","T","T",0,0,0,0,0,0,0,0,0,"","","",0,0,0,0,0,0,0,0,0,0,0,0,0,"lynnf001","F","F","F","F",4,0,0,0,1,0,0,0,0,0,F,F,"1978BAL.EVA.regular.event.csv",2530
"BAL197806300","BOS",11,1,0,0,0,"",2,2,"kellp101","?","kellp101","?","tianl101","?","tianl101","?","fiskc001","scotg102","remyj001","dufff101","burlr001","ricej001","lynnf001","evand002","","dauer001","","S9.2-H","F","F",9,3,20,"T","T",1,"F","F",0,"F","F",1,"F","F",9,"","F","F","",0,0,"N",0,"N",0,"N",1,0,4,0,"","","","","F","F","F","F","F","F","F","F","F","","tianl101","","F","T","F","F","F","","","","",0,0,0,0,0,0,0,0,0,84,"BAL","BAL","BOS",1,"F","T",2,2,0,38,1,"T","F",2,1,"T","T","murre001","crowt101","T","T",0,0,0,4,2,83,0,0,0,"","fiskc001","",0,0,0,0,0,0,0,0,0,0,0,0,1,"evand002","F","F","F","F",1,0,4,0,0,0,0,0,0,0,F,F,"1978BAL.EVA.regular.event.csv",2531
"BAL197807010","BOS",1,0,0,0,0,"",0,0,"burlr001","?","burlr001","?","palmj001","?","palmj001","?","dempr001","murre001","dauer001","decid001","belam101","moraa101","harll101","kellp101","","","","W","T","F",6,1,14,"T","F",0,"F","F",0,"F","F",0,"F","F",0,"","F","F","",0,0,"N",0,"N",0,"N",1,0,0,0,"","","","","F","F","F","F","F","F","F","F","F","","","","T","F","F","F","F","","","","",0,0,0,0,0,0,0,0,0,1,"BAL","BOS","BAL",0,"T","F",0,0,0,0,0,"T","F",0,1,"T","T","remyj001","ricej001","T","T",0,0,0,0,0,0,0,0,0,"","","",0,0,0,0,0,0,0,0,0,0,0,0,0,"","F","F","F","F",0,0,0,0,0,0,0,0,0,0,F,F,"1978BAL.EVA.regular.event.csv",2532
"BAL197807010","BOS",1,0,0,0,0,"",0,0,"remyj001","?","remyj001","?","palmj001","?","palmj001","?","dempr001","murre001","dauer001","decid001","belam101","moraa101","harll101","kellp101","burlr001","","","7","F","F",4,2,2,"T","T",0,"F","F",1,"F","F",0,"F","F",7,"F","F","F","",0,0,"N",0,"N",0,"N",0,1,0,0,"7","","","","F","F","F","F","F","F","F","F","F","palmj001","","","F","F","F","F","F","","","","",0,7,0,0,0,0,0,0,0,2,"BAL","BOS","BAL",0,"F","F",0,0,0,1,1,"T","F",1,1,"T","T","ricej001","yastc101","T","T",6,1,1,0,0,0,0,0,0,"dempr001","","",0,0,0,0,0,0,0,0,0,0,0,0,0,"moraa101","F","F","F","F",0,0,0,0,0,0,0,0,0,0,F,F,"1978BAL.EVA.regular.event.csv",2533
"BAL197807010","BOS",1,0,1,0,0,"",0,0,"ricej001","?","ricej001","?","palmj001","?","palmj001","?","dempr001","murre001","dauer001","decid001","belam101","moraa101","harll101","kellp101","burlr001","","","K","F","F",10,3,3,"T","T",0,"F","F",1,"F","F",0,"F","F",0,"","F","F","",0,0,"N",0,"N",0,"N",0,1,0,0,"2","","","","F","F","F","F","F","F","F","F","F","palmj001","","","F","F","F","F","F","","","","",0,2,0,0,0,0,0,0,0,3,"BAL","BOS","BAL",0,"F","F",0,0,0,2,2,"T","F",1,1,"T","T","yastc101","fiskc001","T","T",6,1,1,0,0,0,0,0,0,"dempr001","","",0,0,0,0,0,0,0,0,0,0,0,0,0,"","F","F","F","F",0,0,0,0,0,0,0,0,0,0,F,F,"1978BAL.EVA.regular.event.csv",2534
"BAL197807010","BOS",1,0,2,0,0,"",0,0,"yastc101","?","yastc101","?","palmj001","?","palmj001","?","dempr001","murre001","dauer001","decid001","belam101","moraa101","harll101","kellp101","burlr001","","","W.1-2","F","F",7,4,14,"T","F",0,"F","F",0,"F","F",0,"F","F",0,"","F","F","",0,0,"N",0,"N",0,"N",1,2,0,0,"","","","","F","F","F","F","F","F","F","F","F","palmj001","","","F","F","F","F","F","","","","",0,0,0,0,0,0,0,0,0,4,"BAL","BOS","BAL",0,"F","F",0,0,0,3,3,"T","F",1,3,"T","T","fiskc001","lynnf001","T","T",6,1,1,0,0,0,0,0,0,"dempr001","","",0,0,0,0,0,0,0,0,0,0,0,0,0,"","F","F","F","F",0,0,0,0,0,0,0,0,0,0,F,F,"1978BAL.EVA.regular.event.csv",2535
"BAL197807010","BOS",1,0,2,0,0,"",0,0,"fiskc001","?","fiskc001","?","palmj001","?","palmj001","?","dempr001","murre001","dauer001","decid001","belam101","moraa101","harll101","kellp101","yastc101","burlr001","","3","F","F",2,5,2,"T","T",0,"F","F",1,"F","F",0,"F","F",3,"F","F","F","",0,0,"N",0,"N",0,"N",0,1,2,0,"3","","","","F","F","F","F","F","F","F","F","F","palmj001","palmj001","","F","F","F","F","F","","","","",0,3,0,0,0,0,0,0,0,5,"BAL","BOS","BAL",0,"F","T",0,0,0,4,4,"T","F",3,3,"T","T","lynnf001","scotg102","T","T",7,4,4,6,1,1,0,0,0,"dempr001","dempr001","",0,0,0,0,0,0,0,0,0,0,0,0,0,"murre001","F","F","F","F",0,0,0,0,0,0,0,0,0,0,F,F,"1978BAL.EVA.regular.event.csv",2536
"BAL197807010","BOS",1,1,0,0,0,"",0,0,"harll101","?","harll101","?","torrm001","?","torrm001","?","fiskc001","scotg102","remyj001","brohj101","burlr001","yastc101","lynnf001","evand002","","","","K","T","F",8,1,3,"T","T",0,"F","F",1,"F","F",0,"F","F",0,"","F","F","",0,0,"N",0,"N",0,"N",0,0,0,0,"2","","","","F","F","F","F","F","F","F","F","F","","","","F","F","F","F","F","","","","",0,2,0,0,0,0,0,0,0,6,"BAL","BAL","BOS",1,"T","F",0,0,0,0,0,"T","F",0,0,"T","T","dauer001","singk001","T","T",0,0,0,0,0,0,0,0,0,"","","",0,0,0,0,0,0,0,0,0,0,0,0,0,"","F","F","F","F",0,0,0,0,0,0,0,0,0,0,F,F,"1978BAL.EVA.regular.event.csv",2537
"BAL197807010","BOS",1,1,1,0,0,"",0,0,"dauer001","?","dauer001","?","torrm001","?","torrm001","?","fiskc001","scotg102","remyj001","brohj101","burlr001","yastc101","lynnf001","evand002","","","","63","F","F",4,2,2,"T","T",0,"F","F",1,"F","F",0,"F","F",6,"G","F","F","",0,0,"N",0,"N",0,"N",0,0,0,0,"63","","","","F","F","F","F","F","F","F","F","F","","","","F","F","F","F","F","","","","",0,3,0,0,6,0,0,0,0,7,"BAL","BAL","BOS",1,"F","F",0,0,0,1,1,"T","F",0,0,"T","T","singk001","murre001","T","T",0,0,0,0,0,0,0,0,0,"","","",0,0,0,0,0,0,0,0,0,0,0,0,0,"burlr001","F","F","F","F",0,0,0,0,0,0,0,0,0,0,F,F,"1978BAL.EVA.regular.event.csv",2538
"BAL197807010","BOS",1,1,2,0,0,"",0,0,"singk001","?","singk001","?","torrm001","?","torrm001","?","fiskc001","scotg102","remyj001","brohj101","burlr001","yastc101","lynnf001","evand002","","","","43","F","F",10,3,2,"T","T",0,"F","F",1,"F","F",0,"F","F",4,"G","F","F","",0,0,"N",0,"N",0,"N",0,0,0,0,"43","","","","F","F","F","F","F","F","F","F","F","","","","F","F","F","F","F","","","","",0,3,0,0,4,0,0,0,0,8,"BAL","BAL","BOS",1,"F","T",0,0,0,2,2,"T","F",0,0,"T","T","murre001","moraa101","T","T",0,0,0,0,0,0,0,0,0,"","","",0,0,0,0,0,0,0,0,0,0,0,0,0,"remyj001","F","F","F","F",0,0,0,0,0,0,0,0,0,0,F,F,"1978BAL.EVA.regular.event.csv",2539
"BAL197807010","BOS",2,0,0,0,0,"",0,0,"lynnf001","?","lynnf001","?","palmj001","?","palmj001","?","dempr001","murre001","dauer001","decid001","belam101","moraa101","harll101","kellp101","","","","43","T","F",8,6,2,"T","T",0,"F","F",1,"F","F",0,"F","F",4,"G","F","F","",0,0,"N",0,"N",0,"N",0,0,0,0,"43","","","","F","F","F","F","F","F","F","F","F","","","","F","F","F","F","F","","","","",0,3,0,0,4,0,0,0,0,9,"BAL","BOS","BAL",0,"T","F",0,0,0,5,0,"T","F",0,0,"T","T","scotg102","evand002","T","T",0,0,0,0,0,0,0,0,0,"","","",0,0,0,0,0,0,0,0,0,0,0,0,0,"dauer001","F","F","F","F",0,0,0,0,0,0,0,0,0,0,F,F,"1978BAL.EVA.regular.event.csv",2540
"BAL197807010","BOS",2,0,1,0,0,"",0,0,"scotg102","?","scotg102","?","palmj001","?","palmj001","?","dempr001","murre001","dauer001","decid001","belam101","moraa101","harll101","kellp101","","","","8","F","F",3,7,2,"T","T",0,"F","F",1,"F","F",0,"F","F",8,"F","F","F","",0,0,"N",0,"N",0,"N",0,0,0,0,"8","","","","F","F","F","F","F","F","F","F","F","","","","F","F","F","F","F","","","","",0,8,0,0,0,0,0,0,0,10,"BAL","BOS","BAL",0,"F","F",0,0,0,6,1,"T","F",0,0,"T","T","evand002","brohj101","T","T",0,0,0,0,0,0,0,0,0,"","","",0,0,0,0,0,0,0,0,0,0,0,0,0,"harll101","F","F","F","F",0,0,0,0,0,0,0,0,0,0,F,F,"1978BAL.EVA.regular.event.csv",2541
"BAL197807010","BOS",2,0,2,0,0,"",0,0,"evand002","?","evand002","?","palmj001","?","palmj001","?","dempr001","murre001","dauer001","decid001","belam101","moraa101","harll101","kellp101","","","","3","F","F",9,8,2,"T","T",0,"F","F",1,"F","F",0,"F","F",3,"F","F","F","",0,0,"N",0,"N",0,"N",0,0,0,0,"3","","","","F","F","F","F","F","F","F","F","F","","","","F","F","F","F","F","","","","",0,3,0,0,0,0,0,0,0,11,"BAL","BOS","BAL",0,"F","T",0,0,0,7,2,"T","F",0,0,"T","T","brohj101","burlr001","T","T",0,0,0,0,0,0,0,0,0,"","","",0,0,0,0,0,0,0,0,0,0,0,0,0,"murre001","F","F","F","F",0,0,0,0,0,0,0,0,0,0,F,F,"1978BAL.EVA.regular.event.csv",2542
"BAL197807010","BOS",2,1,0,0,0,"",0,0,"murre001","?","murre001","?","torrm001","?","torrm001","?","fiskc001","scotg102","remyj001","brohj101","burlr001","yastc101","lynnf001","evand002","","","","K","T","F",3,4,3,"T","T",0,"F","F",1,"F","F",0,"F","F",0,"","F","F","",0,0,"N",0,"N",0,"N",0,0,0,0,"2","","","","F","F","F","F","F","F","F","F","F","","","","F","F","F","F","F","","","","",0,2,0,0,0,0,0,0,0,12,"BAL","BAL","BOS",1,"T","F",0,0,0,3,0,"T","F",0,0,"T","T","moraa101","decid001","T","T",0,0,0,0,0,0,0,0,0,"","","",0,0,0,0,0,0,0,0,0,0,0,0,0,"","F","F","F","F",0,0,0,0,0,0,0,0,0,0,F,F,"1978BAL.EVA.regular.event.csv",2543
"BAL197807010","BOS",2,1,1,0,0,"",0,0,"moraa101","?","moraa101","?","torrm001","?","torrm001","?","fiskc001","scotg102","remyj001","brohj101","burlr001","yastc101","lynnf001","evand002","","","","53","F","F",7,5,2,"T","T",0,"F","F",1,"F","F",0,"F","F",5,"G","F","F","",0,0,"N",0,"N",0,"N",0,0,0,0,"53","","","","F","F","F","F","F","F","F","F","F","","","","F","F","F","F","F","","","","",0,3,0,0,5,0,0,0,0,13,"BAL","BAL","BOS",1,"F","F",0,0,0,4,1,"T","F",0,0,"T","T","decid001","kellp101","T","T",0,0,0,0,0,0,0,0,0,"","","",0,0,0,0,0,0,0,0,0,0,0,0,0,"brohj101","F","F","F","F",0,0,0,0,0,0,0,0,0,0,F,F,"1978BAL.EVA.regular.event.csv",2544
"BAL197807010","BOS",2,1,2,0,0,"",0,0,"decid001","?","decid001","?","torrm001","?","torrm001","?","fiskc001","scotg102","remyj001","brohj101","burlr001","yastc101","lynnf001","evand002","","","","K","F","F",5,6,3,"T","T",0,"F","F",1,"F","F",0,"F","F",0,"","F","F","",0,0,"N",0,"N",0,"N",0,0,0,0,"2","","","","F","F","F","F","F","F","F","F","F","","","","F","F","F","F","F","","","","",0,2,0,0,0,0,0,0,0,14,"BAL","BAL","BOS",1,"F","T",0,0,0,5,2,"T","F",0,0,"T","T","kellp101","dempr001","T","T",0,0,0,0,0,0,0,0,0,"","","",0,0,0,0,0,0,0,0,0,0,0,0,0,"","F","F","F","F",0,0,0,0,0,0,0,0,0,0,F,F,"1978BAL.EVA.regular.event.csv",2545
"BAL197807010","BOS",3,0,0,0,0,"",0,0,"brohj101","?","brohj101","?","palmj001","?","palmj001","?","dempr001","murre001","dauer001","decid001","belam101","moraa101","harll101","kellp101","","","","63","T","F",5,9,2,"T","T",0,"F","F",1,"F","F",0,"F","F",6,"G","F","F","",0,0,"N",0,"N",0,"N",0,0,0,0,"63","","","","F","F","F","F","F","F","F","F","F","","","","F","F","F","F","F","","","","",0,3,0,0,6,0,0,0,0,15,"BAL","BOS","BAL",0,"T","F",0,0,0,8,0,"T","F",0,0,"T","T","burlr001","remyj001","T","T",0,0,0,0,0,0,0,0,0,"","","",0,0,0,0,0,0,0,0,0,0,0,0,0,"belam101","F","F","F","F",0,0,0,0,0,0,0,0,0,0,F,F,"1978BAL.EVA.regular.event.csv",2546
"BAL197807010","BOS",3,0,1,0,0,"",0,0,"burlr001","?","burlr001","?","palmj001","?","palmj001","?","dempr001","murre001","dauer001","decid001","belam101","moraa101","harll101","kellp101","","","","53","F","F",6,1,2,"T","T",0,"F","F",1,"F","F",0,"F","F",5,"G","F","F","",0,0,"N",0,"N",0,"N",0,0,0,0,"53","","","","F","F","F","F","F","F","F","F","F","","","","F","F","F","F","F","","","","",0,3,0,0,5,0,0,0,0,16,"BAL","BOS","BAL",0,"F","F",0,0,0,9,1,"T","F",0,0,"T","T","remyj001","ricej001","T","T",0,0,0,0,0,0,0,0,0,"","","",0,0,0,0,0,0,0,0,0,0,0,0,0,"decid001","F","F","F","F",0,0,0,0,0,0,0,0,0,0,F,F,"1978BAL.EVA.regular.event.csv",2547
"BAL197807010","BOS",3,0,2,0,0,"",0,0,"remyj001","?","remyj001","?","palmj001","?","palmj001","?","dempr001","murre001","dauer001","decid001","belam101","moraa101","harll101","kellp101","","","","43","F","F",4,2,2,"T","T",0,"F","F",1,"F","F",0,"F","F",4,"G","F","F","",0,0,"N",0,"N",0,"N",0,0,0,0,"43","","","","F","F","F","F","F","F","F","F","F","","","","F","F","F","F","F","","","","",0,3,0,0,4,0,0,0,0,17,"BAL","BOS","BAL",0,"F","T",0,0,0,10,2,"T","F",0,0,"T","T","ricej001","yastc101","T","T",0,0,0,0,0,0,0,0,0,"","","",0,0,0,0,0,0,0,0,0,0,0,0,0,"dauer001","F","F","F","F",0,0,0,0,0,0,0,0,0,0,F,F,"1978BAL.EVA.regular.event.csv",2548
"BAL197807010","BOS",3,1,0,0,0,"",0,0,"kellp101","?","kellp101","?","torrm001","?","torrm001","?","fiskc001","scotg102","remyj001","brohj101","burlr001","yastc101","lynnf001","evand002","","","","43","T","F",9,7,2,"T","T",0,"F","F",1,"F","F",0,"F","F",4,"G","F","F","",0,0,"N",0,"N",0,"N",0,0,0,0,"43","","","","F","F","F","F","F","F","F","F","F","","","","F","F","F","F","F","","","","",0,3,0,0,4,0,0,0,0,18,"BAL","BAL","BOS",1,"T","F",0,0,0,6,0,"T","F",0,0,"T","T","dempr001","belam101","T","T",0,0,0,0,0,0,0,0,0,"","","",0,0,0,0,0,0,0,0,0,0,0,0,0,"remyj001","F","F","F","F",0,0,0,0,0,0,0,0,0,0,F,F,"1978BAL.EVA.regular.event.csv",2549
"BAL197807010","BOS",3,1,1,0,0,"",0,0,"dempr001","?","dempr001","?","torrm001","?","torrm001","?","fiskc001","scotg102","remyj001","brohj101","burlr001","yastc101","lynnf001","evand002","","","","S7","F","F",2,8,20,"T","T",1,"F","F",0,"F","F",0,"F","F",7,"","F","F","",0,0,"N",0,"N",0,"N",1,0,0,0,"","","","","F","F","F","F","F","F","F","F","F","","","","F","F","F","F","F","","","","",0,0,0,0,0,0,0,0,0,19,"BAL","BAL","BOS",1,"F","F",0,0,0,7,1,"T","F",0,1,"T","T","belam101","harll101","T","T",0,0,0,0,0,0,0,0,0,"","","",0,0,0,0,0,0,0,0,0,0,0,0,0,"yastc101","F","F","F","F",0,0,0,0,0,0,0,0,0,0,F,F,"1978BAL.EVA.regular.event.csv",2550
"BAL197807010","BOS",3,1,1,0,0,"",0,0,"belam101","?","belam101","?","torrm001","?","torrm001","?","fiskc001","scotg102","remyj001","brohj101","burlr001","yastc101","lynnf001","evand002","dempr001","","","53.1-2","F","F",6,9,2,"T","T",0,"F","F",1,"F","F",0,"F","F",5,"G","F","F","",0,0,"N",0,"N",0,"N",0,2,0,0,"53","","","","F","F","F","F","F","F","F","F","F","torrm001","","","F","F","F","F","F","","","","",0,3,0,0,5,0,0,0,0,20,"BAL","BAL","BOS",1,"F","F",0,0,0,8,2,"T","F",1,2,"T","T","harll101","dauer001","T","T",2,8,19,0,0,0,0,0,0,"fiskc001","","",0,0,0,0,0,0,0,0,0,0,0,0,0,"brohj101","F","F","F","F",0,0,0,0,0,0,0,0,0,0,F,F,"1978BAL.EVA.regular.event.csv",2551
"BAL197807010","BOS",3,1,2,0,0,"",0,0,"harll101","?","harll101","?","torrm001","?","torrm001","?","fiskc001","scotg102","remyj001","brohj101","burlr001","yastc101","lynnf001","evand002","","dempr001","","9","F","F",8,1,2,"T","T",0,"F","F",1,"F","F",0,"F","F",9,"F","F","F","",0,0,"N",0,"N",0,"N",0,0,2,0,"9","","","","F","F","F","F","F","F","F","F","F","","torrm001","","F","F","F","F","F","","","","",0,9,0,0,0,0,0,0,0,21,"BAL","BAL","BOS",1,"F","T",0,0,0,9,3,"T","F",2,2,"T","T","dauer001","singk001","T","T",0,0,0,2,8,19,0,0,0,"","fiskc001","",0,0,0,0,0,0,0,0,0,0,0,0,0,"evand002","F","F","F","F",0,0,0,0,0,0,0,0,0,0,F,F,"1978BAL.EVA.regular.event.csv",2552
"BAL197807010","BOS",4,0,0,0,0,"",0,0,"ricej001","?","ricej001","?","palmj001","?","palmj001","?","dempr001","murre001","dauer001","decid001","belam101","moraa101","harll101","kellp101","","","","63","T","F",10,3,2,"T","T",0,"F","F",1,"F","F",0,"F","F",6,"G","F","F","",0,0,"N",0,"N",0,"N",0,0,0,0,"63","","","","F","F","F","F","F","F","F","F","F","","","","F","F","F","F","F","","","","",0,3,0,0,6,0,0,0,0,22,"BAL","BOS","BAL",0,"T","F",0,0,0,11,0,"T","F",0,0,"T","T","yastc101","fiskc001","T","T",0,0,0,0,0,0,0,0,0,"","","",0,0,0,0,0,0,0,0,0,0,0,0,0,"belam101","F","F","F","F",0,0,0,0,0,0,0,0,0,0,F,F,"1978BAL.EVA.regular.event.csv",2553
"BAL197807010","BOS",4,0,1,0,0,"",0,0,"yastc101","?","yastc101","?","palmj001","?","palmj001","?","dempr001","murre001","dauer001","decid001","belam101","moraa101","harll101","kellp101","","","","K","F","F",7,4,3,"T","T",0,"F","F",1,"F","F",0,"F","F",0,"","F","F","",0,0,"N",0,"N",0,"N",0,0,0,0,"2","","","","F","F","F","F","F","F","F","F","F","","","","F","F","F","F","F","","","","",0,2,0,0,0,0,0,0,0,23,"BAL","BOS","BAL",0,"F","F",0,0,0,12,1,"T","F",0,0,"T","T","fiskc001","lynnf001","T","T",0,0,0,0,0,0,0,0,0,"","","",0,0,0,0,0,0,0,0,0,0,0,0,0,"","F","F","F","F",0,0,0,0,0,0,0,0,0,0,F,F,"1978BAL.EVA.regular.event.csv",2554
"BAL197807010","BOS",4,0,2,0,0,"",0,0,"fiskc001","?","fiskc001","?","palmj001","?","palmj001","?","dempr001","murre001","dauer001","decid001","belam101","moraa101","harll101","kellp101","","","","S7","F","F",2,5,20,"T","T",1,"F","F",0,"F","F",0,"F","F",7,"","F","F","",0,0,"N",0,"N",0,"N",1,0,0,0,"","","","","F","F","F","F","F","F","F","F","F","","","","F","F","F","F","F","","","","",0,0,0,0,0,0,0,0,0,24,"BAL","BOS","BAL",0,"F","F",0,0,0,13,2,"T","F",0,1,"T","T","lynnf001","scotg102","T","T",0,0,0,0,0,0,0,0,0,"","","",0,0,0,0,0,0,0,0,0,0,0,0,0,"moraa101","F","F","F","F",0,0,0,0,0,0,0,0,0,0,F,F,"1978BAL.EVA.regular.event.csv",2555
"BAL197807010","BOS",4,0,2,0,0,"",0,0,"lynnf001","?","lynnf001","?","palmj001","?","palmj001","?","dempr001","murre001","dauer001","decid001","belam101","moraa101","harll101","kellp101","fiskc001","","","7/L","F","F",8,6,2,"T","T",0,"F","F",1,"F","F",0,"F","F",7,"L","F","F","",0,0,"N",0,"N",0,"N",0,1,0,0,"7","","","","F","F","F","F","F","F","F","F","F","palmj001","","","F","F","F","F","F","","","","",0,7,0,0,0,0,0,0,0,25,"BAL","BOS","BAL",0,"F","T",0,0,0,14,3,"T","F",1,1,"T","T","scotg102","evand002","T","T",2,5,24,0,0,0,0,0,0,"dempr001","","",0,0,0,0,0,0,0,0,0,0,0,0,0,"moraa101","F","F","F","F",0,0,0,0,0,0,0,0,0,0,F,F,"1978BAL.EVA.regular.event.csv",2556
"BAL197807010","BOS",4,1,0,0,0,"",0,0,"dauer001","?","dauer001","?","torrm001","?","torrm001","?","fiskc001","scotg102","remyj001","brohj101","burlr001","yastc101","lynnf001","evand002","","","","53","T","F",4,2,2,"T","T",0,"F","F",1,"F","F",0,"F","F",5,"G","F","F","",0,0,"N",0,"N",0,"N",0,0,0,0,"53","","","","F","F","F","F","F","F","F","F","F","","","","F","F","F","F","F","","","","",0,3,0,0,5,0,0,0,0,26,"BAL","BAL","BOS",1,"T","F",0,0,0,10,0,"T","F",0,0,"T","T","singk001","murre001","T","T",0,0,0,0,0,0,0,0,0,"","","",0,0,0,0,0,0,0,0,0,0,0,0,0,"brohj101","F","F","F","F",0,0,0,0,0,0,0,0,0,0,F,F,"1978BAL.EVA.regular.event.csv",2557
"BAL197807010","BOS",4,1,1,0,0,"",0,0,"singk001","?","singk001","?","torrm001","?","torrm001","?","fiskc001","scotg102","remyj001","brohj101","burlr001","yastc101","lynnf001","evand002","","","","63","F","F",10,3,2,"T","T",0,"F","F",1,"F","F",0,"F","F",6,"G","F","F","",0,0,"N",0,"N",0,"N",0,0,0,0,"63","","","","F","F","F","F","F","F","F","F","F","","","","F","F","F","F","F","","","","",0,3,0,0,6,0,0,0,0,27,"BAL","BAL","BOS",1,"F","F",0,0,0,11,1,"T","F",0,0,"T","T","murre001","moraa101","T","T",0,0,0,0,0,0,0,0,0,"","","",0,0,0,0,0,0,0,0,0,0,0,0,0,"burlr001","F","F","F","F",0,0,0,0,0,0,0,0,0,0,F,F,"1978BAL.EVA.regular.event.csv",2558
"BAL197807010","BOS",4,1,2,0,0,"",0,0,"murre001","?","murre001","?","torrm001","?","torrm001","?","fiskc001","scotg102","remyj001","brohj101","burlr001","yastc101","lynnf001","evand002","","","","4","F","F",3,4,2,"T","T",0,"F","F",1,"F","F",0,"F","F",4,"F","F","F","",0,0,"N",0,"N",0,"N",0,0,0,0,"4","","","","F","F","F","F","F","F","F","F","F","","","","F","F","F","F","F","","","","",0,4,0,0,0,0,0,0,0,28,"BAL","BAL","BOS",1,"F","T",0,0,0,12,2,"T","F",0,0,"T","T","moraa101","decid001","T","T",0,0,0,0,0,0,0,0,0,"","","",0,0,0,0,0,0,0,0,0,0,0,0,0,"remyj001","F","F","F","F",0,0,0,0,0,0,0,0,0,0,F,F,"1978BAL.EVA.regular.event.csv",2559
"BAL197807010","BOS",5,0,0,0,0,"",0,0,"scotg102","?","scotg102","?","palmj001","?","palmj001","?","dempr001","murre001","dauer001","decid001","belam101","moraa101","harll101","kellp101","","","","K","T","F",3,7,3,"T","T",0,"F","F",1,"F","F",0,"F","F",0,"","F","F","",0,0,"N",0,"N",0,"N",0,0,0,0,"2","","","","F","F","F","F","F","F","F","F","F","","","","F","F","F","F","F","","","","",0,2,0,0,0,0,0,0,0,29,"BAL","BOS","BAL",0,"T","F",0,0,0,15,0,"T","F",0,0,"T","T","evand002","brohj101","T","T",0,0,0,0,0,0,0,0,0,"","","",0,0,0,0,0,0,0,0,0,0,0,0,0,"","F","F","F","F",0,0,0,0,1,0,0,0,0,0,F,F,"1978BAL.EVA.regular.event.csv",2560
"BAL197807010","BOS",5,0,1,0,0,"",0,0,"evand002","?","evand002","?","palmj001","?","palmj001","?","dempr001","murre001","dauer001","decid001","belam101","moraa101","harll101","kellp101","","","","S2","F","F",9,8,20,"T","T",1,"F","F",0,"F","F",0,"F","F",2,"","F","F","",0,0,"N",0,"N",0,"N",1,0,0,0,"","","","","F","F","F","F","F","F","F","F","F","","","","F","F","F","F","F","","","","",0,0,0,0,0,0,0,0,0,30,"BAL","BOS","BAL",0,"F","F",0,0,0,16,1,"T","F",0,1,"T","T","brohj101","burlr001","T","T",0,0,0,0,0,0,0,0,0,"","","",0,0,0,0,0,0,0,0,0,0,0,0,0,"dempr001","F","F","F","F",4,0,0,0,1,0,0,0,0,0,F,F,"1978BAL.EVA.regular.event.csv",2561
"BAL197807010","BOS",5,0,1,0,0,"",0,0,"brohj101","?","brohj101","?","palmj001","?","palmj001","?","dempr001","murre001","dauer001","decid001","belam101","moraa101","harll101","kellp101","evand002","","","S7.1-3","F","F",5,9,20,"T","T",1,"F","F",0,"F","F",0,"F","F",7,"","F","F","",0,0,"N",0,"N",0,"N",1,3,0,0,"","","","","F","F","F","F","F","F","F","F","F","palmj001","","","F","F","F","F","F","","","","",0,0,0,0,0,0,0,0,0,31,"BAL","BOS","BAL",0,"F","F",0,0,0,17,2,"T","F",1,5,"T","T","burlr001","remyj001","T","T",9,8,30,0,0,0,0,0,0,"dempr001","","",0,0,0,0,0,0,0,0,0,0,0,0,0,"moraa101","F","F","F","F",0,4,0,0,1,0,0,0,0,0,F,F,"1978BAL.EVA.regular.event.csv",2562
"BAL197807010","BOS",5,0,1,0,0,"",0,0,"burlr001","?","burlr001","?","palmj001","?","palmj001","?","dempr001","murre001","dauer001","decid001","belam101","moraa101","harll101","kellp101","brohj101","","evand002","54(1)/FO/G6.3-H","F","F",6,1,2,"T","T",0,"F","F",1,"F","F",1,"F","F",5,"G","F","F","6",0,0,"N",0,"N",0,"N",1,0,0,4,"","54","","","F","F","F","F","F","F","F","F","F","palmj001","","palmj001","F","F","F","F","F","","","","",0,4,0,0,5,0,0,0,0,32,"BAL","BOS","BAL",0,"F","F",0,0,0,18,3,"T","F",5,1,"T","T","remyj001","ricej001","T","T",5,9,31,0,0,0,9,8,30,"dempr001","","dempr001",0,0,0,0,0,0,0,0,0,0,0,0,1,"decid001","T","F","F","F",0,0,0,4,0,0,0,0,0,0,F,F,"1978BAL.EVA.regular.event.csv",2563
"BAL197807010","BOS",5,0,2,0,0,"",1,0,"remyj001","?","remyj001","?","palmj001","?","palmj001","?","dempr001","murre001","dauer001","decid001","belam101","moraa101","harll101","kellp101","burlr001","","","S9.1-2","F","F",4,2,20,"T","T",1,"F","F",0,"F","F",0,"F","F",9,"","F","F","",0,0,"N",0,"N",0,"N",1,2,0,0,"","","","","F","F","F","F","F","F","F","F","F","palmj001","","","F","F","F","F","F","","","","",0,0,0,0,0,0,0,0,0,33,"BAL","BOS","BAL",0,"F","F",1,0,1,19,4,"T","F",1,3,"T","T","ricej001","yastc101","T","T",6,1,32,0,0,0,0,0,0,"dempr001","","",0,0,0,0,0,0,0,0,0,0,0,0,0,"kellp101","F","F","F","F",0,0,0,0,0,0,0,0,0,0,F,F,"1978BAL.EVA.regular.event.csv",2564
"BAL197807010","BOS",5,0,2,0,0,"",1,0,"ricej001","?","ricej001","?","palmj001","?","palmj001","?","dempr001","murre001","dauer001","decid001","belam101","moraa101","harll101","kellp101","remyj001","burlr001","","8","F","F",10,3,2,"T","T",0,"F","F",1,"F","F",0,"F","F",8,"F","F","F","",0,0,"N",0,"N",0,"N",0,1,2,0,"8","","","","F","F","F","F","F","F","F","F","F","palmj001","palmj001","","F","F","F","F","F","","","","",0,8,0,0,0,0,0,0,0,34,"BAL","BOS","BAL",0,"F","T",1,0,1,20,5,"T","F",3,3,"T","T","yastc101","fiskc001","T","T",4,2,33,6,1,32,0,0,0,"dempr001","dempr001","",0,0,0,0,0,0,0,0,0,0,0,0,0,"harll101","F","F","F","F",0,0,0,0,0,0,0,0,0,0,F,F,"1978BAL.EVA.regular.event.csv",2565
"BAL197807010","BOS",5,1,0,0,0,"",1,0,"moraa101","?","moraa101","?","torrm001","?","torrm001","?","fiskc001","scotg102","remyj001","brohj101","burlr001","yastc101","lynnf001","evand002","","","","S7","T","F",7,5,20,"T","T",1,"F","F",0,"F","F",0,"F","F",7,"","F","F","",0,0,"N",0,"N",0,"N",1,0,0,0,"","","","","F","F","F","F","F","F","F","F","F","","","","F","F","F","F","F","","","","",0,0,0,0,0,0,0,0,0,35,"BAL","BAL","BOS",1,"T","F",0,1,0,13,0,"T","F",0,1,"T","T","decid001","kellp101","T","T",0,0,0,0,0,0,0,0,0,"","","",0,0,0,0,0,0,0,0,0,0,0,0,0,"yastc101","F","F","F","F",4,0,0,0,2,0,0,0,0,0,F,F,"1978BAL.EVA.regular.event.csv",2566
"BAL197807010","BOS",5,1,0,0,0,"",1,0,"decid001","?","decid001","?","torrm001","?","torrm001","?","fiskc001","scotg102","remyj001","brohj101","burlr001","yastc101","lynnf001","evand002","moraa101","","","HR/F7D.1-H","F","F",5,6,23,"T","T",4,"F","F",0,"F","F",2,"F","F",0,"F","F","F","7D",0,0,"N",0,"N",0,"N",4,4,0,0,"","","","","F","F","F","F","F","F","F","F","F","torrm001","","","F","F","F","F","F","","","","",0,0,0,0,0,0,0,0,0,36,"BAL","BAL","BOS",1,"F","F",0,1,0,14,1,"T","F",1,0,"T","T","kellp101","dempr001","T","T",7,5,35,0,0,0,0,0,0,"fiskc001","","",0,0,0,0,0,0,0,0,0,0,0,0,2,"","F","F","F","F",4,4,0,0,0,0,0,0,0,0,F,F,"1978BAL.EVA.regular.event.csv",2567
"BAL197807010","BOS",5,1,0,0,0,"",1,2,"kellp101","?","kellp101","?","torrm001","?","torrm001","?","fiskc001","scotg102","remyj001","brohj101","burlr001","yastc101","lynnf001","evand002","","","","HP","F","F",9,7,16,"T","F",0,"F","F",0,"F","F",0,"F","F",0,"","F","F","",0,0,"N",0,"N",0,"N",1,0,0,0,"","","","","F","F","F","F","F","F","F","F","F","","","","F","F","F","F","F","","","","",0,0,0,0,0,0,0,0,0,37,"BAL","BAL","BOS",1,"F","F",2,1,2,15,2,"T","F",0,1,"T","T","dempr001","belam101","T","T",0,0,0,0,0,0,0,0,0,"","","",0,0,0,0,0,0,0,0,0,0,0,0,0,"","F","F","F","F",0,0,0,0,0,0,0,0,0,0,F,F,"1978BAL.EVA.regular.event.csv",2568
"BAL197807010","BOS",5,1,0,0,0,"",1,2,"dempr001","?","dempr001","?","torrm001","?","torrm001","?","fiskc001","scotg102","remyj001","brohj101","burlr001","yastc101","lynnf001","evand002","kellp101","","","4","F","F",2,8,2,"T","T",0,"F","F",1,"F","F",0,"F","F",4,"F","F","F","",0,0,"N",0,"N",0,"N",0,1,0,0,"4","","","","F","F","F","F","F","F","F","F","F","torrm001","","","F","F","F","F","F","","","","",0,4,0,0,0,0,0,0,0,38,"BAL","BAL","BOS",1,"F","F",2,1,2,16,3,"T","F",1,1,"T","T","belam101","harll101","T","T",9,7,37,0,0,0,0,0,0,"fiskc001","","",0,0,0,0,0,0,0,0,0,0,0,0,0,"remyj001","F","F","F","F",0,0,0,0,0,0,0,0,0,0,F,F,"1978BAL.EVA.regular.event.csv",2569
"BAL197807010","BOS",5,1,1,0,0,"",1,2,"belam101","?","belam101","?","torrm001","?","torrm001","?","fiskc001","scotg102","remyj001","brohj101","burlr001","yastc101","lynnf001","evand002","kellp101","","","CS2(26)","F","F",6,9,6,"F","F",0,"F","F",1,"F","F",0,"F","F",0,"","F","F","",0,0,"N",0,"N",0,"N",0,0,0,0,"","26","","","F","F","F","T","F","F","F","F","F","torrm001","","","F","F","F","F","F","","","","",0,6,0,0,2,0,0,0,0,39,"BAL","BAL","BOS",1,"F","F",2,1,2,17,4,"T","F",1,0,"T","T","harll101","dauer001","T","T",9,7,37,0,0,0,0,0,0,"fiskc001","","",0,0,0,0,0,0,0,0,0,0,0,0,0,"","F","F","F","F",0,0,0,0,0,0,0,0,0,0,F,F,"1978BAL.EVA.regular.event.csv",2570
"BAL197807010","BOS",5,1,2,0,0,"",1,2,"belam101","?","belam101","?","torrm001","?","torrm001","?","fiskc001","scotg102","remyj001","brohj101","burlr001","yastc101","lynnf001","evand002","","","","63","F","F",6,9,2,"T","T",0,"F","F",1,"F","F",0,"F","F",6,"G","F","F","",0,0,"N",0,"N",0,"N",0,0,0,0,"63","","","","F","F","F","F","F","F","F","F","F","","","","F","F","F","F","F","","","","",0,3,0,0,6,0,0,0,0,40,"BAL","BAL","BOS",1,"F","T",2,1,2,17,4,"F","F",0,0,"T","T","harll101","dauer001","T","T",0,0,0,0,0,0,0,0,0,"","","",0,0,0,0,0,0,0,0,0,0,0,0,0,"burlr001","F","F","F","F",0,0,0,0,0,0,0,0,0,0,F,F,"1978BAL.EVA.regular.event.csv",2571
"BAL197807010","BOS",6,0,0,0,0,"",1,2,"yastc101","?","yastc101","?","palmj001","?","palmj001","?","dempr001","murre001","dauer001","decid001","belam101","moraa101","harll101","kellp101","","","","S9","T","F",7,4,20,"T","T",1,"F","F",0,"F","F",0,"F","F",9,"","F","F","",0,0,"N",0,"N",0,"N",1,0,0,0,"","","","","F","F","F","F","F","F","F","F","F","","","","F","F","F","F","F","","","","",0,0,0,0,0,0,0,0,0,41,"BAL","BOS","BAL",0,"T","F",1,2,0,21,0,"T","F",0,1,"T","T","fiskc001","lynnf001","T","T",0,0,0,0,0,0,0,0,0,"","","",0,0,0,0,0,0,0,0,0,0,0,0,0,"kellp101","F","F","F","F",0,0,0,0,0,0,0,0,0,0,F,F,"1978BAL.EVA.regular.event.csv",2572
"BAL197807010","BOS",6,0,0,0,0,"",1,2,"fiskc001","?","fiskc001","?","palmj001","?","palmj001","?","dempr001","murre001","dauer001","decid001","belam101","moraa101","harll101","kellp101","yastc101","","","9","F","F",2,5,2,"T","T",0,"F","F",1,"F","F",0,"F","F",9,"F","F","F","",0,0,"N",0,"N",0,"N",0,1,0,0,"9","","","","F","F","F","F","F","F","F","F","F","palmj001","","","F","F","F","F","F","","","","",0,9,0,0,0,0,0,0,0,42,"BAL","BOS","BAL",0,"F","F",1,2,0,22,1,"T","F",1,1,"T","T","lynnf001","scotg102","T","T",7,4,41,0,0,0,0,0,0,"dempr001","","",0,0,0,0,0,0,0,0,0,0,0,0,0,"kellp101","F","F","F","F",0,0,0,0,0,0,0,0,0,0,F,F,"1978BAL.EVA.regular.event.csv",2573
"BAL197807010","BOS",6,0,1,0,0,"",1,2,"lynnf001","?","lynnf001","?","palmj001","?","palmj001","?","dempr001","murre001","dauer001","decid001","belam101","moraa101","harll101","kellp101","yastc101","","","7/7D","F","F",8,6,2,"T","T",0,"F","F",1,"F","F",0,"F","F",7,"F","F","F","7D",0,0,"N",0,"N",0,"N",0,1,0,0,"7","","","","F","F","F","F","F","F","F","F","F","palmj001","","","F","F","F","F","F","","","","",0,7,0,0,0,0,0,0,0,43,"BAL","BOS","BAL",0,"F","F",1,2,0,23,2,"T","F",1,1,"T","T","scotg102","evand002","T","T",7,4,41,0,0,0,0,0,0,"dempr001","","",0,0,0,0,0,0,0,0,0,0,0,0,0,"moraa101","F","F","F","F",0,0,0,0,0,0,0,0,0,0,F,F,"1978BAL.EVA.regular.event.csv",2574
"BAL197807010","BOS",6,0,2,0,0,"",1,2,"scotg102","?","scotg102","?","palmj001","?","palmj001","?","dempr001","murre001","dauer001","decid001","belam101","moraa101","harll101","kellp101","yastc101","","","43","F","F",3,7,2,"T","T",0,"F","F",1,"F","F",0,"F","F",4,"G","F","F","",0,0,"N",0,"N",0,"N",0,1,0,0,"43","","","","F","F","F","F","F","F","F","F","F","palmj001","","","F","F","F","F","F","","","","",0,3,0,0,4,0,0,0,0,44,"BAL","BOS","BAL",0,"F","T",1,2,0,24,3,"T","F",1,1,"T","T","evand002","brohj101","T","T",7,4,41,0,0,0,0,0,0,"dempr001","","",0,0,0,0,0,0,0,0,0,0,0,0,0,"dauer001","F","F","F","F",0,0,0,0,0,0,0,0,0,0,F,F,"1978BAL.EVA.regular.event.csv",2575
"BAL197807010","BOS",6,1,0,0,0,"",1,2,"harll101","?","harll101","?","torrm001","?","torrm001","?","fiskc001","scotg102","remyj001","brohj101","burlr001","yastc101","lynnf001","evand002","","","","3/G","T","F",8,1,2,"T","T",0,"F","F",1,"F","F",0,"F","F",3,"G","F","F","",0,0,"N",0,"N",0,"N",0,0,0,0,"3","","","","F","F","F","F","F","F","F","F","F","","","","F","F","F","F","F","","","","",0,3,0,0,0,0,0,0,0,45,"BAL","BAL","BOS",1,"T","F",2,1,0,18,0,"T","F",0,0,"T","T","dauer001","singk001","T","T",0,0,0,0,0,0,0,0,0,"","","",0,0,0,0,0,0,0,0,0,0,0,0,0,"scotg102","F","F","F","F",0,0,0,0,0,0,0,0,0,0,F,F,"1978BAL.EVA.regular.event.csv",2576
"BAL197807010","BOS",6,1,1,0,0,"",1,2,"dauer001","?","dauer001","?","torrm001","?","torrm001","?","fiskc001","scotg102","remyj001","brohj101","burlr001","yastc101","lynnf001","evand002","","","","13","F","F",4,2,2,"T","T",0,"F","F",1,"F","F",0,"F","F",1,"G","F","F","",0,0,"N",0,"N",0,"N",0,0,0,0,"13","","","","F","F","F","F","F","F","F","F","F","","","","F","F","F","F","F","","","","",0,3,0,0,1,0,0,0,0,46,"BAL","BAL","BOS",1,"F","F",2,1,0,19,1,"T","F",0,0,"T","T","singk001","murre001","T","T",0,0,0,0,0,0,0,0,0,"","","",0,0,0,0,0,0,0,0,0,0,0,0,0,"torrm001","F","F","F","F",0,0,0,0,0,0,0,0,0,0,F,F,"1978BAL.EVA.regular.event.csv",2577
"BAL197807010","BOS",6,1,2,0,0,"",1,2,"singk001","?","singk001","?","torrm001","?","torrm001","?","fiskc001","scotg102","remyj001","brohj101","burlr001","yastc101","lynnf001","evand002","","","","S7","F","F",10,3,20,"T","T",1,"F","F",0,"F","F",0,"F","F",7,"","F","F","",0,0,"N",0,"N",0,"N",1,0,0,0,"","","","","F","F","F","F","F","F","F","F","F","","","","F","F","F","F","F","","","","",0,0,0,0,0,0,0,0,0,47,"BAL","BAL","BOS",1,"F","F",2,1,0,20,2,"T","F",0,1,"T","T","murre001","moraa101","T","T",0,0,0,0,0,0,0,0,0,"","","",0,0,0,0,0,0,0,0,0,0,0,0,0,"yastc101","F","F","F","F",0,0,0,0,0,0,0,0,0,0,F,F,"1978BAL.EVA.regular.event.csv",2578
"BAL197807010","BOS",6,1,2,0,0,"",1,2,"murre001","?","murre001","?","torrm001","?","torrm001","?","fiskc001","scotg102","remyj001","brohj101","burlr001","yastc101","lynnf001","evand002","singk001","","","S7.1-2","F","F",3,4,20,"T","T",1,"F","F",0,"F","F",0,"F","F",7,"","F","F","",0,0,"N",0,"N",0,"N",1,2,0,0,"","","","","F","F","F","F","F","F","F","F","F","torrm001","","","F","F","F","F","F","","","","",0,0,0,0,0,0,0,0,0,48,"BAL","BAL","BOS",1,"F","F",2,1,0,21,3,"T","F",1,3,"T","T","moraa101","decid001","T","T",10,3,47,0,0,0,0,0,0,"fiskc001","","",0,0,0,0,0,0,0,0,0,0,0,0,0,"yastc101","F","F","F","F",0,0,0,0,0,0,0,0,0,0,F,F,"1978BAL.EVA.regular.event.csv",2579
"BAL197807010","BOS",6,1,2,0,0,"",1,2,"moraa101","?","moraa101","?","torrm001","?","torrm001","?","fiskc001","scotg102","remyj001","brohj101","burlr001","yastc101","lynnf001","evand002","murre001","singk001","","64(1)/FO","F","F",7,5,2,"T","T",0,"F","F",1,"F","F",0,"F","F",6,"G","F","F","",0,0,"N",0,"N",0,"N",1,0,2,0,"","64","","","F","F","F","F","F","F","F","F","F","torrm001","torrm001","","F","F","F","F","F","","","","",0,4,0,0,6,0,0,0,0,49,"BAL","BAL","BOS",1,"F","T",2,1,0,22,4,"T","F",3,3,"T","T","decid001","kellp101","T","T",3,4,48,10,3,47,0,0,0,"fiskc001","fiskc001","",0,0,0,0,0,0,0,0,0,0,0,0,0,"burlr001","T","F","F","F",0,0,0,0,0,0,0,0,0,0,F,F,"1978BAL.EVA.regular.event.csv",2580
"BAL197807010","BOS",7,0,0,0,0,"",1,2,"evand002","?","evand002","?","palmj001","?","palmj001","?","dempr001","murre001","dauer001","decid001","belam101","moraa101","harll101","kellp101","","","","63","T","F",9,8,2,"T","T",0,"F","F",1,"F","F",0,"F","F",6,"G","F","F","",0,0,"N",0,"N",0,"N",0,0,0,0,"63","","","","F","F","F","F","F","F","F","F","F","","","","F","F","F","F","F","","","","",0,3,0,0,6,0,0,0,0,50,"BAL","BOS","BAL",0,"T","F",1,2,0,25,0,"T","F",0,0,"T","T","brohj101","burlr001","T","T",0,0,0,0,0,0,0,0,0,"","","",0,0,0,0,0,0,0,0,0,0,0,0,0,"belam101","F","F","F","F",0,0,0,0,0,0,0,0,0,0,F,F,"1978BAL.EVA.regular.event.csv",2581
"BAL197807010","BOS",7,0,1,0,0,"",1,2,"brohj101","?","brohj101","?","palmj001","?","palmj001","?","dempr001","murre001","dauer001","decid001","belam101","moraa101","harll101","kellp101","","","","W","F","F",5,9,14,"T","F",0,"F","F",0,"F","F",0,"F","F",0,"","F","F","",0,0,"N",0,"N",0,"N",1,0,0,0,"","","","","F","F","F","F","F","F","F","F","F","","","","F","F","F","F","F","","","","",0,0,0,0,0,0,0,0,0,51,"BAL","BOS","BAL",0,"F","F",1,2,0,26,1,"T","F",0,1,"T","T","burlr001","remyj001","T","T",0,0,0,0,0,0,0,0,0,"","","",0,0,0,0,0,0,0,0,0,0,0,0,0,"","F","F","F","F",0,0,0,0,0,0,0,0,0,0,F,F,"1978BAL.EVA.regular.event.csv",2582
"BAL197807010","BOS",7,0,1,0,0,"",1,2,"burlr001","?","burlr001","?","palmj001","?","palmj001","?","dempr001","murre001","dauer001","decid001","belam101","moraa101","harll101","kellp101","brohj101","","","63.1-2","F","F",6,1,2,"T","T",0,"F","F",1,"F","F",0,"F","F",6,"G","F","F","",0,0,"N",0,"N",0,"N",0,2,0,0,"63","","","","F","F","F","F","F","F","F","F","F","palmj001","","","F","F","F","F","F","","","","",0,3,0,0,6,0,0,0,0,52,"BAL","BOS","BAL",0,"F","F",1,2,0,27,2,"T","F",1,2,"T","T","remyj001","ricej001","T","T",5,9,51,0,0,0,0,0,0,"dempr001","","",0,0,0,0,0,0,0,0,0,0,0,0,0,"belam101","F","F","F","F",0,0,0,0,0,0,0,0,0,0,F,F,"1978BAL.EVA.regular.event.csv",2583
"BAL197807010","BOS",7,0,2,0,0,"",1,2,"remyj001","?","remyj001","?","palmj001","?","palmj001","?","dempr001","murre001","dauer001","decid001","belam101","moraa101","harll101","kellp101","","brohj101","","31","F","F",4,2,2,"T","T",0,"F","F",1,"F","F",0,"F","F",3,"G","F","F","",0,0,"N",0,"N",0,"N",0,0,2,0,"31","","","","F","F","F","F","F","F","F","F","F","","palmj001","","F","F","F","F","F","","","","",0,1,0,0,3,0,0,0,0,53,"BAL","BOS","BAL",0,"F","T",1,2,0,28,3,"T","F",2,2,"T","T","ricej001","yastc101","T","T",0,0,0,5,9,51,0,0,0,"","dempr001","",0,0,0,0,0,0,0,0,0,0,0,0,0,"murre001","F","F","F","F",0,0,0,0,0,0,0,0,0,0,F,F,"1978BAL.EVA.regular.event.csv",2584
"BAL197807010","BOS",7,1,0,0,0,"",1,2,"decid001","?","decid001","?","torrm001","?","torrm001","?","fiskc001","scotg102","remyj001","brohj101","burlr001","yastc101","lynnf001","evand002","","","","K","T","F",5,6,3,"T","T",0,"F","F",1,"F","F",0,"F","F",0,"","F","F","",0,0,"N",0,"N",0,"N",0,0,0,0,"2","","","","F","F","F","F","F","F","F","F","F","","","","F","F","F","F","F","","","","",0,2,0,0,0,0,0,0,0,54,"BAL","BAL","BOS",1,"T","F",2,1,0,23,0,"T","F",0,0,"T","T","kellp101","dempr001","T","T",0,0,0,0,0,0,0,0,0,"","","",0,0,0,0,0,0,0,0,0,0,0,0,0,"","F","F","F","F",0,0,0,0,0,0,0,0,0,0,F,F,"1978BAL.EVA.regular.event.csv",2585
"BAL197807010","BOS",7,1,1,0,0,"",1,2,"kellp101","?","kellp101","?","torrm001","?","torrm001","?","fiskc001","scotg102","remyj001","brohj101","burlr001","yastc101","lynnf001","evand002","","","","K/C","F","F",9,7,3,"T","T",0,"F","F",1,"F","F",0,"F","F",0,"","F","F","",0,0,"N",0,"N",0,"N",0,0,0,0,"2","","","","F","F","F","F","F","F","F","F","F","","","","F","F","F","F","F","","","","",0,2,0,0,0,0,0,0,0,55,"BAL","BAL","BOS",1,"F","F",2,1,0,24,1,"T","F",0,0,"T","T","dempr001","belam101","T","T",0,0,0,0,0,0,0,0,0,"","","",0,0,0,0,0,0,0,0,0,0,0,0,0,"","F","F","F","F",0,0,0,0,0,0,0,0,0,0,F,F,"1978BAL.EVA.regular.event.csv",2586
"BAL197807010","BOS",7,1,2,0,0,"",1,2,"dempr001","?","dempr001","?","torrm001","?","torrm001","?","fiskc001","scotg102","remyj001","brohj101","burlr001","yastc101","lynnf001","evand002","","","","S9","F","F",2,8,20,"T","T",1,"F","F",0,"F","F",0,"F","F",9,"","F","F","",0,0,"N",0,"N",0,"N",1,0,0,0,"","","","","F","F","F","F","F","F","F","F","F","","","","F","F","F","F","F","","","","",0,0,0,0,0,0,0,0,0,56,"BAL","BAL","BOS",1,"F","F",2,1,0,25,2,"T","F",0,1,"T","T","belam101","harll101","T","T",0,0,0,0,0,0,0,0,0,"","","",0,0,0,0,0,0,0,0,0,0,0,0,0,"evand002","F","F","F","F",1,0,0,0,0,0,0,0,0,0,F,F,"1978BAL.EVA.regular.event.csv",2587
"BAL197807010","BOS",7,1,2,0,0,"",1,2,"belam101","?","belam101","?","torrm001","?","torrm001","?","fiskc001","scotg102","remyj001","brohj101","burlr001","yastc101","lynnf001","evand002","dempr001","","","6","F","F",6,9,2,"T","T",0,"F","F",1,"F","F",0,"F","F",6,"F","F","F","",0,0,"N",0,"N",0,"N",0,1,0,0,"6","","","","F","F","F","F","F","F","F","F","F","torrm001","","","F","F","F","F","F","","","","",0,6,0,0,0,0,0,0,0,57,"BAL","BAL","BOS",1,"F","T",2,1,0,26,3,"T","F",1,1,"T","T","harll101","dauer001","T","T",2,8,56,0,0,0,0,0,0,"fiskc001","","",0,0,0,0,0,0,0,0,0,0,0,0,0,"burlr001","F","F","F","F",0,1,0,0,0,0,0,0,0,0,F,F,"1978BAL.EVA.regular.event.csv",2588
"BAL197807010","BOS",8,0,0,0,0,"",1,2,"ricej001","?","ricej001","?","palmj001","?","palmj001","?","dempr001","murre001","dauer001","decid001","belam101","andem101","harll101","lopec101","","","","8/8D","T","F",10,3,2,"T","T",0,"F","F",1,"F","F",0,"F","F",8,"F","F","F","8D",0,0,"N",0,"N",0,"N",0,0,0,0,"8","","","","F","F","F","F","F","F","F","F","F","","","","F","F","F","F","F","","","","",0,8,0,0,0,0,0,0,0,58,"BAL","BOS","BAL",0,"T","F",1,2,0,29,0,"T","F",0,0,"T","T","yastc101","fiskc001","T","T",0,0,0,0,0,0,0,0,0,"","","",0,0,0,0,0,0,0,0,0,0,0,0,0,"harll101","F","F","F","F",0,0,0,0,0,0,0,0,0,0,F,F,"1978BAL.EVA.regular.event.csv",2589
"BAL197807010","BOS",8,0,1,0,0,"",1,2,"yastc101","?","yastc101","?","palmj001","?","palmj001","?","dempr001","murre001","dauer001","decid001","belam101","andem101","harll101","lopec101","","","","8/8D","F","F",7,4,2,"T","T",0,"F","F",1,"F","F",0,"F","F",8,"F","F","F","8D",0,0,"N",0,"N",0,"N",0,0,0,0,"8","","","","F","F","F","F","F","F","F","F","F","","","","F","F","F","F","F","","","","",0,8,0,0,0,0,0,0,0,59,"BAL","BOS","BAL",0,"F","F",1,2,0,30,1,"T","F",0,0,"T","T","fiskc001","lynnf001","T","T",0,0,0,0,0,0,0,0,0,"","","",0,0,0,0,0,0,0,0,0,0,0,0,0,"harll101","F","F","F","F",0,0,0,0,0,0,0,0,0,0,F,F,"1978BAL.EVA.regular.event.csv",2590
"BAL197807010","BOS",8,0,2,0,0,"",1,2,"fiskc001","?","fiskc001","?","palmj001","?","palmj001","?","dempr001","murre001","dauer001","decid001","belam101","andem101","harll101","lopec101","","","","S7.B-3(E7)","F","F",2,5,20,"T","T",1,"F","F",0,"F","F",0,"F","F",7,"","F","F","",1,7,"F",0,"N",0,"N",3,0,0,0,"","","","","F","F","F","F","F","F","F","F","F","","","","F","F","F","F","F","","","","",0,0,0,0,0,0,0,0,0,60,"BAL","BOS","BAL",0,"F","F",1,2,0,31,2,"T","F",0,4,"T","T","lynnf001","scotg102","T","T",0,0,0,0,0,0,0,0,0,"","","",0,0,0,0,0,0,0,0,0,0,0,0,0,"andem101","F","F","F","F",0,0,0,0,0,0,0,0,0,0,F,F,"1978BAL.EVA.regular.event.csv",2591
"BAL197807010","BOS",8,0,2,0,0,"",1,2,"lynnf001","?","lynnf001","?","palmj001","?","palmj001","?","dempr001","murre001","dauer001","decid001","belam101","andem101","harll101","lopec101","","","fiskc001","31","F","F",8,6,2,"T","T",0,"F","F",1,"F","F",0,"F","F",3,"G","F","F","",0,0,"N",0,"N",0,"N",0,0,0,3,"31","","","","F","F","F","F","F","F","F","F","F","","","palmj001","F","F","F","F","F","","","","",0,1,0,0,3,0,0,0,0,61,"BAL","BOS","BAL",0,"F","T",1,2,0,32,3,"T","F",4,4,"T","T","scotg102","evand002","T","T",0,0,0,0,0,0,2,5,60,"","","dempr001",0,0,0,0,0,0,0,0,0,0,0,0,0,"murre001","F","F","F","F",0,0,0,0,0,0,0,0,0,0,F,F,"1978BAL.EVA.regular.event.csv",2592
"BAL197807010","BOS",8,1,0,0,0,"",1,2,"harll101","?","harll101","?","torrm001","?","torrm001","?","fiskc001","scotg102","remyj001","brohj101","burlr001","yastc101","lynnf001","evand002","","","","8","T","F",8,1,2,"T","T",0,"F","F",1,"F","F",0,"F","F",8,"F","F","F","",0,0,"N",0,"N",0,"N",0,0,0,0,"8","","","","F","F","F","F","F","F","F","F","F","","","","F","F","F","F","F","","","","",0,8,0,0,0,0,0,0,0,62,"BAL","BAL","BOS",1,"T","F",2,1,0,27,0,"T","F",0,0,"T","T","dauer001","singk001","T","T",0,0,0,0,0,0,0,0,0,"","","",0,0,0,0,0,0,0,0,0,0,0,0,0,"lynnf001","F","F","F","F",0,0,0,0,0,0,0,0,0,0,F,F,"1978BAL.EVA.regular.event.csv",2593
"BAL197807010","BOS",8,1,1,0,0,"",1,2,"dauer001","?","dauer001","?","torrm001","?","torrm001","?","fiskc001","scotg102","remyj001","brohj101","burlr001","yastc101","lynnf001","evand002","","","","63","F","F",4,2,2,"T","T",0,"F","F",1,"F","F",0,"F","F",6,"G","F","F","",0,0,"N",0,"N",0,"N",0,0,0,0,"63","","","","F","F","F","F","F","F","F","F","F","","","","F","F","F","F","F","","","","",0,3,0,0,6,0,0,0,0,63,"BAL","BAL","BOS",1,"F","F",2,1,0,28,1,"T","F",0,0,"T","T","singk001","murre001","T","T",0,0,0,0,0,0,0,0,0,"","","",0,0,0,0,0,0,0,0,0,0,0,0,0,"burlr001","F","F","F","F",0,0,0,0,0,0,0,0,0,0,F,F,"1978BAL.EVA.regular.event.csv",2594
"BAL197807010","BOS",8,1,2,0,0,"",1,2,"singk001","?","singk001","?","torrm001","?","torrm001","?","fiskc001","scotg102","remyj001","brohj101","burlr001","yastc101","lynnf001","evand002","","","","K","F","F",10,3,3,"T","T",0,"F","F",1,"F","F",0,"F","F",0,"","F","F","",0,0,"N",0,"N",0,"N",0,0,0,0,"2","","","","F","F","F","F","F","F","F","F","F","","","","F","F","F","F","F","","","","",0,2,0,0,0,0,0,0,0,64,"BAL","BAL","BOS",1,"F","T",2,1,0,29,2,"T","F",0,0,"T","T","murre001","andem101","T","T",0,0,0,0,0,0,0,0,0,"","","",0,0,0,0,0,0,0,0,0,0,0,0,0,"","F","F","F","F",0,0,0,0,0,0,0,0,0,0,F,F,"1978BAL.EVA.regular.event.csv",2595
"BAL197807010","BOS",9,0,0,0,0,"",1,2,"scotg102","?","scotg102","?","palmj001","?","palmj001","?","dempr001","murre001","dauer001","decid001","belam101","andem101","harll101","lopec101","","","","K","T","F",3,7,3,"T","T",0,"F","F",1,"F","F",0,"F","F",0,"","F","F","",0,0,"N",0,"N",0,"N",0,0,0,0,"2","","","","F","F","F","F","F","F","F","F","F","","","","F","F","F","F","F","","","","",0,2,0,0,0,0,0,0,0,65,"BAL","BOS","BAL",0,"T","F",1,2,0,33,0,"T","F",0,0,"T","T","evand002","brohj101","T","T",0,0,0,0,0,0,0,0,0,"","","",0,0,0,0,0,0,0,0,0,0,0,0,0,"","F","F","F","F",0,0,0,0,1,0,0,0,0,0,F,F,"1978BAL.EVA.regular.event.csv",2596
"BAL197807010","BOS",9,0,1,0,0,"",1,2,"evand002","?","evand002","?","palmj001","?","palmj001","?","dempr001","murre001","dauer001","decid001","belam101","andem101","harll101","lopec101","","","","W","F","F",9,8,14,"T","F",0,"F","F",0,"F","F",0,"F","F",0,"","F","F","",0,0,"N",0,"N",0,"N",1,0,0,0,"","","","","F","F","F","F","F","F","F","F","F","","","","F","F","F","F","F","","","","",0,0,0,0,0,0,0,0,0,66,"BAL","BOS","BAL",0,"F","F",1,2,0,34,1,"T","F",0,1,"T","T","brohj101","burlr001","T","T",0,0,0,0,0,0,0,0,0,"","","",0,0,0,0,0,0,0,0,0,0,0,0,0,"","F","F","F","F",4,0,0,0,1,0,0,0,0,0,F,F,"1978BAL.EVA.regular.event.csv",2597
"BAL197807010","BOS",9,0,1,0,0,"",1,2,"brohj101","?","brohj101","?","palmj001","?","palmj001","?","dempr001","murre001","dauer001","decid001","belam101","andem101","harll101","lopec101","evand002","","","S9.1-3","F","F",5,9,20,"T","T",1,"F","F",0,"F","F",0,"F","F",9,"","F","F","",0,0,"N",0,"N",0,"N",1,3,0,0,"","","","","F","F","F","F","F","F","F","F","F","palmj001","","","F","F","F","F","F","","","","",0,0,0,0,0,0,0,0,0,67,"BAL","BOS","BAL",0,"F","F",1,2,0,35,2,"T","F",1,5,"T","T","burlr001","remyj001","T","T",9,8,66,0,0,0,0,0,0,"dempr001","","",0,0,0,0,0,0,0,0,0,0,0,0,0,"lopec101","F","F","F","F",3,4,0,0,1,0,0,0,0,0,F,F,"1978BAL.EVA.regular.event.csv",2598
"BAL197807010","BOS",9,0,1,0,0,"",1,2,"burlr001","?","burlr001","?","palmj001","?","palmj001","?","dempr001","murre001","dauer001","decid001","belam101","andem101","harll101","lopec101","brohj101","","evand002","S/L3.3-H;1-2","F","F",6,1,20,"T","T",1,"F","F",0,"F","F",1,"F","F",0,"L","F","F","3",0,0,"N",0,"N",0,"N",1,2,0,4,"","","","","F","F","F","F","F","F","F","F","F","palmj001","","palmj001","F","F","F","F","F","","","","",0,0,0,0,0,0,0,0,0,68,"BAL","BOS","BAL",0,"F","F",1,2,0,36,3,"T","F",5,3,"T","T","remyj001","ricej001","T","T",5,9,67,0,0,0,9,8,66,"dempr001","","dempr001",0,0,0,0,0,0,0,0,0,0,0,0,1,"","F","F","F","F",2,3,0,4,0,0,0,0,0,0,F,F,"1978BAL.EVA.regular.event.csv",2599
"BAL197807010","BOS",9,0,1,0,0,"",2,2,"remyj001","?","remyj001","?","palmj001","?","palmj001","?","dempr001","murre001","dauer001","decid001","belam101","andem101","harll101","lopec101","burlr001","brohj101","","41.2-3;1-2","F","F",4,2,2,"T","T",0,"F","F",1,"F","F",0,"F","F",4,"G","F","F","",0,0,"N",0,"N",0,"N",0,2,3,0,"41","","","","F","F","F","F","F","F","F","F","F","palmj001","palmj001","","F","F","F","F","F","","","","",0,1,0,0,4,0,0,0,0,69,"BAL","BOS","BAL",0,"F","F",2,2,1,37,4,"T","F",3,6,"T","T","ricej001","yastc101","T","T",6,1,68,5,9,67,0,0,0,"dempr001","dempr001","",0,0,0,0,0,0,0,0,0,0,0,0,0,"dauer001","F","F","F","F",0,2,3,0,0,0,0,0,0,0,F,F,"1978BAL.EVA.regular.event.csv",2600
"BAL197807010","BOS",9,0,2,0,0,"",2,2,"ricej001","?","ricej001","?","palmj001","?","palmj001","?","dempr001","murre001","dauer001","decid001","belam101","andem101","harll101","lopec101","","burlr001","brohj101","63","F","F",10,3,2,"T","T",0,"F","F",1,"F","F",0,"F","F",6,"G","F","F","",0,0,"N",0,"N",0,"N",0,0,2,3,"63","","","","F","F","F","F","F","F","F","F","F","","palmj001","palmj001","F","F","F","F","F","","","","",0,3,0,0,6,0,0,0,0,70,"BAL","BOS","BAL",0,"F","T",2,2,1,38,5,"T","F",6,6,"T","T","yastc101","fiskc001","T","T",0,0,0,6,1,68,5,9,67,"","dempr001","dempr001",0,0,0,0,0,0,0,0,0,0,0,0,0,"belam101","F","F","F","F",0,0,2,3,0,0,0,0,0,0,F,F,"1978BAL.EVA.regular.event.csv",2601
"BAL197807010","BOS",9,1,0,0,0,"",2,2,"murre001","?","murre001","?","torrm001","?","torrm001","?","fiskc001","scotg102","remyj001","dufff101","burlr001","yastc101","lynnf001","evand002","","","","W","T","F",3,4,14,"T","F",0,"F","F",0,"F","F",0,"F","F",0,"","F","F","",0,0,"N",0,"N",0,"N",1,0,0,0,"","","","","F","F","F","F","F","F","F","F","F","","","","F","F","F","F","F","","","","",0,0,0,0,0,0,0,0,0,71,"BAL","BAL","BOS",1,"T","F",2,2,0,30,0,"T","F",0,1,"T","T","andem101","decid001","T","T",0,0,0,0,0,0,0,0,0,"","","",0,0,0,0,0,0,0,0,0,0,0,0,0,"","F","F","F","F",3,0,0,0,0,0,0,0,0,0,F,F,"1978BAL.EVA.regular.event.csv",2602
"BAL197807010","BOS",9,1,0,0,0,"",2,2,"andem101","?","andem101","?","torrm001","?","torrm001","?","fiskc001","scotg102","remyj001","dufff101","burlr001","yastc101","lynnf001","evand002","murre001","","","14/SH.1-2","F","F",7,5,2,"T","F",0,"T","F",1,"F","F",0,"F","F",1,"G","T","F","",0,0,"N",0,"N",0,"N",0,2,0,0,"14","","","","F","F","F","F","F","F","F","F","F","torrm001","","","F","F","F","F","F","","","","",0,4,0,0,1,0,0,0,0,72,"BAL","BAL","BOS",1,"F","F",2,2,0,31,1,"T","F",1,2,"F","F","decid001","lopec101","T","T",3,4,71,0,0,0,0,0,0,"fiskc001","","",0,0,0,0,0,0,0,0,0,0,0,0,0,"torrm001","F","F","F","F",0,3,0,0,0,0,0,0,0,0,F,F,"1978BAL.EVA.regular.event.csv",2603
"BAL197807010","BOS",9,1,1,0,0,"",2,2,"decid001","?","decid001","?","torrm001","?","torrm001","?","fiskc001","scotg102","remyj001","dufff101","burlr001","yastc101","lynnf001","evand002","","murre001","","E5.2-3","F","F",5,6,18,"T","T",0,"F","F",0,"F","F",0,"F","F",5,"G","F","F","",1,5,"F",0,"N",0,"N",1,0,3,0,"","","","","F","F","F","F","F","F","F","F","F","","torrm001","","F","F","F","F","F","","","","",0,0,0,0,0,0,0,0,0,73,"BAL","BAL","BOS",1,"F","F",2,2,0,32,2,"T","F",2,5,"T","T","lopec101","dempr001","T","T",0,0,0,3,4,71,0,0,0,"","fiskc001","",0,0,0,0,0,0,0,0,0,0,0,0,0,"dufff101","F","F","F","T",2,0,3,0,0,0,0,0,0,0,F,F,"1978BAL.EVA.regular.event.csv",2604
"BAL197807010","BOS",9,1,1,0,0,"",2,2,"crowt101","?","crowt101","?","torrm001","?","torrm001","?","fiskc001","scotg102","remyj001","dufff101","burlr001","yastc101","lynnf001","evand002","decid001","","murre001","43.1-2","F","T",11,7,2,"T","T",0,"F","F",1,"F","F",0,"F","F",4,"G","F","F","",0,0,"N",0,"N",0,"N",0,2,0,3,"43","","","","F","F","F","F","F","F","F","F","F","torrm001","","torrm001","F","F","F","F","F","","","","lopec101",9,3,0,0,4,0,0,0,0,74,"BAL","BAL","BOS",1,"F","F",2,2,0,33,3,"T","F",5,6,"F","F","dempr001","belam101","T","T",5,6,73,0,0,0,3,4,71,"fiskc001","","fiskc001",0,0,0,0,0,0,0,0,0,0,0,0,0,"remyj001","F","F","F","F",0,2,0,3,0,0,0,0,0,0,F,F,"1978BAL.EVA.regular.event.csv",2605
"BAL197807010","BOS",9,1,2,0,0,"",2,2,"dempr001","?","dempr001","?","torrm001","?","torrm001","?","fiskc001","scotg102","remyj001","dufff101","burlr001","yastc101","lynnf001","evand002","","decid001","murre001","9","F","F",2,8,2,"T","T",0,"F","F",1,"F","F",0,"F","F",9,"F","F","F","",0,0,"N",0,"N",0,"N",0,0,2,3,"9","","","","F","F","F","F","F","F","F","F","F","","torrm001","torrm001","F","F","F","F","F","","","","",0,9,0,0,0,0,0,0,0,75,"BAL","BAL","BOS",1,"F","T",2,2,0,34,4,"T","F",6,6,"T","T","belam101","harll101","T","T",0,0,0,5,6,73,3,4,71,"","fiskc001","fiskc001",0,0,0,0,0,0,0,0,0,0,0,0,0,"evand002","F","F","F","F",0,0,2,3,0,0,0,0,0,0,F,F,"1978BAL.EVA.regular.event.csv",2606
"BAL197807010","BOS",10,0,0,0,0,"",2,2,"yastc101","?","yastc101","?","martt001","?","martt001","?","dempr001","murre001","dauer001","decid001","belam101","crowt101","harll101","andem101","","","","S/89","T","F",7,4,20,"T","T",1,"F","F",0,"F","F",0,"F","F",0,"","F","F","89",0,0,"N",0,"N",0,"N",1,0,0,0,"","","","","F","F","F","F","F","F","F","F","F","","","","F","F","F","F","F","","","","",0,0,0,0,0,0,0,0,0,76,"BAL","BOS","BAL",0,"T","F",2,2,0,39,0,"T","F",0,1,"T","T","fiskc001","lynnf001","F","F",0,0,0,0,0,0,0,0,0,"","","",0,0,0,0,0,0,0,0,0,0,0,0,0,"","F","F","F","F",0,0,0,0,0,0,0,0,0,0,F,F,"1978BAL.EVA.regular.event.csv",2607
"BAL197807010","BOS",10,0,0,0,0,"",2,2,"fiskc001","?","fiskc001","?","martt001","?","martt001","?","dempr001","murre001","dauer001","decid001","belam101","crowt101","harll101","andem101","yastc101","","","16(1)/FO","F","F",2,5,2,"T","T",0,"F","F",1,"F","F",0,"F","F",1,"G","F","F","",0,0,"N",0,"N",0,"N",1,0,0,0,"","16","","","F","F","F","F","F","F","F","F","F","martt001","","","F","F","F","F","F","","","","",0,6,0,0,1,0,0,0,0,77,"BAL","BOS","BAL",0,"F","F",2,2,0,40,1,"T","F",1,1,"T","T","lynnf001","scotg102","F","F",7,4,76,0,0,0,0,0,0,"dempr001","","",0,0,0,0,0,0,0,0,0,0,0,0,0,"martt001","T","F","F","F",0,0,0,0,0,0,0,0,0,0,F,F,"1978BAL.EVA.regular.event.csv",2608
"BAL197807010","BOS",10,0,1,0,0,"",2,2,"lynnf001","?","lynnf001","?","martt001","?","martt001","?","dempr001","murre001","dauer001","decid001","belam101","crowt101","harll101","andem101","fiskc001","","","S7.1-2","F","F",8,6,20,"T","T",1,"F","F",0,"F","F",0,"F","F",7,"","F","F","",0,0,"N",0,"N",0,"N",1,2,0,0,"","","","","F","F","F","F","F","F","F","F","F","martt001","","","F","F","F","F","F","","","","",0,0,0,0,0,0,0,0,0,78,"BAL","BOS","BAL",0,"F","F",2,2,0,41,2,"T","F",1,3,"T","T","scotg102","evand002","F","F",2,5,77,0,0,0,0,0,0,"dempr001","","",0,0,0,0,0,0,0,0,0,0,0,0,0,"crowt101","F","F","F","F",0,0,0,0,0,0,0,0,0,0,F,F,"1978BAL.EVA.regular.event.csv",2609
"BAL197807010","BOS",10,0,1,0,0,"",2,2,"scotg102","?","scotg102","?","stand101","?","stand101","?","dempr001","murre001","dauer001","decid001","belam101","crowt101","harll101","andem101","lynnf001","fiskc001","","46(1)3/GDP","F","F",3,7,2,"T","T",0,"F","F",2,"T","F",0,"F","F",4,"G","F","F","",0,0,"N",0,"N",0,"N",0,0,2,0,"63","46","","","F","F","F","F","F","F","F","F","F","martt001","martt001","","F","F","F","F","F","","","","",0,6,3,0,4,6,0,0,0,79,"BAL","BOS","BAL",0,"F","T",2,2,0,42,3,"T","F",3,2,"T","T","evand002","dufff101","F","F",8,6,78,2,5,77,0,0,0,"dempr001","dempr001","",0,0,0,0,0,0,0,0,0,0,0,0,0,"dauer001","T","F","F","F",0,0,0,0,0,0,0,0,0,0,F,F,"1978BAL.EVA.regular.event.csv",2610
"BAL197807010","BOS",10,1,0,0,0,"",2,2,"belam101","?","belam101","?","torrm001","?","torrm001","?","fiskc001","scotg102","remyj001","dufff101","burlr001","yastc101","lynnf001","evand002","","","","S9","T","F",6,9,20,"T","T",1,"F","F",0,"F","F",0,"F","F",9,"","F","F","",0,0,"N",0,"N",0,"N",1,0,0,0,"","","","","F","F","F","F","F","F","F","F","F","","","","F","F","F","F","F","","","","",0,0,0,0,0,0,0,0,0,80,"BAL","BAL","BOS",1,"T","F",2,2,0,35,0,"T","F",0,1,"T","T","harll101","dauer001","T","T",0,0,0,0,0,0,0,0,0,"","","",0,0,0,0,0,0,0,0,0,0,0,0,0,"evand002","F","F","F","F",0,0,0,0,0,0,0,0,0,0,F,F,"1978BAL.EVA.regular.event.csv",2611
"BAL197807010","BOS",10,1,0,0,0,"",2,2,"harll101","?","harll101","?","torrm001","?","torrm001","?","fiskc001","scotg102","remyj001","dufff101","burlr001","yastc101","lynnf001","evand002","belam101","","","14/SH.1-2","F","F",8,1,2,"T","F",0,"T","F",1,"F","F",0,"F","F",1,"G","T","F","",0,0,"N",0,"N",0,"N",0,2,0,0,"14","","","","F","F","F","F","F","F","F","F","F","torrm001","","","F","F","F","F","F","","","","",0,4,0,0,1,0,0,0,0,81,"BAL","BAL","BOS",1,"F","F",2,2,0,36,1,"T","F",1,2,"T","T","dauer001","singk001","T","T",6,9,80,0,0,0,0,0,0,"fiskc001","","",0,0,0,0,0,0,0,0,0,0,0,0,0,"torrm001","F","F","F","F",0,0,0,0,0,0,0,0,0,0,F,F,"1978BAL.EVA.regular.event.csv",2612
"BAL197807010","BOS",10,1,1,0,0,"",2,2,"dauer001","?","dauer001","?","torrm001","?","torrm001","?","fiskc001","scotg102","remyj001","dufff101","burlr001","yastc101","lynnf001","evand002","","belam101","","3","F","F",4,2,2,"T","T",0,"F","F",1,"F","F",0,"F","F",3,"F","F","F","",0,0,"N",0,"N",0,"N",0,0,2,0,"3","","","","F","F","F","F","F","F","F","F","F","","torrm001","","F","F","F","F","F","","","","",0,3,0,0,0,0,0,0,0,82,"BAL","BAL","BOS",1,"F","F",2,2,0,37,2,"T","F",2,2,"T","T","singk001","murre001","T","T",0,0,0,6,9,80,0,0,0,"","fiskc001","",0,0,0,0,0,0,0,0,0,0,0,0,0,"scotg102","F","F","F","F",0,0,0,0,0,0,0,0,0,0,F,F,"1978BAL.EVA.regular.event.csv",2613
"BAL197807010","BOS",10,1,2,0,0,"",2,2,"singk001","?","singk001","?","torrm001","?","torrm001","?","fiskc001","scotg102","remyj001","dufff101","burlr001","yastc101","lynnf001","evand002","","belam101","","IW","F","F",10,3,15,"T","F",0,"F","F",0,"F","F",0,"F","F",0,"","F","F","",0,0,"N",0,"N",0,"N",1,0,2,0,"","","","","F","F","F","F","F","F","F","F","F","","torrm001","","F","F","F","F","F","","","","",0,0,0,0,0,0,0,0,0,83,"BAL","BAL","BOS",1,"F","F",2,2,0,38,3,"T","F",2,3,"T","T","murre001","andem101","T","T",0,0,0,6,9,80,0,0,0,"","fiskc001","",0,0,0,0,0,0,0,0,0,0,0,0,0,"","F","F","F","F",0,0,0,0,0,0,0,0,0,0,F,F,"1978BAL.EVA.regular.event.csv",2614
"BAL197807010","BOS",10,1,2,0,0,"",2,2,"murre001","?","murre001","?","torrm001","?","torrm001","?","fiskc001","scotg102","remyj001","dufff101","burlr001","yastc101","lynnf001","evand002","singk001","belam101","","IW.2-3;1-2","F","F",3,4,15,"T","F",0,"F","F",0,"F","F",0,"F","F",0,"","F","F","",0,0,"N",0,"N",0,"N",1,2,3,0,"","","","","F","F","F","F","F","F","F","F","F","torrm001","torrm001","","F","F","F","F","F","","","","",0,0,0,0,0,0,0,0,0,84,"BAL","BAL","BOS",1,"F","F",2,2,0,39,4,"T","F",3,7,"T","T","andem101","decid001","T","T",10,3,83,6,9,80,0,0,0,"fiskc001","fiskc001","",0,0,0,0,0,0,0,0,0,0,0,0,0,"","F","F","F","F",0,0,0,0,0,0,0,0,0,0,F,F,"1978BAL.EVA.regular.event.csv",2615
"BAL197807010","BOS",10,1,2,0,0,"",2,2,"andem101","?","andem101","?","torrm001","?","torrm001","?","fiskc001","scotg102","remyj001","dufff101","burlr001","yastc101","lynnf001","evand002","murre001","singk001","belam101","9/L9L","F","F",9,5,2,"T","T",0,"F","F",1,"F","F",0,"F","F",9,"L","F","F","9L",0,0,"N",0,"N",0,"N",0,1,2,3,"9","","","","F","F","F","F","F","F","F","F","F","torrm001","torrm001","torrm001","F","F","F","F","F","","","","",0,9,0,0,0,0,0,0,0,85,"BAL","BAL","BOS",1,"F","T",2,2,0,40,5,"T","F",7,7,"F","F","decid001","crowt101","T","T",3,4,84,10,3,83,6,9,80,"fiskc001","fiskc001","fiskc001",0,0,0,0,0,0,0,0,0,0,0,0,0,"evand002","F","F","F","F",0,0,0,0,0,0,0,0,0,0,F,F,"1978BAL.EVA.regular.event.csv",2616
"BAL197807010","BOS",11,0,0,0,0,"",2,2,"evand002","?","evand002","?","stand101","?","stand101","?","dempr001","murre001","dauer001","decid001","belam101","crowt101","harll101","andem101","","","","W","T","F",9,8,14,"T","F",0,"F","F",0,"F","F",0,"F","F",0,"","F","F","",0,0,"N",0,"N",0,"N",1,0,0,0,"","","","","F","F","F","F","F","F","F","F","F","","","","F","F","F","F","F","","","","",0,0,0,0,0,0,0,0,0,86,"BAL","BOS","BAL",0,"T","F",2,2,0,43,0,"T","F",0,1,"T","T","dufff101","burlr001","F","F",0,0,0,0,0,0,0,0,0,"","","",0,0,0,0,0,0,0,0,0,0,0,0,0,"","F","F","F","F",0,0,0,0,0,0,0,0,0,0,F,F,"1978BAL.EVA.regular.event.csv",2617
"BAL197807010","BOS",11,0,0,0,0,"",2,2,"dufff101","?","dufff101","?","stand101","?","stand101","?","dempr001","murre001","dauer001","decid001","belam101","crowt101","harll101","andem101","evand002","","","S9.1-2","F","F",5,9,20,"T","T",1,"F","F",0,"F","F",0,"F","F",9,"","F","F","",0,0,"N",0,"N",0,"N",1,2,0,0,"","","","","F","F","F","F","F","F","F","F","F","stand101","","","F","F","F","F","F","","","","",0,0,0,0,0,0,0,0,0,87,"BAL","BOS","BAL",0,"F","F",2,2,0,44,1,"T","F",1,3,"F","F","burlr001","remyj001","F","F",9,8,86,0,0,0,0,0,0,"dempr001","","",0,0,0,0,0,0,0,0,0,0,0,0,0,"andem101","F","F","F","F",0,0,0,0,0,0,0,0,0,0,F,F,"1978BAL.EVA.regular.event.csv",2618
"BAL197807010","BOS",11,0,0,0,0,"",2,2,"burlr001","?","burlr001","?","briln101","?","briln101","?","dempr001","murre001","dauer001","decid001","belam101","crowt101","harll101","andem101","dufff101","evand002","","9","F","F",6,1,2,"T","T",0,"F","F",1,"F","F",0,"F","F",9,"F","F","F","",0,0,"N",0,"N",0,"N",0,1,2,0,"9","","","","F","F","F","F","F","F","F","F","F","stand101","stand101","","F","F","F","F","F","","","","",0,9,0,0,0,0,0,0,0,88,"BAL","BOS","BAL",0,"F","F",2,2,0,45,2,"T","F",3,3,"T","T","remyj001","ricej001","F","F",5,9,87,9,8,86,0,0,0,"dempr001","dempr001","",0,0,0,0,0,0,0,0,0,0,0,0,0,"andem101","F","F","F","F",0,0,0,0,0,0,0,0,0,0,F,F,"1978BAL.EVA.regular.event.csv",2619
"BAL197807010","BOS",11,0,1,0,0,"",2,2,"remyj001","?","remyj001","?","briln101","?","briln101","?","dempr001","murre001","dauer001","decid001","belam101","crowt101","harll101","andem101","dufff101","evand002","","36(1)3/GDP","F","F",4,2,2,"T","T",0,"F","F",2,"T","F",0,"F","F",3,"G","F","F","",0,0,"N",0,"N",0,"N",0,0,2,0,"63","36","","","F","F","F","F","F","F","F","F","F","stand101","stand101","","F","F","F","F","F","","","","",0,6,3,0,3,6,0,0,0,89,"BAL","BOS","BAL",0,"F","T",2,2,0,46,3,"T","F",3,2,"T","T","ricej001","yastc101","F","F",5,9,87,9,8,86,0,0,0,"dempr001","dempr001","",0,0,0,0,0,0,0,0,0,0,0,0,0,"murre001","T","F","F","F",0,0,0,0,0,0,0,0,0,0,F,F,"1978BAL.EVA.regular.event.csv",2620
"BAL197807010","BOS",11,1,0,0,0,"",2,2,"decid001","?","decid001","?","torrm001","?","torrm001","?","fiskc001","scotg102","remyj001","dufff101","burlr001","yastc101","lynnf001","evand002","","","","W","T","F",5,6,14,"T","F",0,"F","F",0,"F","F",0,"F","F",0,"","F","F","",0,0,"N",0,"N",0,"N",1,0,0,0,"","","","","F","F","F","F","F","F","F","F","F","","","","F","F","F","F","F","","","","",0,0,0,0,0,0,0,0,0,90,"BAL","BAL","BOS",1,"T","F",2,2,0,41,0,"T","F",0,1,"T","T","crowt101","dempr001","T","T",0,0,0,0,0,0,0,0,0,"","","",0,0,0,0,0,0,0,0,0,0,0,0,0,"","F","F","F","F",0,0,0,0,1,0,0,0,0,0,F,F,"1978BAL.EVA.regular.event.csv",2621
"BAL197807010","BOS",11,1,0,0,0,"",2,2,"crowt101","?","crowt101","?","torrm001","?","torrm001","?","fiskc001","scotg102","remyj001","dufff101","burlr001","yastc101","lynnf001","evand002","decid001","","","S6/G.1-3","F","F",7,7,20,"T","T",1,"F","F",0,"F","F",0,"F","F",6,"G","F","F","",0,0,"N",0,"N",0,"N",1,3,0,0,"","","","","F","F","F","F","F","F","F","F","F","torrm001","","","F","F","F","F","F","","","","",0,0,0,0,0,0,0,0,0,91,"BAL","BAL","BOS",1,"F","F",2,2,0,42,1,"T","F",1,5,"F","F","dempr001","belam101","T","T",5,6,90,0,0,0,0,0,0,"fiskc001","","",0,0,0,0,0,0,0,0,0,0,0,0,0,"burlr001","F","F","F","F",4,0,0,0,1,0,0,0,0,0,F,F,"1978BAL.EVA.regular.event.csv",2622
"BAL197807010","BOS",11,1,0,0,0,"",2,2,"hende103","?","hende103","?","torrm001","?","torrm001","?","fiskc001","scotg102","remyj001","dufff101","burlr001","yastc101","lynnf001","evand002","crowt101","","decid001","IW.1-2","F","T",11,8,15,"T","F",0,"F","F",0,"F","F",0,"F","F",0,"","F","F","",0,0,"N",0,"N",0,"N",1,2,0,3,"","","","","F","F","F","F","F","F","F","F","F","torrm001","","torrm001","F","F","F","F","F","","","","dempr001",2,0,0,0,0,0,0,0,0,92,"BAL","BAL","BOS",1,"F","F",2,2,0,43,2,"T","F",5,7,"F","F","belam101","harll101","T","T",7,7,91,0,0,0,5,6,90,"fiskc001","","fiskc001",0,0,0,0,0,0,0,0,0,0,0,0,0,"","F","F","F","F",3,4,0,0,1,0,0,0,0,0,F,F,"1978BAL.EVA.regular.event.csv",2623
"BAL197807010","BOS",11,1,0,0,0,"",2,2,"may-l101","?","may-l101","?","torrm001","?","torrm001","?","fiskc001","scotg102","remyj001","dufff101","burlr001","yastc101","lynnf001","evand002","hende103","crowt101","decid001","62(3)/FO.2-3;1-2","F","T",11,9,2,"T","T",0,"F","F",1,"F","F",0,"F","F",6,"G","F","F","",0,0,"N",0,"N",0,"N",1,2,3,0,"","","","62","F","F","F","F","F","F","F","F","F","torrm001","torrm001","torrm001","F","F","F","F","F","","","","belam101",6,2,0,0,6,0,0,0,0,93,"BAL","BAL","BOS",1,"F","F",2,2,0,44,3,"T","F",7,7,"F","F","harll101","dauer001","T","T",11,8,92,7,7,91,5,6,90,"fiskc001","fiskc001","fiskc001",0,0,0,0,0,0,0,0,0,0,0,0,0,"burlr001","F","F","T","F",2,3,4,0,1,0,0,0,0,0,F,F,"1978BAL.EVA.regular.event.csv",2624
"BAL197807010","BOS",11,1,1,0,0,"",2,2,"harll101","?","harll101","?","torrm001","?","torrm001","?","fiskc001","scotg102","remyj001","dufff101","burlr001","yastc101","lynnf001","evand002","may-l101","hende103","crowt101","S2/BG.3-H;2-3;1-2","F","F",8,1,20,"T","T",1,"F","F",0,"F","F",1,"F","F",2,"G","T","F","",0,0,"N",0,"N",0,"N",1,2,3,4,"","","","","F","F","F","F","F","F","F","F","F","torrm001","torrm001","torrm001","F","T","F","F","F","","","","",0,0,0,0,0,0,0,0,0,94,"BAL","BAL","BOS",1,"F","T",2,2,0,45,4,"T","F",7,7,"T","T","dauer001","singk001","T","T",0,9,93,0,8,92,7,7,91,"fiskc001","fiskc001","fiskc001",0,0,0,0,0,0,0,0,0,0,0,0,1,"fiskc001","F","F","F","F",1,2,3,4,0,0,0,0,0,0,F,F,"1978BAL.EVA.regular.event.csv",2625
"BAL197807051","TOR",1,0,0,0,0,"",0,0,"boser101","?","boser101","?","flanm001","?","flanm001","?","skagd101","murre001","dauer001","decid001","belam101","moraa101","lopec101","singk001","","","","53","T","F",8,1,2,"T","T",0,"F","F",1,"F","F",0,"F","F",5,"G","F","F","",0,0,"N",0,"N",0,"N",0,0,0,0,"53","","","","F","F","F","F","F","F","F","F","F","","","","T","F","F","F","F","","","","",0,3,0,0,5,0,0,0,0,1,"BAL","TOR","BAL",0,"T","F",0,0,0,0,0,"T","F",0,0,"T","T","bailb001","hower001","T","T",0,0,0,0,0,0,0,0,0,"","","",0,0,0,0,0,0,0,0,0,0,0,0,0,"decid001","F","F","F","F",0,0,0,0,0,0,0,0,0,0,F,F,"1978BAL.EVA.regular.event.csv",2626
"BAL197807051","TOR",1,0,1,0,0,"",0,0,"bailb001","?","bailb001","?","flanm001","?","flanm001","?","skagd101","murre001","dauer001","decid001","belam101","moraa101","lopec101","singk001","","","","53","F","F",9,2,2,"T","T",0,"F","F",1,"F","F",0,"F","F",5,"G","F","F","",0,0,"N",0,"N",0,"N",0,0,0,0,"53","","","","F","F","F","F","F","F","F","F","F","","","","F","F","F","F","F","","","","",0,3,0,0,5,0,0,0,0,2,"BAL","TOR","BAL",0,"F","F",0,0,0,1,1,"T","F",0,0,"T","T","hower001","cartr101","T","T",0,0,0,0,0,0,0,0,0,"","","",0,0,0,0,0,0,0,0,0,0,0,0,0,"decid001","F","F","F","F",0,0,0,0,0,0,0,0,0,0,F,F,"1978BAL.EVA.regular.event.csv",2627
"BAL197807051","TOR",1,0,2,0,0,"",0,0,"hower001","?","hower001","?","flanm001","?","flanm001","?","skagd101","murre001","dauer001","decid001","belam101","moraa101","lopec101","singk001","","","","53","F","F",5,3,2,"T","T",0,"F","F",1,"F","F",0,"F","F",5,"G","F","F","",0,0,"N",0,"N",0,"N",0,0,0,0,"53","","","","F","F","F","F","F","F","F","F","F","","","","F","F","F","F","F","","","","",0,3,0,0,5,0,0,0,0,3,"BAL","TOR","BAL",0,"F","T",0,0,0,2,2,"T","F",0,0,"T","T","cartr101","veleo101","T","T",0,0,0,0,0,0,0,0,0,"","","",0,0,0,0,0,0,0,0,0,0,0,0,0,"decid001","F","F","F","F",0,0,0,0,0,0,0,0,0,0,F,F,"1978BAL.EVA.regular.event.csv",2628
"BAL197807051","TOR",1,1,0,0,0,"",0,0,"belam101","?","belam101","?","garvj101","?","garvj101","?","ceror001","aultd101","mckad101","hower001","gomel101","veleo101","boser101","bailb001","","","","3/P3F","T","F",6,1,2,"T","T",0,"F","F",1,"F","F",0,"F","F",3,"P","F","T","3F",0,0,"N",0,"N",0,"N",0,0,0,0,"3","","","","F","F","F","F","F","F","F","F","F","","","","F","F","F","F","F","","","","",0,3,0,0,0,0,0,0,0,4,"BAL","BAL","TOR",1,"T","F",0,0,0,0,0,"T","F",0,0,"T","T","dauer001","singk001","T","T",0,0,0,0,0,0,0,0,0,"","","",0,0,0,0,0,0,0,0,0,0,0,0,0,"aultd101","F","F","F","F",0,0,0,0,0,0,0,0,0,0,F,F,"1978BAL.EVA.regular.event.csv",2629
"BAL197807051","TOR",1,1,1,0,0,"",0,0,"dauer001","?","dauer001","?","garvj101","?","garvj101","?","ceror001","aultd101","mckad101","hower001","gomel101","veleo101","boser101","bailb001","","","","6","F","F",4,2,2,"T","T",0,"F","F",1,"F","F",0,"F","F",6,"F","F","F","",0,0,"N",0,"N",0,"N",0,0,0,0,"6","","","","F","F","F","F","F","F","F","F","F","","","","F","F","F","F","F","","","","",0,6,0,0,0,0,0,0,0,5,"BAL","BAL","TOR",1,"F","F",0,0,0,1,1,"T","F",0,0,"T","T","singk001","murre001","T","T",0,0,0,0,0,0,0,0,0,"","","",0,0,0,0,0,0,0,0,0,0,0,0,0,"gomel101","F","F","F","F",0,0,0,0,0,0,0,0,0,0,F,F,"1978BAL.EVA.regular.event.csv",2630
"BAL197807051","TOR",1,1,2,0,0,"",0,0,"singk001","?","singk001","?","garvj101","?","garvj101","?","ceror001","aultd101","mckad101","hower001","gomel101","veleo101","boser101","bailb001","","","","53","F","F",9,3,2,"T","T",0,"F","F",1,"F","F",0,"F","F",5,"G","F","F","",0,0,"N",0,"N",0,"N",0,0,0,0,"53","","","","F","F","F","F","F","F","F","F","F","","","","F","F","F","F","F","","","","",0,3,0,0,5,0,0,0,0,6,"BAL","BAL","TOR",1,"F","T",0,0,0,2,2,"T","F",0,0,"T","T","murre001","may-l101","T","T",0,0,0,0,0,0,0,0,0,"","","",0,0,0,0,0,0,0,0,0,0,0,0,0,"hower001","F","F","F","F",0,0,0,0,0,0,0,0,0,0,F,F,"1978BAL.EVA.regular.event.csv",2631
"BAL197807051","TOR",2,0,0,0,0,"",0,0,"cartr101","?","cartr101","?","flanm001","?","flanm001","?","skagd101","murre001","dauer001","decid001","belam101","moraa101","lopec101","singk001","","","","63","T","F",10,4,2,"T","T",0,"F","F",1,"F","F",0,"F","F",6,"G","F","F","",0,0,"N",0,"N",0,"N",0,0,0,0,"63","","","","F","F","F","F","F","F","F","F","F","","","","F","F","F","F","F","","","","",0,3,0,0,6,0,0,0,0,7,"BAL","TOR","BAL",0,"T","F",0,0,0,3,0,"T","F",0,0,"T","T","veleo101","aultd101","T","T",0,0,0,0,0,0,0,0,0,"","","",0,0,0,0,0,0,0,0,0,0,0,0,0,"belam101","F","F","F","F",0,0,0,0,0,0,0,0,0,0,F,F,"1978BAL.EVA.regular.event.csv",2632
"BAL197807051","TOR",2,0,1,0,0,"",0,0,"veleo101","?","veleo101","?","flanm001","?","flanm001","?","skagd101","murre001","dauer001","decid001","belam101","moraa101","lopec101","singk001","","","","K","F","F",7,5,3,"T","T",0,"F","F",1,"F","F",0,"F","F",0,"","F","F","",0,0,"N",0,"N",0,"N",0,0,0,0,"2","","","","F","F","F","F","F","F","F","F","F","","","","F","F","F","F","F","","","","",0,2,0,0,0,0,0,0,0,8,"BAL","TOR","BAL",0,"F","F",0,0,0,4,1,"T","F",0,0,"T","T","aultd101","mckad101","T","T",0,0,0,0,0,0,0,0,0,"","","",0,0,0,0,0,0,0,0,0,0,0,0,0,"","F","F","F","F",0,0,0,0,0,0,0,0,0,0,F,F,"1978BAL.EVA.regular.event.csv",2633
"BAL197807051","TOR",2,0,2,0,0,"",0,0,"aultd101","?","aultd101","?","flanm001","?","flanm001","?","skagd101","murre001","dauer001","decid001","belam101","moraa101","lopec101","singk001","","","","63","F","F",3,6,2,"T","T",0,"F","F",1,"F","F",0,"F","F",6,"G","F","F","",0,0,"N",0,"N",0,"N",0,0,0,0,"63","","","","F","F","F","F","F","F","F","F","F","","","","F","F","F","F","F","","","","",0,3,0,0,6,0,0,0,0,9,"BAL","TOR","BAL",0,"F","T",0,0,0,5,2,"T","F",0,0,"T","T","mckad101","ceror001","T","T",0,0,0,0,0,0,0,0,0,"","","",0,0,0,0,0,0,0,0,0,0,0,0,0,"belam101","F","F","F","F",0,0,0,0,0,0,0,0,0,0,F,F,"1978BAL.EVA.regular.event.csv",2634
"BAL197807051","TOR",2,1,0,0,0,"",0,0,"murre001","?","murre001","?","garvj101","?","garvj101","?","ceror001","aultd101","mckad101","hower001","gomel101","veleo101","boser101","bailb001","","","","8","T","F",3,4,2,"T","T",0,"F","F",1,"F","F",0,"F","F",8,"F","F","F","",0,0,"N",0,"N",0,"N",0,0,0,0,"8","","","","F","F","F","F","F","F","F","F","F","","","","F","F","F","F","F","","","","",0,8,0,0,0,0,0,0,0,10,"BAL","BAL","TOR",1,"T","F",0,0,0,3,0,"T","F",0,0,"T","T","may-l101","moraa101","T","T",0,0,0,0,0,0,0,0,0,"","","",0,0,0,0,0,0,0,0,0,0,0,0,0,"boser101","F","F","F","F",0,0,0,0,0,0,0,0,0,0,F,F,"1978BAL.EVA.regular.event.csv",2635
"BAL197807051","TOR",2,1,1,0,0,"",0,0,"may-l101","?","may-l101","?","garvj101","?","garvj101","?","ceror001","aultd101","mckad101","hower001","gomel101","veleo101","boser101","bailb001","","","","D/F78","F","F",10,5,21,"T","T",2,"F","F",0,"F","F",0,"F","F",0,"F","F","F","78",0,0,"N",0,"N",0,"N",2,0,0,0,"","","","","F","F","F","F","F","F","F","F","F","","","","F","F","F","F","F","","","","",0,0,0,0,0,0,0,0,0,11,"BAL","BAL","TOR",1,"F","F",0,0,0,4,1,"T","F",0,2,"T","T","moraa101","decid001","T","T",0,0,0,0,0,0,0,0,0,"","","",0,0,0,0,0,0,0,0,0,0,0,0,0,"","F","F","F","F",0,0,0,0,0,0,0,0,0,0,F,F,"1978BAL.EVA.regular.event.csv",2636
"BAL197807051","TOR",2,1,1,0,0,"",0,0,"moraa101","?","moraa101","?","garvj101","?","garvj101","?","ceror001","aultd101","mckad101","hower001","gomel101","veleo101","boser101","bailb001","","may-l101","","53","F","F",7,6,2,"T","T",0,"F","F",1,"F","F",0,"F","F",5,"G","F","F","",0,0,"N",0,"N",0,"N",0,0,2,0,"53","","","","F","F","F","F","F","F","F","F","F","","garvj101","","F","F","F","F","F","","","","",0,3,0,0,5,0,0,0,0,12,"BAL","BAL","TOR",1,"F","F",0,0,0,5,2,"T","F",2,2,"T","T","decid001","lopec101","T","T",0,0,0,10,5,11,0,0,0,"","ceror001","",0,0,0,0,0,0,0,0,0,0,0,0,0,"hower001","F","F","F","F",0,0,0,0,0,0,0,0,0,0,F,F,"1978BAL.EVA.regular.event.csv",2637
"BAL197807051","TOR",2,1,2,0,0,"",0,0,"decid001","?","decid001","?","garvj101","?","garvj101","?","ceror001","aultd101","mckad101","hower001","gomel101","veleo101","boser101","bailb001","","may-l101","","9","F","F",5,7,2,"T","T",0,"F","F",1,"F","F",0,"F","F",9,"F","F","F","",0,0,"N",0,"N",0,"N",0,0,2,0,"9","","","","F","F","F","F","F","F","F","F","F","","garvj101","","F","F","F","F","F","","","","",0,9,0,0,0,0,0,0,0,13,"BAL","BAL","TOR",1,"F","T",0,0,0,6,3,"T","F",2,2,"T","T","lopec101","skagd101","T","T",0,0,0,10,5,11,0,0,0,"","ceror001","",0,0,0,0,0,0,0,0,0,0,0,0,0,"bailb001","F","F","F","F",0,0,0,0,0,0,0,0,0,0,F,F,"1978BAL.EVA.regular.event.csv",2638
"BAL197807051","TOR",3,0,0,0,0,"",0,0,"mckad101","?","mckad101","?","flanm001","?","flanm001","?","skagd101","murre001","dauer001","decid001","belam101","moraa101","lopec101","singk001","","","","43","T","F",4,7,2,"T","T",0,"F","F",1,"F","F",0,"F","F",4,"G","F","F","",0,0,"N",0,"N",0,"N",0,0,0,0,"43","","","","F","F","F","F","F","F","F","F","F","","","","F","F","F","F","F","","","","",0,3,0,0,4,0,0,0,0,14,"BAL","TOR","BAL",0,"T","F",0,0,0,6,0,"T","F",0,0,"T","T","ceror001","gomel101","T","T",0,0,0,0,0,0,0,0,0,"","","",0,0,0,0,0,0,0,0,0,0,0,0,0,"dauer001","F","F","F","F",0,0,0,0,0,0,0,0,0,0,F,F,"1978BAL.EVA.regular.event.csv",2639
"BAL197807051","TOR",3,0,1,0,0,"",0,0,"ceror001","?","ceror001","?","flanm001","?","flanm001","?","skagd101","murre001","dauer001","decid001","belam101","moraa101","lopec101","singk001","","","","7","F","F",2,8,2,"T","T",0,"F","F",1,"F","F",0,"F","F",7,"F","F","F","",0,0,"N",0,"N",0,"N",0,0,0,0,"7","","","","F","F","F","F","F","F","F","F","F","","","","F","F","F","F","F","","","","",0,7,0,0,0,0,0,0,0,15,"BAL","TOR","BAL",0,"F","F",0,0,0,7,1,"T","F",0,0,"T","T","gomel101","boser101","T","T",0,0,0,0,0,0,0,0,0,"","","",0,0,0,0,0,0,0,0,0,0,0,0,0,"moraa101","F","F","F","F",0,0,0,0,0,0,0,0,0,0,F,F,"1978BAL.EVA.regular.event.csv",2640
"BAL197807051","TOR",3,0,2,0,0,"",0,0,"gomel101","?","gomel101","?","flanm001","?","flanm001","?","skagd101","murre001","dauer001","decid001","belam101","moraa101","lopec101","singk001","","","","13","F","F",6,9,2,"T","T",0,"F","F",1,"F","F",0,"F","F",1,"G","F","F","",0,0,"N",0,"N",0,"N",0,0,0,0,"13","","","","F","F","F","F","F","F","F","F","F","","","","F","F","F","F","F","","","","",0,3,0,0,1,0,0,0,0,16,"BAL","TOR","BAL",0,"F","T",0,0,0,8,2,"T","F",0,0,"T","T","boser101","bailb001","T","T",0,0,0,0,0,0,0,0,0,"","","",0,0,0,0,0,0,0,0,0,0,0,0,0,"flanm001","F","F","F","F",0,0,0,0,0,0,0,0,0,0,F,F,"1978BAL.EVA.regular.event.csv",2641
"BAL197807051","TOR",3,1,0,0,0,"",0,0,"lopec101","?","lopec101","?","garvj101","?","garvj101","?","ceror001","aultd101","mckad101","hower001","gomel101","veleo101","boser101","bailb001","","","","K","T","F",8,8,3,"T","T",0,"F","F",1,"F","F",0,"F","F",0,"","F","F","",0,0,"N",0,"N",0,"N",0,0,0,0,"2","","","","F","F","F","F","F","F","F","F","F","","","","F","F","F","F","F","","","","",0,2,0,0,0,0,0,0,0,17,"BAL","BAL","TOR",1,"T","F",0,0,0,7,0,"T","F",0,0,"T","T","skagd101","belam101","T","T",0,0,0,0,0,0,0,0,0,"","","",0,0,0,0,0,0,0,0,0,0,0,0,0,"","F","F","F","F",0,0,0,0,0,0,0,0,0,0,F,F,"1978BAL.EVA.regular.event.csv",2642
"BAL197807051","TOR",3,1,1,0,0,"",0,0,"skagd101","?","skagd101","?","garvj101","?","garvj101","?","ceror001","aultd101","mckad101","hower001","gomel101","veleo101","boser101","bailb001","","","","S6","F","F",2,9,20,"T","T",1,"F","F",0,"F","F",0,"F","F",6,"","F","F","",0,0,"N",0,"N",0,"N",1,0,0,0,"","","","","F","F","F","F","F","F","F","F","F","","","","F","F","F","F","F","","","","",0,0,0,0,0,0,0,0,0,18,"BAL","BAL","TOR",1,"F","F",0,0,0,8,1,"T","F",0,1,"T","T","belam101","dauer001","T","T",0,0,0,0,0,0,0,0,0,"","","",0,0,0,0,0,0,0,0,0,0,0,0,0,"gomel101","F","F","F","F",0,0,0,0,0,0,0,0,0,0,F,F,"1978BAL.EVA.regular.event.csv",2643
"BAL197807051","TOR",3,1,1,0,0,"",0,0,"belam101","?","belam101","?","garvj101","?","garvj101","?","ceror001","aultd101","mckad101","hower001","gomel101","veleo101","boser101","bailb001","skagd101","","","POCS2(1363)","F","F",6,1,8,"F","F",0,"F","F",1,"F","F",0,"F","F",0,"","F","F","",0,0,"N",0,"N",0,"N",0,0,0,0,"","1363","","","F","F","F","T","F","F","T","F","F","garvj101","","","F","F","F","F","F","","","","",0,3,0,0,1,3,6,0,0,19,"BAL","BAL","TOR",1,"F","F",0,0,0,9,2,"T","F",1,0,"T","T","dauer001","singk001","T","T",2,9,18,0,0,0,0,0,0,"ceror001","","",0,0,0,0,0,0,0,0,0,0,0,0,0,"","F","F","F","F",0,0,0,0,0,0,0,0,0,0,F,F,"1978BAL.EVA.regular.event.csv",2644
"BAL197807051","TOR",3,1,2,0,0,"",0,0,"belam101","?","belam101","?","garvj101","?","garvj101","?","ceror001","aultd101","mckad101","hower001","gomel101","veleo101","boser101","bailb001","","","","K","F","F",6,1,3,"T","T",0,"F","F",1,"F","F",0,"F","F",0,"","F","F","",0,0,"N",0,"N",0,"N",0,0,0,0,"2","","","","F","F","F","F","F","F","F","F","F","","","","F","F","F","F","F","","","","",0,2,0,0,0,0,0,0,0,20,"BAL","BAL","TOR",1,"F","T",0,0,0,9,2,"F","F",0,0,"T","T","dauer001","singk001","T","T",0,0,0,0,0,0,0,0,0,"","","",0,0,0,0,0,0,0,0,0,0,0,0,0,"","F","F","F","F",0,0,0,0,0,0,0,0,0,0,F,F,"1978BAL.EVA.regular.event.csv",2645
"BAL197807051","TOR",4,0,0,0,0,"",0,0,"boser101","?","boser101","?","flanm001","?","flanm001","?","skagd101","murre001","dauer001","decid001","belam101","moraa101","lopec101","singk001","","","","63","T","F",8,1,2,"T","T",0,"F","F",1,"F","F",0,"F","F",6,"G","F","F","",0,0,"N",0,"N",0,"N",0,0,0,0,"63","","","","F","F","F","F","F","F","F","F","F","","","","F","F","F","F","F","","","","",0,3,0,0,6,0,0,0,0,21,"BAL","TOR","BAL",0,"T","F",0,0,0,9,0,"T","F",0,0,"T","T","bailb001","hower001","T","T",0,0,0,0,0,0,0,0,0,"","","",0,0,0,0,0,0,0,0,0,0,0,0,0,"belam101","F","F","F","F",0,0,0,0,0,0,0,0,0,0,F,F,"1978BAL.EVA.regular.event.csv",2646
"BAL197807051","TOR",4,0,1,0,0,"",0,0,"bailb001","?","bailb001","?","flanm001","?","flanm001","?","skagd101","murre001","dauer001","decid001","belam101","moraa101","lopec101","singk001","","","","7","F","F",9,2,2,"T","T",0,"F","F",1,"F","F",0,"F","F",7,"F","F","F","",0,0,"N",0,"N",0,"N",0,0,0,0,"7","","","","F","F","F","F","F","F","F","F","F","","","","F","F","F","F","F","","","","",0,7,0,0,0,0,0,0,0,22,"BAL","TOR","BAL",0,"F","F",0,0,0,10,1,"T","F",0,0,"T","T","hower001","cartr101","T","T",0,0,0,0,0,0,0,0,0,"","","",0,0,0,0,0,0,0,0,0,0,0,0,0,"moraa101","F","F","F","F",0,0,0,0,0,0,0,0,0,0,F,F,"1978BAL.EVA.regular.event.csv",2647
"BAL197807051","TOR",4,0,2,0,0,"",0,0,"hower001","?","hower001","?","flanm001","?","flanm001","?","skagd101","murre001","dauer001","decid001","belam101","moraa101","lopec101","singk001","","","","S4/G1","F","F",5,3,20,"T","T",1,"F","F",0,"F","F",0,"F","F",4,"G","F","F","1",0,0,"N",0,"N",0,"N",1,0,0,0,"","","","","F","F","F","F","F","F","F","F","F","","","","F","F","F","F","F","","","","",0,0,0,0,0,0,0,0,0,23,"BAL","TOR","BAL",0,"F","F",0,0,0,11,2,"T","F",0,1,"T","T","cartr101","veleo101","T","T",0,0,0,0,0,0,0,0,0,"","","",0,0,0,0,0,0,0,0,0,0,0,0,0,"dauer001","F","F","F","F",0,0,0,0,0,0,0,0,0,0,F,F,"1978BAL.EVA.regular.event.csv",2648
"BAL197807051","TOR",4,0,2,0,0,"",0,0,"cartr101","?","cartr101","?","flanm001","?","flanm001","?","skagd101","murre001","dauer001","decid001","belam101","moraa101","lopec101","singk001","hower001","","","13","F","F",10,4,2,"T","T",0,"F","F",1,"F","F",0,"F","F",1,"G","F","F","",0,0,"N",0,"N",0,"N",0,1,0,0,"13","","","","F","F","F","F","F","F","F","F","F","flanm001","","","F","F","F","F","F","","","","",0,3,0,0,1,0,0,0,0,24,"BAL","TOR","BAL",0,"F","T",0,0,0,12,3,"T","F",1,1,"T","T","veleo101","aultd101","T","T",5,3,23,0,0,0,0,0,0,"skagd101","","",0,0,0,0,0,0,0,0,0,0,0,0,0,"flanm001","F","F","F","F",0,0,0,0,0,0,0,0,0,0,F,F,"1978BAL.EVA.regular.event.csv",2649
"BAL197807051","TOR",4,1,0,0,0,"",0,0,"dauer001","?","dauer001","?","garvj101","?","garvj101","?","ceror001","aultd101","mckad101","hower001","gomel101","veleo101","boser101","bailb001","","","","2/P2F","T","F",4,2,2,"T","T",0,"F","F",1,"F","F",0,"F","F",2,"P","F","T","2F",0,0,"N",0,"N",0,"N",0,0,0,0,"2","","","","F","F","F","F","F","F","F","F","F","","","","F","F","F","F","F","","","","",0,2,0,0,0,0,0,0,0,25,"BAL","BAL","TOR",1,"T","F",0,0,0,10,0,"T","F",0,0,"T","T","singk001","murre001","T","T",0,0,0,0,0,0,0,0,0,"","","",0,0,0,0,0,0,0,0,0,0,0,0,0,"ceror001","F","F","F","F",0,0,0,0,0,0,0,0,0,0,F,F,"1978BAL.EVA.regular.event.csv",2650
"BAL197807051","TOR",4,1,1,0,0,"",0,0,"singk001","?","singk001","?","garvj101","?","garvj101","?","ceror001","aultd101","mckad101","hower001","gomel101","veleo101","boser101","bailb001","","","","8","F","F",9,3,2,"T","T",0,"F","F",1,"F","F",0,"F","F",8,"F","F","F","",0,0,"N",0,"N",0,"N",0,0,0,0,"8","","","","F","F","F","F","F","F","F","F","F","","","","F","F","F","F","F","","","","",0,8,0,0,0,0,0,0,0,26,"BAL","BAL","TOR",1,"F","F",0,0,0,11,1,"T","F",0,0,"T","T","murre001","may-l101","T","T",0,0,0,0,0,0,0,0,0,"","","",0,0,0,0,0,0,0,0,0,0,0,0,0,"boser101","F","F","F","F",0,0,0,0,0,0,0,0,0,0,F,F,"1978BAL.EVA.regular.event.csv",2651
"BAL197807051","TOR",4,1,2,0,0,"",0,0,"murre001","?","murre001","?","garvj101","?","garvj101","?","ceror001","aultd101","mckad101","hower001","gomel101","veleo101","boser101","bailb001","","","","K","F","F",3,4,3,"T","T",0,"F","F",1,"F","F",0,"F","F",0,"","F","F","",0,0,"N",0,"N",0,"N",0,0,0,0,"2","","","","F","F","F","F","F","F","F","F","F","","","","F","F","F","F","F","","","","",0,2,0,0,0,0,0,0,0,27,"BAL","BAL","TOR",1,"F","T",0,0,0,12,2,"T","F",0,0,"T","T","may-l101","moraa101","T","T",0,0,0,0,0,0,0,0,0,"","","",0,0,0,0,0,0,0,0,0,0,0,0,0,"","F","F","F","F",0,0,0,0,0,0,0,0,0,0,F,F,"1978BAL.EVA.regular.event.csv",2652
"BAL197807051","TOR",5,0,0,0,0,"",0,0,"veleo101","?","veleo101","?","flanm001","?","flanm001","?","skagd101","murre001","dauer001","decid001","belam101","moraa101","lopec101","singk001","","","","W","T","F",7,5,14,"T","F",0,"F","F",0,"F","F",0,"F","F",0,"","F","F","",0,0,"N",0,"N",0,"N",1,0,0,0,"","","","","F","F","F","F","F","F","F","F","F","","","","F","F","F","F","F","","","","",0,0,0,0,0,0,0,0,0,28,"BAL","TOR","BAL",0,"T","F",0,0,0,13,0,"T","F",0,1,"T","T","aultd101","mckad101","T","T",0,0,0,0,0,0,0,0,0,"","","",0,0,0,0,0,0,0,0,0,0,0,0,0,"","F","F","F","F",0,0,0,0,0,0,0,0,0,0,F,F,"1978BAL.EVA.regular.event.csv",2653
"BAL197807051","TOR",5,0,0,0,0,"",0,0,"aultd101","?","aultd101","?","flanm001","?","flanm001","?","skagd101","murre001","dauer001","decid001","belam101","moraa101","lopec101","singk001","veleo101","","","PO1(23)","F","F",3,6,8,"F","F",0,"F","F",1,"F","F",0,"F","F",0,"","F","F","",0,0,"N",0,"N",0,"N",0,0,0,0,"","23","","","F","F","F","F","F","F","T","F","F","flanm001","","","F","F","F","F","F","","","","",0,3,0,0,2,0,0,0,0,29,"BAL","TOR","BAL",0,"F","F",0,0,0,14,1,"T","F",1,0,"T","T","mckad101","ceror001","T","T",7,5,28,0,0,0,0,0,0,"skagd101","","",0,0,0,0,0,0,0,0,0,0,0,0,0,"","F","F","F","F",0,0,0,0,0,0,0,0,0,0,F,F,"1978BAL.EVA.regular.event.csv",2654
"BAL197807051","TOR",5,0,1,0,0,"",0,0,"aultd101","?","aultd101","?","flanm001","?","flanm001","?","skagd101","murre001","dauer001","decid001","belam101","moraa101","lopec101","singk001","","","","4/P","F","F",3,6,2,"T","T",0,"F","F",1,"F","F",0,"F","F",4,"P","F","F","",0,0,"N",0,"N",0,"N",0,0,0,0,"4","","","","F","F","F","F","F","F","F","F","F","","","","F","F","F","F","F","","","","",0,4,0,0,0,0,0,0,0,30,"BAL","TOR","BAL",0,"F","F",0,0,0,14,1,"F","F",0,0,"T","T","mckad101","ceror001","T","T",0,0,0,0,0,0,0,0,0,"","","",0,0,0,0,0,0,0,0,0,0,0,0,0,"dauer001","F","F","F","F",0,0,0,0,0,0,0,0,0,0,F,F,"1978BAL.EVA.regular.event.csv",2655
"BAL197807051","TOR",5,0,2,0,0,"",0,0,"mckad101","?","mckad101","?","flanm001","?","flanm001","?","skagd101","murre001","dauer001","decid001","belam101","moraa101","lopec101","singk001","","","","4/P","F","F",4,7,2,"T","T",0,"F","F",1,"F","F",0,"F","F",4,"P","F","F","",0,0,"N",0,"N",0,"N",0,0,0,0,"4","","","","F","F","F","F","F","F","F","F","F","","","","F","F","F","F","F","","","","",0,4,0,0,0,0,0,0,0,31,"BAL","TOR","BAL",0,"F","T",0,0,0,15,2,"T","F",0,0,"T","T","ceror001","gomel101","T","T",0,0,0,0,0,0,0,0,0,"","","",0,0,0,0,0,0,0,0,0,0,0,0,0,"dauer001","F","F","F","F",0,0,0,0,0,0,0,0,0,0,F,F,"1978BAL.EVA.regular.event.csv",2656
"BAL197807051","TOR",5,1,0,0,0,"",0,0,"may-l101","?","may-l101","?","garvj101","?","garvj101","?","ceror001","aultd101","mckad101","hower001","gomel101","veleo101","boser101","bailb001","","","","6","T","F",10,5,2,"T","T",0,"F","F",1,"F","F",0,"F","F",6,"F","F","F","",0,0,"N",0,"N",0,"N",0,0,0,0,"6","","","","F","F","F","F","F","F","F","F","F","","","","F","F","F","F","F","","","","",0,6,0,0,0,0,0,0,0,32,"BAL","BAL","TOR",1,"T","F",0,0,0,13,0,"T","F",0,0,"T","T","moraa101","decid001","T","T",0,0,0,0,0,0,0,0,0,"","","",0,0,0,0,0,0,0,0,0,0,0,0,0,"gomel101","F","F","F","F",0,0,0,0,1,0,0,0,0,0,F,F,"1978BAL.EVA.regular.event.csv",2657
"BAL197807051","TOR",5,1,1,0,0,"",0,0,"moraa101","?","moraa101","?","garvj101","?","garvj101","?","ceror001","aultd101","mckad101","hower001","gomel101","veleo101","boser101","bailb001","","","","HR/7","F","F",7,6,23,"T","T",4,"F","F",0,"F","F",1,"F","F",0,"","F","F","7",0,0,"N",0,"N",0,"N",4,0,0,0,"","","","","F","F","F","F","F","F","F","F","F","","","","F","F","F","F","F","","","","",0,0,0,0,0,0,0,0,0,33,"BAL","BAL","TOR",1,"F","F",0,0,0,14,1,"T","F",0,0,"T","T","decid001","lopec101","T","T",0,0,0,0,0,0,0,0,0,"","","",0,0,0,0,0,0,0,0,0,0,0,0,1,"","F","F","F","F",4,0,0,0,0,0,0,0,0,0,F,F,"1978BAL.EVA.regular.event.csv",2658
"BAL197807051","TOR",5,1,1,0,0,"",0,1,"decid001","?","decid001","?","garvj101","?","garvj101","?","ceror001","aultd101","mckad101","hower001","gomel101","veleo101","boser101","bailb001","","","","K","F","F",5,7,3,"T","T",0,"F","F",1,"F","F",0,"F","F",0,"","F","F","",0,0,"N",0,"N",0,"N",0,0,0,0,"2","","","","F","F","F","F","F","F","F","F","F","","","","F","F","F","F","F","","","","",0,2,0,0,0,0,0,0,0,34,"BAL","BAL","TOR",1,"F","F",1,0,1,15,2,"T","F",0,0,"T","T","lopec101","skagd101","T","T",0,0,0,0,0,0,0,0,0,"","","",0,0,0,0,0,0,0,0,0,0,0,0,0,"","F","F","F","F",0,0,0,0,0,0,0,0,0,0,F,F,"1978BAL.EVA.regular.event.csv",2659
"BAL197807051","TOR",5,1,2,0,0,"",0,1,"lopec101","?","lopec101","?","garvj101","?","garvj101","?","ceror001","aultd101","mckad101","hower001","gomel101","veleo101","boser101","bailb001","","","","K","F","F",8,8,3,"T","T",0,"F","F",1,"F","F",0,"F","F",0,"","F","F","",0,0,"N",0,"N",0,"N",0,0,0,0,"2","","","","F","F","F","F","F","F","F","F","F","","","","F","F","F","F","F","","","","",0,2,0,0,0,0,0,0,0,35,"BAL","BAL","TOR",1,"F","T",1,0,1,16,3,"T","F",0,0,"T","T","skagd101","belam101","T","T",0,0,0,0,0,0,0,0,0,"","","",0,0,0,0,0,0,0,0,0,0,0,0,0,"","F","F","F","F",0,0,0,0,0,0,0,0,0,0,F,F,"1978BAL.EVA.regular.event.csv",2660
"BAL197807051","TOR",6,0,0,0,0,"",0,1,"ceror001","?","ceror001","?","flanm001","?","flanm001","?","skagd101","murre001","dauer001","decid001","belam101","moraa101","lopec101","singk001","","","","53","T","F",2,8,2,"T","T",0,"F","F",1,"F","F",0,"F","F",5,"G","F","F","",0,0,"N",0,"N",0,"N",0,0,0,0,"53","","","","F","F","F","F","F","F","F","F","F","","","","F","F","F","F","F","","","","",0,3,0,0,5,0,0,0,0,36,"BAL","TOR","BAL",0,"T","F",0,1,0,16,0,"T","F",0,0,"T","T","gomel101","boser101","T","T",0,0,0,0,0,0,0,0,0,"","","",0,0,0,0,0,0,0,0,0,0,0,0,0,"decid001","F","F","F","F",0,0,0,0,0,0,0,0,0,0,F,F,"1978BAL.EVA.regular.event.csv",2661
"BAL197807051","TOR",6,0,1,0,0,"",0,1,"gomel101","?","gomel101","?","flanm001","?","flanm001","?","skagd101","murre001","dauer001","decid001","belam101","moraa101","lopec101","singk001","","","","4/L","F","F",6,9,2,"T","T",0,"F","F",1,"F","F",0,"F","F",4,"L","F","F","",0,0,"N",0,"N",0,"N",0,0,0,0,"4","","","","F","F","F","F","F","F","F","F","F","","","","F","F","F","F","F","","","","",0,4,0,0,0,0,0,0,0,37,"BAL","TOR","BAL",0,"F","F",0,1,0,17,1,"T","F",0,0,"T","T","boser101","bailb001","T","T",0,0,0,0,0,0,0,0,0,"","","",0,0,0,0,0,0,0,0,0,0,0,0,0,"dauer001","F","F","F","F",0,0,0,0,0,0,0,0,0,0,F,F,"1978BAL.EVA.regular.event.csv",2662
"BAL197807051","TOR",6,0,2,0,0,"",0,1,"boser101","?","boser101","?","flanm001","?","flanm001","?","skagd101","murre001","dauer001","decid001","belam101","moraa101","lopec101","singk001","","","","D9","F","F",8,1,21,"T","T",2,"F","F",0,"F","F",0,"F","F",9,"","F","F","",0,0,"N",0,"N",0,"N",2,0,0,0,"","","","","F","F","F","F","F","F","F","F","F","","","","F","F","F","F","F","","","","",0,0,0,0,0,0,0,0,0,38,"BAL","TOR","BAL",0,"F","F",0,1,0,18,2,"T","F",0,2,"T","T","bailb001","hower001","T","T",0,0,0,0,0,0,0,0,0,"","","",0,0,0,0,0,0,0,0,0,0,0,0,0,"singk001","F","F","F","F",0,0,0,0,0,0,0,0,0,0,F,F,"1978BAL.EVA.regular.event.csv",2663
"BAL197807051","TOR",6,0,2,0,0,"",0,1,"bailb001","?","bailb001","?","flanm001","?","flanm001","?","skagd101","murre001","dauer001","decid001","belam101","moraa101","lopec101","singk001","","boser101","","53","F","F",9,2,2,"T","T",0,"F","F",1,"F","F",0,"F","F",5,"G","F","F","",0,0,"N",0,"N",0,"N",0,0,2,0,"53","","","","F","F","F","F","F","F","F","F","F","","flanm001","","F","F","F","F","F","","","","",0,3,0,0,5,0,0,0,0,39,"BAL","TOR","BAL",0,"F","T",0,1,0,19,3,"T","F",2,2,"T","T","hower001","cartr101","T","T",0,0,0,8,1,38,0,0,0,"","skagd101","",0,0,0,0,0,0,0,0,0,0,0,0,0,"decid001","F","F","F","F",0,0,0,0,0,0,0,0,0,0,F,F,"1978BAL.EVA.regular.event.csv",2664
"BAL197807051","TOR",6,1,0,0,0,"",0,1,"skagd101","?","skagd101","?","garvj101","?","garvj101","?","ceror001","aultd101","mckad101","hower001","gomel101","veleo101","boser101","bailb001","","","","W","T","F",2,9,14,"T","F",0,"F","F",0,"F","F",0,"F","F",0,"","F","F","",0,0,"N",0,"N",0,"N",1,0,0,0,"","","","","F","F","F","F","F","F","F","F","F","","","","F","F","F","F","F","","","","",0,0,0,0,0,0,0,0,0,40,"BAL","BAL","TOR",1,"T","F",1,0,0,17,0,"T","F",0,1,"T","T","belam101","dauer001","T","T",0,0,0,0,0,0,0,0,0,"","","",0,0,0,0,0,0,0,0,0,0,0,0,0,"","F","F","F","F",4,0,0,0,2,0,0,0,0,0,F,F,"1978BAL.EVA.regular.event.csv",2665
"BAL197807051","TOR",6,1,0,0,0,"",0,1,"belam101","?","belam101","?","garvj101","?","garvj101","?","ceror001","aultd101","mckad101","hower001","gomel101","veleo101","boser101","bailb001","skagd101","","","53/SH.1-2","F","F",6,1,2,"T","F",0,"T","F",1,"F","F",0,"F","F",5,"G","T","F","",0,0,"N",0,"N",0,"N",0,2,0,0,"53","","","","F","F","F","F","F","F","F","F","F","garvj101","","","F","F","F","F","F","","","","",0,3,0,0,5,0,0,0,0,41,"BAL","BAL","TOR",1,"F","F",1,0,0,18,1,"T","F",1,2,"T","T","dauer001","singk001","T","T",2,9,40,0,0,0,0,0,0,"ceror001","","",0,0,0,0,0,0,0,0,0,0,0,0,0,"hower001","F","F","F","F",0,4,0,0,2,0,0,0,0,0,F,F,"1978BAL.EVA.regular.event.csv",2666
"BAL197807051","TOR",6,1,1,0,0,"",0,1,"dauer001","?","dauer001","?","garvj101","?","garvj101","?","ceror001","aultd101","mckad101","hower001","gomel101","veleo101","boser101","bailb001","","skagd101","","S7.2-3","F","F",4,2,20,"T","T",1,"F","F",0,"F","F",0,"F","F",7,"","F","F","",0,0,"N",0,"N",0,"N",1,0,3,0,"","","","","F","F","F","F","F","F","F","F","F","","garvj101","","F","F","F","F","F","","","","",0,0,0,0,0,0,0,0,0,42,"BAL","BAL","TOR",1,"F","F",1,0,0,19,2,"T","F",2,5,"T","T","singk001","murre001","T","T",0,0,0,2,9,40,0,0,0,"","ceror001","",0,0,0,0,0,0,0,0,0,0,0,0,0,"veleo101","F","F","F","F",4,0,4,0,2,0,0,0,0,0,F,F,"1978BAL.EVA.regular.event.csv",2667
"BAL197807051","TOR",6,1,1,0,0,"",0,1,"singk001","?","singk001","?","garvj101","?","garvj101","?","ceror001","aultd101","mckad101","hower001","gomel101","veleo101","boser101","bailb001","dauer001","","skagd101","D7.3-H;1-3","F","F",9,3,21,"T","T",2,"F","F",0,"F","F",1,"F","F",7,"","F","F","",0,0,"N",0,"N",0,"N",2,3,0,4,"","","","","F","F","F","F","F","F","F","F","F","garvj101","","garvj101","F","F","F","F","F","","","","",0,0,0,0,0,0,0,0,0,43,"BAL","BAL","TOR",1,"F","F",1,0,0,20,3,"T","F",5,6,"T","T","murre001","may-l101","T","T",4,2,42,0,0,0,2,9,40,"ceror001","","ceror001",0,0,0,0,0,0,0,0,0,0,0,0,1,"veleo101","F","F","F","F",3,4,0,4,1,0,0,0,0,0,F,F,"1978BAL.EVA.regular.event.csv",2668
"BAL197807051","TOR",6,1,1,0,0,"",0,2,"murre001","?","murre001","?","garvj101","?","garvj101","?","ceror001","aultd101","mckad101","hower001","gomel101","veleo101","boser101","bailb001","","harll101","dauer001","IW","F","F",3,4,15,"T","F",0,"F","F",0,"F","F",0,"F","F",0,"","F","F","",0,0,"N",0,"N",0,"N",1,0,2,3,"","","","","F","F","F","F","F","F","F","F","F","","garvj101","garvj101","F","F","F","T","F","","singk001","","",0,0,0,0,0,0,0,0,0,44,"BAL","BAL","TOR",1,"F","F",2,0,1,21,4,"T","F",6,7,"T","T","may-l101","moraa101","T","T",0,0,0,0,3,43,4,2,42,"","ceror001","ceror001",0,0,0,0,0,0,0,0,0,0,0,0,0,"","F","F","F","F",0,0,3,4,1,0,0,0,0,0,F,F,"1978BAL.EVA.regular.event.csv",2669
"BAL197807051","TOR",6,1,1,0,0,"",0,2,"may-l101","?","may-l101","?","garvj101","?","garvj101","?","ceror001","aultd101","mckad101","hower001","gomel101","veleo101","boser101","bailb001","murre001","harll101","dauer001","64(1)/FO.3-H;2-3","F","F",10,5,2,"T","T",0,"F","F",1,"F","F",1,"F","F",6,"G","F","F","",0,0,"N",0,"N",0,"N",1,0,3,4,"","64","","","F","F","F","F","F","F","F","F","F","garvj101","garvj101","garvj101","F","F","F","F","F","","","","",0,4,0,0,6,0,0,0,0,45,"BAL","BAL","TOR",1,"F","F",2,0,1,22,5,"T","F",7,5,"T","T","moraa101","decid001","T","T",3,4,44,0,3,43,4,2,42,"ceror001","ceror001","ceror001",0,0,0,0,0,0,0,0,0,0,0,0,1,"gomel101","T","F","F","F",1,0,3,4,0,0,0,0,0,0,F,F,"1978BAL.EVA.regular.event.csv",2670
"BAL197807051","TOR",6,1,2,0,0,"",0,3,"moraa101","?","moraa101","?","garvj101","?","garvj101","?","ceror001","aultd101","mckad101","hower001","gomel101","veleo101","boser101","bailb001","may-l101","","harll101","7","F","F",7,6,2,"T","T",0,"F","F",1,"F","F",0,"F","F",7,"F","F","F","",0,0,"N",0,"N",0,"N",0,1,0,3,"7","","","","F","F","F","F","F","F","F","F","F","garvj101","","garvj101","F","F","F","F","F","","","","",0,7,0,0,0,0,0,0,0,46,"BAL","BAL","TOR",1,"F","T",3,0,2,23,6,"T","F",5,5,"T","T","decid001","lopec101","T","T",10,5,45,0,0,0,0,3,43,"ceror001","","ceror001",0,0,0,0,0,0,0,0,0,0,0,0,0,"veleo101","F","F","F","F",0,1,0,3,0,0,0,0,0,0,F,F,"1978BAL.EVA.regular.event.csv",2671
"BAL197807051","TOR",7,0,0,0,0,"",0,3,"hower001","?","hower001","?","flanm001","?","flanm001","?","skagd101","murre001","dauer001","decid001","belam101","andem101","harll101","lopec101","","","","W","T","F",5,3,14,"T","F",0,"F","F",0,"F","F",0,"F","F",0,"","F","F","",0,0,"N",0,"N",0,"N",1,0,0,0,"","","","","F","F","F","F","F","F","F","F","F","","","","F","F","F","F","F","","","","",0,0,0,0,0,0,0,0,0,47,"BAL","TOR","BAL",0,"T","F",0,3,0,20,0,"T","F",0,1,"T","T","cartr101","veleo101","T","T",0,0,0,0,0,0,0,0,0,"","","",0,0,0,0,0,0,0,0,0,0,0,0,0,"","F","F","F","F",0,0,0,0,0,0,0,0,0,0,F,F,"1978BAL.EVA.regular.event.csv",2672
"BAL197807051","TOR",7,0,0,0,0,"",0,3,"cartr101","?","cartr101","?","flanm001","?","flanm001","?","skagd101","murre001","dauer001","decid001","belam101","andem101","harll101","lopec101","hower001","","","D7.1-3","F","F",10,4,21,"T","T",2,"F","F",0,"F","F",0,"F","F",7,"","F","F","",0,0,"N",0,"N",0,"N",2,3,0,0,"","","","","F","F","F","F","F","F","F","F","F","flanm001","","","F","F","F","F","F","","","","",0,0,0,0,0,0,0,0,0,48,"BAL","TOR","BAL",0,"F","F",0,3,0,21,1,"T","F",1,6,"T","T","veleo101","aultd101","T","T",5,3,47,0,0,0,0,0,0,"skagd101","","",0,0,0,0,0,0,0,0,0,0,0,0,0,"andem101","F","F","F","F",0,0,0,0,0,0,0,0,0,0,F,F,"1978BAL.EVA.regular.event.csv",2673
"BAL197807051","TOR",7,0,0,0,0,"",0,3,"veleo101","?","veleo101","?","flanm001","?","flanm001","?","skagd101","murre001","dauer001","decid001","belam101","andem101","harll101","lopec101","","cartr101","hower001","4","F","F",7,5,2,"T","T",0,"F","F",1,"F","F",0,"F","F",4,"F","F","F","",0,0,"N",0,"N",0,"N",0,0,2,3,"4","","","","F","F","F","F","F","F","F","F","F","","flanm001","flanm001","F","F","F","F","F","","","","",0,4,0,0,0,0,0,0,0,49,"BAL","TOR","BAL",0,"F","F",0,3,0,22,2,"T","F",6,6,"T","T","aultd101","mckad101","T","T",0,0,0,10,4,48,5,3,47,"","skagd101","skagd101",0,0,0,0,0,0,0,0,0,0,0,0,0,"dauer001","F","F","F","F",0,0,0,0,0,0,0,0,0,0,F,F,"1978BAL.EVA.regular.event.csv",2674
"BAL197807051","TOR",7,0,1,0,0,"",0,3,"aultd101","?","aultd101","?","flanm001","?","flanm001","?","skagd101","murre001","dauer001","decid001","belam101","andem101","harll101","lopec101","","cartr101","hower001","6(B)4(2)/LDP","F","F",3,6,2,"T","T",0,"F","F",2,"T","F",0,"F","F",6,"L","F","F","",0,0,"N",0,"N",0,"N",0,0,0,3,"6","","64","","F","F","F","F","F","F","F","F","F","","flanm001","flanm001","F","F","F","F","F","","","","",0,6,4,0,6,0,0,0,0,50,"BAL","TOR","BAL",0,"F","T",0,3,0,23,3,"T","F",6,4,"T","T","mckad101","ceror001","T","T",0,0,0,10,4,48,5,3,47,"","skagd101","skagd101",0,0,0,0,0,0,0,0,0,0,0,0,0,"belam101","F","F","F","F",0,0,0,0,0,0,0,0,0,0,F,F,"1978BAL.EVA.regular.event.csv",2675
"BAL197807051","TOR",7,1,0,0,0,"",0,3,"decid001","?","decid001","?","garvj101","?","garvj101","?","ceror001","aultd101","mckad101","hower001","gomel101","veleo101","boser101","bailb001","","","","K/C","T","F",5,7,3,"T","T",0,"F","F",1,"F","F",0,"F","F",0,"","F","F","",0,0,"N",0,"N",0,"N",0,0,0,0,"2","","","","F","F","F","F","F","F","F","F","F","","","","F","F","F","F","F","","","","",0,2,0,0,0,0,0,0,0,51,"BAL","BAL","TOR",1,"T","F",3,0,0,24,0,"T","F",0,0,"T","T","lopec101","skagd101","T","T",0,0,0,0,0,0,0,0,0,"","","",0,0,0,0,0,0,0,0,0,0,0,0,0,"","F","F","F","F",0,0,0,0,0,0,0,0,0,0,F,F,"1978BAL.EVA.regular.event.csv",2676
"BAL197807051","TOR",7,1,1,0,0,"",0,3,"lopec101","?","lopec101","?","garvj101","?","garvj101","?","ceror001","aultd101","mckad101","hower001","gomel101","veleo101","boser101","bailb001","","","","8","F","F",9,8,2,"T","T",0,"F","F",1,"F","F",0,"F","F",8,"F","F","F","",0,0,"N",0,"N",0,"N",0,0,0,0,"8","","","","F","F","F","F","F","F","F","F","F","","","","F","F","F","F","F","","","","",0,8,0,0,0,0,0,0,0,52,"BAL","BAL","TOR",1,"F","F",3,0,0,25,1,"T","F",0,0,"T","T","skagd101","belam101","T","T",0,0,0,0,0,0,0,0,0,"","","",0,0,0,0,0,0,0,0,0,0,0,0,0,"boser101","F","F","F","F",0,0,0,0,0,0,0,0,0,0,F,F,"1978BAL.EVA.regular.event.csv",2677
"BAL197807051","TOR",7,1,2,0,0,"",0,3,"skagd101","?","skagd101","?","garvj101","?","garvj101","?","ceror001","aultd101","mckad101","hower001","gomel101","veleo101","boser101","bailb001","","","","7/L","F","F",2,9,2,"T","T",0,"F","F",1,"F","F",0,"F","F",7,"L","F","F","",0,0,"N",0,"N",0,"N",0,0,0,0,"7","","","","F","F","F","F","F","F","F","F","F","","","","F","F","F","F","F","","","","",0,7,0,0,0,0,0,0,0,53,"BAL","BAL","TOR",1,"F","T",3,0,0,26,2,"T","F",0,0,"T","T","belam101","dauer001","T","T",0,0,0,0,0,0,0,0,0,"","","",0,0,0,0,0,0,0,0,0,0,0,0,0,"veleo101","F","F","F","F",0,0,0,0,0,0,0,0,0,0,F,F,"1978BAL.EVA.regular.event.csv",2678
"BAL197807051","TOR",8,0,0,0,0,"",0,3,"mckad101","?","mckad101","?","flanm001","?","flanm001","?","skagd101","murre001","dauer001","decid001","belam101","andem101","harll101","lopec101","","","","63","T","F",4,7,2,"T","T",0,"F","F",1,"F","F",0,"F","F",6,"G","F","F","",0,0,"N",0,"N",0,"N",0,0,0,0,"63","","","","F","F","F","F","F","F","F","F","F","","","","F","F","F","F","F","","","","",0,3,0,0,6,0,0,0,0,54,"BAL","TOR","BAL",0,"T","F",0,3,0,24,0,"T","F",0,0,"T","T","ceror001","gomel101","T","T",0,0,0,0,0,0,0,0,0,"","","",0,0,0,0,0,0,0,0,0,0,0,0,0,"belam101","F","F","F","F",0,0,0,0,0,0,0,0,0,0,F,F,"1978BAL.EVA.regular.event.csv",2679
"BAL197807051","TOR",8,0,1,0,0,"",0,3,"ceror001","?","ceror001","?","flanm001","?","flanm001","?","skagd101","murre001","dauer001","decid001","belam101","andem101","harll101","lopec101","","","","K/C","F","F",2,8,3,"T","T",0,"F","F",1,"F","F",0,"F","F",0,"","F","F","",0,0,"N",0,"N",0,"N",0,0,0,0,"2","","","","F","F","F","F","F","F","F","F","F","","","","F","F","F","F","F","","","","",0,2,0,0,0,0,0,0,0,55,"BAL","TOR","BAL",0,"F","F",0,3,0,25,1,"T","F",0,0,"T","T","gomel101","boser101","T","T",0,0,0,0,0,0,0,0,0,"","","",0,0,0,0,0,0,0,0,0,0,0,0,0,"","F","F","F","F",0,0,0,0,0,0,0,0,0,0,F,F,"1978BAL.EVA.regular.event.csv",2680
"BAL197807051","TOR",8,0,2,0,0,"",0,3,"gomel101","?","gomel101","?","flanm001","?","flanm001","?","skagd101","murre001","dauer001","decid001","belam101","andem101","harll101","lopec101","","","","K","F","F",6,9,3,"T","T",0,"F","F",1,"F","F",0,"F","F",0,"","F","F","",0,0,"N",0,"N",0,"N",0,0,0,0,"2","","","","F","F","F","F","F","F","F","F","F","","","","F","F","F","F","F","","","","",0,2,0,0,0,0,0,0,0,56,"BAL","TOR","BAL",0,"F","T",0,3,0,26,2,"T","F",0,0,"T","T","boser101","bailb001","T","T",0,0,0,0,0,0,0,0,0,"","","",0,0,0,0,0,0,0,0,0,0,0,0,0,"","F","F","F","F",0,0,0,0,0,0,0,0,0,0,F,F,"1978BAL.EVA.regular.event.csv",2681
"BAL197807051","TOR",8,1,0,0,0,"",0,3,"belam101","?","belam101","?","garvj101","?","garvj101","?","ceror001","aultd101","mckad101","hower001","gomel101","veleo101","boser101","bailb001","","","","9","T","F",6,1,2,"T","T",0,"F","F",1,"F","F",0,"F","F",9,"F","F","F","",0,0,"N",0,"N",0,"N",0,0,0,0,"9","","","","F","F","F","F","F","F","F","F","F","","","","F","F","F","F","F","","","","",0,9,0,0,0,0,0,0,0,57,"BAL","BAL","TOR",1,"T","F",3,0,0,27,0,"T","F",0,0,"T","T","dauer001","harll101","T","T",0,0,0,0,0,0,0,0,0,"","","",0,0,0,0,0,0,0,0,0,0,0,0,0,"bailb001","F","F","F","F",0,0,0,0,0,0,0,0,0,0,F,F,"1978BAL.EVA.regular.event.csv",2682
"BAL197807051","TOR",8,1,1,0,0,"",0,3,"dauer001","?","dauer001","?","garvj101","?","garvj101","?","ceror001","aultd101","mckad101","hower001","gomel101","veleo101","boser101","bailb001","","","","8","F","F",4,2,2,"T","T",0,"F","F",1,"F","F",0,"F","F",8,"F","F","F","",0,0,"N",0,"N",0,"N",0,0,0,0,"8","","","","F","F","F","F","F","F","F","F","F","","","","F","F","F","F","F","","","","",0,8,0,0,0,0,0,0,0,58,"BAL","BAL","TOR",1,"F","F",3,0,0,28,1,"T","F",0,0,"T","T","harll101","murre001","T","T",0,0,0,0,0,0,0,0,0,"","","",0,0,0,0,0,0,0,0,0,0,0,0,0,"boser101","F","F","F","F",0,0,0,0,0,0,0,0,0,0,F,F,"1978BAL.EVA.regular.event.csv",2683
"BAL197807051","TOR",8,1,2,0,0,"",0,3,"harll101","?","harll101","?","garvj101","?","garvj101","?","ceror001","aultd101","mckad101","hower001","gomel101","veleo101","boser101","bailb001","","","","8","F","F",8,3,2,"T","T",0,"F","F",1,"F","F",0,"F","F",8,"F","F","F","",0,0,"N",0,"N",0,"N",0,0,0,0,"8","","","","F","F","F","F","F","F","F","F","F","","","","F","F","F","F","F","","","","",0,8,0,0,0,0,0,0,0,59,"BAL","BAL","TOR",1,"F","T",3,0,0,29,2,"T","F",0,0,"F","F","murre001","may-l101","T","T",0,0,0,0,0,0,0,0,0,"","","",0,0,0,0,0,0,0,0,0,0,0,0,0,"boser101","F","F","F","F",0,0,0,0,0,0,0,0,0,0,F,F,"1978BAL.EVA.regular.event.csv",2684
"BAL197807051","TOR",9,0,0,0,0,"",0,3,"boser101","?","boser101","?","flanm001","?","flanm001","?","skagd101","murre001","dauer001","decid001","belam101","andem101","harll101","lopec101","","","","63","T","F",8,1,2,"T","T",0,"F","F",1,"F","F",0,"F","F",6,"G","F","F","",0,0,"N",0,"N",0,"N",0,0,0,0,"63","","","","F","F","F","F","F","F","F","F","F","","","","F","F","F","F","F","","","","",0,3,0,0,6,0,0,0,0,60,"BAL","TOR","BAL",0,"T","F",0,3,0,27,0,"T","F",0,0,"T","T","bailb001","hower001","T","T",0,0,0,0,0,0,0,0,0,"","","",0,0,0,0,0,0,0,0,0,0,0,0,0,"belam101","F","F","F","F",0,0,0,0,1,0,0,0,0,0,F,F,"1978BAL.EVA.regular.event.csv",2685
"BAL197807051","TOR",9,0,1,0,0,"",0,3,"bailb001","?","bailb001","?","flanm001","?","flanm001","?","skagd101","murre001","dauer001","decid001","belam101","andem101","harll101","lopec101","","","","W","F","F",9,2,14,"T","F",0,"F","F",0,"F","F",0,"F","F",0,"","F","F","",0,0,"N",0,"N",0,"N",1,0,0,0,"","","","","F","F","F","F","F","F","F","F","F","","","","F","F","F","F","F","","","","",0,0,0,0,0,0,0,0,0,61,"BAL","TOR","BAL",0,"F","F",0,3,0,28,1,"T","F",0,1,"T","T","hower001","cartr101","T","T",0,0,0,0,0,0,0,0,0,"","","",0,0,0,0,0,0,0,0,0,0,0,0,0,"","F","F","F","F",4,0,0,0,1,0,0,0,0,0,F,F,"1978BAL.EVA.regular.event.csv",2686
"BAL197807051","TOR",9,0,1,0,0,"",0,3,"hower001","?","hower001","?","flanm001","?","flanm001","?","skagd101","murre001","dauer001","decid001","belam101","andem101","harll101","lopec101","bailb001","","","K","F","F",5,3,3,"T","T",0,"F","F",1,"F","F",0,"F","F",0,"","F","F","",0,0,"N",0,"N",0,"N",0,1,0,0,"2","","","","F","F","F","F","F","F","F","F","F","flanm001","","","F","F","F","F","F","","","","",0,2,0,0,0,0,0,0,0,62,"BAL","TOR","BAL",0,"F","F",0,3,0,29,2,"T","F",1,1,"T","T","cartr101","veleo101","T","T",9,2,61,0,0,0,0,0,0,"skagd101","","",0,0,0,0,0,0,0,0,0,0,0,0,0,"","F","F","F","F",0,4,0,0,1,0,0,0,0,0,F,F,"1978BAL.EVA.regular.event.csv",2687
"BAL197807051","TOR",9,0,2,0,0,"",0,3,"cartr101","?","cartr101","?","flanm001","?","flanm001","?","skagd101","murre001","dauer001","decid001","belam101","andem101","harll101","lopec101","bailb001","","","S8.1-2","F","F",10,4,20,"T","T",1,"F","F",0,"F","F",0,"F","F",8,"","F","F","",0,0,"N",0,"N",0,"N",1,2,0,0,"","","","","F","F","F","F","F","F","F","F","F","flanm001","","","F","F","F","F","F","","","","",0,0,0,0,0,0,0,0,0,63,"BAL","TOR","BAL",0,"F","F",0,3,0,30,3,"T","F",1,3,"T","T","veleo101","aultd101","T","T",9,2,61,0,0,0,0,0,0,"skagd101","","",0,0,0,0,0,0,0,0,0,0,0,0,0,"harll101","F","F","F","F",2,4,0,0,1,0,0,0,0,0,F,F,"1978BAL.EVA.regular.event.csv",2688
"BAL197807051","TOR",9,0,2,0,0,"",0,3,"veleo101","?","veleo101","?","flanm001","?","flanm001","?","skagd101","murre001","dauer001","decid001","belam101","andem101","harll101","lopec101","cartr101","bailb001","","S8.2-H;1-2","F","F",7,5,20,"T","T",1,"F","F",0,"F","F",1,"F","F",8,"","F","F","",0,0,"N",0,"N",0,"N",1,2,4,0,"","","","","F","F","F","F","F","F","F","F","F","flanm001","flanm001","","F","F","F","F","F","","","","",0,0,0,0,0,0,0,0,0,64,"BAL","TOR","BAL",0,"F","F",0,3,0,31,4,"T","F",3,3,"T","T","aultd101","mckad101","T","T",10,4,63,9,2,61,0,0,0,"skagd101","skagd101","",0,0,0,0,0,0,0,0,0,0,0,0,1,"harll101","F","F","F","F",1,2,4,0,0,0,0,0,0,0,F,F,"1978BAL.EVA.regular.event.csv",2689
"BAL197807051","TOR",9,0,2,0,0,"",1,3,"aultd101","?","aultd101","?","flanm001","?","flanm001","?","skagd101","murre001","dauer001","decid001","belam101","andem101","harll101","lopec101","veleo101","cartr101","","3","F","F",3,6,2,"T","T",0,"F","F",1,"F","F",0,"F","F",3,"F","F","F","",0,0,"N",0,"N",0,"N",0,1,2,0,"3","","","","F","F","F","F","F","F","F","F","F","flanm001","flanm001","","F","T","F","F","F","","","","",0,3,0,0,0,0,0,0,0,65,"BAL","TOR","BAL",0,"F","T",1,3,1,32,5,"T","F",3,3,"T","T","mckad101","ceror001","T","T",7,5,64,10,4,63,0,0,0,"skagd101","skagd101","",0,0,0,0,0,0,0,0,0,0,0,0,0,"murre001","F","F","F","F",0,1,2,0,0,0,0,0,0,0,F,F,"1978BAL.EVA.regular.event.csv",2690
"BAL197807052","TOR",1,0,0,0,0,"",0,0,"boser101","?","boser101","?","briln101","?","briln101","?","dempr001","murre001","dauer001","decid001","garck001","moraa101","andem101","singk001","","","","2/P2F","T","F",8,1,2,"T","T",0,"F","F",1,"F","F",0,"F","F",2,"P","F","T","2F",0,0,"N",0,"N",0,"N",0,0,0,0,"2","","","","F","F","F","F","F","F","F","F","F","","","","T","F","F","F","F","","","","",0,2,0,0,0,0,0,0,0,1,"BAL","TOR","BAL",0,"T","F",0,0,0,0,0,"T","F",0,0,"T","T","upshw001","hower001","T","T",0,0,0,0,0,0,0,0,0,"","","",0,0,0,0,0,0,0,0,0,0,0,0,0,"dempr001","F","F","F","F",0,0,0,0,0,0,0,0,0,0,F,F,"1978BAL.EVA.regular.event.csv",2691
"BAL197807052","TOR",1,0,1,0,0,"",0,0,"upshw001","?","upshw001","?","flinj101","?","flinj101","?","dempr001","murre001","dauer001","decid001","garck001","moraa101","andem101","singk001","","","","W","F","F",7,2,14,"T","F",0,"F","F",0,"F","F",0,"F","F",0,"","F","F","",0,0,"N",0,"N",0,"N",1,0,0,0,"","","","","F","F","F","F","F","F","F","F","F","","","","F","F","F","F","F","","","","",0,0,0,0,0,0,0,0,0,2,"BAL","TOR","BAL",0,"F","F",0,0,0,1,1,"T","F",0,1,"T","T","hower001","cartr101","F","F",0,0,0,0,0,0,0,0,0,"","","",0,0,0,0,0,0,0,0,0,0,0,0,0,"","F","F","F","F",0,0,0,0,0,0,0,0,0,0,F,F,"1978BAL.EVA.regular.event.csv",2692
"BAL197807052","TOR",1,0,1,0,0,"",0,0,"hower001","?","hower001","?","flinj101","?","flinj101","?","dempr001","murre001","dauer001","decid001","garck001","moraa101","andem101","singk001","upshw001","","","S7.1-2","F","F",5,3,20,"T","T",1,"F","F",0,"F","F",0,"F","F",7,"","F","F","",0,0,"N",0,"N",0,"N",1,2,0,0,"","","","","F","F","F","F","F","F","F","F","F","flinj101","","","F","F","F","F","F","","","","",0,0,0,0,0,0,0,0,0,3,"BAL","TOR","BAL",0,"F","F",0,0,0,2,2,"T","F",1,3,"T","T","cartr101","maybj101","F","F",7,2,2,0,0,0,0,0,0,"dempr001","","",0,0,0,0,0,0,0,0,0,0,0,0,0,"moraa101","F","F","F","F",0,0,0,0,0,0,0,0,0,0,F,F,"1978BAL.EVA.regular.event.csv",2693
"BAL197807052","TOR",1,0,1,0,0,"",0,0,"cartr101","?","cartr101","?","flinj101","?","flinj101","?","dempr001","murre001","dauer001","decid001","garck001","moraa101","andem101","singk001","hower001","upshw001","","46(1)3/GDP","F","F",10,4,2,"T","T",0,"F","F",2,"T","F",0,"F","F",4,"G","F","F","",0,0,"N",0,"N",0,"N",0,0,2,0,"63","46","","","F","F","F","F","F","F","F","F","F","flinj101","flinj101","","F","F","F","F","F","","","","",0,6,3,0,4,6,0,0,0,4,"BAL","TOR","BAL",0,"F","T",0,0,0,3,3,"T","F",3,2,"T","T","maybj101","huttt101","F","F",5,3,3,7,2,2,0,0,0,"dempr001","dempr001","",0,0,0,0,0,0,0,0,0,0,0,0,0,"dauer001","T","F","F","F",0,0,0,0,0,0,0,0,0,0,F,F,"1978BAL.EVA.regular.event.csv",2694
"BAL197807052","TOR",1,1,0,0,0,"",0,0,"garck001","?","garck001","?","undet001","?","undet001","?","ashba001","maybj101","mckad101","hower001","johnt102","upshw001","boser101","huttt101","","","","9","T","F",6,1,2,"T","T",0,"F","F",1,"F","F",0,"F","F",9,"F","F","F","",0,0,"N",0,"N",0,"N",0,0,0,0,"9","","","","F","F","F","F","F","F","F","F","F","","","","F","F","F","F","F","","","","",0,9,0,0,0,0,0,0,0,5,"BAL","BAL","TOR",1,"T","F",0,0,0,0,0,"T","F",0,0,"T","T","dauer001","singk001","T","T",0,0,0,0,0,0,0,0,0,"","","",0,0,0,0,0,0,0,0,0,0,0,0,0,"huttt101","F","F","F","F",0,0,0,0,0,0,0,0,0,0,F,F,"1978BAL.EVA.regular.event.csv",2695
"BAL197807052","TOR",1,1,1,0,0,"",0,0,"dauer001","?","dauer001","?","undet001","?","undet001","?","ashba001","maybj101","mckad101","hower001","johnt102","upshw001","boser101","huttt101","","","","K","F","F",4,2,3,"T","T",0,"F","F",1,"F","F",0,"F","F",0,"","F","F","",0,0,"N",0,"N",0,"N",0,0,0,0,"2","","","","F","F","F","F","F","F","F","F","F","","","","F","F","F","F","F","","","","",0,2,0,0,0,0,0,0,0,6,"BAL","BAL","TOR",1,"F","F",0,0,0,1,1,"T","F",0,0,"T","T","singk001","murre001","T","T",0,0,0,0,0,0,0,0,0,"","","",0,0,0,0,0,0,0,0,0,0,0,0,0,"","F","F","F","F",0,0,0,0,0,0,0,0,0,0,F,F,"1978BAL.EVA.regular.event.csv",2696
"BAL197807052","TOR",1,1,2,0,0,"",0,0,"singk001","?","singk001","?","undet001","?","undet001","?","ashba001","maybj101","mckad101","hower001","johnt102","upshw001","boser101","huttt101","","","","W","F","F",9,3,14,"T","F",0,"F","F",0,"F","F",0,"F","F",0,"","F","F","",0,0,"N",0,"N",0,"N",1,0,0,0,"","","","","F","F","F","F","F","F","F","F","F","","","","F","F","F","F","F","","","","",0,0,0,0,0,0,0,0,0,7,"BAL","BAL","TOR",1,"F","F",0,0,0,2,2,"T","F",0,1,"T","T","murre001","may-l101","T","T",0,0,0,0,0,0,0,0,0,"","","",0,0,0,0,0,0,0,0,0,0,0,0,0,"","F","F","F","F",0,0,0,0,0,0,0,0,0,0,F,F,"1978BAL.EVA.regular.event.csv",2697
"BAL197807052","TOR",1,1,2,0,0,"",0,0,"murre001","?","murre001","?","undet001","?","undet001","?","ashba001","maybj101","mckad101","hower001","johnt102","upshw001","boser101","huttt101","singk001","","","W.1-2","F","F",3,4,14,"T","F",0,"F","F",0,"F","F",0,"F","F",0,"","F","F","",0,0,"N",0,"N",0,"N",1,2,0,0,"","","","","F","F","F","F","F","F","F","F","F","undet001","","","F","F","F","F","F","","","","",0,0,0,0,0,0,0,0,0,8,"BAL","BAL","TOR",1,"F","F",0,0,0,3,3,"T","F",1,3,"T","T","may-l101","moraa101","T","T",9,3,7,0,0,0,0,0,0,"ashba001","","",0,0,0,0,0,0,0,0,0,0,0,0,0,"","F","F","F","F",0,0,0,0,0,0,0,0,0,0,F,F,"1978BAL.EVA.regular.event.csv",2698
"BAL197807052","TOR",1,1,2,0,0,"",0,0,"may-l101","?","may-l101","?","undet001","?","undet001","?","ashba001","maybj101","mckad101","hower001","johnt102","upshw001","boser101","huttt101","murre001","singk001","","64(1)/FO","F","F",10,5,2,"T","T",0,"F","F",1,"F","F",0,"F","F",6,"G","F","F","",0,0,"N",0,"N",0,"N",1,0,2,0,"","64","","","F","F","F","F","F","F","F","F","F","undet001","undet001","","F","F","F","F","F","","","","",0,4,0,0,6,0,0,0,0,9,"BAL","BAL","TOR",1,"F","T",0,0,0,4,4,"T","F",3,3,"T","T","moraa101","decid001","T","T",3,4,8,9,3,7,0,0,0,"ashba001","ashba001","",0,0,0,0,0,0,0,0,0,0,0,0,0,"johnt102","T","F","F","F",0,0,0,0,0,0,0,0,0,0,F,F,"1978BAL.EVA.regular.event.csv",2699
"BAL197807052","TOR",2,0,0,0,0,"",0,0,"maybj101","?","maybj101","?","flinj101","?","flinj101","?","dempr001","murre001","dauer001","decid001","garck001","moraa101","andem101","singk001","","","","63","T","F",3,5,2,"T","T",0,"F","F",1,"F","F",0,"F","F",6,"G","F","F","",0,0,"N",0,"N",0,"N",0,0,0,0,"63","","","","F","F","F","F","F","F","F","F","F","","","","F","F","F","F","F","","","","",0,3,0,0,6,0,0,0,0,10,"BAL","TOR","BAL",0,"T","F",0,0,0,4,0,"T","F",0,0,"T","T","huttt101","mckad101","F","F",0,0,0,0,0,0,0,0,0,"","","",0,0,0,0,0,0,0,0,0,0,0,0,0,"garck001","F","F","F","F",0,0,0,0,1,0,0,0,0,0,F,F,"1978BAL.EVA.regular.event.csv",2700
"BAL197807052","TOR",2,0,1,0,0,"",0,0,"huttt101","?","huttt101","?","flinj101","?","flinj101","?","dempr001","murre001","dauer001","decid001","garck001","moraa101","andem101","singk001","","","","K","F","F",9,6,3,"T","T",0,"F","F",1,"F","F",0,"F","F",0,"","F","F","",0,0,"N",0,"N",0,"N",0,0,0,0,"2","","","","F","F","F","F","F","F","F","F","F","","","","F","F","F","F","F","","","","",0,2,0,0,0,0,0,0,0,11,"BAL","TOR","BAL",0,"F","F",0,0,0,5,1,"T","F",0,0,"T","T","mckad101","ashba001","F","F",0,0,0,0,0,0,0,0,0,"","","",0,0,0,0,0,0,0,0,0,0,0,0,0,"","F","F","F","F",0,0,0,0,1,0,0,0,0,0,F,F,"1978BAL.EVA.regular.event.csv",2701
"BAL197807052","TOR",2,0,2,0,0,"",0,0,"mckad101","?","mckad101","?","flinj101","?","flinj101","?","dempr001","murre001","dauer001","decid001","garck001","moraa101","andem101","singk001","","","","S8","F","F",4,7,20,"T","T",1,"F","F",0,"F","F",0,"F","F",8,"","F","F","",0,0,"N",0,"N",0,"N",1,0,0,0,"","","","","F","F","F","F","F","F","F","F","F","","","","F","F","F","F","F","","","","",0,0,0,0,0,0,0,0,0,12,"BAL","TOR","BAL",0,"F","F",0,0,0,6,2,"T","F",0,1,"T","T","ashba001","johnt102","F","F",0,0,0,0,0,0,0,0,0,"","","",0,0,0,0,0,0,0,0,0,0,0,0,0,"andem101","F","F","F","F",4,0,0,0,1,0,0,0,0,0,F,F,"1978BAL.EVA.regular.event.csv",2702
"BAL197807052","TOR",2,0,2,0,0,"",0,0,"ashba001","?","ashba001","?","flinj101","?","flinj101","?","dempr001","murre001","dauer001","decid001","garck001","moraa101","andem101","singk001","mckad101","","","S8.1-3","F","F",2,8,20,"T","T",1,"F","F",0,"F","F",0,"F","F",8,"","F","F","",0,0,"N",0,"N",0,"N",1,3,0,0,"","","","","F","F","F","F","F","F","F","F","F","flinj101","","","F","F","F","F","F","","","","",0,0,0,0,0,0,0,0,0,13,"BAL","TOR","BAL",0,"F","F",0,0,0,7,3,"T","F",1,5,"T","T","johnt102","boser101","F","F",4,7,12,0,0,0,0,0,0,"dempr001","","",0,0,0,0,0,0,0,0,0,0,0,0,0,"andem101","F","F","F","F",0,4,0,0,1,0,0,0,0,0,F,F,"1978BAL.EVA.regular.event.csv",2703
"BAL197807052","TOR",2,0,2,0,0,"",0,0,"johnt102","?","johnt102","?","flinj101","?","flinj101","?","dempr001","murre001","dauer001","decid001","garck001","moraa101","andem101","singk001","ashba001","","mckad101","S9.3-H;1-2","F","F",6,9,20,"T","T",1,"F","F",0,"F","F",1,"F","F",9,"","F","F","",0,0,"N",0,"N",0,"N",1,2,0,4,"","","","","F","F","F","F","F","F","F","F","F","flinj101","","flinj101","F","F","F","F","F","","","","",0,0,0,0,0,0,0,0,0,14,"BAL","TOR","BAL",0,"F","F",0,0,0,8,4,"T","F",5,3,"T","T","boser101","upshw001","F","F",2,8,13,0,0,0,4,7,12,"dempr001","","dempr001",0,0,0,0,0,0,0,0,0,0,0,0,1,"singk001","F","F","F","F",0,0,0,4,0,0,0,0,0,0,F,F,"1978BAL.EVA.regular.event.csv",2704
"BAL197807052","TOR",2,0,2,0,0,"",1,0,"boser101","?","boser101","?","flinj101","?","flinj101","?","dempr001","murre001","dauer001","decid001","garck001","moraa101","andem101","singk001","johnt102","ashba001","","63","F","F",8,1,2,"T","T",0,"F","F",1,"F","F",0,"F","F",6,"G","F","F","",0,0,"N",0,"N",0,"N",0,1,2,0,"63","","","","F","F","F","F","F","F","F","F","F","flinj101","flinj101","","F","F","F","F","F","","","","",0,3,0,0,6,0,0,0,0,15,"BAL","TOR","BAL",0,"F","T",1,0,1,9,5,"T","F",3,3,"T","T","upshw001","hower001","F","F",6,9,14,2,8,13,0,0,0,"dempr001","dempr001","",0,0,0,0,0,0,0,0,0,0,0,0,0,"garck001","F","F","F","F",0,0,0,0,0,0,0,0,0,0,F,F,"1978BAL.EVA.regular.event.csv",2705
"BAL197807052","TOR",2,1,0,0,0,"",1,0,"moraa101","?","moraa101","?","undet001","?","undet001","?","ashba001","maybj101","mckad101","hower001","johnt102","upshw001","boser101","huttt101","","","","D8","T","F",7,6,21,"T","T",2,"F","F",0,"F","F",0,"F","F",8,"","F","F","",0,0,"N",0,"N",0,"N",2,0,0,0,"","","","","F","F","F","F","F","F","F","F","F","","","","F","F","F","F","F","","","","",0,0,0,0,0,0,0,0,0,16,"BAL","BAL","TOR",1,"T","F",0,1,0,5,0,"T","F",0,2,"T","T","decid001","andem101","T","T",0,0,0,0,0,0,0,0,0,"","","",0,0,0,0,0,0,0,0,0,0,0,0,0,"boser101","F","F","F","F",4,0,0,0,2,0,0,0,0,0,F,F,"1978BAL.EVA.regular.event.csv",2706
"BAL197807052","TOR",2,1,0,0,0,"",1,0,"decid001","?","decid001","?","undet001","?","undet001","?","ashba001","maybj101","mckad101","hower001","johnt102","upshw001","boser101","huttt101","","moraa101","","63.2-3","F","F",5,7,2,"T","T",0,"F","F",1,"F","F",0,"F","F",6,"G","F","F","",0,0,"N",0,"N",0,"N",0,0,3,0,"63","","","","F","F","F","F","F","F","F","F","F","","undet001","","F","F","F","F","F","","","","",0,3,0,0,6,0,0,0,0,17,"BAL","BAL","TOR",1,"F","F",0,1,0,6,1,"T","F",2,4,"T","T","andem101","dempr001","T","T",0,0,0,7,6,16,0,0,0,"","ashba001","",0,0,0,0,0,0,0,0,0,0,0,0,0,"johnt102","F","F","F","F",0,0,4,0,2,0,0,0,0,0,F,F,"1978BAL.EVA.regular.event.csv",2707
"BAL197807052","TOR",2,1,1,0,0,"",1,0,"andem101","?","andem101","?","undet001","?","undet001","?","ashba001","maybj101","mckad101","hower001","johnt102","upshw001","boser101","huttt101","","","moraa101","43","F","F",8,8,2,"T","T",0,"F","F",1,"F","F",0,"F","F",4,"G","F","F","",0,0,"N",0,"N",0,"N",0,0,0,3,"43","","","","F","F","F","F","F","F","F","F","F","","","undet001","F","F","F","F","F","","","","",0,3,0,0,4,0,0,0,0,18,"BAL","BAL","TOR",1,"F","F",0,1,0,7,2,"T","F",4,4,"T","T","dempr001","garck001","T","T",0,0,0,0,0,0,7,6,16,"","","ashba001",0,0,0,0,0,0,0,0,0,0,0,0,0,"mckad101","F","F","F","F",0,0,0,4,2,0,0,0,0,0,F,F,"1978BAL.EVA.regular.event.csv",2708
"BAL197807052","TOR",2,1,2,0,0,"",1,0,"dempr001","?","dempr001","?","undet001","?","undet001","?","ashba001","maybj101","mckad101","hower001","johnt102","upshw001","boser101","huttt101","","","moraa101","HR.3-H","F","F",2,9,23,"T","T",4,"F","F",0,"F","F",2,"F","F",0,"","F","F","",0,0,"N",0,"N",0,"N",4,0,0,4,"","","","","F","F","F","F","F","F","F","F","F","","","undet001","F","F","F","F","F","","","","",0,0,0,0,0,0,0,0,0,19,"BAL","BAL","TOR",1,"F","F",0,1,0,8,3,"T","F",4,0,"T","T","garck001","dauer001","T","T",0,0,0,0,0,0,7,6,16,"","","ashba001",0,0,0,0,0,0,0,0,0,0,0,0,2,"","F","F","F","F",4,0,0,4,0,0,0,0,0,0,F,F,"1978BAL.EVA.regular.event.csv",2709
"BAL197807052","TOR",2,1,2,0,0,"",1,2,"garck001","?","garck001","?","undet001","?","undet001","?","ashba001","maybj101","mckad101","hower001","johnt102","upshw001","boser101","huttt101","","","","9","F","F",6,1,2,"T","T",0,"F","F",1,"F","F",0,"F","F",9,"F","F","F","",0,0,"N",0,"N",0,"N",0,0,0,0,"9","","","","F","F","F","F","F","F","F","F","F","","","","F","F","F","F","F","","","","",0,9,0,0,0,0,0,0,0,20,"BAL","BAL","TOR",1,"F","T",2,1,2,9,4,"T","F",0,0,"T","T","dauer001","singk001","T","T",0,0,0,0,0,0,0,0,0,"","","",0,0,0,0,0,0,0,0,0,0,0,0,0,"huttt101","F","F","F","F",0,0,0,0,0,0,0,0,0,0,F,F,"1978BAL.EVA.regular.event.csv",2710
"BAL197807052","TOR",3,0,0,0,0,"",1,2,"upshw001","?","upshw001","?","flinj101","?","flinj101","?","dempr001","murre001","dauer001","decid001","garck001","moraa101","andem101","singk001","","","","63","T","F",7,2,2,"T","T",0,"F","F",1,"F","F",0,"F","F",6,"G","F","F","",0,0,"N",0,"N",0,"N",0,0,0,0,"63","","","","F","F","F","F","F","F","F","F","F","","","","F","F","F","F","F","","","","",0,3,0,0,6,0,0,0,0,21,"BAL","TOR","BAL",0,"T","F",1,2,0,10,0,"T","F",0,0,"T","T","hower001","cartr101","F","F",0,0,0,0,0,0,0,0,0,"","","",0,0,0,0,0,0,0,0,0,0,0,0,0,"garck001","F","F","F","F",0,0,0,0,0,0,0,0,0,0,F,F,"1978BAL.EVA.regular.event.csv",2711
"BAL197807052","TOR",3,0,1,0,0,"",1,2,"hower001","?","hower001","?","flinj101","?","flinj101","?","dempr001","murre001","dauer001","decid001","garck001","moraa101","andem101","singk001","","","","W","F","F",5,3,14,"T","F",0,"F","F",0,"F","F",0,"F","F",0,"","F","F","",0,0,"N",0,"N",0,"N",1,0,0,0,"","","","","F","F","F","F","F","F","F","F","F","","","","F","F","F","F","F","","","","",0,0,0,0,0,0,0,0,0,22,"BAL","TOR","BAL",0,"F","F",1,2,0,11,1,"T","F",0,1,"T","T","cartr101","maybj101","F","F",0,0,0,0,0,0,0,0,0,"","","",0,0,0,0,0,0,0,0,0,0,0,0,0,"","F","F","F","F",0,0,0,0,0,0,0,0,0,0,F,F,"1978BAL.EVA.regular.event.csv",2712
"BAL197807052","TOR",3,0,1,0,0,"",1,2,"cartr101","?","cartr101","?","flinj101","?","flinj101","?","dempr001","murre001","dauer001","decid001","garck001","moraa101","andem101","singk001","hower001","","","13.1-2","F","F",10,4,2,"T","T",0,"F","F",1,"F","F",0,"F","F",1,"G","F","F","",0,0,"N",0,"N",0,"N",0,2,0,0,"13","","","","F","F","F","F","F","F","F","F","F","flinj101","","","F","F","F","F","F","","","","",0,3,0,0,1,0,0,0,0,23,"BAL","TOR","BAL",0,"F","F",1,2,0,12,2,"T","F",1,2,"T","T","maybj101","huttt101","F","F",5,3,22,0,0,0,0,0,0,"dempr001","","",0,0,0,0,0,0,0,0,0,0,0,0,0,"flinj101","F","F","F","F",0,0,0,0,0,0,0,0,0,0,F,F,"1978BAL.EVA.regular.event.csv",2713
"BAL197807052","TOR",3,0,2,0,0,"",1,2,"maybj101","?","maybj101","?","flinj101","?","flinj101","?","dempr001","murre001","dauer001","decid001","garck001","moraa101","andem101","singk001","","hower001","","7","F","F",3,5,2,"T","T",0,"F","F",1,"F","F",0,"F","F",7,"F","F","F","",0,0,"N",0,"N",0,"N",0,0,2,0,"7","","","","F","F","F","F","F","F","F","F","F","","flinj101","","F","F","F","F","F","","","","",0,7,0,0,0,0,0,0,0,24,"BAL","TOR","BAL",0,"F","T",1,2,0,13,3,"T","F",2,2,"T","T","huttt101","mckad101","F","F",0,0,0,5,3,22,0,0,0,"","dempr001","",0,0,0,0,0,0,0,0,0,0,0,0,0,"moraa101","F","F","F","F",0,0,0,0,0,0,0,0,0,0,F,F,"1978BAL.EVA.regular.event.csv",2714
"BAL197807052","TOR",3,1,0,0,0,"",1,2,"dauer001","?","dauer001","?","undet001","?","undet001","?","ashba001","maybj101","mckad101","hower001","johnt102","upshw001","boser101","huttt101","","","","D7","T","F",4,2,21,"T","T",2,"F","F",0,"F","F",0,"F","F",7,"","F","F","",0,0,"N",0,"N",0,"N",2,0,0,0,"","","","","F","F","F","F","F","F","F","F","F","","","","F","F","F","F","F","","","","",0,0,0,0,0,0,0,0,0,25,"BAL","BAL","TOR",1,"T","F",2,1,0,10,0,"T","F",0,2,"T","T","singk001","murre001","T","T",0,0,0,0,0,0,0,0,0,"","","",0,0,0,0,0,0,0,0,0,0,0,0,0,"upshw001","F","F","F","F",4,0,0,0,1,0,0,0,0,0,F,F,"1978BAL.EVA.regular.event.csv",2715
"BAL197807052","TOR",3,1,0,0,0,"",1,2,"singk001","?","singk001","?","undet001","?","undet001","?","ashba001","maybj101","mckad101","hower001","johnt102","upshw001","boser101","huttt101","","dauer001","","S6.2-3","F","F",9,3,20,"T","T",1,"F","F",0,"F","F",0,"F","F",6,"","F","F","",0,0,"N",0,"N",0,"N",1,0,3,0,"","","","","F","F","F","F","F","F","F","F","F","","undet001","","F","F","F","F","F","","","","",0,0,0,0,0,0,0,0,0,26,"BAL","BAL","TOR",1,"F","F",2,1,0,11,1,"T","F",2,5,"T","T","murre001","may-l101","T","T",0,0,0,4,2,25,0,0,0,"","ashba001","",0,0,0,0,0,0,0,0,0,0,0,0,0,"johnt102","F","F","F","F",0,0,4,0,1,0,0,0,0,0,F,F,"1978BAL.EVA.regular.event.csv",2716
"BAL197807052","TOR",3,1,0,0,0,"",1,2,"murre001","?","murre001","?","undet001","?","undet001","?","ashba001","maybj101","mckad101","hower001","johnt102","upshw001","boser101","huttt101","singk001","","dauer001","S8.3-H;1-3","F","F",3,4,20,"T","T",1,"F","F",0,"F","F",1,"F","F",8,"","F","F","",0,0,"N",0,"N",0,"N",1,3,0,4,"","","","","F","F","F","F","F","F","F","F","F","undet001","","undet001","F","F","F","F","F","","","","",0,0,0,0,0,0,0,0,0,27,"BAL","BAL","TOR",1,"F","F",2,1,0,12,2,"T","F",5,5,"T","T","may-l101","moraa101","T","T",9,3,26,0,0,0,4,2,25,"ashba001","","ashba001",0,0,0,0,0,0,0,0,0,0,0,0,1,"boser101","F","F","F","F",0,0,0,4,0,0,0,0,0,0,F,F,"1978BAL.EVA.regular.event.csv",2717
"BAL197807052","TOR",3,1,0,0,0,"",1,3,"may-l101","?","may-l101","?","undet001","?","undet001","?","ashba001","maybj101","mckad101","hower001","johnt102","upshw001","boser101","huttt101","murre001","","singk001","FC5/G.3XH(52);1-2;B-1","F","F",10,5,19,"T","T",0,"F","F",1,"F","F",0,"F","F",5,"G","F","F","",0,0,"N",0,"N",0,"N",1,2,0,0,"","","","52","F","F","F","F","F","F","F","F","F","undet001","","undet001","F","F","F","F","F","","","","",0,2,0,0,5,0,0,0,0,28,"BAL","BAL","TOR",1,"F","F",3,1,1,13,3,"T","F",5,3,"T","T","moraa101","decid001","T","T",3,4,27,0,0,0,9,3,26,"ashba001","","ashba001",0,0,0,0,0,0,0,0,0,0,0,0,0,"hower001","F","F","F","F",0,0,0,0,0,0,0,0,0,0,F,F,"1978BAL.EVA.regular.event.csv",2718
"BAL197807052","TOR",3,1,1,0,0,"",1,3,"moraa101","?","moraa101","?","undet001","?","undet001","?","ashba001","maybj101","mckad101","hower001","johnt102","upshw001","boser101","huttt101","may-l101","murre001","","9/F9D","F","F",7,6,2,"T","T",0,"F","F",1,"F","F",0,"F","F",9,"F","F","F","9D",0,0,"N",0,"N",0,"N",0,1,2,0,"9","","","","F","F","F","F","F","F","F","F","F","undet001","undet001","","F","F","F","F","F","","","","",0,9,0,0,0,0,0,0,0,29,"BAL","BAL","TOR",1,"F","F",3,1,1,14,4,"T","F",3,3,"T","T","decid001","andem101","T","T",10,5,28,3,4,27,0,0,0,"ashba001","ashba001","",0,0,0,0,0,0,0,0,0,0,0,0,0,"huttt101","F","F","F","F",0,0,0,0,0,0,0,0,0,0,F,F,"1978BAL.EVA.regular.event.csv",2719
"BAL197807052","TOR",3,1,2,0,0,"",1,3,"decid001","?","decid001","?","undet001","?","undet001","?","ashba001","maybj101","mckad101","hower001","johnt102","upshw001","boser101","huttt101","may-l101","murre001","","5/L","F","F",5,7,2,"T","T",0,"F","F",1,"F","F",0,"F","F",5,"L","F","F","",0,0,"N",0,"N",0,"N",0,1,2,0,"5","","","","F","F","F","F","F","F","F","F","F","undet001","undet001","","F","F","F","F","F","","","","",0,5,0,0,0,0,0,0,0,30,"BAL","BAL","TOR",1,"F","T",3,1,1,15,5,"T","F",3,3,"T","T","andem101","dempr001","T","T",10,5,28,3,4,27,0,0,0,"ashba001","ashba001","",0,0,0,0,0,0,0,0,0,0,0,0,0,"hower001","F","F","F","F",0,0,0,0,0,0,0,0,0,0,F,F,"1978BAL.EVA.regular.event.csv",2720
"BAL197807052","TOR",4,0,0,0,0,"",1,3,"huttt101","?","huttt101","?","flinj101","?","flinj101","?","dempr001","murre001","dauer001","decid001","garck001","moraa101","andem101","singk001","","","","13","T","F",9,6,2,"T","T",0,"F","F",1,"F","F",0,"F","F",1,"G","F","F","",0,0,"N",0,"N",0,"N",0,0,0,0,"13","","","","F","F","F","F","F","F","F","F","F","","","","F","F","F","F","F","","","","",0,3,0,0,1,0,0,0,0,31,"BAL","TOR","BAL",0,"T","F",1,3,0,14,0,"T","F",0,0,"T","T","mckad101","ashba001","F","F",0,0,0,0,0,0,0,0,0,"","","",0,0,0,0,0,0,0,0,0,0,0,0,0,"flinj101","F","F","F","F",0,0,0,0,1,0,0,0,0,0,F,F,"1978BAL.EVA.regular.event.csv",2721
"BAL197807052","TOR",4,0,1,0,0,"",1,3,"mckad101","?","mckad101","?","flinj101","?","flinj101","?","dempr001","murre001","dauer001","decid001","garck001","moraa101","andem101","singk001","","","","S3","F","F",4,7,20,"T","T",1,"F","F",0,"F","F",0,"F","F",3,"","F","F","",0,0,"N",0,"N",0,"N",1,0,0,0,"","","","","F","F","F","F","F","F","F","F","F","","","","F","F","F","F","F","","","","",0,0,0,0,0,0,0,0,0,32,"BAL","TOR","BAL",0,"F","F",1,3,0,15,1,"T","F",0,1,"T","T","ashba001","johnt102","F","F",0,0,0,0,0,0,0,0,0,"","","",0,0,0,0,0,0,0,0,0,0,0,0,0,"murre001","F","F","F","F",4,0,0,0,1,0,0,0,0,0,F,F,"1978BAL.EVA.regular.event.csv",2722
"BAL197807052","TOR",4,0,1,0,0,"",1,3,"ashba001","?","ashba001","?","flinj101","?","flinj101","?","dempr001","murre001","dauer001","decid001","garck001","moraa101","andem101","singk001","mckad101","","","S9.1-3","F","F",2,8,20,"T","T",1,"F","F",0,"F","F",0,"F","F",9,"","F","F","",0,0,"N",0,"N",0,"N",1,3,0,0,"","","","","F","F","F","F","F","F","F","F","F","flinj101","","","F","F","F","F","F","","","","",0,0,0,0,0,0,0,0,0,33,"BAL","TOR","BAL",0,"F","F",1,3,0,16,2,"T","F",1,5,"T","T","johnt102","boser101","F","F",4,7,32,0,0,0,0,0,0,"dempr001","","",0,0,0,0,0,0,0,0,0,0,0,0,0,"singk001","F","F","F","F",0,4,0,0,1,0,0,0,0,0,F,F,"1978BAL.EVA.regular.event.csv",2723
"BAL197807052","TOR",4,0,1,0,0,"",1,3,"johnt102","?","johnt102","?","flinj101","?","flinj101","?","dempr001","murre001","dauer001","decid001","garck001","moraa101","andem101","singk001","ashba001","","mckad101","7/SF.3-H;1-2","F","F",6,9,2,"T","F",0,"F","T",1,"F","F",1,"F","F",7,"F","F","F","",0,0,"N",0,"N",0,"N",0,2,0,4,"7","","","","F","F","F","F","F","F","F","F","F","flinj101","","flinj101","F","F","F","F","F","","","","",0,7,0,0,0,0,0,0,0,34,"BAL","TOR","BAL",0,"F","F",1,3,0,17,3,"T","F",5,2,"T","T","boser101","upshw001","F","F",2,8,33,0,0,0,4,7,32,"dempr001","","dempr001",0,0,0,0,0,0,0,0,0,0,0,0,1,"moraa101","F","F","F","F",0,0,0,4,0,0,0,0,0,0,F,F,"1978BAL.EVA.regular.event.csv",2724
"BAL197807052","TOR",4,0,2,0,0,"",2,3,"boser101","?","boser101","?","flinj101","?","flinj101","?","dempr001","murre001","dauer001","decid001","garck001","moraa101","andem101","singk001","","ashba001","","43","F","F",8,1,2,"T","T",0,"F","F",1,"F","F",0,"F","F",4,"G","F","F","",0,0,"N",0,"N",0,"N",0,0,2,0,"43","","","","F","F","F","F","F","F","F","F","F","","flinj101","","F","F","F","F","F","","","","",0,3,0,0,4,0,0,0,0,35,"BAL","TOR","BAL",0,"F","T",2,3,1,18,4,"T","F",2,2,"T","T","upshw001","hower001","F","F",0,0,0,2,8,33,0,0,0,"","dempr001","",0,0,0,0,0,0,0,0,0,0,0,0,0,"dauer001","F","F","F","F",0,0,0,0,0,0,0,0,0,0,F,F,"1978BAL.EVA.regular.event.csv",2725
"BAL197807052","TOR",4,1,0,0,0,"",2,3,"andem101","?","andem101","?","undet001","?","undet001","?","ashba001","maybj101","mckad101","hower001","johnt102","upshw001","boser101","huttt101","","","","9","T","F",8,8,2,"T","T",0,"F","F",1,"F","F",0,"F","F",9,"F","F","F","",0,0,"N",0,"N",0,"N",0,0,0,0,"9","","","","F","F","F","F","F","F","F","F","F","","","","F","F","F","F","F","","","","",0,9,0,0,0,0,0,0,0,36,"BAL","BAL","TOR",1,"T","F",3,2,0,16,0,"T","F",0,0,"T","T","dempr001","garck001","T","T",0,0,0,0,0,0,0,0,0,"","","",0,0,0,0,0,0,0,0,0,0,0,0,0,"huttt101","F","F","F","F",0,0,0,0,1,0,0,0,0,0,F,F,"1978BAL.EVA.regular.event.csv",2726
"BAL197807052","TOR",4,1,1,0,0,"",2,3,"dempr001","?","dempr001","?","undet001","?","undet001","?","ashba001","maybj101","mckad101","hower001","johnt102","upshw001","boser101","huttt101","","","","W","F","F",2,9,14,"T","F",0,"F","F",0,"F","F",0,"F","F",0,"","F","F","",0,0,"N",0,"N",0,"N",1,0,0,0,"","","","","F","F","F","F","F","F","F","F","F","","","","F","F","F","F","F","","","","",0,0,0,0,0,0,0,0,0,37,"BAL","BAL","TOR",1,"F","F",3,2,0,17,1,"T","F",0,1,"T","T","garck001","dauer001","T","T",0,0,0,0,0,0,0,0,0,"","","",0,0,0,0,0,0,0,0,0,0,0,0,0,"","F","F","F","F",5,0,0,0,1,0,0,0,0,0,F,F,"1978BAL.EVA.regular.event.csv",2727
"BAL197807052","TOR",4,1,1,0,0,"",2,3,"garck001","?","garck001","?","undet001","?","undet001","?","ashba001","maybj101","mckad101","hower001","johnt102","upshw001","boser101","huttt101","dempr001","","","E5.1-3;B-2(TH)","F","F",6,1,18,"T","T",0,"F","F",0,"F","F",0,"F","F",5,"G","F","F","",1,5,"F",0,"N",0,"N",2,3,0,0,"","","","","F","F","F","F","F","F","F","F","F","undet001","","","F","F","F","F","F","","","","",0,0,0,0,0,0,0,0,0,38,"BAL","BAL","TOR",1,"F","F",3,2,0,18,2,"T","F",1,6,"T","T","dauer001","singk001","T","T",2,9,37,0,0,0,0,0,0,"ashba001","","",0,0,0,0,0,0,0,0,0,0,0,0,0,"hower001","F","F","F","T",0,5,0,0,1,0,0,0,0,0,F,F,"1978BAL.EVA.regular.event.csv",2728
"BAL197807052","TOR",4,1,1,0,0,"",2,3,"dauer001","?","dauer001","?","undet001","?","undet001","?","ashba001","maybj101","mckad101","hower001","johnt102","upshw001","boser101","huttt101","","garck001","dempr001","43.3-H(UR);2-3","F","F",4,2,2,"T","T",0,"F","F",1,"F","F",1,"F","F",4,"G","F","F","",0,0,"N",0,"N",0,"N",0,0,3,5,"43","","","","F","F","F","F","F","F","F","F","F","","undet001","undet001","F","F","F","F","F","","","","",0,3,0,0,4,0,0,0,0,39,"BAL","BAL","TOR",1,"F","F",3,2,0,19,3,"T","F",6,4,"T","T","singk001","murre001","T","T",0,0,0,6,1,38,2,9,37,"","ashba001","ashba001",0,0,0,0,0,0,0,0,0,0,0,0,1,"mckad101","F","F","F","F",0,0,0,5,0,0,0,0,0,0,F,F,"1978BAL.EVA.regular.event.csv",2729
"BAL197807052","TOR",4,1,2,0,0,"",2,4,"singk001","?","singk001","?","undet001","?","undet001","?","ashba001","maybj101","mckad101","hower001","johnt102","upshw001","boser101","huttt101","","","garck001","W","F","F",9,3,14,"T","F",0,"F","F",0,"F","F",0,"F","F",0,"","F","F","",0,0,"N",0,"N",0,"N",1,0,0,3,"","","","","F","F","F","F","F","F","F","F","F","","","undet001","F","F","F","F","F","","","","",0,0,0,0,0,0,0,0,0,40,"BAL","BAL","TOR",1,"F","F",4,2,1,20,4,"T","F",4,5,"T","T","murre001","may-l101","T","T",0,0,0,0,0,0,6,1,38,"","","ashba001",0,0,0,0,0,0,0,0,0,0,0,0,0,"","F","F","F","F",0,0,0,0,0,0,0,0,0,0,F,F,"1978BAL.EVA.regular.event.csv",2730
"BAL197807052","TOR",4,1,2,0,0,"",2,4,"murre001","?","murre001","?","undet001","?","undet001","?","ashba001","maybj101","mckad101","hower001","johnt102","upshw001","boser101","huttt101","singk001","","garck001","K","F","F",3,4,3,"T","T",0,"F","F",1,"F","F",0,"F","F",0,"","F","F","",0,0,"N",0,"N",0,"N",0,1,0,3,"2","","","","F","F","F","F","F","F","F","F","F","undet001","","undet001","F","F","F","F","F","","","","",0,2,0,0,0,0,0,0,0,41,"BAL","BAL","TOR",1,"F","T",4,2,1,21,5,"T","F",5,5,"T","T","may-l101","moraa101","T","T",9,3,40,0,0,0,6,1,38,"ashba001","","ashba001",0,0,0,0,0,0,0,0,0,0,0,0,0,"","F","F","F","F",0,0,0,0,0,0,0,0,0,0,F,F,"1978BAL.EVA.regular.event.csv",2731
"BAL197807052","TOR",5,0,0,0,0,"",2,4,"upshw001","?","upshw001","?","flinj101","?","flinj101","?","dempr001","murre001","dauer001","decid001","garck001","moraa101","andem101","singk001","","","","3/G","T","F",7,2,2,"T","T",0,"F","F",1,"F","F",0,"F","F",3,"G","F","F","",0,0,"N",0,"N",0,"N",0,0,0,0,"3","","","","F","F","F","F","F","F","F","F","F","","","","F","F","F","F","F","","","","",0,3,0,0,0,0,0,0,0,42,"BAL","TOR","BAL",0,"T","F",2,4,0,19,0,"T","F",0,0,"T","T","hower001","cartr101","F","F",0,0,0,0,0,0,0,0,0,"","","",0,0,0,0,0,0,0,0,0,0,0,0,0,"murre001","F","F","F","F",0,0,0,0,0,0,0,0,0,0,F,F,"1978BAL.EVA.regular.event.csv",2732
"BAL197807052","TOR",5,0,1,0,0,"",2,4,"hower001","?","hower001","?","flinj101","?","flinj101","?","dempr001","murre001","dauer001","decid001","garck001","moraa101","andem101","singk001","","","","2/G","F","F",5,3,2,"T","T",0,"F","F",1,"F","F",0,"F","F",2,"G","F","F","",0,0,"N",0,"N",0,"N",0,0,0,0,"2","","","","F","F","F","F","F","F","F","F","F","","","","F","F","F","F","F","","","","",0,2,0,0,0,0,0,0,0,43,"BAL","TOR","BAL",0,"F","F",2,4,0,20,1,"T","F",0,0,"T","T","cartr101","maybj101","F","F",0,0,0,0,0,0,0,0,0,"","","",0,0,0,0,0,0,0,0,0,0,0,0,0,"dempr001","F","F","F","F",0,0,0,0,0,0,0,0,0,0,F,F,"1978BAL.EVA.regular.event.csv",2733
"BAL197807052","TOR",5,0,2,0,0,"",2,4,"cartr101","?","cartr101","?","flinj101","?","flinj101","?","dempr001","murre001","dauer001","decid001","garck001","moraa101","andem101","singk001","","","","K","F","F",10,4,3,"T","T",0,"F","F",1,"F","F",0,"F","F",0,"","F","F","",0,0,"N",0,"N",0,"N",0,0,0,0,"2","","","","F","F","F","F","F","F","F","F","F","","","","F","F","F","F","F","","","","",0,2,0,0,0,0,0,0,0,44,"BAL","TOR","BAL",0,"F","T",2,4,0,21,2,"T","F",0,0,"T","T","maybj101","huttt101","F","F",0,0,0,0,0,0,0,0,0,"","","",0,0,0,0,0,0,0,0,0,0,0,0,0,"","F","F","F","F",0,0,0,0,0,0,0,0,0,0,F,F,"1978BAL.EVA.regular.event.csv",2734
"BAL197807052","TOR",5,1,0,0,0,"",2,4,"may-l101","?","may-l101","?","undet001","?","undet001","?","ashba001","maybj101","mckad101","hower001","johnt102","upshw001","boser101","huttt101","","","","6/L","T","F",10,5,2,"T","T",0,"F","F",1,"F","F",0,"F","F",6,"L","F","F","",0,0,"N",0,"N",0,"N",0,0,0,0,"6","","","","F","F","F","F","F","F","F","F","F","","","","F","F","F","F","F","","","","",0,6,0,0,0,0,0,0,0,45,"BAL","BAL","TOR",1,"T","F",4,2,0,22,0,"T","F",0,0,"T","T","moraa101","decid001","T","T",0,0,0,0,0,0,0,0,0,"","","",0,0,0,0,0,0,0,0,0,0,0,0,0,"johnt102","F","F","F","F",0,0,0,0,2,0,0,0,0,0,F,F,"1978BAL.EVA.regular.event.csv",2735
"BAL197807052","TOR",5,1,1,0,0,"",2,4,"moraa101","?","moraa101","?","undet001","?","undet001","?","ashba001","maybj101","mckad101","hower001","johnt102","upshw001","boser101","huttt101","","","","S8","F","F",7,6,20,"T","T",1,"F","F",0,"F","F",0,"F","F",8,"","F","F","",0,0,"N",0,"N",0,"N",1,0,0,0,"","","","","F","F","F","F","F","F","F","F","F","","","","F","F","F","F","F","","","","",0,0,0,0,0,0,0,0,0,46,"BAL","BAL","TOR",1,"F","F",4,2,0,23,1,"T","F",0,1,"T","T","decid001","andem101","T","T",0,0,0,0,0,0,0,0,0,"","","",0,0,0,0,0,0,0,0,0,0,0,0,0,"boser101","F","F","F","F",4,0,0,0,2,0,0,0,0,0,F,F,"1978BAL.EVA.regular.event.csv",2736
"BAL197807052","TOR",5,1,1,0,0,"",2,4,"decid001","?","decid001","?","undet001","?","undet001","?","ashba001","maybj101","mckad101","hower001","johnt102","upshw001","boser101","huttt101","moraa101","","","HR.1-H","F","F",5,7,23,"T","T",4,"F","F",0,"F","F",2,"F","F",0,"","F","F","",0,0,"N",0,"N",0,"N",4,4,0,0,"","","","","F","F","F","F","F","F","F","F","F","undet001","","","F","F","F","F","F","","","","",0,0,0,0,0,0,0,0,0,47,"BAL","BAL","TOR",1,"F","F",4,2,0,24,2,"T","F",1,0,"T","T","andem101","dempr001","T","T",7,6,46,0,0,0,0,0,0,"ashba001","","",0,0,0,0,0,0,0,0,0,0,0,0,2,"","F","F","F","F",4,4,0,0,0,0,0,0,0,0,F,F,"1978BAL.EVA.regular.event.csv",2737
"BAL197807052","TOR",5,1,1,0,0,"",2,6,"andem101","?","andem101","?","murpt101","?","murpt101","?","ashba001","maybj101","mckad101","hower001","johnt102","upshw001","boser101","huttt101","","","","53","F","F",8,8,2,"T","T",0,"F","F",1,"F","F",0,"F","F",5,"G","F","F","",0,0,"N",0,"N",0,"N",0,0,0,0,"53","","","","F","F","F","F","F","F","F","F","F","","","","F","F","F","F","F","","","","",0,3,0,0,5,0,0,0,0,48,"BAL","BAL","TOR",1,"F","F",6,2,2,25,3,"T","F",0,0,"T","T","dempr001","garck001","F","F",0,0,0,0,0,0,0,0,0,"","","",0,0,0,0,0,0,0,0,0,0,0,0,0,"hower001","F","F","F","F",0,0,0,0,0,0,0,0,0,0,F,F,"1978BAL.EVA.regular.event.csv",2738
"BAL197807052","TOR",5,1,2,0,0,"",2,6,"dempr001","?","dempr001","?","murpt101","?","murpt101","?","ashba001","maybj101","mckad101","hower001","johnt102","upshw001","boser101","huttt101","","","","W","F","F",2,9,14,"T","F",0,"F","F",0,"F","F",0,"F","F",0,"","F","F","",0,0,"N",0,"N",0,"N",1,0,0,0,"","","","","F","F","F","F","F","F","F","F","F","","","","F","F","F","F","F","","","","",0,0,0,0,0,0,0,0,0,49,"BAL","BAL","TOR",1,"F","F",6,2,2,26,4,"T","F",0,1,"T","T","garck001","dauer001","F","F",0,0,0,0,0,0,0,0,0,"","","",0,0,0,0,0,0,0,0,0,0,0,0,0,"","F","F","F","F",2,0,0,0,0,0,0,0,0,0,F,F,"1978BAL.EVA.regular.event.csv",2739
"BAL197807052","TOR",5,1,2,0,0,"",2,6,"garck001","?","garck001","?","murpt101","?","murpt101","?","ashba001","maybj101","mckad101","hower001","johnt102","upshw001","boser101","huttt101","dempr001","","","S/7S.1-2","F","F",6,1,20,"T","T",1,"F","F",0,"F","F",0,"F","F",0,"","F","F","7S",0,0,"N",0,"N",0,"N",1,2,0,0,"","","","","F","F","F","F","F","F","F","F","F","murpt101","","","F","F","F","F","F","","","","",0,0,0,0,0,0,0,0,0,50,"BAL","BAL","TOR",1,"F","F",6,2,2,27,5,"T","F",1,3,"T","T","dauer001","singk001","F","F",2,9,49,0,0,0,0,0,0,"ashba001","","",0,0,0,0,0,0,0,0,0,0,0,0,0,"","F","F","F","F",0,2,0,0,0,0,0,0,0,0,F,F,"1978BAL.EVA.regular.event.csv",2740
"BAL197807052","TOR",5,1,2,0,0,"",2,6,"dauer001","?","dauer001","?","murpt101","?","murpt101","?","ashba001","maybj101","mckad101","hower001","johnt102","upshw001","boser101","huttt101","garck001","dempr001","","54(1)/FO","F","F",4,2,2,"T","T",0,"F","F",1,"F","F",0,"F","F",5,"G","F","F","",0,0,"N",0,"N",0,"N",1,0,2,0,"","54","","","F","F","F","F","F","F","F","F","F","murpt101","murpt101","","F","F","F","F","F","","","","",0,4,0,0,5,0,0,0,0,51,"BAL","BAL","TOR",1,"F","T",6,2,2,28,6,"T","F",3,3,"T","T","singk001","murre001","F","F",6,1,50,2,9,49,0,0,0,"ashba001","ashba001","",0,0,0,0,0,0,0,0,0,0,0,0,0,"hower001","T","F","F","F",1,0,2,0,0,0,0,0,0,0,F,F,"1978BAL.EVA.regular.event.csv",2741
"BAL197807052","TOR",6,0,0,0,0,"",2,6,"maybj101","?","maybj101","?","flinj101","?","flinj101","?","dempr001","murre001","dauer001","decid001","garck001","andem101","harll101","singk001","","","","W","T","F",3,5,14,"T","F",0,"F","F",0,"F","F",0,"F","F",0,"","F","F","",0,0,"N",0,"N",0,"N",1,0,0,0,"","","","","F","F","F","F","F","F","F","F","F","","","","F","F","F","F","F","","","","",0,0,0,0,0,0,0,0,0,52,"BAL","TOR","BAL",0,"T","F",2,6,0,22,0,"T","F",0,1,"T","T","huttt101","mckad101","F","F",0,0,0,0,0,0,0,0,0,"","","",0,0,0,0,0,0,0,0,0,0,0,0,0,"","F","F","F","F",4,0,0,0,4,0,0,0,0,0,F,F,"1978BAL.EVA.regular.event.csv",2742
"BAL197807052","TOR",6,0,0,0,0,"",2,6,"huttt101","?","huttt101","?","flinj101","?","flinj101","?","dempr001","murre001","dauer001","decid001","garck001","andem101","harll101","singk001","maybj101","","","S8.1-2","F","F",9,6,20,"T","T",1,"F","F",0,"F","F",0,"F","F",8,"","F","F","",0,0,"N",0,"N",0,"N",1,2,0,0,"","","","","F","F","F","F","F","F","F","F","F","flinj101","","","F","F","F","F","F","","","","",0,0,0,0,0,0,0,0,0,53,"BAL","TOR","BAL",0,"F","F",2,6,0,23,1,"T","F",1,3,"T","T","mckad101","ashba001","F","F",3,5,52,0,0,0,0,0,0,"dempr001","","",0,0,0,0,0,0,0,0,0,0,0,0,0,"harll101","F","F","F","F",4,4,0,0,4,0,0,0,0,0,F,F,"1978BAL.EVA.regular.event.csv",2743
"BAL197807052","TOR",6,0,0,0,0,"",2,6,"mckad101","?","mckad101","?","martt001","?","martt001","?","dempr001","murre001","dauer001","decid001","garck001","andem101","harll101","singk001","huttt101","maybj101","","D.2-H;1-3","F","F",4,7,21,"T","T",2,"F","F",0,"F","F",1,"F","F",0,"","F","F","",0,0,"N",0,"N",0,"N",2,3,4,0,"","","","","F","F","F","F","F","F","F","F","F","flinj101","flinj101","","F","F","F","F","F","","","","",0,0,0,0,0,0,0,0,0,54,"BAL","TOR","BAL",0,"F","F",2,6,0,24,2,"T","F",3,6,"T","T","ashba001","johnt102","F","F",9,6,53,3,5,52,0,0,0,"dempr001","dempr001","",0,0,0,0,0,0,0,0,0,0,0,0,1,"","F","F","F","F",4,4,4,0,3,0,0,0,0,0,F,F,"1978BAL.EVA.regular.event.csv",2744
"BAL197807052","TOR",6,0,0,0,0,"",3,6,"ashba001","?","ashba001","?","martt001","?","martt001","?","dempr001","murre001","dauer001","decid001","garck001","andem101","harll101","singk001","","mckad101","huttt101","53.3-H;2-3","F","F",2,8,2,"T","T",0,"F","F",1,"F","F",1,"F","F",5,"G","F","F","",0,0,"N",0,"N",0,"N",0,0,3,4,"53","","","","F","F","F","F","F","F","F","F","F","","martt001","flinj101","F","F","F","F","F","","","","",0,3,0,0,5,0,0,0,0,55,"BAL","TOR","BAL",0,"F","F",3,6,1,25,3,"T","F",6,4,"T","T","johnt102","boser101","F","F",0,0,0,4,7,54,9,6,53,"","dempr001","dempr001",0,0,0,0,0,0,0,0,0,0,0,0,1,"decid001","F","F","F","F",0,0,4,4,2,0,0,0,0,0,F,F,"1978BAL.EVA.regular.event.csv",2745
"BAL197807052","TOR",6,0,1,0,0,"",4,6,"aultd101","?","aultd101","?","martt001","?","martt001","?","dempr001","murre001","dauer001","decid001","garck001","andem101","harll101","singk001","","","mckad101","K/C","F","T",11,9,3,"T","T",0,"F","F",1,"F","F",0,"F","F",0,"","F","F","",0,0,"N",0,"N",0,"N",0,0,0,3,"2","","","","F","F","F","F","F","F","F","F","F","","","martt001","F","F","F","F","F","","","","johnt102",6,2,0,0,0,0,0,0,0,56,"BAL","TOR","BAL",0,"F","F",4,6,2,26,4,"T","F",4,4,"F","F","boser101","upshw001","F","F",0,0,0,0,0,0,4,7,54,"","","dempr001",0,0,0,0,0,0,0,0,0,0,0,0,0,"","F","F","F","F",0,0,0,4,2,0,0,0,0,0,F,F,"1978BAL.EVA.regular.event.csv",2746
"BAL197807052","TOR",6,0,2,0,0,"",4,6,"boser101","?","boser101","?","martt001","?","martt001","?","dempr001","murre001","dauer001","decid001","garck001","andem101","harll101","singk001","","","mckad101","W","F","F",8,1,14,"T","F",0,"F","F",0,"F","F",0,"F","F",0,"","F","F","",0,0,"N",0,"N",0,"N",1,0,0,3,"","","","","F","F","F","F","F","F","F","F","F","","","martt001","F","F","F","F","F","","","","",0,0,0,0,0,0,0,0,0,57,"BAL","TOR","BAL",0,"F","F",4,6,2,27,5,"T","F",4,5,"T","T","upshw001","hower001","F","F",0,0,0,0,0,0,4,7,54,"","","dempr001",0,0,0,0,0,0,0,0,0,0,0,0,0,"","F","F","F","F",4,0,0,4,2,0,0,0,0,0,F,F,"1978BAL.EVA.regular.event.csv",2747
"BAL197807052","TOR",6,0,2,0,0,"",4,6,"bailb001","?","bailb001","?","martt001","?","martt001","?","dempr001","murre001","dauer001","decid001","garck001","andem101","harll101","singk001","boser101","","mckad101","S8.3-H;1-3","F","T",11,2,20,"T","T",1,"F","F",0,"F","F",1,"F","F",8,"","F","F","",0,0,"N",0,"N",0,"N",1,3,0,4,"","","","","F","F","F","F","F","F","F","F","F","martt001","","martt001","F","F","F","F","F","","","","upshw001",7,0,0,0,0,0,0,0,0,58,"BAL","TOR","BAL",0,"F","F",4,6,2,28,6,"T","F",5,5,"F","F","hower001","cartr101","F","F",8,1,57,0,0,0,4,7,54,"dempr001","","dempr001",0,0,0,0,0,0,0,0,0,0,0,0,1,"harll101","F","F","F","F",2,4,0,4,1,0,0,0,0,0,F,F,"1978BAL.EVA.regular.event.csv",2748
"BAL197807052","TOR",6,0,2,0,0,"",5,6,"hower001","?","hower001","?","martt001","?","martt001","?","dempr001","murre001","dauer001","decid001","garck001","andem101","harll101","singk001","bailb001","","boser101","S.3-H;1-2","F","F",5,3,20,"T","T",1,"F","F",0,"F","F",1,"F","F",0,"","F","F","",0,0,"N",0,"N",0,"N",1,2,0,4,"","","","","F","F","F","F","F","F","F","F","F","martt001","","martt001","F","F","F","F","F","","","","",0,0,0,0,0,0,0,0,0,59,"BAL","TOR","BAL",0,"F","F",5,6,3,29,7,"T","F",5,3,"T","T","cartr101","maybj101","F","F",0,2,58,0,0,0,8,1,57,"dempr001","","dempr001",0,0,0,0,0,0,0,0,0,0,0,0,1,"","F","F","F","F",1,2,0,4,0,0,0,0,0,0,F,F,"1978BAL.EVA.regular.event.csv",2749
"BAL197807052","TOR",6,0,2,0,0,"",6,6,"cartr101","?","cartr101","?","kerrj101","?","kerrj101","?","dempr001","murre001","dauer001","decid001","garck001","andem101","harll101","singk001","hower001","bailb001","","63","F","F",10,4,2,"T","T",0,"F","F",1,"F","F",0,"F","F",6,"G","F","F","",0,0,"N",0,"N",0,"N",0,1,2,0,"63","","","","F","F","F","F","F","F","F","F","F","martt001","martt001","","F","F","F","F","F","","","","",0,3,0,0,6,0,0,0,0,60,"BAL","TOR","BAL",0,"F","T",6,6,4,30,8,"T","F",3,3,"T","T","maybj101","huttt101","F","F",5,3,59,0,2,58,0,0,0,"dempr001","dempr001","",0,0,0,0,0,0,0,0,0,0,0,0,0,"garck001","F","F","F","F",0,1,2,0,0,0,0,0,0,0,F,F,"1978BAL.EVA.regular.event.csv",2750
"BAL197807052","TOR",6,1,0,0,0,"",6,6,"singk001","?","singk001","?","murpt101","?","murpt101","?","ashba001","maybj101","mckad101","hower001","gomel101","huttt101","boser101","bailb001","","","","K","T","F",9,3,3,"T","T",0,"F","F",1,"F","F",0,"F","F",0,"","F","F","",0,0,"N",0,"N",0,"N",0,0,0,0,"2","","","","F","F","F","F","F","F","F","F","F","","","","F","F","F","F","F","","","","",0,2,0,0,0,0,0,0,0,61,"BAL","BAL","TOR",1,"T","F",6,6,0,29,0,"T","F",0,0,"T","T","murre001","may-l101","F","F",0,0,0,0,0,0,0,0,0,"","","",0,0,0,0,0,0,0,0,0,0,0,0,0,"","F","F","F","F",0,0,0,0,0,0,0,0,0,0,F,F,"1978BAL.EVA.regular.event.csv",2751
"BAL197807052","TOR",6,1,1,0,0,"",6,6,"murre001","?","murre001","?","murpt101","?","murpt101","?","ashba001","maybj101","mckad101","hower001","gomel101","huttt101","boser101","bailb001","","","","5/P5F","F","F",3,4,2,"T","T",0,"F","F",1,"F","F",0,"F","F",5,"P","F","T","5F",0,0,"N",0,"N",0,"N",0,0,0,0,"5","","","","F","F","F","F","F","F","F","F","F","","","","F","F","F","F","F","","","","",0,5,0,0,0,0,0,0,0,62,"BAL","BAL","TOR",1,"F","F",6,6,0,30,1,"T","F",0,0,"T","T","may-l101","harll101","F","F",0,0,0,0,0,0,0,0,0,"","","",0,0,0,0,0,0,0,0,0,0,0,0,0,"hower001","F","F","F","F",0,0,0,0,0,0,0,0,0,0,F,F,"1978BAL.EVA.regular.event.csv",2752
"BAL197807052","TOR",6,1,2,0,0,"",6,6,"may-l101","?","may-l101","?","murpt101","?","murpt101","?","ashba001","maybj101","mckad101","hower001","gomel101","huttt101","boser101","bailb001","","","","13","F","F",10,5,2,"T","T",0,"F","F",1,"F","F",0,"F","F",1,"G","F","F","",0,0,"N",0,"N",0,"N",0,0,0,0,"13","","","","F","F","F","F","F","F","F","F","F","","","","F","F","F","F","F","","","","",0,3,0,0,1,0,0,0,0,63,"BAL","BAL","TOR",1,"F","T",6,6,0,31,2,"T","F",0,0,"T","T","harll101","decid001","F","F",0,0,0,0,0,0,0,0,0,"","","",0,0,0,0,0,0,0,0,0,0,0,0,0,"murpt101","F","F","F","F",0,0,0,0,0,0,0,0,0,0,F,F,"1978BAL.EVA.regular.event.csv",2753
"BAL197807052","TOR",7,0,0,0,0,"",6,6,"maybj101","?","maybj101","?","kerrj101","?","kerrj101","?","dempr001","murre001","dauer001","decid001","garck001","andem101","harll101","singk001","","","","13","T","F",3,5,2,"T","T",0,"F","F",1,"F","F",0,"F","F",1,"G","F","F","",0,0,"N",0,"N",0,"N",0,0,0,0,"13","","","","F","F","F","F","F","F","F","F","F","","","","F","F","F","F","F","","","","",0,3,0,0,1,0,0,0,0,64,"BAL","TOR","BAL",0,"T","F",6,6,0,31,0,"T","F",0,0,"T","T","huttt101","mckad101","F","F",0,0,0,0,0,0,0,0,0,"","","",0,0,0,0,0,0,0,0,0,0,0,0,0,"kerrj101","F","F","F","F",0,0,0,0,0,0,0,0,0,0,F,F,"1978BAL.EVA.regular.event.csv",2754
"BAL197807052","TOR",7,0,1,0,0,"",6,6,"huttt101","?","huttt101","?","kerrj101","?","kerrj101","?","dempr001","murre001","dauer001","decid001","garck001","andem101","harll101","singk001","","","","S4","F","F",7,6,20,"T","T",1,"F","F",0,"F","F",0,"F","F",4,"","F","F","",0,0,"N",0,"N",0,"N",1,0,0,0,"","","","","F","F","F","F","F","F","F","F","F","","","","F","F","F","F","F","","","","",0,0,0,0,0,0,0,0,0,65,"BAL","TOR","BAL",0,"F","F",6,6,0,32,1,"T","F",0,1,"T","T","mckad101","ashba001","F","F",0,0,0,0,0,0,0,0,0,"","","",0,0,0,0,0,0,0,0,0,0,0,0,0,"dauer001","F","F","F","F",0,0,0,0,0,0,0,0,0,0,F,F,"1978BAL.EVA.regular.event.csv",2755
"BAL197807052","TOR",7,0,1,0,0,"",6,6,"mckad101","?","mckad101","?","kerrj101","?","kerrj101","?","dempr001","murre001","dauer001","decid001","garck001","andem101","harll101","singk001","huttt101","","","K","F","F",4,7,3,"T","T",0,"F","F",1,"F","F",0,"F","F",0,"","F","F","",0,0,"N",0,"N",0,"N",0,1,0,0,"2","","","","F","F","F","F","F","F","F","F","F","kerrj101","","","F","F","F","F","F","","","","",0,2,0,0,0,0,0,0,0,66,"BAL","TOR","BAL",0,"F","F",6,6,0,33,2,"T","F",1,1,"T","T","ashba001","gomel101","F","F",7,6,65,0,0,0,0,0,0,"dempr001","","",0,0,0,0,0,0,0,0,0,0,0,0,0,"","F","F","F","F",0,0,0,0,0,0,0,0,0,0,F,F,"1978BAL.EVA.regular.event.csv",2756
"BAL197807052","TOR",7,0,2,0,0,"",6,6,"ashba001","?","ashba001","?","kerrj101","?","kerrj101","?","dempr001","murre001","dauer001","decid001","garck001","andem101","harll101","singk001","huttt101","","","13","F","F",2,8,2,"T","T",0,"F","F",1,"F","F",0,"F","F",1,"G","F","F","",0,0,"N",0,"N",0,"N",0,1,0,0,"13","","","","F","F","F","F","F","F","F","F","F","kerrj101","","","F","F","F","F","F","","","","",0,3,0,0,1,0,0,0,0,67,"BAL","TOR","BAL",0,"F","T",6,6,0,34,3,"T","F",1,1,"T","T","gomel101","boser101","F","F",7,6,65,0,0,0,0,0,0,"dempr001","","",0,0,0,0,0,0,0,0,0,0,0,0,0,"kerrj101","F","F","F","F",0,0,0,0,0,0,0,0,0,0,F,F,"1978BAL.EVA.regular.event.csv",2757
"BAL197807052","TOR",7,1,0,0,0,"",6,6,"harll101","?","harll101","?","murpt101","?","murpt101","?","ashba001","maybj101","mckad101","hower001","gomel101","huttt101","boser101","bailb001","","","","S7","T","F",8,6,20,"T","T",1,"F","F",0,"F","F",0,"F","F",7,"","F","F","",0,0,"N",0,"N",0,"N",1,0,0,0,"","","","","F","F","F","F","F","F","F","F","F","","","","F","F","F","F","F","","","","",0,0,0,0,0,0,0,0,0,68,"BAL","BAL","TOR",1,"T","F",6,6,0,32,0,"T","F",0,1,"F","F","decid001","andem101","F","F",0,0,0,0,0,0,0,0,0,"","","",0,0,0,0,0,0,0,0,0,0,0,0,0,"huttt101","F","F","F","F",4,0,0,0,2,0,0,0,0,0,F,F,"1978BAL.EVA.regular.event.csv",2758
"BAL197807052","TOR",7,1,0,0,0,"",6,6,"decid001","?","decid001","?","murpt101","?","murpt101","?","ashba001","maybj101","mckad101","hower001","gomel101","huttt101","boser101","bailb001","harll101","","","D7.1-3","F","F",5,7,21,"T","T",2,"F","F",0,"F","F",0,"F","F",7,"","F","F","",0,0,"N",0,"N",0,"N",2,3,0,0,"","","","","F","F","F","F","F","F","F","F","F","murpt101","","","F","F","F","F","F","","","","",0,0,0,0,0,0,0,0,0,69,"BAL","BAL","TOR",1,"F","F",6,6,0,33,1,"T","F",1,6,"T","T","andem101","dempr001","F","F",8,6,68,0,0,0,0,0,0,"ashba001","","",0,0,0,0,0,0,0,0,0,0,0,0,0,"huttt101","F","F","F","F",4,4,0,0,2,0,0,0,0,0,F,F,"1978BAL.EVA.regular.event.csv",2759
"BAL197807052","TOR",7,1,0,0,0,"",6,6,"kellp101","?","kellp101","?","murpt101","?","murpt101","?","ashba001","maybj101","mckad101","hower001","gomel101","huttt101","boser101","bailb001","","decid001","harll101","IW","F","T",11,8,15,"T","F",0,"F","F",0,"F","F",0,"F","F",0,"","F","F","",0,0,"N",0,"N",0,"N",1,0,2,3,"","","","","F","F","F","F","F","F","F","F","F","","murpt101","murpt101","F","F","F","F","F","","","","andem101",7,0,0,0,0,0,0,0,0,70,"BAL","BAL","TOR",1,"F","F",6,6,0,34,2,"T","F",6,7,"F","F","dempr001","garck001","F","F",0,0,0,5,7,69,8,6,68,"","ashba001","ashba001",0,0,0,0,0,0,0,0,0,0,0,0,0,"","F","F","F","F",0,0,4,4,2,0,0,0,0,0,F,F,"1978BAL.EVA.regular.event.csv",2760
"BAL197807052","TOR",7,1,0,0,0,"",6,6,"dempr001","?","dempr001","?","murpt101","?","murpt101","?","ashba001","maybj101","mckad101","hower001","gomel101","huttt101","boser101","bailb001","kellp101","decid001","harll101","9/SF.3-H;2-3","F","F",2,9,2,"T","F",0,"F","T",1,"F","F",1,"F","F",9,"F","F","F","",0,0,"N",0,"N",0,"N",0,1,3,4,"9","","","","F","F","F","F","F","F","F","F","F","murpt101","murpt101","murpt101","F","F","F","F","F","","","","",0,9,0,0,0,0,0,0,0,71,"BAL","BAL","TOR",1,"F","F",6,6,0,35,3,"T","F",7,5,"T","T","garck001","dauer001","F","F",0,8,70,5,7,69,8,6,68,"ashba001","ashba001","ashba001",0,0,0,0,0,0,0,0,0,0,0,0,1,"bailb001","F","F","F","F",0,0,4,4,1,0,0,0,0,0,F,F,"1978BAL.EVA.regular.event.csv",2761
"BAL197807052","TOR",7,1,1,0,0,"",6,7,"crowt101","?","crowt101","?","cruzv101","?","cruzv101","?","ashba001","maybj101","mckad101","hower001","gomel101","huttt101","boser101","bailb001","kellp101","","decid001","8/SF.3-H","F","T",11,1,2,"T","F",0,"F","T",1,"F","F",1,"F","F",8,"F","F","F","",0,0,"N",0,"N",0,"N",0,1,0,4,"8","","","","F","F","F","F","F","F","F","F","F","murpt101","","murpt101","F","F","F","F","F","","","","garck001",6,8,0,0,0,0,0,0,0,72,"BAL","BAL","TOR",1,"F","F",7,6,1,36,4,"T","F",5,1,"F","F","dauer001","singk001","F","F",11,8,70,0,0,0,5,7,69,"ashba001","","ashba001",0,0,0,0,0,0,0,0,0,0,0,0,1,"boser101","F","F","F","F",0,0,0,4,0,0,0,0,0,0,F,F,"1978BAL.EVA.regular.event.csv",2762
"BAL197807052","TOR",7,1,2,0,0,"",6,8,"dauer001","?","dauer001","?","cruzv101","?","cruzv101","?","ashba001","maybj101","mckad101","hower001","gomel101","huttt101","boser101","bailb001","kellp101","","","CS2(24)","F","F",4,2,6,"F","F",0,"F","F",1,"F","F",0,"F","F",0,"","F","F","",0,0,"N",0,"N",0,"N",0,0,0,0,"","24","","","F","F","F","T","F","F","F","F","F","murpt101","","","F","F","F","F","F","","","","",0,4,0,0,2,0,0,0,0,73,"BAL","BAL","TOR",1,"F","T",8,6,2,37,5,"T","T",1,0,"T","T","singk001","murre001","F","F",0,8,70,0,0,0,0,0,0,"ashba001","","",0,0,0,0,0,0,0,0,0,0,0,0,0,"","F","F","F","F",0,0,0,0,0,0,0,0,0,0,F,F,"1978BAL.EVA.regular.event.csv",2763
"BAL197807052","TOR",8,0,0,0,0,"",6,8,"gomel101","?","gomel101","?","kerrj101","?","kerrj101","?","dempr001","murre001","dauer001","decid001","belam101","kellp101","harll101","singk001","","","","53","T","F",6,9,2,"T","T",0,"F","F",1,"F","F",0,"F","F",5,"G","F","F","",0,0,"N",0,"N",0,"N",0,0,0,0,"53","","","","F","F","F","F","F","F","F","F","F","","","","F","F","F","F","F","","","","",0,3,0,0,5,0,0,0,0,74,"BAL","TOR","BAL",0,"T","F",6,8,0,35,0,"T","F",0,0,"F","F","boser101","bailb001","F","F",0,0,0,0,0,0,0,0,0,"","","",0,0,0,0,0,0,0,0,0,0,0,0,0,"decid001","F","F","F","F",0,0,0,0,0,0,0,0,0,0,F,F,"1978BAL.EVA.regular.event.csv",2764
"BAL197807052","TOR",8,0,1,0,0,"",6,8,"boser101","?","boser101","?","kerrj101","?","kerrj101","?","dempr001","murre001","dauer001","decid001","belam101","kellp101","harll101","singk001","","","","43","F","F",8,1,2,"T","T",0,"F","F",1,"F","F",0,"F","F",4,"G","F","F","",0,0,"N",0,"N",0,"N",0,0,0,0,"43","","","","F","F","F","F","F","F","F","F","F","","","","F","F","F","F","F","","","","",0,3,0,0,4,0,0,0,0,75,"BAL","TOR","BAL",0,"F","F",6,8,0,36,1,"T","F",0,0,"T","T","bailb001","hower001","F","F",0,0,0,0,0,0,0,0,0,"","","",0,0,0,0,0,0,0,0,0,0,0,0,0,"dauer001","F","F","F","F",0,0,0,0,0,0,0,0,0,0,F,F,"1978BAL.EVA.regular.event.csv",2765
"BAL197807052","TOR",8,0,2,0,0,"",6,8,"bailb001","?","bailb001","?","kerrj101","?","kerrj101","?","dempr001","murre001","dauer001","decid001","belam101","kellp101","harll101","singk001","","","","53","F","F",9,2,2,"T","T",0,"F","F",1,"F","F",0,"F","F",5,"G","F","F","",0,0,"N",0,"N",0,"N",0,0,0,0,"53","","","","F","F","F","F","F","F","F","F","F","","","","F","F","F","F","F","","","","",0,3,0,0,5,0,0,0,0,76,"BAL","TOR","BAL",0,"F","T",6,8,0,37,2,"T","F",0,0,"F","F","hower001","cartr101","F","F",0,0,0,0,0,0,0,0,0,"","","",0,0,0,0,0,0,0,0,0,0,0,0,0,"decid001","F","F","F","F",0,0,0,0,0,0,0,0,0,0,F,F,"1978BAL.EVA.regular.event.csv",2766
"BAL197807052","TOR",8,1,0,0,0,"",6,8,"dauer001","?","dauer001","?","cruzv101","?","cruzv101","?","ashba001","maybj101","mckad101","hower001","gomel101","huttt101","boser101","bailb001","","","","63","T","F",4,2,2,"T","T",0,"F","F",1,"F","F",0,"F","F",6,"G","F","F","",0,0,"N",0,"N",0,"N",0,0,0,0,"63","","","","F","F","F","F","F","F","F","F","F","","","","F","F","F","F","F","","","","",0,3,0,0,6,0,0,0,0,77,"BAL","BAL","TOR",1,"T","F",8,6,0,37,0,"T","F",0,0,"T","T","singk001","murre001","F","F",0,0,0,0,0,0,0,0,0,"","","",0,0,0,0,0,0,0,0,0,0,0,0,0,"gomel101","F","F","F","F",0,0,0,0,0,0,0,0,0,0,F,F,"1978BAL.EVA.regular.event.csv",2767
"BAL197807052","TOR",8,1,1,0,0,"",6,8,"singk001","?","singk001","?","cruzv101","?","cruzv101","?","ashba001","maybj101","mckad101","hower001","gomel101","huttt101","boser101","bailb001","","","","S/F78S","F","F",9,3,20,"T","T",1,"F","F",0,"F","F",0,"F","F",0,"F","F","F","78S",0,0,"N",0,"N",0,"N",1,0,0,0,"","","","","F","F","F","F","F","F","F","F","F","","","","F","F","F","F","F","","","","",0,0,0,0,0,0,0,0,0,78,"BAL","BAL","TOR",1,"F","F",8,6,0,38,1,"T","F",0,1,"T","T","murre001","may-l101","F","F",0,0,0,0,0,0,0,0,0,"","","",0,0,0,0,0,0,0,0,0,0,0,0,0,"","F","F","F","F",3,0,0,0,0,0,0,0,0,0,F,F,"1978BAL.EVA.regular.event.csv",2768
"BAL197807052","TOR",8,1,1,0,0,"",6,8,"murre001","?","murre001","?","cruzv101","?","cruzv101","?","ashba001","maybj101","mckad101","hower001","gomel101","huttt101","boser101","bailb001","lopec101","","","2/P2F","F","F",3,4,2,"T","T",0,"F","F",1,"F","F",0,"F","F",2,"P","F","T","2F",0,0,"N",0,"N",0,"N",0,1,0,0,"2","","","","F","F","F","F","F","F","F","F","F","cruzv101","","","F","F","T","F","F","singk001","","","",0,2,0,0,0,0,0,0,0,79,"BAL","BAL","TOR",1,"F","F",8,6,0,39,2,"T","F",1,1,"T","T","may-l101","harll101","F","F",0,3,78,0,0,0,0,0,0,"ashba001","","",0,0,0,0,0,0,0,0,0,0,0,0,0,"ashba001","F","F","F","F",0,3,0,0,0,0,0,0,0,0,F,F,"1978BAL.EVA.regular.event.csv",2769
"BAL197807052","TOR",8,1,2,0,0,"",6,8,"may-l101","?","may-l101","?","cruzv101","?","cruzv101","?","ashba001","maybj101","mckad101","hower001","gomel101","huttt101","boser101","bailb001","lopec101","","","S7.1-3","F","F",10,5,20,"T","T",1,"F","F",0,"F","F",0,"F","F",7,"","F","F","",0,0,"N",0,"N",0,"N",1,3,0,0,"","","","","F","F","F","F","F","F","F","F","F","cruzv101","","","F","F","F","F","F","","","","",0,0,0,0,0,0,0,0,0,80,"BAL","BAL","TOR",1,"F","F",8,6,0,40,3,"T","F",1,5,"T","T","harll101","decid001","F","F",0,3,78,0,0,0,0,0,0,"ashba001","","",0,0,0,0,0,0,0,0,0,0,0,0,0,"huttt101","F","F","F","F",1,3,0,0,0,0,0,0,0,0,F,F,"1978BAL.EVA.regular.event.csv",2770
"BAL197807052","TOR",8,1,2,0,0,"",6,8,"harll101","?","harll101","?","cruzv101","?","cruzv101","?","ashba001","maybj101","mckad101","hower001","gomel101","huttt101","boser101","bailb001","may-l101","","lopec101","K/C","F","F",8,6,3,"T","T",0,"F","F",1,"F","F",0,"F","F",0,"","F","F","",0,0,"N",0,"N",0,"N",0,1,0,3,"2","","","","F","F","F","F","F","F","F","F","F","cruzv101","","cruzv101","F","F","F","F","F","","","","",0,2,0,0,0,0,0,0,0,81,"BAL","BAL","TOR",1,"F","T",8,6,0,41,4,"T","F",5,5,"F","F","decid001","kellp101","F","F",10,5,80,0,0,0,0,3,78,"ashba001","","ashba001",0,0,0,0,0,0,0,0,0,0,0,0,0,"","F","F","F","F",0,1,0,3,0,0,0,0,0,0,F,F,"1978BAL.EVA.regular.event.csv",2771
"BAL197807052","TOR",9,0,0,0,0,"",6,8,"hower001","?","hower001","?","kerrj101","?","kerrj101","?","dempr001","murre001","dauer001","decid001","belam101","kellp101","harll101","lopec101","","","","K","T","F",5,3,3,"T","T",0,"F","F",1,"F","F",0,"F","F",0,"","F","F","",0,0,"N",0,"N",0,"N",0,0,0,0,"2","","","","F","F","F","F","F","F","F","F","F","","","","F","F","F","F","F","","","","",0,2,0,0,0,0,0,0,0,82,"BAL","TOR","BAL",0,"T","F",6,8,0,38,0,"T","F",0,0,"T","T","cartr101","maybj101","F","F",0,0,0,0,0,0,0,0,0,"","","",0,0,0,0,0,0,0,0,0,0,0,0,0,"","F","F","F","F",0,0,0,0,0,0,0,0,0,0,F,F,"1978BAL.EVA.regular.event.csv",2772
"BAL197807052","TOR",9,0,1,0,0,"",6,8,"cartr101","?","cartr101","?","kerrj101","?","kerrj101","?","dempr001","murre001","dauer001","decid001","belam101","kellp101","harll101","lopec101","","","","23","F","F",10,4,2,"T","T",0,"F","F",1,"F","F",0,"F","F",2,"G","F","F","",0,0,"N",0,"N",0,"N",0,0,0,0,"23","","","","F","F","F","F","F","F","F","F","F","","","","F","F","F","F","F","","","","",0,3,0,0,2,0,0,0,0,83,"BAL","TOR","BAL",0,"F","F",6,8,0,39,1,"T","F",0,0,"T","T","maybj101","huttt101","F","F",0,0,0,0,0,0,0,0,0,"","","",0,0,0,0,0,0,0,0,0,0,0,0,0,"dempr001","F","F","F","F",0,0,0,0,0,0,0,0,0,0,F,F,"1978BAL.EVA.regular.event.csv",2773
"BAL197807052","TOR",9,0,2,0,0,"",6,8,"maybj101","?","maybj101","?","kerrj101","?","kerrj101","?","dempr001","murre001","dauer001","decid001","belam101","kellp101","harll101","lopec101","","","","K","F","F",3,5,3,"T","T",0,"F","F",1,"F","F",0,"F","F",0,"","F","F","",0,0,"N",0,"N",0,"N",0,0,0,0,"2","","","","F","F","F","F","F","F","F","F","F","","","","F","T","F","F","F","","","","",0,2,0,0,0,0,0,0,0,84,"BAL","TOR","BAL",0,"F","T",6,8,0,40,2,"T","F",0,0,"T","T","huttt101","mckad101","F","F",0,0,0,0,0,0,0,0,0,"","","",0,0,0,0,0,0,0,0,0,0,0,0,0,"","F","F","F","F",0,0,0,0,0,0,0,0,0,0,F,F,"1978BAL.EVA.regular.event.csv",2774
"BAL197807060","TOR",1,0,0,0,0,"",0,0,"boser101","?","boser101","?","palmj001","?","palmj001","?","dempr001","murre001","dauer001","decid001","belam101","moraa101","harll101","singk001","","","","63","T","F",8,1,2,"T","T",0,"F","F",1,"F","F",0,"F","F",6,"G","F","F","",0,0,"N",0,"N",0,"N",0,0,0,0,"63","","","","F","F","F","F","F","F","F","F","F","","","","T","F","F","F","F","","","","",0,3,0,0,6,0,0,0,0,1,"BAL","TOR","BAL",0,"T","F",0,0,0,0,0,"T","F",0,0,"T","T","bailb001","hower001","T","T",0,0,0,0,0,0,0,0,0,"","","",0,0,0,0,0,0,0,0,0,0,0,0,0,"belam101","F","F","F","F",0,0,0,0,0,0,0,0,0,0,F,F,"1978BAL.EVA.regular.event.csv",2775
"BAL197807060","TOR",1,0,1,0,0,"",0,0,"bailb001","?","bailb001","?","palmj001","?","palmj001","?","dempr001","murre001","dauer001","decid001","belam101","moraa101","harll101","singk001","","","","63","F","F",9,2,2,"T","T",0,"F","F",1,"F","F",0,"F","F",6,"G","F","F","",0,0,"N",0,"N",0,"N",0,0,0,0,"63","","","","F","F","F","F","F","F","F","F","F","","","","F","F","F","F","F","","","","",0,3,0,0,6,0,0,0,0,2,"BAL","TOR","BAL",0,"F","F",0,0,0,1,1,"T","F",0,0,"T","T","hower001","cartr101","T","T",0,0,0,0,0,0,0,0,0,"","","",0,0,0,0,0,0,0,0,0,0,0,0,0,"belam101","F","F","F","F",0,0,0,0,0,0,0,0,0,0,F,F,"1978BAL.EVA.regular.event.csv",2776
"BAL197807060","TOR",1,0,2,0,0,"",0,0,"hower001","?","hower001","?","palmj001","?","palmj001","?","dempr001","murre001","dauer001","decid001","belam101","moraa101","harll101","singk001","","","","W","F","F",5,3,14,"T","F",0,"F","F",0,"F","F",0,"F","F",0,"","F","F","",0,0,"N",0,"N",0,"N",1,0,0,0,"","","","","F","F","F","F","F","F","F","F","F","","","","F","F","F","F","F","","","","",0,0,0,0,0,0,0,0,0,3,"BAL","TOR","BAL",0,"F","F",0,0,0,2,2,"T","F",0,1,"T","T","cartr101","maybj101","T","T",0,0,0,0,0,0,0,0,0,"","","",0,0,0,0,0,0,0,0,0,0,0,0,0,"","F","F","F","F",0,0,0,0,0,0,0,0,0,0,F,F,"1978BAL.EVA.regular.event.csv",2777
"BAL197807060","TOR",1,0,2,0,0,"",0,0,"cartr101","?","cartr101","?","palmj001","?","palmj001","?","dempr001","murre001","dauer001","decid001","belam101","moraa101","harll101","singk001","hower001","","","9","F","F",10,4,2,"T","T",0,"F","F",1,"F","F",0,"F","F",9,"F","F","F","",0,0,"N",0,"N",0,"N",0,1,0,0,"9","","","","F","F","F","F","F","F","F","F","F","palmj001","","","F","F","F","F","F","","","","",0,9,0,0,0,0,0,0,0,4,"BAL","TOR","BAL",0,"F","T",0,0,0,3,3,"T","F",1,1,"T","T","maybj101","huttt101","T","T",5,3,3,0,0,0,0,0,0,"dempr001","","",0,0,0,0,0,0,0,0,0,0,0,0,0,"singk001","F","F","F","F",0,0,0,0,0,0,0,0,0,0,F,F,"1978BAL.EVA.regular.event.csv",2778
"BAL197807060","TOR",1,1,0,0,0,"",0,0,"harll101","?","harll101","?","lemad101","?","lemad101","?","ashba001","maybj101","mckad101","hower001","gomel101","huttt101","boser101","bailb001","","","","13","T","F",8,1,2,"T","T",0,"F","F",1,"F","F",0,"F","F",1,"G","F","F","",0,0,"N",0,"N",0,"N",0,0,0,0,"13","","","","F","F","F","F","F","F","F","F","F","","","","F","F","F","F","F","","","","",0,3,0,0,1,0,0,0,0,5,"BAL","BAL","TOR",1,"T","F",0,0,0,0,0,"T","F",0,0,"T","T","dauer001","murre001","T","T",0,0,0,0,0,0,0,0,0,"","","",0,0,0,0,0,0,0,0,0,0,0,0,0,"lemad101","F","F","F","F",0,0,0,0,0,0,0,0,0,0,F,F,"1978BAL.EVA.regular.event.csv",2779
"BAL197807060","TOR",1,1,1,0,0,"",0,0,"dauer001","?","dauer001","?","lemad101","?","lemad101","?","ashba001","maybj101","mckad101","hower001","gomel101","huttt101","boser101","bailb001","","","","8","F","F",4,2,2,"T","T",0,"F","F",1,"F","F",0,"F","F",8,"F","F","F","",0,0,"N",0,"N",0,"N",0,0,0,0,"8","","","","F","F","F","F","F","F","F","F","F","","","","F","F","F","F","F","","","","",0,8,0,0,0,0,0,0,0,6,"BAL","BAL","TOR",1,"F","F",0,0,0,1,1,"T","F",0,0,"T","T","murre001","singk001","T","T",0,0,0,0,0,0,0,0,0,"","","",0,0,0,0,0,0,0,0,0,0,0,0,0,"boser101","F","F","F","F",0,0,0,0,0,0,0,0,0,0,F,F,"1978BAL.EVA.regular.event.csv",2780
"BAL197807060","TOR",1,1,2,0,0,"",0,0,"murre001","?","murre001","?","lemad101","?","lemad101","?","ashba001","maybj101","mckad101","hower001","gomel101","huttt101","boser101","bailb001","","","","W","F","F",3,3,14,"T","F",0,"F","F",0,"F","F",0,"F","F",0,"","F","F","",0,0,"N",0,"N",0,"N",1,0,0,0,"","","","","F","F","F","F","F","F","F","F","F","","","","F","F","F","F","F","","","","",0,0,0,0,0,0,0,0,0,7,"BAL","BAL","TOR",1,"F","F",0,0,0,2,2,"T","F",0,1,"T","T","singk001","may-l101","T","T",0,0,0,0,0,0,0,0,0,"","","",0,0,0,0,0,0,0,0,0,0,0,0,0,"","F","F","F","F",0,0,0,0,0,0,0,0,0,0,F,F,"1978BAL.EVA.regular.event.csv",2781
"BAL197807060","TOR",1,1,2,0,0,"",0,0,"singk001","?","singk001","?","lemad101","?","lemad101","?","ashba001","maybj101","mckad101","hower001","gomel101","huttt101","boser101","bailb001","murre001","","","9/L","F","F",9,4,2,"T","T",0,"F","F",1,"F","F",0,"F","F",9,"L","F","F","",0,0,"N",0,"N",0,"N",0,1,0,0,"9","","","","F","F","F","F","F","F","F","F","F","lemad101","","","F","F","F","F","F","","","","",0,9,0,0,0,0,0,0,0,8,"BAL","BAL","TOR",1,"F","T",0,0,0,3,3,"T","F",1,1,"T","T","may-l101","decid001","T","T",3,3,7,0,0,0,0,0,0,"ashba001","","",0,0,0,0,0,0,0,0,0,0,0,0,0,"bailb001","F","F","F","F",0,0,0,0,0,0,0,0,0,0,F,F,"1978BAL.EVA.regular.event.csv",2782
"BAL197807060","TOR",2,0,0,0,0,"",0,0,"maybj101","?","maybj101","?","palmj001","?","palmj001","?","dempr001","murre001","dauer001","decid001","belam101","moraa101","harll101","singk001","","","","43","T","F",3,5,2,"T","T",0,"F","F",1,"F","F",0,"F","F",4,"G","F","F","",0,0,"N",0,"N",0,"N",0,0,0,0,"43","","","","F","F","F","F","F","F","F","F","F","","","","F","F","F","F","F","","","","",0,3,0,0,4,0,0,0,0,9,"BAL","TOR","BAL",0,"T","F",0,0,0,4,0,"T","F",0,0,"T","T","huttt101","mckad101","T","T",0,0,0,0,0,0,0,0,0,"","","",0,0,0,0,0,0,0,0,0,0,0,0,0,"dauer001","F","F","F","F",0,0,0,0,0,0,0,0,0,0,F,F,"1978BAL.EVA.regular.event.csv",2783
"BAL197807060","TOR",2,0,1,0,0,"",0,0,"huttt101","?","huttt101","?","palmj001","?","palmj001","?","dempr001","murre001","dauer001","decid001","belam101","moraa101","harll101","singk001","","","","5/L","F","F",7,6,2,"T","T",0,"F","F",1,"F","F",0,"F","F",5,"L","F","F","",0,0,"N",0,"N",0,"N",0,0,0,0,"5","","","","F","F","F","F","F","F","F","F","F","","","","F","F","F","F","F","","","","",0,5,0,0,0,0,0,0,0,10,"BAL","TOR","BAL",0,"F","F",0,0,0,5,1,"T","F",0,0,"T","T","mckad101","ashba001","T","T",0,0,0,0,0,0,0,0,0,"","","",0,0,0,0,0,0,0,0,0,0,0,0,0,"decid001","F","F","F","F",0,0,0,0,0,0,0,0,0,0,F,F,"1978BAL.EVA.regular.event.csv",2784
"BAL197807060","TOR",2,0,2,0,0,"",0,0,"mckad101","?","mckad101","?","palmj001","?","palmj001","?","dempr001","murre001","dauer001","decid001","belam101","moraa101","harll101","singk001","","","","S8/L","F","F",4,7,20,"T","T",1,"F","F",0,"F","F",0,"F","F",8,"L","F","F","",0,0,"N",0,"N",0,"N",1,0,0,0,"","","","","F","F","F","F","F","F","F","F","F","","","","F","F","F","F","F","","","","",0,0,0,0,0,0,0,0,0,11,"BAL","TOR","BAL",0,"F","F",0,0,0,6,2,"T","F",0,1,"T","T","ashba001","gomel101","T","T",0,0,0,0,0,0,0,0,0,"","","",0,0,0,0,0,0,0,0,0,0,0,0,0,"harll101","F","F","F","F",0,0,0,0,0,0,0,0,0,0,F,F,"1978BAL.EVA.regular.event.csv",2785
"BAL197807060","TOR",2,0,2,0,0,"",0,0,"ashba001","?","ashba001","?","palmj001","?","palmj001","?","dempr001","murre001","dauer001","decid001","belam101","moraa101","harll101","singk001","mckad101","","","S8/L.1-3","F","F",2,8,20,"T","T",1,"F","F",0,"F","F",0,"F","F",8,"L","F","F","",0,0,"N",0,"N",0,"N",1,3,0,0,"","","","","F","F","F","F","F","F","F","F","F","palmj001","","","F","F","F","F","F","","","","",0,0,0,0,0,0,0,0,0,12,"BAL","TOR","BAL",0,"F","F",0,0,0,7,3,"T","F",1,5,"T","T","gomel101","boser101","T","T",4,7,11,0,0,0,0,0,0,"dempr001","","",0,0,0,0,0,0,0,0,0,0,0,0,0,"harll101","F","F","F","F",0,0,0,0,0,0,0,0,0,0,F,F,"1978BAL.EVA.regular.event.csv",2786
"BAL197807060","TOR",2,0,2,0,0,"",0,0,"gomel101","?","gomel101","?","palmj001","?","palmj001","?","dempr001","murre001","dauer001","decid001","belam101","moraa101","harll101","singk001","ashba001","","mckad101","K/C","F","F",6,9,3,"T","T",0,"F","F",1,"F","F",0,"F","F",0,"","F","F","",0,0,"N",0,"N",0,"N",0,1,0,3,"2","","","","F","F","F","F","F","F","F","F","F","palmj001","","palmj001","F","F","F","F","F","","","","",0,2,0,0,0,0,0,0,0,13,"BAL","TOR","BAL",0,"F","T",0,0,0,8,4,"T","F",5,5,"T","T","boser101","bailb001","T","T",2,8,12,0,0,0,4,7,11,"dempr001","","dempr001",0,0,0,0,0,0,0,0,0,0,0,0,0,"","F","F","F","F",0,0,0,0,0,0,0,0,0,0,F,F,"1978BAL.EVA.regular.event.csv",2787
"BAL197807060","TOR",2,1,0,0,0,"",0,0,"may-l101","?","may-l101","?","lemad101","?","lemad101","?","ashba001","maybj101","mckad101","hower001","gomel101","huttt101","boser101","bailb001","","","","63","T","F",10,5,2,"T","T",0,"F","F",1,"F","F",0,"F","F",6,"G","F","F","",0,0,"N",0,"N",0,"N",0,0,0,0,"63","","","","F","F","F","F","F","F","F","F","F","","","","F","F","F","F","F","","","","",0,3,0,0,6,0,0,0,0,14,"BAL","BAL","TOR",1,"T","F",0,0,0,4,0,"T","F",0,0,"T","T","decid001","moraa101","T","T",0,0,0,0,0,0,0,0,0,"","","",0,0,0,0,0,0,0,0,0,0,0,0,0,"gomel101","F","F","F","F",0,0,0,0,0,0,0,0,0,0,F,F,"1978BAL.EVA.regular.event.csv",2788
"BAL197807060","TOR",2,1,1,0,0,"",0,0,"decid001","?","decid001","?","lemad101","?","lemad101","?","ashba001","maybj101","mckad101","hower001","gomel101","huttt101","boser101","bailb001","","","","9","F","F",5,6,2,"T","T",0,"F","F",1,"F","F",0,"F","F",9,"F","F","F","",0,0,"N",0,"N",0,"N",0,0,0,0,"9","","","","F","F","F","F","F","F","F","F","F","","","","F","F","F","F","F","","","","",0,9,0,0,0,0,0,0,0,15,"BAL","BAL","TOR",1,"F","F",0,0,0,5,1,"T","F",0,0,"T","T","moraa101","dempr001","T","T",0,0,0,0,0,0,0,0,0,"","","",0,0,0,0,0,0,0,0,0,0,0,0,0,"bailb001","F","F","F","F",0,0,0,0,0,0,0,0,0,0,F,F,"1978BAL.EVA.regular.event.csv",2789
"BAL197807060","TOR",2,1,2,0,0,"",0,0,"moraa101","?","moraa101","?","lemad101","?","lemad101","?","ashba001","maybj101","mckad101","hower001","gomel101","huttt101","boser101","bailb001","","","","13","F","F",7,7,2,"T","T",0,"F","F",1,"F","F",0,"F","F",1,"G","F","F","",0,0,"N",0,"N",0,"N",0,0,0,0,"13","","","","F","F","F","F","F","F","F","F","F","","","","F","F","F","F","F","","","","",0,3,0,0,1,0,0,0,0,16,"BAL","BAL","TOR",1,"F","T",0,0,0,6,2,"T","F",0,0,"T","T","dempr001","belam101","T","T",0,0,0,0,0,0,0,0,0,"","","",0,0,0,0,0,0,0,0,0,0,0,0,0,"lemad101","F","F","F","F",0,0,0,0,0,0,0,0,0,0,F,F,"1978BAL.EVA.regular.event.csv",2790
"BAL197807060","TOR",3,0,0,0,0,"",0,0,"boser101","?","boser101","?","palmj001","?","palmj001","?","dempr001","murre001","dauer001","decid001","belam101","moraa101","harll101","singk001","","","","K","T","F",8,1,3,"T","T",0,"F","F",1,"F","F",0,"F","F",0,"","F","F","",0,0,"N",0,"N",0,"N",0,0,0,0,"2","","","","F","F","F","F","F","F","F","F","F","","","","F","F","F","F","F","","","","",0,2,0,0,0,0,0,0,0,17,"BAL","TOR","BAL",0,"T","F",0,0,0,9,0,"T","F",0,0,"T","T","bailb001","hower001","T","T",0,0,0,0,0,0,0,0,0,"","","",0,0,0,0,0,0,0,0,0,0,0,0,0,"","F","F","F","F",0,0,0,0,0,0,0,0,0,0,F,F,"1978BAL.EVA.regular.event.csv",2791
"BAL197807060","TOR",3,0,1,0,0,"",0,0,"bailb001","?","bailb001","?","palmj001","?","palmj001","?","dempr001","murre001","dauer001","decid001","belam101","moraa101","harll101","singk001","","","","S/89","F","F",9,2,20,"T","T",1,"F","F",0,"F","F",0,"F","F",0,"","F","F","89",0,0,"N",0,"N",0,"N",1,0,0,0,"","","","","F","F","F","F","F","F","F","F","F","","","","F","F","F","F","F","","","","",0,0,0,0,0,0,0,0,0,18,"BAL","TOR","BAL",0,"F","F",0,0,0,10,1,"T","F",0,1,"T","T","hower001","cartr101","T","T",0,0,0,0,0,0,0,0,0,"","","",0,0,0,0,0,0,0,0,0,0,0,0,0,"","F","F","F","F",0,0,0,0,0,0,0,0,0,0,F,F,"1978BAL.EVA.regular.event.csv",2792
"BAL197807060","TOR",3,0,1,0,0,"",0,0,"hower001","?","hower001","?","palmj001","?","palmj001","?","dempr001","murre001","dauer001","decid001","belam101","moraa101","harll101","singk001","bailb001","","","CS2(26)","F","F",5,3,6,"F","F",0,"F","F",1,"F","F",0,"F","F",0,"","F","F","",0,0,"N",0,"N",0,"N",0,0,0,0,"","26","","","F","F","F","T","F","F","F","F","F","palmj001","","","F","F","F","F","F","","","","",0,6,0,0,2,0,0,0,0,19,"BAL","TOR","BAL",0,"F","F",0,0,0,11,2,"T","F",1,0,"T","T","cartr101","maybj101","T","T",9,2,18,0,0,0,0,0,0,"dempr001","","",0,0,0,0,0,0,0,0,0,0,0,0,0,"","F","F","F","F",0,0,0,0,0,0,0,0,0,0,F,F,"1978BAL.EVA.regular.event.csv",2793
"BAL197807060","TOR",3,0,2,0,0,"",0,0,"hower001","?","hower001","?","palmj001","?","palmj001","?","dempr001","murre001","dauer001","decid001","belam101","moraa101","harll101","singk001","","","","W","F","F",5,3,14,"T","F",0,"F","F",0,"F","F",0,"F","F",0,"","F","F","",0,0,"N",0,"N",0,"N",1,0,0,0,"","","","","F","F","F","F","F","F","F","F","F","","","","F","F","F","F","F","","","","",0,0,0,0,0,0,0,0,0,20,"BAL","TOR","BAL",0,"F","F",0,0,0,11,2,"F","F",0,1,"T","T","cartr101","maybj101","T","T",0,0,0,0,0,0,0,0,0,"","","",0,0,0,0,0,0,0,0,0,0,0,0,0,"","F","F","F","F",0,0,0,0,0,0,0,0,0,0,F,F,"1978BAL.EVA.regular.event.csv",2794
"BAL197807060","TOR",3,0,2,0,0,"",0,0,"cartr101","?","cartr101","?","palmj001","?","palmj001","?","dempr001","murre001","dauer001","decid001","belam101","moraa101","harll101","singk001","hower001","","","64(1)/FO","F","F",10,4,2,"T","T",0,"F","F",1,"F","F",0,"F","F",6,"G","F","F","",0,0,"N",0,"N",0,"N",1,0,0,0,"","64","","","F","F","F","F","F","F","F","F","F","palmj001","","","F","F","F","F","F","","","","",0,4,0,0,6,0,0,0,0,21,"BAL","TOR","BAL",0,"F","T",0,0,0,12,3,"T","F",1,1,"T","T","maybj101","huttt101","T","T",5,3,20,0,0,0,0,0,0,"dempr001","","",0,0,0,0,0,0,0,0,0,0,0,0,0,"belam101","T","F","F","F",0,0,0,0,0,0,0,0,0,0,F,F,"1978BAL.EVA.regular.event.csv",2795
"BAL197807060","TOR",3,1,0,0,0,"",0,0,"dempr001","?","dempr001","?","lemad101","?","lemad101","?","ashba001","maybj101","mckad101","hower001","gomel101","huttt101","boser101","bailb001","","","","S9/G","T","F",2,8,20,"T","T",1,"F","F",0,"F","F",0,"F","F",9,"G","F","F","",0,0,"N",0,"N",0,"N",1,0,0,0,"","","","","F","F","F","F","F","F","F","F","F","","","","F","F","F","F","F","","","","",0,0,0,0,0,0,0,0,0,22,"BAL","BAL","TOR",1,"T","F",0,0,0,7,0,"T","F",0,1,"T","T","belam101","harll101","T","T",0,0,0,0,0,0,0,0,0,"","","",0,0,0,0,0,0,0,0,0,0,0,0,0,"bailb001","F","F","F","F",0,0,0,0,0,0,0,0,0,0,F,F,"1978BAL.EVA.regular.event.csv",2796
"BAL197807060","TOR",3,1,0,0,0,"",0,0,"belam101","?","belam101","?","lemad101","?","lemad101","?","ashba001","maybj101","mckad101","hower001","gomel101","huttt101","boser101","bailb001","dempr001","","","CS2(26)","F","F",6,9,6,"F","F",0,"F","F",1,"F","F",0,"F","F",0,"","F","F","",0,0,"N",0,"N",0,"N",0,0,0,0,"","26","","","F","F","F","T","F","F","F","F","F","lemad101","","","F","F","F","F","F","","","","",0,6,0,0,2,0,0,0,0,23,"BAL","BAL","TOR",1,"F","F",0,0,0,8,1,"T","F",1,0,"T","T","harll101","dauer001","T","T",2,8,22,0,0,0,0,0,0,"ashba001","","",0,0,0,0,0,0,0,0,0,0,0,0,0,"","F","F","F","F",0,0,0,0,0,0,0,0,0,0,F,F,"1978BAL.EVA.regular.event.csv",2797
"BAL197807060","TOR",3,1,1,0,0,"",0,0,"belam101","?","belam101","?","lemad101","?","lemad101","?","ashba001","maybj101","mckad101","hower001","gomel101","huttt101","boser101","bailb001","","","","S8/G","F","F",6,9,20,"T","T",1,"F","F",0,"F","F",0,"F","F",8,"G","F","F","",0,0,"N",0,"N",0,"N",1,0,0,0,"","","","","F","F","F","F","F","F","F","F","F","","","","F","F","F","F","F","","","","",0,0,0,0,0,0,0,0,0,24,"BAL","BAL","TOR",1,"F","F",0,0,0,8,1,"F","F",0,1,"T","T","harll101","dauer001","T","T",0,0,0,0,0,0,0,0,0,"","","",0,0,0,0,0,0,0,0,0,0,0,0,0,"boser101","F","F","F","F",0,0,0,0,0,0,0,0,0,0,F,F,"1978BAL.EVA.regular.event.csv",2798
"BAL197807060","TOR",3,1,1,0,0,"",0,0,"harll101","?","harll101","?","lemad101","?","lemad101","?","ashba001","maybj101","mckad101","hower001","gomel101","huttt101","boser101","bailb001","belam101","","","6/P","F","F",8,1,2,"T","T",0,"F","F",1,"F","F",0,"F","F",6,"P","F","F","",0,0,"N",0,"N",0,"N",0,1,0,0,"6","","","","F","F","F","F","F","F","F","F","F","lemad101","","","F","F","F","F","F","","","","",0,6,0,0,0,0,0,0,0,25,"BAL","BAL","TOR",1,"F","F",0,0,0,9,2,"T","F",1,1,"T","T","dauer001","murre001","T","T",6,9,24,0,0,0,0,0,0,"ashba001","","",0,0,0,0,0,0,0,0,0,0,0,0,0,"gomel101","F","F","F","F",0,0,0,0,0,0,0,0,0,0,F,F,"1978BAL.EVA.regular.event.csv",2799
"BAL197807060","TOR",3,1,2,0,0,"",0,0,"dauer001","?","dauer001","?","lemad101","?","lemad101","?","ashba001","maybj101","mckad101","hower001","gomel101","huttt101","boser101","bailb001","belam101","","","64(1)/FO","F","F",4,2,2,"T","T",0,"F","F",1,"F","F",0,"F","F",6,"G","F","F","",0,0,"N",0,"N",0,"N",1,0,0,0,"","64","","","F","F","F","F","F","F","F","F","F","lemad101","","","F","F","F","F","F","","","","",0,4,0,0,6,0,0,0,0,26,"BAL","BAL","TOR",1,"F","T",0,0,0,10,3,"T","F",1,1,"T","T","murre001","singk001","T","T",6,9,24,0,0,0,0,0,0,"ashba001","","",0,0,0,0,0,0,0,0,0,0,0,0,0,"gomel101","T","F","F","F",0,0,0,0,0,0,0,0,0,0,F,F,"1978BAL.EVA.regular.event.csv",2800
"BAL197807060","TOR",4,0,0,0,0,"",0,0,"maybj101","?","maybj101","?","palmj001","?","palmj001","?","dempr001","murre001","dauer001","decid001","belam101","moraa101","harll101","singk001","","","","43","T","F",3,5,2,"T","T",0,"F","F",1,"F","F",0,"F","F",4,"G","F","F","",0,0,"N",0,"N",0,"N",0,0,0,0,"43","","","","F","F","F","F","F","F","F","F","F","","","","F","F","F","F","F","","","","",0,3,0,0,4,0,0,0,0,27,"BAL","TOR","BAL",0,"T","F",0,0,0,13,0,"T","F",0,0,"T","T","huttt101","mckad101","T","T",0,0,0,0,0,0,0,0,0,"","","",0,0,0,0,0,0,0,0,0,0,0,0,0,"dauer001","F","F","F","F",0,0,0,0,0,0,0,0,0,0,F,F,"1978BAL.EVA.regular.event.csv",2801
"BAL197807060","TOR",4,0,1,0,0,"",0,0,"huttt101","?","huttt101","?","palmj001","?","palmj001","?","dempr001","murre001","dauer001","decid001","belam101","moraa101","harll101","singk001","","","","3/G","F","F",7,6,2,"T","T",0,"F","F",1,"F","F",0,"F","F",3,"G","F","F","",0,0,"N",0,"N",0,"N",0,0,0,0,"3","","","","F","F","F","F","F","F","F","F","F","","","","F","F","F","F","F","","","","",0,3,0,0,0,0,0,0,0,28,"BAL","TOR","BAL",0,"F","F",0,0,0,14,1,"T","F",0,0,"T","T","mckad101","ashba001","T","T",0,0,0,0,0,0,0,0,0,"","","",0,0,0,0,0,0,0,0,0,0,0,0,0,"murre001","F","F","F","F",0,0,0,0,0,0,0,0,0,0,F,F,"1978BAL.EVA.regular.event.csv",2802
"BAL197807060","TOR",4,0,2,0,0,"",0,0,"mckad101","?","mckad101","?","palmj001","?","palmj001","?","dempr001","murre001","dauer001","decid001","belam101","moraa101","harll101","singk001","","","","9","F","F",4,7,2,"T","T",0,"F","F",1,"F","F",0,"F","F",9,"F","F","F","",0,0,"N",0,"N",0,"N",0,0,0,0,"9","","","","F","F","F","F","F","F","F","F","F","","","","F","F","F","F","F","","","","",0,9,0,0,0,0,0,0,0,29,"BAL","TOR","BAL",0,"F","T",0,0,0,15,2,"T","F",0,0,"T","T","ashba001","gomel101","T","T",0,0,0,0,0,0,0,0,0,"","","",0,0,0,0,0,0,0,0,0,0,0,0,0,"singk001","F","F","F","F",0,0,0,0,0,0,0,0,0,0,F,F,"1978BAL.EVA.regular.event.csv",2803
"BAL197807060","TOR",4,1,0,0,0,"",0,0,"murre001","?","murre001","?","lemad101","?","lemad101","?","ashba001","maybj101","mckad101","hower001","gomel101","huttt101","boser101","bailb001","","","","8","T","F",3,3,2,"T","T",0,"F","F",1,"F","F",0,"F","F",8,"F","F","F","",0,0,"N",0,"N",0,"N",0,0,0,0,"8","","","","F","F","F","F","F","F","F","F","F","","","","F","F","F","F","F","","","","",0,8,0,0,0,0,0,0,0,30,"BAL","BAL","TOR",1,"T","F",0,0,0,11,0,"T","F",0,0,"T","T","singk001","may-l101","T","T",0,0,0,0,0,0,0,0,0,"","","",0,0,0,0,0,0,0,0,0,0,0,0,0,"boser101","F","F","F","F",0,0,0,0,0,0,0,0,0,0,F,F,"1978BAL.EVA.regular.event.csv",2804
"BAL197807060","TOR",4,1,1,0,0,"",0,0,"singk001","?","singk001","?","lemad101","?","lemad101","?","ashba001","maybj101","mckad101","hower001","gomel101","huttt101","boser101","bailb001","","","","63","F","F",9,4,2,"T","T",0,"F","F",1,"F","F",0,"F","F",6,"G","F","F","",0,0,"N",0,"N",0,"N",0,0,0,0,"63","","","","F","F","F","F","F","F","F","F","F","","","","F","F","F","F","F","","","","",0,3,0,0,6,0,0,0,0,31,"BAL","BAL","TOR",1,"F","F",0,0,0,12,1,"T","F",0,0,"T","T","may-l101","decid001","T","T",0,0,0,0,0,0,0,0,0,"","","",0,0,0,0,0,0,0,0,0,0,0,0,0,"gomel101","F","F","F","F",0,0,0,0,0,0,0,0,0,0,F,F,"1978BAL.EVA.regular.event.csv",2805
"BAL197807060","TOR",4,1,2,0,0,"",0,0,"may-l101","?","may-l101","?","lemad101","?","lemad101","?","ashba001","maybj101","mckad101","hower001","gomel101","huttt101","boser101","bailb001","","","","8","F","F",10,5,2,"T","T",0,"F","F",1,"F","F",0,"F","F",8,"F","F","F","",0,0,"N",0,"N",0,"N",0,0,0,0,"8","","","","F","F","F","F","F","F","F","F","F","","","","F","F","F","F","F","","","","",0,8,0,0,0,0,0,0,0,32,"BAL","BAL","TOR",1,"F","T",0,0,0,13,2,"T","F",0,0,"T","T","decid001","moraa101","T","T",0,0,0,0,0,0,0,0,0,"","","",0,0,0,0,0,0,0,0,0,0,0,0,0,"boser101","F","F","F","F",0,0,0,0,0,0,0,0,0,0,F,F,"1978BAL.EVA.regular.event.csv",2806
"BAL197807060","TOR",5,0,0,0,0,"",0,0,"ashba001","?","ashba001","?","palmj001","?","palmj001","?","dempr001","murre001","dauer001","decid001","belam101","moraa101","harll101","singk001","","","","S8/L","T","F",2,8,20,"T","T",1,"F","F",0,"F","F",0,"F","F",8,"L","F","F","",0,0,"N",0,"N",0,"N",1,0,0,0,"","","","","F","F","F","F","F","F","F","F","F","","","","F","F","F","F","F","","","","",0,0,0,0,0,0,0,0,0,33,"BAL","TOR","BAL",0,"T","F",0,0,0,16,0,"T","F",0,1,"T","T","gomel101","boser101","T","T",0,0,0,0,0,0,0,0,0,"","","",0,0,0,0,0,0,0,0,0,0,0,0,0,"harll101","F","F","F","F",0,0,0,0,1,0,0,0,0,0,F,F,"1978BAL.EVA.regular.event.csv",2807
"BAL197807060","TOR",5,0,0,0,0,"",0,0,"gomel101","?","gomel101","?","palmj001","?","palmj001","?","dempr001","murre001","dauer001","decid001","belam101","moraa101","harll101","singk001","ashba001","","","FC2/G2.1-2(E2/TH2)","F","F",6,9,19,"T","T",0,"F","F",0,"F","F",0,"F","F",2,"G","F","F","2",1,2,"T",0,"N",0,"N",1,2,0,0,"","","","","F","F","F","F","F","F","F","F","F","palmj001","","","F","F","F","F","F","","","","",0,0,0,0,0,0,0,0,0,34,"BAL","TOR","BAL",0,"F","F",0,0,0,17,1,"T","F",1,3,"T","T","boser101","bailb001","T","T",2,8,33,0,0,0,0,0,0,"dempr001","","",0,0,0,0,0,0,0,0,0,0,0,0,0,"dempr001","F","F","F","F",5,0,0,0,1,0,0,0,0,0,F,F,"1978BAL.EVA.regular.event.csv",2808
"BAL197807060","TOR",5,0,0,0,0,"",0,0,"boser101","?","boser101","?","palmj001","?","palmj001","?","dempr001","murre001","dauer001","decid001","belam101","moraa101","harll101","singk001","gomel101","ashba001","","15(2)/FO/G15.1-2","F","F",8,1,2,"T","T",0,"F","F",1,"F","F",0,"F","F",1,"G","F","F","15",0,0,"N",0,"N",0,"N",1,2,0,0,"","","15","","F","F","F","F","F","F","F","F","F","palmj001","palmj001","","F","F","F","F","F","","","","",0,5,0,0,1,0,0,0,0,35,"BAL","TOR","BAL",0,"F","F",0,0,0,18,2,"T","F",3,3,"T","T","bailb001","hower001","T","T",6,9,34,2,8,33,0,0,0,"dempr001","dempr001","",0,0,0,0,0,0,0,0,0,0,0,0,0,"palmj001","F","T","F","F",0,5,0,0,1,0,0,0,0,0,F,F,"1978BAL.EVA.regular.event.csv",2809
"BAL197807060","TOR",5,0,1,0,0,"",0,0,"bailb001","?","bailb001","?","palmj001","?","palmj001","?","dempr001","murre001","dauer001","decid001","belam101","moraa101","harll101","singk001","boser101","gomel101","","S8.2-H(UR);1-2","F","F",9,2,20,"T","T",1,"F","F",0,"F","F",1,"F","F",8,"","F","F","",0,0,"N",0,"N",0,"N",1,2,5,0,"","","","","F","F","F","F","F","F","F","F","F","palmj001","palmj001","","F","F","F","F","F","","","","",0,0,0,0,0,0,0,0,0,36,"BAL","TOR","BAL",0,"F","F",0,0,0,19,3,"T","F",3,3,"T","T","hower001","cartr101","T","T",8,1,35,6,9,34,0,0,0,"dempr001","dempr001","",0,0,0,0,0,0,0,0,0,0,0,0,1,"harll101","F","F","F","F",0,0,5,0,0,0,0,0,0,0,F,F,"1978BAL.EVA.regular.event.csv",2810
"BAL197807060","TOR",5,0,1,0,0,"",1,0,"hower001","?","hower001","?","palmj001","?","palmj001","?","dempr001","murre001","dauer001","decid001","belam101","moraa101","harll101","singk001","bailb001","boser101","","7","F","F",5,3,2,"T","T",0,"F","F",1,"F","F",0,"F","F",7,"F","F","F","",0,0,"N",0,"N",0,"N",0,1,2,0,"7","","","","F","F","F","F","F","F","F","F","F","palmj001","palmj001","","F","F","F","F","F","","","","",0,7,0,0,0,0,0,0,0,37,"BAL","TOR","BAL",0,"F","F",1,0,1,20,4,"T","F",3,3,"T","T","cartr101","maybj101","T","T",9,2,36,8,1,35,0,0,0,"dempr001","dempr001","",0,0,0,0,0,0,0,0,0,0,0,0,0,"moraa101","F","F","F","F",0,0,0,0,0,0,0,0,0,0,F,F,"1978BAL.EVA.regular.event.csv",2811
"BAL197807060","TOR",5,0,2,0,0,"",1,0,"cartr101","?","cartr101","?","palmj001","?","palmj001","?","dempr001","murre001","dauer001","decid001","belam101","moraa101","harll101","singk001","bailb001","boser101","","64(1)/FO","F","F",10,4,2,"T","T",0,"F","F",1,"F","F",0,"F","F",6,"G","F","F","",0,0,"N",0,"N",0,"N",1,0,2,0,"","64","","","F","F","F","F","F","F","F","F","F","palmj001","palmj001","","F","F","F","F","F","","","","",0,4,0,0,6,0,0,0,0,38,"BAL","TOR","BAL",0,"F","T",1,0,1,21,5,"T","F",3,3,"T","T","maybj101","huttt101","T","T",9,2,36,8,1,35,0,0,0,"dempr001","dempr001","",0,0,0,0,0,0,0,0,0,0,0,0,0,"belam101","T","F","F","F",0,0,0,0,0,0,0,0,0,0,F,F,"1978BAL.EVA.regular.event.csv",2812
"BAL197807060","TOR",5,1,0,0,0,"",1,0,"decid001","?","decid001","?","lemad101","?","lemad101","?","ashba001","maybj101","mckad101","hower001","gomel101","huttt101","boser101","bailb001","","","","53","T","F",5,6,2,"T","T",0,"F","F",1,"F","F",0,"F","F",5,"G","F","F","",0,0,"N",0,"N",0,"N",0,0,0,0,"53","","","","F","F","F","F","F","F","F","F","F","","","","F","F","F","F","F","","","","",0,3,0,0,5,0,0,0,0,39,"BAL","BAL","TOR",1,"T","F",0,1,0,14,0,"T","F",0,0,"T","T","moraa101","dempr001","T","T",0,0,0,0,0,0,0,0,0,"","","",0,0,0,0,0,0,0,0,0,0,0,0,0,"hower001","F","F","F","F",0,0,0,0,0,0,0,0,0,0,F,F,"1978BAL.EVA.regular.event.csv",2813
"BAL197807060","TOR",5,1,1,0,0,"",1,0,"moraa101","?","moraa101","?","lemad101","?","lemad101","?","ashba001","maybj101","mckad101","hower001","gomel101","huttt101","boser101","bailb001","","","","8","F","F",7,7,2,"T","T",0,"F","F",1,"F","F",0,"F","F",8,"F","F","F","",0,0,"N",0,"N",0,"N",0,0,0,0,"8","","","","F","F","F","F","F","F","F","F","F","","","","F","F","F","F","F","","","","",0,8,0,0,0,0,0,0,0,40,"BAL","BAL","TOR",1,"F","F",0,1,0,15,1,"T","F",0,0,"T","T","dempr001","belam101","T","T",0,0,0,0,0,0,0,0,0,"","","",0,0,0,0,0,0,0,0,0,0,0,0,0,"boser101","F","F","F","F",0,0,0,0,0,0,0,0,0,0,F,F,"1978BAL.EVA.regular.event.csv",2814
"BAL197807060","TOR",5,1,2,0,0,"",1,0,"dempr001","?","dempr001","?","lemad101","?","lemad101","?","ashba001","maybj101","mckad101","hower001","gomel101","huttt101","boser101","bailb001","","","","S/78S","F","F",2,8,20,"T","T",1,"F","F",0,"F","F",0,"F","F",0,"","F","F","78S",0,0,"N",0,"N",0,"N",1,0,0,0,"","","","","F","F","F","F","F","F","F","F","F","","","","F","F","F","F","F","","","","",0,0,0,0,0,0,0,0,0,41,"BAL","BAL","TOR",1,"F","F",0,1,0,16,2,"T","F",0,1,"T","T","belam101","harll101","T","T",0,0,0,0,0,0,0,0,0,"","","",0,0,0,0,0,0,0,0,0,0,0,0,0,"","F","F","F","F",0,0,0,0,0,0,0,0,0,0,F,F,"1978BAL.EVA.regular.event.csv",2815
"BAL197807060","TOR",5,1,2,0,0,"",1,0,"belam101","?","belam101","?","lemad101","?","lemad101","?","ashba001","maybj101","mckad101","hower001","gomel101","huttt101","boser101","bailb001","dempr001","","","S8.1-3","F","F",6,9,20,"T","T",1,"F","F",0,"F","F",0,"F","F",8,"","F","F","",0,0,"N",0,"N",0,"N",1,3,0,0,"","","","","F","F","F","F","F","F","F","F","F","lemad101","","","F","F","F","F","F","","","","",0,0,0,0,0,0,0,0,0,42,"BAL","BAL","TOR",1,"F","F",0,1,0,17,3,"T","F",1,5,"T","T","harll101","dauer001","T","T",2,8,41,0,0,0,0,0,0,"ashba001","","",0,0,0,0,0,0,0,0,0,0,0,0,0,"boser101","F","F","F","F",0,0,0,0,0,0,0,0,0,0,F,F,"1978BAL.EVA.regular.event.csv",2816
"BAL197807060","TOR",5,1,2,0,0,"",1,0,"harll101","?","harll101","?","lemad101","?","lemad101","?","ashba001","maybj101","mckad101","hower001","gomel101","huttt101","boser101","bailb001","belam101","","dempr001","7","F","F",8,1,2,"T","T",0,"F","F",1,"F","F",0,"F","F",7,"F","F","F","",0,0,"N",0,"N",0,"N",0,1,0,3,"7","","","","F","F","F","F","F","F","F","F","F","lemad101","","lemad101","F","F","F","F","F","","","","",0,7,0,0,0,0,0,0,0,43,"BAL","BAL","TOR",1,"F","T",0,1,0,18,4,"T","F",5,5,"T","T","dauer001","murre001","T","T",6,9,42,0,0,0,2,8,41,"ashba001","","ashba001",0,0,0,0,0,0,0,0,0,0,0,0,0,"huttt101","F","F","F","F",0,0,0,0,0,0,0,0,0,0,F,F,"1978BAL.EVA.regular.event.csv",2817
"BAL197807060","TOR",6,0,0,0,0,"",1,0,"maybj101","?","maybj101","?","palmj001","?","palmj001","?","dempr001","murre001","dauer001","decid001","belam101","moraa101","harll101","singk001","","","","7","T","F",3,5,2,"T","T",0,"F","F",1,"F","F",0,"F","F",7,"F","F","F","",0,0,"N",0,"N",0,"N",0,0,0,0,"7","","","","F","F","F","F","F","F","F","F","F","","","","F","F","F","F","F","","","","",0,7,0,0,0,0,0,0,0,44,"BAL","TOR","BAL",0,"T","F",1,0,0,22,0,"T","F",0,0,"T","T","huttt101","mckad101","T","T",0,0,0,0,0,0,0,0,0,"","","",0,0,0,0,0,0,0,0,0,0,0,0,0,"moraa101","F","F","F","F",0,0,0,0,0,0,0,0,0,0,F,F,"1978BAL.EVA.regular.event.csv",2818
"BAL197807060","TOR",6,0,1,0,0,"",1,0,"huttt101","?","huttt101","?","palmj001","?","palmj001","?","dempr001","murre001","dauer001","decid001","belam101","moraa101","harll101","singk001","","","","43","F","F",7,6,2,"T","T",0,"F","F",1,"F","F",0,"F","F",4,"G","F","F","",0,0,"N",0,"N",0,"N",0,0,0,0,"43","","","","F","F","F","F","F","F","F","F","F","","","","F","F","F","F","F","","","","",0,3,0,0,4,0,0,0,0,45,"BAL","TOR","BAL",0,"F","F",1,0,0,23,1,"T","F",0,0,"T","T","mckad101","ashba001","T","T",0,0,0,0,0,0,0,0,0,"","","",0,0,0,0,0,0,0,0,0,0,0,0,0,"dauer001","F","F","F","F",0,0,0,0,0,0,0,0,0,0,F,F,"1978BAL.EVA.regular.event.csv",2819
"BAL197807060","TOR",6,0,2,0,0,"",1,0,"mckad101","?","mckad101","?","palmj001","?","palmj001","?","dempr001","murre001","dauer001","decid001","belam101","moraa101","harll101","singk001","","","","31","F","F",4,7,2,"T","T",0,"F","F",1,"F","F",0,"F","F",3,"G","F","F","",0,0,"N",0,"N",0,"N",0,0,0,0,"31","","","","F","F","F","F","F","F","F","F","F","","","","F","F","F","F","F","","","","",0,1,0,0,3,0,0,0,0,46,"BAL","TOR","BAL",0,"F","T",1,0,0,24,2,"T","F",0,0,"T","T","ashba001","gomel101","T","T",0,0,0,0,0,0,0,0,0,"","","",0,0,0,0,0,0,0,0,0,0,0,0,0,"murre001","F","F","F","F",0,0,0,0,0,0,0,0,0,0,F,F,"1978BAL.EVA.regular.event.csv",2820
"BAL197807060","TOR",6,1,0,0,0,"",1,0,"dauer001","?","dauer001","?","lemad101","?","lemad101","?","ashba001","maybj101","mckad101","hower001","gomel101","huttt101","boser101","bailb001","","","","K/C","T","F",4,2,3,"T","T",0,"F","F",1,"F","F",0,"F","F",0,"","F","F","",0,0,"N",0,"N",0,"N",0,0,0,0,"2","","","","F","F","F","F","F","F","F","F","F","","","","F","F","F","F","F","","","","",0,2,0,0,0,0,0,0,0,47,"BAL","BAL","TOR",1,"T","F",0,1,0,19,0,"T","F",0,0,"T","T","murre001","singk001","T","T",0,0,0,0,0,0,0,0,0,"","","",0,0,0,0,0,0,0,0,0,0,0,0,0,"","F","F","F","F",0,0,0,0,0,0,0,0,0,0,F,F,"1978BAL.EVA.regular.event.csv",2821
"BAL197807060","TOR",6,1,1,0,0,"",1,0,"murre001","?","murre001","?","lemad101","?","lemad101","?","ashba001","maybj101","mckad101","hower001","gomel101","huttt101","boser101","bailb001","","","","S1","F","F",3,3,20,"T","T",1,"F","F",0,"F","F",0,"F","F",1,"","F","F","",0,0,"N",0,"N",0,"N",1,0,0,0,"","","","","F","F","F","F","F","F","F","F","F","","","","F","F","F","F","F","","","","",0,0,0,0,0,0,0,0,0,48,"BAL","BAL","TOR",1,"F","F",0,1,0,20,1,"T","F",0,1,"T","T","singk001","may-l101","T","T",0,0,0,0,0,0,0,0,0,"","","",0,0,0,0,0,0,0,0,0,0,0,0,0,"lemad101","F","F","F","F",0,0,0,0,0,0,0,0,0,0,F,F,"1978BAL.EVA.regular.event.csv",2822
"BAL197807060","TOR",6,1,1,0,0,"",1,0,"singk001","?","singk001","?","lemad101","?","lemad101","?","ashba001","maybj101","mckad101","hower001","gomel101","huttt101","boser101","bailb001","murre001","","","7","F","F",9,4,2,"T","T",0,"F","F",1,"F","F",0,"F","F",7,"F","F","F","",0,0,"N",0,"N",0,"N",0,1,0,0,"7","","","","F","F","F","F","F","F","F","F","F","lemad101","","","F","F","F","F","F","","","","",0,7,0,0,0,0,0,0,0,49,"BAL","BAL","TOR",1,"F","F",0,1,0,21,2,"T","F",1,1,"T","T","may-l101","decid001","T","T",3,3,48,0,0,0,0,0,0,"ashba001","","",0,0,0,0,0,0,0,0,0,0,0,0,0,"huttt101","F","F","F","F",0,0,0,0,0,0,0,0,0,0,F,F,"1978BAL.EVA.regular.event.csv",2823
"BAL197807060","TOR",6,1,2,0,0,"",1,0,"may-l101","?","may-l101","?","lemad101","?","lemad101","?","ashba001","maybj101","mckad101","hower001","gomel101","huttt101","boser101","bailb001","murre001","","","K","F","F",10,5,3,"T","T",0,"F","F",1,"F","F",0,"F","F",0,"","F","F","",0,0,"N",0,"N",0,"N",0,1,0,0,"2","","","","F","F","F","F","F","F","F","F","F","lemad101","","","F","F","F","F","F","","","","",0,2,0,0,0,0,0,0,0,50,"BAL","BAL","TOR",1,"F","T",0,1,0,22,3,"T","F",1,1,"T","T","decid001","moraa101","T","T",3,3,48,0,0,0,0,0,0,"ashba001","","",0,0,0,0,0,0,0,0,0,0,0,0,0,"","F","F","F","F",0,0,0,0,0,0,0,0,0,0,F,F,"1978BAL.EVA.regular.event.csv",2824
"BAL197807060","TOR",7,0,0,0,0,"",1,0,"ashba001","?","ashba001","?","palmj001","?","palmj001","?","dempr001","murre001","dauer001","decid001","belam101","moraa101","harll101","singk001","","","","8","T","F",2,8,2,"T","T",0,"F","F",1,"F","F",0,"F","F",8,"F","F","F","",0,0,"N",0,"N",0,"N",0,0,0,0,"8","","","","F","F","F","F","F","F","F","F","F","","","","F","F","F","F","F","","","","",0,8,0,0,0,0,0,0,0,51,"BAL","TOR","BAL",0,"T","F",1,0,0,25,0,"T","F",0,0,"T","T","gomel101","boser101","T","T",0,0,0,0,0,0,0,0,0,"","","",0,0,0,0,0,0,0,0,0,0,0,0,0,"harll101","F","F","F","F",0,0,0,0,0,0,0,0,0,0,F,F,"1978BAL.EVA.regular.event.csv",2825
"BAL197807060","TOR",7,0,1,0,0,"",1,0,"gomel101","?","gomel101","?","palmj001","?","palmj001","?","dempr001","murre001","dauer001","decid001","belam101","moraa101","harll101","singk001","","","","K","F","F",6,9,3,"T","T",0,"F","F",1,"F","F",0,"F","F",0,"","F","F","",0,0,"N",0,"N",0,"N",0,0,0,0,"2","","","","F","F","F","F","F","F","F","F","F","","","","F","F","F","F","F","","","","",0,2,0,0,0,0,0,0,0,52,"BAL","TOR","BAL",0,"F","F",1,0,0,26,1,"T","F",0,0,"T","T","boser101","bailb001","T","T",0,0,0,0,0,0,0,0,0,"","","",0,0,0,0,0,0,0,0,0,0,0,0,0,"","F","F","F","F",0,0,0,0,0,0,0,0,0,0,F,F,"1978BAL.EVA.regular.event.csv",2826
"BAL197807060","TOR",7,0,2,0,0,"",1,0,"boser101","?","boser101","?","palmj001","?","palmj001","?","dempr001","murre001","dauer001","decid001","belam101","moraa101","harll101","singk001","","","","13","F","F",8,1,2,"T","T",0,"F","F",1,"F","F",0,"F","F",1,"G","F","F","",0,0,"N",0,"N",0,"N",0,0,0,0,"13","","","","F","F","F","F","F","F","F","F","F","","","","F","F","F","F","F","","","","",0,3,0,0,1,0,0,0,0,53,"BAL","TOR","BAL",0,"F","T",1,0,0,27,2,"T","F",0,0,"T","T","bailb001","hower001","T","T",0,0,0,0,0,0,0,0,0,"","","",0,0,0,0,0,0,0,0,0,0,0,0,0,"palmj001","F","F","F","F",0,0,0,0,0,0,0,0,0,0,F,F,"1978BAL.EVA.regular.event.csv",2827
"BAL197807060","TOR",7,1,0,0,0,"",1,0,"decid001","?","decid001","?","lemad101","?","lemad101","?","ashba001","maybj101","mckad101","hower001","gomel101","huttt101","boser101","bailb001","","","","K","T","F",5,6,3,"T","T",0,"F","F",1,"F","F",0,"F","F",0,"","F","F","",0,0,"N",0,"N",0,"N",0,0,0,0,"2","","","","F","F","F","F","F","F","F","F","F","","","","F","F","F","F","F","","","","",0,2,0,0,0,0,0,0,0,54,"BAL","BAL","TOR",1,"T","F",0,1,0,23,0,"T","F",0,0,"T","T","moraa101","dempr001","T","T",0,0,0,0,0,0,0,0,0,"","","",0,0,0,0,0,0,0,0,0,0,0,0,0,"","F","F","F","F",0,0,0,0,0,0,0,0,0,0,F,F,"1978BAL.EVA.regular.event.csv",2828
"BAL197807060","TOR",7,1,1,0,0,"",1,0,"moraa101","?","moraa101","?","lemad101","?","lemad101","?","ashba001","maybj101","mckad101","hower001","gomel101","huttt101","boser101","bailb001","","","","K","F","F",7,7,3,"T","T",0,"F","F",1,"F","F",0,"F","F",0,"","F","F","",0,0,"N",0,"N",0,"N",0,0,0,0,"2","","","","F","F","F","F","F","F","F","F","F","","","","F","F","F","F","F","","","","",0,2,0,0,0,0,0,0,0,55,"BAL","BAL","TOR",1,"F","F",0,1,0,24,1,"T","F",0,0,"T","T","dempr001","belam101","T","T",0,0,0,0,0,0,0,0,0,"","","",0,0,0,0,0,0,0,0,0,0,0,0,0,"","F","F","F","F",0,0,0,0,0,0,0,0,0,0,F,F,"1978BAL.EVA.regular.event.csv",2829
"BAL197807060","TOR",7,1,2,0,0,"",1,0,"dempr001","?","dempr001","?","lemad101","?","lemad101","?","ashba001","maybj101","mckad101","hower001","gomel101","huttt101","boser101","bailb001","","","","S9/L","F","F",2,8,20,"T","T",1,"F","F",0,"F","F",0,"F","F",9,"L","F","F","",0,0,"N",0,"N",0,"N",1,0,0,0,"","","","","F","F","F","F","F","F","F","F","F","","","","F","F","F","F","F","","","","",0,0,0,0,0,0,0,0,0,56,"BAL","BAL","TOR",1,"F","F",0,1,0,25,2,"T","F",0,1,"T","T","belam101","harll101","T","T",0,0,0,0,0,0,0,0,0,"","","",0,0,0,0,0,0,0,0,0,0,0,0,0,"bailb001","F","F","F","F",0,0,0,0,0,0,0,0,0,0,F,F,"1978BAL.EVA.regular.event.csv",2830
"BAL197807060","TOR",7,1,2,0,0,"",1,0,"belam101","?","belam101","?","lemad101","?","lemad101","?","ashba001","maybj101","mckad101","hower001","gomel101","huttt101","boser101","bailb001","dempr001","","","13","F","F",6,9,2,"T","T",0,"F","F",1,"F","F",0,"F","F",1,"G","F","F","",0,0,"N",0,"N",0,"N",0,1,0,0,"13","","","","F","F","F","F","F","F","F","F","F","lemad101","","","F","F","F","F","F","","","","",0,3,0,0,1,0,0,0,0,57,"BAL","BAL","TOR",1,"F","T",0,1,0,26,3,"T","F",1,1,"T","T","harll101","dauer001","T","T",2,8,56,0,0,0,0,0,0,"ashba001","","",0,0,0,0,0,0,0,0,0,0,0,0,0,"lemad101","F","F","F","F",0,0,0,0,0,0,0,0,0,0,F,F,"1978BAL.EVA.regular.event.csv",2831
"BAL197807060","TOR",8,0,0,0,0,"",1,0,"bailb001","?","bailb001","?","palmj001","?","palmj001","?","dempr001","murre001","dauer001","decid001","belam101","moraa101","harll101","singk001","","","","D9","T","F",9,2,21,"T","T",2,"F","F",0,"F","F",0,"F","F",9,"","F","F","",0,0,"N",0,"N",0,"N",2,0,0,0,"","","","","F","F","F","F","F","F","F","F","F","","","","F","F","F","F","F","","","","",0,0,0,0,0,0,0,0,0,58,"BAL","TOR","BAL",0,"T","F",1,0,0,28,0,"T","F",0,2,"T","T","hower001","cartr101","T","T",0,0,0,0,0,0,0,0,0,"","","",0,0,0,0,0,0,0,0,0,0,0,0,0,"singk001","F","F","F","F",4,0,0,0,1,0,0,0,0,0,F,F,"1978BAL.EVA.regular.event.csv",2832
"BAL197807060","TOR",8,0,0,0,0,"",1,0,"hower001","?","hower001","?","palmj001","?","palmj001","?","dempr001","murre001","dauer001","decid001","belam101","moraa101","harll101","singk001","","bailb001","","53/BG/SH.2-3","F","F",5,3,2,"T","F",0,"T","F",1,"F","F",0,"F","F",5,"G","T","F","",0,0,"N",0,"N",0,"N",0,0,3,0,"53","","","","F","F","F","F","F","F","F","F","F","","palmj001","","F","F","F","F","F","","","","",0,3,0,0,5,0,0,0,0,59,"BAL","TOR","BAL",0,"F","F",1,0,0,29,1,"T","F",2,4,"T","T","cartr101","maybj101","T","T",0,0,0,9,2,58,0,0,0,"","dempr001","",0,0,0,0,0,0,0,0,0,0,0,0,0,"decid001","F","F","F","F",0,0,4,0,1,0,0,0,0,0,F,F,"1978BAL.EVA.regular.event.csv",2833
"BAL197807060","TOR",8,0,1,0,0,"",1,0,"cartr101","?","cartr101","?","palmj001","?","palmj001","?","dempr001","murre001","dauer001","decid001","belam101","moraa101","harll101","singk001","","","bailb001","S7.3-H","F","F",10,4,20,"T","T",1,"F","F",0,"F","F",1,"F","F",7,"","F","F","",0,0,"N",0,"N",0,"N",1,0,0,4,"","","","","F","F","F","F","F","F","F","F","F","","","palmj001","F","F","F","F","F","","","","",0,0,0,0,0,0,0,0,0,60,"BAL","TOR","BAL",0,"F","F",1,0,0,30,2,"T","F",4,1,"T","T","maybj101","huttt101","T","T",0,0,0,0,0,0,9,2,58,"","","dempr001",0,0,0,0,0,0,0,0,0,0,0,0,1,"moraa101","F","F","F","F",0,0,0,4,0,0,0,0,0,0,F,F,"1978BAL.EVA.regular.event.csv",2834
"BAL197807060","TOR",8,0,1,0,0,"",2,0,"maybj101","?","maybj101","?","palmj001","?","palmj001","?","dempr001","murre001","dauer001","decid001","belam101","moraa101","harll101","singk001","upshw001","","","CS2(24)","F","F",3,5,6,"F","F",0,"F","F",1,"F","F",0,"F","F",0,"","F","F","",0,0,"N",0,"N",0,"N",0,0,0,0,"","24","","","F","F","F","T","F","F","F","F","F","palmj001","","","F","F","T","F","F","cartr101","","","",0,4,0,0,2,0,0,0,0,61,"BAL","TOR","BAL",0,"F","F",2,0,1,31,3,"T","F",1,0,"T","T","huttt101","mckad101","T","T",10,4,60,0,0,0,0,0,0,"dempr001","","",0,0,0,0,0,0,0,0,0,0,0,0,0,"","F","F","F","F",0,0,0,0,0,0,0,0,0,0,F,F,"1978BAL.EVA.regular.event.csv",2835
"BAL197807060","TOR",8,0,2,0,0,"",2,0,"maybj101","?","maybj101","?","palmj001","?","palmj001","?","dempr001","murre001","dauer001","decid001","belam101","moraa101","harll101","singk001","","","","7/L","F","F",3,5,2,"T","T",0,"F","F",1,"F","F",0,"F","F",7,"L","F","F","",0,0,"N",0,"N",0,"N",0,0,0,0,"7","","","","F","F","F","F","F","F","F","F","F","","","","F","F","F","F","F","","","","",0,7,0,0,0,0,0,0,0,62,"BAL","TOR","BAL",0,"F","T",2,0,1,31,3,"F","F",0,0,"T","T","huttt101","mckad101","T","T",0,0,0,0,0,0,0,0,0,"","","",0,0,0,0,0,0,0,0,0,0,0,0,0,"moraa101","F","F","F","F",0,0,0,0,0,0,0,0,0,0,F,F,"1978BAL.EVA.regular.event.csv",2836
"BAL197807060","TOR",8,1,0,0,0,"",2,0,"harll101","?","harll101","?","lemad101","?","lemad101","?","ashba001","maybj101","mckad101","hower001","gomel101","huttt101","boser101","bailb001","","","","S8/L","T","F",8,1,20,"T","T",1,"F","F",0,"F","F",0,"F","F",8,"L","F","F","",0,0,"N",0,"N",0,"N",1,0,0,0,"","","","","F","F","F","F","F","F","F","F","F","","","","F","F","F","F","F","","","","",0,0,0,0,0,0,0,0,0,63,"BAL","BAL","TOR",1,"T","F",0,2,0,27,0,"T","F",0,1,"T","T","dauer001","murre001","T","T",0,0,0,0,0,0,0,0,0,"","","",0,0,0,0,0,0,0,0,0,0,0,0,0,"boser101","F","F","F","F",0,0,0,0,0,0,0,0,0,0,F,F,"1978BAL.EVA.regular.event.csv",2837
"BAL197807060","TOR",8,1,0,0,0,"",2,0,"dauer001","?","dauer001","?","lemad101","?","lemad101","?","ashba001","maybj101","mckad101","hower001","gomel101","huttt101","boser101","bailb001","harll101","","","S6.1-2","F","F",4,2,20,"T","T",1,"F","F",0,"F","F",0,"F","F",6,"","F","F","",0,0,"N",0,"N",0,"N",1,2,0,0,"","","","","F","F","F","F","F","F","F","F","F","lemad101","","","F","F","F","F","F","","","","",0,0,0,0,0,0,0,0,0,64,"BAL","BAL","TOR",1,"F","F",0,2,0,28,1,"T","F",1,3,"T","T","murre001","singk001","T","T",8,1,63,0,0,0,0,0,0,"ashba001","","",0,0,0,0,0,0,0,0,0,0,0,0,0,"gomel101","F","F","F","F",0,0,0,0,0,0,0,0,0,0,F,F,"1978BAL.EVA.regular.event.csv",2838
"BAL197807060","TOR",8,1,0,0,0,"",2,0,"murre001","?","murre001","?","lemad101","?","lemad101","?","ashba001","maybj101","mckad101","hower001","gomel101","huttt101","boser101","bailb001","dauer001","harll101","","3/G.2-3;1-1","F","F",3,3,2,"T","T",0,"F","F",1,"F","F",0,"F","F",3,"G","F","F","",0,0,"N",0,"N",0,"N",0,1,3,0,"3","","","","F","F","F","F","F","F","F","F","F","lemad101","lemad101","","F","F","F","F","F","","","","",0,3,0,0,0,0,0,0,0,65,"BAL","BAL","TOR",1,"F","F",0,2,0,29,2,"T","F",3,5,"T","T","singk001","may-l101","T","T",4,2,64,8,1,63,0,0,0,"ashba001","ashba001","",0,0,0,0,0,0,0,0,0,0,0,0,0,"maybj101","F","F","F","F",0,0,0,0,0,0,0,0,0,0,F,F,"1978BAL.EVA.regular.event.csv",2839
"BAL197807060","TOR",8,1,1,0,0,"",2,0,"singk001","?","singk001","?","lemad101","?","lemad101","?","ashba001","maybj101","mckad101","hower001","gomel101","huttt101","boser101","bailb001","dauer001","","harll101","46(1)3/GDP","F","F",9,4,2,"T","T",0,"F","F",2,"T","F",0,"F","F",4,"G","F","F","",0,0,"N",0,"N",0,"N",0,0,0,3,"63","46","","","F","F","F","F","F","F","F","F","F","lemad101","","lemad101","F","F","F","F","F","","","","",0,6,3,0,4,6,0,0,0,66,"BAL","BAL","TOR",1,"F","T",0,2,0,30,3,"T","F",5,4,"T","T","may-l101","decid001","T","T",4,2,64,0,0,0,8,1,63,"ashba001","","ashba001",0,0,0,0,0,0,0,0,0,0,0,0,0,"mckad101","T","F","F","F",0,0,0,0,0,0,0,0,0,0,F,F,"1978BAL.EVA.regular.event.csv",2840
"BAL197807060","TOR",9,0,0,0,0,"",2,0,"huttt101","?","huttt101","?","palmj001","?","palmj001","?","dempr001","murre001","dauer001","decid001","belam101","moraa101","harll101","singk001","","","","3/L","T","F",7,6,2,"T","T",0,"F","F",1,"F","F",0,"F","F",3,"L","F","F","",0,0,"N",0,"N",0,"N",0,0,0,0,"3","","","","F","F","F","F","F","F","F","F","F","","","","F","F","F","F","F","","","","",0,3,0,0,0,0,0,0,0,67,"BAL","TOR","BAL",0,"T","F",2,0,0,32,0,"T","F",0,0,"T","T","mckad101","ashba001","T","T",0,0,0,0,0,0,0,0,0,"","","",0,0,0,0,0,0,0,0,0,0,0,0,0,"murre001","F","F","F","F",0,0,0,0,0,0,0,0,0,0,F,F,"1978BAL.EVA.regular.event.csv",2841
"BAL197807060","TOR",9,0,1,0,0,"",2,0,"mckad101","?","mckad101","?","palmj001","?","palmj001","?","dempr001","murre001","dauer001","decid001","belam101","moraa101","harll101","singk001","","","","3/G","F","F",4,7,2,"T","T",0,"F","F",1,"F","F",0,"F","F",3,"G","F","F","",0,0,"N",0,"N",0,"N",0,0,0,0,"3","","","","F","F","F","F","F","F","F","F","F","","","","F","F","F","F","F","","","","",0,3,0,0,0,0,0,0,0,68,"BAL","TOR","BAL",0,"F","F",2,0,0,33,1,"T","F",0,0,"T","T","ashba001","gomel101","T","T",0,0,0,0,0,0,0,0,0,"","","",0,0,0,0,0,0,0,0,0,0,0,0,0,"murre001","F","F","F","F",0,0,0,0,0,0,0,0,0,0,F,F,"1978BAL.EVA.regular.event.csv",2842
"BAL197807060","TOR",9,0,2,0,0,"",2,0,"ashba001","?","ashba001","?","palmj001","?","palmj001","?","dempr001","murre001","dauer001","decid001","belam101","moraa101","harll101","singk001","","","","9","F","F",2,8,2,"T","T",0,"F","F",1,"F","F",0,"F","F",9,"F","F","F","",0,0,"N",0,"N",0,"N",0,0,0,0,"9","","","","F","F","F","F","F","F","F","F","F","","","","F","F","F","F","F","","","","",0,9,0,0,0,0,0,0,0,69,"BAL","TOR","BAL",0,"F","T",2,0,0,34,2,"T","F",0,0,"T","T","gomel101","boser101","T","T",0,0,0,0,0,0,0,0,0,"","","",0,0,0,0,0,0,0,0,0,0,0,0,0,"singk001","F","F","F","F",0,0,0,0,0,0,0,0,0,0,F,F,"1978BAL.EVA.regular.event.csv",2843
"BAL197807060","TOR",9,1,0,0,0,"",2,0,"may-l101","?","may-l101","?","lemad101","?","lemad101","?","ashba001","maybj101","mckad101","hower001","gomel101","huttt101","boser101","bailb001","","","","W","T","F",10,5,14,"T","F",0,"F","F",0,"F","F",0,"F","F",0,"","F","F","",0,0,"N",0,"N",0,"N",1,0,0,0,"","","","","F","F","F","F","F","F","F","F","F","","","","F","F","F","F","F","","","","",0,0,0,0,0,0,0,0,0,70,"BAL","BAL","TOR",1,"T","F",0,2,0,31,0,"T","F",0,1,"T","T","decid001","moraa101","T","T",0,0,0,0,0,0,0,0,0,"","","",0,0,0,0,0,0,0,0,0,0,0,0,0,"","F","F","F","F",3,0,0,0,0,0,0,0,0,0,F,F,"1978BAL.EVA.regular.event.csv",2844
"BAL197807060","TOR",9,1,0,0,0,"",2,0,"decid001","?","decid001","?","lemad101","?","lemad101","?","ashba001","maybj101","mckad101","hower001","gomel101","huttt101","boser101","bailb001","lopec101","","","S7.1-2","F","F",5,6,20,"T","T",1,"F","F",0,"F","F",0,"F","F",7,"","F","F","",0,0,"N",0,"N",0,"N",1,2,0,0,"","","","","F","F","F","F","F","F","F","F","F","lemad101","","","F","F","T","F","F","may-l101","","","",0,0,0,0,0,0,0,0,0,71,"BAL","BAL","TOR",1,"F","F",0,2,0,32,1,"T","F",1,3,"T","T","moraa101","dempr001","T","T",10,5,70,0,0,0,0,0,0,"ashba001","","",0,0,0,0,0,0,0,0,0,0,0,0,0,"huttt101","F","F","F","F",2,3,0,0,0,0,0,0,0,0,F,F,"1978BAL.EVA.regular.event.csv",2845
"BAL197807060","TOR",9,1,0,0,0,"",2,0,"garck001","?","garck001","?","lemad101","?","lemad101","?","ashba001","maybj101","mckad101","hower001","gomel101","huttt101","boser101","bailb001","decid001","lopec101","","14/BG/SH.2-3;1-2","F","T",11,7,2,"T","F",0,"T","F",1,"F","F",0,"F","F",1,"G","T","F","",0,0,"N",0,"N",0,"N",0,2,3,0,"14","","","","F","F","F","F","F","F","F","F","F","lemad101","lemad101","","F","F","F","F","F","","","","moraa101",7,4,0,0,1,0,0,0,0,72,"BAL","BAL","TOR",1,"F","F",0,2,0,33,2,"T","F",3,6,"F","F","dempr001","belam101","T","T",5,6,71,10,5,70,0,0,0,"ashba001","ashba001","",0,0,0,0,0,0,0,0,0,0,0,0,0,"lemad101","F","F","F","F",0,2,3,0,0,0,0,0,0,0,F,F,"1978BAL.EVA.regular.event.csv",2846
"BAL197807060","TOR",9,1,1,0,0,"",2,0,"dempr001","?","dempr001","?","lemad101","?","lemad101","?","ashba001","maybj101","mckad101","hower001","gomel101","huttt101","boser101","bailb001","","decid001","lopec101","7","F","F",2,8,2,"T","T",0,"F","F",1,"F","F",0,"F","F",7,"F","F","F","",0,0,"N",0,"N",0,"N",0,0,2,3,"7","","","","F","F","F","F","F","F","F","F","F","","lemad101","lemad101","F","F","F","F","F","","","","",0,7,0,0,0,0,0,0,0,73,"BAL","BAL","TOR",1,"F","F",0,2,0,34,3,"T","F",6,6,"T","T","belam101","harll101","T","T",0,0,0,5,6,71,10,5,70,"","ashba001","ashba001",0,0,0,0,0,0,0,0,0,0,0,0,0,"huttt101","F","F","F","F",0,0,2,3,0,0,0,0,0,0,F,F,"1978BAL.EVA.regular.event.csv",2847
"BAL197807060","TOR",9,1,2,0,0,"",2,0,"andem101","?","andem101","?","willm101","?","willm101","?","ashba001","maybj101","mckad101","hower001","gomel101","huttt101","boser101","bailb001","","decid001","lopec101","K","F","T",11,9,3,"T","T",0,"F","F",1,"F","F",0,"F","F",0,"","F","F","",0,0,"N",0,"N",0,"N",0,0,2,3,"2","","","","F","F","F","F","F","F","F","F","F","","lemad101","lemad101","F","T","F","F","F","","","","crowt101",11,2,0,0,0,0,0,0,0,74,"BAL","BAL","TOR",1,"F","T",0,2,0,35,4,"T","F",6,6,"F","F","harll101","dauer001","F","F",0,0,0,5,6,71,10,5,70,"","ashba001","ashba001",0,0,0,0,0,0,0,0,0,0,0,0,0,"","F","F","F","F",0,0,2,3,0,0,0,0,0,0,F,F,"1978BAL.EVA.regular.event.csv",2848
"BAL197807130","MIN",1,0,0,0,0,"",0,0,"norww101","?","norww101","?","flanm001","?","flanm001","?","dempr001","murre001","dauer001","decid001","belam101","moraa101","harll101","singk001","","","","9","T","F",7,1,2,"T","T",0,"F","F",1,"F","F",0,"F","F",9,"F","F","F","",0,0,"N",0,"N",0,"N",0,0,0,0,"9","","","","F","F","F","F","F","F","F","F","F","","","","T","F","F","F","F","","","","",0,9,0,0,0,0,0,0,0,1,"BAL","MIN","BAL",0,"T","F",0,0,0,0,0,"T","F",0,0,"T","T","carer001","fordd001","T","T",0,0,0,0,0,0,0,0,0,"","","",0,0,0,0,0,0,0,0,0,0,0,0,0,"singk001","F","F","F","F",0,0,0,0,0,0,0,0,0,0,F,F,"1978BAL.EVA.regular.event.csv",2849
"BAL197807130","MIN",1,0,1,0,0,"",0,0,"carer001","?","carer001","?","flanm001","?","flanm001","?","dempr001","murre001","dauer001","decid001","belam101","moraa101","harll101","singk001","","","","W","F","F",3,2,14,"T","F",0,"F","F",0,"F","F",0,"F","F",0,"","F","F","",0,0,"N",0,"N",0,"N",1,0,0,0,"","","","","F","F","F","F","F","F","F","F","F","","","","F","F","F","F","F","","","","",0,0,0,0,0,0,0,0,0,2,"BAL","MIN","BAL",0,"F","F",0,0,0,1,1,"T","F",0,1,"T","T","fordd001","moraj001","T","T",0,0,0,0,0,0,0,0,0,"","","",0,0,0,0,0,0,0,0,0,0,0,0,0,"","F","F","F","F",0,0,0,0,0,0,0,0,0,0,F,F,"1978BAL.EVA.regular.event.csv",2850
"BAL197807130","MIN",1,0,1,0,0,"",0,0,"fordd001","?","fordd001","?","flanm001","?","flanm001","?","dempr001","murre001","dauer001","decid001","belam101","moraa101","harll101","singk001","carer001","","","6(1)/FO","F","F",8,3,2,"T","T",0,"F","F",1,"F","F",0,"F","F",6,"G","F","F","",0,0,"N",0,"N",0,"N",1,0,0,0,"","6","","","F","F","F","F","F","F","F","F","F","flanm001","","","F","F","F","F","F","","","","",0,6,0,0,0,0,0,0,0,3,"BAL","MIN","BAL",0,"F","F",0,0,0,2,2,"T","F",1,1,"T","T","moraj001","riveb101","T","T",3,2,2,0,0,0,0,0,0,"dempr001","","",0,0,0,0,0,0,0,0,0,0,0,0,0,"belam101","T","F","F","F",0,0,0,0,0,0,0,0,0,0,F,F,"1978BAL.EVA.regular.event.csv",2851
"BAL197807130","MIN",1,0,2,0,0,"",0,0,"moraj001","?","moraj001","?","flanm001","?","flanm001","?","dempr001","murre001","dauer001","decid001","belam101","moraa101","harll101","singk001","fordd001","","","3/G","F","F",10,4,2,"T","T",0,"F","F",1,"F","F",0,"F","F",3,"G","F","F","",0,0,"N",0,"N",0,"N",0,1,0,0,"3","","","","F","F","F","F","F","F","F","F","F","flanm001","","","F","F","F","F","F","","","","",0,3,0,0,0,0,0,0,0,4,"BAL","MIN","BAL",0,"F","T",0,0,0,3,3,"T","F",1,1,"T","T","riveb101","smalr001","T","T",8,3,3,0,0,0,0,0,0,"dempr001","","",0,0,0,0,0,0,0,0,0,0,0,0,0,"murre001","F","F","F","F",0,0,0,0,0,0,0,0,0,0,F,F,"1978BAL.EVA.regular.event.csv",2852
"BAL197807130","MIN",1,1,0,0,0,"",0,0,"harll101","?","harll101","?","goltd101","?","goltd101","?","borgg101","carer001","randb101","wolfl101","smalr001","norww101","fordd001","riveb101","","","","43","T","F",8,1,2,"T","T",0,"F","F",1,"F","F",0,"F","F",4,"G","F","F","",0,0,"N",0,"N",0,"N",0,0,0,0,"43","","","","F","F","F","F","F","F","F","F","F","","","","F","F","F","F","F","","","","",0,3,0,0,4,0,0,0,0,5,"BAL","BAL","MIN",1,"T","F",0,0,0,0,0,"T","F",0,0,"T","T","dauer001","singk001","T","T",0,0,0,0,0,0,0,0,0,"","","",0,0,0,0,0,0,0,0,0,0,0,0,0,"randb101","F","F","F","F",0,0,0,0,1,0,0,0,0,0,F,F,"1978BAL.EVA.regular.event.csv",2853
"BAL197807130","MIN",1,1,1,0,0,"",0,0,"dauer001","?","dauer001","?","goltd101","?","goltd101","?","borgg101","carer001","randb101","wolfl101","smalr001","norww101","fordd001","riveb101","","","","6/L","F","F",4,2,2,"T","T",0,"F","F",1,"F","F",0,"F","F",6,"L","F","F","",0,0,"N",0,"N",0,"N",0,0,0,0,"6","","","","F","F","F","F","F","F","F","F","F","","","","F","F","F","F","F","","","","",0,6,0,0,0,0,0,0,0,6,"BAL","BAL","MIN",1,"F","F",0,0,0,1,1,"T","F",0,0,"T","T","singk001","murre001","T","T",0,0,0,0,0,0,0,0,0,"","","",0,0,0,0,0,0,0,0,0,0,0,0,0,"smalr001","F","F","F","F",0,0,0,0,1,0,0,0,0,0,F,F,"1978BAL.EVA.regular.event.csv",2854
"BAL197807130","MIN",1,1,2,0,0,"",0,0,"singk001","?","singk001","?","goltd101","?","goltd101","?","borgg101","carer001","randb101","wolfl101","smalr001","norww101","fordd001","riveb101","","","","HR/7","F","F",9,3,23,"T","T",4,"F","F",0,"F","F",1,"F","F",0,"","F","F","7",0,0,"N",0,"N",0,"N",4,0,0,0,"","","","","F","F","F","F","F","F","F","F","F","","","","F","F","F","F","F","","","","",0,0,0,0,0,0,0,0,0,7,"BAL","BAL","MIN",1,"F","F",0,0,0,2,2,"T","F",0,0,"T","T","murre001","may-l101","T","T",0,0,0,0,0,0,0,0,0,"","","",0,0,0,0,0,0,0,0,0,0,0,0,1,"","F","F","F","F",4,0,0,0,0,0,0,0,0,0,F,F,"1978BAL.EVA.regular.event.csv",2855
"BAL197807130","MIN",1,1,2,0,0,"",0,1,"murre001","?","murre001","?","goltd101","?","goltd101","?","borgg101","carer001","randb101","wolfl101","smalr001","norww101","fordd001","riveb101","","","","8","F","F",3,4,2,"T","T",0,"F","F",1,"F","F",0,"F","F",8,"F","F","F","",0,0,"N",0,"N",0,"N",0,0,0,0,"8","","","","F","F","F","F","F","F","F","F","F","","","","F","F","F","F","F","","","","",0,8,0,0,0,0,0,0,0,8,"BAL","BAL","MIN",1,"F","T",1,0,1,3,3,"T","F",0,0,"T","T","may-l101","moraa101","T","T",0,0,0,0,0,0,0,0,0,"","","",0,0,0,0,0,0,0,0,0,0,0,0,0,"fordd001","F","F","F","F",0,0,0,0,0,0,0,0,0,0,F,F,"1978BAL.EVA.regular.event.csv",2856
"BAL197807130","MIN",2,0,0,0,0,"",0,1,"riveb101","?","riveb101","?","flanm001","?","flanm001","?","dempr001","murre001","dauer001","decid001","belam101","moraa101","harll101","singk001","","","","43","T","F",9,5,2,"T","T",0,"F","F",1,"F","F",0,"F","F",4,"G","F","F","",0,0,"N",0,"N",0,"N",0,0,0,0,"43","","","","F","F","F","F","F","F","F","F","F","","","","F","F","F","F","F","","","","",0,3,0,0,4,0,0,0,0,9,"BAL","MIN","BAL",0,"T","F",0,1,0,4,0,"T","F",0,0,"T","T","smalr001","wolfl101","T","T",0,0,0,0,0,0,0,0,0,"","","",0,0,0,0,0,0,0,0,0,0,0,0,0,"dauer001","F","F","F","F",0,0,0,0,0,0,0,0,0,0,F,F,"1978BAL.EVA.regular.event.csv",2857
"BAL197807130","MIN",2,0,1,0,0,"",0,1,"smalr001","?","smalr001","?","flanm001","?","flanm001","?","dempr001","murre001","dauer001","decid001","belam101","moraa101","harll101","singk001","","","","8","F","F",6,6,2,"T","T",0,"F","F",1,"F","F",0,"F","F",8,"F","F","F","",0,0,"N",0,"N",0,"N",0,0,0,0,"8","","","","F","F","F","F","F","F","F","F","F","","","","F","F","F","F","F","","","","",0,8,0,0,0,0,0,0,0,10,"BAL","MIN","BAL",0,"F","F",0,1,0,5,1,"T","F",0,0,"T","T","wolfl101","randb101","T","T",0,0,0,0,0,0,0,0,0,"","","",0,0,0,0,0,0,0,0,0,0,0,0,0,"harll101","F","F","F","F",0,0,0,0,0,0,0,0,0,0,F,F,"1978BAL.EVA.regular.event.csv",2858
"BAL197807130","MIN",2,0,2,0,0,"",0,1,"wolfl101","?","wolfl101","?","flanm001","?","flanm001","?","dempr001","murre001","dauer001","decid001","belam101","moraa101","harll101","singk001","","","","W","F","F",5,7,14,"T","F",0,"F","F",0,"F","F",0,"F","F",0,"","F","F","",0,0,"N",0,"N",0,"N",1,0,0,0,"","","","","F","F","F","F","F","F","F","F","F","","","","F","F","F","F","F","","","","",0,0,0,0,0,0,0,0,0,11,"BAL","MIN","BAL",0,"F","F",0,1,0,6,2,"T","F",0,1,"T","T","randb101","borgg101","T","T",0,0,0,0,0,0,0,0,0,"","","",0,0,0,0,0,0,0,0,0,0,0,0,0,"","F","F","F","F",0,0,0,0,0,0,0,0,0,0,F,F,"1978BAL.EVA.regular.event.csv",2859
"BAL197807130","MIN",2,0,2,0,0,"",0,1,"randb101","?","randb101","?","flanm001","?","flanm001","?","dempr001","murre001","dauer001","decid001","belam101","moraa101","harll101","singk001","wolfl101","","","53","F","F",4,8,2,"T","T",0,"F","F",1,"F","F",0,"F","F",5,"G","F","F","",0,0,"N",0,"N",0,"N",0,1,0,0,"53","","","","F","F","F","F","F","F","F","F","F","flanm001","","","F","F","F","F","F","","","","",0,3,0,0,5,0,0,0,0,12,"BAL","MIN","BAL",0,"F","T",0,1,0,7,3,"T","F",1,1,"T","T","borgg101","norww101","T","T",5,7,11,0,0,0,0,0,0,"dempr001","","",0,0,0,0,0,0,0,0,0,0,0,0,0,"decid001","F","F","F","F",0,0,0,0,0,0,0,0,0,0,F,F,"1978BAL.EVA.regular.event.csv",2860
"BAL197807130","MIN",2,1,0,0,0,"",0,1,"may-l101","?","may-l101","?","goltd101","?","goltd101","?","borgg101","carer001","randb101","wolfl101","smalr001","norww101","fordd001","riveb101","","","","3","T","F",10,5,2,"T","T",0,"F","F",1,"F","F",0,"F","F",3,"F","F","F","",0,0,"N",0,"N",0,"N",0,0,0,0,"3","","","","F","F","F","F","F","F","F","F","F","","","","F","F","F","F","F","","","","",0,3,0,0,0,0,0,0,0,13,"BAL","BAL","MIN",1,"T","F",1,0,0,4,0,"T","F",0,0,"T","T","moraa101","decid001","T","T",0,0,0,0,0,0,0,0,0,"","","",0,0,0,0,0,0,0,0,0,0,0,0,0,"carer001","F","F","F","F",0,0,0,0,0,0,0,0,0,0,F,F,"1978BAL.EVA.regular.event.csv",2861
"BAL197807130","MIN",2,1,1,0,0,"",0,1,"moraa101","?","moraa101","?","goltd101","?","goltd101","?","borgg101","carer001","randb101","wolfl101","smalr001","norww101","fordd001","riveb101","","","","63","F","F",7,6,2,"T","T",0,"F","F",1,"F","F",0,"F","F",6,"G","F","F","",0,0,"N",0,"N",0,"N",0,0,0,0,"63","","","","F","F","F","F","F","F","F","F","F","","","","F","F","F","F","F","","","","",0,3,0,0,6,0,0,0,0,14,"BAL","BAL","MIN",1,"F","F",1,0,0,5,1,"T","F",0,0,"T","T","decid001","dempr001","T","T",0,0,0,0,0,0,0,0,0,"","","",0,0,0,0,0,0,0,0,0,0,0,0,0,"smalr001","F","F","F","F",0,0,0,0,0,0,0,0,0,0,F,F,"1978BAL.EVA.regular.event.csv",2862
"BAL197807130","MIN",2,1,2,0,0,"",0,1,"decid001","?","decid001","?","goltd101","?","goltd101","?","borgg101","carer001","randb101","wolfl101","smalr001","norww101","fordd001","riveb101","","","","S/89","F","F",5,7,20,"T","T",1,"F","F",0,"F","F",0,"F","F",0,"","F","F","89",0,0,"N",0,"N",0,"N",1,0,0,0,"","","","","F","F","F","F","F","F","F","F","F","","","","F","F","F","F","F","","","","",0,0,0,0,0,0,0,0,0,15,"BAL","BAL","MIN",1,"F","F",1,0,0,6,2,"T","F",0,1,"T","T","dempr001","belam101","T","T",0,0,0,0,0,0,0,0,0,"","","",0,0,0,0,0,0,0,0,0,0,0,0,0,"","F","F","F","F",0,0,0,0,0,0,0,0,0,0,F,F,"1978BAL.EVA.regular.event.csv",2863
"BAL197807130","MIN",2,1,2,0,0,"",0,1,"dempr001","?","dempr001","?","goltd101","?","goltd101","?","borgg101","carer001","randb101","wolfl101","smalr001","norww101","fordd001","riveb101","decid001","","","CS2(24)","F","F",2,8,6,"F","F",0,"F","F",1,"F","F",0,"F","F",0,"","F","F","",0,0,"N",0,"N",0,"N",0,0,0,0,"","24","","","F","F","F","T","F","F","F","F","F","goltd101","","","F","F","F","F","F","","","","",0,4,0,0,2,0,0,0,0,16,"BAL","BAL","MIN",1,"F","T",1,0,0,7,3,"T","T",1,0,"T","T","belam101","harll101","T","T",5,7,15,0,0,0,0,0,0,"borgg101","","",0,0,0,0,0,0,0,0,0,0,0,0,0,"","F","F","F","F",0,0,0,0,0,0,0,0,0,0,F,F,"1978BAL.EVA.regular.event.csv",2864
"BAL197807130","MIN",3,0,0,0,0,"",0,1,"borgg101","?","borgg101","?","flanm001","?","flanm001","?","dempr001","murre001","dauer001","decid001","belam101","moraa101","harll101","singk001","","","","53","T","F",2,9,2,"T","T",0,"F","F",1,"F","F",0,"F","F",5,"G","F","F","",0,0,"N",0,"N",0,"N",0,0,0,0,"53","","","","F","F","F","F","F","F","F","F","F","","","","F","F","F","F","F","","","","",0,3,0,0,5,0,0,0,0,17,"BAL","MIN","BAL",0,"T","F",0,1,0,8,0,"T","F",0,0,"T","T","norww101","carer001","T","T",0,0,0,0,0,0,0,0,0,"","","",0,0,0,0,0,0,0,0,0,0,0,0,0,"decid001","F","F","F","F",0,0,0,0,0,0,0,0,0,0,F,F,"1978BAL.EVA.regular.event.csv",2865
"BAL197807130","MIN",3,0,1,0,0,"",0,1,"norww101","?","norww101","?","flanm001","?","flanm001","?","dempr001","murre001","dauer001","decid001","belam101","moraa101","harll101","singk001","","","","9","F","F",7,1,2,"T","T",0,"F","F",1,"F","F",0,"F","F",9,"F","F","F","",0,0,"N",0,"N",0,"N",0,0,0,0,"9","","","","F","F","F","F","F","F","F","F","F","","","","F","F","F","F","F","","","","",0,9,0,0,0,0,0,0,0,18,"BAL","MIN","BAL",0,"F","F",0,1,0,9,1,"T","F",0,0,"T","T","carer001","fordd001","T","T",0,0,0,0,0,0,0,0,0,"","","",0,0,0,0,0,0,0,0,0,0,0,0,0,"singk001","F","F","F","F",0,0,0,0,0,0,0,0,0,0,F,F,"1978BAL.EVA.regular.event.csv",2866
"BAL197807130","MIN",3,0,2,0,0,"",0,1,"carer001","?","carer001","?","flanm001","?","flanm001","?","dempr001","murre001","dauer001","decid001","belam101","moraa101","harll101","singk001","","","","K","F","F",3,2,3,"T","T",0,"F","F",1,"F","F",0,"F","F",0,"","F","F","",0,0,"N",0,"N",0,"N",0,0,0,0,"2","","","","F","F","F","F","F","F","F","F","F","","","","F","F","F","F","F","","","","",0,2,0,0,0,0,0,0,0,19,"BAL","MIN","BAL",0,"F","T",0,1,0,10,2,"T","F",0,0,"T","T","fordd001","moraj001","T","T",0,0,0,0,0,0,0,0,0,"","","",0,0,0,0,0,0,0,0,0,0,0,0,0,"","F","F","F","F",0,0,0,0,0,0,0,0,0,0,F,F,"1978BAL.EVA.regular.event.csv",2867
"BAL197807130","MIN",3,1,0,0,0,"",0,1,"dempr001","?","dempr001","?","goltd101","?","goltd101","?","borgg101","carer001","randb101","wolfl101","smalr001","norww101","fordd001","riveb101","","","","S5","T","F",2,8,20,"T","T",1,"F","F",0,"F","F",0,"F","F",5,"","F","F","",0,0,"N",0,"N",0,"N",1,0,0,0,"","","","","F","F","F","F","F","F","F","F","F","","","","F","F","F","F","F","","","","",0,0,0,0,0,0,0,0,0,20,"BAL","BAL","MIN",1,"T","F",1,0,0,7,0,"T","F",0,1,"T","T","belam101","harll101","T","T",0,0,0,0,0,0,0,0,0,"","","",0,0,0,0,0,0,0,0,0,0,0,0,0,"wolfl101","F","F","F","F",0,0,0,0,3,0,0,0,0,0,F,F,"1978BAL.EVA.regular.event.csv",2868
"BAL197807130","MIN",3,1,0,0,0,"",0,1,"belam101","?","belam101","?","goltd101","?","goltd101","?","borgg101","carer001","randb101","wolfl101","smalr001","norww101","fordd001","riveb101","dempr001","","","CS2(263)","F","F",6,9,6,"F","F",0,"F","F",1,"F","F",0,"F","F",0,"","F","F","",0,0,"N",0,"N",0,"N",0,0,0,0,"","263","","","F","F","F","T","F","F","F","F","F","goltd101","","","F","F","F","F","F","","","","",0,3,0,0,2,6,0,0,0,21,"BAL","BAL","MIN",1,"F","F",1,0,0,8,1,"T","F",1,0,"T","T","harll101","dauer001","T","T",2,8,20,0,0,0,0,0,0,"borgg101","","",0,0,0,0,0,0,0,0,0,0,0,0,0,"","F","F","F","F",0,0,0,0,3,0,0,0,0,0,F,F,"1978BAL.EVA.regular.event.csv",2869
"BAL197807130","MIN",3,1,1,0,0,"",0,1,"belam101","?","belam101","?","goltd101","?","goltd101","?","borgg101","carer001","randb101","wolfl101","smalr001","norww101","fordd001","riveb101","","","","53","F","F",6,9,2,"T","T",0,"F","F",1,"F","F",0,"F","F",5,"G","F","F","",0,0,"N",0,"N",0,"N",0,0,0,0,"53","","","","F","F","F","F","F","F","F","F","F","","","","F","F","F","F","F","","","","",0,3,0,0,5,0,0,0,0,22,"BAL","BAL","MIN",1,"F","F",1,0,0,8,1,"F","F",0,0,"T","T","harll101","dauer001","T","T",0,0,0,0,0,0,0,0,0,"","","",0,0,0,0,0,0,0,0,0,0,0,0,0,"wolfl101","F","F","F","F",0,0,0,0,3,0,0,0,0,0,F,F,"1978BAL.EVA.regular.event.csv",2870
"BAL197807130","MIN",3,1,2,0,0,"",0,1,"harll101","?","harll101","?","goltd101","?","goltd101","?","borgg101","carer001","randb101","wolfl101","smalr001","norww101","fordd001","riveb101","","","","D9","F","F",8,1,21,"T","T",2,"F","F",0,"F","F",0,"F","F",9,"","F","F","",0,0,"N",0,"N",0,"N",2,0,0,0,"","","","","F","F","F","F","F","F","F","F","F","","","","F","F","F","F","F","","","","",0,0,0,0,0,0,0,0,0,23,"BAL","BAL","MIN",1,"F","F",1,0,0,9,2,"T","F",0,2,"T","T","dauer001","singk001","T","T",0,0,0,0,0,0,0,0,0,"","","",0,0,0,0,0,0,0,0,0,0,0,0,0,"riveb101","F","F","F","F",4,0,0,0,3,0,0,0,0,0,F,F,"1978BAL.EVA.regular.event.csv",2871
"BAL197807130","MIN",3,1,2,0,0,"",0,1,"dauer001","?","dauer001","?","goltd101","?","goltd101","?","borgg101","carer001","randb101","wolfl101","smalr001","norww101","fordd001","riveb101","","harll101","","S9.2-H;B-3(E9)","F","F",4,2,20,"T","T",1,"F","F",0,"F","F",1,"F","F",9,"","F","F","",1,9,"F",0,"N",0,"N",3,0,4,0,"","","","","F","F","F","F","F","F","F","F","F","","goltd101","","F","F","F","F","F","","","","",0,0,0,0,0,0,0,0,0,24,"BAL","BAL","MIN",1,"F","F",1,0,0,10,3,"T","F",2,4,"T","T","singk001","murre001","T","T",0,0,0,8,1,23,0,0,0,"","borgg101","",0,0,0,0,0,0,0,0,0,0,0,0,1,"riveb101","F","F","F","F",4,0,4,0,2,0,0,0,0,0,F,F,"1978BAL.EVA.regular.event.csv",2872
"BAL197807130","MIN",3,1,2,0,0,"",0,2,"singk001","?","singk001","?","goltd101","?","goltd101","?","borgg101","carer001","randb101","wolfl101","smalr001","norww101","fordd001","riveb101","","","dauer001","HR/9.3-H","F","F",9,3,23,"T","T",4,"F","F",0,"F","F",2,"F","F",0,"","F","F","9",0,0,"N",0,"N",0,"N",4,0,0,4,"","","","","F","F","F","F","F","F","F","F","F","","","goltd101","F","F","F","F","F","","","","",0,0,0,0,0,0,0,0,0,25,"BAL","BAL","MIN",1,"F","F",2,0,1,11,4,"T","F",4,0,"T","T","murre001","may-l101","T","T",0,0,0,0,0,0,4,2,24,"","","borgg101",0,0,0,0,0,0,0,0,0,0,0,0,2,"","F","F","F","F",4,0,0,4,0,0,0,0,0,0,F,F,"1978BAL.EVA.regular.event.csv",2873
"BAL197807130","MIN",3,1,2,0,0,"",0,4,"murre001","?","murre001","?","goltd101","?","goltd101","?","borgg101","carer001","randb101","wolfl101","smalr001","norww101","fordd001","riveb101","","","","43","F","F",3,4,2,"T","T",0,"F","F",1,"F","F",0,"F","F",4,"G","F","F","",0,0,"N",0,"N",0,"N",0,0,0,0,"43","","","","F","F","F","F","F","F","F","F","F","","","","F","F","F","F","F","","","","",0,3,0,0,4,0,0,0,0,26,"BAL","BAL","MIN",1,"F","T",4,0,3,12,5,"T","F",0,0,"T","T","may-l101","moraa101","T","T",0,0,0,0,0,0,0,0,0,"","","",0,0,0,0,0,0,0,0,0,0,0,0,0,"randb101","F","F","F","F",0,0,0,0,0,0,0,0,0,0,F,F,"1978BAL.EVA.regular.event.csv",2874
"BAL197807130","MIN",4,0,0,0,0,"",0,4,"fordd001","?","fordd001","?","flanm001","?","flanm001","?","dempr001","murre001","dauer001","decid001","belam101","moraa101","harll101","singk001","","","","7","T","F",8,3,2,"T","T",0,"F","F",1,"F","F",0,"F","F",7,"F","F","F","",0,0,"N",0,"N",0,"N",0,0,0,0,"7","","","","F","F","F","F","F","F","F","F","F","","","","F","F","F","F","F","","","","",0,7,0,0,0,0,0,0,0,27,"BAL","MIN","BAL",0,"T","F",0,4,0,11,0,"T","F",0,0,"T","T","moraj001","riveb101","T","T",0,0,0,0,0,0,0,0,0,"","","",0,0,0,0,0,0,0,0,0,0,0,0,0,"moraa101","F","F","F","F",0,0,0,0,0,0,0,0,0,0,F,F,"1978BAL.EVA.regular.event.csv",2875
"BAL197807130","MIN",4,0,1,0,0,"",0,4,"moraj001","?","moraj001","?","flanm001","?","flanm001","?","dempr001","murre001","dauer001","decid001","belam101","moraa101","harll101","singk001","","","","63","F","F",10,4,2,"T","T",0,"F","F",1,"F","F",0,"F","F",6,"G","F","F","",0,0,"N",0,"N",0,"N",0,0,0,0,"63","","","","F","F","F","F","F","F","F","F","F","","","","F","F","F","F","F","","","","",0,3,0,0,6,0,0,0,0,28,"BAL","MIN","BAL",0,"F","F",0,4,0,12,1,"T","F",0,0,"T","T","riveb101","smalr001","T","T",0,0,0,0,0,0,0,0,0,"","","",0,0,0,0,0,0,0,0,0,0,0,0,0,"belam101","F","F","F","F",0,0,0,0,0,0,0,0,0,0,F,F,"1978BAL.EVA.regular.event.csv",2876
"BAL197807130","MIN",4,0,2,0,0,"",0,4,"riveb101","?","riveb101","?","flanm001","?","flanm001","?","dempr001","murre001","dauer001","decid001","belam101","moraa101","harll101","singk001","","","","7","F","F",9,5,2,"T","T",0,"F","F",1,"F","F",0,"F","F",7,"F","F","F","",0,0,"N",0,"N",0,"N",0,0,0,0,"7","","","","F","F","F","F","F","F","F","F","F","","","","F","F","F","F","F","","","","",0,7,0,0,0,0,0,0,0,29,"BAL","MIN","BAL",0,"F","T",0,4,0,13,2,"T","F",0,0,"T","T","smalr001","wolfl101","T","T",0,0,0,0,0,0,0,0,0,"","","",0,0,0,0,0,0,0,0,0,0,0,0,0,"moraa101","F","F","F","F",0,0,0,0,0,0,0,0,0,0,F,F,"1978BAL.EVA.regular.event.csv",2877
"BAL197807130","MIN",4,1,0,0,0,"",0,4,"may-l101","?","may-l101","?","goltd101","?","goltd101","?","borgg101","carer001","randb101","wolfl101","smalr001","norww101","fordd001","riveb101","","","","K/C","T","F",10,5,3,"T","T",0,"F","F",1,"F","F",0,"F","F",0,"","F","F","",0,0,"N",0,"N",0,"N",0,0,0,0,"2","","","","F","F","F","F","F","F","F","F","F","","","","F","F","F","F","F","","","","",0,2,0,0,0,0,0,0,0,30,"BAL","BAL","MIN",1,"T","F",4,0,0,13,0,"T","F",0,0,"T","T","moraa101","decid001","T","T",0,0,0,0,0,0,0,0,0,"","","",0,0,0,0,0,0,0,0,0,0,0,0,0,"","F","F","F","F",0,0,0,0,1,0,0,0,0,0,F,F,"1978BAL.EVA.regular.event.csv",2878
"BAL197807130","MIN",4,1,1,0,0,"",0,4,"moraa101","?","moraa101","?","goltd101","?","goltd101","?","borgg101","carer001","randb101","wolfl101","smalr001","norww101","fordd001","riveb101","","","","9/L","F","F",7,6,2,"T","T",0,"F","F",1,"F","F",0,"F","F",9,"L","F","F","",0,0,"N",0,"N",0,"N",0,0,0,0,"9","","","","F","F","F","F","F","F","F","F","F","","","","F","F","F","F","F","","","","",0,9,0,0,0,0,0,0,0,31,"BAL","BAL","MIN",1,"F","F",4,0,0,14,1,"T","F",0,0,"T","T","decid001","dempr001","T","T",0,0,0,0,0,0,0,0,0,"","","",0,0,0,0,0,0,0,0,0,0,0,0,0,"riveb101","F","F","F","F",0,0,0,0,1,0,0,0,0,0,F,F,"1978BAL.EVA.regular.event.csv",2879
"BAL197807130","MIN",4,1,2,0,0,"",0,4,"decid001","?","decid001","?","goltd101","?","goltd101","?","borgg101","carer001","randb101","wolfl101","smalr001","norww101","fordd001","riveb101","","","","S/BG","F","F",5,7,20,"T","T",1,"F","F",0,"F","F",0,"F","F",0,"G","T","F","",0,0,"N",0,"N",0,"N",1,0,0,0,"","","","","F","F","F","F","F","F","F","F","F","","","","F","F","F","F","F","","","","",0,0,0,0,0,0,0,0,0,32,"BAL","BAL","MIN",1,"F","F",4,0,0,15,2,"T","F",0,1,"T","T","dempr001","belam101","T","T",0,0,0,0,0,0,0,0,0,"","","",0,0,0,0,0,0,0,0,0,0,0,0,0,"","F","F","F","F",5,0,0,0,1,0,0,0,0,0,F,F,"1978BAL.EVA.regular.event.csv",2880
"BAL197807130","MIN",4,1,2,0,0,"",0,4,"dempr001","?","dempr001","?","goltd101","?","goltd101","?","borgg101","carer001","randb101","wolfl101","smalr001","norww101","fordd001","riveb101","decid001","","","S5/BG.1-H(E5)(UR);B-2","F","F",2,8,20,"T","T",1,"F","F",0,"F","F",0,"F","F",5,"G","T","F","",1,5,"F",0,"N",0,"N",2,5,0,0,"","","","","F","F","F","F","F","F","F","F","F","goltd101","","","F","F","F","F","F","","","","",0,0,0,0,0,0,0,0,0,33,"BAL","BAL","MIN",1,"F","F",4,0,0,16,3,"T","F",1,2,"T","T","belam101","harll101","T","T",5,7,32,0,0,0,0,0,0,"borgg101","","",0,0,0,0,0,0,0,0,0,0,0,0,1,"wolfl101","F","F","F","F",0,5,0,0,0,0,0,0,0,0,F,F,"1978BAL.EVA.regular.event.csv",2881
"BAL197807130","MIN",4,1,2,0,0,"",0,5,"belam101","?","belam101","?","goltd101","?","goltd101","?","borgg101","carer001","randb101","wolfl101","smalr001","norww101","fordd001","riveb101","","dempr001","","K/C","F","F",6,9,3,"T","T",0,"F","F",1,"F","F",0,"F","F",0,"","F","F","",0,0,"N",0,"N",0,"N",0,0,2,0,"2","","","","F","F","F","F","F","F","F","F","F","","goltd101","","F","F","F","F","F","","","","",0,2,0,0,0,0,0,0,0,34,"BAL","BAL","MIN",1,"F","T",5,0,1,17,4,"T","F",2,2,"T","T","harll101","dauer001","T","T",0,0,0,2,8,33,0,0,0,"","borgg101","",0,0,0,0,0,0,0,0,0,0,0,0,0,"","F","F","F","F",0,0,0,0,0,0,0,0,0,0,F,F,"1978BAL.EVA.regular.event.csv",2882
"BAL197807130","MIN",5,0,0,0,0,"",0,5,"smalr001","?","smalr001","?","flanm001","?","flanm001","?","dempr001","murre001","dauer001","decid001","belam101","moraa101","harll101","singk001","","","","W","T","F",6,6,14,"T","F",0,"F","F",0,"F","F",0,"F","F",0,"","F","F","",0,0,"N",0,"N",0,"N",1,0,0,0,"","","","","F","F","F","F","F","F","F","F","F","","","","F","F","F","F","F","","","","",0,0,0,0,0,0,0,0,0,35,"BAL","MIN","BAL",0,"T","F",0,5,0,14,0,"T","F",0,1,"T","T","wolfl101","randb101","T","T",0,0,0,0,0,0,0,0,0,"","","",0,0,0,0,0,0,0,0,0,0,0,0,0,"","F","F","F","F",0,0,0,0,0,0,0,0,0,0,F,F,"1978BAL.EVA.regular.event.csv",2883
"BAL197807130","MIN",5,0,0,0,0,"",0,5,"wolfl101","?","wolfl101","?","flanm001","?","flanm001","?","dempr001","murre001","dauer001","decid001","belam101","moraa101","harll101","singk001","smalr001","","","64(1)/FO","F","F",5,7,2,"T","T",0,"F","F",1,"F","F",0,"F","F",6,"G","F","F","",0,0,"N",0,"N",0,"N",1,0,0,0,"","64","","","F","F","F","F","F","F","F","F","F","flanm001","","","F","F","F","F","F","","","","",0,4,0,0,6,0,0,0,0,36,"BAL","MIN","BAL",0,"F","F",0,5,0,15,1,"T","F",1,1,"T","T","randb101","borgg101","T","T",6,6,35,0,0,0,0,0,0,"dempr001","","",0,0,0,0,0,0,0,0,0,0,0,0,0,"belam101","T","F","F","F",0,0,0,0,0,0,0,0,0,0,F,F,"1978BAL.EVA.regular.event.csv",2884
"BAL197807130","MIN",5,0,1,0,0,"",0,5,"randb101","?","randb101","?","flanm001","?","flanm001","?","dempr001","murre001","dauer001","decid001","belam101","moraa101","harll101","singk001","wolfl101","","","46(1)/FO","F","F",4,8,2,"T","T",0,"F","F",1,"F","F",0,"F","F",4,"G","F","F","",0,0,"N",0,"N",0,"N",1,0,0,0,"","46","","","F","F","F","F","F","F","F","F","F","flanm001","","","F","F","F","F","F","","","","",0,6,0,0,4,0,0,0,0,37,"BAL","MIN","BAL",0,"F","F",0,5,0,16,2,"T","F",1,1,"T","T","borgg101","norww101","T","T",5,7,36,0,0,0,0,0,0,"dempr001","","",0,0,0,0,0,0,0,0,0,0,0,0,0,"dauer001","T","F","F","F",0,0,0,0,0,0,0,0,0,0,F,F,"1978BAL.EVA.regular.event.csv",2885
"BAL197807130","MIN",5,0,2,0,0,"",0,5,"borgg101","?","borgg101","?","flanm001","?","flanm001","?","dempr001","murre001","dauer001","decid001","belam101","moraa101","harll101","singk001","randb101","","","53","F","F",2,9,2,"T","T",0,"F","F",1,"F","F",0,"F","F",5,"G","F","F","",0,0,"N",0,"N",0,"N",0,1,0,0,"53","","","","F","F","F","F","F","F","F","F","F","flanm001","","","F","F","F","F","F","","","","",0,3,0,0,5,0,0,0,0,38,"BAL","MIN","BAL",0,"F","T",0,5,0,17,3,"T","F",1,1,"T","T","norww101","carer001","T","T",4,8,37,0,0,0,0,0,0,"dempr001","","",0,0,0,0,0,0,0,0,0,0,0,0,0,"decid001","F","F","F","F",0,0,0,0,0,0,0,0,0,0,F,F,"1978BAL.EVA.regular.event.csv",2886
"BAL197807130","MIN",5,1,0,0,0,"",0,5,"harll101","?","harll101","?","goltd101","?","goltd101","?","borgg101","carer001","randb101","wolfl101","smalr001","norww101","fordd001","riveb101","","","","K","T","F",8,1,3,"T","T",0,"F","F",1,"F","F",0,"F","F",0,"","F","F","",0,0,"N",0,"N",0,"N",0,0,0,0,"2","","","","F","F","F","F","F","F","F","F","F","","","","F","F","F","F","F","","","","",0,2,0,0,0,0,0,0,0,39,"BAL","BAL","MIN",1,"T","F",5,0,0,18,0,"T","F",0,0,"T","T","dauer001","singk001","T","T",0,0,0,0,0,0,0,0,0,"","","",0,0,0,0,0,0,0,0,0,0,0,0,0,"","F","F","F","F",0,0,0,0,1,0,0,0,0,0,F,F,"1978BAL.EVA.regular.event.csv",2887
"BAL197807130","MIN",5,1,1,0,0,"",0,5,"dauer001","?","dauer001","?","goltd101","?","goltd101","?","borgg101","carer001","randb101","wolfl101","smalr001","norww101","fordd001","riveb101","","","","HR/7","F","F",4,2,23,"T","T",4,"F","F",0,"F","F",1,"F","F",0,"","F","F","7",0,0,"N",0,"N",0,"N",4,0,0,0,"","","","","F","F","F","F","F","F","F","F","F","","","","F","F","F","F","F","","","","",0,0,0,0,0,0,0,0,0,40,"BAL","BAL","MIN",1,"F","F",5,0,0,19,1,"T","F",0,0,"T","T","singk001","murre001","T","T",0,0,0,0,0,0,0,0,0,"","","",0,0,0,0,0,0,0,0,0,0,0,0,1,"","F","F","F","F",4,0,0,0,0,0,0,0,0,0,F,F,"1978BAL.EVA.regular.event.csv",2888
"BAL197807130","MIN",5,1,1,0,0,"",0,6,"singk001","?","singk001","?","suttj101","?","suttj101","?","borgg101","carer001","randb101","wolfl101","smalr001","norww101","fordd001","riveb101","","","","43","F","F",9,3,2,"T","T",0,"F","F",1,"F","F",0,"F","F",4,"G","F","F","",0,0,"N",0,"N",0,"N",0,0,0,0,"43","","","","F","F","F","F","F","F","F","F","F","","","","F","F","F","F","F","","","","",0,3,0,0,4,0,0,0,0,41,"BAL","BAL","MIN",1,"F","F",6,0,1,20,2,"T","F",0,0,"T","T","murre001","may-l101","F","F",0,0,0,0,0,0,0,0,0,"","","",0,0,0,0,0,0,0,0,0,0,0,0,0,"randb101","F","F","F","F",0,0,0,0,0,0,0,0,0,0,F,F,"1978BAL.EVA.regular.event.csv",2889
"BAL197807130","MIN",5,1,2,0,0,"",0,6,"murre001","?","murre001","?","suttj101","?","suttj101","?","borgg101","carer001","randb101","wolfl101","smalr001","norww101","fordd001","riveb101","","","","7","F","F",3,4,2,"T","T",0,"F","F",1,"F","F",0,"F","F",7,"F","F","F","",0,0,"N",0,"N",0,"N",0,0,0,0,"7","","","","F","F","F","F","F","F","F","F","F","","","","F","F","F","F","F","","","","",0,7,0,0,0,0,0,0,0,42,"BAL","BAL","MIN",1,"F","T",6,0,1,21,3,"T","F",0,0,"T","T","may-l101","moraa101","F","F",0,0,0,0,0,0,0,0,0,"","","",0,0,0,0,0,0,0,0,0,0,0,0,0,"norww101","F","F","F","F",0,0,0,0,0,0,0,0,0,0,F,F,"1978BAL.EVA.regular.event.csv",2890
"BAL197807130","MIN",6,0,0,0,0,"",0,6,"norww101","?","norww101","?","flanm001","?","flanm001","?","dempr001","murre001","dauer001","decid001","belam101","moraa101","harll101","singk001","","","","8","T","F",7,1,2,"T","T",0,"F","F",1,"F","F",0,"F","F",8,"F","F","F","",0,0,"N",0,"N",0,"N",0,0,0,0,"8","","","","F","F","F","F","F","F","F","F","F","","","","F","F","F","F","F","","","","",0,8,0,0,0,0,0,0,0,43,"BAL","MIN","BAL",0,"T","F",0,6,0,18,0,"T","F",0,0,"T","T","carer001","fordd001","T","T",0,0,0,0,0,0,0,0,0,"","","",0,0,0,0,0,0,0,0,0,0,0,0,0,"harll101","F","F","F","F",0,0,0,0,1,0,0,0,0,0,F,F,"1978BAL.EVA.regular.event.csv",2891
"BAL197807130","MIN",6,0,1,0,0,"",0,6,"carer001","?","carer001","?","flanm001","?","flanm001","?","dempr001","murre001","dauer001","decid001","belam101","moraa101","harll101","singk001","","","","W","F","F",3,2,14,"T","F",0,"F","F",0,"F","F",0,"F","F",0,"","F","F","",0,0,"N",0,"N",0,"N",1,0,0,0,"","","","","F","F","F","F","F","F","F","F","F","","","","F","F","F","F","F","","","","",0,0,0,0,0,0,0,0,0,44,"BAL","MIN","BAL",0,"F","F",0,6,0,19,1,"T","F",0,1,"T","T","fordd001","moraj001","T","T",0,0,0,0,0,0,0,0,0,"","","",0,0,0,0,0,0,0,0,0,0,0,0,0,"","F","F","F","F",4,0,0,0,1,0,0,0,0,0,F,F,"1978BAL.EVA.regular.event.csv",2892
"BAL197807130","MIN",6,0,1,0,0,"",0,6,"fordd001","?","fordd001","?","flanm001","?","flanm001","?","dempr001","murre001","dauer001","decid001","belam101","moraa101","harll101","singk001","carer001","","","D7.1-3","F","F",8,3,21,"T","T",2,"F","F",0,"F","F",0,"F","F",7,"","F","F","",0,0,"N",0,"N",0,"N",2,3,0,0,"","","","","F","F","F","F","F","F","F","F","F","flanm001","","","F","F","F","F","F","","","","",0,0,0,0,0,0,0,0,0,45,"BAL","MIN","BAL",0,"F","F",0,6,0,20,2,"T","F",1,6,"T","T","moraj001","riveb101","T","T",3,2,44,0,0,0,0,0,0,"dempr001","","",0,0,0,0,0,0,0,0,0,0,0,0,0,"moraa101","F","F","F","F",0,4,0,0,1,0,0,0,0,0,F,F,"1978BAL.EVA.regular.event.csv",2893
"BAL197807130","MIN",6,0,1,0,0,"",0,6,"moraj001","?","moraj001","?","flanm001","?","flanm001","?","dempr001","murre001","dauer001","decid001","belam101","moraa101","harll101","singk001","","fordd001","carer001","3/G.3-H;2-3","F","F",10,4,2,"T","T",0,"F","F",1,"F","F",1,"F","F",3,"G","F","F","",0,0,"N",0,"N",0,"N",0,0,3,4,"3","","","","F","F","F","F","F","F","F","F","F","","flanm001","flanm001","F","F","F","F","F","","","","",0,3,0,0,0,0,0,0,0,46,"BAL","MIN","BAL",0,"F","F",0,6,0,21,3,"T","F",6,4,"T","T","riveb101","smalr001","T","T",0,0,0,8,3,45,3,2,44,"","dempr001","dempr001",0,0,0,0,0,0,0,0,0,0,0,0,1,"murre001","F","F","F","F",0,0,0,4,0,0,0,0,0,0,F,F,"1978BAL.EVA.regular.event.csv",2894
"BAL197807130","MIN",6,0,2,0,0,"",1,6,"riveb101","?","riveb101","?","flanm001","?","flanm001","?","dempr001","murre001","dauer001","decid001","belam101","moraa101","harll101","singk001","","","fordd001","63","F","F",9,5,2,"T","T",0,"F","F",1,"F","F",0,"F","F",6,"G","F","F","",0,0,"N",0,"N",0,"N",0,0,0,3,"63","","","","F","F","F","F","F","F","F","F","F","","","flanm001","F","F","F","F","F","","","","",0,3,0,0,6,0,0,0,0,47,"BAL","MIN","BAL",0,"F","T",1,6,1,22,4,"T","F",4,4,"T","T","smalr001","wolfl101","T","T",0,0,0,0,0,0,8,3,45,"","","dempr001",0,0,0,0,0,0,0,0,0,0,0,0,0,"belam101","F","F","F","F",0,0,0,0,0,0,0,0,0,0,F,F,"1978BAL.EVA.regular.event.csv",2895
"BAL197807130","MIN",6,1,0,0,0,"",1,6,"may-l101","?","may-l101","?","suttj101","?","suttj101","?","borgg101","carer001","randb101","wolfl101","smalr001","norww101","fordd001","riveb101","","","","8/L","T","F",10,5,2,"T","T",0,"F","F",1,"F","F",0,"F","F",8,"L","F","F","",0,0,"N",0,"N",0,"N",0,0,0,0,"8","","","","F","F","F","F","F","F","F","F","F","","","","F","F","F","F","F","","","","",0,8,0,0,0,0,0,0,0,48,"BAL","BAL","MIN",1,"T","F",6,1,0,22,0,"T","F",0,0,"T","T","moraa101","decid001","F","F",0,0,0,0,0,0,0,0,0,"","","",0,0,0,0,0,0,0,0,0,0,0,0,0,"fordd001","F","F","F","F",0,0,0,0,2,0,0,0,0,0,F,F,"1978BAL.EVA.regular.event.csv",2896
"BAL197807130","MIN",6,1,1,0,0,"",1,6,"moraa101","?","moraa101","?","suttj101","?","suttj101","?","borgg101","carer001","randb101","wolfl101","smalr001","norww101","fordd001","riveb101","","","","D7","F","F",7,6,21,"T","T",2,"F","F",0,"F","F",0,"F","F",7,"","F","F","",0,0,"N",0,"N",0,"N",2,0,0,0,"","","","","F","F","F","F","F","F","F","F","F","","","","F","F","F","F","F","","","","",0,0,0,0,0,0,0,0,0,49,"BAL","BAL","MIN",1,"F","F",6,1,0,23,1,"T","F",0,2,"T","T","decid001","dempr001","F","F",0,0,0,0,0,0,0,0,0,"","","",0,0,0,0,0,0,0,0,0,0,0,0,0,"norww101","F","F","F","F",4,0,0,0,2,0,0,0,0,0,F,F,"1978BAL.EVA.regular.event.csv",2897
"BAL197807130","MIN",6,1,1,0,0,"",1,6,"decid001","?","decid001","?","suttj101","?","suttj101","?","borgg101","carer001","randb101","wolfl101","smalr001","norww101","fordd001","riveb101","","moraa101","","HR/7/L.2-H","F","F",5,7,23,"T","T",4,"F","F",0,"F","F",2,"F","F",0,"L","F","F","7",0,0,"N",0,"N",0,"N",4,0,4,0,"","","","","F","F","F","F","F","F","F","F","F","","suttj101","","F","F","F","F","F","","","","",0,0,0,0,0,0,0,0,0,50,"BAL","BAL","MIN",1,"F","F",6,1,0,24,2,"T","F",2,0,"T","T","dempr001","belam101","F","F",0,0,0,7,6,49,0,0,0,"","borgg101","",0,0,0,0,0,0,0,0,0,0,0,0,2,"","F","F","F","F",4,0,4,0,0,0,0,0,0,0,F,F,"1978BAL.EVA.regular.event.csv",2898
"BAL197807130","MIN",6,1,1,0,0,"",1,8,"dempr001","?","dempr001","?","suttj101","?","suttj101","?","borgg101","carer001","randb101","wolfl101","smalr001","norww101","fordd001","riveb101","","","","D9","F","F",2,8,21,"T","T",2,"F","F",0,"F","F",0,"F","F",9,"","F","F","",0,0,"N",0,"N",0,"N",2,0,0,0,"","","","","F","F","F","F","F","F","F","F","F","","","","F","F","F","F","F","","","","",0,0,0,0,0,0,0,0,0,51,"BAL","BAL","MIN",1,"F","F",8,1,2,25,3,"T","F",0,2,"T","T","belam101","harll101","F","F",0,0,0,0,0,0,0,0,0,"","","",0,0,0,0,0,0,0,0,0,0,0,0,0,"riveb101","F","F","F","F",0,0,0,0,0,0,0,0,0,0,F,F,"1978BAL.EVA.regular.event.csv",2899
"BAL197807130","MIN",6,1,1,0,0,"",1,8,"belam101","?","belam101","?","suttj101","?","suttj101","?","borgg101","carer001","randb101","wolfl101","smalr001","norww101","fordd001","riveb101","","dempr001","","9","F","F",6,9,2,"T","T",0,"F","F",1,"F","F",0,"F","F",9,"F","F","F","",0,0,"N",0,"N",0,"N",0,0,2,0,"9","","","","F","F","F","F","F","F","F","F","F","","suttj101","","F","F","F","F","F","","","","",0,9,0,0,0,0,0,0,0,52,"BAL","BAL","MIN",1,"F","F",8,1,2,26,4,"T","F",2,2,"T","T","harll101","dauer001","F","F",0,0,0,2,8,51,0,0,0,"","borgg101","",0,0,0,0,0,0,0,0,0,0,0,0,0,"riveb101","F","F","F","F",0,0,0,0,0,0,0,0,0,0,F,F,"1978BAL.EVA.regular.event.csv",2900
"BAL197807130","MIN",6,1,2,0,0,"",1,8,"harll101","?","harll101","?","hollj102","?","hollj102","?","borgg101","carer001","randb101","wolfl101","smalr001","norww101","fordd001","riveb101","","dempr001","","8/L","F","F",8,1,2,"T","T",0,"F","F",1,"F","F",0,"F","F",8,"L","F","F","",0,0,"N",0,"N",0,"N",0,0,2,0,"8","","","","F","F","F","F","F","F","F","F","F","","suttj101","","F","F","F","F","F","","","","",0,8,0,0,0,0,0,0,0,53,"BAL","BAL","MIN",1,"F","T",8,1,2,27,5,"T","F",2,2,"T","T","dauer001","singk001","F","F",0,0,0,2,8,51,0,0,0,"","borgg101","",0,0,0,0,0,0,0,0,0,0,0,0,0,"fordd001","F","F","F","F",0,0,0,0,0,0,0,0,0,0,F,F,"1978BAL.EVA.regular.event.csv",2901
"BAL197807130","MIN",7,0,0,0,0,"",1,8,"smalr001","?","smalr001","?","flanm001","?","flanm001","?","dempr001","murre001","dauer001","decid001","belam101","moraa101","harll101","singk001","","","","63","T","F",6,6,2,"T","T",0,"F","F",1,"F","F",0,"F","F",6,"G","F","F","",0,0,"N",0,"N",0,"N",0,0,0,0,"63","","","","F","F","F","F","F","F","F","F","F","","","","F","F","F","F","F","","","","",0,3,0,0,6,0,0,0,0,54,"BAL","MIN","BAL",0,"T","F",1,8,0,23,0,"T","F",0,0,"T","T","wolfl101","randb101","T","T",0,0,0,0,0,0,0,0,0,"","","",0,0,0,0,0,0,0,0,0,0,0,0,0,"belam101","F","F","F","F",0,0,0,0,0,0,0,0,0,0,F,F,"1978BAL.EVA.regular.event.csv",2902
"BAL197807130","MIN",7,0,1,0,0,"",1,8,"wolfl101","?","wolfl101","?","flanm001","?","flanm001","?","dempr001","murre001","dauer001","decid001","belam101","moraa101","harll101","singk001","","","","4","F","F",5,7,2,"T","T",0,"F","F",1,"F","F",0,"F","F",4,"F","F","F","",0,0,"N",0,"N",0,"N",0,0,0,0,"4","","","","F","F","F","F","F","F","F","F","F","","","","F","F","F","F","F","","","","",0,4,0,0,0,0,0,0,0,55,"BAL","MIN","BAL",0,"F","F",1,8,0,24,1,"T","F",0,0,"T","T","randb101","borgg101","T","T",0,0,0,0,0,0,0,0,0,"","","",0,0,0,0,0,0,0,0,0,0,0,0,0,"dauer001","F","F","F","F",0,0,0,0,0,0,0,0,0,0,F,F,"1978BAL.EVA.regular.event.csv",2903
"BAL197807130","MIN",7,0,2,0,0,"",1,8,"randb101","?","randb101","?","flanm001","?","flanm001","?","dempr001","murre001","dauer001","decid001","belam101","moraa101","harll101","singk001","","","","W","F","F",4,8,14,"T","F",0,"F","F",0,"F","F",0,"F","F",0,"","F","F","",0,0,"N",0,"N",0,"N",1,0,0,0,"","","","","F","F","F","F","F","F","F","F","F","","","","F","F","F","F","F","","","","",0,0,0,0,0,0,0,0,0,56,"BAL","MIN","BAL",0,"F","F",1,8,0,25,2,"T","F",0,1,"T","T","borgg101","norww101","T","T",0,0,0,0,0,0,0,0,0,"","","",0,0,0,0,0,0,0,0,0,0,0,0,0,"","F","F","F","F",0,0,0,0,0,0,0,0,0,0,F,F,"1978BAL.EVA.regular.event.csv",2904
"BAL197807130","MIN",7,0,2,0,0,"",1,8,"borgg101","?","borgg101","?","flanm001","?","flanm001","?","dempr001","murre001","dauer001","decid001","belam101","moraa101","harll101","singk001","randb101","","","13","F","F",2,9,2,"T","T",0,"F","F",1,"F","F",0,"F","F",1,"G","F","F","",0,0,"N",0,"N",0,"N",0,1,0,0,"13","","","","F","F","F","F","F","F","F","F","F","flanm001","","","F","F","F","F","F","","","","",0,3,0,0,1,0,0,0,0,57,"BAL","MIN","BAL",0,"F","T",1,8,0,26,3,"T","F",1,1,"T","T","norww101","carer001","T","T",4,8,56,0,0,0,0,0,0,"dempr001","","",0,0,0,0,0,0,0,0,0,0,0,0,0,"flanm001","F","F","F","F",0,0,0,0,0,0,0,0,0,0,F,F,"1978BAL.EVA.regular.event.csv",2905
"BAL197807130","MIN",7,1,0,0,0,"",1,8,"dauer001","?","dauer001","?","hollj102","?","hollj102","?","borgg101","carer001","randb101","wolfl101","smalr001","norww101","fordd001","riveb101","","","","8","T","F",4,2,2,"T","T",0,"F","F",1,"F","F",0,"F","F",8,"F","F","F","",0,0,"N",0,"N",0,"N",0,0,0,0,"8","","","","F","F","F","F","F","F","F","F","F","","","","F","F","F","F","F","","","","",0,8,0,0,0,0,0,0,0,58,"BAL","BAL","MIN",1,"T","F",8,1,0,28,0,"T","F",0,0,"T","T","singk001","murre001","F","F",0,0,0,0,0,0,0,0,0,"","","",0,0,0,0,0,0,0,0,0,0,0,0,0,"fordd001","F","F","F","F",0,0,0,0,0,0,0,0,0,0,F,F,"1978BAL.EVA.regular.event.csv",2906
"BAL197807130","MIN",7,1,1,0,0,"",1,8,"singk001","?","singk001","?","hollj102","?","hollj102","?","borgg101","carer001","randb101","wolfl101","smalr001","norww101","fordd001","riveb101","","","","13","F","F",9,3,2,"T","T",0,"F","F",1,"F","F",0,"F","F",1,"G","F","F","",0,0,"N",0,"N",0,"N",0,0,0,0,"13","","","","F","F","F","F","F","F","F","F","F","","","","F","F","F","F","F","","","","",0,3,0,0,1,0,0,0,0,59,"BAL","BAL","MIN",1,"F","F",8,1,0,29,1,"T","F",0,0,"T","T","murre001","may-l101","F","F",0,0,0,0,0,0,0,0,0,"","","",0,0,0,0,0,0,0,0,0,0,0,0,0,"hollj102","F","F","F","F",0,0,0,0,0,0,0,0,0,0,F,F,"1978BAL.EVA.regular.event.csv",2907
"BAL197807130","MIN",7,1,2,0,0,"",1,8,"murre001","?","murre001","?","hollj102","?","hollj102","?","borgg101","carer001","randb101","wolfl101","smalr001","norww101","fordd001","riveb101","","","","K/C","F","F",3,4,3,"T","T",0,"F","F",1,"F","F",0,"F","F",0,"","F","F","",0,0,"N",0,"N",0,"N",0,0,0,0,"2","","","","F","F","F","F","F","F","F","F","F","","","","F","F","F","F","F","","","","",0,2,0,0,0,0,0,0,0,60,"BAL","BAL","MIN",1,"F","T",8,1,0,30,2,"T","F",0,0,"T","T","may-l101","moraa101","F","F",0,0,0,0,0,0,0,0,0,"","","",0,0,0,0,0,0,0,0,0,0,0,0,0,"","F","F","F","F",0,0,0,0,0,0,0,0,0,0,F,F,"1978BAL.EVA.regular.event.csv",2908
"BAL197807130","MIN",8,0,0,0,0,"",1,8,"norww101","?","norww101","?","flanm001","?","flanm001","?","dempr001","murre001","dauer001","decid001","belam101","moraa101","harll101","lopec101","","","","D7","T","F",7,1,21,"T","T",2,"F","F",0,"F","F",0,"F","F",7,"","F","F","",0,0,"N",0,"N",0,"N",2,0,0,0,"","","","","F","F","F","F","F","F","F","F","F","","","","F","F","F","F","F","","","","",0,0,0,0,0,0,0,0,0,61,"BAL","MIN","BAL",0,"T","F",1,8,0,27,0,"T","F",0,2,"T","T","carer001","fordd001","T","T",0,0,0,0,0,0,0,0,0,"","","",0,0,0,0,0,0,0,0,0,0,0,0,0,"moraa101","F","F","F","F",4,0,0,0,3,0,0,0,0,0,F,F,"1978BAL.EVA.regular.event.csv",2909
"BAL197807130","MIN",8,0,0,0,0,"",1,8,"carer001","?","carer001","?","flanm001","?","flanm001","?","dempr001","murre001","dauer001","decid001","belam101","moraa101","harll101","lopec101","","norww101","","S7.2-H","F","F",3,2,20,"T","T",1,"F","F",0,"F","F",1,"F","F",7,"","F","F","",0,0,"N",0,"N",0,"N",1,0,4,0,"","","","","F","F","F","F","F","F","F","F","F","","flanm001","","F","F","F","F","F","","","","",0,0,0,0,0,0,0,0,0,62,"BAL","MIN","BAL",0,"F","F",1,8,0,28,1,"T","F",2,1,"T","T","fordd001","moraj001","T","T",0,0,0,7,1,61,0,0,0,"","dempr001","",0,0,0,0,0,0,0,0,0,0,0,0,1,"moraa101","F","F","F","F",4,0,4,0,2,0,0,0,0,0,F,F,"1978BAL.EVA.regular.event.csv",2910
"BAL197807130","MIN",8,0,0,0,0,"",2,8,"fordd001","?","fordd001","?","flanm001","?","flanm001","?","dempr001","murre001","dauer001","decid001","belam101","moraa101","harll101","lopec101","carer001","","","S7.1-2","F","F",8,3,20,"T","T",1,"F","F",0,"F","F",0,"F","F",7,"","F","F","",0,0,"N",0,"N",0,"N",1,2,0,0,"","","","","F","F","F","F","F","F","F","F","F","flanm001","","","F","F","F","F","F","","","","",0,0,0,0,0,0,0,0,0,63,"BAL","MIN","BAL",0,"F","F",2,8,1,29,2,"T","F",1,3,"T","T","moraj001","riveb101","T","T",3,2,62,0,0,0,0,0,0,"dempr001","","",0,0,0,0,0,0,0,0,0,0,0,0,0,"moraa101","F","F","F","F",5,4,0,0,2,0,0,0,0,0,F,F,"1978BAL.EVA.regular.event.csv",2911
"BAL197807130","MIN",8,0,0,0,0,"",2,8,"chilr101","?","chilr101","?","stand101","?","stand101","?","dempr001","murre001","dauer001","decid001","belam101","moraa101","harll101","lopec101","fordd001","carer001","","S7.2-H;1-2","F","T",10,4,20,"T","T",1,"F","F",0,"F","F",1,"F","F",7,"","F","F","",0,0,"N",0,"N",0,"N",1,2,4,0,"","","","","F","F","F","F","F","F","F","F","F","flanm001","flanm001","","F","F","F","F","F","","","","moraj001",10,0,0,0,0,0,0,0,0,64,"BAL","MIN","BAL",0,"F","F",2,8,1,30,3,"T","F",3,3,"F","F","riveb101","smalr001","F","F",8,3,63,3,2,62,0,0,0,"dempr001","dempr001","",0,0,0,0,0,0,0,0,0,0,0,0,1,"moraa101","F","F","F","F",1,5,4,0,1,0,0,0,0,0,F,F,"1978BAL.EVA.regular.event.csv",2912
"BAL197807130","MIN",8,0,0,0,0,"",3,8,"riveb101","?","riveb101","?","stand101","?","stand101","?","dempr001","murre001","dauer001","decid001","belam101","moraa101","harll101","lopec101","chilr101","fordd001","","PB.2-3","F","F",9,5,10,"F","F",0,"F","F",0,"F","F",0,"F","T",0,"","F","F","",0,0,"N",0,"N",0,"N",0,1,3,0,"","","","","F","F","F","F","F","F","F","F","F","stand101","flanm001","","F","F","F","F","F","","","","",0,0,0,0,0,0,0,0,0,65,"BAL","MIN","BAL",0,"F","F",3,8,2,31,4,"T","F",3,5,"T","T","smalr001","wolfl101","F","F",10,4,64,8,3,63,0,0,0,"dempr001","dempr001","",0,0,0,0,0,0,0,0,0,0,0,0,0,"","F","F","F","F",0,1,5,0,1,0,0,0,0,0,F,F,"1978BAL.EVA.regular.event.csv",2913
"BAL197807130","MIN",8,0,0,0,0,"",3,8,"poweh101","?","poweh101","?","stand101","?","stand101","?","dempr001","murre001","dauer001","decid001","belam101","moraa101","harll101","lopec101","chilr101","","fordd001","K/C","F","T",11,5,3,"T","T",0,"F","F",1,"F","F",0,"F","F",0,"","F","F","",0,0,"N",0,"N",0,"N",0,1,0,3,"2","","","","F","F","F","F","F","F","F","F","F","stand101","","flanm001","F","F","F","F","F","","","","riveb101",9,2,0,0,0,0,0,0,0,66,"BAL","MIN","BAL",0,"F","F",3,8,2,31,4,"F","F",5,5,"F","F","smalr001","wolfl101","F","F",10,4,64,0,0,0,8,3,63,"dempr001","","dempr001",0,0,0,0,0,0,0,0,0,0,0,0,0,"","F","F","F","F",0,1,0,5,1,0,0,0,0,0,F,F,"1978BAL.EVA.regular.event.csv",2914
"BAL197807130","MIN",8,0,1,0,0,"",3,8,"smalr001","?","smalr001","?","stand101","?","stand101","?","dempr001","murre001","dauer001","decid001","belam101","moraa101","harll101","lopec101","chilr101","","fordd001","8/SF.3-H(UR)","F","F",6,6,2,"T","F",0,"F","T",1,"F","F",1,"F","F",8,"F","F","F","",0,0,"N",0,"N",0,"N",0,1,0,5,"8","","","","F","F","F","F","F","F","F","F","F","stand101","","flanm001","F","F","F","F","F","","","","",0,8,0,0,0,0,0,0,0,67,"BAL","MIN","BAL",0,"F","F",3,8,2,32,5,"T","F",5,1,"T","T","wolfl101","randb101","F","F",10,4,64,0,0,0,8,3,63,"dempr001","","dempr001",0,0,0,0,0,0,0,0,0,0,0,0,1,"harll101","F","F","F","F",0,1,0,5,0,0,0,0,0,0,F,F,"1978BAL.EVA.regular.event.csv",2915
"BAL197807130","MIN",8,0,2,0,0,"",4,8,"cubbm101","?","cubbm101","?","stand101","?","stand101","?","dempr001","murre001","dauer001","decid001","belam101","moraa101","harll101","lopec101","chilr101","","","8","F","T",11,7,2,"T","T",0,"F","F",1,"F","F",0,"F","F",8,"F","F","F","",0,0,"N",0,"N",0,"N",0,1,0,0,"8","","","","F","F","F","F","F","F","F","F","F","stand101","","","F","F","F","F","F","","","","wolfl101",5,8,0,0,0,0,0,0,0,68,"BAL","MIN","BAL",0,"F","T",4,8,3,33,6,"T","F",1,1,"F","F","randb101","borgg101","F","F",10,4,64,0,0,0,0,0,0,"dempr001","","",0,0,0,0,0,0,0,0,0,0,0,0,0,"harll101","F","F","F","F",0,1,0,0,0,0,0,0,0,0,F,F,"1978BAL.EVA.regular.event.csv",2916
"BAL197807130","MIN",8,1,0,0,0,"",4,8,"may-l101","?","may-l101","?","harrr102","?","harrr102","?","borgg101","carer001","randb101","cubbm101","smalr001","norww101","fordd001","poweh101","","","","43","T","F",10,5,2,"T","T",0,"F","F",1,"F","F",0,"F","F",4,"G","F","F","",0,0,"N",0,"N",0,"N",0,0,0,0,"43","","","","F","F","F","F","F","F","F","F","F","","","","F","F","F","F","F","","","","",0,3,0,0,4,0,0,0,0,69,"BAL","BAL","MIN",1,"T","F",8,4,0,31,0,"T","F",0,0,"T","T","moraa101","decid001","F","F",0,0,0,0,0,0,0,0,0,"","","",0,0,0,0,0,0,0,0,0,0,0,0,0,"randb101","F","F","F","F",0,0,0,0,0,0,0,0,0,0,F,F,"1978BAL.EVA.regular.event.csv",2917
"BAL197807130","MIN",8,1,1,0,0,"",4,8,"moraa101","?","moraa101","?","harrr102","?","harrr102","?","borgg101","carer001","randb101","cubbm101","smalr001","norww101","fordd001","poweh101","","","","K/C","F","F",7,6,3,"T","T",0,"F","F",1,"F","F",0,"F","F",0,"","F","F","",0,0,"N",0,"N",0,"N",0,0,0,0,"2","","","","F","F","F","F","F","F","F","F","F","","","","F","F","F","F","F","","","","",0,2,0,0,0,0,0,0,0,70,"BAL","BAL","MIN",1,"F","F",8,4,0,32,1,"T","F",0,0,"T","T","decid001","dempr001","F","F",0,0,0,0,0,0,0,0,0,"","","",0,0,0,0,0,0,0,0,0,0,0,0,0,"","F","F","F","F",0,0,0,0,0,0,0,0,0,0,F,F,"1978BAL.EVA.regular.event.csv",2918
"BAL197807130","MIN",8,1,2,0,0,"",4,8,"decid001","?","decid001","?","harrr102","?","harrr102","?","borgg101","carer001","randb101","cubbm101","smalr001","norww101","fordd001","poweh101","","","","8","F","F",5,7,2,"T","T",0,"F","F",1,"F","F",0,"F","F",8,"F","F","F","",0,0,"N",0,"N",0,"N",0,0,0,0,"8","","","","F","F","F","F","F","F","F","F","F","","","","F","F","F","F","F","","","","",0,8,0,0,0,0,0,0,0,71,"BAL","BAL","MIN",1,"F","T",8,4,0,33,2,"T","F",0,0,"T","T","dempr001","belam101","F","F",0,0,0,0,0,0,0,0,0,"","","",0,0,0,0,0,0,0,0,0,0,0,0,0,"fordd001","F","F","F","F",0,0,0,0,0,0,0,0,0,0,F,F,"1978BAL.EVA.regular.event.csv",2919
"BAL197807130","MIN",9,0,0,0,0,"",4,8,"wyneb001","?","wyneb001","?","stand101","?","stand101","?","dempr001","murre001","dauer001","decid001","belam101","andem101","harll101","lopec101","","","","63","T","T",11,8,2,"T","T",0,"F","F",1,"F","F",0,"F","F",6,"G","F","F","",0,0,"N",0,"N",0,"N",0,0,0,0,"63","","","","F","F","F","F","F","F","F","F","F","","","","F","F","F","F","F","","","","randb101",4,3,0,0,6,0,0,0,0,72,"BAL","MIN","BAL",0,"T","F",4,8,0,34,0,"T","F",0,0,"F","F","borgg101","norww101","F","F",0,0,0,0,0,0,0,0,0,"","","",0,0,0,0,0,0,0,0,0,0,0,0,0,"belam101","F","F","F","F",0,0,0,0,2,0,0,0,0,0,F,F,"1978BAL.EVA.regular.event.csv",2920
"BAL197807130","MIN",9,0,1,0,0,"",4,8,"adamg101","?","adamg101","?","stand101","?","stand101","?","dempr001","murre001","dauer001","decid001","belam101","andem101","harll101","lopec101","","","","K","F","T",11,9,3,"T","T",0,"F","F",1,"F","F",0,"F","F",0,"","F","F","",0,0,"N",0,"N",0,"N",0,0,0,0,"2","","","","F","F","F","F","F","F","F","F","F","","","","F","F","F","F","F","","","","borgg101",2,2,0,0,0,0,0,0,0,73,"BAL","MIN","BAL",0,"F","F",4,8,0,35,1,"T","F",0,0,"F","F","norww101","carer001","F","F",0,0,0,0,0,0,0,0,0,"","","",0,0,0,0,0,0,0,0,0,0,0,0,0,"","F","F","F","F",0,0,0,0,2,0,0,0,0,0,F,F,"1978BAL.EVA.regular.event.csv",2921
"BAL197807130","MIN",9,0,2,0,0,"",4,8,"norww101","?","norww101","?","stand101","?","stand101","?","dempr001","murre001","dauer001","decid001","belam101","andem101","harll101","lopec101","","","","S8","F","F",7,1,20,"T","T",1,"F","F",0,"F","F",0,"F","F",8,"","F","F","",0,0,"N",0,"N",0,"N",1,0,0,0,"","","","","F","F","F","F","F","F","F","F","F","","","","F","F","F","F","F","","","","",0,0,0,0,0,0,0,0,0,74,"BAL","MIN","BAL",0,"F","F",4,8,0,36,2,"T","F",0,1,"T","T","carer001","fordd001","F","F",0,0,0,0,0,0,0,0,0,"","","",0,0,0,0,0,0,0,0,0,0,0,0,0,"harll101","F","F","F","F",4,0,0,0,2,0,0,0,0,0,F,F,"1978BAL.EVA.regular.event.csv",2922
"BAL197807130","MIN",9,0,2,0,0,"",4,8,"carer001","?","carer001","?","stand101","?","stand101","?","dempr001","murre001","dauer001","decid001","belam101","andem101","harll101","lopec101","norww101","","","S9.1-3","F","F",3,2,20,"T","T",1,"F","F",0,"F","F",0,"F","F",9,"","F","F","",0,0,"N",0,"N",0,"N",1,3,0,0,"","","","","F","F","F","F","F","F","F","F","F","stand101","","","F","F","F","F","F","","","","",0,0,0,0,0,0,0,0,0,75,"BAL","MIN","BAL",0,"F","F",4,8,0,37,3,"T","F",1,5,"T","T","fordd001","chilr101","F","F",7,1,74,0,0,0,0,0,0,"dempr001","","",0,0,0,0,0,0,0,0,0,0,0,0,0,"lopec101","F","F","F","F",4,4,0,0,2,0,0,0,0,0,F,F,"1978BAL.EVA.regular.event.csv",2923
"BAL197807130","MIN",9,0,2,0,0,"",4,8,"fordd001","?","fordd001","?","stand101","?","stand101","?","dempr001","murre001","dauer001","decid001","belam101","andem101","harll101","lopec101","carer001","","norww101","SB2","F","F",8,3,4,"F","F",0,"F","F",0,"F","F",0,"F","F",0,"","F","F","",0,0,"N",0,"N",0,"N",0,2,0,3,"","","","","T","F","F","F","F","F","F","F","F","stand101","","stand101","F","F","F","F","F","","","","",0,0,0,0,0,0,0,0,0,76,"BAL","MIN","BAL",0,"F","F",4,8,0,38,4,"T","F",5,6,"T","T","chilr101","poweh101","F","F",3,2,75,0,0,0,7,1,74,"dempr001","","dempr001",0,0,0,0,0,0,0,0,0,0,0,0,0,"","F","F","F","F",0,4,0,4,2,0,0,0,0,0,F,F,"1978BAL.EVA.regular.event.csv",2924
"BAL197807130","MIN",9,0,2,0,0,"",4,8,"fordd001","?","fordd001","?","stand101","?","stand101","?","dempr001","murre001","dauer001","decid001","belam101","andem101","harll101","lopec101","","carer001","norww101","D9.3-H;2-H","F","F",8,3,21,"T","T",2,"F","F",0,"F","F",2,"F","F",9,"","F","F","",0,0,"N",0,"N",0,"N",2,0,4,4,"","","","","F","F","F","F","F","F","F","F","F","","stand101","stand101","F","F","F","F","F","","","","",0,0,0,0,0,0,0,0,0,77,"BAL","MIN","BAL",0,"F","F",4,8,0,38,4,"F","F",6,2,"T","T","chilr101","poweh101","F","F",0,0,0,3,2,75,7,1,74,"","dempr001","dempr001",0,0,0,0,0,0,0,0,0,0,0,0,2,"lopec101","F","F","F","F",2,0,4,4,0,0,0,0,0,0,F,F,"1978BAL.EVA.regular.event.csv",2925
"BAL197807130","MIN",9,0,2,0,0,"",6,8,"kusic101","?","kusic101","?","martt001","?","martt001","?","dempr001","murre001","dauer001","decid001","belam101","andem101","harll101","lopec101","","fordd001","","63","F","T",10,4,2,"T","T",0,"F","F",1,"F","F",0,"F","F",6,"G","F","F","",0,0,"N",0,"N",0,"N",0,0,2,0,"63","","","","F","F","F","F","F","F","F","F","F","","stand101","","F","T","F","F","F","","","","chilr101",10,3,0,0,6,0,0,0,0,78,"BAL","MIN","BAL",0,"F","T",6,8,2,39,5,"T","F",2,2,"F","F","poweh101","smalr001","F","F",0,0,0,8,3,77,0,0,0,"","dempr001","",0,0,0,0,0,0,0,0,0,0,0,0,0,"belam101","F","F","F","F",0,0,2,0,0,0,0,0,0,0,F,F,"1978BAL.EVA.regular.event.csv",2926
"BAL197807140","MIN",1,0,0,0,0,"",0,0,"norww101","?","norww101","?","mcgrs001","?","mcgrs001","?","dempr001","murre001","dauer001","decid001","belam101","moraa101","lopec101","singk001","","","","K","T","F",7,1,3,"T","T",0,"F","F",1,"F","F",0,"F","F",0,"","F","F","",0,0,"N",0,"N",0,"N",0,0,0,0,"2","","","","F","F","F","F","F","F","F","F","F","","","","T","F","F","F","F","","","","",0,2,0,0,0,0,0,0,0,1,"BAL","MIN","BAL",0,"T","F",0,0,0,0,0,"T","F",0,0,"T","T","carer001","fordd001","T","T",0,0,0,0,0,0,0,0,0,"","","",0,0,0,0,0,0,0,0,0,0,0,0,0,"","F","F","F","F",0,0,0,0,0,0,0,0,0,0,F,F,"1978BAL.EVA.regular.event.csv",2927
"BAL197807140","MIN",1,0,1,0,0,"",0,0,"carer001","?","carer001","?","mcgrs001","?","mcgrs001","?","dempr001","murre001","dauer001","decid001","belam101","moraa101","lopec101","singk001","","","","S9","F","F",3,2,20,"T","T",1,"F","F",0,"F","F",0,"F","F",9,"","F","F","",0,0,"N",0,"N",0,"N",1,0,0,0,"","","","","F","F","F","F","F","F","F","F","F","","","","F","F","F","F","F","","","","",0,0,0,0,0,0,0,0,0,2,"BAL","MIN","BAL",0,"F","F",0,0,0,1,1,"T","F",0,1,"T","T","fordd001","riveb101","T","T",0,0,0,0,0,0,0,0,0,"","","",0,0,0,0,0,0,0,0,0,0,0,0,0,"singk001","F","F","F","F",0,0,0,0,0,0,0,0,0,0,F,F,"1978BAL.EVA.regular.event.csv",2928
"BAL197807140","MIN",1,0,1,0,0,"",0,0,"fordd001","?","fordd001","?","mcgrs001","?","mcgrs001","?","dempr001","murre001","dauer001","decid001","belam101","moraa101","lopec101","singk001","carer001","","","BK.1-2","F","F",8,3,11,"F","F",0,"F","F",0,"F","F",0,"F","F",0,"","F","F","",0,0,"N",0,"N",0,"N",0,2,0,0,"","","","","F","F","F","F","F","F","F","F","F","mcgrs001","","","F","F","F","F","F","","","","",0,0,0,0,0,0,0,0,0,3,"BAL","MIN","BAL",0,"F","F",0,0,0,2,2,"T","F",1,2,"T","T","riveb101","moraj001","T","T",3,2,2,0,0,0,0,0,0,"dempr001","","",0,0,0,0,0,0,0,0,0,0,0,0,0,"","F","F","F","F",0,0,0,0,0,0,0,0,0,0,F,F,"1978BAL.EVA.regular.event.csv",2929
"BAL197807140","MIN",1,0,1,0,0,"",0,0,"fordd001","?","fordd001","?","mcgrs001","?","mcgrs001","?","dempr001","murre001","dauer001","decid001","belam101","moraa101","lopec101","singk001","","carer001","","7","F","F",8,3,2,"T","T",0,"F","F",1,"F","F",0,"F","F",7,"F","F","F","",0,0,"N",0,"N",0,"N",0,0,2,0,"7","","","","F","F","F","F","F","F","F","F","F","","mcgrs001","","F","F","F","F","F","","","","",0,7,0,0,0,0,0,0,0,4,"BAL","MIN","BAL",0,"F","F",0,0,0,2,2,"F","F",2,2,"T","T","riveb101","moraj001","T","T",0,0,0,3,2,2,0,0,0,"","dempr001","",0,0,0,0,0,0,0,0,0,0,0,0,0,"moraa101","F","F","F","F",0,0,0,0,0,0,0,0,0,0,F,F,"1978BAL.EVA.regular.event.csv",2930
"BAL197807140","MIN",1,0,2,0,0,"",0,0,"riveb101","?","riveb101","?","mcgrs001","?","mcgrs001","?","dempr001","murre001","dauer001","decid001","belam101","moraa101","lopec101","singk001","","carer001","","3/G","F","F",9,4,2,"T","T",0,"F","F",1,"F","F",0,"F","F",3,"G","F","F","",0,0,"N",0,"N",0,"N",0,0,2,0,"3","","","","F","F","F","F","F","F","F","F","F","","mcgrs001","","F","F","F","F","F","","","","",0,3,0,0,0,0,0,0,0,5,"BAL","MIN","BAL",0,"F","T",0,0,0,3,3,"T","F",2,2,"T","T","moraj001","smalr001","T","T",0,0,0,3,2,2,0,0,0,"","dempr001","",0,0,0,0,0,0,0,0,0,0,0,0,0,"murre001","F","F","F","F",0,0,0,0,0,0,0,0,0,0,F,F,"1978BAL.EVA.regular.event.csv",2931
"BAL197807140","MIN",1,1,0,0,0,"",0,0,"belam101","?","belam101","?","zahng001","?","zahng001","?","wyneb001","carer001","randb101","wolfl101","smalr001","norww101","fordd001","riveb101","","","","13","T","F",6,1,2,"T","T",0,"F","F",1,"F","F",0,"F","F",1,"G","F","F","",0,0,"N",0,"N",0,"N",0,0,0,0,"13","","","","F","F","F","F","F","F","F","F","F","","","","F","F","F","F","F","","","","",0,3,0,0,1,0,0,0,0,6,"BAL","BAL","MIN",1,"T","F",0,0,0,0,0,"T","F",0,0,"T","T","dauer001","singk001","T","T",0,0,0,0,0,0,0,0,0,"","","",0,0,0,0,0,0,0,0,0,0,0,0,0,"zahng001","F","F","F","F",0,0,0,0,0,0,0,0,0,0,F,F,"1978BAL.EVA.regular.event.csv",2932
"BAL197807140","MIN",1,1,1,0,0,"",0,0,"dauer001","?","dauer001","?","zahng001","?","zahng001","?","wyneb001","carer001","randb101","wolfl101","smalr001","norww101","fordd001","riveb101","","","","S9","F","F",4,2,20,"T","T",1,"F","F",0,"F","F",0,"F","F",9,"","F","F","",0,0,"N",0,"N",0,"N",1,0,0,0,"","","","","F","F","F","F","F","F","F","F","F","","","","F","F","F","F","F","","","","",0,0,0,0,0,0,0,0,0,7,"BAL","BAL","MIN",1,"F","F",0,0,0,1,1,"T","F",0,1,"T","T","singk001","murre001","T","T",0,0,0,0,0,0,0,0,0,"","","",0,0,0,0,0,0,0,0,0,0,0,0,0,"riveb101","F","F","F","F",0,0,0,0,0,0,0,0,0,0,F,F,"1978BAL.EVA.regular.event.csv",2933
"BAL197807140","MIN",1,1,1,0,0,"",0,0,"singk001","?","singk001","?","zahng001","?","zahng001","?","wyneb001","carer001","randb101","wolfl101","smalr001","norww101","fordd001","riveb101","dauer001","","","W.1-2","F","F",9,3,14,"T","F",0,"F","F",0,"F","F",0,"F","F",0,"","F","F","",0,0,"N",0,"N",0,"N",1,2,0,0,"","","","","F","F","F","F","F","F","F","F","F","zahng001","","","F","F","F","F","F","","","","",0,0,0,0,0,0,0,0,0,8,"BAL","BAL","MIN",1,"F","F",0,0,0,2,2,"T","F",1,3,"T","T","murre001","may-l101","T","T",4,2,7,0,0,0,0,0,0,"wyneb001","","",0,0,0,0,0,0,0,0,0,0,0,0,0,"","F","F","F","F",0,0,0,0,0,0,0,0,0,0,F,F,"1978BAL.EVA.regular.event.csv",2934
"BAL197807140","MIN",1,1,1,0,0,"",0,0,"murre001","?","murre001","?","zahng001","?","zahng001","?","wyneb001","carer001","randb101","wolfl101","smalr001","norww101","fordd001","riveb101","singk001","dauer001","","WP.2-3;1-2","F","F",3,4,9,"F","F",0,"F","F",0,"F","F",0,"T","F",0,"","F","F","",0,0,"N",0,"N",0,"N",0,2,3,0,"","","","","F","F","F","F","F","F","F","F","F","zahng001","zahng001","","F","F","F","F","F","","","","",0,0,0,0,0,0,0,0,0,9,"BAL","BAL","MIN",1,"F","F",0,0,0,3,3,"T","F",3,6,"T","T","may-l101","moraa101","T","T",9,3,8,4,2,7,0,0,0,"wyneb001","wyneb001","",0,0,0,0,0,0,0,0,0,0,0,0,0,"","F","F","F","F",0,0,0,0,0,0,0,0,0,0,F,F,"1978BAL.EVA.regular.event.csv",2935
"BAL197807140","MIN",1,1,1,0,0,"",0,0,"murre001","?","murre001","?","zahng001","?","zahng001","?","wyneb001","carer001","randb101","wolfl101","smalr001","norww101","fordd001","riveb101","","singk001","dauer001","FC5.3XH(525)","F","F",3,4,19,"T","T",0,"F","F",1,"F","F",0,"F","F",5,"G","F","F","",0,0,"N",0,"N",0,"N",1,0,2,0,"","","","525","F","F","F","F","F","F","F","F","F","","zahng001","zahng001","F","F","F","F","F","","","","",0,5,0,0,5,2,0,0,0,10,"BAL","BAL","MIN",1,"F","F",0,0,0,3,3,"F","F",6,3,"T","T","may-l101","moraa101","T","T",0,0,0,9,3,8,4,2,7,"","wyneb001","wyneb001",0,0,0,0,0,0,0,0,0,0,0,0,0,"wolfl101","F","F","F","F",0,0,0,0,0,0,0,0,0,0,F,F,"1978BAL.EVA.regular.event.csv",2936
"BAL197807140","MIN",1,1,2,0,0,"",0,0,"may-l101","?","may-l101","?","zahng001","?","zahng001","?","wyneb001","carer001","randb101","wolfl101","smalr001","norww101","fordd001","riveb101","murre001","singk001","","6/L","F","F",10,5,2,"T","T",0,"F","F",1,"F","F",0,"F","F",6,"L","F","F","",0,0,"N",0,"N",0,"N",0,1,2,0,"6","","","","F","F","F","F","F","F","F","F","F","zahng001","zahng001","","F","F","F","F","F","","","","",0,6,0,0,0,0,0,0,0,11,"BAL","BAL","MIN",1,"F","T",0,0,0,4,4,"T","F",3,3,"T","T","moraa101","decid001","T","T",3,4,10,9,3,8,0,0,0,"wyneb001","wyneb001","",0,0,0,0,0,0,0,0,0,0,0,0,0,"smalr001","F","F","F","F",0,0,0,0,0,0,0,0,0,0,F,F,"1978BAL.EVA.regular.event.csv",2937
"BAL197807140","MIN",2,0,0,0,0,"",0,0,"moraj001","?","moraj001","?","mcgrs001","?","mcgrs001","?","dempr001","murre001","dauer001","decid001","belam101","moraa101","lopec101","singk001","","","","31","T","F",10,5,2,"T","T",0,"F","F",1,"F","F",0,"F","F",3,"G","F","F","",0,0,"N",0,"N",0,"N",0,0,0,0,"31","","","","F","F","F","F","F","F","F","F","F","","","","F","F","F","F","F","","","","",0,1,0,0,3,0,0,0,0,12,"BAL","MIN","BAL",0,"T","F",0,0,0,4,0,"T","F",0,0,"T","T","smalr001","wyneb001","T","T",0,0,0,0,0,0,0,0,0,"","","",0,0,0,0,0,0,0,0,0,0,0,0,0,"murre001","F","F","F","F",0,0,0,0,0,0,0,0,0,0,F,F,"1978BAL.EVA.regular.event.csv",2938
"BAL197807140","MIN",2,0,1,0,0,"",0,0,"smalr001","?","smalr001","?","mcgrs001","?","mcgrs001","?","dempr001","murre001","dauer001","decid001","belam101","moraa101","lopec101","singk001","","","","S7","F","F",6,6,20,"T","T",1,"F","F",0,"F","F",0,"F","F",7,"","F","F","",0,0,"N",0,"N",0,"N",1,0,0,0,"","","","","F","F","F","F","F","F","F","F","F","","","","F","F","F","F","F","","","","",0,0,0,0,0,0,0,0,0,13,"BAL","MIN","BAL",0,"F","F",0,0,0,5,1,"T","F",0,1,"T","T","wyneb001","wolfl101","T","T",0,0,0,0,0,0,0,0,0,"","","",0,0,0,0,0,0,0,0,0,0,0,0,0,"moraa101","F","F","F","F",0,0,0,0,0,0,0,0,0,0,F,F,"1978BAL.EVA.regular.event.csv",2939
"BAL197807140","MIN",2,0,1,0,0,"",0,0,"wyneb001","?","wyneb001","?","mcgrs001","?","mcgrs001","?","dempr001","murre001","dauer001","decid001","belam101","moraa101","lopec101","singk001","smalr001","","","BK.1-2","F","F",2,7,11,"F","F",0,"F","F",0,"F","F",0,"F","F",0,"","F","F","",0,0,"N",0,"N",0,"N",0,2,0,0,"","","","","F","F","F","F","F","F","F","F","F","mcgrs001","","","F","F","F","F","F","","","","",0,0,0,0,0,0,0,0,0,14,"BAL","MIN","BAL",0,"F","F",0,0,0,6,2,"T","F",1,2,"T","T","wolfl101","randb101","T","T",6,6,13,0,0,0,0,0,0,"dempr001","","",0,0,0,0,0,0,0,0,0,0,0,0,0,"","F","F","F","F",0,0,0,0,0,0,0,0,0,0,F,F,"1978BAL.EVA.regular.event.csv",2940
"BAL197807140","MIN",2,0,1,0,0,"",0,0,"wyneb001","?","wyneb001","?","mcgrs001","?","mcgrs001","?","dempr001","murre001","dauer001","decid001","belam101","moraa101","lopec101","singk001","","smalr001","","K","F","F",2,7,3,"T","T",0,"F","F",1,"F","F",0,"F","F",0,"","F","F","",0,0,"N",0,"N",0,"N",0,0,2,0,"2","","","","F","F","F","F","F","F","F","F","F","","mcgrs001","","F","F","F","F","F","","","","",0,2,0,0,0,0,0,0,0,15,"BAL","MIN","BAL",0,"F","F",0,0,0,6,2,"F","F",2,2,"T","T","wolfl101","randb101","T","T",0,0,0,6,6,13,0,0,0,"","dempr001","",0,0,0,0,0,0,0,0,0,0,0,0,0,"","F","F","F","F",0,0,0,0,0,0,0,0,0,0,F,F,"1978BAL.EVA.regular.event.csv",2941
"BAL197807140","MIN",2,0,2,0,0,"",0,0,"wolfl101","?","wolfl101","?","mcgrs001","?","mcgrs001","?","dempr001","murre001","dauer001","decid001","belam101","moraa101","lopec101","singk001","","smalr001","","7","F","F",5,8,2,"T","T",0,"F","F",1,"F","F",0,"F","F",7,"F","F","F","",0,0,"N",0,"N",0,"N",0,0,2,0,"7","","","","F","F","F","F","F","F","F","F","F","","mcgrs001","","F","F","F","F","F","","","","",0,7,0,0,0,0,0,0,0,16,"BAL","MIN","BAL",0,"F","T",0,0,0,7,3,"T","F",2,2,"T","T","randb101","norww101","T","T",0,0,0,6,6,13,0,0,0,"","dempr001","",0,0,0,0,0,0,0,0,0,0,0,0,0,"moraa101","F","F","F","F",0,0,0,0,0,0,0,0,0,0,F,F,"1978BAL.EVA.regular.event.csv",2942
"BAL197807140","MIN",2,1,0,0,0,"",0,0,"moraa101","?","moraa101","?","zahng001","?","zahng001","?","wyneb001","carer001","randb101","wolfl101","smalr001","norww101","fordd001","riveb101","","","","S8","T","F",7,6,20,"T","T",1,"F","F",0,"F","F",0,"F","F",8,"","F","F","",0,0,"N",0,"N",0,"N",1,0,0,0,"","","","","F","F","F","F","F","F","F","F","F","","","","F","F","F","F","F","","","","",0,0,0,0,0,0,0,0,0,17,"BAL","BAL","MIN",1,"T","F",0,0,0,5,0,"T","F",0,1,"T","T","decid001","lopec101","T","T",0,0,0,0,0,0,0,0,0,"","","",0,0,0,0,0,0,0,0,0,0,0,0,0,"fordd001","F","F","F","F",0,0,0,0,0,0,0,0,0,0,F,F,"1978BAL.EVA.regular.event.csv",2943
"BAL197807140","MIN",2,1,0,0,0,"",0,0,"decid001","?","decid001","?","zahng001","?","zahng001","?","wyneb001","carer001","randb101","wolfl101","smalr001","norww101","fordd001","riveb101","moraa101","","","K/C","F","F",5,7,3,"T","T",0,"F","F",1,"F","F",0,"F","F",0,"","F","F","",0,0,"N",0,"N",0,"N",0,1,0,0,"2","","","","F","F","F","F","F","F","F","F","F","zahng001","","","F","F","F","F","F","","","","",0,2,0,0,0,0,0,0,0,18,"BAL","BAL","MIN",1,"F","F",0,0,0,6,1,"T","F",1,1,"T","T","lopec101","dempr001","T","T",7,6,17,0,0,0,0,0,0,"wyneb001","","",0,0,0,0,0,0,0,0,0,0,0,0,0,"","F","F","F","F",0,0,0,0,0,0,0,0,0,0,F,F,"1978BAL.EVA.regular.event.csv",2944
"BAL197807140","MIN",2,1,1,0,0,"",0,0,"lopec101","?","lopec101","?","zahng001","?","zahng001","?","wyneb001","carer001","randb101","wolfl101","smalr001","norww101","fordd001","riveb101","moraa101","","","K","F","F",8,8,3,"T","T",0,"F","F",1,"F","F",0,"F","F",0,"","F","F","",0,0,"N",0,"N",0,"N",0,1,0,0,"2","","","","F","F","F","F","F","F","F","F","F","zahng001","","","F","F","F","F","F","","","","",0,2,0,0,0,0,0,0,0,19,"BAL","BAL","MIN",1,"F","F",0,0,0,7,2,"T","F",1,1,"T","T","dempr001","belam101","T","T",7,6,17,0,0,0,0,0,0,"wyneb001","","",0,0,0,0,0,0,0,0,0,0,0,0,0,"","F","F","F","F",0,0,0,0,0,0,0,0,0,0,F,F,"1978BAL.EVA.regular.event.csv",2945
"BAL197807140","MIN",2,1,2,0,0,"",0,0,"dempr001","?","dempr001","?","zahng001","?","zahng001","?","wyneb001","carer001","randb101","wolfl101","smalr001","norww101","fordd001","riveb101","moraa101","","","64(1)/FO","F","F",2,9,2,"T","T",0,"F","F",1,"F","F",0,"F","F",6,"G","F","F","",0,0,"N",0,"N",0,"N",1,0,0,0,"","64","","","F","F","F","F","F","F","F","F","F","zahng001","","","F","F","F","F","F","","","","",0,4,0,0,6,0,0,0,0,20,"BAL","BAL","MIN",1,"F","T",0,0,0,8,3,"T","F",1,1,"T","T","belam101","dauer001","T","T",7,6,17,0,0,0,0,0,0,"wyneb001","","",0,0,0,0,0,0,0,0,0,0,0,0,0,"smalr001","T","F","F","F",0,0,0,0,0,0,0,0,0,0,F,F,"1978BAL.EVA.regular.event.csv",2946
"BAL197807140","MIN",3,0,0,0,0,"",0,0,"randb101","?","randb101","?","mcgrs001","?","mcgrs001","?","dempr001","murre001","dauer001","decid001","belam101","moraa101","lopec101","singk001","","","","8","T","F",4,9,2,"T","T",0,"F","F",1,"F","F",0,"F","F",8,"F","F","F","",0,0,"N",0,"N",0,"N",0,0,0,0,"8","","","","F","F","F","F","F","F","F","F","F","","","","F","F","F","F","F","","","","",0,8,0,0,0,0,0,0,0,21,"BAL","MIN","BAL",0,"T","F",0,0,0,8,0,"T","F",0,0,"T","T","norww101","carer001","T","T",0,0,0,0,0,0,0,0,0,"","","",0,0,0,0,0,0,0,0,0,0,0,0,0,"lopec101","F","F","F","F",0,0,0,0,0,0,0,0,0,0,F,F,"1978BAL.EVA.regular.event.csv",2947
"BAL197807140","MIN",3,0,1,0,0,"",0,0,"norww101","?","norww101","?","mcgrs001","?","mcgrs001","?","dempr001","murre001","dauer001","decid001","belam101","moraa101","lopec101","singk001","","","","S7","F","F",7,1,20,"T","T",1,"F","F",0,"F","F",0,"F","F",7,"","F","F","",0,0,"N",0,"N",0,"N",1,0,0,0,"","","","","F","F","F","F","F","F","F","F","F","","","","F","F","F","F","F","","","","",0,0,0,0,0,0,0,0,0,22,"BAL","MIN","BAL",0,"F","F",0,0,0,9,1,"T","F",0,1,"T","T","carer001","fordd001","T","T",0,0,0,0,0,0,0,0,0,"","","",0,0,0,0,0,0,0,0,0,0,0,0,0,"moraa101","F","F","F","F",0,0,0,0,0,0,0,0,0,0,F,F,"1978BAL.EVA.regular.event.csv",2948
"BAL197807140","MIN",3,0,1,0,0,"",0,0,"carer001","?","carer001","?","mcgrs001","?","mcgrs001","?","dempr001","murre001","dauer001","decid001","belam101","moraa101","lopec101","singk001","norww101","","","CS2(24)","F","F",3,2,6,"F","F",0,"F","F",1,"F","F",0,"F","F",0,"","F","F","",0,0,"N",0,"N",0,"N",0,0,0,0,"","24","","","F","F","F","T","F","F","F","F","F","mcgrs001","","","F","F","F","F","F","","","","",0,4,0,0,2,0,0,0,0,23,"BAL","MIN","BAL",0,"F","F",0,0,0,10,2,"T","F",1,0,"T","T","fordd001","riveb101","T","T",7,1,22,0,0,0,0,0,0,"dempr001","","",0,0,0,0,0,0,0,0,0,0,0,0,0,"","F","F","F","F",0,0,0,0,0,0,0,0,0,0,F,F,"1978BAL.EVA.regular.event.csv",2949
"BAL197807140","MIN",3,0,2,0,0,"",0,0,"carer001","?","carer001","?","mcgrs001","?","mcgrs001","?","dempr001","murre001","dauer001","decid001","belam101","moraa101","lopec101","singk001","","","","7","F","F",3,2,2,"T","T",0,"F","F",1,"F","F",0,"F","F",7,"F","F","F","",0,0,"N",0,"N",0,"N",0,0,0,0,"7","","","","F","F","F","F","F","F","F","F","F","","","","F","F","F","F","F","","","","",0,7,0,0,0,0,0,0,0,24,"BAL","MIN","BAL",0,"F","T",0,0,0,10,2,"F","F",0,0,"T","T","fordd001","riveb101","T","T",0,0,0,0,0,0,0,0,0,"","","",0,0,0,0,0,0,0,0,0,0,0,0,0,"moraa101","F","F","F","F",0,0,0,0,0,0,0,0,0,0,F,F,"1978BAL.EVA.regular.event.csv",2950
"BAL197807140","MIN",3,1,0,0,0,"",0,0,"belam101","?","belam101","?","zahng001","?","zahng001","?","wyneb001","carer001","randb101","wolfl101","smalr001","norww101","fordd001","riveb101","","","","3/FL","T","F",6,1,2,"T","T",0,"F","F",1,"F","F",0,"F","F",3,"F","F","T","",0,0,"N",0,"N",0,"N",0,0,0,0,"3","","","","F","F","F","F","F","F","F","F","F","","","","F","F","F","F","F","","","","",0,3,0,0,0,0,0,0,0,25,"BAL","BAL","MIN",1,"T","F",0,0,0,9,0,"T","F",0,0,"T","T","dauer001","singk001","T","T",0,0,0,0,0,0,0,0,0,"","","",0,0,0,0,0,0,0,0,0,0,0,0,0,"carer001","F","F","F","F",0,0,0,0,0,0,0,0,0,0,F,F,"1978BAL.EVA.regular.event.csv",2951
"BAL197807140","MIN",3,1,1,0,0,"",0,0,"dauer001","?","dauer001","?","zahng001","?","zahng001","?","wyneb001","carer001","randb101","wolfl101","smalr001","norww101","fordd001","riveb101","","","","53","F","F",4,2,2,"T","T",0,"F","F",1,"F","F",0,"F","F",5,"G","F","F","",0,0,"N",0,"N",0,"N",0,0,0,0,"53","","","","F","F","F","F","F","F","F","F","F","","","","F","F","F","F","F","","","","",0,3,0,0,5,0,0,0,0,26,"BAL","BAL","MIN",1,"F","F",0,0,0,10,1,"T","F",0,0,"T","T","singk001","murre001","T","T",0,0,0,0,0,0,0,0,0,"","","",0,0,0,0,0,0,0,0,0,0,0,0,0,"wolfl101","F","F","F","F",0,0,0,0,0,0,0,0,0,0,F,F,"1978BAL.EVA.regular.event.csv",2952
"BAL197807140","MIN",3,1,2,0,0,"",0,0,"singk001","?","singk001","?","zahng001","?","zahng001","?","wyneb001","carer001","randb101","wolfl101","smalr001","norww101","fordd001","riveb101","","","","W","F","F",9,3,14,"T","F",0,"F","F",0,"F","F",0,"F","F",0,"","F","F","",0,0,"N",0,"N",0,"N",1,0,0,0,"","","","","F","F","F","F","F","F","F","F","F","","","","F","F","F","F","F","","","","",0,0,0,0,0,0,0,0,0,27,"BAL","BAL","MIN",1,"F","F",0,0,0,11,2,"T","F",0,1,"T","T","murre001","may-l101","T","T",0,0,0,0,0,0,0,0,0,"","","",0,0,0,0,0,0,0,0,0,0,0,0,0,"","F","F","F","F",0,0,0,0,0,0,0,0,0,0,F,F,"1978BAL.EVA.regular.event.csv",2953
"BAL197807140","MIN",3,1,2,0,0,"",0,0,"murre001","?","murre001","?","zahng001","?","zahng001","?","wyneb001","carer001","randb101","wolfl101","smalr001","norww101","fordd001","riveb101","singk001","","","S7.1-2","F","F",3,4,20,"T","T",1,"F","F",0,"F","F",0,"F","F",7,"","F","F","",0,0,"N",0,"N",0,"N",1,2,0,0,"","","","","F","F","F","F","F","F","F","F","F","zahng001","","","F","F","F","F","F","","","","",0,0,0,0,0,0,0,0,0,28,"BAL","BAL","MIN",1,"F","F",0,0,0,12,3,"T","F",1,3,"T","T","may-l101","moraa101","T","T",9,3,27,0,0,0,0,0,0,"wyneb001","","",0,0,0,0,0,0,0,0,0,0,0,0,0,"norww101","F","F","F","F",0,0,0,0,0,0,0,0,0,0,F,F,"1978BAL.EVA.regular.event.csv",2954
"BAL197807140","MIN",3,1,2,0,0,"",0,0,"may-l101","?","may-l101","?","zahng001","?","zahng001","?","wyneb001","carer001","randb101","wolfl101","smalr001","norww101","fordd001","riveb101","murre001","singk001","","7","F","F",10,5,2,"T","T",0,"F","F",1,"F","F",0,"F","F",7,"F","F","F","",0,0,"N",0,"N",0,"N",0,1,2,0,"7","","","","F","F","F","F","F","F","F","F","F","zahng001","zahng001","","F","F","F","F","F","","","","",0,7,0,0,0,0,0,0,0,29,"BAL","BAL","MIN",1,"F","T",0,0,0,13,4,"T","F",3,3,"T","T","moraa101","decid001","T","T",3,4,28,9,3,27,0,0,0,"wyneb001","wyneb001","",0,0,0,0,0,0,0,0,0,0,0,0,0,"norww101","F","F","F","F",0,0,0,0,0,0,0,0,0,0,F,F,"1978BAL.EVA.regular.event.csv",2955
"BAL197807140","MIN",4,0,0,0,0,"",0,0,"fordd001","?","fordd001","?","mcgrs001","?","mcgrs001","?","dempr001","murre001","dauer001","decid001","belam101","moraa101","lopec101","singk001","","","","53","T","F",8,3,2,"T","T",0,"F","F",1,"F","F",0,"F","F",5,"G","F","F","",0,0,"N",0,"N",0,"N",0,0,0,0,"53","","","","F","F","F","F","F","F","F","F","F","","","","F","F","F","F","F","","","","",0,3,0,0,5,0,0,0,0,30,"BAL","MIN","BAL",0,"T","F",0,0,0,11,0,"T","F",0,0,"T","T","riveb101","moraj001","T","T",0,0,0,0,0,0,0,0,0,"","","",0,0,0,0,0,0,0,0,0,0,0,0,0,"decid001","F","F","F","F",0,0,0,0,0,0,0,0,0,0,F,F,"1978BAL.EVA.regular.event.csv",2956
"BAL197807140","MIN",4,0,1,0,0,"",0,0,"riveb101","?","riveb101","?","mcgrs001","?","mcgrs001","?","dempr001","murre001","dauer001","decid001","belam101","moraa101","lopec101","singk001","","","","S7/L","F","F",9,4,20,"T","T",1,"F","F",0,"F","F",0,"F","F",7,"L","F","F","",0,0,"N",0,"N",0,"N",1,0,0,0,"","","","","F","F","F","F","F","F","F","F","F","","","","F","F","F","F","F","","","","",0,0,0,0,0,0,0,0,0,31,"BAL","MIN","BAL",0,"F","F",0,0,0,12,1,"T","F",0,1,"T","T","moraj001","smalr001","T","T",0,0,0,0,0,0,0,0,0,"","","",0,0,0,0,0,0,0,0,0,0,0,0,0,"moraa101","F","F","F","F",0,0,0,0,0,0,0,0,0,0,F,F,"1978BAL.EVA.regular.event.csv",2957
"BAL197807140","MIN",4,0,1,0,0,"",0,0,"moraj001","?","moraj001","?","mcgrs001","?","mcgrs001","?","dempr001","murre001","dauer001","decid001","belam101","moraa101","lopec101","singk001","riveb101","","","54(1)3/GDP","F","F",10,5,2,"T","T",0,"F","F",2,"T","F",0,"F","F",5,"G","F","F","",0,0,"N",0,"N",0,"N",0,0,0,0,"43","54","","","F","F","F","F","F","F","F","F","F","mcgrs001","","","F","F","F","F","F","","","","",0,4,3,0,5,4,0,0,0,32,"BAL","MIN","BAL",0,"F","T",0,0,0,13,2,"T","F",1,0,"T","T","smalr001","wyneb001","T","T",9,4,31,0,0,0,0,0,0,"dempr001","","",0,0,0,0,0,0,0,0,0,0,0,0,0,"decid001","T","F","F","F",0,0,0,0,0,0,0,0,0,0,F,F,"1978BAL.EVA.regular.event.csv",2958
"BAL197807140","MIN",4,1,0,0,0,"",0,0,"moraa101","?","moraa101","?","zahng001","?","zahng001","?","wyneb001","carer001","randb101","wolfl101","smalr001","norww101","fordd001","riveb101","","","","1","T","F",7,6,2,"T","T",0,"F","F",1,"F","F",0,"F","F",1,"F","F","F","",0,0,"N",0,"N",0,"N",0,0,0,0,"1","","","","F","F","F","F","F","F","F","F","F","","","","F","F","F","F","F","","","","",0,1,0,0,0,0,0,0,0,33,"BAL","BAL","MIN",1,"T","F",0,0,0,14,0,"T","F",0,0,"T","T","decid001","lopec101","T","T",0,0,0,0,0,0,0,0,0,"","","",0,0,0,0,0,0,0,0,0,0,0,0,0,"zahng001","F","F","F","F",0,0,0,0,0,0,0,0,0,0,F,F,"1978BAL.EVA.regular.event.csv",2959
"BAL197807140","MIN",4,1,1,0,0,"",0,0,"decid001","?","decid001","?","zahng001","?","zahng001","?","wyneb001","carer001","randb101","wolfl101","smalr001","norww101","fordd001","riveb101","","","","53","F","F",5,7,2,"T","T",0,"F","F",1,"F","F",0,"F","F",5,"G","F","F","",0,0,"N",0,"N",0,"N",0,0,0,0,"53","","","","F","F","F","F","F","F","F","F","F","","","","F","F","F","F","F","","","","",0,3,0,0,5,0,0,0,0,34,"BAL","BAL","MIN",1,"F","F",0,0,0,15,1,"T","F",0,0,"T","T","lopec101","dempr001","T","T",0,0,0,0,0,0,0,0,0,"","","",0,0,0,0,0,0,0,0,0,0,0,0,0,"wolfl101","F","F","F","F",0,0,0,0,0,0,0,0,0,0,F,F,"1978BAL.EVA.regular.event.csv",2960
"BAL197807140","MIN",4,1,2,0,0,"",0,0,"lopec101","?","lopec101","?","zahng001","?","zahng001","?","wyneb001","carer001","randb101","wolfl101","smalr001","norww101","fordd001","riveb101","","","","S7","F","F",8,8,20,"T","T",1,"F","F",0,"F","F",0,"F","F",7,"","F","F","",0,0,"N",0,"N",0,"N",1,0,0,0,"","","","","F","F","F","F","F","F","F","F","F","","","","F","F","F","F","F","","","","",0,0,0,0,0,0,0,0,0,35,"BAL","BAL","MIN",1,"F","F",0,0,0,16,2,"T","F",0,1,"T","T","dempr001","belam101","T","T",0,0,0,0,0,0,0,0,0,"","","",0,0,0,0,0,0,0,0,0,0,0,0,0,"norww101","F","F","F","F",0,0,0,0,0,0,0,0,0,0,F,F,"1978BAL.EVA.regular.event.csv",2961
"BAL197807140","MIN",4,1,2,0,0,"",0,0,"dempr001","?","dempr001","?","zahng001","?","zahng001","?","wyneb001","carer001","randb101","wolfl101","smalr001","norww101","fordd001","riveb101","lopec101","","","CS2(26)","F","F",2,9,6,"F","F",0,"F","F",1,"F","F",0,"F","F",0,"","F","F","",0,0,"N",0,"N",0,"N",0,0,0,0,"","26","","","F","F","F","T","F","F","F","F","F","zahng001","","","F","F","F","F","F","","","","",0,6,0,0,2,0,0,0,0,36,"BAL","BAL","MIN",1,"F","T",0,0,0,17,3,"T","T",1,0,"T","T","belam101","dauer001","T","T",8,8,35,0,0,0,0,0,0,"wyneb001","","",0,0,0,0,0,0,0,0,0,0,0,0,0,"","F","F","F","F",0,0,0,0,0,0,0,0,0,0,F,F,"1978BAL.EVA.regular.event.csv",2962
"BAL197807140","MIN",5,0,0,0,0,"",0,0,"smalr001","?","smalr001","?","mcgrs001","?","mcgrs001","?","dempr001","murre001","dauer001","decid001","belam101","moraa101","lopec101","singk001","","","","5/FL","T","F",6,6,2,"T","T",0,"F","F",1,"F","F",0,"F","F",5,"F","F","T","",0,0,"N",0,"N",0,"N",0,0,0,0,"5","","","","F","F","F","F","F","F","F","F","F","","","","F","F","F","F","F","","","","",0,5,0,0,0,0,0,0,0,37,"BAL","MIN","BAL",0,"T","F",0,0,0,14,0,"T","F",0,0,"T","T","wyneb001","wolfl101","T","T",0,0,0,0,0,0,0,0,0,"","","",0,0,0,0,0,0,0,0,0,0,0,0,0,"decid001","F","F","F","F",0,0,0,0,0,0,0,0,0,0,F,F,"1978BAL.EVA.regular.event.csv",2963
"BAL197807140","MIN",5,0,1,0,0,"",0,0,"wyneb001","?","wyneb001","?","mcgrs001","?","mcgrs001","?","dempr001","murre001","dauer001","decid001","belam101","moraa101","lopec101","singk001","","","","3/FL","F","F",2,7,2,"T","T",0,"F","F",1,"F","F",0,"F","F",3,"F","F","T","",0,0,"N",0,"N",0,"N",0,0,0,0,"3","","","","F","F","F","F","F","F","F","F","F","","","","F","F","F","F","F","","","","",0,3,0,0,0,0,0,0,0,38,"BAL","MIN","BAL",0,"F","F",0,0,0,15,1,"T","F",0,0,"T","T","wolfl101","randb101","T","T",0,0,0,0,0,0,0,0,0,"","","",0,0,0,0,0,0,0,0,0,0,0,0,0,"murre001","F","F","F","F",0,0,0,0,0,0,0,0,0,0,F,F,"1978BAL.EVA.regular.event.csv",2964
"BAL197807140","MIN",5,0,2,0,0,"",0,0,"wolfl101","?","wolfl101","?","mcgrs001","?","mcgrs001","?","dempr001","murre001","dauer001","decid001","belam101","moraa101","lopec101","singk001","","","","63","F","F",5,8,2,"T","T",0,"F","F",1,"F","F",0,"F","F",6,"G","F","F","",0,0,"N",0,"N",0,"N",0,0,0,0,"63","","","","F","F","F","F","F","F","F","F","F","","","","F","F","F","F","F","","","","",0,3,0,0,6,0,0,0,0,39,"BAL","MIN","BAL",0,"F","T",0,0,0,16,2,"T","F",0,0,"T","T","randb101","norww101","T","T",0,0,0,0,0,0,0,0,0,"","","",0,0,0,0,0,0,0,0,0,0,0,0,0,"belam101","F","F","F","F",0,0,0,0,0,0,0,0,0,0,F,F,"1978BAL.EVA.regular.event.csv",2965
"BAL197807140","MIN",5,1,0,0,0,"",0,0,"dempr001","?","dempr001","?","zahng001","?","zahng001","?","wyneb001","carer001","randb101","wolfl101","smalr001","norww101","fordd001","riveb101","","","","S9","T","F",2,9,20,"T","T",1,"F","F",0,"F","F",0,"F","F",9,"","F","F","",0,0,"N",0,"N",0,"N",1,0,0,0,"","","","","F","F","F","F","F","F","F","F","F","","","","F","F","F","F","F","","","","",0,0,0,0,0,0,0,0,0,40,"BAL","BAL","MIN",1,"T","F",0,0,0,17,0,"T","F",0,1,"T","T","belam101","dauer001","T","T",0,0,0,0,0,0,0,0,0,"","","",0,0,0,0,0,0,0,0,0,0,0,0,0,"riveb101","F","F","F","F",5,0,0,0,4,0,0,0,0,0,F,F,"1978BAL.EVA.regular.event.csv",2966
"BAL197807140","MIN",5,1,0,0,0,"",0,0,"belam101","?","belam101","?","zahng001","?","zahng001","?","wyneb001","carer001","randb101","wolfl101","smalr001","norww101","fordd001","riveb101","dempr001","","","D7.1XH(7E2)(UR)","F","F",6,1,21,"T","T",2,"F","F",0,"F","F",0,"F","F",7,"","F","F","",1,2,"D",0,"N",0,"N",2,5,0,0,"","7E2","","","F","F","F","F","F","F","F","F","F","zahng001","","","F","F","F","F","F","","","","",0,0,0,0,7,0,0,0,0,41,"BAL","BAL","MIN",1,"F","F",0,0,0,18,1,"T","F",1,2,"T","T","dauer001","singk001","T","T",2,9,40,0,0,0,0,0,0,"wyneb001","","",0,0,0,0,0,0,0,0,0,0,0,0,1,"norww101","F","F","F","F",4,5,0,0,3,0,0,0,0,0,F,F,"1978BAL.EVA.regular.event.csv",2967
"BAL197807140","MIN",5,1,0,0,0,"",0,1,"dauer001","?","dauer001","?","zahng001","?","zahng001","?","wyneb001","carer001","randb101","wolfl101","smalr001","norww101","fordd001","riveb101","","belam101","","43.2-3","F","F",4,2,2,"T","T",0,"F","F",1,"F","F",0,"F","F",4,"G","F","F","",0,0,"N",0,"N",0,"N",0,0,3,0,"43","","","","F","F","F","F","F","F","F","F","F","","zahng001","","F","F","F","F","F","","","","",0,3,0,0,4,0,0,0,0,42,"BAL","BAL","MIN",1,"F","F",1,0,1,19,2,"T","F",2,4,"T","T","singk001","murre001","T","T",0,0,0,6,1,41,0,0,0,"","wyneb001","",0,0,0,0,0,0,0,0,0,0,0,0,0,"randb101","F","F","F","F",0,0,4,0,3,0,0,0,0,0,F,F,"1978BAL.EVA.regular.event.csv",2968
"BAL197807140","MIN",5,1,1,0,0,"",0,1,"singk001","?","singk001","?","zahng001","?","zahng001","?","wyneb001","carer001","randb101","wolfl101","smalr001","norww101","fordd001","riveb101","","","belam101","S5.3-H","F","F",9,3,20,"T","T",1,"F","F",0,"F","F",1,"F","F",5,"","F","F","",0,0,"N",0,"N",0,"N",1,0,0,4,"","","","","F","F","F","F","F","F","F","F","F","","","zahng001","F","F","F","F","F","","","","",0,0,0,0,0,0,0,0,0,43,"BAL","BAL","MIN",1,"F","F",1,0,1,20,3,"T","F",4,1,"T","T","murre001","may-l101","T","T",0,0,0,0,0,0,6,1,41,"","","wyneb001",0,0,0,0,0,0,0,0,0,0,0,0,1,"wolfl101","F","F","F","F",5,0,0,4,2,0,0,0,0,0,F,F,"1978BAL.EVA.regular.event.csv",2969
"BAL197807140","MIN",5,1,1,0,0,"",0,2,"murre001","?","murre001","?","zahng001","?","zahng001","?","wyneb001","carer001","randb101","wolfl101","smalr001","norww101","fordd001","riveb101","singk001","","","D9.1-3","F","F",3,4,21,"T","T",2,"F","F",0,"F","F",0,"F","F",9,"","F","F","",0,0,"N",0,"N",0,"N",2,3,0,0,"","","","","F","F","F","F","F","F","F","F","F","zahng001","","","F","F","F","F","F","","","","",0,0,0,0,0,0,0,0,0,44,"BAL","BAL","MIN",1,"F","F",2,0,2,21,4,"T","F",1,6,"T","T","may-l101","moraa101","T","T",9,3,43,0,0,0,0,0,0,"wyneb001","","",0,0,0,0,0,0,0,0,0,0,0,0,0,"riveb101","F","F","F","F",5,5,0,0,2,0,0,0,0,0,F,F,"1978BAL.EVA.regular.event.csv",2970
"BAL197807140","MIN",5,1,1,0,0,"",0,2,"may-l101","?","may-l101","?","zahng001","?","zahng001","?","wyneb001","carer001","randb101","wolfl101","smalr001","norww101","fordd001","riveb101","","murre001","singk001","2/FL","F","F",10,5,2,"T","T",0,"F","F",1,"F","F",0,"F","F",2,"F","F","T","",0,0,"N",0,"N",0,"N",0,0,2,3,"2","","","","F","F","F","F","F","F","F","F","F","","zahng001","zahng001","F","F","F","F","F","","","","",0,2,0,0,0,0,0,0,0,45,"BAL","BAL","MIN",1,"F","F",2,0,2,22,5,"T","F",6,6,"T","T","moraa101","decid001","T","T",0,0,0,3,4,44,9,3,43,"","wyneb001","wyneb001",0,0,0,0,0,0,0,0,0,0,0,0,0,"wyneb001","F","F","F","F",0,0,5,5,2,0,0,0,0,0,F,F,"1978BAL.EVA.regular.event.csv",2971
"BAL197807140","MIN",5,1,2,0,0,"",0,2,"moraa101","?","moraa101","?","zahng001","?","zahng001","?","wyneb001","carer001","randb101","wolfl101","smalr001","norww101","fordd001","riveb101","","murre001","singk001","W","F","F",7,6,14,"T","F",0,"F","F",0,"F","F",0,"F","F",0,"","F","F","",0,0,"N",0,"N",0,"N",1,0,2,3,"","","","","F","F","F","F","F","F","F","F","F","","zahng001","zahng001","F","F","F","F","F","","","","",0,0,0,0,0,0,0,0,0,46,"BAL","BAL","MIN",1,"F","F",2,0,2,23,6,"T","F",6,7,"T","T","decid001","lopec101","T","T",0,0,0,3,4,44,9,3,43,"","wyneb001","wyneb001",0,0,0,0,0,0,0,0,0,0,0,0,0,"","F","F","F","F",0,0,5,5,2,0,0,0,0,0,F,F,"1978BAL.EVA.regular.event.csv",2972
"BAL197807140","MIN",5,1,2,0,0,"",0,2,"decid001","?","decid001","?","zahng001","?","zahng001","?","wyneb001","carer001","randb101","wolfl101","smalr001","norww101","fordd001","riveb101","moraa101","murre001","singk001","D7.3-H(UR);2-H(UR);1-3","F","F",5,7,21,"T","T",2,"F","F",0,"F","F",2,"F","F",7,"","F","F","",0,0,"N",0,"N",0,"N",2,3,5,5,"","","","","F","F","F","F","F","F","F","F","F","zahng001","zahng001","zahng001","F","F","F","F","F","","","","",0,0,0,0,0,0,0,0,0,47,"BAL","BAL","MIN",1,"F","F",2,0,2,24,7,"T","F",7,6,"T","T","lopec101","dempr001","T","T",7,6,46,3,4,44,9,3,43,"wyneb001","wyneb001","wyneb001",0,0,0,0,0,0,0,0,0,0,0,0,2,"norww101","F","F","F","F",0,0,5,5,0,0,0,0,0,0,F,F,"1978BAL.EVA.regular.event.csv",2973
"BAL197807140","MIN",5,1,2,0,0,"",0,4,"lopec101","?","lopec101","?","harrr102","?","harrr102","?","wyneb001","carer001","randb101","wolfl101","smalr001","norww101","fordd001","riveb101","","decid001","moraa101","9","F","F",8,8,2,"T","T",0,"F","F",1,"F","F",0,"F","F",9,"F","F","F","",0,0,"N",0,"N",0,"N",0,0,2,3,"9","","","","F","F","F","F","F","F","F","F","F","","zahng001","zahng001","F","F","F","F","F","","","","",0,9,0,0,0,0,0,0,0,48,"BAL","BAL","MIN",1,"F","T",4,0,4,25,8,"T","F",6,6,"T","T","dempr001","belam101","F","F",0,0,0,5,7,47,7,6,46,"","wyneb001","wyneb001",0,0,0,0,0,0,0,0,0,0,0,0,0,"riveb101","F","F","F","F",0,0,0,0,0,0,0,0,0,0,F,F,"1978BAL.EVA.regular.event.csv",2974
"BAL197807140","MIN",6,0,0,0,0,"",0,4,"randb101","?","randb101","?","mcgrs001","?","mcgrs001","?","dempr001","murre001","dauer001","decid001","belam101","moraa101","lopec101","singk001","","","","5/FL","T","F",4,9,2,"T","T",0,"F","F",1,"F","F",0,"F","F",5,"F","F","T","",0,0,"N",0,"N",0,"N",0,0,0,0,"5","","","","F","F","F","F","F","F","F","F","F","","","","F","F","F","F","F","","","","",0,5,0,0,0,0,0,0,0,49,"BAL","MIN","BAL",0,"T","F",0,4,0,17,0,"T","F",0,0,"T","T","norww101","carer001","T","T",0,0,0,0,0,0,0,0,0,"","","",0,0,0,0,0,0,0,0,0,0,0,0,0,"decid001","F","F","F","F",0,0,0,0,0,0,0,0,0,0,F,F,"1978BAL.EVA.regular.event.csv",2975
"BAL197807140","MIN",6,0,1,0,0,"",0,4,"norww101","?","norww101","?","mcgrs001","?","mcgrs001","?","dempr001","murre001","dauer001","decid001","belam101","moraa101","lopec101","singk001","","","","8","F","F",7,1,2,"T","T",0,"F","F",1,"F","F",0,"F","F",8,"F","F","F","",0,0,"N",0,"N",0,"N",0,0,0,0,"8","","","","F","F","F","F","F","F","F","F","F","","","","F","F","F","F","F","","","","",0,8,0,0,0,0,0,0,0,50,"BAL","MIN","BAL",0,"F","F",0,4,0,18,1,"T","F",0,0,"T","T","carer001","fordd001","T","T",0,0,0,0,0,0,0,0,0,"","","",0,0,0,0,0,0,0,0,0,0,0,0,0,"lopec101","F","F","F","F",0,0,0,0,0,0,0,0,0,0,F,F,"1978BAL.EVA.regular.event.csv",2976
"BAL197807140","MIN",6,0,2,0,0,"",0,4,"carer001","?","carer001","?","mcgrs001","?","mcgrs001","?","dempr001","murre001","dauer001","decid001","belam101","moraa101","lopec101","singk001","","","","53","F","F",3,2,2,"T","T",0,"F","F",1,"F","F",0,"F","F",5,"G","F","F","",0,0,"N",0,"N",0,"N",0,0,0,0,"53","","","","F","F","F","F","F","F","F","F","F","","","","F","F","F","F","F","","","","",0,3,0,0,5,0,0,0,0,51,"BAL","MIN","BAL",0,"F","T",0,4,0,19,2,"T","F",0,0,"T","T","fordd001","riveb101","T","T",0,0,0,0,0,0,0,0,0,"","","",0,0,0,0,0,0,0,0,0,0,0,0,0,"decid001","F","F","F","F",0,0,0,0,0,0,0,0,0,0,F,F,"1978BAL.EVA.regular.event.csv",2977
"BAL197807140","MIN",6,1,0,0,0,"",0,4,"dempr001","?","dempr001","?","harrr102","?","harrr102","?","wyneb001","carer001","randb101","wolfl101","smalr001","norww101","fordd001","riveb101","","","","8","T","F",2,9,2,"T","T",0,"F","F",1,"F","F",0,"F","F",8,"F","F","F","",0,0,"N",0,"N",0,"N",0,0,0,0,"8","","","","F","F","F","F","F","F","F","F","F","","","","F","F","F","F","F","","","","",0,8,0,0,0,0,0,0,0,52,"BAL","BAL","MIN",1,"T","F",4,0,0,26,0,"T","F",0,0,"T","T","belam101","dauer001","F","F",0,0,0,0,0,0,0,0,0,"","","",0,0,0,0,0,0,0,0,0,0,0,0,0,"fordd001","F","F","F","F",0,0,0,0,0,0,0,0,0,0,F,F,"1978BAL.EVA.regular.event.csv",2978
"BAL197807140","MIN",6,1,1,0,0,"",0,4,"belam101","?","belam101","?","harrr102","?","harrr102","?","wyneb001","carer001","randb101","wolfl101","smalr001","norww101","fordd001","riveb101","","","","8","F","F",6,1,2,"T","T",0,"F","F",1,"F","F",0,"F","F",8,"F","F","F","",0,0,"N",0,"N",0,"N",0,0,0,0,"8","","","","F","F","F","F","F","F","F","F","F","","","","F","F","F","F","F","","","","",0,8,0,0,0,0,0,0,0,53,"BAL","BAL","MIN",1,"F","F",4,0,0,27,1,"T","F",0,0,"T","T","dauer001","singk001","F","F",0,0,0,0,0,0,0,0,0,"","","",0,0,0,0,0,0,0,0,0,0,0,0,0,"fordd001","F","F","F","F",0,0,0,0,0,0,0,0,0,0,F,F,"1978BAL.EVA.regular.event.csv",2979
"BAL197807140","MIN",6,1,2,0,0,"",0,4,"dauer001","?","dauer001","?","harrr102","?","harrr102","?","wyneb001","carer001","randb101","wolfl101","smalr001","norww101","fordd001","riveb101","","","","9","F","F",4,2,2,"T","T",0,"F","F",1,"F","F",0,"F","F",9,"F","F","F","",0,0,"N",0,"N",0,"N",0,0,0,0,"9","","","","F","F","F","F","F","F","F","F","F","","","","F","F","F","F","F","","","","",0,9,0,0,0,0,0,0,0,54,"BAL","BAL","MIN",1,"F","T",4,0,0,28,2,"T","F",0,0,"T","T","singk001","murre001","F","F",0,0,0,0,0,0,0,0,0,"","","",0,0,0,0,0,0,0,0,0,0,0,0,0,"riveb101","F","F","F","F",0,0,0,0,0,0,0,0,0,0,F,F,"1978BAL.EVA.regular.event.csv",2980
"BAL197807140","MIN",7,0,0,0,0,"",0,4,"fordd001","?","fordd001","?","mcgrs001","?","mcgrs001","?","dempr001","murre001","dauer001","decid001","belam101","moraa101","lopec101","singk001","","","","D9","T","F",8,3,21,"T","T",2,"F","F",0,"F","F",0,"F","F",9,"","F","F","",0,0,"N",0,"N",0,"N",2,0,0,0,"","","","","F","F","F","F","F","F","F","F","F","","","","F","F","F","F","F","","","","",0,0,0,0,0,0,0,0,0,55,"BAL","MIN","BAL",0,"T","F",0,4,0,20,0,"T","F",0,2,"T","T","riveb101","moraj001","T","T",0,0,0,0,0,0,0,0,0,"","","",0,0,0,0,0,0,0,0,0,0,0,0,0,"singk001","F","F","F","F",4,0,0,0,1,0,0,0,0,0,F,F,"1978BAL.EVA.regular.event.csv",2981
"BAL197807140","MIN",7,0,0,0,0,"",0,4,"riveb101","?","riveb101","?","mcgrs001","?","mcgrs001","?","dempr001","murre001","dauer001","decid001","belam101","moraa101","lopec101","singk001","","fordd001","","D9.2-3","F","F",9,4,21,"T","T",2,"F","F",0,"F","F",0,"F","F",9,"","F","F","",0,0,"N",0,"N",0,"N",2,0,3,0,"","","","","F","F","F","F","F","F","F","F","F","","mcgrs001","","F","F","F","F","F","","","","",0,0,0,0,0,0,0,0,0,56,"BAL","MIN","BAL",0,"F","F",0,4,0,21,1,"T","F",2,6,"T","T","moraj001","smalr001","T","T",0,0,0,8,3,55,0,0,0,"","dempr001","",0,0,0,0,0,0,0,0,0,0,0,0,0,"singk001","F","F","F","F",0,0,4,0,1,0,0,0,0,0,F,F,"1978BAL.EVA.regular.event.csv",2982
"BAL197807140","MIN",7,0,0,0,0,"",0,4,"moraj001","?","moraj001","?","mcgrs001","?","mcgrs001","?","dempr001","murre001","dauer001","decid001","belam101","moraa101","lopec101","singk001","","riveb101","fordd001","9/SF.3-H","F","F",10,5,2,"T","F",0,"F","T",1,"F","F",1,"F","F",9,"F","F","F","",0,0,"N",0,"N",0,"N",0,0,2,4,"9","","","","F","F","F","F","F","F","F","F","F","","mcgrs001","mcgrs001","F","F","F","F","F","","","","",0,9,0,0,0,0,0,0,0,57,"BAL","MIN","BAL",0,"F","F",0,4,0,22,2,"T","F",6,2,"T","T","smalr001","wyneb001","T","T",0,0,0,9,4,56,8,3,55,"","dempr001","dempr001",0,0,0,0,0,0,0,0,0,0,0,0,1,"singk001","F","F","F","F",0,0,0,4,0,0,0,0,0,0,F,F,"1978BAL.EVA.regular.event.csv",2983
"BAL197807140","MIN",7,0,1,0,0,"",1,4,"smalr001","?","smalr001","?","mcgrs001","?","mcgrs001","?","dempr001","murre001","dauer001","decid001","belam101","moraa101","lopec101","singk001","","riveb101","","53","F","F",6,6,2,"T","T",0,"F","F",1,"F","F",0,"F","F",5,"G","F","F","",0,0,"N",0,"N",0,"N",0,0,2,0,"53","","","","F","F","F","F","F","F","F","F","F","","mcgrs001","","F","F","F","F","F","","","","",0,3,0,0,5,0,0,0,0,58,"BAL","MIN","BAL",0,"F","F",1,4,1,23,3,"T","F",2,2,"T","T","wyneb001","wolfl101","T","T",0,0,0,9,4,56,0,0,0,"","dempr001","",0,0,0,0,0,0,0,0,0,0,0,0,0,"decid001","F","F","F","F",0,0,0,0,0,0,0,0,0,0,F,F,"1978BAL.EVA.regular.event.csv",2984
"BAL197807140","MIN",7,0,2,0,0,"",1,4,"wyneb001","?","wyneb001","?","mcgrs001","?","mcgrs001","?","dempr001","murre001","dauer001","decid001","belam101","moraa101","lopec101","singk001","","riveb101","","43","F","F",2,7,2,"T","T",0,"F","F",1,"F","F",0,"F","F",4,"G","F","F","",0,0,"N",0,"N",0,"N",0,0,2,0,"43","","","","F","F","F","F","F","F","F","F","F","","mcgrs001","","F","F","F","F","F","","","","",0,3,0,0,4,0,0,0,0,59,"BAL","MIN","BAL",0,"F","T",1,4,1,24,4,"T","F",2,2,"T","T","wolfl101","randb101","T","T",0,0,0,9,4,56,0,0,0,"","dempr001","",0,0,0,0,0,0,0,0,0,0,0,0,0,"dauer001","F","F","F","F",0,0,0,0,0,0,0,0,0,0,F,F,"1978BAL.EVA.regular.event.csv",2985
"BAL197807140","MIN",7,1,0,0,0,"",1,4,"singk001","?","singk001","?","harrr102","?","harrr102","?","wyneb001","carer001","randb101","wolfl101","smalr001","norww101","fordd001","riveb101","","","","W","T","F",9,3,14,"T","F",0,"F","F",0,"F","F",0,"F","F",0,"","F","F","",0,0,"N",0,"N",0,"N",1,0,0,0,"","","","","F","F","F","F","F","F","F","F","F","","","","F","F","F","F","F","","","","",0,0,0,0,0,0,0,0,0,60,"BAL","BAL","MIN",1,"T","F",4,1,0,29,0,"T","F",0,1,"T","T","murre001","may-l101","F","F",0,0,0,0,0,0,0,0,0,"","","",0,0,0,0,0,0,0,0,0,0,0,0,0,"","F","F","F","F",4,0,0,0,1,0,0,0,0,0,F,F,"1978BAL.EVA.regular.event.csv",2986
"BAL197807140","MIN",7,1,0,0,0,"",1,4,"murre001","?","murre001","?","harrr102","?","harrr102","?","wyneb001","carer001","randb101","wolfl101","smalr001","norww101","fordd001","riveb101","harll101","","","7","F","F",3,4,2,"T","T",0,"F","F",1,"F","F",0,"F","F",7,"F","F","F","",0,0,"N",0,"N",0,"N",0,1,0,0,"7","","","","F","F","F","F","F","F","F","F","F","harrr102","","","F","F","T","F","F","singk001","","","",0,7,0,0,0,0,0,0,0,61,"BAL","BAL","MIN",1,"F","F",4,1,0,30,1,"T","F",1,1,"T","T","may-l101","moraa101","F","F",0,3,60,0,0,0,0,0,0,"wyneb001","","",0,0,0,0,0,0,0,0,0,0,0,0,0,"norww101","F","F","F","F",0,4,0,0,1,0,0,0,0,0,F,F,"1978BAL.EVA.regular.event.csv",2987
"BAL197807140","MIN",7,1,1,0,0,"",1,4,"may-l101","?","may-l101","?","harrr102","?","harrr102","?","wyneb001","carer001","randb101","wolfl101","smalr001","norww101","fordd001","riveb101","harll101","","","S8.1-3","F","F",10,5,20,"T","T",1,"F","F",0,"F","F",0,"F","F",8,"","F","F","",0,0,"N",0,"N",0,"N",1,3,0,0,"","","","","F","F","F","F","F","F","F","F","F","harrr102","","","F","F","F","F","F","","","","",0,0,0,0,0,0,0,0,0,62,"BAL","BAL","MIN",1,"F","F",4,1,0,31,2,"T","F",1,5,"T","T","moraa101","decid001","F","F",0,3,60,0,0,0,0,0,0,"wyneb001","","",0,0,0,0,0,0,0,0,0,0,0,0,0,"fordd001","F","F","F","F",2,4,0,0,1,0,0,0,0,0,F,F,"1978BAL.EVA.regular.event.csv",2988
"BAL197807140","MIN",7,1,1,0,0,"",1,4,"moraa101","?","moraa101","?","harrr102","?","harrr102","?","wyneb001","carer001","randb101","wolfl101","smalr001","norww101","fordd001","riveb101","may-l101","","harll101","K/C","F","F",7,6,3,"T","T",0,"F","F",1,"F","F",0,"F","F",0,"","F","F","",0,0,"N",0,"N",0,"N",0,1,0,3,"2","","","","F","F","F","F","F","F","F","F","F","harrr102","","harrr102","F","F","F","F","F","","","","",0,2,0,0,0,0,0,0,0,63,"BAL","BAL","MIN",1,"F","F",4,1,0,32,3,"T","F",5,5,"T","T","decid001","lopec101","F","F",10,5,62,0,0,0,0,3,60,"wyneb001","","wyneb001",0,0,0,0,0,0,0,0,0,0,0,0,0,"","F","F","F","F",0,2,0,4,1,0,0,0,0,0,F,F,"1978BAL.EVA.regular.event.csv",2989
"BAL197807140","MIN",7,1,2,0,0,"",1,4,"decid001","?","decid001","?","harrr102","?","harrr102","?","wyneb001","carer001","randb101","wolfl101","smalr001","norww101","fordd001","riveb101","may-l101","","harll101","S7.3-H;1-2","F","F",5,7,20,"T","T",1,"F","F",0,"F","F",1,"F","F",7,"","F","F","",0,0,"N",0,"N",0,"N",1,2,0,4,"","","","","F","F","F","F","F","F","F","F","F","harrr102","","harrr102","F","F","F","F","F","","","","",0,0,0,0,0,0,0,0,0,64,"BAL","BAL","MIN",1,"F","F",4,1,0,33,4,"T","F",5,3,"T","T","lopec101","dempr001","F","F",10,5,62,0,0,0,0,3,60,"wyneb001","","wyneb001",0,0,0,0,0,0,0,0,0,0,0,0,1,"norww101","F","F","F","F",1,2,0,4,0,0,0,0,0,0,F,F,"1978BAL.EVA.regular.event.csv",2990
"BAL197807140","MIN",7,1,2,0,0,"",1,5,"lopec101","?","lopec101","?","harrr102","?","harrr102","?","wyneb001","carer001","randb101","wolfl101","smalr001","norww101","fordd001","riveb101","decid001","may-l101","","43","F","F",8,8,2,"T","T",0,"F","F",1,"F","F",0,"F","F",4,"G","F","F","",0,0,"N",0,"N",0,"N",0,1,2,0,"43","","","","F","F","F","F","F","F","F","F","F","harrr102","harrr102","","F","F","F","F","F","","","","",0,3,0,0,4,0,0,0,0,65,"BAL","BAL","MIN",1,"F","T",5,1,1,34,5,"T","F",3,3,"T","T","dempr001","belam101","F","F",5,7,64,10,5,62,0,0,0,"wyneb001","wyneb001","",0,0,0,0,0,0,0,0,0,0,0,0,0,"randb101","F","F","F","F",0,1,2,0,0,0,0,0,0,0,F,F,"1978BAL.EVA.regular.event.csv",2991
"BAL197807140","MIN",8,0,0,0,0,"",1,5,"wolfl101","?","wolfl101","?","mcgrs001","?","mcgrs001","?","dempr001","murre001","dauer001","decid001","belam101","andem101","harll101","lopec101","","","","8","T","F",5,8,2,"T","T",0,"F","F",1,"F","F",0,"F","F",8,"F","F","F","",0,0,"N",0,"N",0,"N",0,0,0,0,"8","","","","F","F","F","F","F","F","F","F","F","","","","F","F","F","F","F","","","","",0,8,0,0,0,0,0,0,0,66,"BAL","MIN","BAL",0,"T","F",1,5,0,25,0,"T","F",0,0,"T","T","randb101","norww101","T","T",0,0,0,0,0,0,0,0,0,"","","",0,0,0,0,0,0,0,0,0,0,0,0,0,"harll101","F","F","F","F",0,0,0,0,0,0,0,0,0,0,F,F,"1978BAL.EVA.regular.event.csv",2992
"BAL197807140","MIN",8,0,1,0,0,"",1,5,"kusic101","?","kusic101","?","mcgrs001","?","mcgrs001","?","dempr001","murre001","dauer001","decid001","belam101","andem101","harll101","lopec101","","","","2/FL","F","T",11,9,2,"T","T",0,"F","F",1,"F","F",0,"F","F",2,"F","F","T","",0,0,"N",0,"N",0,"N",0,0,0,0,"2","","","","F","F","F","F","F","F","F","F","F","","","","F","F","F","F","F","","","","randb101",4,2,0,0,0,0,0,0,0,67,"BAL","MIN","BAL",0,"F","F",1,5,0,26,1,"T","F",0,0,"F","F","norww101","carer001","T","T",0,0,0,0,0,0,0,0,0,"","","",0,0,0,0,0,0,0,0,0,0,0,0,0,"dempr001","F","F","F","F",0,0,0,0,0,0,0,0,0,0,F,F,"1978BAL.EVA.regular.event.csv",2993
"BAL197807140","MIN",8,0,2,0,0,"",1,5,"norww101","?","norww101","?","mcgrs001","?","mcgrs001","?","dempr001","murre001","dauer001","decid001","belam101","andem101","harll101","lopec101","","","","S6","F","F",7,1,20,"T","T",1,"F","F",0,"F","F",0,"F","F",6,"","F","F","",0,0,"N",0,"N",0,"N",1,0,0,0,"","","","","F","F","F","F","F","F","F","F","F","","","","F","F","F","F","F","","","","",0,0,0,0,0,0,0,0,0,68,"BAL","MIN","BAL",0,"F","F",1,5,0,27,2,"T","F",0,1,"T","T","carer001","fordd001","T","T",0,0,0,0,0,0,0,0,0,"","","",0,0,0,0,0,0,0,0,0,0,0,0,0,"belam101","F","F","F","F",1,0,0,0,0,0,0,0,0,0,F,F,"1978BAL.EVA.regular.event.csv",2994
"BAL197807140","MIN",8,0,2,0,0,"",1,5,"carer001","?","carer001","?","mcgrs001","?","mcgrs001","?","dempr001","murre001","dauer001","decid001","belam101","andem101","harll101","lopec101","norww101","","","6","F","F",3,2,2,"T","T",0,"F","F",1,"F","F",0,"F","F",6,"F","F","F","",0,0,"N",0,"N",0,"N",0,1,0,0,"6","","","","F","F","F","F","F","F","F","F","F","mcgrs001","","","F","F","F","F","F","","","","",0,6,0,0,0,0,0,0,0,69,"BAL","MIN","BAL",0,"F","T",1,5,0,28,3,"T","F",1,1,"T","T","fordd001","riveb101","T","T",7,1,68,0,0,0,0,0,0,"dempr001","","",0,0,0,0,0,0,0,0,0,0,0,0,0,"belam101","F","F","F","F",0,1,0,0,0,0,0,0,0,0,F,F,"1978BAL.EVA.regular.event.csv",2995
"BAL197807140","MIN",8,1,0,0,0,"",1,5,"dempr001","?","dempr001","?","marsm101","?","marsm101","?","wyneb001","kusic101","carer001","wolfl101","smalr001","norww101","fordd001","riveb101","","","","8/L","T","F",2,9,2,"T","T",0,"F","F",1,"F","F",0,"F","F",8,"L","F","F","",0,0,"N",0,"N",0,"N",0,0,0,0,"8","","","","F","F","F","F","F","F","F","F","F","","","","F","F","F","F","F","","","","",0,8,0,0,0,0,0,0,0,70,"BAL","BAL","MIN",1,"T","F",5,1,0,35,0,"T","F",0,0,"T","T","belam101","dauer001","F","F",0,0,0,0,0,0,0,0,0,"","","",0,0,0,0,0,0,0,0,0,0,0,0,0,"fordd001","F","F","F","F",0,0,0,0,0,0,0,0,0,0,F,F,"1978BAL.EVA.regular.event.csv",2996
"BAL197807140","MIN",8,1,1,0,0,"",1,5,"belam101","?","belam101","?","marsm101","?","marsm101","?","wyneb001","kusic101","carer001","wolfl101","smalr001","norww101","fordd001","riveb101","","","","53","F","F",6,1,2,"T","T",0,"F","F",1,"F","F",0,"F","F",5,"G","F","F","",0,0,"N",0,"N",0,"N",0,0,0,0,"53","","","","F","F","F","F","F","F","F","F","F","","","","F","F","F","F","F","","","","",0,3,0,0,5,0,0,0,0,71,"BAL","BAL","MIN",1,"F","F",5,1,0,36,1,"T","F",0,0,"T","T","dauer001","harll101","F","F",0,0,0,0,0,0,0,0,0,"","","",0,0,0,0,0,0,0,0,0,0,0,0,0,"wolfl101","F","F","F","F",0,0,0,0,0,0,0,0,0,0,F,F,"1978BAL.EVA.regular.event.csv",2997
"BAL197807140","MIN",8,1,2,0,0,"",1,5,"dauer001","?","dauer001","?","marsm101","?","marsm101","?","wyneb001","kusic101","carer001","wolfl101","smalr001","norww101","fordd001","riveb101","","","","8","F","F",4,2,2,"T","T",0,"F","F",1,"F","F",0,"F","F",8,"F","F","F","",0,0,"N",0,"N",0,"N",0,0,0,0,"8","","","","F","F","F","F","F","F","F","F","F","","","","F","F","F","F","F","","","","",0,8,0,0,0,0,0,0,0,72,"BAL","BAL","MIN",1,"F","T",5,1,0,37,2,"T","F",0,0,"T","T","harll101","murre001","F","F",0,0,0,0,0,0,0,0,0,"","","",0,0,0,0,0,0,0,0,0,0,0,0,0,"fordd001","F","F","F","F",0,0,0,0,0,0,0,0,0,0,F,F,"1978BAL.EVA.regular.event.csv",2998
"BAL197807140","MIN",9,0,0,0,0,"",1,5,"fordd001","?","fordd001","?","mcgrs001","?","mcgrs001","?","dempr001","murre001","dauer001","decid001","belam101","andem101","harll101","lopec101","","","","4/L","T","F",8,3,2,"T","T",0,"F","F",1,"F","F",0,"F","F",4,"L","F","F","",0,0,"N",0,"N",0,"N",0,0,0,0,"4","","","","F","F","F","F","F","F","F","F","F","","","","F","F","F","F","F","","","","",0,4,0,0,0,0,0,0,0,73,"BAL","MIN","BAL",0,"T","F",1,5,0,29,0,"T","F",0,0,"T","T","riveb101","moraj001","T","T",0,0,0,0,0,0,0,0,0,"","","",0,0,0,0,0,0,0,0,0,0,0,0,0,"dauer001","F","F","F","F",0,0,0,0,0,0,0,0,0,0,F,F,"1978BAL.EVA.regular.event.csv",2999
"BAL197807140","MIN",9,0,1,0,0,"",1,5,"riveb101","?","riveb101","?","mcgrs001","?","mcgrs001","?","dempr001","murre001","dauer001","decid001","belam101","andem101","harll101","lopec101","","","","D9","F","F",9,4,21,"T","T",2,"F","F",0,"F","F",0,"F","F",9,"","F","F","",0,0,"N",0,"N",0,"N",2,0,0,0,"","","","","F","F","F","F","F","F","F","F","F","","","","F","F","F","F","F","","","","",0,0,0,0,0,0,0,0,0,74,"BAL","MIN","BAL",0,"F","F",1,5,0,30,1,"T","F",0,2,"T","T","moraj001","smalr001","T","T",0,0,0,0,0,0,0,0,0,"","","",0,0,0,0,0,0,0,0,0,0,0,0,0,"lopec101","F","F","F","F",2,0,0,0,0,0,0,0,0,0,F,F,"1978BAL.EVA.regular.event.csv",3000
"BAL197807140","MIN",9,0,1,0,0,"",1,5,"moraj001","?","moraj001","?","mcgrs001","?","mcgrs001","?","dempr001","murre001","dauer001","decid001","belam101","andem101","harll101","lopec101","","riveb101","","43","F","F",10,5,2,"T","T",0,"F","F",1,"F","F",0,"F","F",4,"G","F","F","",0,0,"N",0,"N",0,"N",0,0,2,0,"43","","","","F","F","F","F","F","F","F","F","F","","mcgrs001","","F","F","F","F","F","","","","",0,3,0,0,4,0,0,0,0,75,"BAL","MIN","BAL",0,"F","F",1,5,0,31,2,"T","F",2,2,"T","T","smalr001","wyneb001","T","T",0,0,0,9,4,74,0,0,0,"","dempr001","",0,0,0,0,0,0,0,0,0,0,0,0,0,"dauer001","F","F","F","F",0,0,2,0,0,0,0,0,0,0,F,F,"1978BAL.EVA.regular.event.csv",3001
"BAL197807140","MIN",9,0,2,0,0,"",1,5,"smalr001","?","smalr001","?","mcgrs001","?","mcgrs001","?","dempr001","murre001","dauer001","decid001","belam101","andem101","harll101","lopec101","","riveb101","","53","F","F",6,6,2,"T","T",0,"F","F",1,"F","F",0,"F","F",5,"G","F","F","",0,0,"N",0,"N",0,"N",0,0,2,0,"53","","","","F","F","F","F","F","F","F","F","F","","mcgrs001","","F","T","F","F","F","","","","",0,3,0,0,5,0,0,0,0,76,"BAL","MIN","BAL",0,"F","T",1,5,0,32,3,"T","F",2,2,"T","T","wyneb001","wolfl101","T","T",0,0,0,9,4,74,0,0,0,"","dempr001","",0,0,0,0,0,0,0,0,0,0,0,0,0,"decid001","F","F","F","F",0,0,2,0,0,0,0,0,0,0,F,F,"1978BAL.EVA.regular.event.csv",3002
"BAL197807151","TEX",1,0,0,0,0,"",0,0,"bondb101","?","bondb101","?","martd001","?","martd001","?","skagd101","murre001","dauer001","decid001","belam101","kellp101","harll101","singk001","","","","K","T","F",9,1,3,"T","T",0,"F","F",1,"F","F",0,"F","F",0,"","F","F","",0,0,"N",0,"N",0,"N",0,0,0,0,"2","","","","F","F","F","F","F","F","F","F","F","","","","T","F","F","F","F","","","","",0,2,0,0,0,0,0,0,0,1,"BAL","TEX","BAL",0,"T","F",0,0,0,0,0,"T","F",0,0,"T","T","benij001","sundj001","T","T",0,0,0,0,0,0,0,0,0,"","","",0,0,0,0,0,0,0,0,0,0,0,0,0,"","F","F","F","F",0,0,0,0,0,0,0,0,0,0,F,F,"1978BAL.EVA.regular.event.csv",3003
"BAL197807151","TEX",1,0,1,0,0,"",0,0,"benij001","?","benij001","?","martd001","?","martd001","?","skagd101","murre001","dauer001","decid001","belam101","kellp101","harll101","singk001","","","","K","F","F",8,2,3,"T","T",0,"F","F",1,"F","F",0,"F","F",0,"","F","F","",0,0,"N",0,"N",0,"N",0,0,0,0,"2","","","","F","F","F","F","F","F","F","F","F","","","","F","F","F","F","F","","","","",0,2,0,0,0,0,0,0,0,2,"BAL","TEX","BAL",0,"F","F",0,0,0,1,1,"T","F",0,0,"T","T","sundj001","oliva001","T","T",0,0,0,0,0,0,0,0,0,"","","",0,0,0,0,0,0,0,0,0,0,0,0,0,"","F","F","F","F",0,0,0,0,0,0,0,0,0,0,F,F,"1978BAL.EVA.regular.event.csv",3004
"BAL197807151","TEX",1,0,2,0,0,"",0,0,"sundj001","?","sundj001","?","martd001","?","martd001","?","skagd101","murre001","dauer001","decid001","belam101","kellp101","harll101","singk001","","","","63","F","F",2,3,2,"T","T",0,"F","F",1,"F","F",0,"F","F",6,"G","F","F","",0,0,"N",0,"N",0,"N",0,0,0,0,"63","","","","F","F","F","F","F","F","F","F","F","","","","F","F","F","F","F","","","","",0,3,0,0,6,0,0,0,0,3,"BAL","TEX","BAL",0,"F","T",0,0,0,2,2,"T","F",0,0,"T","T","oliva001","hargm001","T","T",0,0,0,0,0,0,0,0,0,"","","",0,0,0,0,0,0,0,0,0,0,0,0,0,"belam101","F","F","F","F",0,0,0,0,0,0,0,0,0,0,F,F,"1978BAL.EVA.regular.event.csv",3005
"BAL197807151","TEX",1,1,0,0,0,"",0,0,"harll101","?","harll101","?","alexd001","?","alexd001","?","sundj001","hargm001","willb101","bevak001","masoj101","lowej001","benij001","bondb101","","","","8","T","F",8,1,2,"T","T",0,"F","F",1,"F","F",0,"F","F",8,"F","F","F","",0,0,"N",0,"N",0,"N",0,0,0,0,"8","","","","F","F","F","F","F","F","F","F","F","","","","F","F","F","F","F","","","","",0,8,0,0,0,0,0,0,0,4,"BAL","BAL","TEX",1,"T","F",0,0,0,0,0,"T","F",0,0,"T","T","dauer001","singk001","T","T",0,0,0,0,0,0,0,0,0,"","","",0,0,0,0,0,0,0,0,0,0,0,0,0,"benij001","F","F","F","F",0,0,0,0,2,0,0,0,0,0,F,F,"1978BAL.EVA.regular.event.csv",3006
"BAL197807151","TEX",1,1,1,0,0,"",0,0,"dauer001","?","dauer001","?","alexd001","?","alexd001","?","sundj001","hargm001","willb101","bevak001","masoj101","lowej001","benij001","bondb101","","","","9","F","F",4,2,2,"T","T",0,"F","F",1,"F","F",0,"F","F",9,"F","F","F","",0,0,"N",0,"N",0,"N",0,0,0,0,"9","","","","F","F","F","F","F","F","F","F","F","","","","F","F","F","F","F","","","","",0,9,0,0,0,0,0,0,0,5,"BAL","BAL","TEX",1,"F","F",0,0,0,1,1,"T","F",0,0,"T","T","singk001","crowt101","T","T",0,0,0,0,0,0,0,0,0,"","","",0,0,0,0,0,0,0,0,0,0,0,0,0,"bondb101","F","F","F","F",0,0,0,0,2,0,0,0,0,0,F,F,"1978BAL.EVA.regular.event.csv",3007
"BAL197807151","TEX",1,1,2,0,0,"",0,0,"singk001","?","singk001","?","alexd001","?","alexd001","?","sundj001","hargm001","willb101","bevak001","masoj101","lowej001","benij001","bondb101","","","","W","F","F",9,3,14,"T","F",0,"F","F",0,"F","F",0,"F","F",0,"","F","F","",0,0,"N",0,"N",0,"N",1,0,0,0,"","","","","F","F","F","F","F","F","F","F","F","","","","F","F","F","F","F","","","","",0,0,0,0,0,0,0,0,0,6,"BAL","BAL","TEX",1,"F","F",0,0,0,2,2,"T","F",0,1,"T","T","crowt101","kellp101","T","T",0,0,0,0,0,0,0,0,0,"","","",0,0,0,0,0,0,0,0,0,0,0,0,0,"","F","F","F","F",4,0,0,0,2,0,0,0,0,0,F,F,"1978BAL.EVA.regular.event.csv",3008
"BAL197807151","TEX",1,1,2,0,0,"",0,0,"crowt101","?","crowt101","?","alexd001","?","alexd001","?","sundj001","hargm001","willb101","bevak001","masoj101","lowej001","benij001","bondb101","singk001","","","W.1-2","F","F",10,4,14,"T","F",0,"F","F",0,"F","F",0,"F","F",0,"","F","F","",0,0,"N",0,"N",0,"N",1,2,0,0,"","","","","F","F","F","F","F","F","F","F","F","alexd001","","","F","F","F","F","F","","","","",0,0,0,0,0,0,0,0,0,7,"BAL","BAL","TEX",1,"F","F",0,0,0,3,3,"T","F",1,3,"T","T","kellp101","decid001","T","T",9,3,6,0,0,0,0,0,0,"sundj001","","",0,0,0,0,0,0,0,0,0,0,0,0,0,"","F","F","F","F",4,4,0,0,2,0,0,0,0,0,F,F,"1978BAL.EVA.regular.event.csv",3009
"BAL197807151","TEX",1,1,2,0,0,"",0,0,"kellp101","?","kellp101","?","alexd001","?","alexd001","?","sundj001","hargm001","willb101","bevak001","masoj101","lowej001","benij001","bondb101","crowt101","singk001","","W.2-3;1-2","F","F",7,5,14,"T","F",0,"F","F",0,"F","F",0,"F","F",0,"","F","F","",0,0,"N",0,"N",0,"N",1,2,3,0,"","","","","F","F","F","F","F","F","F","F","F","alexd001","alexd001","","F","F","F","F","F","","","","",0,0,0,0,0,0,0,0,0,8,"BAL","BAL","TEX",1,"F","F",0,0,0,4,4,"T","F",3,7,"T","T","decid001","murre001","T","T",10,4,7,9,3,6,0,0,0,"sundj001","sundj001","",0,0,0,0,0,0,0,0,0,0,0,0,0,"","F","F","F","F",0,4,4,0,2,0,0,0,0,0,F,F,"1978BAL.EVA.regular.event.csv",3010
"BAL197807151","TEX",1,1,2,0,0,"",0,0,"decid001","?","decid001","?","alexd001","?","alexd001","?","sundj001","hargm001","willb101","bevak001","masoj101","lowej001","benij001","bondb101","kellp101","crowt101","singk001","D9.3-H;2-H;1-3","F","F",5,6,21,"T","T",2,"F","F",0,"F","F",2,"F","F",9,"","F","F","",0,0,"N",0,"N",0,"N",2,3,4,4,"","","","","F","F","F","F","F","F","F","F","F","alexd001","alexd001","alexd001","F","F","F","F","F","","","","",0,0,0,0,0,0,0,0,0,9,"BAL","BAL","TEX",1,"F","F",0,0,0,5,5,"T","F",7,6,"T","T","murre001","belam101","T","T",7,5,8,10,4,7,9,3,6,"sundj001","sundj001","sundj001",0,0,0,0,0,0,0,0,0,0,0,0,2,"bondb101","F","F","F","F",0,0,4,4,0,0,0,0,0,0,F,F,"1978BAL.EVA.regular.event.csv",3011
"BAL197807151","TEX",1,1,2,0,0,"",0,2,"murre001","?","murre001","?","alexd001","?","alexd001","?","sundj001","hargm001","willb101","bevak001","masoj101","lowej001","benij001","bondb101","","decid001","kellp101","IW","F","F",3,7,15,"T","F",0,"F","F",0,"F","F",0,"F","F",0,"","F","F","",0,0,"N",0,"N",0,"N",1,0,2,3,"","","","","F","F","F","F","F","F","F","F","F","","alexd001","alexd001","F","F","F","F","F","","","","",0,0,0,0,0,0,0,0,0,10,"BAL","BAL","TEX",1,"F","F",2,0,2,6,6,"T","F",6,7,"T","T","belam101","skagd101","T","T",0,0,0,5,6,9,7,5,8,"","sundj001","sundj001",0,0,0,0,0,0,0,0,0,0,0,0,0,"","F","F","F","F",0,0,0,0,0,0,0,0,0,0,F,F,"1978BAL.EVA.regular.event.csv",3012
"BAL197807151","TEX",1,1,2,0,0,"",0,2,"belam101","?","belam101","?","alexd001","?","alexd001","?","sundj001","hargm001","willb101","bevak001","masoj101","lowej001","benij001","bondb101","murre001","decid001","kellp101","6(1)/FO","F","F",6,8,2,"T","T",0,"F","F",1,"F","F",0,"F","F",6,"G","F","F","",0,0,"N",0,"N",0,"N",1,0,2,3,"","6","","","F","F","F","F","F","F","F","F","F","alexd001","alexd001","alexd001","F","F","F","F","F","","","","",0,6,0,0,0,0,0,0,0,11,"BAL","BAL","TEX",1,"F","T",2,0,2,7,7,"T","F",7,7,"T","T","skagd101","harll101","T","T",3,7,10,5,6,9,7,5,8,"sundj001","sundj001","sundj001",0,0,0,0,0,0,0,0,0,0,0,0,0,"masoj101","T","F","F","F",0,0,0,0,0,0,0,0,0,0,F,F,"1978BAL.EVA.regular.event.csv",3013
"BAL197807151","TEX",2,0,0,0,0,"",0,2,"oliva001","?","oliva001","?","martd001","?","martd001","?","skagd101","murre001","dauer001","decid001","belam101","kellp101","harll101","singk001","","","","K","T","F",10,4,3,"T","T",0,"F","F",1,"F","F",0,"F","F",0,"","F","F","",0,0,"N",0,"N",0,"N",0,0,0,0,"2","","","","F","F","F","F","F","F","F","F","F","","","","F","F","F","F","F","","","","",0,2,0,0,0,0,0,0,0,12,"BAL","TEX","BAL",0,"T","F",0,2,0,3,0,"T","F",0,0,"T","T","hargm001","bevak001","T","T",0,0,0,0,0,0,0,0,0,"","","",0,0,0,0,0,0,0,0,0,0,0,0,0,"","F","F","F","F",0,0,0,0,0,0,0,0,0,0,F,F,"1978BAL.EVA.regular.event.csv",3014
"BAL197807151","TEX",2,0,1,0,0,"",0,2,"hargm001","?","hargm001","?","martd001","?","martd001","?","skagd101","murre001","dauer001","decid001","belam101","kellp101","harll101","singk001","","","","7","F","F",3,5,2,"T","T",0,"F","F",1,"F","F",0,"F","F",7,"F","F","F","",0,0,"N",0,"N",0,"N",0,0,0,0,"7","","","","F","F","F","F","F","F","F","F","F","","","","F","F","F","F","F","","","","",0,7,0,0,0,0,0,0,0,13,"BAL","TEX","BAL",0,"F","F",0,2,0,4,1,"T","F",0,0,"T","T","bevak001","lowej001","T","T",0,0,0,0,0,0,0,0,0,"","","",0,0,0,0,0,0,0,0,0,0,0,0,0,"kellp101","F","F","F","F",0,0,0,0,0,0,0,0,0,0,F,F,"1978BAL.EVA.regular.event.csv",3015
"BAL197807151","TEX",2,0,2,0,0,"",0,2,"bevak001","?","bevak001","?","martd001","?","martd001","?","skagd101","murre001","dauer001","decid001","belam101","kellp101","harll101","singk001","","","","K/C","F","F",5,6,3,"T","T",0,"F","F",1,"F","F",0,"F","F",0,"","F","F","",0,0,"N",0,"N",0,"N",0,0,0,0,"2","","","","F","F","F","F","F","F","F","F","F","","","","F","F","F","F","F","","","","",0,2,0,0,0,0,0,0,0,14,"BAL","TEX","BAL",0,"F","T",0,2,0,5,2,"T","F",0,0,"T","T","lowej001","willb101","T","T",0,0,0,0,0,0,0,0,0,"","","",0,0,0,0,0,0,0,0,0,0,0,0,0,"","F","F","F","F",0,0,0,0,0,0,0,0,0,0,F,F,"1978BAL.EVA.regular.event.csv",3016
"BAL197807151","TEX",2,1,0,0,0,"",0,2,"skagd101","?","skagd101","?","alexd001","?","alexd001","?","sundj001","hargm001","willb101","bevak001","masoj101","lowej001","benij001","bondb101","","","","K","T","F",2,9,3,"T","T",0,"F","F",1,"F","F",0,"F","F",0,"","F","F","",0,0,"N",0,"N",0,"N",0,0,0,0,"2","","","","F","F","F","F","F","F","F","F","F","","","","F","F","F","F","F","","","","",0,2,0,0,0,0,0,0,0,15,"BAL","BAL","TEX",1,"T","F",2,0,0,8,0,"T","F",0,0,"T","T","harll101","dauer001","T","T",0,0,0,0,0,0,0,0,0,"","","",0,0,0,0,0,0,0,0,0,0,0,0,0,"","F","F","F","F",0,0,0,0,0,0,0,0,0,0,F,F,"1978BAL.EVA.regular.event.csv",3017
"BAL197807151","TEX",2,1,1,0,0,"",0,2,"harll101","?","harll101","?","alexd001","?","alexd001","?","sundj001","hargm001","willb101","bevak001","masoj101","lowej001","benij001","bondb101","","","","K","F","F",8,1,3,"T","T",0,"F","F",1,"F","F",0,"F","F",0,"","F","F","",0,0,"N",0,"N",0,"N",0,0,0,0,"2","","","","F","F","F","F","F","F","F","F","F","","","","F","F","F","F","F","","","","",0,2,0,0,0,0,0,0,0,16,"BAL","BAL","TEX",1,"F","F",2,0,0,9,1,"T","F",0,0,"T","T","dauer001","singk001","T","T",0,0,0,0,0,0,0,0,0,"","","",0,0,0,0,0,0,0,0,0,0,0,0,0,"","F","F","F","F",0,0,0,0,0,0,0,0,0,0,F,F,"1978BAL.EVA.regular.event.csv",3018
"BAL197807151","TEX",2,1,2,0,0,"",0,2,"dauer001","?","dauer001","?","alexd001","?","alexd001","?","sundj001","hargm001","willb101","bevak001","masoj101","lowej001","benij001","bondb101","","","","D7","F","F",4,2,21,"T","T",2,"F","F",0,"F","F",0,"F","F",7,"","F","F","",0,0,"N",0,"N",0,"N",2,0,0,0,"","","","","F","F","F","F","F","F","F","F","F","","","","F","F","F","F","F","","","","",0,0,0,0,0,0,0,0,0,17,"BAL","BAL","TEX",1,"F","F",2,0,0,10,2,"T","F",0,2,"T","T","singk001","crowt101","T","T",0,0,0,0,0,0,0,0,0,"","","",0,0,0,0,0,0,0,0,0,0,0,0,0,"lowej001","F","F","F","F",0,0,0,0,0,0,0,0,0,0,F,F,"1978BAL.EVA.regular.event.csv",3019
"BAL197807151","TEX",2,1,2,0,0,"",0,2,"singk001","?","singk001","?","alexd001","?","alexd001","?","sundj001","hargm001","willb101","bevak001","masoj101","lowej001","benij001","bondb101","","dauer001","","W","F","F",9,3,14,"T","F",0,"F","F",0,"F","F",0,"F","F",0,"","F","F","",0,0,"N",0,"N",0,"N",1,0,2,0,"","","","","F","F","F","F","F","F","F","F","F","","alexd001","","F","F","F","F","F","","","","",0,0,0,0,0,0,0,0,0,18,"BAL","BAL","TEX",1,"F","F",2,0,0,11,3,"T","F",2,3,"T","T","crowt101","kellp101","T","T",0,0,0,4,2,17,0,0,0,"","sundj001","",0,0,0,0,0,0,0,0,0,0,0,0,0,"","F","F","F","F",0,0,0,0,0,0,0,0,0,0,F,F,"1978BAL.EVA.regular.event.csv",3020
"BAL197807151","TEX",2,1,2,0,0,"",0,2,"crowt101","?","crowt101","?","alexd001","?","alexd001","?","sundj001","hargm001","willb101","bevak001","masoj101","lowej001","benij001","bondb101","singk001","dauer001","","13","F","F",10,4,2,"T","T",0,"F","F",1,"F","F",0,"F","F",1,"G","F","F","",0,0,"N",0,"N",0,"N",0,1,2,0,"13","","","","F","F","F","F","F","F","F","F","F","alexd001","alexd001","","F","F","F","F","F","","","","",0,3,0,0,1,0,0,0,0,19,"BAL","BAL","TEX",1,"F","T",2,0,0,12,4,"T","F",3,3,"T","T","kellp101","decid001","T","T",9,3,18,4,2,17,0,0,0,"sundj001","sundj001","",0,0,0,0,0,0,0,0,0,0,0,0,0,"alexd001","F","F","F","F",0,0,0,0,0,0,0,0,0,0,F,F,"1978BAL.EVA.regular.event.csv",3021
"BAL197807151","TEX",3,0,0,0,0,"",0,2,"lowej001","?","lowej001","?","martd001","?","martd001","?","skagd101","murre001","dauer001","decid001","belam101","kellp101","harll101","singk001","","","","13","T","F",7,7,2,"T","T",0,"F","F",1,"F","F",0,"F","F",1,"G","F","F","",0,0,"N",0,"N",0,"N",0,0,0,0,"13","","","","F","F","F","F","F","F","F","F","F","","","","F","F","F","F","F","","","","",0,3,0,0,1,0,0,0,0,20,"BAL","TEX","BAL",0,"T","F",0,2,0,6,0,"T","F",0,0,"T","T","willb101","masoj101","T","T",0,0,0,0,0,0,0,0,0,"","","",0,0,0,0,0,0,0,0,0,0,0,0,0,"martd001","F","F","F","F",0,0,0,0,4,0,0,0,0,0,F,F,"1978BAL.EVA.regular.event.csv",3022
"BAL197807151","TEX",3,0,1,0,0,"",0,2,"willb101","?","willb101","?","martd001","?","martd001","?","skagd101","murre001","dauer001","decid001","belam101","kellp101","harll101","singk001","","","","13","F","F",4,8,2,"T","T",0,"F","F",1,"F","F",0,"F","F",1,"G","F","F","",0,0,"N",0,"N",0,"N",0,0,0,0,"13","","","","F","F","F","F","F","F","F","F","F","","","","F","F","F","F","F","","","","",0,3,0,0,1,0,0,0,0,21,"BAL","TEX","BAL",0,"F","F",0,2,0,7,1,"T","F",0,0,"T","T","masoj101","bondb101","T","T",0,0,0,0,0,0,0,0,0,"","","",0,0,0,0,0,0,0,0,0,0,0,0,0,"martd001","F","F","F","F",0,0,0,0,4,0,0,0,0,0,F,F,"1978BAL.EVA.regular.event.csv",3023
"BAL197807151","TEX",3,0,2,0,0,"",0,2,"masoj101","?","masoj101","?","martd001","?","martd001","?","skagd101","murre001","dauer001","decid001","belam101","kellp101","harll101","singk001","","","","D9","F","F",6,9,21,"T","T",2,"F","F",0,"F","F",0,"F","F",9,"","F","F","",0,0,"N",0,"N",0,"N",2,0,0,0,"","","","","F","F","F","F","F","F","F","F","F","","","","F","F","F","F","F","","","","",0,0,0,0,0,0,0,0,0,22,"BAL","TEX","BAL",0,"F","F",0,2,0,8,2,"T","F",0,2,"T","T","bondb101","benij001","T","T",0,0,0,0,0,0,0,0,0,"","","",0,0,0,0,0,0,0,0,0,0,0,0,0,"singk001","F","F","F","F",4,0,0,0,4,0,0,0,0,0,F,F,"1978BAL.EVA.regular.event.csv",3024
"BAL197807151","TEX",3,0,2,0,0,"",0,2,"bondb101","?","bondb101","?","martd001","?","martd001","?","skagd101","murre001","dauer001","decid001","belam101","kellp101","harll101","singk001","","masoj101","","S7.2-H","F","F",9,1,20,"T","T",1,"F","F",0,"F","F",1,"F","F",7,"","F","F","",0,0,"N",0,"N",0,"N",1,0,4,0,"","","","","F","F","F","F","F","F","F","F","F","","martd001","","F","F","F","F","F","","","","",0,0,0,0,0,0,0,0,0,23,"BAL","TEX","BAL",0,"F","F",0,2,0,9,3,"T","F",2,1,"T","T","benij001","sundj001","T","T",0,0,0,6,9,22,0,0,0,"","skagd101","",0,0,0,0,0,0,0,0,0,0,0,0,1,"kellp101","F","F","F","F",4,0,4,0,3,0,0,0,0,0,F,F,"1978BAL.EVA.regular.event.csv",3025
"BAL197807151","TEX",3,0,2,0,0,"",1,2,"benij001","?","benij001","?","martd001","?","martd001","?","skagd101","murre001","dauer001","decid001","belam101","kellp101","harll101","singk001","bondb101","","","S7.1-H;B-2(THH)","F","F",8,2,20,"T","T",1,"F","F",0,"F","F",1,"F","F",7,"","F","F","",0,0,"N",0,"N",0,"N",2,4,0,0,"","","","","F","F","F","F","F","F","F","F","F","martd001","","","F","F","F","F","F","","","","",0,0,0,0,0,0,0,0,0,24,"BAL","TEX","BAL",0,"F","F",1,2,1,10,4,"T","F",1,2,"T","T","sundj001","oliva001","T","T",9,1,23,0,0,0,0,0,0,"skagd101","","",0,0,0,0,0,0,0,0,0,0,0,0,1,"kellp101","F","F","F","F",4,4,0,0,2,0,0,0,0,0,F,F,"1978BAL.EVA.regular.event.csv",3026
"BAL197807151","TEX",3,0,2,0,0,"",2,2,"sundj001","?","sundj001","?","martd001","?","martd001","?","skagd101","murre001","dauer001","decid001","belam101","kellp101","harll101","singk001","","benij001","","T9.2-H","F","F",2,3,22,"T","T",3,"F","F",0,"F","F",1,"F","F",9,"","F","F","",0,0,"N",0,"N",0,"N",3,0,4,0,"","","","","F","F","F","F","F","F","F","F","F","","martd001","","F","F","F","F","F","","","","",0,0,0,0,0,0,0,0,0,25,"BAL","TEX","BAL",0,"F","F",2,2,2,11,5,"T","F",2,4,"T","T","oliva001","hargm001","T","T",0,0,0,8,2,24,0,0,0,"","skagd101","",0,0,0,0,0,0,0,0,0,0,0,0,1,"singk001","F","F","F","F",4,0,4,0,1,0,0,0,0,0,F,F,"1978BAL.EVA.regular.event.csv",3027
"BAL197807151","TEX",3,0,2,0,0,"",3,2,"oliva001","?","oliva001","?","martd001","?","martd001","?","skagd101","murre001","dauer001","decid001","belam101","kellp101","harll101","singk001","","","sundj001","S7.3-H","F","F",10,4,20,"T","T",1,"F","F",0,"F","F",1,"F","F",7,"","F","F","",0,0,"N",0,"N",0,"N",1,0,0,4,"","","","","F","F","F","F","F","F","F","F","F","","","martd001","F","F","F","F","F","","","","",0,0,0,0,0,0,0,0,0,26,"BAL","TEX","BAL",0,"F","F",3,2,3,12,6,"T","F",4,1,"T","T","hargm001","bevak001","T","T",0,0,0,0,0,0,2,3,25,"","","skagd101",0,0,0,0,0,0,0,0,0,0,0,0,1,"kellp101","F","F","F","F",0,0,0,4,0,0,0,0,0,0,F,F,"1978BAL.EVA.regular.event.csv",3028
"BAL197807151","TEX",3,0,2,0,0,"",4,2,"hargm001","?","hargm001","?","martd001","?","martd001","?","skagd101","murre001","dauer001","decid001","belam101","kellp101","harll101","singk001","oliva001","","","7","F","F",3,5,2,"T","T",0,"F","F",1,"F","F",0,"F","F",7,"F","F","F","",0,0,"N",0,"N",0,"N",0,1,0,0,"7","","","","F","F","F","F","F","F","F","F","F","martd001","","","F","F","F","F","F","","","","",0,7,0,0,0,0,0,0,0,27,"BAL","TEX","BAL",0,"F","T",4,2,4,13,7,"T","F",1,1,"T","T","bevak001","lowej001","T","T",10,4,26,0,0,0,0,0,0,"skagd101","","",0,0,0,0,0,0,0,0,0,0,0,0,0,"kellp101","F","F","F","F",0,0,0,0,0,0,0,0,0,0,F,F,"1978BAL.EVA.regular.event.csv",3029
"BAL197807151","TEX",3,1,0,0,0,"",4,2,"kellp101","?","kellp101","?","alexd001","?","alexd001","?","sundj001","hargm001","willb101","bevak001","masoj101","lowej001","benij001","bondb101","","","","HP","T","F",7,5,16,"T","F",0,"F","F",0,"F","F",0,"F","F",0,"","F","F","",0,0,"N",0,"N",0,"N",1,0,0,0,"","","","","F","F","F","F","F","F","F","F","F","","","","F","F","F","F","F","","","","",0,0,0,0,0,0,0,0,0,28,"BAL","BAL","TEX",1,"T","F",2,4,0,13,0,"T","F",0,1,"T","T","decid001","murre001","T","T",0,0,0,0,0,0,0,0,0,"","","",0,0,0,0,0,0,0,0,0,0,0,0,0,"","F","F","F","F",4,0,0,0,1,0,0,0,0,0,F,F,"1978BAL.EVA.regular.event.csv",3030
"BAL197807151","TEX",3,1,0,0,0,"",4,2,"decid001","?","decid001","?","alexd001","?","alexd001","?","sundj001","hargm001","willb101","bevak001","masoj101","lowej001","benij001","bondb101","kellp101","","","S8.1-2","F","F",5,6,20,"T","T",1,"F","F",0,"F","F",0,"F","F",8,"","F","F","",0,0,"N",0,"N",0,"N",1,2,0,0,"","","","","F","F","F","F","F","F","F","F","F","alexd001","","","F","F","F","F","F","","","","",0,0,0,0,0,0,0,0,0,29,"BAL","BAL","TEX",1,"F","F",2,4,0,14,1,"T","F",1,3,"T","T","murre001","belam101","T","T",7,5,28,0,0,0,0,0,0,"sundj001","","",0,0,0,0,0,0,0,0,0,0,0,0,0,"benij001","F","F","F","F",0,4,0,0,1,0,0,0,0,0,F,F,"1978BAL.EVA.regular.event.csv",3031
"BAL197807151","TEX",3,1,0,0,0,"",4,2,"murre001","?","murre001","?","alexd001","?","alexd001","?","sundj001","hargm001","willb101","bevak001","masoj101","lowej001","benij001","bondb101","decid001","kellp101","","8/8D.2-3","F","F",3,7,2,"T","T",0,"F","F",1,"F","F",0,"F","F",8,"F","F","F","8D",0,0,"N",0,"N",0,"N",0,1,3,0,"8","","","","F","F","F","F","F","F","F","F","F","alexd001","alexd001","","F","F","F","F","F","","","","",0,8,0,0,0,0,0,0,0,30,"BAL","BAL","TEX",1,"F","F",2,4,0,15,2,"T","F",3,5,"T","T","belam101","skagd101","T","T",5,6,29,7,5,28,0,0,0,"sundj001","sundj001","",0,0,0,0,0,0,0,0,0,0,0,0,0,"benij001","F","F","F","F",0,0,4,0,1,0,0,0,0,0,F,F,"1978BAL.EVA.regular.event.csv",3032
"BAL197807151","TEX",3,1,1,0,0,"",4,2,"belam101","?","belam101","?","alexd001","?","alexd001","?","sundj001","hargm001","willb101","bevak001","masoj101","lowej001","benij001","bondb101","decid001","","kellp101","9/SF.3-H","F","F",6,8,2,"T","F",0,"F","T",1,"F","F",1,"F","F",9,"F","F","F","",0,0,"N",0,"N",0,"N",0,1,0,4,"9","","","","F","F","F","F","F","F","F","F","F","alexd001","","alexd001","F","F","F","F","F","","","","",0,9,0,0,0,0,0,0,0,31,"BAL","BAL","TEX",1,"F","F",2,4,0,16,3,"T","F",5,1,"T","T","skagd101","harll101","T","T",5,6,29,0,0,0,7,5,28,"sundj001","","sundj001",0,0,0,0,0,0,0,0,0,0,0,0,1,"bondb101","F","F","F","F",0,0,0,4,0,0,0,0,0,0,F,F,"1978BAL.EVA.regular.event.csv",3033
"BAL197807151","TEX",3,1,2,0,0,"",4,3,"skagd101","?","skagd101","?","alexd001","?","alexd001","?","sundj001","hargm001","willb101","bevak001","masoj101","lowej001","benij001","bondb101","decid001","","","S7.1-3","F","F",2,9,20,"T","T",1,"F","F",0,"F","F",0,"F","F",7,"","F","F","",0,0,"N",0,"N",0,"N",1,3,0,0,"","","","","F","F","F","F","F","F","F","F","F","alexd001","","","F","F","F","F","F","","","","",0,0,0,0,0,0,0,0,0,32,"BAL","BAL","TEX",1,"F","F",3,4,1,17,4,"T","F",1,5,"T","T","harll101","dauer001","T","T",5,6,29,0,0,0,0,0,0,"sundj001","","",0,0,0,0,0,0,0,0,0,0,0,0,0,"lowej001","F","F","F","F",0,0,0,0,0,0,0,0,0,0,F,F,"1978BAL.EVA.regular.event.csv",3034
"BAL197807151","TEX",3,1,2,0,0,"",4,3,"harll101","?","harll101","?","alexd001","?","alexd001","?","sundj001","hargm001","willb101","bevak001","masoj101","lowej001","benij001","bondb101","skagd101","","decid001","3/G","F","F",8,1,2,"T","T",0,"F","F",1,"F","F",0,"F","F",3,"G","F","F","",0,0,"N",0,"N",0,"N",0,1,0,3,"3","","","","F","F","F","F","F","F","F","F","F","alexd001","","alexd001","F","F","F","F","F","","","","",0,3,0,0,0,0,0,0,0,33,"BAL","BAL","TEX",1,"F","T",3,4,1,18,5,"T","F",5,5,"T","T","dauer001","singk001","T","T",2,9,32,0,0,0,5,6,29,"sundj001","","sundj001",0,0,0,0,0,0,0,0,0,0,0,0,0,"hargm001","F","F","F","F",0,0,0,0,0,0,0,0,0,0,F,F,"1978BAL.EVA.regular.event.csv",3035
"BAL197807151","TEX",4,0,0,0,0,"",4,3,"bevak001","?","bevak001","?","martd001","?","martd001","?","skagd101","murre001","dauer001","decid001","belam101","kellp101","harll101","singk001","","","","S9","T","F",5,6,20,"T","T",1,"F","F",0,"F","F",0,"F","F",9,"","F","F","",0,0,"N",0,"N",0,"N",1,0,0,0,"","","","","F","F","F","F","F","F","F","F","F","","","","F","F","F","F","F","","","","",0,0,0,0,0,0,0,0,0,34,"BAL","TEX","BAL",0,"T","F",4,3,0,14,0,"T","F",0,1,"T","T","lowej001","willb101","T","T",0,0,0,0,0,0,0,0,0,"","","",0,0,0,0,0,0,0,0,0,0,0,0,0,"singk001","F","F","F","F",0,0,0,0,0,0,0,0,0,0,F,F,"1978BAL.EVA.regular.event.csv",3036
"BAL197807151","TEX",4,0,0,0,0,"",4,3,"lowej001","?","lowej001","?","martd001","?","martd001","?","skagd101","murre001","dauer001","decid001","belam101","kellp101","harll101","singk001","bevak001","","","7","F","F",7,7,2,"T","T",0,"F","F",1,"F","F",0,"F","F",7,"F","F","F","",0,0,"N",0,"N",0,"N",0,1,0,0,"7","","","","F","F","F","F","F","F","F","F","F","martd001","","","F","F","F","F","F","","","","",0,7,0,0,0,0,0,0,0,35,"BAL","TEX","BAL",0,"F","F",4,3,0,15,1,"T","F",1,1,"T","T","willb101","masoj101","T","T",5,6,34,0,0,0,0,0,0,"skagd101","","",0,0,0,0,0,0,0,0,0,0,0,0,0,"kellp101","F","F","F","F",0,0,0,0,0,0,0,0,0,0,F,F,"1978BAL.EVA.regular.event.csv",3037
"BAL197807151","TEX",4,0,1,0,0,"",4,3,"willb101","?","willb101","?","martd001","?","martd001","?","skagd101","murre001","dauer001","decid001","belam101","kellp101","harll101","singk001","bevak001","","","6/P","F","F",4,8,2,"T","T",0,"F","F",1,"F","F",0,"F","F",6,"P","F","F","",0,0,"N",0,"N",0,"N",0,1,0,0,"6","","","","F","F","F","F","F","F","F","F","F","martd001","","","F","F","F","F","F","","","","",0,6,0,0,0,0,0,0,0,36,"BAL","TEX","BAL",0,"F","F",4,3,0,16,2,"T","F",1,1,"T","T","masoj101","bondb101","T","T",5,6,34,0,0,0,0,0,0,"skagd101","","",0,0,0,0,0,0,0,0,0,0,0,0,0,"belam101","F","F","F","F",0,0,0,0,0,0,0,0,0,0,F,F,"1978BAL.EVA.regular.event.csv",3038
"BAL197807151","TEX",4,0,2,0,0,"",4,3,"masoj101","?","masoj101","?","martd001","?","martd001","?","skagd101","murre001","dauer001","decid001","belam101","kellp101","harll101","singk001","bevak001","","","S9.1-3","F","F",6,9,20,"T","T",1,"F","F",0,"F","F",0,"F","F",9,"","F","F","",0,0,"N",0,"N",0,"N",1,3,0,0,"","","","","F","F","F","F","F","F","F","F","F","martd001","","","F","F","F","F","F","","","","",0,0,0,0,0,0,0,0,0,37,"BAL","TEX","BAL",0,"F","F",4,3,0,17,3,"T","F",1,5,"T","T","bondb101","benij001","T","T",5,6,34,0,0,0,0,0,0,"skagd101","","",0,0,0,0,0,0,0,0,0,0,0,0,0,"singk001","F","F","F","F",0,0,0,0,0,0,0,0,0,0,F,F,"1978BAL.EVA.regular.event.csv",3039
"BAL197807151","TEX",4,0,2,0,0,"",4,3,"bondb101","?","bondb101","?","martd001","?","martd001","?","skagd101","murre001","dauer001","decid001","belam101","kellp101","harll101","singk001","masoj101","","bevak001","53","F","F",9,1,2,"T","T",0,"F","F",1,"F","F",0,"F","F",5,"G","F","F","",0,0,"N",0,"N",0,"N",0,1,0,3,"53","","","","F","F","F","F","F","F","F","F","F","martd001","","martd001","F","F","F","F","F","","","","",0,3,0,0,5,0,0,0,0,38,"BAL","TEX","BAL",0,"F","T",4,3,0,18,4,"T","F",5,5,"T","T","benij001","sundj001","T","T",6,9,37,0,0,0,5,6,34,"skagd101","","skagd101",0,0,0,0,0,0,0,0,0,0,0,0,0,"decid001","F","F","F","F",0,0,0,0,0,0,0,0,0,0,F,F,"1978BAL.EVA.regular.event.csv",3040
"BAL197807151","TEX",4,1,0,0,0,"",4,3,"dauer001","?","dauer001","?","alexd001","?","alexd001","?","sundj001","hargm001","willb101","bevak001","masoj101","lowej001","benij001","bondb101","","","","S8","T","F",4,2,20,"T","T",1,"F","F",0,"F","F",0,"F","F",8,"","F","F","",0,0,"N",0,"N",0,"N",1,0,0,0,"","","","","F","F","F","F","F","F","F","F","F","","","","F","F","F","F","F","","","","",0,0,0,0,0,0,0,0,0,39,"BAL","BAL","TEX",1,"T","F",3,4,0,19,0,"T","F",0,1,"T","T","singk001","crowt101","T","T",0,0,0,0,0,0,0,0,0,"","","",0,0,0,0,0,0,0,0,0,0,0,0,0,"benij001","F","F","F","F",4,0,0,0,4,0,0,0,0,0,F,F,"1978BAL.EVA.regular.event.csv",3041
"BAL197807151","TEX",4,1,0,0,0,"",4,3,"singk001","?","singk001","?","alexd001","?","alexd001","?","sundj001","hargm001","willb101","bevak001","masoj101","lowej001","benij001","bondb101","dauer001","","","T9.1-H","F","F",9,3,22,"T","T",3,"F","F",0,"F","F",1,"F","F",9,"","F","F","",0,0,"N",0,"N",0,"N",3,4,0,0,"","","","","F","F","F","F","F","F","F","F","F","alexd001","","","F","F","F","F","F","","","","",0,0,0,0,0,0,0,0,0,40,"BAL","BAL","TEX",1,"F","F",3,4,0,20,1,"T","F",1,4,"T","T","crowt101","kellp101","T","T",4,2,39,0,0,0,0,0,0,"sundj001","","",0,0,0,0,0,0,0,0,0,0,0,0,1,"bondb101","F","F","F","F",4,4,0,0,3,0,0,0,0,0,F,F,"1978BAL.EVA.regular.event.csv",3042
"BAL197807151","TEX",4,1,0,0,0,"",4,4,"crowt101","?","crowt101","?","alexd001","?","alexd001","?","sundj001","hargm001","willb101","bevak001","masoj101","lowej001","benij001","bondb101","","","singk001","S9.3-H","F","F",10,4,20,"T","T",1,"F","F",0,"F","F",1,"F","F",9,"","F","F","",0,0,"N",0,"N",0,"N",1,0,0,4,"","","","","F","F","F","F","F","F","F","F","F","","","alexd001","F","F","F","F","F","","","","",0,0,0,0,0,0,0,0,0,41,"BAL","BAL","TEX",1,"F","F",4,4,1,21,2,"T","F",4,1,"T","T","kellp101","decid001","T","T",0,0,0,0,0,0,9,3,40,"","","sundj001",0,0,0,0,0,0,0,0,0,0,0,0,1,"bondb101","F","F","F","F",4,0,0,4,2,0,0,0,0,0,F,F,"1978BAL.EVA.regular.event.csv",3043
"BAL197807151","TEX",4,1,0,0,0,"",4,5,"kellp101","?","kellp101","?","alexd001","?","alexd001","?","sundj001","hargm001","willb101","bevak001","masoj101","lowej001","benij001","bondb101","crowt101","","","HR/9.1-H","F","F",7,5,23,"T","T",4,"F","F",0,"F","F",2,"F","F",0,"","F","F","9",0,0,"N",0,"N",0,"N",4,4,0,0,"","","","","F","F","F","F","F","F","F","F","F","alexd001","","","F","F","F","F","F","","","","",0,0,0,0,0,0,0,0,0,42,"BAL","BAL","TEX",1,"F","F",5,4,2,22,3,"T","F",1,0,"T","T","decid001","murre001","T","T",10,4,41,0,0,0,0,0,0,"sundj001","","",0,0,0,0,0,0,0,0,0,0,0,0,2,"","F","F","F","F",4,4,0,0,0,0,0,0,0,0,F,F,"1978BAL.EVA.regular.event.csv",3044
"BAL197807151","TEX",4,1,0,0,0,"",4,7,"decid001","?","decid001","?","barkl001","?","barkl001","?","sundj001","hargm001","willb101","bevak001","masoj101","lowej001","benij001","bondb101","","","","53","F","F",5,6,2,"T","T",0,"F","F",1,"F","F",0,"F","F",5,"G","F","F","",0,0,"N",0,"N",0,"N",0,0,0,0,"53","","","","F","F","F","F","F","F","F","F","F","","","","F","F","F","F","F","","","","",0,3,0,0,5,0,0,0,0,43,"BAL","BAL","TEX",1,"F","F",7,4,4,23,4,"T","F",0,0,"T","T","murre001","belam101","F","F",0,0,0,0,0,0,0,0,0,"","","",0,0,0,0,0,0,0,0,0,0,0,0,0,"bevak001","F","F","F","F",0,0,0,0,0,0,0,0,0,0,F,F,"1978BAL.EVA.regular.event.csv",3045
"BAL197807151","TEX",4,1,1,0,0,"",4,7,"murre001","?","murre001","?","barkl001","?","barkl001","?","sundj001","hargm001","willb101","bevak001","masoj101","lowej001","benij001","bondb101","","","","D9","F","F",3,7,21,"T","T",2,"F","F",0,"F","F",0,"F","F",9,"","F","F","",0,0,"N",0,"N",0,"N",2,0,0,0,"","","","","F","F","F","F","F","F","F","F","F","","","","F","F","F","F","F","","","","",0,0,0,0,0,0,0,0,0,44,"BAL","BAL","TEX",1,"F","F",7,4,4,24,5,"T","F",0,2,"T","T","belam101","skagd101","F","F",0,0,0,0,0,0,0,0,0,"","","",0,0,0,0,0,0,0,0,0,0,0,0,0,"bondb101","F","F","F","F",0,0,0,0,0,0,0,0,0,0,F,F,"1978BAL.EVA.regular.event.csv",3046
"BAL197807151","TEX",4,1,1,0,0,"",4,7,"belam101","?","belam101","?","barkl001","?","barkl001","?","sundj001","hargm001","willb101","bevak001","masoj101","lowej001","benij001","bondb101","","murre001","","9(B)95(2)/DP","F","F",6,8,2,"T","T",0,"F","F",2,"T","F",0,"F","F",9,"F","F","F","",0,0,"N",0,"N",0,"N",0,0,0,0,"9","","95","","F","F","F","F","F","F","F","F","F","","barkl001","","F","F","F","F","F","","","","",0,9,5,0,9,0,0,0,0,45,"BAL","BAL","TEX",1,"F","T",7,4,4,25,6,"T","F",2,0,"T","T","skagd101","harll101","F","F",0,0,0,3,7,44,0,0,0,"","sundj001","",0,0,0,0,0,0,0,0,0,0,0,0,0,"bondb101","F","F","F","F",0,0,0,0,0,0,0,0,0,0,F,F,"1978BAL.EVA.regular.event.csv",3047
"BAL197807151","TEX",5,0,0,0,0,"",4,7,"benij001","?","benij001","?","martd001","?","martd001","?","skagd101","murre001","dauer001","decid001","belam101","kellp101","harll101","singk001","","","","63","T","F",8,2,2,"T","T",0,"F","F",1,"F","F",0,"F","F",6,"G","F","F","",0,0,"N",0,"N",0,"N",0,0,0,0,"63","","","","F","F","F","F","F","F","F","F","F","","","","F","F","F","F","F","","","","",0,3,0,0,6,0,0,0,0,46,"BAL","TEX","BAL",0,"T","F",4,7,0,19,0,"T","F",0,0,"T","T","sundj001","oliva001","T","T",0,0,0,0,0,0,0,0,0,"","","",0,0,0,0,0,0,0,0,0,0,0,0,0,"belam101","F","F","F","F",0,0,0,0,0,0,0,0,0,0,F,F,"1978BAL.EVA.regular.event.csv",3048
"BAL197807151","TEX",5,0,1,0,0,"",4,7,"sundj001","?","sundj001","?","martd001","?","martd001","?","skagd101","murre001","dauer001","decid001","belam101","kellp101","harll101","singk001","","","","53","F","F",2,3,2,"T","T",0,"F","F",1,"F","F",0,"F","F",5,"G","F","F","",0,0,"N",0,"N",0,"N",0,0,0,0,"53","","","","F","F","F","F","F","F","F","F","F","","","","F","F","F","F","F","","","","",0,3,0,0,5,0,0,0,0,47,"BAL","TEX","BAL",0,"F","F",4,7,0,20,1,"T","F",0,0,"T","T","oliva001","hargm001","T","T",0,0,0,0,0,0,0,0,0,"","","",0,0,0,0,0,0,0,0,0,0,0,0,0,"decid001","F","F","F","F",0,0,0,0,0,0,0,0,0,0,F,F,"1978BAL.EVA.regular.event.csv",3049
"BAL197807151","TEX",5,0,2,0,0,"",4,7,"oliva001","?","oliva001","?","martd001","?","martd001","?","skagd101","murre001","dauer001","decid001","belam101","kellp101","harll101","singk001","","","","S8","F","F",10,4,20,"T","T",1,"F","F",0,"F","F",0,"F","F",8,"","F","F","",0,0,"N",0,"N",0,"N",1,0,0,0,"","","","","F","F","F","F","F","F","F","F","F","","","","F","F","F","F","F","","","","",0,0,0,0,0,0,0,0,0,48,"BAL","TEX","BAL",0,"F","F",4,7,0,21,2,"T","F",0,1,"T","T","hargm001","bevak001","T","T",0,0,0,0,0,0,0,0,0,"","","",0,0,0,0,0,0,0,0,0,0,0,0,0,"harll101","F","F","F","F",0,0,0,0,0,0,0,0,0,0,F,F,"1978BAL.EVA.regular.event.csv",3050
"BAL197807151","TEX",5,0,2,0,0,"",4,7,"hargm001","?","hargm001","?","martd001","?","martd001","?","skagd101","murre001","dauer001","decid001","belam101","kellp101","harll101","singk001","oliva001","","","13","F","F",3,5,2,"T","T",0,"F","F",1,"F","F",0,"F","F",1,"G","F","F","",0,0,"N",0,"N",0,"N",0,1,0,0,"13","","","","F","F","F","F","F","F","F","F","F","martd001","","","F","F","F","F","F","","","","",0,3,0,0,1,0,0,0,0,49,"BAL","TEX","BAL",0,"F","T",4,7,0,22,3,"T","F",1,1,"T","T","bevak001","lowej001","T","T",10,4,48,0,0,0,0,0,0,"skagd101","","",0,0,0,0,0,0,0,0,0,0,0,0,0,"martd001","F","F","F","F",0,0,0,0,0,0,0,0,0,0,F,F,"1978BAL.EVA.regular.event.csv",3051
"BAL197807151","TEX",5,1,0,0,0,"",4,7,"skagd101","?","skagd101","?","barkl001","?","barkl001","?","sundj001","hargm001","willb101","bevak001","masoj101","lowej001","benij001","bondb101","","","","K/C","T","F",2,9,3,"T","T",0,"F","F",1,"F","F",0,"F","F",0,"","F","F","",0,0,"N",0,"N",0,"N",0,0,0,0,"2","","","","F","F","F","F","F","F","F","F","F","","","","F","F","F","F","F","","","","",0,2,0,0,0,0,0,0,0,50,"BAL","BAL","TEX",1,"T","F",7,4,0,26,0,"T","F",0,0,"T","T","harll101","dauer001","F","F",0,0,0,0,0,0,0,0,0,"","","",0,0,0,0,0,0,0,0,0,0,0,0,0,"","F","F","F","F",0,0,0,0,0,0,0,0,0,0,F,F,"1978BAL.EVA.regular.event.csv",3052
"BAL197807151","TEX",5,1,1,0,0,"",4,7,"harll101","?","harll101","?","barkl001","?","barkl001","?","sundj001","hargm001","willb101","bevak001","masoj101","lowej001","benij001","bondb101","","","","43","F","F",8,1,2,"T","T",0,"F","F",1,"F","F",0,"F","F",4,"G","F","F","",0,0,"N",0,"N",0,"N",0,0,0,0,"43","","","","F","F","F","F","F","F","F","F","F","","","","F","F","F","F","F","","","","",0,3,0,0,4,0,0,0,0,51,"BAL","BAL","TEX",1,"F","F",7,4,0,27,1,"T","F",0,0,"T","T","dauer001","singk001","F","F",0,0,0,0,0,0,0,0,0,"","","",0,0,0,0,0,0,0,0,0,0,0,0,0,"willb101","F","F","F","F",0,0,0,0,0,0,0,0,0,0,F,F,"1978BAL.EVA.regular.event.csv",3053
"BAL197807151","TEX",5,1,2,0,0,"",4,7,"dauer001","?","dauer001","?","barkl001","?","barkl001","?","sundj001","hargm001","willb101","bevak001","masoj101","lowej001","benij001","bondb101","","","","3/FL","F","F",4,2,2,"T","T",0,"F","F",1,"F","F",0,"F","F",3,"F","F","T","",0,0,"N",0,"N",0,"N",0,0,0,0,"3","","","","F","F","F","F","F","F","F","F","F","","","","F","F","F","F","F","","","","",0,3,0,0,0,0,0,0,0,52,"BAL","BAL","TEX",1,"F","T",7,4,0,28,2,"T","F",0,0,"T","T","singk001","crowt101","F","F",0,0,0,0,0,0,0,0,0,"","","",0,0,0,0,0,0,0,0,0,0,0,0,0,"hargm001","F","F","F","F",0,0,0,0,0,0,0,0,0,0,F,F,"1978BAL.EVA.regular.event.csv",3054
"BAL197807151","TEX",6,0,0,0,0,"",4,7,"bevak001","?","bevak001","?","martd001","?","martd001","?","skagd101","murre001","dauer001","decid001","belam101","kellp101","harll101","singk001","","","","D9","T","F",5,6,21,"T","T",2,"F","F",0,"F","F",0,"F","F",9,"","F","F","",0,0,"N",0,"N",0,"N",2,0,0,0,"","","","","F","F","F","F","F","F","F","F","F","","","","F","F","F","F","F","","","","",0,0,0,0,0,0,0,0,0,53,"BAL","TEX","BAL",0,"T","F",4,7,0,23,0,"T","F",0,2,"T","T","lowej001","willb101","T","T",0,0,0,0,0,0,0,0,0,"","","",0,0,0,0,0,0,0,0,0,0,0,0,0,"singk001","F","F","F","F",4,0,0,0,3,0,0,0,0,0,F,F,"1978BAL.EVA.regular.event.csv",3055
"BAL197807151","TEX",6,0,0,0,0,"",4,7,"lowej001","?","lowej001","?","martd001","?","martd001","?","skagd101","murre001","dauer001","decid001","belam101","kellp101","harll101","singk001","","bevak001","","5/FL","F","F",7,7,2,"T","T",0,"F","F",1,"F","F",0,"F","F",5,"F","F","T","",0,0,"N",0,"N",0,"N",0,0,2,0,"5","","","","F","F","F","F","F","F","F","F","F","","martd001","","F","F","F","F","F","","","","",0,5,0,0,0,0,0,0,0,54,"BAL","TEX","BAL",0,"F","F",4,7,0,24,1,"T","F",2,2,"T","T","willb101","masoj101","T","T",0,0,0,5,6,53,0,0,0,"","skagd101","",0,0,0,0,0,0,0,0,0,0,0,0,0,"decid001","F","F","F","F",0,0,4,0,3,0,0,0,0,0,F,F,"1978BAL.EVA.regular.event.csv",3056
"BAL197807151","TEX",6,0,1,0,0,"",4,7,"willb101","?","willb101","?","martd001","?","martd001","?","skagd101","murre001","dauer001","decid001","belam101","kellp101","harll101","singk001","","bevak001","","S9.2-H","F","F",4,8,20,"T","T",1,"F","F",0,"F","F",1,"F","F",9,"","F","F","",0,0,"N",0,"N",0,"N",1,0,4,0,"","","","","F","F","F","F","F","F","F","F","F","","martd001","","F","F","F","F","F","","","","",0,0,0,0,0,0,0,0,0,55,"BAL","TEX","BAL",0,"F","F",4,7,0,25,2,"T","F",2,1,"T","T","masoj101","bondb101","T","T",0,0,0,5,6,53,0,0,0,"","skagd101","",0,0,0,0,0,0,0,0,0,0,0,0,1,"singk001","F","F","F","F",4,0,4,0,2,0,0,0,0,0,F,F,"1978BAL.EVA.regular.event.csv",3057
"BAL197807151","TEX",6,0,1,0,0,"",5,7,"masoj101","?","masoj101","?","martd001","?","martd001","?","skagd101","murre001","dauer001","decid001","belam101","kellp101","harll101","singk001","willb101","","","SB2","F","F",6,9,4,"F","F",0,"F","F",0,"F","F",0,"F","F",0,"","F","F","",0,0,"N",0,"N",0,"N",0,2,0,0,"","","","","T","F","F","F","F","F","F","F","F","martd001","","","F","F","F","F","F","","","","",0,0,0,0,0,0,0,0,0,56,"BAL","TEX","BAL",0,"F","F",5,7,1,26,3,"T","F",1,2,"T","T","bondb101","benij001","T","T",4,8,55,0,0,0,0,0,0,"skagd101","","",0,0,0,0,0,0,0,0,0,0,0,0,0,"","F","F","F","F",0,4,0,0,2,0,0,0,0,0,F,F,"1978BAL.EVA.regular.event.csv",3058
"BAL197807151","TEX",6,0,1,0,0,"",5,7,"masoj101","?","masoj101","?","martd001","?","martd001","?","skagd101","murre001","dauer001","decid001","belam101","kellp101","harll101","singk001","","willb101","","K","F","F",6,9,3,"T","T",0,"F","F",1,"F","F",0,"F","F",0,"","F","F","",0,0,"N",0,"N",0,"N",0,0,2,0,"2","","","","F","F","F","F","F","F","F","F","F","","martd001","","F","F","F","F","F","","","","",0,2,0,0,0,0,0,0,0,57,"BAL","TEX","BAL",0,"F","F",5,7,1,26,3,"F","F",2,2,"T","T","bondb101","benij001","T","T",0,0,0,4,8,55,0,0,0,"","skagd101","",0,0,0,0,0,0,0,0,0,0,0,0,0,"","F","F","F","F",0,0,4,0,2,0,0,0,0,0,F,F,"1978BAL.EVA.regular.event.csv",3059
"BAL197807151","TEX",6,0,2,0,0,"",5,7,"bondb101","?","bondb101","?","martd001","?","martd001","?","skagd101","murre001","dauer001","decid001","belam101","kellp101","harll101","singk001","","willb101","","W","F","F",9,1,14,"T","F",0,"F","F",0,"F","F",0,"F","F",0,"","F","F","",0,0,"N",0,"N",0,"N",1,0,2,0,"","","","","F","F","F","F","F","F","F","F","F","","martd001","","F","F","F","F","F","","","","",0,0,0,0,0,0,0,0,0,58,"BAL","TEX","BAL",0,"F","F",5,7,1,27,4,"T","F",2,3,"T","T","benij001","sundj001","T","T",0,0,0,4,8,55,0,0,0,"","skagd101","",0,0,0,0,0,0,0,0,0,0,0,0,0,"","F","F","F","F",4,0,4,0,2,0,0,0,0,0,F,F,"1978BAL.EVA.regular.event.csv",3060
"BAL197807151","TEX",6,0,2,0,0,"",5,7,"benij001","?","benij001","?","martd001","?","martd001","?","skagd101","murre001","dauer001","decid001","belam101","kellp101","harll101","singk001","bondb101","willb101","","S9.2-H;1-2","F","F",8,2,20,"T","T",1,"F","F",0,"F","F",1,"F","F",9,"","F","F","",0,0,"N",0,"N",0,"N",1,2,4,0,"","","","","F","F","F","F","F","F","F","F","F","martd001","martd001","","F","F","F","F","F","","","","",0,0,0,0,0,0,0,0,0,59,"BAL","TEX","BAL",0,"F","F",5,7,1,28,5,"T","F",3,3,"T","T","sundj001","oliva001","T","T",9,1,58,4,8,55,0,0,0,"skagd101","skagd101","",0,0,0,0,0,0,0,0,0,0,0,0,1,"singk001","F","F","F","F",0,4,4,0,1,0,0,0,0,0,F,F,"1978BAL.EVA.regular.event.csv",3061
"BAL197807151","TEX",6,0,2,0,0,"",6,7,"sundj001","?","sundj001","?","flinj101","?","flinj101","?","skagd101","murre001","dauer001","decid001","belam101","kellp101","harll101","singk001","benij001","bondb101","","S8.2-H;1-3","F","F",2,3,20,"T","T",1,"F","F",0,"F","F",1,"F","F",8,"","F","F","",0,0,"N",0,"N",0,"N",1,3,4,0,"","","","","F","F","F","F","F","F","F","F","F","martd001","martd001","","F","F","F","F","F","","","","",0,0,0,0,0,0,0,0,0,60,"BAL","TEX","BAL",0,"F","F",6,7,2,29,6,"T","F",3,5,"T","T","oliva001","hargm001","F","F",8,2,59,9,1,58,0,0,0,"skagd101","skagd101","",0,0,0,0,0,0,0,0,0,0,0,0,1,"harll101","F","F","F","F",0,0,4,0,0,0,0,0,0,0,F,F,"1978BAL.EVA.regular.event.csv",3062
"BAL197807151","TEX",6,0,2,0,0,"",7,7,"oliva001","?","oliva001","?","martt001","?","martt001","?","skagd101","murre001","dauer001","decid001","belam101","kellp101","harll101","singk001","sundj001","","benij001","7","F","F",10,4,2,"T","T",0,"F","F",1,"F","F",0,"F","F",7,"F","F","F","",0,0,"N",0,"N",0,"N",0,1,0,3,"7","","","","F","F","F","F","F","F","F","F","F","flinj101","","martd001","F","F","F","F","F","","","","",0,7,0,0,0,0,0,0,0,61,"BAL","TEX","BAL",0,"F","T",7,7,3,30,7,"T","F",5,5,"T","T","hargm001","bevak001","F","F",2,3,60,0,0,0,8,2,59,"skagd101","","skagd101",0,0,0,0,0,0,0,0,0,0,0,0,0,"kellp101","F","F","F","F",0,0,0,0,0,0,0,0,0,0,F,F,"1978BAL.EVA.regular.event.csv",3063
"BAL197807151","TEX",6,1,0,0,0,"",7,7,"singk001","?","singk001","?","barkl001","?","barkl001","?","sundj001","hargm001","willb101","bevak001","masoj101","lowej001","benij001","bondb101","","","","W","T","F",9,3,14,"T","F",0,"F","F",0,"F","F",0,"F","F",0,"","F","F","",0,0,"N",0,"N",0,"N",1,0,0,0,"","","","","F","F","F","F","F","F","F","F","F","","","","F","F","F","F","F","","","","",0,0,0,0,0,0,0,0,0,62,"BAL","BAL","TEX",1,"T","F",7,7,0,29,0,"T","F",0,1,"T","T","crowt101","kellp101","F","F",0,0,0,0,0,0,0,0,0,"","","",0,0,0,0,0,0,0,0,0,0,0,0,0,"","F","F","F","F",3,0,0,0,0,0,0,0,0,0,F,F,"1978BAL.EVA.regular.event.csv",3064
"BAL197807151","TEX",6,1,0,0,0,"",7,7,"crowt101","?","crowt101","?","barkl001","?","barkl001","?","sundj001","hargm001","willb101","bevak001","masoj101","lowej001","benij001","bondb101","singk001","","","W.1-2","F","F",10,4,14,"T","F",0,"F","F",0,"F","F",0,"F","F",0,"","F","F","",0,0,"N",0,"N",0,"N",1,2,0,0,"","","","","F","F","F","F","F","F","F","F","F","barkl001","","","F","F","F","F","F","","","","",0,0,0,0,0,0,0,0,0,63,"BAL","BAL","TEX",1,"F","F",7,7,0,30,1,"T","F",1,3,"T","T","kellp101","decid001","F","F",9,3,62,0,0,0,0,0,0,"sundj001","","",0,0,0,0,0,0,0,0,0,0,0,0,0,"","F","F","F","F",2,3,0,0,0,0,0,0,0,0,F,F,"1978BAL.EVA.regular.event.csv",3065
"BAL197807151","TEX",6,1,0,0,0,"",7,7,"kellp101","?","kellp101","?","barkl001","?","barkl001","?","sundj001","hargm001","willb101","bevak001","masoj101","lowej001","benij001","bondb101","crowt101","singk001","","K","F","F",7,5,3,"T","T",0,"F","F",1,"F","F",0,"F","F",0,"","F","F","",0,0,"N",0,"N",0,"N",0,1,2,0,"2","","","","F","F","F","F","F","F","F","F","F","barkl001","barkl001","","F","F","F","F","F","","","","",0,2,0,0,0,0,0,0,0,64,"BAL","BAL","TEX",1,"F","F",7,7,0,31,2,"T","F",3,3,"T","T","decid001","murre001","F","F",10,4,63,9,3,62,0,0,0,"sundj001","sundj001","",0,0,0,0,0,0,0,0,0,0,0,0,0,"","F","F","F","F",0,2,3,0,0,0,0,0,0,0,F,F,"1978BAL.EVA.regular.event.csv",3066
"BAL197807151","TEX",6,1,1,0,0,"",7,7,"decid001","?","decid001","?","barkl001","?","barkl001","?","sundj001","hargm001","willb101","bevak001","masoj101","lowej001","benij001","bondb101","crowt101","singk001","","HP.2-3;1-2","F","F",5,6,16,"T","F",0,"F","F",0,"F","F",0,"F","F",0,"","F","F","",0,0,"N",0,"N",0,"N",1,2,3,0,"","","","","F","F","F","F","F","F","F","F","F","barkl001","barkl001","","F","F","F","F","F","","","","",0,0,0,0,0,0,0,0,0,65,"BAL","BAL","TEX",1,"F","F",7,7,0,32,3,"T","F",3,7,"T","T","murre001","belam101","F","F",10,4,63,9,3,62,0,0,0,"sundj001","sundj001","",0,0,0,0,0,0,0,0,0,0,0,0,0,"","F","F","F","F",1,2,3,0,0,0,0,0,0,0,F,F,"1978BAL.EVA.regular.event.csv",3067
"BAL197807151","TEX",6,1,1,0,0,"",7,7,"murre001","?","murre001","?","barkl001","?","barkl001","?","sundj001","hargm001","willb101","bevak001","masoj101","lowej001","benij001","bondb101","decid001","crowt101","singk001","K/C","F","F",3,7,3,"T","T",0,"F","F",1,"F","F",0,"F","F",0,"","F","F","",0,0,"N",0,"N",0,"N",0,1,2,3,"2","","","","F","F","F","F","F","F","F","F","F","barkl001","barkl001","barkl001","F","F","F","F","F","","","","",0,2,0,0,0,0,0,0,0,66,"BAL","BAL","TEX",1,"F","F",7,7,0,33,4,"T","F",7,7,"T","T","belam101","skagd101","F","F",5,6,65,10,4,63,9,3,62,"sundj001","sundj001","sundj001",0,0,0,0,0,0,0,0,0,0,0,0,0,"","F","F","F","F",0,1,2,3,0,0,0,0,0,0,F,F,"1978BAL.EVA.regular.event.csv",3068
"BAL197807151","TEX",6,1,2,0,0,"",7,7,"may-l101","?","may-l101","?","barkl001","?","barkl001","?","sundj001","hargm001","willb101","bevak001","masoj101","lowej001","benij001","bondb101","decid001","crowt101","singk001","K/C","F","T",11,8,3,"T","T",0,"F","F",1,"F","F",0,"F","F",0,"","F","F","",0,0,"N",0,"N",0,"N",0,1,2,3,"2","","","","F","F","F","F","F","F","F","F","F","barkl001","barkl001","barkl001","F","F","F","F","F","","","","belam101",6,2,0,0,0,0,0,0,0,67,"BAL","BAL","TEX",1,"F","T",7,7,0,34,5,"T","F",7,7,"F","F","skagd101","harll101","F","F",5,6,65,10,4,63,9,3,62,"sundj001","sundj001","sundj001",0,0,0,0,0,0,0,0,0,0,0,0,0,"","F","F","F","F",0,1,2,3,0,0,0,0,0,0,F,F,"1978BAL.EVA.regular.event.csv",3069
"BAL197807151","TEX",7,0,0,0,0,"",7,7,"hargm001","?","hargm001","?","martt001","?","martt001","?","skagd101","murre001","dauer001","decid001","garck001","kellp101","harll101","singk001","","","","7","T","F",3,5,2,"T","T",0,"F","F",1,"F","F",0,"F","F",7,"F","F","F","",0,0,"N",0,"N",0,"N",0,0,0,0,"7","","","","F","F","F","F","F","F","F","F","F","","","","F","F","F","F","F","","","","",0,7,0,0,0,0,0,0,0,68,"BAL","TEX","BAL",0,"T","F",7,7,0,31,0,"T","F",0,0,"T","T","bevak001","lowej001","F","F",0,0,0,0,0,0,0,0,0,"","","",0,0,0,0,0,0,0,0,0,0,0,0,0,"kellp101","F","F","F","F",0,0,0,0,0,0,0,0,0,0,F,F,"1978BAL.EVA.regular.event.csv",3070
"BAL197807151","TEX",7,0,1,0,0,"",7,7,"bevak001","?","bevak001","?","martt001","?","martt001","?","skagd101","murre001","dauer001","decid001","garck001","kellp101","harll101","singk001","","","","K/C","F","F",5,6,3,"T","T",0,"F","F",1,"F","F",0,"F","F",0,"","F","F","",0,0,"N",0,"N",0,"N",0,0,0,0,"2","","","","F","F","F","F","F","F","F","F","F","","","","F","F","F","F","F","","","","",0,2,0,0,0,0,0,0,0,69,"BAL","TEX","BAL",0,"F","F",7,7,0,32,1,"T","F",0,0,"T","T","lowej001","willb101","F","F",0,0,0,0,0,0,0,0,0,"","","",0,0,0,0,0,0,0,0,0,0,0,0,0,"","F","F","F","F",0,0,0,0,0,0,0,0,0,0,F,F,"1978BAL.EVA.regular.event.csv",3071
"BAL197807151","TEX",7,0,2,0,0,"",7,7,"lowej001","?","lowej001","?","martt001","?","martt001","?","skagd101","murre001","dauer001","decid001","garck001","kellp101","harll101","singk001","","","","K","F","F",7,7,3,"T","T",0,"F","F",1,"F","F",0,"F","F",0,"","F","F","",0,0,"N",0,"N",0,"N",0,0,0,0,"2","","","","F","F","F","F","F","F","F","F","F","","","","F","F","F","F","F","","","","",0,2,0,0,0,0,0,0,0,70,"BAL","TEX","BAL",0,"F","T",7,7,0,33,2,"T","F",0,0,"T","T","willb101","masoj101","F","F",0,0,0,0,0,0,0,0,0,"","","",0,0,0,0,0,0,0,0,0,0,0,0,0,"","F","F","F","F",0,0,0,0,0,0,0,0,0,0,F,F,"1978BAL.EVA.regular.event.csv",3072
"BAL197807151","TEX",7,1,0,0,0,"",7,7,"dempr001","?","dempr001","?","barkl001","?","barkl001","?","sundj001","hargm001","willb101","bevak001","masoj101","lowej001","benij001","bondb101","","","","43","T","T",11,9,2,"T","T",0,"F","F",1,"F","F",0,"F","F",4,"G","F","F","",0,0,"N",0,"N",0,"N",0,0,0,0,"43","","","","F","F","F","F","F","F","F","F","F","","","","F","F","F","F","F","","","","skagd101",2,3,0,0,4,0,0,0,0,71,"BAL","BAL","TEX",1,"T","F",7,7,0,35,0,"T","F",0,0,"F","F","harll101","dauer001","F","F",0,0,0,0,0,0,0,0,0,"","","",0,0,0,0,0,0,0,0,0,0,0,0,0,"willb101","F","F","F","F",0,0,0,0,1,0,0,0,0,0,F,F,"1978BAL.EVA.regular.event.csv",3073
"BAL197807151","TEX",7,1,1,0,0,"",7,7,"harll101","?","harll101","?","barkl001","?","barkl001","?","sundj001","hargm001","willb101","bevak001","masoj101","lowej001","benij001","bondb101","","","","W","F","F",8,1,14,"T","F",0,"F","F",0,"F","F",0,"F","F",0,"","F","F","",0,0,"N",0,"N",0,"N",1,0,0,0,"","","","","F","F","F","F","F","F","F","F","F","","","","F","F","F","F","F","","","","",0,0,0,0,0,0,0,0,0,72,"BAL","BAL","TEX",1,"F","F",7,7,0,36,1,"T","F",0,1,"T","T","dauer001","singk001","F","F",0,0,0,0,0,0,0,0,0,"","","",0,0,0,0,0,0,0,0,0,0,0,0,0,"","F","F","F","F",5,0,0,0,1,0,0,0,0,0,F,F,"1978BAL.EVA.regular.event.csv",3074
"BAL197807151","TEX",7,1,1,0,0,"",7,7,"dauer001","?","dauer001","?","barkl001","?","barkl001","?","sundj001","hargm001","willb101","bevak001","masoj101","lowej001","benij001","bondb101","harll101","","","53.1-2","F","F",4,2,2,"T","T",0,"F","F",1,"F","F",0,"F","F",5,"G","F","F","",0,0,"N",0,"N",0,"N",0,2,0,0,"53","","","","F","F","F","F","F","F","F","F","F","barkl001","","","F","F","F","F","F","","","","",0,3,0,0,5,0,0,0,0,73,"BAL","BAL","TEX",1,"F","F",7,7,0,37,2,"T","F",1,2,"T","T","singk001","crowt101","F","F",8,1,72,0,0,0,0,0,0,"sundj001","","",0,0,0,0,0,0,0,0,0,0,0,0,0,"bevak001","F","F","F","F",0,5,0,0,1,0,0,0,0,0,F,F,"1978BAL.EVA.regular.event.csv",3075
"BAL197807151","TEX",7,1,2,0,0,"",7,7,"singk001","?","singk001","?","barkl001","?","barkl001","?","sundj001","hargm001","willb101","bevak001","masoj101","lowej001","benij001","bondb101","","harll101","","E6/G.2-H(E6/TH)(UR);B-2","F","F",9,3,18,"T","T",0,"F","F",0,"F","F",0,"F","F",6,"G","F","F","",2,6,"F",6,"T",0,"N",2,0,5,0,"","","","","F","F","F","F","F","F","F","F","F","","barkl001","","F","F","F","F","F","","","","",0,0,0,0,0,0,0,0,0,74,"BAL","BAL","TEX",1,"F","F",7,7,0,38,3,"T","F",2,2,"T","T","crowt101","kellp101","F","F",0,0,0,8,1,72,0,0,0,"","sundj001","",0,0,0,0,0,0,0,0,0,0,0,0,1,"masoj101","F","F","F","T",2,0,5,0,0,0,0,0,0,0,F,F,"1978BAL.EVA.regular.event.csv",3076
"BAL197807151","TEX",7,1,2,0,0,"",7,8,"crowt101","?","crowt101","?","barkl001","?","barkl001","?","sundj001","hargm001","willb101","bevak001","masoj101","lowej001","benij001","bondb101","","lopec101","","7","F","F",10,4,2,"T","T",0,"F","F",1,"F","F",0,"F","F",7,"F","F","F","",0,0,"N",0,"N",0,"N",0,0,2,0,"7","","","","F","F","F","F","F","F","F","F","F","","barkl001","","F","F","F","T","F","","singk001","","",0,7,0,0,0,0,0,0,0,75,"BAL","BAL","TEX",1,"F","T",8,7,1,39,4,"T","F",2,2,"T","T","kellp101","decid001","F","F",0,0,0,0,3,74,0,0,0,"","sundj001","",0,0,0,0,0,0,0,0,0,0,0,0,0,"lowej001","F","F","F","F",0,0,2,0,0,0,0,0,0,0,F,F,"1978BAL.EVA.regular.event.csv",3077
"BAL197807151","TEX",8,0,0,0,0,"",7,8,"willb101","?","willb101","?","martt001","?","martt001","?","dempr001","murre001","dauer001","decid001","garck001","kellp101","harll101","lopec101","","","","53","T","F",4,8,2,"T","T",0,"F","F",1,"F","F",0,"F","F",5,"G","F","F","",0,0,"N",0,"N",0,"N",0,0,0,0,"53","","","","F","F","F","F","F","F","F","F","F","","","","F","F","F","F","F","","","","",0,3,0,0,5,0,0,0,0,76,"BAL","TEX","BAL",0,"T","F",7,8,0,34,0,"T","F",0,0,"T","T","masoj101","bondb101","F","F",0,0,0,0,0,0,0,0,0,"","","",0,0,0,0,0,0,0,0,0,0,0,0,0,"decid001","F","F","F","F",0,0,0,0,0,0,0,0,0,0,F,F,"1978BAL.EVA.regular.event.csv",3078
"BAL197807151","TEX",8,0,1,0,0,"",7,8,"campb101","?","campb101","?","martt001","?","martt001","?","dempr001","murre001","dauer001","decid001","garck001","kellp101","harll101","lopec101","","","","8","F","T",11,9,2,"T","T",0,"F","F",1,"F","F",0,"F","F",8,"F","F","F","",0,0,"N",0,"N",0,"N",0,0,0,0,"8","","","","F","F","F","F","F","F","F","F","F","","","","F","F","F","F","F","","","","masoj101",6,8,0,0,0,0,0,0,0,77,"BAL","TEX","BAL",0,"F","F",7,8,0,35,1,"T","F",0,0,"F","F","bondb101","benij001","F","F",0,0,0,0,0,0,0,0,0,"","","",0,0,0,0,0,0,0,0,0,0,0,0,0,"harll101","F","F","F","F",0,0,0,0,0,0,0,0,0,0,F,F,"1978BAL.EVA.regular.event.csv",3079
"BAL197807151","TEX",8,0,2,0,0,"",7,8,"bondb101","?","bondb101","?","martt001","?","martt001","?","dempr001","murre001","dauer001","decid001","garck001","kellp101","harll101","lopec101","","","","K","F","F",9,1,3,"T","T",0,"F","F",1,"F","F",0,"F","F",0,"","F","F","",0,0,"N",0,"N",0,"N",0,0,0,0,"2","","","","F","F","F","F","F","F","F","F","F","","","","F","F","F","F","F","","","","",0,2,0,0,0,0,0,0,0,78,"BAL","TEX","BAL",0,"F","T",7,8,0,36,2,"T","F",0,0,"T","T","benij001","sundj001","F","F",0,0,0,0,0,0,0,0,0,"","","",0,0,0,0,0,0,0,0,0,0,0,0,0,"","F","F","F","F",0,0,0,0,0,0,0,0,0,0,F,F,"1978BAL.EVA.regular.event.csv",3080
"BAL197807151","TEX",8,1,0,0,0,"",7,8,"kellp101","?","kellp101","?","barkl001","?","barkl001","?","sundj001","hargm001","willb101","bevak001","campb101","lowej001","benij001","bondb101","","","","6/P","T","F",7,5,2,"T","T",0,"F","F",1,"F","F",0,"F","F",6,"P","F","F","",0,0,"N",0,"N",0,"N",0,0,0,0,"6","","","","F","F","F","F","F","F","F","F","F","","","","F","F","F","F","F","","","","",0,6,0,0,0,0,0,0,0,79,"BAL","BAL","TEX",1,"T","F",8,7,0,40,0,"T","F",0,0,"T","T","decid001","murre001","F","F",0,0,0,0,0,0,0,0,0,"","","",0,0,0,0,0,0,0,0,0,0,0,0,0,"campb101","F","F","F","F",0,0,0,0,0,0,0,0,0,0,F,F,"1978BAL.EVA.regular.event.csv",3081
"BAL197807151","TEX",8,1,1,0,0,"",7,8,"decid001","?","decid001","?","barkl001","?","barkl001","?","sundj001","hargm001","willb101","bevak001","campb101","lowej001","benij001","bondb101","","","","53","F","F",5,6,2,"T","T",0,"F","F",1,"F","F",0,"F","F",5,"G","F","F","",0,0,"N",0,"N",0,"N",0,0,0,0,"53","","","","F","F","F","F","F","F","F","F","F","","","","F","F","F","F","F","","","","",0,3,0,0,5,0,0,0,0,80,"BAL","BAL","TEX",1,"F","F",8,7,0,41,1,"T","F",0,0,"T","T","murre001","garck001","F","F",0,0,0,0,0,0,0,0,0,"","","",0,0,0,0,0,0,0,0,0,0,0,0,0,"bevak001","F","F","F","F",0,0,0,0,0,0,0,0,0,0,F,F,"1978BAL.EVA.regular.event.csv",3082
"BAL197807151","TEX",8,1,2,0,0,"",7,8,"murre001","?","murre001","?","barkl001","?","barkl001","?","sundj001","hargm001","willb101","bevak001","campb101","lowej001","benij001","bondb101","","","","D7","F","F",3,7,21,"T","T",2,"F","F",0,"F","F",0,"F","F",7,"","F","F","",0,0,"N",0,"N",0,"N",2,0,0,0,"","","","","F","F","F","F","F","F","F","F","F","","","","F","F","F","F","F","","","","",0,0,0,0,0,0,0,0,0,81,"BAL","BAL","TEX",1,"F","F",8,7,0,42,2,"T","F",0,2,"T","T","garck001","dempr001","F","F",0,0,0,0,0,0,0,0,0,"","","",0,0,0,0,0,0,0,0,0,0,0,0,0,"lowej001","F","F","F","F",2,0,0,0,0,0,0,0,0,0,F,F,"1978BAL.EVA.regular.event.csv",3083
"BAL197807151","TEX",8,1,2,0,0,"",7,8,"garck001","?","garck001","?","barkl001","?","barkl001","?","sundj001","hargm001","willb101","bevak001","campb101","lowej001","benij001","bondb101","","murre001","","9","F","F",6,8,2,"T","T",0,"F","F",1,"F","F",0,"F","F",9,"F","F","F","",0,0,"N",0,"N",0,"N",0,0,2,0,"9","","","","F","F","F","F","F","F","F","F","F","","barkl001","","F","F","F","F","F","","","","",0,9,0,0,0,0,0,0,0,82,"BAL","BAL","TEX",1,"F","T",8,7,0,43,3,"T","F",2,2,"F","F","dempr001","harll101","F","F",0,0,0,3,7,81,0,0,0,"","sundj001","",0,0,0,0,0,0,0,0,0,0,0,0,0,"bondb101","F","F","F","F",0,0,2,0,0,0,0,0,0,0,F,F,"1978BAL.EVA.regular.event.csv",3084
"BAL197807151","TEX",9,0,0,0,0,"",7,8,"benij001","?","benij001","?","martt001","?","martt001","?","dempr001","murre001","dauer001","decid001","garck001","andem101","harll101","lopec101","","","","13","T","F",8,2,2,"T","T",0,"F","F",1,"F","F",0,"F","F",1,"G","F","F","",0,0,"N",0,"N",0,"N",0,0,0,0,"13","","","","F","F","F","F","F","F","F","F","F","","","","F","F","F","F","F","","","","",0,3,0,0,1,0,0,0,0,83,"BAL","TEX","BAL",0,"T","F",7,8,0,37,0,"T","F",0,0,"T","T","sundj001","oliva001","F","F",0,0,0,0,0,0,0,0,0,"","","",0,0,0,0,0,0,0,0,0,0,0,0,0,"martt001","F","F","F","F",0,0,0,0,0,0,0,0,0,0,F,F,"1978BAL.EVA.regular.event.csv",3085
"BAL197807151","TEX",9,0,1,0,0,"",7,8,"sundj001","?","sundj001","?","martt001","?","martt001","?","dempr001","murre001","dauer001","decid001","garck001","andem101","harll101","lopec101","","","","W","F","F",2,3,14,"T","F",0,"F","F",0,"F","F",0,"F","F",0,"","F","F","",0,0,"N",0,"N",0,"N",1,0,0,0,"","","","","F","F","F","F","F","F","F","F","F","","","","F","F","F","F","F","","","","",0,0,0,0,0,0,0,0,0,84,"BAL","TEX","BAL",0,"F","F",7,8,0,38,1,"T","F",0,1,"T","T","oliva001","hargm001","F","F",0,0,0,0,0,0,0,0,0,"","","",0,0,0,0,0,0,0,0,0,0,0,0,0,"","F","F","F","F",0,0,0,0,0,0,0,0,0,0,F,F,"1978BAL.EVA.regular.event.csv",3086
"BAL197807151","TEX",9,0,1,0,0,"",7,8,"oliva001","?","oliva001","?","martt001","?","martt001","?","dempr001","murre001","dauer001","decid001","garck001","andem101","harll101","lopec101","harrt001","","","6(1)3/GDP","F","F",10,4,2,"T","T",0,"F","F",2,"T","F",0,"F","F",6,"G","F","F","",0,0,"N",0,"N",0,"N",0,0,0,0,"63","6","","","F","F","F","F","F","F","F","F","F","martt001","","","F","T","T","F","F","sundj001","","","",0,6,3,0,6,0,0,0,0,85,"BAL","TEX","BAL",0,"F","T",7,8,0,39,2,"T","F",1,0,"T","T","hargm001","bevak001","F","F",0,3,84,0,0,0,0,0,0,"dempr001","","",0,0,0,0,0,0,0,0,0,0,0,0,0,"garck001","T","F","F","F",0,0,0,0,0,0,0,0,0,0,F,F,"1978BAL.EVA.regular.event.csv",3087
"BAL197807152","TEX",1,0,0,0,0,"",0,0,"bondb101","?","bondb101","?","palmj001","?","palmj001","?","dempr001","murre001","dauer001","decid001","garck001","moraa101","harll101","singk001","","","","K","T","F",9,1,3,"T","T",0,"F","F",1,"F","F",0,"F","F",0,"","F","F","",0,0,"N",0,"N",0,"N",0,0,0,0,"2","","","","F","F","F","F","F","F","F","F","F","","","","T","F","F","F","F","","","","",0,2,0,0,0,0,0,0,0,1,"BAL","TEX","BAL",0,"T","F",0,0,0,0,0,"T","F",0,0,"T","T","benij001","lowej001","T","T",0,0,0,0,0,0,0,0,0,"","","",0,0,0,0,0,0,0,0,0,0,0,0,0,"","F","F","F","F",0,0,0,0,1,0,0,0,0,0,F,F,"1978BAL.EVA.regular.event.csv",3088
"BAL197807152","TEX",1,0,1,0,0,"",0,0,"benij001","?","benij001","?","palmj001","?","palmj001","?","dempr001","murre001","dauer001","decid001","garck001","moraa101","harll101","singk001","","","","8","F","F",8,2,2,"T","T",0,"F","F",1,"F","F",0,"F","F",8,"F","F","F","",0,0,"N",0,"N",0,"N",0,0,0,0,"8","","","","F","F","F","F","F","F","F","F","F","","","","F","F","F","F","F","","","","",0,8,0,0,0,0,0,0,0,2,"BAL","TEX","BAL",0,"F","F",0,0,0,1,1,"T","F",0,0,"T","T","lowej001","oliva001","T","T",0,0,0,0,0,0,0,0,0,"","","",0,0,0,0,0,0,0,0,0,0,0,0,0,"harll101","F","F","F","F",0,0,0,0,1,0,0,0,0,0,F,F,"1978BAL.EVA.regular.event.csv",3089
"BAL197807152","TEX",1,0,2,0,0,"",0,0,"lowej001","?","lowej001","?","palmj001","?","palmj001","?","dempr001","murre001","dauer001","decid001","garck001","moraa101","harll101","singk001","","","","HR/9","F","F",7,3,23,"T","T",4,"F","F",0,"F","F",1,"F","F",0,"","F","F","9",0,0,"N",0,"N",0,"N",4,0,0,0,"","","","","F","F","F","F","F","F","F","F","F","","","","F","F","F","F","F","","","","",0,0,0,0,0,0,0,0,0,3,"BAL","TEX","BAL",0,"F","F",0,0,0,2,2,"T","F",0,0,"T","T","oliva001","hargm001","T","T",0,0,0,0,0,0,0,0,0,"","","",0,0,0,0,0,0,0,0,0,0,0,0,1,"","F","F","F","F",4,0,0,0,0,0,0,0,0,0,F,F,"1978BAL.EVA.regular.event.csv",3090
"BAL197807152","TEX",1,0,2,0,0,"",1,0,"oliva001","?","oliva001","?","palmj001","?","palmj001","?","dempr001","murre001","dauer001","decid001","garck001","moraa101","harll101","singk001","","","","43","F","F",10,4,2,"T","T",0,"F","F",1,"F","F",0,"F","F",4,"G","F","F","",0,0,"N",0,"N",0,"N",0,0,0,0,"43","","","","F","F","F","F","F","F","F","F","F","","","","F","F","F","F","F","","","","",0,3,0,0,4,0,0,0,0,4,"BAL","TEX","BAL",0,"F","T",1,0,1,3,3,"T","F",0,0,"T","T","hargm001","bevak001","T","T",0,0,0,0,0,0,0,0,0,"","","",0,0,0,0,0,0,0,0,0,0,0,0,0,"dauer001","F","F","F","F",0,0,0,0,0,0,0,0,0,0,F,F,"1978BAL.EVA.regular.event.csv",3091
"BAL197807152","TEX",1,1,0,0,0,"",1,0,"harll101","?","harll101","?","medid101","?","medid101","?","ellij101","hargm001","willb101","bevak001","campb101","lowej001","benij001","bondb101","","","","43","T","F",8,1,2,"T","T",0,"F","F",1,"F","F",0,"F","F",4,"G","F","F","",0,0,"N",0,"N",0,"N",0,0,0,0,"43","","","","F","F","F","F","F","F","F","F","F","","","","F","F","F","F","F","","","","",0,3,0,0,4,0,0,0,0,5,"BAL","BAL","TEX",1,"T","F",0,1,0,0,0,"T","F",0,0,"T","T","dauer001","singk001","T","T",0,0,0,0,0,0,0,0,0,"","","",0,0,0,0,0,0,0,0,0,0,0,0,0,"willb101","F","F","F","F",0,0,0,0,0,0,0,0,0,0,F,F,"1978BAL.EVA.regular.event.csv",3092
"BAL197807152","TEX",1,1,1,0,0,"",1,0,"dauer001","?","dauer001","?","medid101","?","medid101","?","ellij101","hargm001","willb101","bevak001","campb101","lowej001","benij001","bondb101","","","","53","F","F",4,2,2,"T","T",0,"F","F",1,"F","F",0,"F","F",5,"G","F","F","",0,0,"N",0,"N",0,"N",0,0,0,0,"53","","","","F","F","F","F","F","F","F","F","F","","","","F","F","F","F","F","","","","",0,3,0,0,5,0,0,0,0,6,"BAL","BAL","TEX",1,"F","F",0,1,0,1,1,"T","F",0,0,"T","T","singk001","murre001","T","T",0,0,0,0,0,0,0,0,0,"","","",0,0,0,0,0,0,0,0,0,0,0,0,0,"bevak001","F","F","F","F",0,0,0,0,0,0,0,0,0,0,F,F,"1978BAL.EVA.regular.event.csv",3093
"BAL197807152","TEX",1,1,2,0,0,"",1,0,"singk001","?","singk001","?","medid101","?","medid101","?","ellij101","hargm001","willb101","bevak001","campb101","lowej001","benij001","bondb101","","","","3/G","F","F",9,3,2,"T","T",0,"F","F",1,"F","F",0,"F","F",3,"G","F","F","",0,0,"N",0,"N",0,"N",0,0,0,0,"3","","","","F","F","F","F","F","F","F","F","F","","","","F","F","F","F","F","","","","",0,3,0,0,0,0,0,0,0,7,"BAL","BAL","TEX",1,"F","T",0,1,0,2,2,"T","F",0,0,"T","T","murre001","may-l101","T","T",0,0,0,0,0,0,0,0,0,"","","",0,0,0,0,0,0,0,0,0,0,0,0,0,"hargm001","F","F","F","F",0,0,0,0,0,0,0,0,0,0,F,F,"1978BAL.EVA.regular.event.csv",3094
"BAL197807152","TEX",2,0,0,0,0,"",1,0,"hargm001","?","hargm001","?","palmj001","?","palmj001","?","dempr001","murre001","dauer001","decid001","garck001","moraa101","harll101","singk001","","","","D/89","T","F",3,5,21,"T","T",2,"F","F",0,"F","F",0,"F","F",0,"","F","F","89",0,0,"N",0,"N",0,"N",2,0,0,0,"","","","","F","F","F","F","F","F","F","F","F","","","","F","F","F","F","F","","","","",0,0,0,0,0,0,0,0,0,8,"BAL","TEX","BAL",0,"T","F",1,0,0,4,0,"T","F",0,2,"T","T","bevak001","ellij101","T","T",0,0,0,0,0,0,0,0,0,"","","",0,0,0,0,0,0,0,0,0,0,0,0,0,"","F","F","F","F",4,0,0,0,1,0,0,0,0,0,F,F,"1978BAL.EVA.regular.event.csv",3095
"BAL197807152","TEX",2,0,0,0,0,"",1,0,"bevak001","?","bevak001","?","palmj001","?","palmj001","?","dempr001","murre001","dauer001","decid001","garck001","moraa101","harll101","singk001","","hargm001","","D7.2-H","F","F",5,6,21,"T","T",2,"F","F",0,"F","F",1,"F","F",7,"","F","F","",0,0,"N",0,"N",0,"N",2,0,4,0,"","","","","F","F","F","F","F","F","F","F","F","","palmj001","","F","F","F","F","F","","","","",0,0,0,0,0,0,0,0,0,9,"BAL","TEX","BAL",0,"F","F",1,0,0,5,1,"T","F",2,2,"T","T","ellij101","willb101","T","T",0,0,0,3,5,8,0,0,0,"","dempr001","",0,0,0,0,0,0,0,0,0,0,0,0,1,"moraa101","F","F","F","F",0,0,4,0,0,0,0,0,0,0,F,F,"1978BAL.EVA.regular.event.csv",3096
"BAL197807152","TEX",2,0,0,0,0,"",2,0,"ellij101","?","ellij101","?","palmj001","?","palmj001","?","dempr001","murre001","dauer001","decid001","garck001","moraa101","harll101","singk001","","bevak001","","6/P","F","F",2,7,2,"T","T",0,"F","F",1,"F","F",0,"F","F",6,"P","F","F","",0,0,"N",0,"N",0,"N",0,0,2,0,"6","","","","F","F","F","F","F","F","F","F","F","","palmj001","","F","F","F","F","F","","","","",0,6,0,0,0,0,0,0,0,10,"BAL","TEX","BAL",0,"F","F",2,0,1,6,2,"T","F",2,2,"T","T","willb101","campb101","T","T",0,0,0,5,6,9,0,0,0,"","dempr001","",0,0,0,0,0,0,0,0,0,0,0,0,0,"garck001","F","F","F","F",0,0,0,0,0,0,0,0,0,0,F,F,"1978BAL.EVA.regular.event.csv",3097
"BAL197807152","TEX",2,0,1,0,0,"",2,0,"willb101","?","willb101","?","palmj001","?","palmj001","?","dempr001","murre001","dauer001","decid001","garck001","moraa101","harll101","singk001","","bevak001","","63","F","F",4,8,2,"T","T",0,"F","F",1,"F","F",0,"F","F",6,"G","F","F","",0,0,"N",0,"N",0,"N",0,0,2,0,"63","","","","F","F","F","F","F","F","F","F","F","","palmj001","","F","F","F","F","F","","","","",0,3,0,0,6,0,0,0,0,11,"BAL","TEX","BAL",0,"F","F",2,0,1,7,3,"T","F",2,2,"T","T","campb101","bondb101","T","T",0,0,0,5,6,9,0,0,0,"","dempr001","",0,0,0,0,0,0,0,0,0,0,0,0,0,"garck001","F","F","F","F",0,0,0,0,0,0,0,0,0,0,F,F,"1978BAL.EVA.regular.event.csv",3098
"BAL197807152","TEX",2,0,2,0,0,"",2,0,"campb101","?","campb101","?","palmj001","?","palmj001","?","dempr001","murre001","dauer001","decid001","garck001","moraa101","harll101","singk001","","bevak001","","63","F","F",6,9,2,"T","T",0,"F","F",1,"F","F",0,"F","F",6,"G","F","F","",0,0,"N",0,"N",0,"N",0,0,2,0,"63","","","","F","F","F","F","F","F","F","F","F","","palmj001","","F","F","F","F","F","","","","",0,3,0,0,6,0,0,0,0,12,"BAL","TEX","BAL",0,"F","T",2,0,1,8,4,"T","F",2,2,"T","T","bondb101","benij001","T","T",0,0,0,5,6,9,0,0,0,"","dempr001","",0,0,0,0,0,0,0,0,0,0,0,0,0,"garck001","F","F","F","F",0,0,0,0,0,0,0,0,0,0,F,F,"1978BAL.EVA.regular.event.csv",3099
"BAL197807152","TEX",2,1,0,0,0,"",2,0,"murre001","?","murre001","?","medid101","?","medid101","?","ellij101","hargm001","willb101","bevak001","campb101","lowej001","benij001","bondb101","","","","63","T","F",3,4,2,"T","T",0,"F","F",1,"F","F",0,"F","F",6,"G","F","F","",0,0,"N",0,"N",0,"N",0,0,0,0,"63","","","","F","F","F","F","F","F","F","F","F","","","","F","F","F","F","F","","","","",0,3,0,0,6,0,0,0,0,13,"BAL","BAL","TEX",1,"T","F",0,2,0,3,0,"T","F",0,0,"T","T","may-l101","moraa101","T","T",0,0,0,0,0,0,0,0,0,"","","",0,0,0,0,0,0,0,0,0,0,0,0,0,"campb101","F","F","F","F",0,0,0,0,0,0,0,0,0,0,F,F,"1978BAL.EVA.regular.event.csv",3100
"BAL197807152","TEX",2,1,1,0,0,"",2,0,"may-l101","?","may-l101","?","medid101","?","medid101","?","ellij101","hargm001","willb101","bevak001","campb101","lowej001","benij001","bondb101","","","","K","F","F",10,5,3,"T","T",0,"F","F",1,"F","F",0,"F","F",0,"","F","F","",0,0,"N",0,"N",0,"N",0,0,0,0,"2","","","","F","F","F","F","F","F","F","F","F","","","","F","F","F","F","F","","","","",0,2,0,0,0,0,0,0,0,14,"BAL","BAL","TEX",1,"F","F",0,2,0,4,1,"T","F",0,0,"T","T","moraa101","decid001","T","T",0,0,0,0,0,0,0,0,0,"","","",0,0,0,0,0,0,0,0,0,0,0,0,0,"","F","F","F","F",0,0,0,0,0,0,0,0,0,0,F,F,"1978BAL.EVA.regular.event.csv",3101
"BAL197807152","TEX",2,1,2,0,0,"",2,0,"moraa101","?","moraa101","?","medid101","?","medid101","?","ellij101","hargm001","willb101","bevak001","campb101","lowej001","benij001","bondb101","","","","S9","F","F",7,6,20,"T","T",1,"F","F",0,"F","F",0,"F","F",9,"","F","F","",0,0,"N",0,"N",0,"N",1,0,0,0,"","","","","F","F","F","F","F","F","F","F","F","","","","F","F","F","F","F","","","","",0,0,0,0,0,0,0,0,0,15,"BAL","BAL","TEX",1,"F","F",0,2,0,5,2,"T","F",0,1,"T","T","decid001","dempr001","T","T",0,0,0,0,0,0,0,0,0,"","","",0,0,0,0,0,0,0,0,0,0,0,0,0,"bondb101","F","F","F","F",0,0,0,0,0,0,0,0,0,0,F,F,"1978BAL.EVA.regular.event.csv",3102
"BAL197807152","TEX",2,1,2,0,0,"",2,0,"decid001","?","decid001","?","medid101","?","medid101","?","ellij101","hargm001","willb101","bevak001","campb101","lowej001","benij001","bondb101","moraa101","","","64(1)/FO","F","F",5,7,2,"T","T",0,"F","F",1,"F","F",0,"F","F",6,"G","F","F","",0,0,"N",0,"N",0,"N",1,0,0,0,"","64","","","F","F","F","F","F","F","F","F","F","medid101","","","F","F","F","F","F","","","","",0,4,0,0,6,0,0,0,0,16,"BAL","BAL","TEX",1,"F","T",0,2,0,6,3,"T","F",1,1,"T","T","dempr001","garck001","T","T",7,6,15,0,0,0,0,0,0,"ellij101","","",0,0,0,0,0,0,0,0,0,0,0,0,0,"campb101","T","F","F","F",0,0,0,0,0,0,0,0,0,0,F,F,"1978BAL.EVA.regular.event.csv",3103
"BAL197807152","TEX",3,0,0,0,0,"",2,0,"bondb101","?","bondb101","?","palmj001","?","palmj001","?","dempr001","murre001","dauer001","decid001","garck001","moraa101","harll101","singk001","","","","W","T","F",9,1,14,"T","F",0,"F","F",0,"F","F",0,"F","F",0,"","F","F","",0,0,"N",0,"N",0,"N",1,0,0,0,"","","","","F","F","F","F","F","F","F","F","F","","","","F","F","F","F","F","","","","",0,0,0,0,0,0,0,0,0,17,"BAL","TEX","BAL",0,"T","F",2,0,0,9,0,"T","F",0,1,"T","T","benij001","lowej001","T","T",0,0,0,0,0,0,0,0,0,"","","",0,0,0,0,0,0,0,0,0,0,0,0,0,"","F","F","F","F",0,0,0,0,0,0,0,0,0,0,F,F,"1978BAL.EVA.regular.event.csv",3104
"BAL197807152","TEX",3,0,0,0,0,"",2,0,"benij001","?","benij001","?","palmj001","?","palmj001","?","dempr001","murre001","dauer001","decid001","garck001","moraa101","harll101","singk001","bondb101","","","CS2(26)","F","F",8,2,6,"F","F",0,"F","F",1,"F","F",0,"F","F",0,"","F","F","",0,0,"N",0,"N",0,"N",0,0,0,0,"","26","","","F","F","F","T","F","F","F","F","F","palmj001","","","F","F","F","F","F","","","","",0,6,0,0,2,0,0,0,0,18,"BAL","TEX","BAL",0,"F","F",2,0,0,10,1,"T","F",1,0,"T","T","lowej001","oliva001","T","T",9,1,17,0,0,0,0,0,0,"dempr001","","",0,0,0,0,0,0,0,0,0,0,0,0,0,"","F","F","F","F",0,0,0,0,0,0,0,0,0,0,F,F,"1978BAL.EVA.regular.event.csv",3105
"BAL197807152","TEX",3,0,1,0,0,"",2,0,"benij001","?","benij001","?","palmj001","?","palmj001","?","dempr001","murre001","dauer001","decid001","garck001","moraa101","harll101","singk001","","","","9","F","F",8,2,2,"T","T",0,"F","F",1,"F","F",0,"F","F",9,"F","F","F","",0,0,"N",0,"N",0,"N",0,0,0,0,"9","","","","F","F","F","F","F","F","F","F","F","","","","F","F","F","F","F","","","","",0,9,0,0,0,0,0,0,0,19,"BAL","TEX","BAL",0,"F","F",2,0,0,10,1,"F","F",0,0,"T","T","lowej001","oliva001","T","T",0,0,0,0,0,0,0,0,0,"","","",0,0,0,0,0,0,0,0,0,0,0,0,0,"singk001","F","F","F","F",0,0,0,0,0,0,0,0,0,0,F,F,"1978BAL.EVA.regular.event.csv",3106
"BAL197807152","TEX",3,0,2,0,0,"",2,0,"lowej001","?","lowej001","?","palmj001","?","palmj001","?","dempr001","murre001","dauer001","decid001","garck001","moraa101","harll101","singk001","","","","53","F","F",7,3,2,"T","T",0,"F","F",1,"F","F",0,"F","F",5,"G","F","F","",0,0,"N",0,"N",0,"N",0,0,0,0,"53","","","","F","F","F","F","F","F","F","F","F","","","","F","F","F","F","F","","","","",0,3,0,0,5,0,0,0,0,20,"BAL","TEX","BAL",0,"F","T",2,0,0,11,2,"T","F",0,0,"T","T","oliva001","hargm001","T","T",0,0,0,0,0,0,0,0,0,"","","",0,0,0,0,0,0,0,0,0,0,0,0,0,"decid001","F","F","F","F",0,0,0,0,0,0,0,0,0,0,F,F,"1978BAL.EVA.regular.event.csv",3107
"BAL197807152","TEX",3,1,0,0,0,"",2,0,"dempr001","?","dempr001","?","medid101","?","medid101","?","ellij101","hargm001","willb101","bevak001","campb101","lowej001","benij001","bondb101","","","","S9","T","F",2,8,20,"T","T",1,"F","F",0,"F","F",0,"F","F",9,"","F","F","",0,0,"N",0,"N",0,"N",1,0,0,0,"","","","","F","F","F","F","F","F","F","F","F","","","","F","F","F","F","F","","","","",0,0,0,0,0,0,0,0,0,21,"BAL","BAL","TEX",1,"T","F",0,2,0,7,0,"T","F",0,1,"T","T","garck001","harll101","T","T",0,0,0,0,0,0,0,0,0,"","","",0,0,0,0,0,0,0,0,0,0,0,0,0,"bondb101","F","F","F","F",0,0,0,0,0,0,0,0,0,0,F,F,"1978BAL.EVA.regular.event.csv",3108
"BAL197807152","TEX",3,1,0,0,0,"",2,0,"garck001","?","garck001","?","medid101","?","medid101","?","ellij101","hargm001","willb101","bevak001","campb101","lowej001","benij001","bondb101","dempr001","","","4(1)3/GDP","F","F",6,9,2,"T","T",0,"F","F",2,"T","F",0,"F","F",4,"G","F","F","",0,0,"N",0,"N",0,"N",0,0,0,0,"43","4","","","F","F","F","F","F","F","F","F","F","medid101","","","F","F","F","F","F","","","","",0,4,3,0,4,0,0,0,0,22,"BAL","BAL","TEX",1,"F","F",0,2,0,8,1,"T","F",1,0,"T","T","harll101","dauer001","T","T",2,8,21,0,0,0,0,0,0,"ellij101","","",0,0,0,0,0,0,0,0,0,0,0,0,0,"willb101","T","F","F","F",0,0,0,0,0,0,0,0,0,0,F,F,"1978BAL.EVA.regular.event.csv",3109
"BAL197807152","TEX",3,1,2,0,0,"",2,0,"harll101","?","harll101","?","medid101","?","medid101","?","ellij101","hargm001","willb101","bevak001","campb101","lowej001","benij001","bondb101","","","","S8","F","F",8,1,20,"T","T",1,"F","F",0,"F","F",0,"F","F",8,"","F","F","",0,0,"N",0,"N",0,"N",1,0,0,0,"","","","","F","F","F","F","F","F","F","F","F","","","","F","F","F","F","F","","","","",0,0,0,0,0,0,0,0,0,23,"BAL","BAL","TEX",1,"F","F",0,2,0,9,2,"T","F",0,1,"T","T","dauer001","singk001","T","T",0,0,0,0,0,0,0,0,0,"","","",0,0,0,0,0,0,0,0,0,0,0,0,0,"benij001","F","F","F","F",0,0,0,0,0,0,0,0,0,0,F,F,"1978BAL.EVA.regular.event.csv",3110
"BAL197807152","TEX",3,1,2,0,0,"",2,0,"dauer001","?","dauer001","?","medid101","?","medid101","?","ellij101","hargm001","willb101","bevak001","campb101","lowej001","benij001","bondb101","harll101","","","2/FL","F","F",4,2,2,"T","T",0,"F","F",1,"F","F",0,"F","F",2,"F","F","T","",0,0,"N",0,"N",0,"N",0,1,0,0,"2","","","","F","F","F","F","F","F","F","F","F","medid101","","","F","F","F","F","F","","","","",0,2,0,0,0,0,0,0,0,24,"BAL","BAL","TEX",1,"F","T",0,2,0,10,3,"T","F",1,1,"T","T","singk001","murre001","T","T",8,1,23,0,0,0,0,0,0,"ellij101","","",0,0,0,0,0,0,0,0,0,0,0,0,0,"ellij101","F","F","F","F",0,0,0,0,0,0,0,0,0,0,F,F,"1978BAL.EVA.regular.event.csv",3111
"BAL197807152","TEX",4,0,0,0,0,"",2,0,"oliva001","?","oliva001","?","palmj001","?","palmj001","?","dempr001","murre001","dauer001","decid001","garck001","moraa101","harll101","singk001","","","","7","T","F",10,4,2,"T","T",0,"F","F",1,"F","F",0,"F","F",7,"F","F","F","",0,0,"N",0,"N",0,"N",0,0,0,0,"7","","","","F","F","F","F","F","F","F","F","F","","","","F","F","F","F","F","","","","",0,7,0,0,0,0,0,0,0,25,"BAL","TEX","BAL",0,"T","F",2,0,0,12,0,"T","F",0,0,"T","T","hargm001","bevak001","T","T",0,0,0,0,0,0,0,0,0,"","","",0,0,0,0,0,0,0,0,0,0,0,0,0,"moraa101","F","F","F","F",0,0,0,0,0,0,0,0,0,0,F,F,"1978BAL.EVA.regular.event.csv",3112
"BAL197807152","TEX",4,0,1,0,0,"",2,0,"hargm001","?","hargm001","?","palmj001","?","palmj001","?","dempr001","murre001","dauer001","decid001","garck001","moraa101","harll101","singk001","","","","S9","F","F",3,5,20,"T","T",1,"F","F",0,"F","F",0,"F","F",9,"","F","F","",0,0,"N",0,"N",0,"N",1,0,0,0,"","","","","F","F","F","F","F","F","F","F","F","","","","F","F","F","F","F","","","","",0,0,0,0,0,0,0,0,0,26,"BAL","TEX","BAL",0,"F","F",2,0,0,13,1,"T","F",0,1,"T","T","bevak001","ellij101","T","T",0,0,0,0,0,0,0,0,0,"","","",0,0,0,0,0,0,0,0,0,0,0,0,0,"singk001","F","F","F","F",0,0,0,0,0,0,0,0,0,0,F,F,"1978BAL.EVA.regular.event.csv",3113
"BAL197807152","TEX",4,0,1,0,0,"",2,0,"bevak001","?","bevak001","?","palmj001","?","palmj001","?","dempr001","murre001","dauer001","decid001","garck001","moraa101","harll101","singk001","hargm001","","","S8.1-3","F","F",5,6,20,"T","T",1,"F","F",0,"F","F",0,"F","F",8,"","F","F","",0,0,"N",0,"N",0,"N",1,3,0,0,"","","","","F","F","F","F","F","F","F","F","F","palmj001","","","F","F","F","F","F","","","","",0,0,0,0,0,0,0,0,0,27,"BAL","TEX","BAL",0,"F","F",2,0,0,14,2,"T","F",1,5,"T","T","ellij101","willb101","T","T",3,5,26,0,0,0,0,0,0,"dempr001","","",0,0,0,0,0,0,0,0,0,0,0,0,0,"harll101","F","F","F","F",0,0,0,0,0,0,0,0,0,0,F,F,"1978BAL.EVA.regular.event.csv",3114
"BAL197807152","TEX",4,0,1,0,0,"",2,0,"ellij101","?","ellij101","?","palmj001","?","palmj001","?","dempr001","murre001","dauer001","decid001","garck001","moraa101","harll101","singk001","bevak001","","hargm001","K","F","F",2,7,3,"T","T",0,"F","F",1,"F","F",0,"F","F",0,"","F","F","",0,0,"N",0,"N",0,"N",0,1,0,3,"2","","","","F","F","F","F","F","F","F","F","F","palmj001","","palmj001","F","F","F","F","F","","","","",0,2,0,0,0,0,0,0,0,28,"BAL","TEX","BAL",0,"F","F",2,0,0,15,3,"T","F",5,5,"T","T","willb101","campb101","T","T",5,6,27,0,0,0,3,5,26,"dempr001","","dempr001",0,0,0,0,0,0,0,0,0,0,0,0,0,"","F","F","F","F",0,0,0,0,0,0,0,0,0,0,F,F,"1978BAL.EVA.regular.event.csv",3115
"BAL197807152","TEX",4,0,2,0,0,"",2,0,"willb101","?","willb101","?","palmj001","?","palmj001","?","dempr001","murre001","dauer001","decid001","garck001","moraa101","harll101","singk001","bevak001","","hargm001","43","F","F",4,8,2,"T","T",0,"F","F",1,"F","F",0,"F","F",4,"G","F","F","",0,0,"N",0,"N",0,"N",0,1,0,3,"43","","","","F","F","F","F","F","F","F","F","F","palmj001","","palmj001","F","F","F","F","F","","","","",0,3,0,0,4,0,0,0,0,29,"BAL","TEX","BAL",0,"F","T",2,0,0,16,4,"T","F",5,5,"T","T","campb101","bondb101","T","T",5,6,27,0,0,0,3,5,26,"dempr001","","dempr001",0,0,0,0,0,0,0,0,0,0,0,0,0,"dauer001","F","F","F","F",0,0,0,0,0,0,0,0,0,0,F,F,"1978BAL.EVA.regular.event.csv",3116
"BAL197807152","TEX",4,1,0,0,0,"",2,0,"singk001","?","singk001","?","medid101","?","medid101","?","ellij101","hargm001","willb101","bevak001","campb101","lowej001","benij001","bondb101","","","","43","T","F",9,3,2,"T","T",0,"F","F",1,"F","F",0,"F","F",4,"G","F","F","",0,0,"N",0,"N",0,"N",0,0,0,0,"43","","","","F","F","F","F","F","F","F","F","F","","","","F","F","F","F","F","","","","",0,3,0,0,4,0,0,0,0,30,"BAL","BAL","TEX",1,"T","F",0,2,0,11,0,"T","F",0,0,"T","T","murre001","may-l101","T","T",0,0,0,0,0,0,0,0,0,"","","",0,0,0,0,0,0,0,0,0,0,0,0,0,"willb101","F","F","F","F",0,0,0,0,0,0,0,0,0,0,F,F,"1978BAL.EVA.regular.event.csv",3117
"BAL197807152","TEX",4,1,1,0,0,"",2,0,"murre001","?","murre001","?","medid101","?","medid101","?","ellij101","hargm001","willb101","bevak001","campb101","lowej001","benij001","bondb101","","","","K","F","F",3,4,3,"T","T",0,"F","F",1,"F","F",0,"F","F",0,"","F","F","",0,0,"N",0,"N",0,"N",0,0,0,0,"2","","","","F","F","F","F","F","F","F","F","F","","","","F","F","F","F","F","","","","",0,2,0,0,0,0,0,0,0,31,"BAL","BAL","TEX",1,"F","F",0,2,0,12,1,"T","F",0,0,"T","T","may-l101","moraa101","T","T",0,0,0,0,0,0,0,0,0,"","","",0,0,0,0,0,0,0,0,0,0,0,0,0,"","F","F","F","F",0,0,0,0,0,0,0,0,0,0,F,F,"1978BAL.EVA.regular.event.csv",3118
"BAL197807152","TEX",4,1,2,0,0,"",2,0,"may-l101","?","may-l101","?","medid101","?","medid101","?","ellij101","hargm001","willb101","bevak001","campb101","lowej001","benij001","bondb101","","","","S9","F","F",10,5,20,"T","T",1,"F","F",0,"F","F",0,"F","F",9,"","F","F","",0,0,"N",0,"N",0,"N",1,0,0,0,"","","","","F","F","F","F","F","F","F","F","F","","","","F","F","F","F","F","","","","",0,0,0,0,0,0,0,0,0,32,"BAL","BAL","TEX",1,"F","F",0,2,0,13,2,"T","F",0,1,"T","T","moraa101","decid001","T","T",0,0,0,0,0,0,0,0,0,"","","",0,0,0,0,0,0,0,0,0,0,0,0,0,"bondb101","F","F","F","F",0,0,0,0,0,0,0,0,0,0,F,F,"1978BAL.EVA.regular.event.csv",3119
"BAL197807152","TEX",4,1,2,0,0,"",2,0,"moraa101","?","moraa101","?","medid101","?","medid101","?","ellij101","hargm001","willb101","bevak001","campb101","lowej001","benij001","bondb101","may-l101","","","4/FL","F","F",7,6,2,"T","T",0,"F","F",1,"F","F",0,"F","F",4,"F","F","T","",0,0,"N",0,"N",0,"N",0,1,0,0,"4","","","","F","F","F","F","F","F","F","F","F","medid101","","","F","F","F","F","F","","","","",0,4,0,0,0,0,0,0,0,33,"BAL","BAL","TEX",1,"F","T",0,2,0,14,3,"T","F",1,1,"T","T","decid001","dempr001","T","T",10,5,32,0,0,0,0,0,0,"ellij101","","",0,0,0,0,0,0,0,0,0,0,0,0,0,"willb101","F","F","F","F",0,0,0,0,0,0,0,0,0,0,F,F,"1978BAL.EVA.regular.event.csv",3120
"BAL197807152","TEX",5,0,0,0,0,"",2,0,"campb101","?","campb101","?","palmj001","?","palmj001","?","dempr001","murre001","dauer001","decid001","garck001","moraa101","harll101","singk001","","","","S7","T","F",6,9,20,"T","T",1,"F","F",0,"F","F",0,"F","F",7,"","F","F","",0,0,"N",0,"N",0,"N",1,0,0,0,"","","","","F","F","F","F","F","F","F","F","F","","","","F","F","F","F","F","","","","",0,0,0,0,0,0,0,0,0,34,"BAL","TEX","BAL",0,"T","F",2,0,0,17,0,"T","F",0,1,"T","T","bondb101","benij001","T","T",0,0,0,0,0,0,0,0,0,"","","",0,0,0,0,0,0,0,0,0,0,0,0,0,"moraa101","F","F","F","F",4,0,0,0,7,0,0,0,0,0,F,F,"1978BAL.EVA.regular.event.csv",3121
"BAL197807152","TEX",5,0,0,0,0,"",2,0,"bondb101","?","bondb101","?","palmj001","?","palmj001","?","dempr001","murre001","dauer001","decid001","garck001","moraa101","harll101","singk001","campb101","","","S7.1-2","F","F",9,1,20,"T","T",1,"F","F",0,"F","F",0,"F","F",7,"","F","F","",0,0,"N",0,"N",0,"N",1,2,0,0,"","","","","F","F","F","F","F","F","F","F","F","palmj001","","","F","F","F","F","F","","","","",0,0,0,0,0,0,0,0,0,35,"BAL","TEX","BAL",0,"F","F",2,0,0,18,1,"T","F",1,3,"T","T","benij001","lowej001","T","T",6,9,34,0,0,0,0,0,0,"dempr001","","",0,0,0,0,0,0,0,0,0,0,0,0,0,"moraa101","F","F","F","F",4,4,0,0,7,0,0,0,0,0,F,F,"1978BAL.EVA.regular.event.csv",3122
"BAL197807152","TEX",5,0,0,0,0,"",2,0,"benij001","?","benij001","?","palmj001","?","palmj001","?","dempr001","murre001","dauer001","decid001","garck001","moraa101","harll101","singk001","bondb101","campb101","","S5/BG.2-H(E5/TH);1-3;B-2","F","F",8,2,20,"T","T",1,"F","F",0,"F","F",0,"F","F",5,"G","T","F","",1,5,"T",0,"N",0,"N",2,3,4,0,"","","","","F","F","F","F","F","F","F","F","F","palmj001","palmj001","","F","F","F","F","F","","","","",0,0,0,0,0,0,0,0,0,36,"BAL","TEX","BAL",0,"F","F",2,0,0,19,2,"T","F",3,6,"T","T","lowej001","oliva001","T","T",9,1,35,6,9,34,0,0,0,"dempr001","dempr001","",0,0,0,0,0,0,0,0,0,0,0,0,1,"decid001","F","F","F","F",4,4,4,0,6,0,0,0,0,0,F,F,"1978BAL.EVA.regular.event.csv",3123
"BAL197807152","TEX",5,0,0,0,0,"",3,0,"lowej001","?","lowej001","?","palmj001","?","palmj001","?","dempr001","murre001","dauer001","decid001","garck001","moraa101","harll101","singk001","","benij001","bondb101","IW","F","F",7,3,15,"T","F",0,"F","F",0,"F","F",0,"F","F",0,"","F","F","",0,0,"N",0,"N",0,"N",1,0,2,3,"","","","","F","F","F","F","F","F","F","F","F","","palmj001","palmj001","F","F","F","F","F","","","","",0,0,0,0,0,0,0,0,0,37,"BAL","TEX","BAL",0,"F","F",3,0,1,20,3,"T","F",6,7,"T","T","oliva001","hargm001","T","T",0,0,0,8,2,36,9,1,35,"","dempr001","dempr001",0,0,0,0,0,0,0,0,0,0,0,0,0,"","F","F","F","F",5,0,4,4,6,0,0,0,0,0,F,F,"1978BAL.EVA.regular.event.csv",3124
"BAL197807152","TEX",5,0,0,0,0,"",3,0,"oliva001","?","oliva001","?","palmj001","?","palmj001","?","dempr001","murre001","dauer001","decid001","garck001","moraa101","harll101","singk001","lowej001","benij001","bondb101","BK.3-H;2-3;1-2","F","F",10,4,11,"F","F",0,"F","F",0,"F","F",0,"F","F",0,"","F","F","",0,0,"N",0,"N",0,"N",0,2,3,4,"","","","","F","F","F","F","F","F","F","F","F","palmj001","palmj001","palmj001","F","F","F","F","F","","","","",0,0,0,0,0,0,0,0,0,38,"BAL","TEX","BAL",0,"F","F",3,0,1,21,4,"T","F",7,6,"T","T","hargm001","bevak001","T","T",7,3,37,8,2,36,9,1,35,"dempr001","dempr001","dempr001",0,0,0,0,0,0,0,0,0,0,0,0,1,"","F","F","F","F",0,5,4,4,5,0,0,0,0,0,F,F,"1978BAL.EVA.regular.event.csv",3125
"BAL197807152","TEX",5,0,0,0,0,"",4,0,"oliva001","?","oliva001","?","palmj001","?","palmj001","?","dempr001","murre001","dauer001","decid001","garck001","moraa101","harll101","singk001","","lowej001","benij001","5/FL","F","F",10,4,2,"T","T",0,"F","F",1,"F","F",0,"F","F",5,"F","F","T","",0,0,"N",0,"N",0,"N",0,0,2,3,"5","","","","F","F","F","F","F","F","F","F","F","","palmj001","palmj001","F","F","F","F","F","","","","",0,5,0,0,0,0,0,0,0,39,"BAL","TEX","BAL",0,"F","F",4,0,2,21,4,"F","F",6,6,"T","T","hargm001","bevak001","T","T",0,0,0,7,3,37,8,2,36,"","dempr001","dempr001",0,0,0,0,0,0,0,0,0,0,0,0,0,"decid001","F","F","F","F",0,0,5,4,5,0,0,0,0,0,F,F,"1978BAL.EVA.regular.event.csv",3126
"BAL197807152","TEX",5,0,1,0,0,"",4,0,"hargm001","?","hargm001","?","flinj101","?","flinj101","?","dempr001","murre001","dauer001","decid001","garck001","moraa101","harll101","singk001","","lowej001","benij001","IW","F","F",3,5,15,"T","F",0,"F","F",0,"F","F",0,"F","F",0,"","F","F","",0,0,"N",0,"N",0,"N",1,0,2,3,"","","","","F","F","F","F","F","F","F","F","F","","palmj001","palmj001","F","F","F","F","F","","","","",0,0,0,0,0,0,0,0,0,40,"BAL","TEX","BAL",0,"F","F",4,0,2,22,5,"T","F",6,7,"T","T","bevak001","ellij101","F","F",0,0,0,7,3,37,8,2,36,"","dempr001","dempr001",0,0,0,0,0,0,0,0,0,0,0,0,0,"","F","F","F","F",5,0,5,4,5,0,0,0,0,0,F,F,"1978BAL.EVA.regular.event.csv",3127
"BAL197807152","TEX",5,0,1,0,0,"",4,0,"bevak001","?","bevak001","?","flinj101","?","flinj101","?","dempr001","murre001","dauer001","decid001","garck001","moraa101","harll101","singk001","hargm001","lowej001","benij001","E6/G.3-H;2-3;1-2","F","F",5,6,18,"T","T",0,"F","F",0,"F","F",1,"F","F",6,"G","F","F","",1,6,"F",0,"N",0,"N",1,2,3,4,"","","","","F","F","F","F","F","F","F","F","F","flinj101","palmj001","palmj001","F","F","F","F","F","","","","",0,0,0,0,0,0,0,0,0,41,"BAL","TEX","BAL",0,"F","F",4,0,2,23,6,"T","F",7,7,"T","T","ellij101","willb101","F","F",3,5,40,7,3,37,8,2,36,"dempr001","dempr001","dempr001",0,0,0,0,0,0,0,0,0,0,0,0,1,"garck001","F","F","F","T",5,5,5,4,4,0,0,0,0,0,F,F,"1978BAL.EVA.regular.event.csv",3128
"BAL197807152","TEX",5,0,1,0,0,"",5,0,"ellij101","?","ellij101","?","flinj101","?","flinj101","?","dempr001","murre001","dauer001","decid001","garck001","moraa101","harll101","singk001","bevak001","hargm001","lowej001","K","F","F",2,7,3,"T","T",0,"F","F",1,"F","F",0,"F","F",0,"","F","F","",0,0,"N",0,"N",0,"N",0,1,2,3,"2","","","","F","F","F","F","F","F","F","F","F","flinj101","flinj101","palmj001","F","F","F","F","F","","","","",0,2,0,0,0,0,0,0,0,42,"BAL","TEX","BAL",0,"F","F",5,0,3,24,7,"T","F",7,7,"T","T","willb101","campb101","F","F",5,6,41,3,5,40,7,3,37,"dempr001","dempr001","dempr001",0,0,0,0,0,0,0,0,0,0,0,0,0,"","F","F","F","F",0,5,5,5,4,0,0,0,0,0,F,F,"1978BAL.EVA.regular.event.csv",3129
"BAL197807152","TEX",5,0,2,0,0,"",5,0,"willb101","?","willb101","?","flinj101","?","flinj101","?","dempr001","murre001","dauer001","decid001","garck001","moraa101","harll101","singk001","bevak001","hargm001","lowej001","W.3-H(UR);2-3;1-2","F","F",4,8,14,"T","F",0,"F","F",0,"F","F",1,"F","F",0,"","F","F","",0,0,"N",0,"N",0,"N",1,2,3,5,"","","","","F","F","F","F","F","F","F","F","F","flinj101","flinj101","palmj001","F","F","F","F","F","","","","",0,0,0,0,0,0,0,0,0,43,"BAL","TEX","BAL",0,"F","F",5,0,3,25,8,"T","F",7,7,"T","T","campb101","bondb101","F","F",5,6,41,3,5,40,7,3,37,"dempr001","dempr001","dempr001",0,0,0,0,0,0,0,0,0,0,0,0,1,"","F","F","F","F",5,5,5,5,3,0,0,0,0,0,F,F,"1978BAL.EVA.regular.event.csv",3130
"BAL197807152","TEX",5,0,2,0,0,"",6,0,"campb101","?","campb101","?","flinj101","?","flinj101","?","dempr001","murre001","dauer001","decid001","garck001","moraa101","harll101","singk001","willb101","bevak001","hargm001","S9.3-H(UR);2-H(UR);1-2","F","F",6,9,20,"T","T",1,"F","F",0,"F","F",2,"F","F",9,"","F","F","",0,0,"N",0,"N",0,"N",1,2,5,5,"","","","","F","F","F","F","F","F","F","F","F","flinj101","flinj101","flinj101","F","F","F","F","F","","","","",0,0,0,0,0,0,0,0,0,44,"BAL","TEX","BAL",0,"F","F",6,0,4,26,9,"T","F",7,3,"T","T","bondb101","benij001","F","F",4,8,43,5,6,41,3,5,40,"dempr001","dempr001","dempr001",0,0,0,0,0,0,0,0,0,0,0,0,2,"singk001","F","F","F","F",3,5,5,5,1,0,0,0,0,0,F,F,"1978BAL.EVA.regular.event.csv",3131
"BAL197807152","TEX",5,0,2,0,0,"",8,0,"bondb101","?","bondb101","?","flinj101","?","flinj101","?","dempr001","murre001","dauer001","decid001","garck001","moraa101","harll101","singk001","campb101","willb101","","W.2-3;1-2","F","F",9,1,14,"T","F",0,"F","F",0,"F","F",0,"F","F",0,"","F","F","",0,0,"N",0,"N",0,"N",1,2,3,0,"","","","","F","F","F","F","F","F","F","F","F","flinj101","flinj101","","F","F","F","F","F","","","","",0,0,0,0,0,0,0,0,0,45,"BAL","TEX","BAL",0,"F","F",8,0,6,27,10,"T","F",3,7,"T","T","benij001","lowej001","F","F",6,9,44,4,8,43,0,0,0,"dempr001","dempr001","",0,0,0,0,0,0,0,0,0,0,0,0,0,"","F","F","F","F",2,3,5,0,1,0,0,0,0,0,F,F,"1978BAL.EVA.regular.event.csv",3132
"BAL197807152","TEX",5,0,2,0,0,"",8,0,"benij001","?","benij001","?","flinj101","?","flinj101","?","dempr001","murre001","dauer001","decid001","garck001","moraa101","harll101","singk001","thomb106","campb101","willb101","W.3-H(UR);2-3;1-2","F","F",8,2,14,"T","F",0,"F","F",0,"F","F",1,"F","F",0,"","F","F","",0,0,"N",0,"N",0,"N",1,2,3,5,"","","","","F","F","F","F","F","F","F","F","F","flinj101","flinj101","flinj101","F","F","T","F","F","bondb101","","","",0,0,0,0,0,0,0,0,0,46,"BAL","TEX","BAL",0,"F","F",8,0,6,28,11,"T","F",7,7,"T","T","lowej001","oliva001","F","F",0,1,45,6,9,44,4,8,43,"dempr001","dempr001","dempr001",0,0,0,0,0,0,0,0,0,0,0,0,1,"","F","F","F","F",1,2,3,5,0,0,0,0,0,0,F,F,"1978BAL.EVA.regular.event.csv",3133
"BAL197807152","TEX",5,0,2,0,0,"",9,0,"lowej001","?","lowej001","?","stepe101","?","stepe101","?","dempr001","murre001","dauer001","decid001","garck001","moraa101","harll101","singk001","benij001","thomb106","campb101","9/L","F","F",7,3,2,"T","T",0,"F","F",1,"F","F",0,"F","F",9,"L","F","F","",0,0,"N",0,"N",0,"N",0,1,2,3,"9","","","","F","F","F","F","F","F","F","F","F","flinj101","flinj101","flinj101","F","F","F","F","F","","","","",0,9,0,0,0,0,0,0,0,47,"BAL","TEX","BAL",0,"F","T",9,0,7,29,12,"T","F",7,7,"T","T","oliva001","hargm001","F","F",8,2,46,0,1,45,6,9,44,"dempr001","dempr001","dempr001",0,0,0,0,0,0,0,0,0,0,0,0,0,"singk001","F","F","F","F",0,1,2,3,0,0,0,0,0,0,F,F,"1978BAL.EVA.regular.event.csv",3134
"BAL197807152","TEX",5,1,0,0,0,"",9,0,"decid001","?","decid001","?","medid101","?","medid101","?","ellij101","hargm001","willb101","bevak001","campb101","lowej001","benij001","thomb106","","","","HR/7","T","F",5,7,23,"T","T",4,"F","F",0,"F","F",1,"F","F",0,"","F","F","7",0,0,"N",0,"N",0,"N",4,0,0,0,"","","","","F","F","F","F","F","F","F","F","F","","","","F","F","F","F","F","","","","",0,0,0,0,0,0,0,0,0,48,"BAL","BAL","TEX",1,"T","F",0,9,0,15,0,"T","F",0,0,"T","T","dempr001","garck001","T","T",0,0,0,0,0,0,0,0,0,"","","",0,0,0,0,0,0,0,0,0,0,0,0,1,"","F","F","F","F",4,0,0,0,0,0,0,0,0,0,F,F,"1978BAL.EVA.regular.event.csv",3135
"BAL197807152","TEX",5,1,0,0,0,"",9,1,"dempr001","?","dempr001","?","medid101","?","medid101","?","ellij101","hargm001","willb101","bevak001","campb101","lowej001","benij001","thomb106","","","","W","F","F",2,8,14,"T","F",0,"F","F",0,"F","F",0,"F","F",0,"","F","F","",0,0,"N",0,"N",0,"N",1,0,0,0,"","","","","F","F","F","F","F","F","F","F","F","","","","F","F","F","F","F","","","","",0,0,0,0,0,0,0,0,0,49,"BAL","BAL","TEX",1,"F","F",1,9,1,16,1,"T","F",0,1,"T","T","garck001","harll101","T","T",0,0,0,0,0,0,0,0,0,"","","",0,0,0,0,0,0,0,0,0,0,0,0,0,"","F","F","F","F",0,0,0,0,0,0,0,0,0,0,F,F,"1978BAL.EVA.regular.event.csv",3136
"BAL197807152","TEX",5,1,0,0,0,"",9,1,"garck001","?","garck001","?","medid101","?","medid101","?","ellij101","hargm001","willb101","bevak001","campb101","lowej001","benij001","thomb106","dempr001","","","46(1)/FO","F","F",6,9,2,"T","T",0,"F","F",1,"F","F",0,"F","F",4,"G","F","F","",0,0,"N",0,"N",0,"N",1,0,0,0,"","46","","","F","F","F","F","F","F","F","F","F","medid101","","","F","F","F","F","F","","","","",0,6,0,0,4,0,0,0,0,50,"BAL","BAL","TEX",1,"F","F",1,9,1,17,2,"T","F",1,1,"T","T","harll101","dauer001","T","T",2,8,49,0,0,0,0,0,0,"ellij101","","",0,0,0,0,0,0,0,0,0,0,0,0,0,"willb101","T","F","F","F",0,0,0,0,0,0,0,0,0,0,F,F,"1978BAL.EVA.regular.event.csv",3137
"BAL197807152","TEX",5,1,1,0,0,"",9,1,"harll101","?","harll101","?","medid101","?","medid101","?","ellij101","hargm001","willb101","bevak001","campb101","lowej001","benij001","thomb106","garck001","","","S6.1-2","F","F",8,1,20,"T","T",1,"F","F",0,"F","F",0,"F","F",6,"","F","F","",0,0,"N",0,"N",0,"N",1,2,0,0,"","","","","F","F","F","F","F","F","F","F","F","medid101","","","F","F","F","F","F","","","","",0,0,0,0,0,0,0,0,0,51,"BAL","BAL","TEX",1,"F","F",1,9,1,18,3,"T","F",1,3,"T","T","dauer001","singk001","T","T",6,9,50,0,0,0,0,0,0,"ellij101","","",0,0,0,0,0,0,0,0,0,0,0,0,0,"campb101","F","F","F","F",0,0,0,0,0,0,0,0,0,0,F,F,"1978BAL.EVA.regular.event.csv",3138
"BAL197807152","TEX",5,1,1,0,0,"",9,1,"dauer001","?","dauer001","?","medid101","?","medid101","?","ellij101","hargm001","willb101","bevak001","campb101","lowej001","benij001","thomb106","harll101","garck001","","K","F","F",4,2,3,"T","T",0,"F","F",1,"F","F",0,"F","F",0,"","F","F","",0,0,"N",0,"N",0,"N",0,1,2,0,"2","","","","F","F","F","F","F","F","F","F","F","medid101","medid101","","F","F","F","F","F","","","","",0,2,0,0,0,0,0,0,0,52,"BAL","BAL","TEX",1,"F","F",1,9,1,19,4,"T","F",3,3,"T","T","singk001","murre001","T","T",8,1,51,6,9,50,0,0,0,"ellij101","ellij101","",0,0,0,0,0,0,0,0,0,0,0,0,0,"","F","F","F","F",0,0,0,0,0,0,0,0,0,0,F,F,"1978BAL.EVA.regular.event.csv",3139
"BAL197807152","TEX",5,1,2,0,0,"",9,1,"singk001","?","singk001","?","medid101","?","medid101","?","ellij101","hargm001","willb101","bevak001","campb101","lowej001","benij001","thomb106","harll101","garck001","","K","F","F",9,3,3,"T","T",0,"F","F",1,"F","F",0,"F","F",0,"","F","F","",0,0,"N",0,"N",0,"N",0,1,2,0,"2","","","","F","F","F","F","F","F","F","F","F","medid101","medid101","","F","F","F","F","F","","","","",0,2,0,0,0,0,0,0,0,53,"BAL","BAL","TEX",1,"F","T",1,9,1,20,5,"T","F",3,3,"T","T","murre001","may-l101","T","T",8,1,51,6,9,50,0,0,0,"ellij101","ellij101","",0,0,0,0,0,0,0,0,0,0,0,0,0,"","F","F","F","F",0,0,0,0,0,0,0,0,0,0,F,F,"1978BAL.EVA.regular.event.csv",3140
"BAL197807152","TEX",6,0,0,0,0,"",9,1,"oliva001","?","oliva001","?","stepe101","?","stepe101","?","dempr001","murre001","dauer001","decid001","garck001","moraa101","harll101","singk001","","","","3/G","T","F",10,4,2,"T","T",0,"F","F",1,"F","F",0,"F","F",3,"G","F","F","",0,0,"N",0,"N",0,"N",0,0,0,0,"3","","","","F","F","F","F","F","F","F","F","F","","","","F","F","F","F","F","","","","",0,3,0,0,0,0,0,0,0,54,"BAL","TEX","BAL",0,"T","F",9,1,0,30,0,"T","F",0,0,"T","T","hargm001","bevak001","F","F",0,0,0,0,0,0,0,0,0,"","","",0,0,0,0,0,0,0,0,0,0,0,0,0,"murre001","F","F","F","F",0,0,0,0,0,0,0,0,0,0,F,F,"1978BAL.EVA.regular.event.csv",3141
"BAL197807152","TEX",6,0,1,0,0,"",9,1,"hargm001","?","hargm001","?","stepe101","?","stepe101","?","dempr001","murre001","dauer001","decid001","garck001","moraa101","harll101","singk001","","","","W+PB.B-2","F","F",3,5,14,"T","F",0,"F","F",0,"F","F",0,"F","T",0,"","F","F","",0,0,"N",0,"N",0,"N",2,0,0,0,"","","","","F","F","F","F","F","F","F","F","F","","","","F","F","F","F","F","","","","",0,0,0,0,0,0,0,0,0,55,"BAL","TEX","BAL",0,"F","F",9,1,0,31,1,"T","F",0,2,"T","T","bevak001","ellij101","F","F",0,0,0,0,0,0,0,0,0,"","","",0,0,0,0,0,0,0,0,0,0,0,0,0,"","F","F","F","F",3,0,0,0,0,0,0,0,0,0,F,F,"1978BAL.EVA.regular.event.csv",3142
"BAL197807152","TEX",6,0,1,0,0,"",9,1,"bevak001","?","bevak001","?","stepe101","?","stepe101","?","dempr001","murre001","dauer001","decid001","garck001","moraa101","harll101","singk001","","jorgm001","","W","F","F",5,6,14,"T","F",0,"F","F",0,"F","F",0,"F","F",0,"","F","F","",0,0,"N",0,"N",0,"N",1,0,2,0,"","","","","F","F","F","F","F","F","F","F","F","","stepe101","","F","F","F","T","F","","hargm001","","",0,0,0,0,0,0,0,0,0,56,"BAL","TEX","BAL",0,"F","F",9,1,0,32,2,"T","F",2,3,"T","T","ellij101","willb101","F","F",0,0,0,0,5,55,0,0,0,"","dempr001","",0,0,0,0,0,0,0,0,0,0,0,0,0,"","F","F","F","F",1,0,3,0,0,0,0,0,0,0,F,F,"1978BAL.EVA.regular.event.csv",3143
"BAL197807152","TEX",6,0,1,0,0,"",9,1,"ellij101","?","ellij101","?","stepe101","?","stepe101","?","dempr001","murre001","dauer001","decid001","garck001","moraa101","harll101","singk001","bevak001","jorgm001","","9.2-3","F","F",2,7,2,"T","T",0,"F","F",1,"F","F",0,"F","F",9,"F","F","F","",0,0,"N",0,"N",0,"N",0,1,3,0,"9","","","","F","F","F","F","F","F","F","F","F","stepe101","stepe101","","F","F","F","F","F","","","","",0,9,0,0,0,0,0,0,0,57,"BAL","TEX","BAL",0,"F","F",9,1,0,33,3,"T","F",3,5,"T","T","willb101","campb101","F","F",5,6,56,0,5,55,0,0,0,"dempr001","dempr001","",0,0,0,0,0,0,0,0,0,0,0,0,0,"singk001","F","F","F","F",0,1,3,0,0,0,0,0,0,0,F,F,"1978BAL.EVA.regular.event.csv",3144
"BAL197807152","TEX",6,0,2,0,0,"",9,1,"willb101","?","willb101","?","stepe101","?","stepe101","?","dempr001","murre001","dauer001","decid001","garck001","moraa101","harll101","singk001","bevak001","","jorgm001","K","F","F",4,8,3,"T","T",0,"F","F",1,"F","F",0,"F","F",0,"","F","F","",0,0,"N",0,"N",0,"N",0,1,0,3,"2","","","","F","F","F","F","F","F","F","F","F","stepe101","","stepe101","F","F","F","F","F","","","","",0,2,0,0,0,0,0,0,0,58,"BAL","TEX","BAL",0,"F","T",9,1,0,34,4,"T","F",5,5,"T","T","campb101","thomb106","F","F",5,6,56,0,0,0,0,5,55,"dempr001","","dempr001",0,0,0,0,0,0,0,0,0,0,0,0,0,"","F","F","F","F",0,1,0,3,0,0,0,0,0,0,F,F,"1978BAL.EVA.regular.event.csv",3145
"BAL197807152","TEX",6,1,0,0,0,"",9,1,"murre001","?","murre001","?","medid101","?","medid101","?","ellij101","jorgm001","willb101","bevak001","campb101","lowej001","benij001","thomb106","","","","E4/G","T","F",3,4,18,"T","T",0,"F","F",0,"F","F",0,"F","F",4,"G","F","F","",1,4,"F",0,"N",0,"N",1,0,0,0,"","","","","F","F","F","F","F","F","F","F","F","","","","F","F","F","F","F","","","","",0,0,0,0,0,0,0,0,0,59,"BAL","BAL","TEX",1,"T","F",1,9,0,21,0,"T","F",0,1,"T","T","may-l101","moraa101","T","T",0,0,0,0,0,0,0,0,0,"","","",0,0,0,0,0,0,0,0,0,0,0,0,0,"willb101","F","F","F","T",0,0,0,0,0,0,0,0,0,0,F,F,"1978BAL.EVA.regular.event.csv",3146
"BAL197807152","TEX",6,1,0,0,0,"",9,1,"may-l101","?","may-l101","?","medid101","?","medid101","?","ellij101","jorgm001","willb101","bevak001","campb101","lowej001","benij001","thomb106","murre001","","","9","F","F",10,5,2,"T","T",0,"F","F",1,"F","F",0,"F","F",9,"F","F","F","",0,0,"N",0,"N",0,"N",0,1,0,0,"9","","","","F","F","F","F","F","F","F","F","F","medid101","","","F","F","F","F","F","","","","",0,9,0,0,0,0,0,0,0,60,"BAL","BAL","TEX",1,"F","F",1,9,0,22,1,"T","F",1,1,"T","T","moraa101","decid001","T","T",3,4,59,0,0,0,0,0,0,"ellij101","","",0,0,0,0,0,0,0,0,0,0,0,0,0,"thomb106","F","F","F","F",0,0,0,0,0,0,0,0,0,0,F,F,"1978BAL.EVA.regular.event.csv",3147
"BAL197807152","TEX",6,1,1,0,0,"",9,1,"moraa101","?","moraa101","?","medid101","?","medid101","?","ellij101","jorgm001","willb101","bevak001","campb101","lowej001","benij001","thomb106","murre001","","","8","F","F",7,6,2,"T","T",0,"F","F",1,"F","F",0,"F","F",8,"F","F","F","",0,0,"N",0,"N",0,"N",0,1,0,0,"8","","","","F","F","F","F","F","F","F","F","F","medid101","","","F","F","F","F","F","","","","",0,8,0,0,0,0,0,0,0,61,"BAL","BAL","TEX",1,"F","F",1,9,0,23,2,"T","F",1,1,"T","T","decid001","dempr001","T","T",3,4,59,0,0,0,0,0,0,"ellij101","","",0,0,0,0,0,0,0,0,0,0,0,0,0,"benij001","F","F","F","F",0,0,0,0,0,0,0,0,0,0,F,F,"1978BAL.EVA.regular.event.csv",3148
"BAL197807152","TEX",6,1,2,0,0,"",9,1,"decid001","?","decid001","?","medid101","?","medid101","?","ellij101","jorgm001","willb101","bevak001","campb101","lowej001","benij001","thomb106","murre001","","","13","F","F",5,7,2,"T","T",0,"F","F",1,"F","F",0,"F","F",1,"G","F","F","",0,0,"N",0,"N",0,"N",0,1,0,0,"13","","","","F","F","F","F","F","F","F","F","F","medid101","","","F","F","F","F","F","","","","",0,3,0,0,1,0,0,0,0,62,"BAL","BAL","TEX",1,"F","T",1,9,0,24,3,"T","F",1,1,"T","T","dempr001","garck001","T","T",3,4,59,0,0,0,0,0,0,"ellij101","","",0,0,0,0,0,0,0,0,0,0,0,0,0,"medid101","F","F","F","F",0,0,0,0,0,0,0,0,0,0,F,F,"1978BAL.EVA.regular.event.csv",3149
"BAL197807152","TEX",7,0,0,0,0,"",9,1,"campb101","?","campb101","?","stepe101","?","stepe101","?","dempr001","murre001","dauer001","decid001","garck001","moraa101","harll101","singk001","","","","63","T","F",6,9,2,"T","T",0,"F","F",1,"F","F",0,"F","F",6,"G","F","F","",0,0,"N",0,"N",0,"N",0,0,0,0,"63","","","","F","F","F","F","F","F","F","F","F","","","","F","F","F","F","F","","","","",0,3,0,0,6,0,0,0,0,63,"BAL","TEX","BAL",0,"T","F",9,1,0,35,0,"T","F",0,0,"T","T","thomb106","benij001","F","F",0,0,0,0,0,0,0,0,0,"","","",0,0,0,0,0,0,0,0,0,0,0,0,0,"garck001","F","F","F","F",0,0,0,0,0,0,0,0,0,0,F,F,"1978BAL.EVA.regular.event.csv",3150
"BAL197807152","TEX",7,0,1,0,0,"",9,1,"thomb106","?","thomb106","?","stepe101","?","stepe101","?","dempr001","murre001","dauer001","decid001","garck001","moraa101","harll101","singk001","","","","K","F","F",9,1,3,"T","T",0,"F","F",1,"F","F",0,"F","F",0,"","F","F","",0,0,"N",0,"N",0,"N",0,0,0,0,"2","","","","F","F","F","F","F","F","F","F","F","","","","F","F","F","F","F","","","","",0,2,0,0,0,0,0,0,0,64,"BAL","TEX","BAL",0,"F","F",9,1,0,36,1,"T","F",0,0,"F","F","benij001","lowej001","F","F",0,0,0,0,0,0,0,0,0,"","","",0,0,0,0,0,0,0,0,0,0,0,0,0,"","F","F","F","F",0,0,0,0,0,0,0,0,0,0,F,F,"1978BAL.EVA.regular.event.csv",3151
"BAL197807152","TEX",7,0,2,0,0,"",9,1,"benij001","?","benij001","?","stepe101","?","stepe101","?","dempr001","murre001","dauer001","decid001","garck001","moraa101","harll101","singk001","","","","S7","F","F",8,2,20,"T","T",1,"F","F",0,"F","F",0,"F","F",7,"","F","F","",0,0,"N",0,"N",0,"N",1,0,0,0,"","","","","F","F","F","F","F","F","F","F","F","","","","F","F","F","F","F","","","","",0,0,0,0,0,0,0,0,0,65,"BAL","TEX","BAL",0,"F","F",9,1,0,37,2,"T","F",0,1,"T","T","lowej001","oliva001","F","F",0,0,0,0,0,0,0,0,0,"","","",0,0,0,0,0,0,0,0,0,0,0,0,0,"moraa101","F","F","F","F",0,0,0,0,0,0,0,0,0,0,F,F,"1978BAL.EVA.regular.event.csv",3152
"BAL197807152","TEX",7,0,2,0,0,"",9,1,"lowej001","?","lowej001","?","stepe101","?","stepe101","?","dempr001","murre001","dauer001","decid001","garck001","moraa101","harll101","singk001","benij001","","","6/L","F","F",7,3,2,"T","T",0,"F","F",1,"F","F",0,"F","F",6,"L","F","F","",0,0,"N",0,"N",0,"N",0,1,0,0,"6","","","","F","F","F","F","F","F","F","F","F","stepe101","","","F","F","F","F","F","","","","",0,6,0,0,0,0,0,0,0,66,"BAL","TEX","BAL",0,"F","T",9,1,0,38,3,"T","F",1,1,"T","T","oliva001","jorgm001","F","F",8,2,65,0,0,0,0,0,0,"dempr001","","",0,0,0,0,0,0,0,0,0,0,0,0,0,"garck001","F","F","F","F",0,0,0,0,0,0,0,0,0,0,F,F,"1978BAL.EVA.regular.event.csv",3153
"BAL197807152","TEX",7,1,0,0,0,"",9,1,"dempr001","?","dempr001","?","medid101","?","medid101","?","ellij101","jorgm001","willb101","bevak001","campb101","lowej001","benij001","thomb106","","","","S8","T","F",2,8,20,"T","T",1,"F","F",0,"F","F",0,"F","F",8,"","F","F","",0,0,"N",0,"N",0,"N",1,0,0,0,"","","","","F","F","F","F","F","F","F","F","F","","","","F","F","F","F","F","","","","",0,0,0,0,0,0,0,0,0,67,"BAL","BAL","TEX",1,"T","F",1,9,0,25,0,"T","F",0,1,"T","T","garck001","harll101","T","T",0,0,0,0,0,0,0,0,0,"","","",0,0,0,0,0,0,0,0,0,0,0,0,0,"benij001","F","F","F","F",0,0,0,0,0,0,0,0,0,0,F,F,"1978BAL.EVA.regular.event.csv",3154
"BAL197807152","TEX",7,1,0,0,0,"",9,1,"garck001","?","garck001","?","medid101","?","medid101","?","ellij101","jorgm001","willb101","bevak001","campb101","lowej001","benij001","thomb106","dempr001","","","64(1)/FO","F","F",6,9,2,"T","T",0,"F","F",1,"F","F",0,"F","F",6,"G","F","F","",0,0,"N",0,"N",0,"N",1,0,0,0,"","64","","","F","F","F","F","F","F","F","F","F","medid101","","","F","F","F","F","F","","","","",0,4,0,0,6,0,0,0,0,68,"BAL","BAL","TEX",1,"F","F",1,9,0,26,1,"T","F",1,1,"T","T","harll101","dauer001","T","T",2,8,67,0,0,0,0,0,0,"ellij101","","",0,0,0,0,0,0,0,0,0,0,0,0,0,"campb101","T","F","F","F",0,0,0,0,0,0,0,0,0,0,F,F,"1978BAL.EVA.regular.event.csv",3155
"BAL197807152","TEX",7,1,1,0,0,"",9,1,"harll101","?","harll101","?","medid101","?","medid101","?","ellij101","jorgm001","willb101","bevak001","campb101","lowej001","benij001","thomb106","garck001","","","W.1-2","F","F",8,1,14,"T","F",0,"F","F",0,"F","F",0,"F","F",0,"","F","F","",0,0,"N",0,"N",0,"N",1,2,0,0,"","","","","F","F","F","F","F","F","F","F","F","medid101","","","F","F","F","F","F","","","","",0,0,0,0,0,0,0,0,0,69,"BAL","BAL","TEX",1,"F","F",1,9,0,27,2,"T","F",1,3,"T","T","dauer001","singk001","T","T",6,9,68,0,0,0,0,0,0,"ellij101","","",0,0,0,0,0,0,0,0,0,0,0,0,0,"","F","F","F","F",0,0,0,0,0,0,0,0,0,0,F,F,"1978BAL.EVA.regular.event.csv",3156
"BAL197807152","TEX",7,1,1,0,0,"",9,1,"dauer001","?","dauer001","?","medid101","?","medid101","?","ellij101","jorgm001","willb101","bevak001","campb101","lowej001","benij001","thomb106","harll101","garck001","","9","F","F",4,2,2,"T","T",0,"F","F",1,"F","F",0,"F","F",9,"F","F","F","",0,0,"N",0,"N",0,"N",0,1,2,0,"9","","","","F","F","F","F","F","F","F","F","F","medid101","medid101","","F","F","F","F","F","","","","",0,9,0,0,0,0,0,0,0,70,"BAL","BAL","TEX",1,"F","F",1,9,0,28,3,"T","F",3,3,"T","T","singk001","murre001","T","T",8,1,69,6,9,68,0,0,0,"ellij101","ellij101","",0,0,0,0,0,0,0,0,0,0,0,0,0,"thomb106","F","F","F","F",0,0,0,0,0,0,0,0,0,0,F,F,"1978BAL.EVA.regular.event.csv",3157
"BAL197807152","TEX",7,1,2,0,0,"",9,1,"singk001","?","singk001","?","medid101","?","medid101","?","ellij101","jorgm001","willb101","bevak001","campb101","lowej001","benij001","thomb106","harll101","garck001","","7","F","F",9,3,2,"T","T",0,"F","F",1,"F","F",0,"F","F",7,"F","F","F","",0,0,"N",0,"N",0,"N",0,1,2,0,"7","","","","F","F","F","F","F","F","F","F","F","medid101","medid101","","F","F","F","F","F","","","","",0,7,0,0,0,0,0,0,0,71,"BAL","BAL","TEX",1,"F","T",1,9,0,29,4,"T","F",3,3,"T","T","murre001","may-l101","T","T",8,1,69,6,9,68,0,0,0,"ellij101","ellij101","",0,0,0,0,0,0,0,0,0,0,0,0,0,"lowej001","F","F","F","F",0,0,0,0,0,0,0,0,0,0,F,F,"1978BAL.EVA.regular.event.csv",3158
"BAL197807152","TEX",8,0,0,0,0,"",9,1,"oliva001","?","oliva001","?","stepe101","?","stepe101","?","dempr001","murre001","dauer001","decid001","garck001","moraa101","harll101","singk001","","","","D9","T","F",10,4,21,"T","T",2,"F","F",0,"F","F",0,"F","F",9,"","F","F","",0,0,"N",0,"N",0,"N",2,0,0,0,"","","","","F","F","F","F","F","F","F","F","F","","","","F","F","F","F","F","","","","",0,0,0,0,0,0,0,0,0,72,"BAL","TEX","BAL",0,"T","F",9,1,0,39,0,"T","F",0,2,"T","T","jorgm001","bevak001","F","F",0,0,0,0,0,0,0,0,0,"","","",0,0,0,0,0,0,0,0,0,0,0,0,0,"singk001","F","F","F","F",4,0,0,0,1,0,0,0,0,0,F,F,"1978BAL.EVA.regular.event.csv",3159
"BAL197807152","TEX",8,0,0,0,0,"",9,1,"jorgm001","?","jorgm001","?","stepe101","?","stepe101","?","dempr001","murre001","dauer001","decid001","garck001","moraa101","harll101","singk001","","oliva001","","8","F","F",3,5,2,"T","T",0,"F","F",1,"F","F",0,"F","F",8,"F","F","F","",0,0,"N",0,"N",0,"N",0,0,2,0,"8","","","","F","F","F","F","F","F","F","F","F","","stepe101","","F","F","F","F","F","","","","",0,8,0,0,0,0,0,0,0,73,"BAL","TEX","BAL",0,"F","F",9,1,0,40,1,"T","F",2,2,"F","F","bevak001","ellij101","F","F",0,0,0,10,4,72,0,0,0,"","dempr001","",0,0,0,0,0,0,0,0,0,0,0,0,0,"harll101","F","F","F","F",0,0,4,0,1,0,0,0,0,0,F,F,"1978BAL.EVA.regular.event.csv",3160
"BAL197807152","TEX",8,0,1,0,0,"",9,1,"bevak001","?","bevak001","?","stepe101","?","stepe101","?","dempr001","murre001","dauer001","decid001","garck001","moraa101","harll101","singk001","","oliva001","","WP.2-3","F","F",5,6,9,"F","F",0,"F","F",0,"F","F",0,"T","F",0,"","F","F","",0,0,"N",0,"N",0,"N",0,0,3,0,"","","","","F","F","F","F","F","F","F","F","F","","stepe101","","F","F","F","F","F","","","","",0,0,0,0,0,0,0,0,0,74,"BAL","TEX","BAL",0,"F","F",9,1,0,41,2,"T","F",2,4,"T","T","ellij101","willb101","F","F",0,0,0,10,4,72,0,0,0,"","dempr001","",0,0,0,0,0,0,0,0,0,0,0,0,0,"","F","F","F","F",0,0,4,0,1,0,0,0,0,0,F,F,"1978BAL.EVA.regular.event.csv",3161
"BAL197807152","TEX",8,0,1,0,0,"",9,1,"bevak001","?","bevak001","?","stepe101","?","stepe101","?","dempr001","murre001","dauer001","decid001","garck001","moraa101","harll101","singk001","","","oliva001","W","F","F",5,6,14,"T","F",0,"F","F",0,"F","F",0,"F","F",0,"","F","F","",0,0,"N",0,"N",0,"N",1,0,0,3,"","","","","F","F","F","F","F","F","F","F","F","","","stepe101","F","F","F","F","F","","","","",0,0,0,0,0,0,0,0,0,75,"BAL","TEX","BAL",0,"F","F",9,1,0,41,2,"F","F",4,5,"T","T","ellij101","willb101","F","F",0,0,0,0,0,0,10,4,72,"","","dempr001",0,0,0,0,0,0,0,0,0,0,0,0,0,"","F","F","F","F",0,0,0,4,1,0,0,0,0,0,F,F,"1978BAL.EVA.regular.event.csv",3162
"BAL197807152","TEX",8,0,1,0,0,"",9,1,"ellij101","?","ellij101","?","stepe101","?","stepe101","?","dempr001","murre001","dauer001","decid001","garck001","moraa101","harll101","singk001","bevak001","","oliva001","S9.3-H;1-2","F","F",2,7,20,"T","T",1,"F","F",0,"F","F",1,"F","F",9,"","F","F","",0,0,"N",0,"N",0,"N",1,2,0,4,"","","","","F","F","F","F","F","F","F","F","F","stepe101","","stepe101","F","F","F","F","F","","","","",0,0,0,0,0,0,0,0,0,76,"BAL","TEX","BAL",0,"F","F",9,1,0,42,3,"T","F",5,3,"T","T","willb101","campb101","F","F",5,6,75,0,0,0,10,4,72,"dempr001","","dempr001",0,0,0,0,0,0,0,0,0,0,0,0,1,"singk001","F","F","F","F",0,0,0,4,0,0,0,0,0,0,F,F,"1978BAL.EVA.regular.event.csv",3163
"BAL197807152","TEX",8,0,1,0,0,"",10,1,"willb101","?","willb101","?","stepe101","?","stepe101","?","dempr001","murre001","dauer001","decid001","garck001","moraa101","harll101","singk001","ellij101","bevak001","","6(1)3/GDP","F","F",4,8,2,"T","T",0,"F","F",2,"T","F",0,"F","F",6,"G","F","F","",0,0,"N",0,"N",0,"N",0,0,2,0,"63","6","","","F","F","F","F","F","F","F","F","F","stepe101","stepe101","","F","F","F","F","F","","","","",0,6,3,0,6,0,0,0,0,77,"BAL","TEX","BAL",0,"F","T",10,1,1,43,4,"T","F",3,2,"T","T","campb101","thomb106","F","F",2,7,76,5,6,75,0,0,0,"dempr001","dempr001","",0,0,0,0,0,0,0,0,0,0,0,0,0,"garck001","T","F","F","F",0,0,0,0,0,0,0,0,0,0,F,F,"1978BAL.EVA.regular.event.csv",3164
"BAL197807152","TEX",8,1,0,0,0,"",10,1,"murre001","?","murre001","?","medid101","?","medid101","?","ellij101","jorgm001","willb101","bevak001","campb101","lowej001","benij001","thomb106","","","","43","T","F",3,4,2,"T","T",0,"F","F",1,"F","F",0,"F","F",4,"G","F","F","",0,0,"N",0,"N",0,"N",0,0,0,0,"43","","","","F","F","F","F","F","F","F","F","F","","","","F","F","F","F","F","","","","",0,3,0,0,4,0,0,0,0,78,"BAL","BAL","TEX",1,"T","F",1,10,0,30,0,"T","F",0,0,"T","T","may-l101","moraa101","T","T",0,0,0,0,0,0,0,0,0,"","","",0,0,0,0,0,0,0,0,0,0,0,0,0,"willb101","F","F","F","F",0,0,0,0,0,0,0,0,0,0,F,F,"1978BAL.EVA.regular.event.csv",3165
"BAL197807152","TEX",8,1,1,0,0,"",10,1,"may-l101","?","may-l101","?","medid101","?","medid101","?","ellij101","jorgm001","willb101","bevak001","campb101","lowej001","benij001","thomb106","","","","43","F","F",10,5,2,"T","T",0,"F","F",1,"F","F",0,"F","F",4,"G","F","F","",0,0,"N",0,"N",0,"N",0,0,0,0,"43","","","","F","F","F","F","F","F","F","F","F","","","","F","F","F","F","F","","","","",0,3,0,0,4,0,0,0,0,79,"BAL","BAL","TEX",1,"F","F",1,10,0,31,1,"T","F",0,0,"T","T","moraa101","decid001","T","T",0,0,0,0,0,0,0,0,0,"","","",0,0,0,0,0,0,0,0,0,0,0,0,0,"willb101","F","F","F","F",0,0,0,0,0,0,0,0,0,0,F,F,"1978BAL.EVA.regular.event.csv",3166
"BAL197807152","TEX",8,1,2,0,0,"",10,1,"moraa101","?","moraa101","?","medid101","?","medid101","?","ellij101","jorgm001","willb101","bevak001","campb101","lowej001","benij001","thomb106","","","","S5","F","F",7,6,20,"T","T",1,"F","F",0,"F","F",0,"F","F",5,"","F","F","",0,0,"N",0,"N",0,"N",1,0,0,0,"","","","","F","F","F","F","F","F","F","F","F","","","","F","F","F","F","F","","","","",0,0,0,0,0,0,0,0,0,80,"BAL","BAL","TEX",1,"F","F",1,10,0,32,2,"T","F",0,1,"T","T","decid001","dempr001","T","T",0,0,0,0,0,0,0,0,0,"","","",0,0,0,0,0,0,0,0,0,0,0,0,0,"bevak001","F","F","F","F",0,0,0,0,0,0,0,0,0,0,F,F,"1978BAL.EVA.regular.event.csv",3167
"BAL197807152","TEX",8,1,2,0,0,"",10,1,"decid001","?","decid001","?","medid101","?","medid101","?","ellij101","jorgm001","willb101","bevak001","campb101","lowej001","benij001","thomb106","moraa101","","","9","F","F",5,7,2,"T","T",0,"F","F",1,"F","F",0,"F","F",9,"F","F","F","",0,0,"N",0,"N",0,"N",0,1,0,0,"9","","","","F","F","F","F","F","F","F","F","F","medid101","","","F","F","F","F","F","","","","",0,9,0,0,0,0,0,0,0,81,"BAL","BAL","TEX",1,"F","T",1,10,0,33,3,"T","F",1,1,"T","T","dempr001","garck001","T","T",7,6,80,0,0,0,0,0,0,"ellij101","","",0,0,0,0,0,0,0,0,0,0,0,0,0,"thomb106","F","F","F","F",0,0,0,0,0,0,0,0,0,0,F,F,"1978BAL.EVA.regular.event.csv",3168
"BAL197807152","TEX",9,0,0,0,0,"",10,1,"campb101","?","campb101","?","stepe101","?","stepe101","?","dempr001","murre001","dauer001","decid001","garck001","moraa101","harll101","singk001","","","","T8","T","F",6,9,22,"T","T",3,"F","F",0,"F","F",0,"F","F",8,"","F","F","",0,0,"N",0,"N",0,"N",3,0,0,0,"","","","","F","F","F","F","F","F","F","F","F","","","","F","F","F","F","F","","","","",0,0,0,0,0,0,0,0,0,82,"BAL","TEX","BAL",0,"T","F",10,1,0,44,0,"T","F",0,4,"T","T","thomb106","benij001","F","F",0,0,0,0,0,0,0,0,0,"","","",0,0,0,0,0,0,0,0,0,0,0,0,0,"harll101","F","F","F","F",0,0,0,0,1,0,0,0,0,0,F,F,"1978BAL.EVA.regular.event.csv",3169
"BAL197807152","TEX",9,0,0,0,0,"",10,1,"thomb106","?","thomb106","?","stepe101","?","stepe101","?","dempr001","murre001","dauer001","decid001","garck001","moraa101","harll101","singk001","","","campb101","53","F","F",9,1,2,"T","T",0,"F","F",1,"F","F",0,"F","F",5,"G","F","F","",0,0,"N",0,"N",0,"N",0,0,0,3,"53","","","","F","F","F","F","F","F","F","F","F","","","stepe101","F","F","F","F","F","","","","",0,3,0,0,5,0,0,0,0,83,"BAL","TEX","BAL",0,"F","F",10,1,0,45,1,"T","F",4,4,"F","F","benij001","lowej001","F","F",0,0,0,0,0,0,6,9,82,"","","dempr001",0,0,0,0,0,0,0,0,0,0,0,0,0,"decid001","F","F","F","F",0,0,0,0,1,0,0,0,0,0,F,F,"1978BAL.EVA.regular.event.csv",3170
"BAL197807152","TEX",9,0,1,0,0,"",10,1,"benij001","?","benij001","?","stepe101","?","stepe101","?","dempr001","murre001","dauer001","decid001","garck001","moraa101","harll101","singk001","","","campb101","FC4.3XH(452);B-2","F","F",8,2,19,"T","T",0,"F","F",1,"F","F",0,"F","F",4,"G","F","F","",0,0,"N",0,"N",0,"N",2,0,0,0,"","","","452","F","F","F","F","F","F","F","F","F","","","stepe101","F","F","F","F","F","","","","",0,2,0,0,4,5,0,0,0,84,"BAL","TEX","BAL",0,"F","F",10,1,0,46,2,"T","F",4,2,"T","T","lowej001","oliva001","F","F",0,0,0,0,0,0,6,9,82,"","","dempr001",0,0,0,0,0,0,0,0,0,0,0,0,0,"dauer001","F","F","F","F",4,0,0,0,1,0,0,0,0,0,F,F,"1978BAL.EVA.regular.event.csv",3171
"BAL197807152","TEX",9,0,2,0,0,"",10,1,"lowej001","?","lowej001","?","stepe101","?","stepe101","?","dempr001","murre001","dauer001","decid001","garck001","moraa101","harll101","singk001","","benij001","","S9.2-H","F","F",7,3,20,"T","T",1,"F","F",0,"F","F",1,"F","F",9,"","F","F","",0,0,"N",0,"N",0,"N",1,0,4,0,"","","","","F","F","F","F","F","F","F","F","F","","stepe101","","F","F","F","F","F","","","","",0,0,0,0,0,0,0,0,0,85,"BAL","TEX","BAL",0,"F","F",10,1,0,47,3,"T","F",2,1,"T","T","oliva001","jorgm001","F","F",0,0,0,8,2,84,0,0,0,"","dempr001","",0,0,0,0,0,0,0,0,0,0,0,0,1,"singk001","F","F","F","F",0,0,4,0,0,0,0,0,0,0,F,F,"1978BAL.EVA.regular.event.csv",3172
"BAL197807152","TEX",9,0,2,0,0,"",11,1,"oliva001","?","oliva001","?","stepe101","?","stepe101","?","dempr001","murre001","dauer001","decid001","garck001","moraa101","harll101","singk001","lowej001","","","4/P","F","F",10,4,2,"T","T",0,"F","F",1,"F","F",0,"F","F",4,"P","F","F","",0,0,"N",0,"N",0,"N",0,1,0,0,"4","","","","F","F","F","F","F","F","F","F","F","stepe101","","","F","F","F","F","F","","","","",0,4,0,0,0,0,0,0,0,86,"BAL","TEX","BAL",0,"F","T",11,1,1,48,4,"T","F",1,1,"T","T","jorgm001","bevak001","F","F",7,3,85,0,0,0,0,0,0,"dempr001","","",0,0,0,0,0,0,0,0,0,0,0,0,0,"dauer001","F","F","F","F",0,0,0,0,0,0,0,0,0,0,F,F,"1978BAL.EVA.regular.event.csv",3173
"BAL197807152","TEX",9,1,0,0,0,"",11,1,"dempr001","?","dempr001","?","medid101","?","medid101","?","ellij101","jorgm001","willb101","bevak001","campb101","lowej001","benij001","thomb106","","","","13/BG","T","F",2,8,2,"T","T",0,"F","F",1,"F","F",0,"F","F",1,"G","T","F","",0,0,"N",0,"N",0,"N",0,0,0,0,"13","","","","F","F","F","F","F","F","F","F","F","","","","F","F","F","F","F","","","","",0,3,0,0,1,0,0,0,0,87,"BAL","BAL","TEX",1,"T","F",1,11,0,34,0,"T","F",0,0,"T","T","garck001","harll101","T","T",0,0,0,0,0,0,0,0,0,"","","",0,0,0,0,0,0,0,0,0,0,0,0,0,"medid101","F","F","F","F",0,0,0,0,0,0,0,0,0,0,F,F,"1978BAL.EVA.regular.event.csv",3174
"BAL197807152","TEX",9,1,1,0,0,"",11,1,"garck001","?","garck001","?","medid101","?","medid101","?","ellij101","jorgm001","willb101","bevak001","campb101","lowej001","benij001","thomb106","","","","13","F","F",6,9,2,"T","T",0,"F","F",1,"F","F",0,"F","F",1,"G","F","F","",0,0,"N",0,"N",0,"N",0,0,0,0,"13","","","","F","F","F","F","F","F","F","F","F","","","","F","F","F","F","F","","","","",0,3,0,0,1,0,0,0,0,88,"BAL","BAL","TEX",1,"F","F",1,11,0,35,1,"T","F",0,0,"T","T","harll101","dauer001","T","T",0,0,0,0,0,0,0,0,0,"","","",0,0,0,0,0,0,0,0,0,0,0,0,0,"medid101","F","F","F","F",0,0,0,0,0,0,0,0,0,0,F,F,"1978BAL.EVA.regular.event.csv",3175
"BAL197807152","TEX",9,1,2,0,0,"",11,1,"harll101","?","harll101","?","medid101","?","medid101","?","ellij101","jorgm001","willb101","bevak001","campb101","lowej001","benij001","thomb106","","","","D8","F","F",8,1,21,"T","T",2,"F","F",0,"F","F",0,"F","F",8,"","F","F","",0,0,"N",0,"N",0,"N",2,0,0,0,"","","","","F","F","F","F","F","F","F","F","F","","","","F","F","F","F","F","","","","",0,0,0,0,0,0,0,0,0,89,"BAL","BAL","TEX",1,"F","F",1,11,0,36,2,"T","F",0,2,"T","T","dauer001","singk001","T","T",0,0,0,0,0,0,0,0,0,"","","",0,0,0,0,0,0,0,0,0,0,0,0,0,"benij001","F","F","F","F",2,0,0,0,0,0,0,0,0,0,F,F,"1978BAL.EVA.regular.event.csv",3176
"BAL197807152","TEX",9,1,2,0,0,"",11,1,"dauer001","?","dauer001","?","medid101","?","medid101","?","ellij101","jorgm001","willb101","bevak001","campb101","lowej001","benij001","thomb106","","harll101","","2/FL","F","F",4,2,2,"T","T",0,"F","F",1,"F","F",0,"F","F",2,"F","F","T","",0,0,"N",0,"N",0,"N",0,0,2,0,"2","","","","F","F","F","F","F","F","F","F","F","","medid101","","F","T","F","F","F","","","","",0,2,0,0,0,0,0,0,0,90,"BAL","BAL","TEX",1,"F","T",1,11,0,37,3,"T","F",2,2,"T","T","singk001","murre001","T","T",0,0,0,8,1,89,0,0,0,"","ellij101","",0,0,0,0,0,0,0,0,0,0,0,0,0,"ellij101","F","F","F","F",0,0,2,0,0,0,0,0,0,0,F,F,"1978BAL.EVA.regular.event.csv",3177
"BAL197807160","TEX",1,0,0,0,0,"",0,0,"bondb101","?","bondb101","?","kerrj101","?","kerrj101","?","dempr001","murre001","dauer001","decid001","belam101","moraa101","lopec101","singk001","","","","W","T","F",9,1,14,"T","F",0,"F","F",0,"F","F",0,"F","F",0,"","F","F","",0,0,"N",0,"N",0,"N",1,0,0,0,"","","","","F","F","F","F","F","F","F","F","F","","","","T","F","F","F","F","","","","",0,0,0,0,0,0,0,0,0,1,"BAL","TEX","BAL",0,"T","F",0,0,0,0,0,"T","F",0,1,"T","T","benij001","lowej001","T","T",0,0,0,0,0,0,0,0,0,"","","",0,0,0,0,0,0,0,0,0,0,0,0,0,"","F","F","F","F",0,0,0,0,0,0,0,0,0,0,F,F,"1978BAL.EVA.regular.event.csv",3178
"BAL197807160","TEX",1,0,0,0,0,"",0,0,"benij001","?","benij001","?","kerrj101","?","kerrj101","?","dempr001","murre001","dauer001","decid001","belam101","moraa101","lopec101","singk001","bondb101","","","SB2.1-3(E2/TH2)","F","F",8,2,4,"F","F",0,"F","F",0,"F","F",0,"F","F",0,"","F","F","",1,2,"T",0,"N",0,"N",0,3,0,0,"","","","","T","F","F","F","F","F","F","F","F","kerrj101","","","F","F","F","F","F","","","","",0,0,0,0,0,0,0,0,0,2,"BAL","TEX","BAL",0,"F","F",0,0,0,1,1,"T","F",1,4,"T","T","lowej001","oliva001","T","T",9,1,1,0,0,0,0,0,0,"dempr001","","",0,0,0,0,0,0,0,0,0,0,0,0,0,"","F","F","F","F",0,0,0,0,0,0,0,0,0,0,F,F,"1978BAL.EVA.regular.event.csv",3179
"BAL197807160","TEX",1,0,0,0,0,"",0,0,"benij001","?","benij001","?","kerrj101","?","kerrj101","?","dempr001","murre001","dauer001","decid001","belam101","moraa101","lopec101","singk001","","","bondb101","8","F","F",8,2,2,"T","T",0,"F","F",1,"F","F",0,"F","F",8,"F","F","F","",0,0,"N",0,"N",0,"N",0,0,0,3,"8","","","","F","F","F","F","F","F","F","F","F","","","kerrj101","F","F","F","F","F","","","","",0,8,0,0,0,0,0,0,0,3,"BAL","TEX","BAL",0,"F","F",0,0,0,1,1,"F","F",4,4,"T","T","lowej001","oliva001","T","T",0,0,0,0,0,0,9,1,1,"","","dempr001",0,0,0,0,0,0,0,0,0,0,0,0,0,"lopec101","F","F","F","F",0,0,0,0,0,0,0,0,0,0,F,F,"1978BAL.EVA.regular.event.csv",3180
"BAL197807160","TEX",1,0,1,0,0,"",0,0,"lowej001","?","lowej001","?","kerrj101","?","kerrj101","?","dempr001","murre001","dauer001","decid001","belam101","moraa101","lopec101","singk001","","","bondb101","W","F","F",7,3,14,"T","F",0,"F","F",0,"F","F",0,"F","F",0,"","F","F","",0,0,"N",0,"N",0,"N",1,0,0,3,"","","","","F","F","F","F","F","F","F","F","F","","","kerrj101","F","F","F","F","F","","","","",0,0,0,0,0,0,0,0,0,4,"BAL","TEX","BAL",0,"F","F",0,0,0,2,2,"T","F",4,5,"T","T","oliva001","hargm001","T","T",0,0,0,0,0,0,9,1,1,"","","dempr001",0,0,0,0,0,0,0,0,0,0,0,0,0,"","F","F","F","F",0,0,0,0,0,0,0,0,0,0,F,F,"1978BAL.EVA.regular.event.csv",3181
"BAL197807160","TEX",1,0,1,0,0,"",0,0,"oliva001","?","oliva001","?","kerrj101","?","kerrj101","?","dempr001","murre001","dauer001","decid001","belam101","moraa101","lopec101","singk001","lowej001","","bondb101","SB2","F","F",10,4,4,"F","F",0,"F","F",0,"F","F",0,"F","F",0,"","F","F","",0,0,"N",0,"N",0,"N",0,2,0,3,"","","","","T","F","F","F","F","F","F","F","F","kerrj101","","kerrj101","F","F","F","F","F","","","","",0,0,0,0,0,0,0,0,0,5,"BAL","TEX","BAL",0,"F","F",0,0,0,3,3,"T","F",5,6,"T","T","hargm001","sundj001","T","T",7,3,4,0,0,0,9,1,1,"dempr001","","dempr001",0,0,0,0,0,0,0,0,0,0,0,0,0,"","F","F","F","F",0,0,0,0,0,0,0,0,0,0,F,F,"1978BAL.EVA.regular.event.csv",3182
"BAL197807160","TEX",1,0,1,0,0,"",0,0,"oliva001","?","oliva001","?","kerrj101","?","kerrj101","?","dempr001","murre001","dauer001","decid001","belam101","moraa101","lopec101","singk001","","lowej001","bondb101","K","F","F",10,4,3,"T","T",0,"F","F",1,"F","F",0,"F","F",0,"","F","F","",0,0,"N",0,"N",0,"N",0,0,2,3,"2","","","","F","F","F","F","F","F","F","F","F","","kerrj101","kerrj101","F","F","F","F","F","","","","",0,2,0,0,0,0,0,0,0,6,"BAL","TEX","BAL",0,"F","F",0,0,0,3,3,"F","F",6,6,"T","T","hargm001","sundj001","T","T",0,0,0,7,3,4,9,1,1,"","dempr001","dempr001",0,0,0,0,0,0,0,0,0,0,0,0,0,"","F","F","F","F",0,0,0,0,0,0,0,0,0,0,F,F,"1978BAL.EVA.regular.event.csv",3183
"BAL197807160","TEX",1,0,2,0,0,"",0,0,"hargm001","?","hargm001","?","kerrj101","?","kerrj101","?","dempr001","murre001","dauer001","decid001","belam101","moraa101","lopec101","singk001","","lowej001","bondb101","7","F","F",3,5,2,"T","T",0,"F","F",1,"F","F",0,"F","F",7,"F","F","F","",0,0,"N",0,"N",0,"N",0,0,2,3,"7","","","","F","F","F","F","F","F","F","F","F","","kerrj101","kerrj101","F","F","F","F","F","","","","",0,7,0,0,0,0,0,0,0,7,"BAL","TEX","BAL",0,"F","T",0,0,0,4,4,"T","F",6,6,"T","T","sundj001","bevak001","T","T",0,0,0,7,3,4,9,1,1,"","dempr001","dempr001",0,0,0,0,0,0,0,0,0,0,0,0,0,"moraa101","F","F","F","F",0,0,0,0,0,0,0,0,0,0,F,F,"1978BAL.EVA.regular.event.csv",3184
"BAL197807160","TEX",1,1,0,0,0,"",0,0,"belam101","?","belam101","?","matlj101","?","matlj101","?","sundj001","hargm001","willb101","bevak001","campb101","lowej001","benij001","bondb101","","","","53","T","F",6,1,2,"T","T",0,"F","F",1,"F","F",0,"F","F",5,"G","F","F","",0,0,"N",0,"N",0,"N",0,0,0,0,"53","","","","F","F","F","F","F","F","F","F","F","","","","F","F","F","F","F","","","","",0,3,0,0,5,0,0,0,0,8,"BAL","BAL","TEX",1,"T","F",0,0,0,0,0,"T","F",0,0,"T","T","dauer001","singk001","T","T",0,0,0,0,0,0,0,0,0,"","","",0,0,0,0,0,0,0,0,0,0,0,0,0,"bevak001","F","F","F","F",0,0,0,0,0,0,0,0,0,0,F,F,"1978BAL.EVA.regular.event.csv",3185
"BAL197807160","TEX",1,1,1,0,0,"",0,0,"dauer001","?","dauer001","?","matlj101","?","matlj101","?","sundj001","hargm001","willb101","bevak001","campb101","lowej001","benij001","bondb101","","","","6/P","F","F",4,2,2,"T","T",0,"F","F",1,"F","F",0,"F","F",6,"P","F","F","",0,0,"N",0,"N",0,"N",0,0,0,0,"6","","","","F","F","F","F","F","F","F","F","F","","","","F","F","F","F","F","","","","",0,6,0,0,0,0,0,0,0,9,"BAL","BAL","TEX",1,"F","F",0,0,0,1,1,"T","F",0,0,"T","T","singk001","murre001","T","T",0,0,0,0,0,0,0,0,0,"","","",0,0,0,0,0,0,0,0,0,0,0,0,0,"campb101","F","F","F","F",0,0,0,0,0,0,0,0,0,0,F,F,"1978BAL.EVA.regular.event.csv",3186
"BAL197807160","TEX",1,1,2,0,0,"",0,0,"singk001","?","singk001","?","matlj101","?","matlj101","?","sundj001","hargm001","willb101","bevak001","campb101","lowej001","benij001","bondb101","","","","K","F","F",9,3,3,"T","T",0,"F","F",1,"F","F",0,"F","F",0,"","F","F","",0,0,"N",0,"N",0,"N",0,0,0,0,"2","","","","F","F","F","F","F","F","F","F","F","","","","F","F","F","F","F","","","","",0,2,0,0,0,0,0,0,0,10,"BAL","BAL","TEX",1,"F","T",0,0,0,2,2,"T","F",0,0,"T","T","murre001","may-l101","T","T",0,0,0,0,0,0,0,0,0,"","","",0,0,0,0,0,0,0,0,0,0,0,0,0,"","F","F","F","F",0,0,0,0,0,0,0,0,0,0,F,F,"1978BAL.EVA.regular.event.csv",3187
"BAL197807160","TEX",2,0,0,0,0,"",0,0,"sundj001","?","sundj001","?","kerrj101","?","kerrj101","?","dempr001","murre001","dauer001","decid001","belam101","moraa101","lopec101","singk001","","","","43","T","F",2,6,2,"T","T",0,"F","F",1,"F","F",0,"F","F",4,"G","F","F","",0,0,"N",0,"N",0,"N",0,0,0,0,"43","","","","F","F","F","F","F","F","F","F","F","","","","F","F","F","F","F","","","","",0,3,0,0,4,0,0,0,0,11,"BAL","TEX","BAL",0,"T","F",0,0,0,5,0,"T","F",0,0,"T","T","bevak001","willb101","T","T",0,0,0,0,0,0,0,0,0,"","","",0,0,0,0,0,0,0,0,0,0,0,0,0,"dauer001","F","F","F","F",0,0,0,0,0,0,0,0,0,0,F,F,"1978BAL.EVA.regular.event.csv",3188
"BAL197807160","TEX",2,0,1,0,0,"",0,0,"bevak001","?","bevak001","?","kerrj101","?","kerrj101","?","dempr001","murre001","dauer001","decid001","belam101","moraa101","lopec101","singk001","","","","13","F","F",5,7,2,"T","T",0,"F","F",1,"F","F",0,"F","F",1,"G","F","F","",0,0,"N",0,"N",0,"N",0,0,0,0,"13","","","","F","F","F","F","F","F","F","F","F","","","","F","F","F","F","F","","","","",0,3,0,0,1,0,0,0,0,12,"BAL","TEX","BAL",0,"F","F",0,0,0,6,1,"T","F",0,0,"T","T","willb101","campb101","T","T",0,0,0,0,0,0,0,0,0,"","","",0,0,0,0,0,0,0,0,0,0,0,0,0,"kerrj101","F","F","F","F",0,0,0,0,0,0,0,0,0,0,F,F,"1978BAL.EVA.regular.event.csv",3189
"BAL197807160","TEX",2,0,2,0,0,"",0,0,"willb101","?","willb101","?","kerrj101","?","kerrj101","?","dempr001","murre001","dauer001","decid001","belam101","moraa101","lopec101","singk001","","","","13/BG","F","F",4,8,2,"T","T",0,"F","F",1,"F","F",0,"F","F",1,"G","T","F","",0,0,"N",0,"N",0,"N",0,0,0,0,"13","","","","F","F","F","F","F","F","F","F","F","","","","F","F","F","F","F","","","","",0,3,0,0,1,0,0,0,0,13,"BAL","TEX","BAL",0,"F","T",0,0,0,7,2,"T","F",0,0,"T","T","campb101","bondb101","T","T",0,0,0,0,0,0,0,0,0,"","","",0,0,0,0,0,0,0,0,0,0,0,0,0,"kerrj101","F","F","F","F",0,0,0,0,0,0,0,0,0,0,F,F,"1978BAL.EVA.regular.event.csv",3190
"BAL197807160","TEX",2,1,0,0,0,"",0,0,"murre001","?","murre001","?","matlj101","?","matlj101","?","sundj001","hargm001","willb101","bevak001","campb101","lowej001","benij001","bondb101","","","","D7","T","F",3,4,21,"T","T",2,"F","F",0,"F","F",0,"F","F",7,"","F","F","",0,0,"N",0,"N",0,"N",2,0,0,0,"","","","","F","F","F","F","F","F","F","F","F","","","","F","F","F","F","F","","","","",0,0,0,0,0,0,0,0,0,14,"BAL","BAL","TEX",1,"T","F",0,0,0,3,0,"T","F",0,2,"T","T","may-l101","moraa101","T","T",0,0,0,0,0,0,0,0,0,"","","",0,0,0,0,0,0,0,0,0,0,0,0,0,"lowej001","F","F","F","F",0,0,0,0,0,0,0,0,0,0,F,F,"1978BAL.EVA.regular.event.csv",3191
"BAL197807160","TEX",2,1,0,0,0,"",0,0,"may-l101","?","may-l101","?","matlj101","?","matlj101","?","sundj001","hargm001","willb101","bevak001","campb101","lowej001","benij001","bondb101","","murre001","","63","F","F",10,5,2,"T","T",0,"F","F",1,"F","F",0,"F","F",6,"G","F","F","",0,0,"N",0,"N",0,"N",0,0,2,0,"63","","","","F","F","F","F","F","F","F","F","F","","matlj101","","F","F","F","F","F","","","","",0,3,0,0,6,0,0,0,0,15,"BAL","BAL","TEX",1,"F","F",0,0,0,4,1,"T","F",2,2,"T","T","moraa101","decid001","T","T",0,0,0,3,4,14,0,0,0,"","sundj001","",0,0,0,0,0,0,0,0,0,0,0,0,0,"campb101","F","F","F","F",0,0,0,0,0,0,0,0,0,0,F,F,"1978BAL.EVA.regular.event.csv",3192
"BAL197807160","TEX",2,1,1,0,0,"",0,0,"moraa101","?","moraa101","?","matlj101","?","matlj101","?","sundj001","hargm001","willb101","bevak001","campb101","lowej001","benij001","bondb101","","murre001","","7","F","F",7,6,2,"T","T",0,"F","F",1,"F","F",0,"F","F",7,"F","F","F","",0,0,"N",0,"N",0,"N",0,0,2,0,"7","","","","F","F","F","F","F","F","F","F","F","","matlj101","","F","F","F","F","F","","","","",0,7,0,0,0,0,0,0,0,16,"BAL","BAL","TEX",1,"F","F",0,0,0,5,2,"T","F",2,2,"T","T","decid001","lopec101","T","T",0,0,0,3,4,14,0,0,0,"","sundj001","",0,0,0,0,0,0,0,0,0,0,0,0,0,"lowej001","F","F","F","F",0,0,0,0,0,0,0,0,0,0,F,F,"1978BAL.EVA.regular.event.csv",3193
"BAL197807160","TEX",2,1,2,0,0,"",0,0,"decid001","?","decid001","?","matlj101","?","matlj101","?","sundj001","hargm001","willb101","bevak001","campb101","lowej001","benij001","bondb101","","murre001","","K/C","F","F",5,7,3,"T","T",0,"F","F",1,"F","F",0,"F","F",0,"","F","F","",0,0,"N",0,"N",0,"N",0,0,2,0,"2","","","","F","F","F","F","F","F","F","F","F","","matlj101","","F","F","F","F","F","","","","",0,2,0,0,0,0,0,0,0,17,"BAL","BAL","TEX",1,"F","T",0,0,0,6,3,"T","F",2,2,"T","T","lopec101","dempr001","T","T",0,0,0,3,4,14,0,0,0,"","sundj001","",0,0,0,0,0,0,0,0,0,0,0,0,0,"","F","F","F","F",0,0,0,0,0,0,0,0,0,0,F,F,"1978BAL.EVA.regular.event.csv",3194
"BAL197807160","TEX",3,0,0,0,0,"",0,0,"campb101","?","campb101","?","kerrj101","?","kerrj101","?","dempr001","murre001","dauer001","decid001","belam101","moraa101","lopec101","singk001","","","","7","T","F",6,9,2,"T","T",0,"F","F",1,"F","F",0,"F","F",7,"F","F","F","",0,0,"N",0,"N",0,"N",0,0,0,0,"7","","","","F","F","F","F","F","F","F","F","F","","","","F","F","F","F","F","","","","",0,7,0,0,0,0,0,0,0,18,"BAL","TEX","BAL",0,"T","F",0,0,0,8,0,"T","F",0,0,"T","T","bondb101","benij001","T","T",0,0,0,0,0,0,0,0,0,"","","",0,0,0,0,0,0,0,0,0,0,0,0,0,"moraa101","F","F","F","F",0,0,0,0,0,0,0,0,0,0,F,F,"1978BAL.EVA.regular.event.csv",3195
"BAL197807160","TEX",3,0,1,0,0,"",0,0,"bondb101","?","bondb101","?","kerrj101","?","kerrj101","?","dempr001","murre001","dauer001","decid001","belam101","moraa101","lopec101","singk001","","","","K","F","F",9,1,3,"T","T",0,"F","F",1,"F","F",0,"F","F",0,"","F","F","",0,0,"N",0,"N",0,"N",0,0,0,0,"2","","","","F","F","F","F","F","F","F","F","F","","","","F","F","F","F","F","","","","",0,2,0,0,0,0,0,0,0,19,"BAL","TEX","BAL",0,"F","F",0,0,0,9,1,"T","F",0,0,"T","T","benij001","lowej001","T","T",0,0,0,0,0,0,0,0,0,"","","",0,0,0,0,0,0,0,0,0,0,0,0,0,"","F","F","F","F",0,0,0,0,0,0,0,0,0,0,F,F,"1978BAL.EVA.regular.event.csv",3196
"BAL197807160","TEX",3,0,2,0,0,"",0,0,"benij001","?","benij001","?","kerrj101","?","kerrj101","?","dempr001","murre001","dauer001","decid001","belam101","moraa101","lopec101","singk001","","","","S8","F","F",8,2,20,"T","T",1,"F","F",0,"F","F",0,"F","F",8,"","F","F","",0,0,"N",0,"N",0,"N",1,0,0,0,"","","","","F","F","F","F","F","F","F","F","F","","","","F","F","F","F","F","","","","",0,0,0,0,0,0,0,0,0,20,"BAL","TEX","BAL",0,"F","F",0,0,0,10,2,"T","F",0,1,"T","T","lowej001","oliva001","T","T",0,0,0,0,0,0,0,0,0,"","","",0,0,0,0,0,0,0,0,0,0,0,0,0,"lopec101","F","F","F","F",0,0,0,0,0,0,0,0,0,0,F,F,"1978BAL.EVA.regular.event.csv",3197
"BAL197807160","TEX",3,0,2,0,0,"",0,0,"lowej001","?","lowej001","?","kerrj101","?","kerrj101","?","dempr001","murre001","dauer001","decid001","belam101","moraa101","lopec101","singk001","benij001","","","43","F","F",7,3,2,"T","T",0,"F","F",1,"F","F",0,"F","F",4,"G","F","F","",0,0,"N",0,"N",0,"N",0,1,0,0,"43","","","","F","F","F","F","F","F","F","F","F","kerrj101","","","F","F","F","F","F","","","","",0,3,0,0,4,0,0,0,0,21,"BAL","TEX","BAL",0,"F","T",0,0,0,11,3,"T","F",1,1,"T","T","oliva001","hargm001","T","T",8,2,20,0,0,0,0,0,0,"dempr001","","",0,0,0,0,0,0,0,0,0,0,0,0,0,"dauer001","F","F","F","F",0,0,0,0,0,0,0,0,0,0,F,F,"1978BAL.EVA.regular.event.csv",3198
"BAL197807160","TEX",3,1,0,0,0,"",0,0,"lopec101","?","lopec101","?","matlj101","?","matlj101","?","sundj001","hargm001","willb101","bevak001","campb101","lowej001","benij001","bondb101","","","","2/FL","T","F",8,8,2,"T","T",0,"F","F",1,"F","F",0,"F","F",2,"F","F","T","",0,0,"N",0,"N",0,"N",0,0,0,0,"2","","","","F","F","F","F","F","F","F","F","F","","","","F","F","F","F","F","","","","",0,2,0,0,0,0,0,0,0,22,"BAL","BAL","TEX",1,"T","F",0,0,0,7,0,"T","F",0,0,"T","T","dempr001","belam101","T","T",0,0,0,0,0,0,0,0,0,"","","",0,0,0,0,0,0,0,0,0,0,0,0,0,"sundj001","F","F","F","F",0,0,0,0,1,0,0,0,0,0,F,F,"1978BAL.EVA.regular.event.csv",3199
"BAL197807160","TEX",3,1,1,0,0,"",0,0,"dempr001","?","dempr001","?","matlj101","?","matlj101","?","sundj001","hargm001","willb101","bevak001","campb101","lowej001","benij001","bondb101","","","","D8","F","F",2,9,21,"T","T",2,"F","F",0,"F","F",0,"F","F",8,"","F","F","",0,0,"N",0,"N",0,"N",2,0,0,0,"","","","","F","F","F","F","F","F","F","F","F","","","","F","F","F","F","F","","","","",0,0,0,0,0,0,0,0,0,23,"BAL","BAL","TEX",1,"F","F",0,0,0,8,1,"T","F",0,2,"T","T","belam101","dauer001","T","T",0,0,0,0,0,0,0,0,0,"","","",0,0,0,0,0,0,0,0,0,0,0,0,0,"benij001","F","F","F","F",4,0,0,0,1,0,0,0,0,0,F,F,"1978BAL.EVA.regular.event.csv",3200
"BAL197807160","TEX",3,1,1,0,0,"",0,0,"belam101","?","belam101","?","matlj101","?","matlj101","?","sundj001","hargm001","willb101","bevak001","campb101","lowej001","benij001","bondb101","","dempr001","","S8.2-H;B-2(THH)","F","F",6,1,20,"T","T",1,"F","F",0,"F","F",1,"F","F",8,"","F","F","",0,0,"N",0,"N",0,"N",2,0,4,0,"","","","","F","F","F","F","F","F","F","F","F","","matlj101","","F","F","F","F","F","","","","",0,0,0,0,0,0,0,0,0,24,"BAL","BAL","TEX",1,"F","F",0,0,0,9,2,"T","F",2,2,"T","T","dauer001","singk001","T","T",0,0,0,2,9,23,0,0,0,"","sundj001","",0,0,0,0,0,0,0,0,0,0,0,0,1,"benij001","F","F","F","F",0,0,4,0,0,0,0,0,0,0,F,F,"1978BAL.EVA.regular.event.csv",3201
"BAL197807160","TEX",3,1,1,0,0,"",0,1,"dauer001","?","dauer001","?","matlj101","?","matlj101","?","sundj001","hargm001","willb101","bevak001","campb101","lowej001","benij001","bondb101","","belam101","","3/P","F","F",4,2,2,"T","T",0,"F","F",1,"F","F",0,"F","F",3,"P","F","F","",0,0,"N",0,"N",0,"N",0,0,2,0,"3","","","","F","F","F","F","F","F","F","F","F","","matlj101","","F","F","F","F","F","","","","",0,3,0,0,0,0,0,0,0,25,"BAL","BAL","TEX",1,"F","F",1,0,1,10,3,"T","F",2,2,"T","T","singk001","murre001","T","T",0,0,0,6,1,24,0,0,0,"","sundj001","",0,0,0,0,0,0,0,0,0,0,0,0,0,"hargm001","F","F","F","F",0,0,0,0,0,0,0,0,0,0,F,F,"1978BAL.EVA.regular.event.csv",3202
"BAL197807160","TEX",3,1,2,0,0,"",0,1,"singk001","?","singk001","?","matlj101","?","matlj101","?","sundj001","hargm001","willb101","bevak001","campb101","lowej001","benij001","bondb101","","belam101","","63","F","F",9,3,2,"T","T",0,"F","F",1,"F","F",0,"F","F",6,"G","F","F","",0,0,"N",0,"N",0,"N",0,0,2,0,"63","","","","F","F","F","F","F","F","F","F","F","","matlj101","","F","F","F","F","F","","","","",0,3,0,0,6,0,0,0,0,26,"BAL","BAL","TEX",1,"F","T",1,0,1,11,4,"T","F",2,2,"T","T","murre001","may-l101","T","T",0,0,0,6,1,24,0,0,0,"","sundj001","",0,0,0,0,0,0,0,0,0,0,0,0,0,"campb101","F","F","F","F",0,0,0,0,0,0,0,0,0,0,F,F,"1978BAL.EVA.regular.event.csv",3203
"BAL197807160","TEX",4,0,0,0,0,"",0,1,"oliva001","?","oliva001","?","kerrj101","?","kerrj101","?","dempr001","murre001","dauer001","decid001","belam101","moraa101","lopec101","singk001","","","","D7","T","F",10,4,21,"T","T",2,"F","F",0,"F","F",0,"F","F",7,"","F","F","",0,0,"N",0,"N",0,"N",2,0,0,0,"","","","","F","F","F","F","F","F","F","F","F","","","","F","F","F","F","F","","","","",0,0,0,0,0,0,0,0,0,27,"BAL","TEX","BAL",0,"T","F",0,1,0,12,0,"T","F",0,2,"T","T","hargm001","sundj001","T","T",0,0,0,0,0,0,0,0,0,"","","",0,0,0,0,0,0,0,0,0,0,0,0,0,"moraa101","F","F","F","F",4,0,0,0,1,0,0,0,0,0,F,F,"1978BAL.EVA.regular.event.csv",3204
"BAL197807160","TEX",4,0,0,0,0,"",0,1,"hargm001","?","hargm001","?","kerrj101","?","kerrj101","?","dempr001","murre001","dauer001","decid001","belam101","moraa101","lopec101","singk001","","oliva001","","43.2-3","F","F",3,5,2,"T","T",0,"F","F",1,"F","F",0,"F","F",4,"G","F","F","",0,0,"N",0,"N",0,"N",0,0,3,0,"43","","","","F","F","F","F","F","F","F","F","F","","kerrj101","","F","F","F","F","F","","","","",0,3,0,0,4,0,0,0,0,28,"BAL","TEX","BAL",0,"F","F",0,1,0,13,1,"T","F",2,4,"T","T","sundj001","bevak001","T","T",0,0,0,10,4,27,0,0,0,"","dempr001","",0,0,0,0,0,0,0,0,0,0,0,0,0,"dauer001","F","F","F","F",0,0,4,0,1,0,0,0,0,0,F,F,"1978BAL.EVA.regular.event.csv",3205
"BAL197807160","TEX",4,0,1,0,0,"",0,1,"sundj001","?","sundj001","?","kerrj101","?","kerrj101","?","dempr001","murre001","dauer001","decid001","belam101","moraa101","lopec101","singk001","","","oliva001","S8.3-H","F","F",2,6,20,"T","T",1,"F","F",0,"F","F",1,"F","F",8,"","F","F","",0,0,"N",0,"N",0,"N",1,0,0,4,"","","","","F","F","F","F","F","F","F","F","F","","","kerrj101","F","F","F","F","F","","","","",0,0,0,0,0,0,0,0,0,29,"BAL","TEX","BAL",0,"F","F",0,1,0,14,2,"T","F",4,1,"T","T","bevak001","willb101","T","T",0,0,0,0,0,0,10,4,27,"","","dempr001",0,0,0,0,0,0,0,0,0,0,0,0,1,"lopec101","F","F","F","F",0,0,0,4,0,0,0,0,0,0,F,F,"1978BAL.EVA.regular.event.csv",3206
"BAL197807160","TEX",4,0,1,0,0,"",1,1,"bevak001","?","bevak001","?","kerrj101","?","kerrj101","?","dempr001","murre001","dauer001","decid001","belam101","moraa101","lopec101","singk001","sundj001","","","16(1)3/GDP","F","F",5,7,2,"T","T",0,"F","F",2,"T","F",0,"F","F",1,"G","F","F","",0,0,"N",0,"N",0,"N",0,0,0,0,"63","16","","","F","F","F","F","F","F","F","F","F","kerrj101","","","F","F","F","F","F","","","","",0,6,3,0,1,6,0,0,0,30,"BAL","TEX","BAL",0,"F","T",1,1,1,15,3,"T","F",1,0,"T","T","willb101","campb101","T","T",2,6,29,0,0,0,0,0,0,"dempr001","","",0,0,0,0,0,0,0,0,0,0,0,0,0,"kerrj101","T","F","F","F",0,0,0,0,0,0,0,0,0,0,F,F,"1978BAL.EVA.regular.event.csv",3207
"BAL197807160","TEX",4,1,0,0,0,"",1,1,"murre001","?","murre001","?","matlj101","?","matlj101","?","sundj001","hargm001","willb101","bevak001","campb101","lowej001","benij001","bondb101","","","","43","T","F",3,4,2,"T","T",0,"F","F",1,"F","F",0,"F","F",4,"G","F","F","",0,0,"N",0,"N",0,"N",0,0,0,0,"43","","","","F","F","F","F","F","F","F","F","F","","","","F","F","F","F","F","","","","",0,3,0,0,4,0,0,0,0,31,"BAL","BAL","TEX",1,"T","F",1,1,0,12,0,"T","F",0,0,"T","T","may-l101","moraa101","T","T",0,0,0,0,0,0,0,0,0,"","","",0,0,0,0,0,0,0,0,0,0,0,0,0,"willb101","F","F","F","F",0,0,0,0,0,0,0,0,0,0,F,F,"1978BAL.EVA.regular.event.csv",3208
"BAL197807160","TEX",4,1,1,0,0,"",1,1,"may-l101","?","may-l101","?","matlj101","?","matlj101","?","sundj001","hargm001","willb101","bevak001","campb101","lowej001","benij001","bondb101","","","","8","F","F",10,5,2,"T","T",0,"F","F",1,"F","F",0,"F","F",8,"F","F","F","",0,0,"N",0,"N",0,"N",0,0,0,0,"8","","","","F","F","F","F","F","F","F","F","F","","","","F","F","F","F","F","","","","",0,8,0,0,0,0,0,0,0,32,"BAL","BAL","TEX",1,"F","F",1,1,0,13,1,"T","F",0,0,"T","T","moraa101","decid001","T","T",0,0,0,0,0,0,0,0,0,"","","",0,0,0,0,0,0,0,0,0,0,0,0,0,"benij001","F","F","F","F",0,0,0,0,0,0,0,0,0,0,F,F,"1978BAL.EVA.regular.event.csv",3209
"BAL197807160","TEX",4,1,2,0,0,"",1,1,"moraa101","?","moraa101","?","matlj101","?","matlj101","?","sundj001","hargm001","willb101","bevak001","campb101","lowej001","benij001","bondb101","","","","S7","F","F",7,6,20,"T","T",1,"F","F",0,"F","F",0,"F","F",7,"","F","F","",0,0,"N",0,"N",0,"N",1,0,0,0,"","","","","F","F","F","F","F","F","F","F","F","","","","F","F","F","F","F","","","","",0,0,0,0,0,0,0,0,0,33,"BAL","BAL","TEX",1,"F","F",1,1,0,14,2,"T","F",0,1,"T","T","decid001","lopec101","T","T",0,0,0,0,0,0,0,0,0,"","","",0,0,0,0,0,0,0,0,0,0,0,0,0,"lowej001","F","F","F","F",0,0,0,0,0,0,0,0,0,0,F,F,"1978BAL.EVA.regular.event.csv",3210
"BAL197807160","TEX",4,1,2,0,0,"",1,1,"decid001","?","decid001","?","matlj101","?","matlj101","?","sundj001","hargm001","willb101","bevak001","campb101","lowej001","benij001","bondb101","moraa101","","","7","F","F",5,7,2,"T","T",0,"F","F",1,"F","F",0,"F","F",7,"F","F","F","",0,0,"N",0,"N",0,"N",0,1,0,0,"7","","","","F","F","F","F","F","F","F","F","F","matlj101","","","F","F","F","F","F","","","","",0,7,0,0,0,0,0,0,0,34,"BAL","BAL","TEX",1,"F","T",1,1,0,15,3,"T","F",1,1,"T","T","lopec101","dempr001","T","T",7,6,33,0,0,0,0,0,0,"sundj001","","",0,0,0,0,0,0,0,0,0,0,0,0,0,"lowej001","F","F","F","F",0,0,0,0,0,0,0,0,0,0,F,F,"1978BAL.EVA.regular.event.csv",3211
"BAL197807160","TEX",5,0,0,0,0,"",1,1,"willb101","?","willb101","?","kerrj101","?","kerrj101","?","dempr001","murre001","dauer001","decid001","belam101","moraa101","lopec101","singk001","","","","D9","T","F",4,8,21,"T","T",2,"F","F",0,"F","F",0,"F","F",9,"","F","F","",0,0,"N",0,"N",0,"N",2,0,0,0,"","","","","F","F","F","F","F","F","F","F","F","","","","F","F","F","F","F","","","","",0,0,0,0,0,0,0,0,0,35,"BAL","TEX","BAL",0,"T","F",1,1,0,16,0,"T","F",0,2,"T","T","campb101","bondb101","T","T",0,0,0,0,0,0,0,0,0,"","","",0,0,0,0,0,0,0,0,0,0,0,0,0,"singk001","F","F","F","F",0,0,0,0,0,0,0,0,0,0,F,F,"1978BAL.EVA.regular.event.csv",3212
"BAL197807160","TEX",5,0,0,0,0,"",1,1,"campb101","?","campb101","?","kerrj101","?","kerrj101","?","dempr001","murre001","dauer001","decid001","belam101","moraa101","lopec101","singk001","","willb101","","CS3(25)","F","F",6,9,6,"F","F",0,"F","F",1,"F","F",0,"F","F",0,"","F","F","",0,0,"N",0,"N",0,"N",0,0,0,0,"","","25","","F","F","F","F","T","F","F","F","F","","kerrj101","","F","F","F","F","F","","","","",0,5,0,0,2,0,0,0,0,36,"BAL","TEX","BAL",0,"F","F",1,1,0,17,1,"T","F",2,0,"T","T","bondb101","benij001","T","T",0,0,0,4,8,35,0,0,0,"","dempr001","",0,0,0,0,0,0,0,0,0,0,0,0,0,"","F","F","F","F",0,0,0,0,0,0,0,0,0,0,F,F,"1978BAL.EVA.regular.event.csv",3213
"BAL197807160","TEX",5,0,1,0,0,"",1,1,"campb101","?","campb101","?","kerrj101","?","kerrj101","?","dempr001","murre001","dauer001","decid001","belam101","moraa101","lopec101","singk001","","","","63","F","F",6,9,2,"T","T",0,"F","F",1,"F","F",0,"F","F",6,"G","F","F","",0,0,"N",0,"N",0,"N",0,0,0,0,"63","","","","F","F","F","F","F","F","F","F","F","","","","F","F","F","F","F","","","","",0,3,0,0,6,0,0,0,0,37,"BAL","TEX","BAL",0,"F","F",1,1,0,17,1,"F","F",0,0,"T","T","bondb101","benij001","T","T",0,0,0,0,0,0,0,0,0,"","","",0,0,0,0,0,0,0,0,0,0,0,0,0,"belam101","F","F","F","F",0,0,0,0,0,0,0,0,0,0,F,F,"1978BAL.EVA.regular.event.csv",3214
"BAL197807160","TEX",5,0,2,0,0,"",1,1,"bondb101","?","bondb101","?","kerrj101","?","kerrj101","?","dempr001","murre001","dauer001","decid001","belam101","moraa101","lopec101","singk001","","","","K/C","F","F",9,1,3,"T","T",0,"F","F",1,"F","F",0,"F","F",0,"","F","F","",0,0,"N",0,"N",0,"N",0,0,0,0,"2","","","","F","F","F","F","F","F","F","F","F","","","","F","F","F","F","F","","","","",0,2,0,0,0,0,0,0,0,38,"BAL","TEX","BAL",0,"F","T",1,1,0,18,2,"T","F",0,0,"T","T","benij001","lowej001","T","T",0,0,0,0,0,0,0,0,0,"","","",0,0,0,0,0,0,0,0,0,0,0,0,0,"","F","F","F","F",0,0,0,0,0,0,0,0,0,0,F,F,"1978BAL.EVA.regular.event.csv",3215
"BAL197807160","TEX",5,1,0,0,0,"",1,1,"lopec101","?","lopec101","?","matlj101","?","matlj101","?","sundj001","hargm001","willb101","bevak001","campb101","lowej001","benij001","bondb101","","","","1/L","T","F",8,8,2,"T","T",0,"F","F",1,"F","F",0,"F","F",1,"L","F","F","",0,0,"N",0,"N",0,"N",0,0,0,0,"1","","","","F","F","F","F","F","F","F","F","F","","","","F","F","F","F","F","","","","",0,1,0,0,0,0,0,0,0,39,"BAL","BAL","TEX",1,"T","F",1,1,0,16,0,"T","F",0,0,"T","T","dempr001","belam101","T","T",0,0,0,0,0,0,0,0,0,"","","",0,0,0,0,0,0,0,0,0,0,0,0,0,"matlj101","F","F","F","F",0,0,0,0,0,0,0,0,0,0,F,F,"1978BAL.EVA.regular.event.csv",3216
"BAL197807160","TEX",5,1,1,0,0,"",1,1,"dempr001","?","dempr001","?","matlj101","?","matlj101","?","sundj001","hargm001","willb101","bevak001","campb101","lowej001","benij001","bondb101","","","","63","F","F",2,9,2,"T","T",0,"F","F",1,"F","F",0,"F","F",6,"G","F","F","",0,0,"N",0,"N",0,"N",0,0,0,0,"63","","","","F","F","F","F","F","F","F","F","F","","","","F","F","F","F","F","","","","",0,3,0,0,6,0,0,0,0,40,"BAL","BAL","TEX",1,"F","F",1,1,0,17,1,"T","F",0,0,"T","T","belam101","dauer001","T","T",0,0,0,0,0,0,0,0,0,"","","",0,0,0,0,0,0,0,0,0,0,0,0,0,"campb101","F","F","F","F",0,0,0,0,0,0,0,0,0,0,F,F,"1978BAL.EVA.regular.event.csv",3217
"BAL197807160","TEX",5,1,2,0,0,"",1,1,"belam101","?","belam101","?","matlj101","?","matlj101","?","sundj001","hargm001","willb101","bevak001","campb101","lowej001","benij001","bondb101","","","","53","F","F",6,1,2,"T","T",0,"F","F",1,"F","F",0,"F","F",5,"G","F","F","",0,0,"N",0,"N",0,"N",0,0,0,0,"53","","","","F","F","F","F","F","F","F","F","F","","","","F","F","F","F","F","","","","",0,3,0,0,5,0,0,0,0,41,"BAL","BAL","TEX",1,"F","T",1,1,0,18,2,"T","F",0,0,"T","T","dauer001","singk001","T","T",0,0,0,0,0,0,0,0,0,"","","",0,0,0,0,0,0,0,0,0,0,0,0,0,"bevak001","F","F","F","F",0,0,0,0,0,0,0,0,0,0,F,F,"1978BAL.EVA.regular.event.csv",3218
"BAL197807160","TEX",6,0,0,0,0,"",1,1,"benij001","?","benij001","?","kerrj101","?","kerrj101","?","dempr001","murre001","dauer001","decid001","belam101","moraa101","lopec101","singk001","","","","53","T","F",8,2,2,"T","T",0,"F","F",1,"F","F",0,"F","F",5,"G","F","F","",0,0,"N",0,"N",0,"N",0,0,0,0,"53","","","","F","F","F","F","F","F","F","F","F","","","","F","F","F","F","F","","","","",0,3,0,0,5,0,0,0,0,42,"BAL","TEX","BAL",0,"T","F",1,1,0,19,0,"T","F",0,0,"T","T","lowej001","oliva001","T","T",0,0,0,0,0,0,0,0,0,"","","",0,0,0,0,0,0,0,0,0,0,0,0,0,"decid001","F","F","F","F",0,0,0,0,0,0,0,0,0,0,F,F,"1978BAL.EVA.regular.event.csv",3219
"BAL197807160","TEX",6,0,1,0,0,"",1,1,"lowej001","?","lowej001","?","kerrj101","?","kerrj101","?","dempr001","murre001","dauer001","decid001","belam101","moraa101","lopec101","singk001","","","","8","F","F",7,3,2,"T","T",0,"F","F",1,"F","F",0,"F","F",8,"F","F","F","",0,0,"N",0,"N",0,"N",0,0,0,0,"8","","","","F","F","F","F","F","F","F","F","F","","","","F","F","F","F","F","","","","",0,8,0,0,0,0,0,0,0,43,"BAL","TEX","BAL",0,"F","F",1,1,0,20,1,"T","F",0,0,"T","T","oliva001","hargm001","T","T",0,0,0,0,0,0,0,0,0,"","","",0,0,0,0,0,0,0,0,0,0,0,0,0,"lopec101","F","F","F","F",0,0,0,0,0,0,0,0,0,0,F,F,"1978BAL.EVA.regular.event.csv",3220
"BAL197807160","TEX",6,0,2,0,0,"",1,1,"oliva001","?","oliva001","?","kerrj101","?","kerrj101","?","dempr001","murre001","dauer001","decid001","belam101","moraa101","lopec101","singk001","","","","9","F","F",10,4,2,"T","T",0,"F","F",1,"F","F",0,"F","F",9,"F","F","F","",0,0,"N",0,"N",0,"N",0,0,0,0,"9","","","","F","F","F","F","F","F","F","F","F","","","","F","F","F","F","F","","","","",0,9,0,0,0,0,0,0,0,44,"BAL","TEX","BAL",0,"F","T",1,1,0,21,2,"T","F",0,0,"T","T","hargm001","sundj001","T","T",0,0,0,0,0,0,0,0,0,"","","",0,0,0,0,0,0,0,0,0,0,0,0,0,"singk001","F","F","F","F",0,0,0,0,0,0,0,0,0,0,F,F,"1978BAL.EVA.regular.event.csv",3221
"BAL197807160","TEX",6,1,0,0,0,"",1,1,"dauer001","?","dauer001","?","matlj101","?","matlj101","?","sundj001","hargm001","willb101","bevak001","campb101","lowej001","benij001","bondb101","","","","9","T","F",4,2,2,"T","T",0,"F","F",1,"F","F",0,"F","F",9,"F","F","F","",0,0,"N",0,"N",0,"N",0,0,0,0,"9","","","","F","F","F","F","F","F","F","F","F","","","","F","F","F","F","F","","","","",0,9,0,0,0,0,0,0,0,45,"BAL","BAL","TEX",1,"T","F",1,1,0,19,0,"T","F",0,0,"T","T","singk001","murre001","T","T",0,0,0,0,0,0,0,0,0,"","","",0,0,0,0,0,0,0,0,0,0,0,0,0,"bondb101","F","F","F","F",0,0,0,0,0,0,0,0,0,0,F,F,"1978BAL.EVA.regular.event.csv",3222
"BAL197807160","TEX",6,1,1,0,0,"",1,1,"singk001","?","singk001","?","matlj101","?","matlj101","?","sundj001","hargm001","willb101","bevak001","campb101","lowej001","benij001","bondb101","","","","K/C","F","F",9,3,3,"T","T",0,"F","F",1,"F","F",0,"F","F",0,"","F","F","",0,0,"N",0,"N",0,"N",0,0,0,0,"2","","","","F","F","F","F","F","F","F","F","F","","","","F","F","F","F","F","","","","",0,2,0,0,0,0,0,0,0,46,"BAL","BAL","TEX",1,"F","F",1,1,0,20,1,"T","F",0,0,"T","T","murre001","may-l101","T","T",0,0,0,0,0,0,0,0,0,"","","",0,0,0,0,0,0,0,0,0,0,0,0,0,"","F","F","F","F",0,0,0,0,0,0,0,0,0,0,F,F,"1978BAL.EVA.regular.event.csv",3223
"BAL197807160","TEX",6,1,2,0,0,"",1,1,"murre001","?","murre001","?","matlj101","?","matlj101","?","sundj001","hargm001","willb101","bevak001","campb101","lowej001","benij001","bondb101","","","","K","F","F",3,4,3,"T","T",0,"F","F",1,"F","F",0,"F","F",0,"","F","F","",0,0,"N",0,"N",0,"N",0,0,0,0,"2","","","","F","F","F","F","F","F","F","F","F","","","","F","F","F","F","F","","","","",0,2,0,0,0,0,0,0,0,47,"BAL","BAL","TEX",1,"F","T",1,1,0,21,2,"T","F",0,0,"T","T","may-l101","moraa101","T","T",0,0,0,0,0,0,0,0,0,"","","",0,0,0,0,0,0,0,0,0,0,0,0,0,"","F","F","F","F",0,0,0,0,0,0,0,0,0,0,F,F,"1978BAL.EVA.regular.event.csv",3224
"BAL197807160","TEX",7,0,0,0,0,"",1,1,"hargm001","?","hargm001","?","kerrj101","?","kerrj101","?","dempr001","murre001","dauer001","decid001","belam101","moraa101","lopec101","singk001","","","","43","T","F",3,5,2,"T","T",0,"F","F",1,"F","F",0,"F","F",4,"G","F","F","",0,0,"N",0,"N",0,"N",0,0,0,0,"43","","","","F","F","F","F","F","F","F","F","F","","","","F","F","F","F","F","","","","",0,3,0,0,4,0,0,0,0,48,"BAL","TEX","BAL",0,"T","F",1,1,0,22,0,"T","F",0,0,"T","T","sundj001","bevak001","T","T",0,0,0,0,0,0,0,0,0,"","","",0,0,0,0,0,0,0,0,0,0,0,0,0,"dauer001","F","F","F","F",0,0,0,0,0,0,0,0,0,0,F,F,"1978BAL.EVA.regular.event.csv",3225
"BAL197807160","TEX",7,0,1,0,0,"",1,1,"sundj001","?","sundj001","?","kerrj101","?","kerrj101","?","dempr001","murre001","dauer001","decid001","belam101","moraa101","lopec101","singk001","","","","W","F","F",2,6,14,"T","F",0,"F","F",0,"F","F",0,"F","F",0,"","F","F","",0,0,"N",0,"N",0,"N",1,0,0,0,"","","","","F","F","F","F","F","F","F","F","F","","","","F","F","F","F","F","","","","",0,0,0,0,0,0,0,0,0,49,"BAL","TEX","BAL",0,"F","F",1,1,0,23,1,"T","F",0,1,"T","T","bevak001","willb101","T","T",0,0,0,0,0,0,0,0,0,"","","",0,0,0,0,0,0,0,0,0,0,0,0,0,"","F","F","F","F",0,0,0,0,0,0,0,0,0,0,F,F,"1978BAL.EVA.regular.event.csv",3226
"BAL197807160","TEX",7,0,1,0,0,"",1,1,"bevak001","?","bevak001","?","kerrj101","?","kerrj101","?","dempr001","murre001","dauer001","decid001","belam101","moraa101","lopec101","singk001","sundj001","","","K","F","F",5,7,3,"T","T",0,"F","F",1,"F","F",0,"F","F",0,"","F","F","",0,0,"N",0,"N",0,"N",0,1,0,0,"2","","","","F","F","F","F","F","F","F","F","F","kerrj101","","","F","F","F","F","F","","","","",0,2,0,0,0,0,0,0,0,50,"BAL","TEX","BAL",0,"F","F",1,1,0,24,2,"T","F",1,1,"T","T","willb101","campb101","T","T",2,6,49,0,0,0,0,0,0,"dempr001","","",0,0,0,0,0,0,0,0,0,0,0,0,0,"","F","F","F","F",0,0,0,0,0,0,0,0,0,0,F,F,"1978BAL.EVA.regular.event.csv",3227
"BAL197807160","TEX",7,0,2,0,0,"",1,1,"willb101","?","willb101","?","kerrj101","?","kerrj101","?","dempr001","murre001","dauer001","decid001","belam101","moraa101","lopec101","singk001","sundj001","","","K","F","F",4,8,3,"T","T",0,"F","F",1,"F","F",0,"F","F",0,"","F","F","",0,0,"N",0,"N",0,"N",0,1,0,0,"2","","","","F","F","F","F","F","F","F","F","F","kerrj101","","","F","F","F","F","F","","","","",0,2,0,0,0,0,0,0,0,51,"BAL","TEX","BAL",0,"F","T",1,1,0,25,3,"T","F",1,1,"T","T","campb101","bondb101","T","T",2,6,49,0,0,0,0,0,0,"dempr001","","",0,0,0,0,0,0,0,0,0,0,0,0,0,"","F","F","F","F",0,0,0,0,0,0,0,0,0,0,F,F,"1978BAL.EVA.regular.event.csv",3228
"BAL197807160","TEX",7,1,0,0,0,"",1,1,"may-l101","?","may-l101","?","matlj101","?","matlj101","?","sundj001","hargm001","willb101","bevak001","campb101","lowej001","benij001","bondb101","","","","K","T","F",10,5,3,"T","T",0,"F","F",1,"F","F",0,"F","F",0,"","F","F","",0,0,"N",0,"N",0,"N",0,0,0,0,"2","","","","F","F","F","F","F","F","F","F","F","","","","F","F","F","F","F","","","","",0,2,0,0,0,0,0,0,0,52,"BAL","BAL","TEX",1,"T","F",1,1,0,22,0,"T","F",0,0,"T","T","moraa101","decid001","T","T",0,0,0,0,0,0,0,0,0,"","","",0,0,0,0,0,0,0,0,0,0,0,0,0,"","F","F","F","F",0,0,0,0,0,0,0,0,0,0,F,F,"1978BAL.EVA.regular.event.csv",3229
"BAL197807160","TEX",7,1,1,0,0,"",1,1,"moraa101","?","moraa101","?","matlj101","?","matlj101","?","sundj001","hargm001","willb101","bevak001","campb101","lowej001","benij001","bondb101","","","","5/FL","F","F",7,6,2,"T","T",0,"F","F",1,"F","F",0,"F","F",5,"F","F","T","",0,0,"N",0,"N",0,"N",0,0,0,0,"5","","","","F","F","F","F","F","F","F","F","F","","","","F","F","F","F","F","","","","",0,5,0,0,0,0,0,0,0,53,"BAL","BAL","TEX",1,"F","F",1,1,0,23,1,"T","F",0,0,"T","T","decid001","lopec101","T","T",0,0,0,0,0,0,0,0,0,"","","",0,0,0,0,0,0,0,0,0,0,0,0,0,"bevak001","F","F","F","F",0,0,0,0,0,0,0,0,0,0,F,F,"1978BAL.EVA.regular.event.csv",3230
"BAL197807160","TEX",7,1,2,0,0,"",1,1,"decid001","?","decid001","?","matlj101","?","matlj101","?","sundj001","hargm001","willb101","bevak001","campb101","lowej001","benij001","bondb101","","","","3/FL","F","F",5,7,2,"T","T",0,"F","F",1,"F","F",0,"F","F",3,"F","F","T","",0,0,"N",0,"N",0,"N",0,0,0,0,"3","","","","F","F","F","F","F","F","F","F","F","","","","F","F","F","F","F","","","","",0,3,0,0,0,0,0,0,0,54,"BAL","BAL","TEX",1,"F","T",1,1,0,24,2,"T","F",0,0,"T","T","lopec101","dempr001","T","T",0,0,0,0,0,0,0,0,0,"","","",0,0,0,0,0,0,0,0,0,0,0,0,0,"hargm001","F","F","F","F",0,0,0,0,0,0,0,0,0,0,F,F,"1978BAL.EVA.regular.event.csv",3231
"BAL197807160","TEX",8,0,0,0,0,"",1,1,"campb101","?","campb101","?","stand101","?","stand101","?","dempr001","murre001","dauer001","decid001","belam101","moraa101","lopec101","singk001","","","","63","T","F",6,9,2,"T","T",0,"F","F",1,"F","F",0,"F","F",6,"G","F","F","",0,0,"N",0,"N",0,"N",0,0,0,0,"63","","","","F","F","F","F","F","F","F","F","F","","","","F","F","F","F","F","","","","",0,3,0,0,6,0,0,0,0,55,"BAL","TEX","BAL",0,"T","F",1,1,0,26,0,"T","F",0,0,"T","T","bondb101","benij001","F","F",0,0,0,0,0,0,0,0,0,"","","",0,0,0,0,0,0,0,0,0,0,0,0,0,"belam101","F","F","F","F",0,0,0,0,0,0,0,0,0,0,F,F,"1978BAL.EVA.regular.event.csv",3232
"BAL197807160","TEX",8,0,1,0,0,"",1,1,"bondb101","?","bondb101","?","stand101","?","stand101","?","dempr001","murre001","dauer001","decid001","belam101","moraa101","lopec101","singk001","","","","9","F","F",9,1,2,"T","T",0,"F","F",1,"F","F",0,"F","F",9,"F","F","F","",0,0,"N",0,"N",0,"N",0,0,0,0,"9","","","","F","F","F","F","F","F","F","F","F","","","","F","F","F","F","F","","","","",0,9,0,0,0,0,0,0,0,56,"BAL","TEX","BAL",0,"F","F",1,1,0,27,1,"T","F",0,0,"T","T","benij001","lowej001","F","F",0,0,0,0,0,0,0,0,0,"","","",0,0,0,0,0,0,0,0,0,0,0,0,0,"singk001","F","F","F","F",0,0,0,0,0,0,0,0,0,0,F,F,"1978BAL.EVA.regular.event.csv",3233
"BAL197807160","TEX",8,0,2,0,0,"",1,1,"benij001","?","benij001","?","stand101","?","stand101","?","dempr001","murre001","dauer001","decid001","belam101","moraa101","lopec101","singk001","","","","8","F","F",8,2,2,"T","T",0,"F","F",1,"F","F",0,"F","F",8,"F","F","F","",0,0,"N",0,"N",0,"N",0,0,0,0,"8","","","","F","F","F","F","F","F","F","F","F","","","","F","F","F","F","F","","","","",0,8,0,0,0,0,0,0,0,57,"BAL","TEX","BAL",0,"F","T",1,1,0,28,2,"T","F",0,0,"T","T","lowej001","oliva001","F","F",0,0,0,0,0,0,0,0,0,"","","",0,0,0,0,0,0,0,0,0,0,0,0,0,"lopec101","F","F","F","F",0,0,0,0,0,0,0,0,0,0,F,F,"1978BAL.EVA.regular.event.csv",3234
"BAL197807160","TEX",8,1,0,0,0,"",1,1,"lopec101","?","lopec101","?","matlj101","?","matlj101","?","sundj001","hargm001","willb101","bevak001","campb101","lowej001","benij001","bondb101","","","","63","T","F",8,8,2,"T","T",0,"F","F",1,"F","F",0,"F","F",6,"G","F","F","",0,0,"N",0,"N",0,"N",0,0,0,0,"63","","","","F","F","F","F","F","F","F","F","F","","","","F","F","F","F","F","","","","",0,3,0,0,6,0,0,0,0,58,"BAL","BAL","TEX",1,"T","F",1,1,0,25,0,"T","F",0,0,"T","T","dempr001","belam101","T","T",0,0,0,0,0,0,0,0,0,"","","",0,0,0,0,0,0,0,0,0,0,0,0,0,"campb101","F","F","F","F",0,0,0,0,0,0,0,0,0,0,F,F,"1978BAL.EVA.regular.event.csv",3235
"BAL197807160","TEX",8,1,1,0,0,"",1,1,"dempr001","?","dempr001","?","matlj101","?","matlj101","?","sundj001","hargm001","willb101","bevak001","campb101","lowej001","benij001","bondb101","","","","S8","F","F",2,9,20,"T","T",1,"F","F",0,"F","F",0,"F","F",8,"","F","F","",0,0,"N",0,"N",0,"N",1,0,0,0,"","","","","F","F","F","F","F","F","F","F","F","","","","F","F","F","F","F","","","","",0,0,0,0,0,0,0,0,0,59,"BAL","BAL","TEX",1,"F","F",1,1,0,26,1,"T","F",0,1,"T","T","belam101","dauer001","T","T",0,0,0,0,0,0,0,0,0,"","","",0,0,0,0,0,0,0,0,0,0,0,0,0,"benij001","F","F","F","F",0,0,0,0,0,0,0,0,0,0,F,F,"1978BAL.EVA.regular.event.csv",3236
"BAL197807160","TEX",8,1,1,0,0,"",1,1,"belam101","?","belam101","?","matlj101","?","matlj101","?","sundj001","hargm001","willb101","bevak001","campb101","lowej001","benij001","bondb101","dempr001","","","E5/G.1-2","F","F",6,1,18,"T","T",0,"F","F",0,"F","F",0,"F","F",5,"G","F","F","",1,5,"F",0,"N",0,"N",1,2,0,0,"","","","","F","F","F","F","F","F","F","F","F","matlj101","","","F","F","F","F","F","","","","",0,0,0,0,0,0,0,0,0,60,"BAL","BAL","TEX",1,"F","F",1,1,0,27,2,"T","F",1,3,"T","T","dauer001","singk001","T","T",2,9,59,0,0,0,0,0,0,"sundj001","","",0,0,0,0,0,0,0,0,0,0,0,0,0,"bevak001","F","F","F","T",0,0,0,0,0,0,0,0,0,0,F,F,"1978BAL.EVA.regular.event.csv",3237
"BAL197807160","TEX",8,1,1,0,0,"",1,1,"dauer001","?","dauer001","?","matlj101","?","matlj101","?","sundj001","hargm001","willb101","bevak001","campb101","lowej001","benij001","bondb101","belam101","dempr001","","8","F","F",4,2,2,"T","T",0,"F","F",1,"F","F",0,"F","F",8,"F","F","F","",0,0,"N",0,"N",0,"N",0,1,2,0,"8","","","","F","F","F","F","F","F","F","F","F","matlj101","matlj101","","F","F","F","F","F","","","","",0,8,0,0,0,0,0,0,0,61,"BAL","BAL","TEX",1,"F","F",1,1,0,28,3,"T","F",3,3,"T","T","singk001","murre001","T","T",6,1,60,2,9,59,0,0,0,"sundj001","sundj001","",0,0,0,0,0,0,0,0,0,0,0,0,0,"benij001","F","F","F","F",0,0,0,0,0,0,0,0,0,0,F,F,"1978BAL.EVA.regular.event.csv",3238
"BAL197807160","TEX",8,1,2,0,0,"",1,1,"singk001","?","singk001","?","matlj101","?","matlj101","?","sundj001","hargm001","willb101","bevak001","campb101","lowej001","benij001","bondb101","belam101","dempr001","","K","F","F",9,3,3,"T","T",0,"F","F",1,"F","F",0,"F","F",0,"","F","F","",0,0,"N",0,"N",0,"N",0,1,2,0,"2","","","","F","F","F","F","F","F","F","F","F","matlj101","matlj101","","F","F","F","F","F","","","","",0,2,0,0,0,0,0,0,0,62,"BAL","BAL","TEX",1,"F","T",1,1,0,29,4,"T","F",3,3,"T","T","murre001","may-l101","T","T",6,1,60,2,9,59,0,0,0,"sundj001","sundj001","",0,0,0,0,0,0,0,0,0,0,0,0,0,"","F","F","F","F",0,0,0,0,0,0,0,0,0,0,F,F,"1978BAL.EVA.regular.event.csv",3239
"BAL197807160","TEX",9,0,0,0,0,"",1,1,"lowej001","?","lowej001","?","stand101","?","stand101","?","dempr001","murre001","dauer001","decid001","belam101","moraa101","lopec101","singk001","","","","W","T","F",7,3,14,"T","F",0,"F","F",0,"F","F",0,"F","F",0,"","F","F","",0,0,"N",0,"N",0,"N",1,0,0,0,"","","","","F","F","F","F","F","F","F","F","F","","","","F","F","F","F","F","","","","",0,0,0,0,0,0,0,0,0,63,"BAL","TEX","BAL",0,"T","F",1,1,0,29,0,"T","F",0,1,"T","T","oliva001","hargm001","F","F",0,0,0,0,0,0,0,0,0,"","","",0,0,0,0,0,0,0,0,0,0,0,0,0,"","F","F","F","F",0,0,0,0,0,0,0,0,0,0,F,F,"1978BAL.EVA.regular.event.csv",3240
"BAL197807160","TEX",9,0,0,0,0,"",1,1,"oliva001","?","oliva001","?","stand101","?","stand101","?","dempr001","murre001","dauer001","decid001","belam101","moraa101","lopec101","singk001","lowej001","","","16(1)/FO","F","F",10,4,2,"T","T",0,"F","F",1,"F","F",0,"F","F",1,"G","F","F","",0,0,"N",0,"N",0,"N",1,0,0,0,"","16","","","F","F","F","F","F","F","F","F","F","stand101","","","F","F","F","F","F","","","","",0,6,0,0,1,0,0,0,0,64,"BAL","TEX","BAL",0,"F","F",1,1,0,30,1,"T","F",1,1,"T","T","hargm001","sundj001","F","F",7,3,63,0,0,0,0,0,0,"dempr001","","",0,0,0,0,0,0,0,0,0,0,0,0,0,"stand101","T","F","F","F",3,0,0,0,0,0,0,0,0,0,F,F,"1978BAL.EVA.regular.event.csv",3241
"BAL197807160","TEX",9,0,1,0,0,"",1,1,"hargm001","?","hargm001","?","stand101","?","stand101","?","dempr001","murre001","dauer001","decid001","belam101","moraa101","lopec101","singk001","oliva001","","","D7.1-3","F","F",3,5,21,"T","T",2,"F","F",0,"F","F",0,"F","F",7,"","F","F","",0,0,"N",0,"N",0,"N",2,3,0,0,"","","","","F","F","F","F","F","F","F","F","F","stand101","","","F","F","F","F","F","","","","",0,0,0,0,0,0,0,0,0,65,"BAL","TEX","BAL",0,"F","F",1,1,0,31,2,"T","F",1,6,"T","T","sundj001","bevak001","F","F",10,4,64,0,0,0,0,0,0,"dempr001","","",0,0,0,0,0,0,0,0,0,0,0,0,0,"moraa101","F","F","F","F",2,3,0,0,0,0,0,0,0,0,F,F,"1978BAL.EVA.regular.event.csv",3242
"BAL197807160","TEX",9,0,1,0,0,"",1,1,"sundj001","?","sundj001","?","stand101","?","stand101","?","dempr001","murre001","dauer001","decid001","belam101","moraa101","lopec101","singk001","","jorgm001","oliva001","IW","F","F",2,6,15,"T","F",0,"F","F",0,"F","F",0,"F","F",0,"","F","F","",0,0,"N",0,"N",0,"N",1,0,2,3,"","","","","F","F","F","F","F","F","F","F","F","","stand101","stand101","F","F","F","T","F","","hargm001","","",0,0,0,0,0,0,0,0,0,66,"BAL","TEX","BAL",0,"F","F",1,1,0,32,3,"T","F",6,7,"T","T","bevak001","willb101","F","F",0,0,0,0,5,65,10,4,64,"","dempr001","dempr001",0,0,0,0,0,0,0,0,0,0,0,0,0,"","F","F","F","F",0,0,2,3,0,0,0,0,0,0,F,F,"1978BAL.EVA.regular.event.csv",3243
"BAL197807160","TEX",9,0,1,0,0,"",1,1,"bevak001","?","bevak001","?","stand101","?","stand101","?","dempr001","murre001","dauer001","decid001","belam101","moraa101","lopec101","singk001","sundj001","jorgm001","oliva001","6(1)3/GDP","F","F",5,7,2,"T","T",0,"F","F",2,"T","F",0,"F","F",6,"G","F","F","",0,0,"N",0,"N",0,"N",0,0,2,3,"63","6","","","F","F","F","F","F","F","F","F","F","stand101","stand101","stand101","F","F","F","F","F","","","","",0,6,3,0,6,0,0,0,0,67,"BAL","TEX","BAL",0,"F","T",1,1,0,33,4,"T","F",7,6,"T","T","willb101","campb101","F","F",2,6,66,0,5,65,10,4,64,"dempr001","dempr001","dempr001",0,0,0,0,0,0,0,0,0,0,0,0,0,"belam101","T","F","F","F",0,0,2,3,0,0,0,0,0,0,F,F,"1978BAL.EVA.regular.event.csv",3244
"BAL197807160","TEX",9,1,0,0,0,"",1,1,"murre001","?","murre001","?","matlj101","?","matlj101","?","sundj001","jorgm001","willb101","bevak001","campb101","lowej001","benij001","bondb101","","","","7","T","F",3,4,2,"T","T",0,"F","F",1,"F","F",0,"F","F",7,"F","F","F","",0,0,"N",0,"N",0,"N",0,0,0,0,"7","","","","F","F","F","F","F","F","F","F","F","","","","F","F","F","F","F","","","","",0,7,0,0,0,0,0,0,0,68,"BAL","BAL","TEX",1,"T","F",1,1,0,30,0,"T","F",0,0,"T","T","may-l101","moraa101","T","T",0,0,0,0,0,0,0,0,0,"","","",0,0,0,0,0,0,0,0,0,0,0,0,0,"lowej001","F","F","F","F",0,0,0,0,0,0,0,0,0,0,F,F,"1978BAL.EVA.regular.event.csv",3245
"BAL197807160","TEX",9,1,1,0,0,"",1,1,"may-l101","?","may-l101","?","matlj101","?","matlj101","?","sundj001","jorgm001","willb101","bevak001","campb101","lowej001","benij001","bondb101","","","","S6","F","F",10,5,20,"T","T",1,"F","F",0,"F","F",0,"F","F",6,"","F","F","",0,0,"N",0,"N",0,"N",1,0,0,0,"","","","","F","F","F","F","F","F","F","F","F","","","","F","F","F","F","F","","","","",0,0,0,0,0,0,0,0,0,69,"BAL","BAL","TEX",1,"F","F",1,1,0,31,1,"T","F",0,1,"T","T","moraa101","decid001","T","T",0,0,0,0,0,0,0,0,0,"","","",0,0,0,0,0,0,0,0,0,0,0,0,0,"campb101","F","F","F","F",0,0,0,0,0,0,0,0,0,0,F,F,"1978BAL.EVA.regular.event.csv",3246
"BAL197807160","TEX",9,1,1,0,0,"",1,1,"moraa101","?","moraa101","?","matlj101","?","matlj101","?","sundj001","jorgm001","willb101","bevak001","campb101","lowej001","benij001","bondb101","kellp101","","","3/FL","F","F",7,6,2,"T","T",0,"F","F",1,"F","F",0,"F","F",3,"F","F","T","",0,0,"N",0,"N",0,"N",0,1,0,0,"3","","","","F","F","F","F","F","F","F","F","F","matlj101","","","F","F","T","F","F","may-l101","","","",0,3,0,0,0,0,0,0,0,70,"BAL","BAL","TEX",1,"F","F",1,1,0,32,2,"T","F",1,1,"T","T","decid001","lopec101","T","T",10,5,69,0,0,0,0,0,0,"sundj001","","",0,0,0,0,0,0,0,0,0,0,0,0,0,"jorgm001","F","F","F","F",0,0,0,0,0,0,0,0,0,0,F,F,"1978BAL.EVA.regular.event.csv",3247
"BAL197807160","TEX",9,1,2,0,0,"",1,1,"decid001","?","decid001","?","matlj101","?","matlj101","?","sundj001","jorgm001","willb101","bevak001","campb101","lowej001","benij001","bondb101","kellp101","","","3/FL","F","F",5,7,2,"T","T",0,"F","F",1,"F","F",0,"F","F",3,"F","F","T","",0,0,"N",0,"N",0,"N",0,1,0,0,"3","","","","F","F","F","F","F","F","F","F","F","matlj101","","","F","F","F","F","F","","","","",0,3,0,0,0,0,0,0,0,71,"BAL","BAL","TEX",1,"F","T",1,1,0,33,3,"T","F",1,1,"T","T","lopec101","dempr001","T","T",10,5,69,0,0,0,0,0,0,"sundj001","","",0,0,0,0,0,0,0,0,0,0,0,0,0,"jorgm001","F","F","F","F",0,0,0,0,0,0,0,0,0,0,F,F,"1978BAL.EVA.regular.event.csv",3248
"BAL197807160","TEX",10,0,0,0,0,"",1,1,"willb101","?","willb101","?","stand101","?","stand101","?","dempr001","murre001","dauer001","decid001","belam101","moraa101","lopec101","singk001","","","","W","T","F",4,8,14,"T","F",0,"F","F",0,"F","F",0,"F","F",0,"","F","F","",0,0,"N",0,"N",0,"N",1,0,0,0,"","","","","F","F","F","F","F","F","F","F","F","","","","F","F","F","F","F","","","","",0,0,0,0,0,0,0,0,0,72,"BAL","TEX","BAL",0,"T","F",1,1,0,34,0,"T","F",0,1,"T","T","campb101","bondb101","F","F",0,0,0,0,0,0,0,0,0,"","","",0,0,0,0,0,0,0,0,0,0,0,0,0,"","F","F","F","F",0,0,0,0,0,0,0,0,0,0,F,F,"1978BAL.EVA.regular.event.csv",3249
"BAL197807160","TEX",10,0,0,0,0,"",1,1,"campb101","?","campb101","?","stand101","?","stand101","?","dempr001","murre001","dauer001","decid001","belam101","moraa101","lopec101","singk001","willb101","","","13/SH.1-2","F","F",6,9,2,"T","F",0,"T","F",1,"F","F",0,"F","F",1,"G","T","F","",0,0,"N",0,"N",0,"N",0,2,0,0,"13","","","","F","F","F","F","F","F","F","F","F","stand101","","","F","F","F","F","F","","","","",0,3,0,0,1,0,0,0,0,73,"BAL","TEX","BAL",0,"F","F",1,1,0,35,1,"T","F",1,2,"T","T","bondb101","benij001","F","F",4,8,72,0,0,0,0,0,0,"dempr001","","",0,0,0,0,0,0,0,0,0,0,0,0,0,"stand101","F","F","F","F",0,0,0,0,0,0,0,0,0,0,F,F,"1978BAL.EVA.regular.event.csv",3250
"BAL197807160","TEX",10,0,1,0,0,"",1,1,"bondb101","?","bondb101","?","stand101","?","stand101","?","dempr001","murre001","dauer001","decid001","belam101","moraa101","lopec101","singk001","","willb101","","53","F","F",9,1,2,"T","T",0,"F","F",1,"F","F",0,"F","F",5,"G","F","F","",0,0,"N",0,"N",0,"N",0,0,2,0,"53","","","","F","F","F","F","F","F","F","F","F","","stand101","","F","F","F","F","F","","","","",0,3,0,0,5,0,0,0,0,74,"BAL","TEX","BAL",0,"F","F",1,1,0,36,2,"T","F",2,2,"T","T","benij001","lowej001","F","F",0,0,0,4,8,72,0,0,0,"","dempr001","",0,0,0,0,0,0,0,0,0,0,0,0,0,"decid001","F","F","F","F",0,0,0,0,0,0,0,0,0,0,F,F,"1978BAL.EVA.regular.event.csv",3251
"BAL197807160","TEX",10,0,2,0,0,"",1,1,"benij001","?","benij001","?","stand101","?","stand101","?","dempr001","murre001","dauer001","decid001","belam101","moraa101","lopec101","singk001","","willb101","","S5.2-3","F","F",8,2,20,"T","T",1,"F","F",0,"F","F",0,"F","F",5,"","F","F","",0,0,"N",0,"N",0,"N",1,0,3,0,"","","","","F","F","F","F","F","F","F","F","F","","stand101","","F","F","F","F","F","","","","",0,0,0,0,0,0,0,0,0,75,"BAL","TEX","BAL",0,"F","F",1,1,0,37,3,"T","F",2,5,"T","T","lowej001","oliva001","F","F",0,0,0,4,8,72,0,0,0,"","dempr001","",0,0,0,0,0,0,0,0,0,0,0,0,0,"decid001","F","F","F","F",0,0,0,0,0,0,0,0,0,0,F,F,"1978BAL.EVA.regular.event.csv",3252
"BAL197807160","TEX",10,0,2,0,0,"",1,1,"lowej001","?","lowej001","?","stand101","?","stand101","?","dempr001","murre001","dauer001","decid001","belam101","moraa101","lopec101","singk001","benij001","","willb101","K","F","F",7,3,3,"T","T",0,"F","F",1,"F","F",0,"F","F",0,"","F","F","",0,0,"N",0,"N",0,"N",0,1,0,3,"2","","","","F","F","F","F","F","F","F","F","F","stand101","","stand101","F","F","F","F","F","","","","",0,2,0,0,0,0,0,0,0,76,"BAL","TEX","BAL",0,"F","T",1,1,0,38,4,"T","F",5,5,"T","T","oliva001","jorgm001","F","F",8,2,75,0,0,0,4,8,72,"dempr001","","dempr001",0,0,0,0,0,0,0,0,0,0,0,0,0,"","F","F","F","F",0,0,0,0,0,0,0,0,0,0,F,F,"1978BAL.EVA.regular.event.csv",3253
"BAL197807160","TEX",10,1,0,0,0,"",1,1,"lopec101","?","lopec101","?","matlj101","?","matlj101","?","sundj001","jorgm001","willb101","bevak001","campb101","lowej001","benij001","bondb101","","","","E5/G","T","F",8,8,18,"T","T",0,"F","F",0,"F","F",0,"F","F",5,"G","F","F","",1,5,"F",0,"N",0,"N",1,0,0,0,"","","","","F","F","F","F","F","F","F","F","F","","","","F","F","F","F","F","","","","",0,0,0,0,0,0,0,0,0,77,"BAL","BAL","TEX",1,"T","F",1,1,0,34,0,"T","F",0,1,"T","T","dempr001","belam101","T","T",0,0,0,0,0,0,0,0,0,"","","",0,0,0,0,0,0,0,0,0,0,0,0,0,"bevak001","F","F","F","T",0,0,0,0,0,0,0,0,0,0,F,F,"1978BAL.EVA.regular.event.csv",3254
"BAL197807160","TEX",10,1,0,0,0,"",1,1,"dempr001","?","dempr001","?","matlj101","?","matlj101","?","sundj001","jorgm001","willb101","bevak001","campb101","lowej001","benij001","bondb101","lopec101","","","1(B)13(1)/DP","F","F",2,9,2,"T","T",0,"F","F",2,"T","F",0,"F","F",1,"F","F","F","",0,0,"N",0,"N",0,"N",0,0,0,0,"1","13","","","F","F","F","F","F","F","F","F","F","matlj101","","","F","F","F","F","F","","","","",0,1,3,0,1,0,0,0,0,78,"BAL","BAL","TEX",1,"F","F",1,1,0,35,1,"T","F",1,0,"T","T","belam101","dauer001","T","T",8,8,77,0,0,0,0,0,0,"sundj001","","",0,0,0,0,0,0,0,0,0,0,0,0,0,"matlj101","F","F","F","F",0,0,0,0,0,0,0,0,0,0,F,F,"1978BAL.EVA.regular.event.csv",3255
"BAL197807160","TEX",10,1,2,0,0,"",1,1,"belam101","?","belam101","?","matlj101","?","matlj101","?","sundj001","jorgm001","willb101","bevak001","campb101","lowej001","benij001","bondb101","","","","7","F","F",6,1,2,"T","T",0,"F","F",1,"F","F",0,"F","F",7,"F","F","F","",0,0,"N",0,"N",0,"N",0,0,0,0,"7","","","","F","F","F","F","F","F","F","F","F","","","","F","F","F","F","F","","","","",0,7,0,0,0,0,0,0,0,79,"BAL","BAL","TEX",1,"F","T",1,1,0,36,2,"T","F",0,0,"T","T","dauer001","singk001","T","T",0,0,0,0,0,0,0,0,0,"","","",0,0,0,0,0,0,0,0,0,0,0,0,0,"lowej001","F","F","F","F",0,0,0,0,0,0,0,0,0,0,F,F,"1978BAL.EVA.regular.event.csv",3256
"BAL197807160","TEX",11,0,0,0,0,"",1,1,"oliva001","?","oliva001","?","stand101","?","stand101","?","dempr001","murre001","dauer001","decid001","belam101","moraa101","lopec101","singk001","","","","7","T","F",10,4,2,"T","T",0,"F","F",1,"F","F",0,"F","F",7,"F","F","F","",0,0,"N",0,"N",0,"N",0,0,0,0,"7","","","","F","F","F","F","F","F","F","F","F","","","","F","F","F","F","F","","","","",0,7,0,0,0,0,0,0,0,80,"BAL","TEX","BAL",0,"T","F",1,1,0,39,0,"T","F",0,0,"T","T","jorgm001","sundj001","F","F",0,0,0,0,0,0,0,0,0,"","","",0,0,0,0,0,0,0,0,0,0,0,0,0,"moraa101","F","F","F","F",0,0,0,0,0,0,0,0,0,0,F,F,"1978BAL.EVA.regular.event.csv",3257
"BAL197807160","TEX",11,0,1,0,0,"",1,1,"jorgm001","?","jorgm001","?","stand101","?","stand101","?","dempr001","murre001","dauer001","decid001","belam101","moraa101","lopec101","singk001","","","","8","F","F",3,5,2,"T","T",0,"F","F",1,"F","F",0,"F","F",8,"F","F","F","",0,0,"N",0,"N",0,"N",0,0,0,0,"8","","","","F","F","F","F","F","F","F","F","F","","","","F","F","F","F","F","","","","",0,8,0,0,0,0,0,0,0,81,"BAL","TEX","BAL",0,"F","F",1,1,0,40,1,"T","F",0,0,"F","F","sundj001","bevak001","F","F",0,0,0,0,0,0,0,0,0,"","","",0,0,0,0,0,0,0,0,0,0,0,0,0,"lopec101","F","F","F","F",0,0,0,0,0,0,0,0,0,0,F,F,"1978BAL.EVA.regular.event.csv",3258
"BAL197807160","TEX",11,0,2,0,0,"",1,1,"sundj001","?","sundj001","?","stand101","?","stand101","?","dempr001","murre001","dauer001","decid001","belam101","moraa101","lopec101","singk001","","","","8","F","F",2,6,2,"T","T",0,"F","F",1,"F","F",0,"F","F",8,"F","F","F","",0,0,"N",0,"N",0,"N",0,0,0,0,"8","","","","F","F","F","F","F","F","F","F","F","","","","F","F","F","F","F","","","","",0,8,0,0,0,0,0,0,0,82,"BAL","TEX","BAL",0,"F","T",1,1,0,41,2,"T","F",0,0,"T","T","bevak001","willb101","F","F",0,0,0,0,0,0,0,0,0,"","","",0,0,0,0,0,0,0,0,0,0,0,0,0,"lopec101","F","F","F","F",0,0,0,0,0,0,0,0,0,0,F,F,"1978BAL.EVA.regular.event.csv",3259
"BAL197807160","TEX",11,1,0,0,0,"",1,1,"dauer001","?","dauer001","?","clevr101","?","clevr101","?","sundj001","jorgm001","willb101","bevak001","campb101","lowej001","benij001","bondb101","","","","4/P","T","F",4,2,2,"T","T",0,"F","F",1,"F","F",0,"F","F",4,"P","F","F","",0,0,"N",0,"N",0,"N",0,0,0,0,"4","","","","F","F","F","F","F","F","F","F","F","","","","F","F","F","F","F","","","","",0,4,0,0,0,0,0,0,0,83,"BAL","BAL","TEX",1,"T","F",1,1,0,37,0,"T","F",0,0,"T","T","singk001","murre001","F","F",0,0,0,0,0,0,0,0,0,"","","",0,0,0,0,0,0,0,0,0,0,0,0,0,"willb101","F","F","F","F",0,0,0,0,0,0,0,0,0,0,F,F,"1978BAL.EVA.regular.event.csv",3260
"BAL197807160","TEX",11,1,1,0,0,"",1,1,"singk001","?","singk001","?","clevr101","?","clevr101","?","sundj001","jorgm001","willb101","bevak001","campb101","lowej001","benij001","bondb101","","","","63","F","F",9,3,2,"T","T",0,"F","F",1,"F","F",0,"F","F",6,"G","F","F","",0,0,"N",0,"N",0,"N",0,0,0,0,"63","","","","F","F","F","F","F","F","F","F","F","","","","F","F","F","F","F","","","","",0,3,0,0,6,0,0,0,0,84,"BAL","BAL","TEX",1,"F","F",1,1,0,38,1,"T","F",0,0,"T","T","murre001","kellp101","F","F",0,0,0,0,0,0,0,0,0,"","","",0,0,0,0,0,0,0,0,0,0,0,0,0,"campb101","F","F","F","F",0,0,0,0,0,0,0,0,0,0,F,F,"1978BAL.EVA.regular.event.csv",3261
"BAL197807160","TEX",11,1,2,0,0,"",1,1,"murre001","?","murre001","?","clevr101","?","clevr101","?","sundj001","jorgm001","willb101","bevak001","campb101","lowej001","benij001","bondb101","","","","43","F","F",3,4,2,"T","T",0,"F","F",1,"F","F",0,"F","F",4,"G","F","F","",0,0,"N",0,"N",0,"N",0,0,0,0,"43","","","","F","F","F","F","F","F","F","F","F","","","","F","F","F","F","F","","","","",0,3,0,0,4,0,0,0,0,85,"BAL","BAL","TEX",1,"F","T",1,1,0,39,2,"T","F",0,0,"T","T","kellp101","moraa101","F","F",0,0,0,0,0,0,0,0,0,"","","",0,0,0,0,0,0,0,0,0,0,0,0,0,"willb101","F","F","F","F",0,0,0,0,0,0,0,0,0,0,F,F,"1978BAL.EVA.regular.event.csv",3262
"BAL197807160","TEX",12,0,0,0,0,"",1,1,"bevak001","?","bevak001","?","stand101","?","stand101","?","dempr001","murre001","dauer001","decid001","belam101","moraa101","lopec101","singk001","","","","K","T","F",5,7,3,"T","T",0,"F","F",1,"F","F",0,"F","F",0,"","F","F","",0,0,"N",0,"N",0,"N",0,0,0,0,"2","","","","F","F","F","F","F","F","F","F","F","","","","F","F","F","F","F","","","","",0,2,0,0,0,0,0,0,0,86,"BAL","TEX","BAL",0,"T","F",1,1,0,42,0,"T","F",0,0,"T","T","willb101","campb101","F","F",0,0,0,0,0,0,0,0,0,"","","",0,0,0,0,0,0,0,0,0,0,0,0,0,"","F","F","F","F",0,0,0,0,0,0,0,0,0,0,F,F,"1978BAL.EVA.regular.event.csv",3263
"BAL197807160","TEX",12,0,1,0,0,"",1,1,"willb101","?","willb101","?","stand101","?","stand101","?","dempr001","murre001","dauer001","decid001","belam101","moraa101","lopec101","singk001","","","","K","F","F",4,8,3,"T","T",0,"F","F",1,"F","F",0,"F","F",0,"","F","F","",0,0,"N",0,"N",0,"N",0,0,0,0,"2","","","","F","F","F","F","F","F","F","F","F","","","","F","F","F","F","F","","","","",0,2,0,0,0,0,0,0,0,87,"BAL","TEX","BAL",0,"F","F",1,1,0,43,1,"T","F",0,0,"T","T","campb101","bondb101","F","F",0,0,0,0,0,0,0,0,0,"","","",0,0,0,0,0,0,0,0,0,0,0,0,0,"","F","F","F","F",0,0,0,0,0,0,0,0,0,0,F,F,"1978BAL.EVA.regular.event.csv",3264
"BAL197807160","TEX",12,0,2,0,0,"",1,1,"campb101","?","campb101","?","stand101","?","stand101","?","dempr001","murre001","dauer001","decid001","belam101","moraa101","lopec101","singk001","","","","8","F","F",6,9,2,"T","T",0,"F","F",1,"F","F",0,"F","F",8,"F","F","F","",0,0,"N",0,"N",0,"N",0,0,0,0,"8","","","","F","F","F","F","F","F","F","F","F","","","","F","F","F","F","F","","","","",0,8,0,0,0,0,0,0,0,88,"BAL","TEX","BAL",0,"F","T",1,1,0,44,2,"T","F",0,0,"T","T","bondb101","benij001","F","F",0,0,0,0,0,0,0,0,0,"","","",0,0,0,0,0,0,0,0,0,0,0,0,0,"lopec101","F","F","F","F",0,0,0,0,0,0,0,0,0,0,F,F,"1978BAL.EVA.regular.event.csv",3265
"BAL197807160","TEX",12,1,0,0,0,"",1,1,"kellp101","?","kellp101","?","clevr101","?","clevr101","?","sundj001","jorgm001","willb101","bevak001","campb101","lowej001","benij001","bondb101","","","","31","T","F",10,5,2,"T","T",0,"F","F",1,"F","F",0,"F","F",3,"G","F","F","",0,0,"N",0,"N",0,"N",0,0,0,0,"31","","","","F","F","F","F","F","F","F","F","F","","","","F","F","F","F","F","","","","",0,1,0,0,3,0,0,0,0,89,"BAL","BAL","TEX",1,"T","F",1,1,0,40,0,"T","F",0,0,"F","F","moraa101","decid001","F","F",0,0,0,0,0,0,0,0,0,"","","",0,0,0,0,0,0,0,0,0,0,0,0,0,"jorgm001","F","F","F","F",0,0,0,0,1,0,0,0,0,0,F,F,"1978BAL.EVA.regular.event.csv",3266
"BAL197807160","TEX",12,1,1,0,0,"",1,1,"moraa101","?","moraa101","?","clevr101","?","clevr101","?","sundj001","jorgm001","willb101","bevak001","campb101","lowej001","benij001","bondb101","","","","S/BG","F","F",7,6,20,"T","T",1,"F","F",0,"F","F",0,"F","F",0,"G","T","F","",0,0,"N",0,"N",0,"N",1,0,0,0,"","","","","F","F","F","F","F","F","F","F","F","","","","F","F","F","F","F","","","","",0,0,0,0,0,0,0,0,0,90,"BAL","BAL","TEX",1,"F","F",1,1,0,41,1,"T","F",0,1,"T","T","decid001","lopec101","F","F",0,0,0,0,0,0,0,0,0,"","","",0,0,0,0,0,0,0,0,0,0,0,0,0,"","F","F","F","F",4,0,0,0,1,0,0,0,0,0,F,F,"1978BAL.EVA.regular.event.csv",3267
"BAL197807160","TEX",12,1,1,0,0,"",1,1,"decid001","?","decid001","?","clevr101","?","clevr101","?","sundj001","jorgm001","willb101","bevak001","campb101","lowej001","benij001","bondb101","garck001","","","8","F","F",5,7,2,"T","T",0,"F","F",1,"F","F",0,"F","F",8,"F","F","F","",0,0,"N",0,"N",0,"N",0,1,0,0,"8","","","","F","F","F","F","F","F","F","F","F","clevr101","","","F","F","T","F","F","moraa101","","","",0,8,0,0,0,0,0,0,0,91,"BAL","BAL","TEX",1,"F","F",1,1,0,42,2,"T","F",1,1,"T","T","lopec101","dempr001","F","F",0,6,90,0,0,0,0,0,0,"sundj001","","",0,0,0,0,0,0,0,0,0,0,0,0,0,"benij001","F","F","F","F",0,4,0,0,1,0,0,0,0,0,F,F,"1978BAL.EVA.regular.event.csv",3268
"BAL197807160","TEX",12,1,2,0,0,"",1,1,"harll101","?","harll101","?","clevr101","?","clevr101","?","sundj001","jorgm001","willb101","bevak001","campb101","lowej001","benij001","bondb101","garck001","","","W.1-2","F","T",11,8,14,"T","F",0,"F","F",0,"F","F",0,"F","F",0,"","F","F","",0,0,"N",0,"N",0,"N",1,2,0,0,"","","","","F","F","F","F","F","F","F","F","F","clevr101","","","F","F","F","F","F","","","","lopec101",8,0,0,0,0,0,0,0,0,92,"BAL","BAL","TEX",1,"F","F",1,1,0,43,3,"T","F",1,3,"F","F","dempr001","belam101","F","F",12,6,90,0,0,0,0,0,0,"sundj001","","",0,0,0,0,0,0,0,0,0,0,0,0,0,"","F","F","F","F",2,4,0,0,1,0,0,0,0,0,F,F,"1978BAL.EVA.regular.event.csv",3269
"BAL197807160","TEX",12,1,2,0,0,"",1,1,"crowt101","?","crowt101","?","clevr101","?","clevr101","?","sundj001","jorgm001","willb101","bevak001","campb101","lowej001","benij001","bondb101","harll101","garck001","","S7.2-H;1-2","F","T",11,9,20,"T","T",1,"F","F",0,"F","F",1,"F","F",7,"","F","F","",0,0,"N",0,"N",0,"N",1,2,4,0,"","","","","F","F","F","F","F","F","F","F","F","clevr101","clevr101","","F","T","F","F","F","","","","dempr001",2,0,0,0,0,0,0,0,0,93,"BAL","BAL","TEX",1,"F","T",1,1,0,44,4,"T","F",3,3,"F","F","belam101","dauer001","F","F",11,8,92,12,6,90,0,0,0,"sundj001","sundj001","",0,0,0,0,0,0,0,0,0,0,0,0,1,"lowej001","F","F","F","F",1,2,4,0,0,0,0,0,0,0,F,F,"1978BAL.EVA.regular.event.csv",3270
"BAL197807170","TEX",1,0,0,0,0,"",0,0,"bondb101","?","bondb101","?","flanm001","?","flanm001","?","dempr001","murre001","dauer001","decid001","belam101","kellp101","harll101","singk001","","","","K/C","T","F",9,1,3,"T","T",0,"F","F",1,"F","F",0,"F","F",0,"","F","F","",0,0,"N",0,"N",0,"N",0,0,0,0,"2","","","","F","F","F","F","F","F","F","F","F","","","","T","F","F","F","F","","","","",0,2,0,0,0,0,0,0,0,1,"BAL","TEX","BAL",0,"T","F",0,0,0,0,0,"T","F",0,0,"T","T","benij001","sundj001","T","T",0,0,0,0,0,0,0,0,0,"","","",0,0,0,0,0,0,0,0,0,0,0,0,0,"","F","F","F","F",0,0,0,0,0,0,0,0,0,0,F,F,"1978BAL.EVA.regular.event.csv",3271
"BAL197807170","TEX",1,0,1,0,0,"",0,0,"benij001","?","benij001","?","flanm001","?","flanm001","?","dempr001","murre001","dauer001","decid001","belam101","kellp101","harll101","singk001","","","","S7","F","F",8,2,20,"T","T",1,"F","F",0,"F","F",0,"F","F",7,"","F","F","",0,0,"N",0,"N",0,"N",1,0,0,0,"","","","","F","F","F","F","F","F","F","F","F","","","","F","F","F","F","F","","","","",0,0,0,0,0,0,0,0,0,2,"BAL","TEX","BAL",0,"F","F",0,0,0,1,1,"T","F",0,1,"T","T","sundj001","oliva001","T","T",0,0,0,0,0,0,0,0,0,"","","",0,0,0,0,0,0,0,0,0,0,0,0,0,"kellp101","F","F","F","F",0,0,0,0,0,0,0,0,0,0,F,F,"1978BAL.EVA.regular.event.csv",3272
"BAL197807170","TEX",1,0,1,0,0,"",0,0,"sundj001","?","sundj001","?","flanm001","?","flanm001","?","dempr001","murre001","dauer001","decid001","belam101","kellp101","harll101","singk001","benij001","","","CS2(24)","F","F",2,3,6,"F","F",0,"F","F",1,"F","F",0,"F","F",0,"","F","F","",0,0,"N",0,"N",0,"N",0,0,0,0,"","24","","","F","F","F","T","F","F","F","F","F","flanm001","","","F","F","F","F","F","","","","",0,4,0,0,2,0,0,0,0,3,"BAL","TEX","BAL",0,"F","F",0,0,0,2,2,"T","F",1,0,"T","T","oliva001","ziskr101","T","T",8,2,2,0,0,0,0,0,0,"dempr001","","",0,0,0,0,0,0,0,0,0,0,0,0,0,"","F","F","F","F",0,0,0,0,0,0,0,0,0,0,F,F,"1978BAL.EVA.regular.event.csv",3273
"BAL197807170","TEX",1,0,2,0,0,"",0,0,"sundj001","?","sundj001","?","flanm001","?","flanm001","?","dempr001","murre001","dauer001","decid001","belam101","kellp101","harll101","singk001","","","","8","F","F",2,3,2,"T","T",0,"F","F",1,"F","F",0,"F","F",8,"F","F","F","",0,0,"N",0,"N",0,"N",0,0,0,0,"8","","","","F","F","F","F","F","F","F","F","F","","","","F","F","F","F","F","","","","",0,8,0,0,0,0,0,0,0,4,"BAL","TEX","BAL",0,"F","T",0,0,0,2,2,"F","F",0,0,"T","T","oliva001","ziskr101","T","T",0,0,0,0,0,0,0,0,0,"","","",0,0,0,0,0,0,0,0,0,0,0,0,0,"harll101","F","F","F","F",0,0,0,0,0,0,0,0,0,0,F,F,"1978BAL.EVA.regular.event.csv",3274
"BAL197807170","TEX",1,1,0,0,0,"",0,0,"harll101","?","harll101","?","comes001","?","comes001","?","sundj001","hargm001","willb101","bevak001","campb101","ziskr101","benij001","bondb101","","","","9","T","F",8,1,2,"T","T",0,"F","F",1,"F","F",0,"F","F",9,"F","F","F","",0,0,"N",0,"N",0,"N",0,0,0,0,"9","","","","F","F","F","F","F","F","F","F","F","","","","F","F","F","F","F","","","","",0,9,0,0,0,0,0,0,0,5,"BAL","BAL","TEX",1,"T","F",0,0,0,0,0,"T","F",0,0,"T","T","dauer001","murre001","T","T",0,0,0,0,0,0,0,0,0,"","","",0,0,0,0,0,0,0,0,0,0,0,0,0,"bondb101","F","F","F","F",0,0,0,0,0,0,0,0,0,0,F,F,"1978BAL.EVA.regular.event.csv",3275
"BAL197807170","TEX",1,1,1,0,0,"",0,0,"dauer001","?","dauer001","?","comes001","?","comes001","?","sundj001","hargm001","willb101","bevak001","campb101","ziskr101","benij001","bondb101","","","","63","F","F",4,2,2,"T","T",0,"F","F",1,"F","F",0,"F","F",6,"G","F","F","",0,0,"N",0,"N",0,"N",0,0,0,0,"63","","","","F","F","F","F","F","F","F","F","F","","","","F","F","F","F","F","","","","",0,3,0,0,6,0,0,0,0,6,"BAL","BAL","TEX",1,"F","F",0,0,0,1,1,"T","F",0,0,"T","T","murre001","singk001","T","T",0,0,0,0,0,0,0,0,0,"","","",0,0,0,0,0,0,0,0,0,0,0,0,0,"campb101","F","F","F","F",0,0,0,0,0,0,0,0,0,0,F,F,"1978BAL.EVA.regular.event.csv",3276
"BAL197807170","TEX",1,1,2,0,0,"",0,0,"murre001","?","murre001","?","comes001","?","comes001","?","sundj001","hargm001","willb101","bevak001","campb101","ziskr101","benij001","bondb101","","","","K","F","F",3,3,3,"T","T",0,"F","F",1,"F","F",0,"F","F",0,"","F","F","",0,0,"N",0,"N",0,"N",0,0,0,0,"2","","","","F","F","F","F","F","F","F","F","F","","","","F","F","F","F","F","","","","",0,2,0,0,0,0,0,0,0,7,"BAL","BAL","TEX",1,"F","T",0,0,0,2,2,"T","F",0,0,"T","T","singk001","kellp101","T","T",0,0,0,0,0,0,0,0,0,"","","",0,0,0,0,0,0,0,0,0,0,0,0,0,"","F","F","F","F",0,0,0,0,0,0,0,0,0,0,F,F,"1978BAL.EVA.regular.event.csv",3277
"BAL197807170","TEX",2,0,0,0,0,"",0,0,"oliva001","?","oliva001","?","flanm001","?","flanm001","?","dempr001","murre001","dauer001","decid001","belam101","kellp101","harll101","singk001","","","","K","T","F",10,4,3,"T","T",0,"F","F",1,"F","F",0,"F","F",0,"","F","F","",0,0,"N",0,"N",0,"N",0,0,0,0,"2","","","","F","F","F","F","F","F","F","F","F","","","","F","F","F","F","F","","","","",0,2,0,0,0,0,0,0,0,8,"BAL","TEX","BAL",0,"T","F",0,0,0,3,0,"T","F",0,0,"T","T","ziskr101","bevak001","T","T",0,0,0,0,0,0,0,0,0,"","","",0,0,0,0,0,0,0,0,0,0,0,0,0,"","F","F","F","F",0,0,0,0,0,0,0,0,0,0,F,F,"1978BAL.EVA.regular.event.csv",3278
"BAL197807170","TEX",2,0,1,0,0,"",0,0,"ziskr101","?","ziskr101","?","flanm001","?","flanm001","?","dempr001","murre001","dauer001","decid001","belam101","kellp101","harll101","singk001","","","","63","F","F",7,5,2,"T","T",0,"F","F",1,"F","F",0,"F","F",6,"G","F","F","",0,0,"N",0,"N",0,"N",0,0,0,0,"63","","","","F","F","F","F","F","F","F","F","F","","","","F","F","F","F","F","","","","",0,3,0,0,6,0,0,0,0,9,"BAL","TEX","BAL",0,"F","F",0,0,0,4,1,"T","F",0,0,"T","T","bevak001","hargm001","T","T",0,0,0,0,0,0,0,0,0,"","","",0,0,0,0,0,0,0,0,0,0,0,0,0,"belam101","F","F","F","F",0,0,0,0,0,0,0,0,0,0,F,F,"1978BAL.EVA.regular.event.csv",3279
"BAL197807170","TEX",2,0,2,0,0,"",0,0,"bevak001","?","bevak001","?","flanm001","?","flanm001","?","dempr001","murre001","dauer001","decid001","belam101","kellp101","harll101","singk001","","","","53","F","F",5,6,2,"T","T",0,"F","F",1,"F","F",0,"F","F",5,"G","F","F","",0,0,"N",0,"N",0,"N",0,0,0,0,"53","","","","F","F","F","F","F","F","F","F","F","","","","F","F","F","F","F","","","","",0,3,0,0,5,0,0,0,0,10,"BAL","TEX","BAL",0,"F","T",0,0,0,5,2,"T","F",0,0,"T","T","hargm001","campb101","T","T",0,0,0,0,0,0,0,0,0,"","","",0,0,0,0,0,0,0,0,0,0,0,0,0,"decid001","F","F","F","F",0,0,0,0,0,0,0,0,0,0,F,F,"1978BAL.EVA.regular.event.csv",3280
"BAL197807170","TEX",2,1,0,0,0,"",0,0,"singk001","?","singk001","?","comes001","?","comes001","?","sundj001","hargm001","willb101","bevak001","campb101","ziskr101","benij001","bondb101","","","","W","T","F",9,4,14,"T","F",0,"F","F",0,"F","F",0,"F","F",0,"","F","F","",0,0,"N",0,"N",0,"N",1,0,0,0,"","","","","F","F","F","F","F","F","F","F","F","","","","F","F","F","F","F","","","","",0,0,0,0,0,0,0,0,0,11,"BAL","BAL","TEX",1,"T","F",0,0,0,3,0,"T","F",0,1,"T","T","kellp101","may-l101","T","T",0,0,0,0,0,0,0,0,0,"","","",0,0,0,0,0,0,0,0,0,0,0,0,0,"","F","F","F","F",0,0,0,0,0,0,0,0,0,0,F,F,"1978BAL.EVA.regular.event.csv",3281
"BAL197807170","TEX",2,1,0,0,0,"",0,0,"kellp101","?","kellp101","?","comes001","?","comes001","?","sundj001","hargm001","willb101","bevak001","campb101","ziskr101","benij001","bondb101","singk001","","","9","F","F",7,5,2,"T","T",0,"F","F",1,"F","F",0,"F","F",9,"F","F","F","",0,0,"N",0,"N",0,"N",0,1,0,0,"9","","","","F","F","F","F","F","F","F","F","F","comes001","","","F","F","F","F","F","","","","",0,9,0,0,0,0,0,0,0,12,"BAL","BAL","TEX",1,"F","F",0,0,0,4,1,"T","F",1,1,"T","T","may-l101","decid001","T","T",9,4,11,0,0,0,0,0,0,"sundj001","","",0,0,0,0,0,0,0,0,0,0,0,0,0,"bondb101","F","F","F","F",0,0,0,0,0,0,0,0,0,0,F,F,"1978BAL.EVA.regular.event.csv",3282
"BAL197807170","TEX",2,1,1,0,0,"",0,0,"may-l101","?","may-l101","?","comes001","?","comes001","?","sundj001","hargm001","willb101","bevak001","campb101","ziskr101","benij001","bondb101","singk001","","","K/C","F","F",10,6,3,"T","T",0,"F","F",1,"F","F",0,"F","F",0,"","F","F","",0,0,"N",0,"N",0,"N",0,1,0,0,"2","","","","F","F","F","F","F","F","F","F","F","comes001","","","F","F","F","F","F","","","","",0,2,0,0,0,0,0,0,0,13,"BAL","BAL","TEX",1,"F","F",0,0,0,5,2,"T","F",1,1,"T","T","decid001","dempr001","T","T",9,4,11,0,0,0,0,0,0,"sundj001","","",0,0,0,0,0,0,0,0,0,0,0,0,0,"","F","F","F","F",0,0,0,0,0,0,0,0,0,0,F,F,"1978BAL.EVA.regular.event.csv",3283
"BAL197807170","TEX",2,1,2,0,0,"",0,0,"decid001","?","decid001","?","comes001","?","comes001","?","sundj001","hargm001","willb101","bevak001","campb101","ziskr101","benij001","bondb101","singk001","","","K","F","F",5,7,3,"T","T",0,"F","F",1,"F","F",0,"F","F",0,"","F","F","",0,0,"N",0,"N",0,"N",0,1,0,0,"2","","","","F","F","F","F","F","F","F","F","F","comes001","","","F","F","F","F","F","","","","",0,2,0,0,0,0,0,0,0,14,"BAL","BAL","TEX",1,"F","T",0,0,0,6,3,"T","F",1,1,"T","T","dempr001","belam101","T","T",9,4,11,0,0,0,0,0,0,"sundj001","","",0,0,0,0,0,0,0,0,0,0,0,0,0,"","F","F","F","F",0,0,0,0,0,0,0,0,0,0,F,F,"1978BAL.EVA.regular.event.csv",3284
"BAL197807170","TEX",3,0,0,0,0,"",0,0,"hargm001","?","hargm001","?","flanm001","?","flanm001","?","dempr001","murre001","dauer001","decid001","belam101","kellp101","harll101","singk001","","","","K/C","T","F",3,7,3,"T","T",0,"F","F",1,"F","F",0,"F","F",0,"","F","F","",0,0,"N",0,"N",0,"N",0,0,0,0,"2","","","","F","F","F","F","F","F","F","F","F","","","","F","F","F","F","F","","","","",0,2,0,0,0,0,0,0,0,15,"BAL","TEX","BAL",0,"T","F",0,0,0,6,0,"T","F",0,0,"T","T","campb101","willb101","T","T",0,0,0,0,0,0,0,0,0,"","","",0,0,0,0,0,0,0,0,0,0,0,0,0,"","F","F","F","F",0,0,0,0,0,0,0,0,0,0,F,F,"1978BAL.EVA.regular.event.csv",3285
"BAL197807170","TEX",3,0,1,0,0,"",0,0,"campb101","?","campb101","?","flanm001","?","flanm001","?","dempr001","murre001","dauer001","decid001","belam101","kellp101","harll101","singk001","","","","23/BG","F","F",6,8,2,"T","T",0,"F","F",1,"F","F",0,"F","F",2,"G","T","F","",0,0,"N",0,"N",0,"N",0,0,0,0,"23","","","","F","F","F","F","F","F","F","F","F","","","","F","F","F","F","F","","","","",0,3,0,0,2,0,0,0,0,16,"BAL","TEX","BAL",0,"F","F",0,0,0,7,1,"T","F",0,0,"T","T","willb101","bondb101","T","T",0,0,0,0,0,0,0,0,0,"","","",0,0,0,0,0,0,0,0,0,0,0,0,0,"dempr001","F","F","F","F",0,0,0,0,0,0,0,0,0,0,F,F,"1978BAL.EVA.regular.event.csv",3286
"BAL197807170","TEX",3,0,2,0,0,"",0,0,"willb101","?","willb101","?","flanm001","?","flanm001","?","dempr001","murre001","dauer001","decid001","belam101","kellp101","harll101","singk001","","","","53","F","F",4,9,2,"T","T",0,"F","F",1,"F","F",0,"F","F",5,"G","F","F","",0,0,"N",0,"N",0,"N",0,0,0,0,"53","","","","F","F","F","F","F","F","F","F","F","","","","F","F","F","F","F","","","","",0,3,0,0,5,0,0,0,0,17,"BAL","TEX","BAL",0,"F","T",0,0,0,8,2,"T","F",0,0,"T","T","bondb101","benij001","T","T",0,0,0,0,0,0,0,0,0,"","","",0,0,0,0,0,0,0,0,0,0,0,0,0,"decid001","F","F","F","F",0,0,0,0,0,0,0,0,0,0,F,F,"1978BAL.EVA.regular.event.csv",3287
"BAL197807170","TEX",3,1,0,0,0,"",0,0,"dempr001","?","dempr001","?","comes001","?","comes001","?","sundj001","hargm001","willb101","bevak001","campb101","ziskr101","benij001","bondb101","","","","S9","T","F",2,8,20,"T","T",1,"F","F",0,"F","F",0,"F","F",9,"","F","F","",0,0,"N",0,"N",0,"N",1,0,0,0,"","","","","F","F","F","F","F","F","F","F","F","","","","F","F","F","F","F","","","","",0,0,0,0,0,0,0,0,0,18,"BAL","BAL","TEX",1,"T","F",0,0,0,7,0,"T","F",0,1,"T","T","belam101","harll101","T","T",0,0,0,0,0,0,0,0,0,"","","",0,0,0,0,0,0,0,0,0,0,0,0,0,"bondb101","F","F","F","F",0,0,0,0,0,0,0,0,0,0,F,F,"1978BAL.EVA.regular.event.csv",3288
"BAL197807170","TEX",3,1,0,0,0,"",0,0,"belam101","?","belam101","?","comes001","?","comes001","?","sundj001","hargm001","willb101","bevak001","campb101","ziskr101","benij001","bondb101","dempr001","","","64(1)/FO","F","F",6,9,2,"T","T",0,"F","F",1,"F","F",0,"F","F",6,"G","F","F","",0,0,"N",0,"N",0,"N",1,0,0,0,"","64","","","F","F","F","F","F","F","F","F","F","comes001","","","F","F","F","F","F","","","","",0,4,0,0,6,0,0,0,0,19,"BAL","BAL","TEX",1,"F","F",0,0,0,8,1,"T","F",1,1,"T","T","harll101","dauer001","T","T",2,8,18,0,0,0,0,0,0,"sundj001","","",0,0,0,0,0,0,0,0,0,0,0,0,0,"campb101","T","F","F","F",0,0,0,0,0,0,0,0,0,0,F,F,"1978BAL.EVA.regular.event.csv",3289
"BAL197807170","TEX",3,1,1,0,0,"",0,0,"harll101","?","harll101","?","comes001","?","comes001","?","sundj001","hargm001","willb101","bevak001","campb101","ziskr101","benij001","bondb101","belam101","","","46(1)/FO","F","F",8,1,2,"T","T",0,"F","F",1,"F","F",0,"F","F",4,"G","F","F","",0,0,"N",0,"N",0,"N",1,0,0,0,"","46","","","F","F","F","F","F","F","F","F","F","comes001","","","F","F","F","F","F","","","","",0,6,0,0,4,0,0,0,0,20,"BAL","BAL","TEX",1,"F","F",0,0,0,9,2,"T","F",1,1,"T","T","dauer001","murre001","T","T",6,9,19,0,0,0,0,0,0,"sundj001","","",0,0,0,0,0,0,0,0,0,0,0,0,0,"willb101","T","F","F","F",0,0,0,0,0,0,0,0,0,0,F,F,"1978BAL.EVA.regular.event.csv",3290
"BAL197807170","TEX",3,1,2,0,0,"",0,0,"dauer001","?","dauer001","?","comes001","?","comes001","?","sundj001","hargm001","willb101","bevak001","campb101","ziskr101","benij001","bondb101","harll101","","","CS2(24)","F","F",4,2,6,"F","F",0,"F","F",1,"F","F",0,"F","F",0,"","F","F","",0,0,"N",0,"N",0,"N",0,0,0,0,"","24","","","F","F","F","T","F","F","F","F","F","comes001","","","F","F","F","F","F","","","","",0,4,0,0,2,0,0,0,0,21,"BAL","BAL","TEX",1,"F","T",0,0,0,10,3,"T","T",1,0,"T","T","murre001","singk001","T","T",8,1,20,0,0,0,0,0,0,"sundj001","","",0,0,0,0,0,0,0,0,0,0,0,0,0,"","F","F","F","F",0,0,0,0,0,0,0,0,0,0,F,F,"1978BAL.EVA.regular.event.csv",3291
"BAL197807170","TEX",4,0,0,0,0,"",0,0,"bondb101","?","bondb101","?","flanm001","?","flanm001","?","dempr001","murre001","dauer001","decid001","belam101","kellp101","harll101","singk001","","","","S7","T","F",9,1,20,"T","T",1,"F","F",0,"F","F",0,"F","F",7,"","F","F","",0,0,"N",0,"N",0,"N",1,0,0,0,"","","","","F","F","F","F","F","F","F","F","F","","","","F","F","F","F","F","","","","",0,0,0,0,0,0,0,0,0,22,"BAL","TEX","BAL",0,"T","F",0,0,0,9,0,"T","F",0,1,"T","T","benij001","sundj001","T","T",0,0,0,0,0,0,0,0,0,"","","",0,0,0,0,0,0,0,0,0,0,0,0,0,"kellp101","F","F","F","F",0,0,0,0,0,0,0,0,0,0,F,F,"1978BAL.EVA.regular.event.csv",3292
"BAL197807170","TEX",4,0,0,0,0,"",0,0,"benij001","?","benij001","?","flanm001","?","flanm001","?","dempr001","murre001","dauer001","decid001","belam101","kellp101","harll101","singk001","bondb101","","","S8.1-2","F","F",8,2,20,"T","T",1,"F","F",0,"F","F",0,"F","F",8,"","F","F","",0,0,"N",0,"N",0,"N",1,2,0,0,"","","","","F","F","F","F","F","F","F","F","F","flanm001","","","F","F","F","F","F","","","","",0,0,0,0,0,0,0,0,0,23,"BAL","TEX","BAL",0,"F","F",0,0,0,10,1,"T","F",1,3,"T","T","sundj001","oliva001","T","T",9,1,22,0,0,0,0,0,0,"dempr001","","",0,0,0,0,0,0,0,0,0,0,0,0,0,"harll101","F","F","F","F",0,0,0,0,0,0,0,0,0,0,F,F,"1978BAL.EVA.regular.event.csv",3293
"BAL197807170","TEX",4,0,0,0,0,"",0,0,"sundj001","?","sundj001","?","flanm001","?","flanm001","?","dempr001","murre001","dauer001","decid001","belam101","kellp101","harll101","singk001","benij001","bondb101","","5(2)3/GDP.1-2","F","F",2,3,2,"T","T",0,"F","F",2,"T","F",0,"F","F",5,"G","F","F","",0,0,"N",0,"N",0,"N",0,2,0,0,"53","","5","","F","F","F","F","F","F","F","F","F","flanm001","flanm001","","F","F","F","F","F","","","","",0,5,3,0,5,0,0,0,0,24,"BAL","TEX","BAL",0,"F","F",0,0,0,11,2,"T","F",3,2,"T","T","oliva001","ziskr101","T","T",8,2,23,9,1,22,0,0,0,"dempr001","dempr001","",0,0,0,0,0,0,0,0,0,0,0,0,0,"decid001","F","T","F","F",0,0,0,0,0,0,0,0,0,0,F,F,"1978BAL.EVA.regular.event.csv",3294
"BAL197807170","TEX",4,0,2,0,0,"",0,0,"oliva001","?","oliva001","?","flanm001","?","flanm001","?","dempr001","murre001","dauer001","decid001","belam101","kellp101","harll101","singk001","","benij001","","8","F","F",10,4,2,"T","T",0,"F","F",1,"F","F",0,"F","F",8,"F","F","F","",0,0,"N",0,"N",0,"N",0,0,2,0,"8","","","","F","F","F","F","F","F","F","F","F","","flanm001","","F","F","F","F","F","","","","",0,8,0,0,0,0,0,0,0,25,"BAL","TEX","BAL",0,"F","T",0,0,0,12,3,"T","F",2,2,"T","T","ziskr101","bevak001","T","T",0,0,0,8,2,23,0,0,0,"","dempr001","",0,0,0,0,0,0,0,0,0,0,0,0,0,"harll101","F","F","F","F",0,0,0,0,0,0,0,0,0,0,F,F,"1978BAL.EVA.regular.event.csv",3295
"BAL197807170","TEX",4,1,0,0,0,"",0,0,"dauer001","?","dauer001","?","comes001","?","comes001","?","sundj001","hargm001","willb101","bevak001","campb101","ziskr101","benij001","bondb101","","","","53","T","F",4,2,2,"T","T",0,"F","F",1,"F","F",0,"F","F",5,"G","F","F","",0,0,"N",0,"N",0,"N",0,0,0,0,"53","","","","F","F","F","F","F","F","F","F","F","","","","F","F","F","F","F","","","","",0,3,0,0,5,0,0,0,0,26,"BAL","BAL","TEX",1,"T","F",0,0,0,10,0,"T","F",0,0,"T","T","murre001","singk001","T","T",0,0,0,0,0,0,0,0,0,"","","",0,0,0,0,0,0,0,0,0,0,0,0,0,"bevak001","F","F","F","F",0,0,0,0,0,0,0,0,0,0,F,F,"1978BAL.EVA.regular.event.csv",3296
"BAL197807170","TEX",4,1,1,0,0,"",0,0,"murre001","?","murre001","?","comes001","?","comes001","?","sundj001","hargm001","willb101","bevak001","campb101","ziskr101","benij001","bondb101","","","","43","F","F",3,3,2,"T","T",0,"F","F",1,"F","F",0,"F","F",4,"G","F","F","",0,0,"N",0,"N",0,"N",0,0,0,0,"43","","","","F","F","F","F","F","F","F","F","F","","","","F","F","F","F","F","","","","",0,3,0,0,4,0,0,0,0,27,"BAL","BAL","TEX",1,"F","F",0,0,0,11,1,"T","F",0,0,"T","T","singk001","kellp101","T","T",0,0,0,0,0,0,0,0,0,"","","",0,0,0,0,0,0,0,0,0,0,0,0,0,"willb101","F","F","F","F",0,0,0,0,0,0,0,0,0,0,F,F,"1978BAL.EVA.regular.event.csv",3297
"BAL197807170","TEX",4,1,2,0,0,"",0,0,"singk001","?","singk001","?","comes001","?","comes001","?","sundj001","hargm001","willb101","bevak001","campb101","ziskr101","benij001","bondb101","","","","K/C","F","F",9,4,3,"T","T",0,"F","F",1,"F","F",0,"F","F",0,"","F","F","",0,0,"N",0,"N",0,"N",0,0,0,0,"2","","","","F","F","F","F","F","F","F","F","F","","","","F","F","F","F","F","","","","",0,2,0,0,0,0,0,0,0,28,"BAL","BAL","TEX",1,"F","T",0,0,0,12,2,"T","F",0,0,"T","T","kellp101","may-l101","T","T",0,0,0,0,0,0,0,0,0,"","","",0,0,0,0,0,0,0,0,0,0,0,0,0,"","F","F","F","F",0,0,0,0,0,0,0,0,0,0,F,F,"1978BAL.EVA.regular.event.csv",3298
"BAL197807170","TEX",5,0,0,0,0,"",0,0,"ziskr101","?","ziskr101","?","flanm001","?","flanm001","?","dempr001","murre001","dauer001","decid001","belam101","kellp101","harll101","singk001","","","","8","T","F",7,5,2,"T","T",0,"F","F",1,"F","F",0,"F","F",8,"F","F","F","",0,0,"N",0,"N",0,"N",0,0,0,0,"8","","","","F","F","F","F","F","F","F","F","F","","","","F","F","F","F","F","","","","",0,8,0,0,0,0,0,0,0,29,"BAL","TEX","BAL",0,"T","F",0,0,0,13,0,"T","F",0,0,"T","T","bevak001","hargm001","T","T",0,0,0,0,0,0,0,0,0,"","","",0,0,0,0,0,0,0,0,0,0,0,0,0,"harll101","F","F","F","F",0,0,0,0,0,0,0,0,0,0,F,F,"1978BAL.EVA.regular.event.csv",3299
"BAL197807170","TEX",5,0,1,0,0,"",0,0,"bevak001","?","bevak001","?","flanm001","?","flanm001","?","dempr001","murre001","dauer001","decid001","belam101","kellp101","harll101","singk001","","","","S6/G","F","F",5,6,20,"T","T",1,"F","F",0,"F","F",0,"F","F",6,"G","F","F","",0,0,"N",0,"N",0,"N",1,0,0,0,"","","","","F","F","F","F","F","F","F","F","F","","","","F","F","F","F","F","","","","",0,0,0,0,0,0,0,0,0,30,"BAL","TEX","BAL",0,"F","F",0,0,0,14,1,"T","F",0,1,"T","T","hargm001","campb101","T","T",0,0,0,0,0,0,0,0,0,"","","",0,0,0,0,0,0,0,0,0,0,0,0,0,"belam101","F","F","F","F",0,0,0,0,0,0,0,0,0,0,F,F,"1978BAL.EVA.regular.event.csv",3300
"BAL197807170","TEX",5,0,1,0,0,"",0,0,"hargm001","?","hargm001","?","flanm001","?","flanm001","?","dempr001","murre001","dauer001","decid001","belam101","kellp101","harll101","singk001","bevak001","","","8","F","F",3,7,2,"T","T",0,"F","F",1,"F","F",0,"F","F",8,"F","F","F","",0,0,"N",0,"N",0,"N",0,1,0,0,"8","","","","F","F","F","F","F","F","F","F","F","flanm001","","","F","F","F","F","F","","","","",0,8,0,0,0,0,0,0,0,31,"BAL","TEX","BAL",0,"F","F",0,0,0,15,2,"T","F",1,1,"T","T","campb101","willb101","T","T",5,6,30,0,0,0,0,0,0,"dempr001","","",0,0,0,0,0,0,0,0,0,0,0,0,0,"harll101","F","F","F","F",0,0,0,0,0,0,0,0,0,0,F,F,"1978BAL.EVA.regular.event.csv",3301
"BAL197807170","TEX",5,0,2,0,0,"",0,0,"campb101","?","campb101","?","flanm001","?","flanm001","?","dempr001","murre001","dauer001","decid001","belam101","kellp101","harll101","singk001","bevak001","","","54(1)/FO","F","F",6,8,2,"T","T",0,"F","F",1,"F","F",0,"F","F",5,"G","F","F","",0,0,"N",0,"N",0,"N",1,0,0,0,"","54","","","F","F","F","F","F","F","F","F","F","flanm001","","","F","F","F","F","F","","","","",0,4,0,0,5,0,0,0,0,32,"BAL","TEX","BAL",0,"F","T",0,0,0,16,3,"T","F",1,1,"T","T","willb101","bondb101","T","T",5,6,30,0,0,0,0,0,0,"dempr001","","",0,0,0,0,0,0,0,0,0,0,0,0,0,"decid001","T","F","F","F",0,0,0,0,0,0,0,0,0,0,F,F,"1978BAL.EVA.regular.event.csv",3302
"BAL197807170","TEX",5,1,0,0,0,"",0,0,"kellp101","?","kellp101","?","comes001","?","comes001","?","sundj001","hargm001","willb101","bevak001","campb101","ziskr101","benij001","bondb101","","","","W","T","F",7,5,14,"T","F",0,"F","F",0,"F","F",0,"F","F",0,"","F","F","",0,0,"N",0,"N",0,"N",1,0,0,0,"","","","","F","F","F","F","F","F","F","F","F","","","","F","F","F","F","F","","","","",0,0,0,0,0,0,0,0,0,33,"BAL","BAL","TEX",1,"T","F",0,0,0,13,0,"T","F",0,1,"T","T","may-l101","decid001","T","T",0,0,0,0,0,0,0,0,0,"","","",0,0,0,0,0,0,0,0,0,0,0,0,0,"","F","F","F","F",0,0,0,0,0,0,0,0,0,0,F,F,"1978BAL.EVA.regular.event.csv",3303
"BAL197807170","TEX",5,1,0,0,0,"",0,0,"may-l101","?","may-l101","?","comes001","?","comes001","?","sundj001","hargm001","willb101","bevak001","campb101","ziskr101","benij001","bondb101","kellp101","","","4/P","F","F",10,6,2,"T","T",0,"F","F",1,"F","F",0,"F","F",4,"P","F","F","",0,0,"N",0,"N",0,"N",0,1,0,0,"4","","","","F","F","F","F","F","F","F","F","F","comes001","","","F","F","F","F","F","","","","",0,4,0,0,0,0,0,0,0,34,"BAL","BAL","TEX",1,"F","F",0,0,0,14,1,"T","F",1,1,"T","T","decid001","dempr001","T","T",7,5,33,0,0,0,0,0,0,"sundj001","","",0,0,0,0,0,0,0,0,0,0,0,0,0,"willb101","F","F","F","F",0,0,0,0,0,0,0,0,0,0,F,F,"1978BAL.EVA.regular.event.csv",3304
"BAL197807170","TEX",5,1,1,0,0,"",0,0,"decid001","?","decid001","?","comes001","?","comes001","?","sundj001","hargm001","willb101","bevak001","campb101","ziskr101","benij001","bondb101","kellp101","","","S9.1-2","F","F",5,7,20,"T","T",1,"F","F",0,"F","F",0,"F","F",9,"","F","F","",0,0,"N",0,"N",0,"N",1,2,0,0,"","","","","F","F","F","F","F","F","F","F","F","comes001","","","F","F","F","F","F","","","","",0,0,0,0,0,0,0,0,0,35,"BAL","BAL","TEX",1,"F","F",0,0,0,15,2,"T","F",1,3,"T","T","dempr001","belam101","T","T",7,5,33,0,0,0,0,0,0,"sundj001","","",0,0,0,0,0,0,0,0,0,0,0,0,0,"bondb101","F","F","F","F",0,0,0,0,0,0,0,0,0,0,F,F,"1978BAL.EVA.regular.event.csv",3305
"BAL197807170","TEX",5,1,1,0,0,"",0,0,"dempr001","?","dempr001","?","comes001","?","comes001","?","sundj001","hargm001","willb101","bevak001","campb101","ziskr101","benij001","bondb101","decid001","kellp101","","K","F","F",2,8,3,"T","T",0,"F","F",1,"F","F",0,"F","F",0,"","F","F","",0,0,"N",0,"N",0,"N",0,1,2,0,"2","","","","F","F","F","F","F","F","F","F","F","comes001","comes001","","F","F","F","F","F","","","","",0,2,0,0,0,0,0,0,0,36,"BAL","BAL","TEX",1,"F","F",0,0,0,16,3,"T","F",3,3,"T","T","belam101","harll101","T","T",5,7,35,7,5,33,0,0,0,"sundj001","sundj001","",0,0,0,0,0,0,0,0,0,0,0,0,0,"","F","F","F","F",0,0,0,0,0,0,0,0,0,0,F,F,"1978BAL.EVA.regular.event.csv",3306
"BAL197807170","TEX",5,1,2,0,0,"",0,0,"belam101","?","belam101","?","comes001","?","comes001","?","sundj001","hargm001","willb101","bevak001","campb101","ziskr101","benij001","bondb101","decid001","kellp101","","43","F","F",6,9,2,"T","T",0,"F","F",1,"F","F",0,"F","F",4,"G","F","F","",0,0,"N",0,"N",0,"N",0,1,2,0,"43","","","","F","F","F","F","F","F","F","F","F","comes001","comes001","","F","F","F","F","F","","","","",0,3,0,0,4,0,0,0,0,37,"BAL","BAL","TEX",1,"F","T",0,0,0,17,4,"T","F",3,3,"T","T","harll101","dauer001","T","T",5,7,35,7,5,33,0,0,0,"sundj001","sundj001","",0,0,0,0,0,0,0,0,0,0,0,0,0,"willb101","F","F","F","F",0,0,0,0,0,0,0,0,0,0,F,F,"1978BAL.EVA.regular.event.csv",3307
"BAL197807170","TEX",6,0,0,0,0,"",0,0,"willb101","?","willb101","?","flanm001","?","flanm001","?","dempr001","murre001","dauer001","decid001","belam101","kellp101","harll101","singk001","","","","53","T","F",4,9,2,"T","T",0,"F","F",1,"F","F",0,"F","F",5,"G","F","F","",0,0,"N",0,"N",0,"N",0,0,0,0,"53","","","","F","F","F","F","F","F","F","F","F","","","","F","F","F","F","F","","","","",0,3,0,0,5,0,0,0,0,38,"BAL","TEX","BAL",0,"T","F",0,0,0,17,0,"T","F",0,0,"T","T","bondb101","benij001","T","T",0,0,0,0,0,0,0,0,0,"","","",0,0,0,0,0,0,0,0,0,0,0,0,0,"decid001","F","F","F","F",0,0,0,0,0,0,0,0,0,0,F,F,"1978BAL.EVA.regular.event.csv",3308
"BAL197807170","TEX",6,0,1,0,0,"",0,0,"bondb101","?","bondb101","?","flanm001","?","flanm001","?","dempr001","murre001","dauer001","decid001","belam101","kellp101","harll101","singk001","","","","S8","F","F",9,1,20,"T","T",1,"F","F",0,"F","F",0,"F","F",8,"","F","F","",0,0,"N",0,"N",0,"N",1,0,0,0,"","","","","F","F","F","F","F","F","F","F","F","","","","F","F","F","F","F","","","","",0,0,0,0,0,0,0,0,0,39,"BAL","TEX","BAL",0,"F","F",0,0,0,18,1,"T","F",0,1,"T","T","benij001","sundj001","T","T",0,0,0,0,0,0,0,0,0,"","","",0,0,0,0,0,0,0,0,0,0,0,0,0,"harll101","F","F","F","F",0,0,0,0,0,0,0,0,0,0,F,F,"1978BAL.EVA.regular.event.csv",3309
"BAL197807170","TEX",6,0,1,0,0,"",0,0,"benij001","?","benij001","?","flanm001","?","flanm001","?","dempr001","murre001","dauer001","decid001","belam101","kellp101","harll101","singk001","bondb101","","","POCS2(136)","F","F",8,2,8,"F","F",0,"F","F",1,"F","F",0,"F","F",0,"","F","F","",0,0,"N",0,"N",0,"N",0,0,0,0,"","136","","","F","F","F","T","F","F","T","F","F","flanm001","","","F","F","F","F","F","","","","",0,6,0,0,1,3,0,0,0,40,"BAL","TEX","BAL",0,"F","F",0,0,0,19,2,"T","F",1,0,"T","T","sundj001","oliva001","T","T",9,1,39,0,0,0,0,0,0,"dempr001","","",0,0,0,0,0,0,0,0,0,0,0,0,0,"","F","F","F","F",0,0,0,0,0,0,0,0,0,0,F,F,"1978BAL.EVA.regular.event.csv",3310
"BAL197807170","TEX",6,0,2,0,0,"",0,0,"benij001","?","benij001","?","flanm001","?","flanm001","?","dempr001","murre001","dauer001","decid001","belam101","kellp101","harll101","singk001","","","","53","F","F",8,2,2,"T","T",0,"F","F",1,"F","F",0,"F","F",5,"G","F","F","",0,0,"N",0,"N",0,"N",0,0,0,0,"53","","","","F","F","F","F","F","F","F","F","F","","","","F","F","F","F","F","","","","",0,3,0,0,5,0,0,0,0,41,"BAL","TEX","BAL",0,"F","T",0,0,0,19,2,"F","F",0,0,"T","T","sundj001","oliva001","T","T",0,0,0,0,0,0,0,0,0,"","","",0,0,0,0,0,0,0,0,0,0,0,0,0,"decid001","F","F","F","F",0,0,0,0,0,0,0,0,0,0,F,F,"1978BAL.EVA.regular.event.csv",3311
"BAL197807170","TEX",6,1,0,0,0,"",0,0,"harll101","?","harll101","?","comes001","?","comes001","?","sundj001","hargm001","willb101","bevak001","campb101","ziskr101","benij001","bondb101","","","","W","T","F",8,1,14,"T","F",0,"F","F",0,"F","F",0,"F","F",0,"","F","F","",0,0,"N",0,"N",0,"N",1,0,0,0,"","","","","F","F","F","F","F","F","F","F","F","","","","F","F","F","F","F","","","","",0,0,0,0,0,0,0,0,0,42,"BAL","BAL","TEX",1,"T","F",0,0,0,18,0,"T","F",0,1,"T","T","dauer001","murre001","T","T",0,0,0,0,0,0,0,0,0,"","","",0,0,0,0,0,0,0,0,0,0,0,0,0,"","F","F","F","F",0,0,0,0,0,0,0,0,0,0,F,F,"1978BAL.EVA.regular.event.csv",3312
"BAL197807170","TEX",6,1,0,0,0,"",0,0,"dauer001","?","dauer001","?","comes001","?","comes001","?","sundj001","hargm001","willb101","bevak001","campb101","ziskr101","benij001","bondb101","harll101","","","64(1)3/GDP","F","F",4,2,2,"T","T",0,"F","F",2,"T","F",0,"F","F",6,"G","F","F","",0,0,"N",0,"N",0,"N",0,0,0,0,"43","64","","","F","F","F","F","F","F","F","F","F","comes001","","","F","F","F","F","F","","","","",0,4,3,0,6,4,0,0,0,43,"BAL","BAL","TEX",1,"F","F",0,0,0,19,1,"T","F",1,0,"T","T","murre001","singk001","T","T",8,1,42,0,0,0,0,0,0,"sundj001","","",0,0,0,0,0,0,0,0,0,0,0,0,0,"campb101","T","F","F","F",0,0,0,0,0,0,0,0,0,0,F,F,"1978BAL.EVA.regular.event.csv",3313
"BAL197807170","TEX",6,1,2,0,0,"",0,0,"murre001","?","murre001","?","comes001","?","comes001","?","sundj001","hargm001","willb101","bevak001","campb101","ziskr101","benij001","bondb101","","","","K","F","F",3,3,3,"T","T",0,"F","F",1,"F","F",0,"F","F",0,"","F","F","",0,0,"N",0,"N",0,"N",0,0,0,0,"2","","","","F","F","F","F","F","F","F","F","F","","","","F","F","F","F","F","","","","",0,2,0,0,0,0,0,0,0,44,"BAL","BAL","TEX",1,"F","T",0,0,0,20,2,"T","F",0,0,"T","T","singk001","kellp101","T","T",0,0,0,0,0,0,0,0,0,"","","",0,0,0,0,0,0,0,0,0,0,0,0,0,"","F","F","F","F",0,0,0,0,0,0,0,0,0,0,F,F,"1978BAL.EVA.regular.event.csv",3314
"BAL197807170","TEX",7,0,0,0,0,"",0,0,"sundj001","?","sundj001","?","flanm001","?","flanm001","?","dempr001","murre001","dauer001","decid001","belam101","kellp101","harll101","singk001","","","","8","T","F",2,3,2,"T","T",0,"F","F",1,"F","F",0,"F","F",8,"F","F","F","",0,0,"N",0,"N",0,"N",0,0,0,0,"8","","","","F","F","F","F","F","F","F","F","F","","","","F","F","F","F","F","","","","",0,8,0,0,0,0,0,0,0,45,"BAL","TEX","BAL",0,"T","F",0,0,0,20,0,"T","F",0,0,"T","T","oliva001","ziskr101","T","T",0,0,0,0,0,0,0,0,0,"","","",0,0,0,0,0,0,0,0,0,0,0,0,0,"harll101","F","F","F","F",0,0,0,0,0,0,0,0,0,0,F,F,"1978BAL.EVA.regular.event.csv",3315
"BAL197807170","TEX",7,0,1,0,0,"",0,0,"oliva001","?","oliva001","?","flanm001","?","flanm001","?","dempr001","murre001","dauer001","decid001","belam101","kellp101","harll101","singk001","","","","4/P","F","F",10,4,2,"T","T",0,"F","F",1,"F","F",0,"F","F",4,"P","F","F","",0,0,"N",0,"N",0,"N",0,0,0,0,"4","","","","F","F","F","F","F","F","F","F","F","","","","F","F","F","F","F","","","","",0,4,0,0,0,0,0,0,0,46,"BAL","TEX","BAL",0,"F","F",0,0,0,21,1,"T","F",0,0,"T","T","ziskr101","bevak001","T","T",0,0,0,0,0,0,0,0,0,"","","",0,0,0,0,0,0,0,0,0,0,0,0,0,"dauer001","F","F","F","F",0,0,0,0,0,0,0,0,0,0,F,F,"1978BAL.EVA.regular.event.csv",3316
"BAL197807170","TEX",7,0,2,0,0,"",0,0,"ziskr101","?","ziskr101","?","flanm001","?","flanm001","?","dempr001","murre001","dauer001","decid001","belam101","kellp101","harll101","singk001","","","","K/C","F","F",7,5,3,"T","T",0,"F","F",1,"F","F",0,"F","F",0,"","F","F","",0,0,"N",0,"N",0,"N",0,0,0,0,"2","","","","F","F","F","F","F","F","F","F","F","","","","F","F","F","F","F","","","","",0,2,0,0,0,0,0,0,0,47,"BAL","TEX","BAL",0,"F","T",0,0,0,22,2,"T","F",0,0,"T","T","bevak001","hargm001","T","T",0,0,0,0,0,0,0,0,0,"","","",0,0,0,0,0,0,0,0,0,0,0,0,0,"","F","F","F","F",0,0,0,0,0,0,0,0,0,0,F,F,"1978BAL.EVA.regular.event.csv",3317
"BAL197807170","TEX",7,1,0,0,0,"",0,0,"singk001","?","singk001","?","comes001","?","comes001","?","sundj001","hargm001","willb101","bevak001","campb101","ziskr101","benij001","bondb101","","","","S9","T","F",9,4,20,"T","T",1,"F","F",0,"F","F",0,"F","F",9,"","F","F","",0,0,"N",0,"N",0,"N",1,0,0,0,"","","","","F","F","F","F","F","F","F","F","F","","","","F","F","F","F","F","","","","",0,0,0,0,0,0,0,0,0,48,"BAL","BAL","TEX",1,"T","F",0,0,0,21,0,"T","F",0,1,"T","T","kellp101","may-l101","T","T",0,0,0,0,0,0,0,0,0,"","","",0,0,0,0,0,0,0,0,0,0,0,0,0,"bondb101","F","F","F","F",0,0,0,0,0,0,0,0,0,0,F,F,"1978BAL.EVA.regular.event.csv",3318
"BAL197807170","TEX",7,1,0,0,0,"",0,0,"kellp101","?","kellp101","?","comes001","?","comes001","?","sundj001","hargm001","willb101","bevak001","campb101","ziskr101","benij001","bondb101","singk001","","","S1/BG.1-2","F","F",7,5,20,"T","T",1,"F","F",0,"F","F",0,"F","F",1,"G","T","F","",0,0,"N",0,"N",0,"N",1,2,0,0,"","","","","F","F","F","F","F","F","F","F","F","comes001","","","F","F","F","F","F","","","","",0,0,0,0,0,0,0,0,0,49,"BAL","BAL","TEX",1,"F","F",0,0,0,22,1,"T","F",1,3,"T","T","may-l101","decid001","T","T",9,4,48,0,0,0,0,0,0,"sundj001","","",0,0,0,0,0,0,0,0,0,0,0,0,0,"comes001","F","F","F","F",0,0,0,0,0,0,0,0,0,0,F,F,"1978BAL.EVA.regular.event.csv",3319
"BAL197807170","TEX",7,1,0,0,0,"",0,0,"may-l101","?","may-l101","?","comes001","?","comes001","?","sundj001","hargm001","willb101","bevak001","campb101","ziskr101","benij001","bondb101","kellp101","singk001","","56(1)/FO","F","F",10,6,2,"T","T",0,"F","F",1,"F","F",0,"F","F",5,"G","F","F","",0,0,"N",0,"N",0,"N",1,0,2,0,"","56","","","F","F","F","F","F","F","F","F","F","comes001","comes001","","F","F","F","F","F","","","","",0,6,0,0,5,0,0,0,0,50,"BAL","BAL","TEX",1,"F","F",0,0,0,23,2,"T","F",3,3,"T","T","decid001","dempr001","T","T",7,5,49,9,4,48,0,0,0,"sundj001","sundj001","",0,0,0,0,0,0,0,0,0,0,0,0,0,"bevak001","T","F","F","F",0,0,0,0,0,0,0,0,0,0,F,F,"1978BAL.EVA.regular.event.csv",3320
"BAL197807170","TEX",7,1,1,0,0,"",0,0,"decid001","?","decid001","?","comes001","?","comes001","?","sundj001","hargm001","willb101","bevak001","campb101","ziskr101","benij001","bondb101","may-l101","singk001","","54(1)3/GDP","F","F",5,7,2,"T","T",0,"F","F",2,"T","F",0,"F","F",5,"G","F","F","",0,0,"N",0,"N",0,"N",0,0,2,0,"43","54","","","F","F","F","F","F","F","F","F","F","comes001","comes001","","F","F","F","F","F","","","","",0,4,3,0,5,4,0,0,0,51,"BAL","BAL","TEX",1,"F","T",0,0,0,24,3,"T","F",3,2,"T","T","dempr001","belam101","T","T",10,6,50,9,4,48,0,0,0,"sundj001","sundj001","",0,0,0,0,0,0,0,0,0,0,0,0,0,"bevak001","T","F","F","F",0,0,0,0,0,0,0,0,0,0,F,F,"1978BAL.EVA.regular.event.csv",3321
"BAL197807170","TEX",8,0,0,0,0,"",0,0,"bevak001","?","bevak001","?","flanm001","?","flanm001","?","dempr001","murre001","dauer001","decid001","belam101","kellp101","harll101","singk001","","","","63","T","F",5,6,2,"T","T",0,"F","F",1,"F","F",0,"F","F",6,"G","F","F","",0,0,"N",0,"N",0,"N",0,0,0,0,"63","","","","F","F","F","F","F","F","F","F","F","","","","F","F","F","F","F","","","","",0,3,0,0,6,0,0,0,0,52,"BAL","TEX","BAL",0,"T","F",0,0,0,23,0,"T","F",0,0,"T","T","hargm001","campb101","T","T",0,0,0,0,0,0,0,0,0,"","","",0,0,0,0,0,0,0,0,0,0,0,0,0,"belam101","F","F","F","F",0,0,0,0,0,0,0,0,0,0,F,F,"1978BAL.EVA.regular.event.csv",3322
"BAL197807170","TEX",8,0,1,0,0,"",0,0,"hargm001","?","hargm001","?","flanm001","?","flanm001","?","dempr001","murre001","dauer001","decid001","belam101","kellp101","harll101","singk001","","","","K/C","F","F",3,7,3,"T","T",0,"F","F",1,"F","F",0,"F","F",0,"","F","F","",0,0,"N",0,"N",0,"N",0,0,0,0,"2","","","","F","F","F","F","F","F","F","F","F","","","","F","F","F","F","F","","","","",0,2,0,0,0,0,0,0,0,53,"BAL","TEX","BAL",0,"F","F",0,0,0,24,1,"T","F",0,0,"T","T","campb101","willb101","T","T",0,0,0,0,0,0,0,0,0,"","","",0,0,0,0,0,0,0,0,0,0,0,0,0,"","F","F","F","F",0,0,0,0,0,0,0,0,0,0,F,F,"1978BAL.EVA.regular.event.csv",3323
"BAL197807170","TEX",8,0,2,0,0,"",0,0,"campb101","?","campb101","?","flanm001","?","flanm001","?","dempr001","murre001","dauer001","decid001","belam101","kellp101","harll101","singk001","","","","S7","F","F",6,8,20,"T","T",1,"F","F",0,"F","F",0,"F","F",7,"","F","F","",0,0,"N",0,"N",0,"N",1,0,0,0,"","","","","F","F","F","F","F","F","F","F","F","","","","F","F","F","F","F","","","","",0,0,0,0,0,0,0,0,0,54,"BAL","TEX","BAL",0,"F","F",0,0,0,25,2,"T","F",0,1,"T","T","willb101","bondb101","T","T",0,0,0,0,0,0,0,0,0,"","","",0,0,0,0,0,0,0,0,0,0,0,0,0,"kellp101","F","F","F","F",0,0,0,0,0,0,0,0,0,0,F,F,"1978BAL.EVA.regular.event.csv",3324
"BAL197807170","TEX",8,0,2,0,0,"",0,0,"willb101","?","willb101","?","flanm001","?","flanm001","?","dempr001","murre001","dauer001","decid001","belam101","kellp101","harll101","singk001","campb101","","","3/FL","F","F",4,9,2,"T","T",0,"F","F",1,"F","F",0,"F","F",3,"F","F","T","",0,0,"N",0,"N",0,"N",0,1,0,0,"3","","","","F","F","F","F","F","F","F","F","F","flanm001","","","F","F","F","F","F","","","","",0,3,0,0,0,0,0,0,0,55,"BAL","TEX","BAL",0,"F","T",0,0,0,26,3,"T","F",1,1,"T","T","bondb101","benij001","T","T",6,8,54,0,0,0,0,0,0,"dempr001","","",0,0,0,0,0,0,0,0,0,0,0,0,0,"murre001","F","F","F","F",0,0,0,0,0,0,0,0,0,0,F,F,"1978BAL.EVA.regular.event.csv",3325
"BAL197807170","TEX",8,1,0,0,0,"",0,0,"dempr001","?","dempr001","?","comes001","?","comes001","?","sundj001","hargm001","willb101","bevak001","campb101","ziskr101","benij001","bondb101","","","","8","T","F",2,8,2,"T","T",0,"F","F",1,"F","F",0,"F","F",8,"F","F","F","",0,0,"N",0,"N",0,"N",0,0,0,0,"8","","","","F","F","F","F","F","F","F","F","F","","","","F","F","F","F","F","","","","",0,8,0,0,0,0,0,0,0,56,"BAL","BAL","TEX",1,"T","F",0,0,0,25,0,"T","F",0,0,"T","T","belam101","harll101","T","T",0,0,0,0,0,0,0,0,0,"","","",0,0,0,0,0,0,0,0,0,0,0,0,0,"benij001","F","F","F","F",0,0,0,0,0,0,0,0,0,0,F,F,"1978BAL.EVA.regular.event.csv",3326
"BAL197807170","TEX",8,1,1,0,0,"",0,0,"belam101","?","belam101","?","comes001","?","comes001","?","sundj001","hargm001","willb101","bevak001","campb101","ziskr101","benij001","bondb101","","","","7","F","F",6,9,2,"T","T",0,"F","F",1,"F","F",0,"F","F",7,"F","F","F","",0,0,"N",0,"N",0,"N",0,0,0,0,"7","","","","F","F","F","F","F","F","F","F","F","","","","F","F","F","F","F","","","","",0,7,0,0,0,0,0,0,0,57,"BAL","BAL","TEX",1,"F","F",0,0,0,26,1,"T","F",0,0,"T","T","harll101","dauer001","T","T",0,0,0,0,0,0,0,0,0,"","","",0,0,0,0,0,0,0,0,0,0,0,0,0,"ziskr101","F","F","F","F",0,0,0,0,0,0,0,0,0,0,F,F,"1978BAL.EVA.regular.event.csv",3327
"BAL197807170","TEX",8,1,2,0,0,"",0,0,"harll101","?","harll101","?","comes001","?","comes001","?","sundj001","hargm001","willb101","bevak001","campb101","ziskr101","benij001","bondb101","","","","W","F","F",8,1,14,"T","F",0,"F","F",0,"F","F",0,"F","F",0,"","F","F","",0,0,"N",0,"N",0,"N",1,0,0,0,"","","","","F","F","F","F","F","F","F","F","F","","","","F","F","F","F","F","","","","",0,0,0,0,0,0,0,0,0,58,"BAL","BAL","TEX",1,"F","F",0,0,0,27,2,"T","F",0,1,"T","T","dauer001","murre001","T","T",0,0,0,0,0,0,0,0,0,"","","",0,0,0,0,0,0,0,0,0,0,0,0,0,"","F","F","F","F",0,0,0,0,0,0,0,0,0,0,F,F,"1978BAL.EVA.regular.event.csv",3328
"BAL197807170","TEX",8,1,2,0,0,"",0,0,"dauer001","?","dauer001","?","comes001","?","comes001","?","sundj001","hargm001","willb101","bevak001","campb101","ziskr101","benij001","bondb101","harll101","","","64(1)/FO","F","F",4,2,2,"T","T",0,"F","F",1,"F","F",0,"F","F",6,"G","F","F","",0,0,"N",0,"N",0,"N",1,0,0,0,"","64","","","F","F","F","F","F","F","F","F","F","comes001","","","F","F","F","F","F","","","","",0,4,0,0,6,0,0,0,0,59,"BAL","BAL","TEX",1,"F","T",0,0,0,28,3,"T","F",1,1,"T","T","murre001","singk001","T","T",8,1,58,0,0,0,0,0,0,"sundj001","","",0,0,0,0,0,0,0,0,0,0,0,0,0,"campb101","T","F","F","F",0,0,0,0,0,0,0,0,0,0,F,F,"1978BAL.EVA.regular.event.csv",3329
"BAL197807170","TEX",9,0,0,0,0,"",0,0,"bondb101","?","bondb101","?","flanm001","?","flanm001","?","dempr001","murre001","dauer001","decid001","belam101","kellp101","harll101","singk001","","","","9","T","F",9,1,2,"T","T",0,"F","F",1,"F","F",0,"F","F",9,"F","F","F","",0,0,"N",0,"N",0,"N",0,0,0,0,"9","","","","F","F","F","F","F","F","F","F","F","","","","F","F","F","F","F","","","","",0,9,0,0,0,0,0,0,0,60,"BAL","TEX","BAL",0,"T","F",0,0,0,27,0,"T","F",0,0,"T","T","benij001","sundj001","T","T",0,0,0,0,0,0,0,0,0,"","","",0,0,0,0,0,0,0,0,0,0,0,0,0,"singk001","F","F","F","F",0,0,0,0,0,0,0,0,0,0,F,F,"1978BAL.EVA.regular.event.csv",3330
"BAL197807170","TEX",9,0,1,0,0,"",0,0,"benij001","?","benij001","?","flanm001","?","flanm001","?","dempr001","murre001","dauer001","decid001","belam101","kellp101","harll101","singk001","","","","53","F","F",8,2,2,"T","T",0,"F","F",1,"F","F",0,"F","F",5,"G","F","F","",0,0,"N",0,"N",0,"N",0,0,0,0,"53","","","","F","F","F","F","F","F","F","F","F","","","","F","F","F","F","F","","","","",0,3,0,0,5,0,0,0,0,61,"BAL","TEX","BAL",0,"F","F",0,0,0,28,1,"T","F",0,0,"T","T","sundj001","oliva001","T","T",0,0,0,0,0,0,0,0,0,"","","",0,0,0,0,0,0,0,0,0,0,0,0,0,"decid001","F","F","F","F",0,0,0,0,0,0,0,0,0,0,F,F,"1978BAL.EVA.regular.event.csv",3331
"BAL197807170","TEX",9,0,2,0,0,"",0,0,"sundj001","?","sundj001","?","flanm001","?","flanm001","?","dempr001","murre001","dauer001","decid001","belam101","kellp101","harll101","singk001","","","","S9","F","F",2,3,20,"T","T",1,"F","F",0,"F","F",0,"F","F",9,"","F","F","",0,0,"N",0,"N",0,"N",1,0,0,0,"","","","","F","F","F","F","F","F","F","F","F","","","","F","F","F","F","F","","","","",0,0,0,0,0,0,0,0,0,62,"BAL","TEX","BAL",0,"F","F",0,0,0,29,2,"T","F",0,1,"T","T","oliva001","ziskr101","T","T",0,0,0,0,0,0,0,0,0,"","","",0,0,0,0,0,0,0,0,0,0,0,0,0,"singk001","F","F","F","F",0,0,0,0,0,0,0,0,0,0,F,F,"1978BAL.EVA.regular.event.csv",3332
"BAL197807170","TEX",9,0,2,0,0,"",0,0,"oliva001","?","oliva001","?","flanm001","?","flanm001","?","dempr001","murre001","dauer001","decid001","belam101","kellp101","harll101","singk001","sundj001","","","43","F","F",10,4,2,"T","T",0,"F","F",1,"F","F",0,"F","F",4,"G","F","F","",0,0,"N",0,"N",0,"N",0,1,0,0,"43","","","","F","F","F","F","F","F","F","F","F","flanm001","","","F","F","F","F","F","","","","",0,3,0,0,4,0,0,0,0,63,"BAL","TEX","BAL",0,"F","T",0,0,0,30,3,"T","F",1,1,"T","T","ziskr101","bevak001","T","T",2,3,62,0,0,0,0,0,0,"dempr001","","",0,0,0,0,0,0,0,0,0,0,0,0,0,"dauer001","F","F","F","F",0,0,0,0,0,0,0,0,0,0,F,F,"1978BAL.EVA.regular.event.csv",3333
"BAL197807170","TEX",9,1,0,0,0,"",0,0,"murre001","?","murre001","?","comes001","?","comes001","?","sundj001","hargm001","willb101","bevak001","campb101","ziskr101","benij001","bondb101","","","","6/P","T","F",3,3,2,"T","T",0,"F","F",1,"F","F",0,"F","F",6,"P","F","F","",0,0,"N",0,"N",0,"N",0,0,0,0,"6","","","","F","F","F","F","F","F","F","F","F","","","","F","F","F","F","F","","","","",0,6,0,0,0,0,0,0,0,64,"BAL","BAL","TEX",1,"T","F",0,0,0,29,0,"T","F",0,0,"T","T","singk001","kellp101","T","T",0,0,0,0,0,0,0,0,0,"","","",0,0,0,0,0,0,0,0,0,0,0,0,0,"campb101","F","F","F","F",0,0,0,0,0,0,0,0,0,0,F,F,"1978BAL.EVA.regular.event.csv",3334
"BAL197807170","TEX",9,1,1,0,0,"",0,0,"singk001","?","singk001","?","comes001","?","comes001","?","sundj001","hargm001","willb101","bevak001","campb101","ziskr101","benij001","bondb101","","","","6/P","F","F",9,4,2,"T","T",0,"F","F",1,"F","F",0,"F","F",6,"P","F","F","",0,0,"N",0,"N",0,"N",0,0,0,0,"6","","","","F","F","F","F","F","F","F","F","F","","","","F","F","F","F","F","","","","",0,6,0,0,0,0,0,0,0,65,"BAL","BAL","TEX",1,"F","F",0,0,0,30,1,"T","F",0,0,"T","T","kellp101","may-l101","T","T",0,0,0,0,0,0,0,0,0,"","","",0,0,0,0,0,0,0,0,0,0,0,0,0,"campb101","F","F","F","F",0,0,0,0,0,0,0,0,0,0,F,F,"1978BAL.EVA.regular.event.csv",3335
"BAL197807170","TEX",9,1,2,0,0,"",0,0,"kellp101","?","kellp101","?","comes001","?","comes001","?","sundj001","hargm001","willb101","bevak001","campb101","ziskr101","benij001","bondb101","","","","K","F","F",7,5,3,"T","T",0,"F","F",1,"F","F",0,"F","F",0,"","F","F","",0,0,"N",0,"N",0,"N",0,0,0,0,"2","","","","F","F","F","F","F","F","F","F","F","","","","F","F","F","F","F","","","","",0,2,0,0,0,0,0,0,0,66,"BAL","BAL","TEX",1,"F","T",0,0,0,31,2,"T","F",0,0,"T","T","may-l101","decid001","T","T",0,0,0,0,0,0,0,0,0,"","","",0,0,0,0,0,0,0,0,0,0,0,0,0,"","F","F","F","F",0,0,0,0,0,0,0,0,0,0,F,F,"1978BAL.EVA.regular.event.csv",3336
"BAL197807170","TEX",10,0,0,0,0,"",0,0,"ziskr101","?","ziskr101","?","flanm001","?","flanm001","?","dempr001","murre001","dauer001","decid001","belam101","kellp101","harll101","singk001","","","","K","T","F",7,5,3,"T","T",0,"F","F",1,"F","F",0,"F","F",0,"","F","F","",0,0,"N",0,"N",0,"N",0,0,0,0,"2","","","","F","F","F","F","F","F","F","F","F","","","","F","F","F","F","F","","","","",0,2,0,0,0,0,0,0,0,67,"BAL","TEX","BAL",0,"T","F",0,0,0,31,0,"T","F",0,0,"T","T","bevak001","hargm001","T","T",0,0,0,0,0,0,0,0,0,"","","",0,0,0,0,0,0,0,0,0,0,0,0,0,"","F","F","F","F",0,0,0,0,0,0,0,0,0,0,F,F,"1978BAL.EVA.regular.event.csv",3337
"BAL197807170","TEX",10,0,1,0,0,"",0,0,"bevak001","?","bevak001","?","flanm001","?","flanm001","?","dempr001","murre001","dauer001","decid001","belam101","kellp101","harll101","singk001","","","","9","F","F",5,6,2,"T","T",0,"F","F",1,"F","F",0,"F","F",9,"F","F","F","",0,0,"N",0,"N",0,"N",0,0,0,0,"9","","","","F","F","F","F","F","F","F","F","F","","","","F","F","F","F","F","","","","",0,9,0,0,0,0,0,0,0,68,"BAL","TEX","BAL",0,"F","F",0,0,0,32,1,"T","F",0,0,"T","T","hargm001","campb101","T","T",0,0,0,0,0,0,0,0,0,"","","",0,0,0,0,0,0,0,0,0,0,0,0,0,"singk001","F","F","F","F",0,0,0,0,0,0,0,0,0,0,F,F,"1978BAL.EVA.regular.event.csv",3338
"BAL197807170","TEX",10,0,2,0,0,"",0,0,"hargm001","?","hargm001","?","flanm001","?","flanm001","?","dempr001","murre001","dauer001","decid001","belam101","kellp101","harll101","singk001","","","","43","F","F",3,7,2,"T","T",0,"F","F",1,"F","F",0,"F","F",4,"G","F","F","",0,0,"N",0,"N",0,"N",0,0,0,0,"43","","","","F","F","F","F","F","F","F","F","F","","","","F","F","F","F","F","","","","",0,3,0,0,4,0,0,0,0,69,"BAL","TEX","BAL",0,"F","T",0,0,0,33,2,"T","F",0,0,"T","T","campb101","willb101","T","T",0,0,0,0,0,0,0,0,0,"","","",0,0,0,0,0,0,0,0,0,0,0,0,0,"dauer001","F","F","F","F",0,0,0,0,0,0,0,0,0,0,F,F,"1978BAL.EVA.regular.event.csv",3339
"BAL197807170","TEX",10,1,0,0,0,"",0,0,"may-l101","?","may-l101","?","clevr101","?","clevr101","?","sundj001","hargm001","willb101","bevak001","campb101","ziskr101","benij001","bondb101","","","","K","T","F",10,6,3,"T","T",0,"F","F",1,"F","F",0,"F","F",0,"","F","F","",0,0,"N",0,"N",0,"N",0,0,0,0,"2","","","","F","F","F","F","F","F","F","F","F","","","","F","F","F","F","F","","","","",0,2,0,0,0,0,0,0,0,70,"BAL","BAL","TEX",1,"T","F",0,0,0,32,0,"T","F",0,0,"T","T","decid001","dempr001","F","F",0,0,0,0,0,0,0,0,0,"","","",0,0,0,0,0,0,0,0,0,0,0,0,0,"","F","F","F","F",0,0,0,0,0,0,0,0,0,0,F,F,"1978BAL.EVA.regular.event.csv",3340
"BAL197807170","TEX",10,1,1,0,0,"",0,0,"decid001","?","decid001","?","clevr101","?","clevr101","?","sundj001","hargm001","willb101","bevak001","campb101","ziskr101","benij001","bondb101","","","","3/FL","F","F",5,7,2,"T","T",0,"F","F",1,"F","F",0,"F","F",3,"F","F","T","",0,0,"N",0,"N",0,"N",0,0,0,0,"3","","","","F","F","F","F","F","F","F","F","F","","","","F","F","F","F","F","","","","",0,3,0,0,0,0,0,0,0,71,"BAL","BAL","TEX",1,"F","F",0,0,0,33,1,"T","F",0,0,"T","T","dempr001","belam101","F","F",0,0,0,0,0,0,0,0,0,"","","",0,0,0,0,0,0,0,0,0,0,0,0,0,"hargm001","F","F","F","F",0,0,0,0,0,0,0,0,0,0,F,F,"1978BAL.EVA.regular.event.csv",3341
"BAL197807170","TEX",10,1,2,0,0,"",0,0,"dempr001","?","dempr001","?","clevr101","?","clevr101","?","sundj001","hargm001","willb101","bevak001","campb101","ziskr101","benij001","bondb101","","","","6/P","F","F",2,8,2,"T","T",0,"F","F",1,"F","F",0,"F","F",6,"P","F","F","",0,0,"N",0,"N",0,"N",0,0,0,0,"6","","","","F","F","F","F","F","F","F","F","F","","","","F","F","F","F","F","","","","",0,6,0,0,0,0,0,0,0,72,"BAL","BAL","TEX",1,"F","T",0,0,0,34,2,"T","F",0,0,"T","T","belam101","harll101","F","F",0,0,0,0,0,0,0,0,0,"","","",0,0,0,0,0,0,0,0,0,0,0,0,0,"campb101","F","F","F","F",0,0,0,0,0,0,0,0,0,0,F,F,"1978BAL.EVA.regular.event.csv",3342
"BAL197807170","TEX",11,0,0,0,0,"",0,0,"campb101","?","campb101","?","flanm001","?","flanm001","?","dempr001","murre001","dauer001","decid001","belam101","kellp101","harll101","singk001","","","","K","T","F",6,8,3,"T","T",0,"F","F",1,"F","F",0,"F","F",0,"","F","F","",0,0,"N",0,"N",0,"N",0,0,0,0,"2","","","","F","F","F","F","F","F","F","F","F","","","","F","F","F","F","F","","","","",0,2,0,0,0,0,0,0,0,73,"BAL","TEX","BAL",0,"T","F",0,0,0,34,0,"T","F",0,0,"T","T","willb101","bondb101","T","T",0,0,0,0,0,0,0,0,0,"","","",0,0,0,0,0,0,0,0,0,0,0,0,0,"","F","F","F","F",0,0,0,0,2,0,0,0,0,0,F,F,"1978BAL.EVA.regular.event.csv",3343
"BAL197807170","TEX",11,0,1,0,0,"",0,0,"willb101","?","willb101","?","flanm001","?","flanm001","?","dempr001","murre001","dauer001","decid001","belam101","kellp101","harll101","singk001","","","","S9","F","F",4,9,20,"T","T",1,"F","F",0,"F","F",0,"F","F",9,"","F","F","",0,0,"N",0,"N",0,"N",1,0,0,0,"","","","","F","F","F","F","F","F","F","F","F","","","","F","F","F","F","F","","","","",0,0,0,0,0,0,0,0,0,74,"BAL","TEX","BAL",0,"F","F",0,0,0,35,1,"T","F",0,1,"T","T","bondb101","benij001","T","T",0,0,0,0,0,0,0,0,0,"","","",0,0,0,0,0,0,0,0,0,0,0,0,0,"singk001","F","F","F","F",4,0,0,0,2,0,0,0,0,0,F,F,"1978BAL.EVA.regular.event.csv",3344
"BAL197807170","TEX",11,0,1,0,0,"",0,0,"bondb101","?","bondb101","?","flanm001","?","flanm001","?","dempr001","murre001","dauer001","decid001","belam101","kellp101","harll101","singk001","willb101","","","SB2.1-3(E2/TH2)","F","F",9,1,4,"F","F",0,"F","F",0,"F","F",0,"F","F",0,"","F","F","",1,2,"T",0,"N",0,"N",0,3,0,0,"","","","","T","F","F","F","F","F","F","F","F","flanm001","","","F","F","F","F","F","","","","",0,0,0,0,0,0,0,0,0,75,"BAL","TEX","BAL",0,"F","F",0,0,0,36,2,"T","F",1,4,"T","T","benij001","sundj001","T","T",4,9,74,0,0,0,0,0,0,"dempr001","","",0,0,0,0,0,0,0,0,0,0,0,0,0,"","F","F","F","F",0,4,0,0,2,0,0,0,0,0,F,F,"1978BAL.EVA.regular.event.csv",3345
"BAL197807170","TEX",11,0,1,0,0,"",0,0,"bondb101","?","bondb101","?","flanm001","?","flanm001","?","dempr001","murre001","dauer001","decid001","belam101","kellp101","harll101","singk001","","","willb101","8/SF.3-H","F","F",9,1,2,"T","F",0,"F","T",1,"F","F",1,"F","F",8,"F","F","F","",0,0,"N",0,"N",0,"N",0,0,0,4,"8","","","","F","F","F","F","F","F","F","F","F","","","flanm001","F","F","F","F","F","","","","",0,8,0,0,0,0,0,0,0,76,"BAL","TEX","BAL",0,"F","F",0,0,0,36,2,"F","F",4,0,"T","T","benij001","sundj001","T","T",0,0,0,0,0,0,4,9,74,"","","dempr001",0,0,0,0,0,0,0,0,0,0,0,0,1,"harll101","F","F","F","F",0,0,0,4,1,0,0,0,0,0,F,F,"1978BAL.EVA.regular.event.csv",3346
"BAL197807170","TEX",11,0,2,0,0,"",1,0,"benij001","?","benij001","?","flanm001","?","flanm001","?","dempr001","murre001","dauer001","decid001","belam101","kellp101","harll101","singk001","","","","HR/7","F","F",8,2,23,"T","T",4,"F","F",0,"F","F",1,"F","F",0,"","F","F","7",0,0,"N",0,"N",0,"N",4,0,0,0,"","","","","F","F","F","F","F","F","F","F","F","","","","F","F","F","F","F","","","","",0,0,0,0,0,0,0,0,0,77,"BAL","TEX","BAL",0,"F","F",1,0,1,37,3,"T","F",0,0,"T","T","sundj001","oliva001","T","T",0,0,0,0,0,0,0,0,0,"","","",0,0,0,0,0,0,0,0,0,0,0,0,1,"","F","F","F","F",4,0,0,0,0,0,0,0,0,0,F,F,"1978BAL.EVA.regular.event.csv",3347
"BAL197807170","TEX",11,0,2,0,0,"",2,0,"sundj001","?","sundj001","?","flanm001","?","flanm001","?","dempr001","murre001","dauer001","decid001","belam101","kellp101","harll101","singk001","","","","7","F","F",2,3,2,"T","T",0,"F","F",1,"F","F",0,"F","F",7,"F","F","F","",0,0,"N",0,"N",0,"N",0,0,0,0,"7","","","","F","F","F","F","F","F","F","F","F","","","","F","F","F","F","F","","","","",0,7,0,0,0,0,0,0,0,78,"BAL","TEX","BAL",0,"F","T",2,0,2,38,4,"T","F",0,0,"T","T","oliva001","ziskr101","T","T",0,0,0,0,0,0,0,0,0,"","","",0,0,0,0,0,0,0,0,0,0,0,0,0,"kellp101","F","F","F","F",0,0,0,0,0,0,0,0,0,0,F,F,"1978BAL.EVA.regular.event.csv",3348
"BAL197807170","TEX",11,1,0,0,0,"",2,0,"crowt101","?","crowt101","?","clevr101","?","clevr101","?","sundj001","hargm001","willb101","bevak001","campb101","ziskr101","benij001","bondb101","","","","3/G","T","T",11,9,2,"T","T",0,"F","F",1,"F","F",0,"F","F",3,"G","F","F","",0,0,"N",0,"N",0,"N",0,0,0,0,"3","","","","F","F","F","F","F","F","F","F","F","","","","F","F","F","F","F","","","","belam101",6,3,0,0,0,0,0,0,0,79,"BAL","BAL","TEX",1,"T","F",0,2,0,35,0,"T","F",0,0,"F","F","harll101","dauer001","F","F",0,0,0,0,0,0,0,0,0,"","","",0,0,0,0,0,0,0,0,0,0,0,0,0,"hargm001","F","F","F","F",0,0,0,0,0,0,0,0,0,0,F,F,"1978BAL.EVA.regular.event.csv",3349
"BAL197807170","TEX",11,1,1,0,0,"",2,0,"harll101","?","harll101","?","clevr101","?","clevr101","?","sundj001","hargm001","willb101","bevak001","campb101","ziskr101","benij001","bondb101","","","","43","F","F",8,1,2,"T","T",0,"F","F",1,"F","F",0,"F","F",4,"G","F","F","",0,0,"N",0,"N",0,"N",0,0,0,0,"43","","","","F","F","F","F","F","F","F","F","F","","","","F","F","F","F","F","","","","",0,3,0,0,4,0,0,0,0,80,"BAL","BAL","TEX",1,"F","F",0,2,0,36,1,"T","F",0,0,"T","T","dauer001","murre001","F","F",0,0,0,0,0,0,0,0,0,"","","",0,0,0,0,0,0,0,0,0,0,0,0,0,"willb101","F","F","F","F",0,0,0,0,0,0,0,0,0,0,F,F,"1978BAL.EVA.regular.event.csv",3350
"BAL197807170","TEX",11,1,2,0,0,"",2,0,"dauer001","?","dauer001","?","clevr101","?","clevr101","?","sundj001","hargm001","willb101","bevak001","campb101","ziskr101","benij001","bondb101","","","","7","F","F",4,2,2,"T","T",0,"F","F",1,"F","F",0,"F","F",7,"F","F","F","",0,0,"N",0,"N",0,"N",0,0,0,0,"7","","","","F","F","F","F","F","F","F","F","F","","","","F","T","F","F","F","","","","",0,7,0,0,0,0,0,0,0,81,"BAL","BAL","TEX",1,"F","T",0,2,0,37,2,"T","F",0,0,"T","T","murre001","singk001","F","F",0,0,0,0,0,0,0,0,0,"","","",0,0,0,0,0,0,0,0,0,0,0,0,0,"ziskr101","F","F","F","F",0,0,0,0,0,0,0,0,0,0,F,F,"1978BAL.EVA.regular.event.csv",3351
"BAL197807180","TEX",1,0,0,0,0,"",0,0,"bondb101","?","bondb101","?","mcgrs001","?","mcgrs001","?","dempr001","murre001","dauer001","decid001","belam101","moraa101","harll101","singk001","","","","K","T","F",9,1,3,"T","T",0,"F","F",1,"F","F",0,"F","F",0,"","F","F","",0,0,"N",0,"N",0,"N",0,0,0,0,"2","","","","F","F","F","F","F","F","F","F","F","","","","T","F","F","F","F","","","","",0,2,0,0,0,0,0,0,0,1,"BAL","TEX","BAL",0,"T","F",0,0,0,0,0,"T","F",0,0,"T","T","benij001","sundj001","T","T",0,0,0,0,0,0,0,0,0,"","","",0,0,0,0,0,0,0,0,0,0,0,0,0,"","F","F","F","F",0,0,0,0,0,0,0,0,0,0,F,F,"1978BAL.EVA.regular.event.csv",3352
"BAL197807180","TEX",1,0,1,0,0,"",0,0,"benij001","?","benij001","?","mcgrs001","?","mcgrs001","?","dempr001","murre001","dauer001","decid001","belam101","moraa101","harll101","singk001","","","","9","F","F",8,2,2,"T","T",0,"F","F",1,"F","F",0,"F","F",9,"F","F","F","",0,0,"N",0,"N",0,"N",0,0,0,0,"9","","","","F","F","F","F","F","F","F","F","F","","","","F","F","F","F","F","","","","",0,9,0,0,0,0,0,0,0,2,"BAL","TEX","BAL",0,"F","F",0,0,0,1,1,"T","F",0,0,"T","T","sundj001","oliva001","T","T",0,0,0,0,0,0,0,0,0,"","","",0,0,0,0,0,0,0,0,0,0,0,0,0,"singk001","F","F","F","F",0,0,0,0,0,0,0,0,0,0,F,F,"1978BAL.EVA.regular.event.csv",3353
"BAL197807180","TEX",1,0,2,0,0,"",0,0,"sundj001","?","sundj001","?","mcgrs001","?","mcgrs001","?","dempr001","murre001","dauer001","decid001","belam101","moraa101","harll101","singk001","","","","7","F","F",2,3,2,"T","T",0,"F","F",1,"F","F",0,"F","F",7,"F","F","F","",0,0,"N",0,"N",0,"N",0,0,0,0,"7","","","","F","F","F","F","F","F","F","F","F","","","","F","F","F","F","F","","","","",0,7,0,0,0,0,0,0,0,3,"BAL","TEX","BAL",0,"F","T",0,0,0,2,2,"T","F",0,0,"T","T","oliva001","ziskr101","T","T",0,0,0,0,0,0,0,0,0,"","","",0,0,0,0,0,0,0,0,0,0,0,0,0,"moraa101","F","F","F","F",0,0,0,0,0,0,0,0,0,0,F,F,"1978BAL.EVA.regular.event.csv",3354
"BAL197807180","TEX",1,1,0,0,0,"",0,0,"harll101","?","harll101","?","ellid101","?","ellid101","?","sundj001","hargm001","willb101","bevak001","campb101","ziskr101","benij001","bondb101","","","","S1/G.B-2(E1)","T","F",8,1,20,"T","T",1,"F","F",0,"F","F",0,"F","F",1,"G","F","F","",1,1,"F",0,"N",0,"N",2,0,0,0,"","","","","F","F","F","F","F","F","F","F","F","","","","F","F","F","F","F","","","","",0,0,0,0,0,0,0,0,0,4,"BAL","BAL","TEX",1,"T","F",0,0,0,0,0,"T","F",0,2,"T","T","dempr001","murre001","T","T",0,0,0,0,0,0,0,0,0,"","","",0,0,0,0,0,0,0,0,0,0,0,0,0,"ellid101","F","F","F","F",4,0,0,0,1,0,0,0,0,0,F,F,"1978BAL.EVA.regular.event.csv",3355
"BAL197807180","TEX",1,1,0,0,0,"",0,0,"dempr001","?","dempr001","?","ellid101","?","ellid101","?","sundj001","hargm001","willb101","bevak001","campb101","ziskr101","benij001","bondb101","","harll101","","9","F","F",2,2,2,"T","T",0,"F","F",1,"F","F",0,"F","F",9,"F","F","F","",0,0,"N",0,"N",0,"N",0,0,2,0,"9","","","","F","F","F","F","F","F","F","F","F","","ellid101","","F","F","F","F","F","","","","",0,9,0,0,0,0,0,0,0,5,"BAL","BAL","TEX",1,"F","F",0,0,0,1,1,"T","F",2,2,"T","T","murre001","singk001","T","T",0,0,0,8,1,4,0,0,0,"","sundj001","",0,0,0,0,0,0,0,0,0,0,0,0,0,"bondb101","F","F","F","F",0,0,4,0,1,0,0,0,0,0,F,F,"1978BAL.EVA.regular.event.csv",3356
"BAL197807180","TEX",1,1,1,0,0,"",0,0,"murre001","?","murre001","?","ellid101","?","ellid101","?","sundj001","hargm001","willb101","bevak001","campb101","ziskr101","benij001","bondb101","","harll101","","8","F","F",3,3,2,"T","T",0,"F","F",1,"F","F",0,"F","F",8,"F","F","F","",0,0,"N",0,"N",0,"N",0,0,2,0,"8","","","","F","F","F","F","F","F","F","F","F","","ellid101","","F","F","F","F","F","","","","",0,8,0,0,0,0,0,0,0,6,"BAL","BAL","TEX",1,"F","F",0,0,0,2,2,"T","F",2,2,"T","T","singk001","may-l101","T","T",0,0,0,8,1,4,0,0,0,"","sundj001","",0,0,0,0,0,0,0,0,0,0,0,0,0,"benij001","F","F","F","F",0,0,4,0,1,0,0,0,0,0,F,F,"1978BAL.EVA.regular.event.csv",3357
"BAL197807180","TEX",1,1,2,0,0,"",0,0,"singk001","?","singk001","?","ellid101","?","ellid101","?","sundj001","hargm001","willb101","bevak001","campb101","ziskr101","benij001","bondb101","","harll101","","D9.2-H","F","F",9,4,21,"T","T",2,"F","F",0,"F","F",1,"F","F",9,"","F","F","",0,0,"N",0,"N",0,"N",2,0,4,0,"","","","","F","F","F","F","F","F","F","F","F","","ellid101","","F","F","F","F","F","","","","",0,0,0,0,0,0,0,0,0,7,"BAL","BAL","TEX",1,"F","F",0,0,0,3,3,"T","F",2,2,"T","T","may-l101","decid001","T","T",0,0,0,8,1,4,0,0,0,"","sundj001","",0,0,0,0,0,0,0,0,0,0,0,0,1,"bondb101","F","F","F","F",0,0,4,0,0,0,0,0,0,0,F,F,"1978BAL.EVA.regular.event.csv",3358
"BAL197807180","TEX",1,1,2,0,0,"",0,1,"may-l101","?","may-l101","?","ellid101","?","ellid101","?","sundj001","hargm001","willb101","bevak001","campb101","ziskr101","benij001","bondb101","","singk001","","9","F","F",10,5,2,"T","T",0,"F","F",1,"F","F",0,"F","F",9,"F","F","F","",0,0,"N",0,"N",0,"N",0,0,2,0,"9","","","","F","F","F","F","F","F","F","F","F","","ellid101","","F","F","F","F","F","","","","",0,9,0,0,0,0,0,0,0,8,"BAL","BAL","TEX",1,"F","T",1,0,1,4,4,"T","F",2,2,"T","T","decid001","moraa101","T","T",0,0,0,9,4,7,0,0,0,"","sundj001","",0,0,0,0,0,0,0,0,0,0,0,0,0,"bondb101","F","F","F","F",0,0,0,0,0,0,0,0,0,0,F,F,"1978BAL.EVA.regular.event.csv",3359
"BAL197807180","TEX",2,0,0,0,0,"",0,1,"oliva001","?","oliva001","?","mcgrs001","?","mcgrs001","?","dempr001","murre001","dauer001","decid001","belam101","moraa101","harll101","singk001","","","","K/C","T","F",10,4,3,"T","T",0,"F","F",1,"F","F",0,"F","F",0,"","F","F","",0,0,"N",0,"N",0,"N",0,0,0,0,"2","","","","F","F","F","F","F","F","F","F","F","","","","F","F","F","F","F","","","","",0,2,0,0,0,0,0,0,0,9,"BAL","TEX","BAL",0,"T","F",0,1,0,3,0,"T","F",0,0,"T","T","ziskr101","hargm001","T","T",0,0,0,0,0,0,0,0,0,"","","",0,0,0,0,0,0,0,0,0,0,0,0,0,"","F","F","F","F",0,0,0,0,0,0,0,0,0,0,F,F,"1978BAL.EVA.regular.event.csv",3360
"BAL197807180","TEX",2,0,1,0,0,"",0,1,"ziskr101","?","ziskr101","?","mcgrs001","?","mcgrs001","?","dempr001","murre001","dauer001","decid001","belam101","moraa101","harll101","singk001","","","","8","F","F",7,5,2,"T","T",0,"F","F",1,"F","F",0,"F","F",8,"F","F","F","",0,0,"N",0,"N",0,"N",0,0,0,0,"8","","","","F","F","F","F","F","F","F","F","F","","","","F","F","F","F","F","","","","",0,8,0,0,0,0,0,0,0,10,"BAL","TEX","BAL",0,"F","F",0,1,0,4,1,"T","F",0,0,"T","T","hargm001","bevak001","T","T",0,0,0,0,0,0,0,0,0,"","","",0,0,0,0,0,0,0,0,0,0,0,0,0,"harll101","F","F","F","F",0,0,0,0,0,0,0,0,0,0,F,F,"1978BAL.EVA.regular.event.csv",3361
"BAL197807180","TEX",2,0,2,0,0,"",0,1,"hargm001","?","hargm001","?","mcgrs001","?","mcgrs001","?","dempr001","murre001","dauer001","decid001","belam101","moraa101","harll101","singk001","","","","S8","F","F",3,6,20,"T","T",1,"F","F",0,"F","F",0,"F","F",8,"","F","F","",0,0,"N",0,"N",0,"N",1,0,0,0,"","","","","F","F","F","F","F","F","F","F","F","","","","F","F","F","F","F","","","","",0,0,0,0,0,0,0,0,0,11,"BAL","TEX","BAL",0,"F","F",0,1,0,5,2,"T","F",0,1,"T","T","bevak001","campb101","T","T",0,0,0,0,0,0,0,0,0,"","","",0,0,0,0,0,0,0,0,0,0,0,0,0,"harll101","F","F","F","F",0,0,0,0,0,0,0,0,0,0,F,F,"1978BAL.EVA.regular.event.csv",3362
"BAL197807180","TEX",2,0,2,0,0,"",0,1,"bevak001","?","bevak001","?","mcgrs001","?","mcgrs001","?","dempr001","murre001","dauer001","decid001","belam101","moraa101","harll101","singk001","hargm001","","","W.1-2","F","F",5,7,14,"T","F",0,"F","F",0,"F","F",0,"F","F",0,"","F","F","",0,0,"N",0,"N",0,"N",1,2,0,0,"","","","","F","F","F","F","F","F","F","F","F","mcgrs001","","","F","F","F","F","F","","","","",0,0,0,0,0,0,0,0,0,12,"BAL","TEX","BAL",0,"F","F",0,1,0,6,3,"T","F",1,3,"T","T","campb101","willb101","T","T",3,6,11,0,0,0,0,0,0,"dempr001","","",0,0,0,0,0,0,0,0,0,0,0,0,0,"","F","F","F","F",0,0,0,0,0,0,0,0,0,0,F,F,"1978BAL.EVA.regular.event.csv",3363
"BAL197807180","TEX",2,0,2,0,0,"",0,1,"campb101","?","campb101","?","mcgrs001","?","mcgrs001","?","dempr001","murre001","dauer001","decid001","belam101","moraa101","harll101","singk001","bevak001","hargm001","","9","F","F",6,8,2,"T","T",0,"F","F",1,"F","F",0,"F","F",9,"F","F","F","",0,0,"N",0,"N",0,"N",0,1,2,0,"9","","","","F","F","F","F","F","F","F","F","F","mcgrs001","mcgrs001","","F","F","F","F","F","","","","",0,9,0,0,0,0,0,0,0,13,"BAL","TEX","BAL",0,"F","T",0,1,0,7,4,"T","F",3,3,"T","T","willb101","bondb101","T","T",5,7,12,3,6,11,0,0,0,"dempr001","dempr001","",0,0,0,0,0,0,0,0,0,0,0,0,0,"singk001","F","F","F","F",0,0,0,0,0,0,0,0,0,0,F,F,"1978BAL.EVA.regular.event.csv",3364
"BAL197807180","TEX",2,1,0,0,0,"",0,1,"decid001","?","decid001","?","ellid101","?","ellid101","?","sundj001","hargm001","willb101","bevak001","campb101","ziskr101","benij001","bondb101","","","","7/L","T","F",5,6,2,"T","T",0,"F","F",1,"F","F",0,"F","F",7,"L","F","F","",0,0,"N",0,"N",0,"N",0,0,0,0,"7","","","","F","F","F","F","F","F","F","F","F","","","","F","F","F","F","F","","","","",0,7,0,0,0,0,0,0,0,14,"BAL","BAL","TEX",1,"T","F",1,0,0,5,0,"T","F",0,0,"T","T","moraa101","dauer001","T","T",0,0,0,0,0,0,0,0,0,"","","",0,0,0,0,0,0,0,0,0,0,0,0,0,"ziskr101","F","F","F","F",0,0,0,0,2,0,0,0,0,0,F,F,"1978BAL.EVA.regular.event.csv",3365
"BAL197807180","TEX",2,1,1,0,0,"",0,1,"moraa101","?","moraa101","?","ellid101","?","ellid101","?","sundj001","hargm001","willb101","bevak001","campb101","ziskr101","benij001","bondb101","","","","S8","F","F",7,7,20,"T","T",1,"F","F",0,"F","F",0,"F","F",8,"","F","F","",0,0,"N",0,"N",0,"N",1,0,0,0,"","","","","F","F","F","F","F","F","F","F","F","","","","F","F","F","F","F","","","","",0,0,0,0,0,0,0,0,0,15,"BAL","BAL","TEX",1,"F","F",1,0,0,6,1,"T","F",0,1,"T","T","dauer001","belam101","T","T",0,0,0,0,0,0,0,0,0,"","","",0,0,0,0,0,0,0,0,0,0,0,0,0,"benij001","F","F","F","F",4,0,0,0,2,0,0,0,0,0,F,F,"1978BAL.EVA.regular.event.csv",3366
"BAL197807180","TEX",2,1,1,0,0,"",0,1,"dauer001","?","dauer001","?","ellid101","?","ellid101","?","sundj001","hargm001","willb101","bevak001","campb101","ziskr101","benij001","bondb101","moraa101","","","D7.1-3","F","F",4,8,21,"T","T",2,"F","F",0,"F","F",0,"F","F",7,"","F","F","",0,0,"N",0,"N",0,"N",2,3,0,0,"","","","","F","F","F","F","F","F","F","F","F","ellid101","","","F","F","F","F","F","","","","",0,0,0,0,0,0,0,0,0,16,"BAL","BAL","TEX",1,"F","F",1,0,0,7,2,"T","F",1,6,"T","T","belam101","harll101","T","T",7,7,15,0,0,0,0,0,0,"sundj001","","",0,0,0,0,0,0,0,0,0,0,0,0,0,"ziskr101","F","F","F","F",4,4,0,0,2,0,0,0,0,0,F,F,"1978BAL.EVA.regular.event.csv",3367
"BAL197807180","TEX",2,1,1,0,0,"",0,1,"belam101","?","belam101","?","ellid101","?","ellid101","?","sundj001","hargm001","willb101","bevak001","campb101","ziskr101","benij001","bondb101","","dauer001","moraa101","S3/G.3-H;2-H","F","F",6,9,20,"T","T",1,"F","F",0,"F","F",2,"F","F",3,"G","F","F","",0,0,"N",0,"N",0,"N",1,0,4,4,"","","","","F","F","F","F","F","F","F","F","F","","ellid101","ellid101","F","F","F","F","F","","","","",0,0,0,0,0,0,0,0,0,17,"BAL","BAL","TEX",1,"F","F",1,0,0,8,3,"T","F",6,1,"T","T","harll101","dempr001","T","T",0,0,0,4,8,16,7,7,15,"","sundj001","sundj001",0,0,0,0,0,0,0,0,0,0,0,0,2,"hargm001","F","F","F","F",0,0,4,4,0,0,0,0,0,0,F,F,"1978BAL.EVA.regular.event.csv",3368
"BAL197807180","TEX",2,1,1,0,0,"",0,3,"harll101","?","harll101","?","ellid101","?","ellid101","?","sundj001","hargm001","willb101","bevak001","campb101","ziskr101","benij001","bondb101","belam101","","","CS2(26)","F","F",8,1,6,"F","F",0,"F","F",1,"F","F",0,"F","F",0,"","F","F","",0,0,"N",0,"N",0,"N",0,0,0,0,"","26","","","F","F","F","T","F","F","F","F","F","ellid101","","","F","F","F","F","F","","","","",0,6,0,0,2,0,0,0,0,18,"BAL","BAL","TEX",1,"F","F",3,0,2,9,4,"T","F",1,0,"T","T","dempr001","murre001","T","T",6,9,17,0,0,0,0,0,0,"sundj001","","",0,0,0,0,0,0,0,0,0,0,0,0,0,"","F","F","F","F",0,0,0,0,0,0,0,0,0,0,F,F,"1978BAL.EVA.regular.event.csv",3369
"BAL197807180","TEX",2,1,2,0,0,"",0,3,"harll101","?","harll101","?","ellid101","?","ellid101","?","sundj001","hargm001","willb101","bevak001","campb101","ziskr101","benij001","bondb101","","","","9","F","F",8,1,2,"T","T",0,"F","F",1,"F","F",0,"F","F",9,"F","F","F","",0,0,"N",0,"N",0,"N",0,0,0,0,"9","","","","F","F","F","F","F","F","F","F","F","","","","F","F","F","F","F","","","","",0,9,0,0,0,0,0,0,0,19,"BAL","BAL","TEX",1,"F","T",3,0,2,9,4,"F","F",0,0,"T","T","dempr001","murre001","T","T",0,0,0,0,0,0,0,0,0,"","","",0,0,0,0,0,0,0,0,0,0,0,0,0,"bondb101","F","F","F","F",0,0,0,0,0,0,0,0,0,0,F,F,"1978BAL.EVA.regular.event.csv",3370
"BAL197807180","TEX",3,0,0,0,0,"",0,3,"willb101","?","willb101","?","mcgrs001","?","mcgrs001","?","dempr001","murre001","dauer001","decid001","belam101","moraa101","harll101","singk001","","","","63","T","F",4,9,2,"T","T",0,"F","F",1,"F","F",0,"F","F",6,"G","F","F","",0,0,"N",0,"N",0,"N",0,0,0,0,"63","","","","F","F","F","F","F","F","F","F","F","","","","F","F","F","F","F","","","","",0,3,0,0,6,0,0,0,0,20,"BAL","TEX","BAL",0,"T","F",0,3,0,8,0,"T","F",0,0,"T","T","bondb101","benij001","T","T",0,0,0,0,0,0,0,0,0,"","","",0,0,0,0,0,0,0,0,0,0,0,0,0,"belam101","F","F","F","F",0,0,0,0,0,0,0,0,0,0,F,F,"1978BAL.EVA.regular.event.csv",3371
"BAL197807180","TEX",3,0,1,0,0,"",0,3,"bondb101","?","bondb101","?","mcgrs001","?","mcgrs001","?","dempr001","murre001","dauer001","decid001","belam101","moraa101","harll101","singk001","","","","63","F","F",9,1,2,"T","T",0,"F","F",1,"F","F",0,"F","F",6,"G","F","F","",0,0,"N",0,"N",0,"N",0,0,0,0,"63","","","","F","F","F","F","F","F","F","F","F","","","","F","F","F","F","F","","","","",0,3,0,0,6,0,0,0,0,21,"BAL","TEX","BAL",0,"F","F",0,3,0,9,1,"T","F",0,0,"T","T","benij001","sundj001","T","T",0,0,0,0,0,0,0,0,0,"","","",0,0,0,0,0,0,0,0,0,0,0,0,0,"belam101","F","F","F","F",0,0,0,0,0,0,0,0,0,0,F,F,"1978BAL.EVA.regular.event.csv",3372
"BAL197807180","TEX",3,0,2,0,0,"",0,3,"benij001","?","benij001","?","mcgrs001","?","mcgrs001","?","dempr001","murre001","dauer001","decid001","belam101","moraa101","harll101","singk001","","","","8","F","F",8,2,2,"T","T",0,"F","F",1,"F","F",0,"F","F",8,"F","F","F","",0,0,"N",0,"N",0,"N",0,0,0,0,"8","","","","F","F","F","F","F","F","F","F","F","","","","F","F","F","F","F","","","","",0,8,0,0,0,0,0,0,0,22,"BAL","TEX","BAL",0,"F","T",0,3,0,10,2,"T","F",0,0,"T","T","sundj001","oliva001","T","T",0,0,0,0,0,0,0,0,0,"","","",0,0,0,0,0,0,0,0,0,0,0,0,0,"harll101","F","F","F","F",0,0,0,0,0,0,0,0,0,0,F,F,"1978BAL.EVA.regular.event.csv",3373
"BAL197807180","TEX",3,1,0,0,0,"",0,3,"dempr001","?","dempr001","?","ellid101","?","ellid101","?","sundj001","hargm001","willb101","bevak001","campb101","ziskr101","benij001","bondb101","","","","S7","T","F",2,2,20,"T","T",1,"F","F",0,"F","F",0,"F","F",7,"","F","F","",0,0,"N",0,"N",0,"N",1,0,0,0,"","","","","F","F","F","F","F","F","F","F","F","","","","F","F","F","F","F","","","","",0,0,0,0,0,0,0,0,0,23,"BAL","BAL","TEX",1,"T","F",3,0,0,10,0,"T","F",0,1,"T","T","murre001","singk001","T","T",0,0,0,0,0,0,0,0,0,"","","",0,0,0,0,0,0,0,0,0,0,0,0,0,"ziskr101","F","F","F","F",0,0,0,0,0,0,0,0,0,0,F,F,"1978BAL.EVA.regular.event.csv",3374
"BAL197807180","TEX",3,1,0,0,0,"",0,3,"murre001","?","murre001","?","ellid101","?","ellid101","?","sundj001","hargm001","willb101","bevak001","campb101","ziskr101","benij001","bondb101","dempr001","","","34.1-2","F","F",3,3,2,"T","T",0,"F","F",1,"F","F",0,"F","F",3,"G","F","F","",0,0,"N",0,"N",0,"N",0,2,0,0,"34","","","","F","F","F","F","F","F","F","F","F","ellid101","","","F","F","F","F","F","","","","",0,4,0,0,3,0,0,0,0,24,"BAL","BAL","TEX",1,"F","F",3,0,0,11,1,"T","F",1,2,"T","T","singk001","may-l101","T","T",2,2,23,0,0,0,0,0,0,"sundj001","","",0,0,0,0,0,0,0,0,0,0,0,0,0,"hargm001","F","F","F","F",0,0,0,0,0,0,0,0,0,0,F,F,"1978BAL.EVA.regular.event.csv",3375
"BAL197807180","TEX",3,1,1,0,0,"",0,3,"singk001","?","singk001","?","ellid101","?","ellid101","?","sundj001","hargm001","willb101","bevak001","campb101","ziskr101","benij001","bondb101","","dempr001","","K","F","F",9,4,3,"T","T",0,"F","F",1,"F","F",0,"F","F",0,"","F","F","",0,0,"N",0,"N",0,"N",0,0,2,0,"2","","","","F","F","F","F","F","F","F","F","F","","ellid101","","F","F","F","F","F","","","","",0,2,0,0,0,0,0,0,0,25,"BAL","BAL","TEX",1,"F","F",3,0,0,12,2,"T","F",2,2,"T","T","may-l101","decid001","T","T",0,0,0,2,2,23,0,0,0,"","sundj001","",0,0,0,0,0,0,0,0,0,0,0,0,0,"","F","F","F","F",0,0,0,0,0,0,0,0,0,0,F,F,"1978BAL.EVA.regular.event.csv",3376
"BAL197807180","TEX",3,1,2,0,0,"",0,3,"may-l101","?","may-l101","?","ellid101","?","ellid101","?","sundj001","hargm001","willb101","bevak001","campb101","ziskr101","benij001","bondb101","","dempr001","","K","F","F",10,5,3,"T","T",0,"F","F",1,"F","F",0,"F","F",0,"","F","F","",0,0,"N",0,"N",0,"N",0,0,2,0,"2","","","","F","F","F","F","F","F","F","F","F","","ellid101","","F","F","F","F","F","","","","",0,2,0,0,0,0,0,0,0,26,"BAL","BAL","TEX",1,"F","T",3,0,0,13,3,"T","F",2,2,"T","T","decid001","moraa101","T","T",0,0,0,2,2,23,0,0,0,"","sundj001","",0,0,0,0,0,0,0,0,0,0,0,0,0,"","F","F","F","F",0,0,0,0,0,0,0,0,0,0,F,F,"1978BAL.EVA.regular.event.csv",3377
"BAL197807180","TEX",4,0,0,0,0,"",0,3,"sundj001","?","sundj001","?","mcgrs001","?","mcgrs001","?","dempr001","murre001","dauer001","decid001","belam101","moraa101","harll101","singk001","","","","S7","T","F",2,3,20,"T","T",1,"F","F",0,"F","F",0,"F","F",7,"","F","F","",0,0,"N",0,"N",0,"N",1,0,0,0,"","","","","F","F","F","F","F","F","F","F","F","","","","F","F","F","F","F","","","","",0,0,0,0,0,0,0,0,0,27,"BAL","TEX","BAL",0,"T","F",0,3,0,11,0,"T","F",0,1,"T","T","oliva001","ziskr101","T","T",0,0,0,0,0,0,0,0,0,"","","",0,0,0,0,0,0,0,0,0,0,0,0,0,"moraa101","F","F","F","F",0,0,0,0,0,0,0,0,0,0,F,F,"1978BAL.EVA.regular.event.csv",3378
"BAL197807180","TEX",4,0,0,0,0,"",0,3,"oliva001","?","oliva001","?","mcgrs001","?","mcgrs001","?","dempr001","murre001","dauer001","decid001","belam101","moraa101","harll101","singk001","sundj001","","","S6/G.1-2","F","F",10,4,20,"T","T",1,"F","F",0,"F","F",0,"F","F",6,"G","F","F","",0,0,"N",0,"N",0,"N",1,2,0,0,"","","","","F","F","F","F","F","F","F","F","F","mcgrs001","","","F","F","F","F","F","","","","",0,0,0,0,0,0,0,0,0,28,"BAL","TEX","BAL",0,"F","F",0,3,0,12,1,"T","F",1,3,"T","T","ziskr101","hargm001","T","T",2,3,27,0,0,0,0,0,0,"dempr001","","",0,0,0,0,0,0,0,0,0,0,0,0,0,"belam101","F","F","F","F",0,0,0,0,0,0,0,0,0,0,F,F,"1978BAL.EVA.regular.event.csv",3379
"BAL197807180","TEX",4,0,0,0,0,"",0,3,"ziskr101","?","ziskr101","?","mcgrs001","?","mcgrs001","?","dempr001","murre001","dauer001","decid001","belam101","moraa101","harll101","singk001","oliva001","sundj001","","64(1)/FO.2-3","F","F",7,5,2,"T","T",0,"F","F",1,"F","F",0,"F","F",6,"G","F","F","",0,0,"N",0,"N",0,"N",1,0,3,0,"","64","","","F","F","F","F","F","F","F","F","F","mcgrs001","mcgrs001","","F","F","F","F","F","","","","",0,4,0,0,6,0,0,0,0,29,"BAL","TEX","BAL",0,"F","F",0,3,0,13,2,"T","F",3,5,"T","T","hargm001","bevak001","T","T",10,4,28,2,3,27,0,0,0,"dempr001","dempr001","",0,0,0,0,0,0,0,0,0,0,0,0,0,"belam101","T","F","F","F",0,0,0,0,0,0,0,0,0,0,F,F,"1978BAL.EVA.regular.event.csv",3380
"BAL197807180","TEX",4,0,1,0,0,"",0,3,"hargm001","?","hargm001","?","mcgrs001","?","mcgrs001","?","dempr001","murre001","dauer001","decid001","belam101","moraa101","harll101","singk001","ziskr101","","sundj001","16(1)3/GDP","F","F",3,6,2,"T","T",0,"F","F",2,"T","F",0,"F","F",1,"G","F","F","",0,0,"N",0,"N",0,"N",0,0,0,3,"63","16","","","F","F","F","F","F","F","F","F","F","mcgrs001","","mcgrs001","F","F","F","F","F","","","","",0,6,3,0,1,6,0,0,0,30,"BAL","TEX","BAL",0,"F","T",0,3,0,14,3,"T","F",5,4,"T","T","bevak001","campb101","T","T",7,5,29,0,0,0,2,3,27,"dempr001","","dempr001",0,0,0,0,0,0,0,0,0,0,0,0,0,"mcgrs001","T","F","F","F",0,0,0,0,0,0,0,0,0,0,F,F,"1978BAL.EVA.regular.event.csv",3381
"BAL197807180","TEX",4,1,0,0,0,"",0,3,"decid001","?","decid001","?","ellid101","?","ellid101","?","sundj001","hargm001","willb101","bevak001","campb101","ziskr101","benij001","bondb101","","","","S8","T","F",5,6,20,"T","T",1,"F","F",0,"F","F",0,"F","F",8,"","F","F","",0,0,"N",0,"N",0,"N",1,0,0,0,"","","","","F","F","F","F","F","F","F","F","F","","","","F","F","F","F","F","","","","",0,0,0,0,0,0,0,0,0,31,"BAL","BAL","TEX",1,"T","F",3,0,0,14,0,"T","F",0,1,"T","T","moraa101","dauer001","T","T",0,0,0,0,0,0,0,0,0,"","","",0,0,0,0,0,0,0,0,0,0,0,0,0,"benij001","F","F","F","F",0,0,0,0,0,0,0,0,0,0,F,F,"1978BAL.EVA.regular.event.csv",3382
"BAL197807180","TEX",4,1,0,0,0,"",0,3,"moraa101","?","moraa101","?","ellid101","?","ellid101","?","sundj001","hargm001","willb101","bevak001","campb101","ziskr101","benij001","bondb101","decid001","","","64(1)/FO","F","F",7,7,2,"T","T",0,"F","F",1,"F","F",0,"F","F",6,"G","F","F","",0,0,"N",0,"N",0,"N",1,0,0,0,"","64","","","F","F","F","F","F","F","F","F","F","ellid101","","","F","F","F","F","F","","","","",0,4,0,0,6,0,0,0,0,32,"BAL","BAL","TEX",1,"F","F",3,0,0,15,1,"T","F",1,1,"T","T","dauer001","belam101","T","T",5,6,31,0,0,0,0,0,0,"sundj001","","",0,0,0,0,0,0,0,0,0,0,0,0,0,"campb101","T","F","F","F",0,0,0,0,0,0,0,0,0,0,F,F,"1978BAL.EVA.regular.event.csv",3383
"BAL197807180","TEX",4,1,1,0,0,"",0,3,"dauer001","?","dauer001","?","ellid101","?","ellid101","?","sundj001","hargm001","willb101","bevak001","campb101","ziskr101","benij001","bondb101","moraa101","","","CS2(26)","F","F",4,8,6,"F","F",0,"F","F",1,"F","F",0,"F","F",0,"","F","F","",0,0,"N",0,"N",0,"N",0,0,0,0,"","26","","","F","F","F","T","F","F","F","F","F","ellid101","","","F","F","F","F","F","","","","",0,6,0,0,2,0,0,0,0,33,"BAL","BAL","TEX",1,"F","F",3,0,0,16,2,"T","F",1,0,"T","T","belam101","harll101","T","T",7,7,32,0,0,0,0,0,0,"sundj001","","",0,0,0,0,0,0,0,0,0,0,0,0,0,"","F","F","F","F",0,0,0,0,0,0,0,0,0,0,F,F,"1978BAL.EVA.regular.event.csv",3384
"BAL197807180","TEX",4,1,2,0,0,"",0,3,"dauer001","?","dauer001","?","ellid101","?","ellid101","?","sundj001","hargm001","willb101","bevak001","campb101","ziskr101","benij001","bondb101","","","","4/P","F","F",4,8,2,"T","T",0,"F","F",1,"F","F",0,"F","F",4,"P","F","F","",0,0,"N",0,"N",0,"N",0,0,0,0,"4","","","","F","F","F","F","F","F","F","F","F","","","","F","F","F","F","F","","","","",0,4,0,0,0,0,0,0,0,34,"BAL","BAL","TEX",1,"F","T",3,0,0,16,2,"F","F",0,0,"T","T","belam101","harll101","T","T",0,0,0,0,0,0,0,0,0,"","","",0,0,0,0,0,0,0,0,0,0,0,0,0,"willb101","F","F","F","F",0,0,0,0,0,0,0,0,0,0,F,F,"1978BAL.EVA.regular.event.csv",3385
"BAL197807180","TEX",5,0,0,0,0,"",0,3,"bevak001","?","bevak001","?","mcgrs001","?","mcgrs001","?","dempr001","murre001","dauer001","decid001","belam101","moraa101","harll101","singk001","","","","8","T","F",5,7,2,"T","T",0,"F","F",1,"F","F",0,"F","F",8,"F","F","F","",0,0,"N",0,"N",0,"N",0,0,0,0,"8","","","","F","F","F","F","F","F","F","F","F","","","","F","F","F","F","F","","","","",0,8,0,0,0,0,0,0,0,35,"BAL","TEX","BAL",0,"T","F",0,3,0,15,0,"T","F",0,0,"T","T","campb101","willb101","T","T",0,0,0,0,0,0,0,0,0,"","","",0,0,0,0,0,0,0,0,0,0,0,0,0,"harll101","F","F","F","F",0,0,0,0,0,0,0,0,0,0,F,F,"1978BAL.EVA.regular.event.csv",3386
"BAL197807180","TEX",5,0,1,0,0,"",0,3,"campb101","?","campb101","?","mcgrs001","?","mcgrs001","?","dempr001","murre001","dauer001","decid001","belam101","moraa101","harll101","singk001","","","","D/89","F","F",6,8,21,"T","T",2,"F","F",0,"F","F",0,"F","F",0,"","F","F","89",0,0,"N",0,"N",0,"N",2,0,0,0,"","","","","F","F","F","F","F","F","F","F","F","","","","F","F","F","F","F","","","","",0,0,0,0,0,0,0,0,0,36,"BAL","TEX","BAL",0,"F","F",0,3,0,16,1,"T","F",0,2,"T","T","willb101","bondb101","T","T",0,0,0,0,0,0,0,0,0,"","","",0,0,0,0,0,0,0,0,0,0,0,0,0,"","F","F","F","F",0,0,0,0,0,0,0,0,0,0,F,F,"1978BAL.EVA.regular.event.csv",3387
"BAL197807180","TEX",5,0,1,0,0,"",0,3,"willb101","?","willb101","?","mcgrs001","?","mcgrs001","?","dempr001","murre001","dauer001","decid001","belam101","moraa101","harll101","singk001","","campb101","","SB3","F","F",4,9,4,"F","F",0,"F","F",0,"F","F",0,"F","F",0,"","F","F","",0,0,"N",0,"N",0,"N",0,0,3,0,"","","","","F","T","F","F","F","F","F","F","F","","mcgrs001","","F","F","F","F","F","","","","",0,0,0,0,0,0,0,0,0,37,"BAL","TEX","BAL",0,"F","F",0,3,0,17,2,"T","F",2,4,"T","T","bondb101","benij001","T","T",0,0,0,6,8,36,0,0,0,"","dempr001","",0,0,0,0,0,0,0,0,0,0,0,0,0,"","F","F","F","F",0,0,0,0,0,0,0,0,0,0,F,F,"1978BAL.EVA.regular.event.csv",3388
"BAL197807180","TEX",5,0,1,0,0,"",0,3,"willb101","?","willb101","?","mcgrs001","?","mcgrs001","?","dempr001","murre001","dauer001","decid001","belam101","moraa101","harll101","singk001","","","campb101","PO3(15)","F","F",4,9,8,"F","F",0,"F","F",1,"F","F",0,"F","F",0,"","F","F","",0,0,"N",0,"N",0,"N",0,0,0,0,"","","","15","F","F","F","F","F","F","F","F","T","","","mcgrs001","F","F","F","F","F","","","","",0,5,0,0,1,0,0,0,0,38,"BAL","TEX","BAL",0,"F","F",0,3,0,17,2,"F","F",4,0,"T","T","bondb101","benij001","T","T",0,0,0,0,0,0,6,8,36,"","","dempr001",0,0,0,0,0,0,0,0,0,0,0,0,0,"","F","F","F","F",0,0,0,0,0,0,0,0,0,0,F,F,"1978BAL.EVA.regular.event.csv",3389
"BAL197807180","TEX",5,0,2,0,0,"",0,3,"willb101","?","willb101","?","mcgrs001","?","mcgrs001","?","dempr001","murre001","dauer001","decid001","belam101","moraa101","harll101","singk001","","","","K","F","F",4,9,3,"T","T",0,"F","F",1,"F","F",0,"F","F",0,"","F","F","",0,0,"N",0,"N",0,"N",0,0,0,0,"2","","","","F","F","F","F","F","F","F","F","F","","","","F","F","F","F","F","","","","",0,2,0,0,0,0,0,0,0,39,"BAL","TEX","BAL",0,"F","T",0,3,0,17,2,"F","F",0,0,"T","T","bondb101","benij001","T","T",0,0,0,0,0,0,0,0,0,"","","",0,0,0,0,0,0,0,0,0,0,0,0,0,"","F","F","F","F",0,0,0,0,0,0,0,0,0,0,F,F,"1978BAL.EVA.regular.event.csv",3390
"BAL197807180","TEX",5,1,0,0,0,"",0,3,"belam101","?","belam101","?","ellid101","?","ellid101","?","sundj001","hargm001","willb101","bevak001","campb101","ziskr101","benij001","bondb101","","","","K/C","T","F",6,9,3,"T","T",0,"F","F",1,"F","F",0,"F","F",0,"","F","F","",0,0,"N",0,"N",0,"N",0,0,0,0,"2","","","","F","F","F","F","F","F","F","F","F","","","","F","F","F","F","F","","","","",0,2,0,0,0,0,0,0,0,40,"BAL","BAL","TEX",1,"T","F",3,0,0,17,0,"T","F",0,0,"T","T","harll101","dempr001","T","T",0,0,0,0,0,0,0,0,0,"","","",0,0,0,0,0,0,0,0,0,0,0,0,0,"","F","F","F","F",0,0,0,0,1,0,0,0,0,0,F,F,"1978BAL.EVA.regular.event.csv",3391
"BAL197807180","TEX",5,1,1,0,0,"",0,3,"harll101","?","harll101","?","ellid101","?","ellid101","?","sundj001","hargm001","willb101","bevak001","campb101","ziskr101","benij001","bondb101","","","","W","F","F",8,1,14,"T","F",0,"F","F",0,"F","F",0,"F","F",0,"","F","F","",0,0,"N",0,"N",0,"N",1,0,0,0,"","","","","F","F","F","F","F","F","F","F","F","","","","F","F","F","F","F","","","","",0,0,0,0,0,0,0,0,0,41,"BAL","BAL","TEX",1,"F","F",3,0,0,18,1,"T","F",0,1,"T","T","dempr001","murre001","T","T",0,0,0,0,0,0,0,0,0,"","","",0,0,0,0,0,0,0,0,0,0,0,0,0,"","F","F","F","F",4,0,0,0,1,0,0,0,0,0,F,F,"1978BAL.EVA.regular.event.csv",3392
"BAL197807180","TEX",5,1,1,0,0,"",0,3,"dempr001","?","dempr001","?","ellid101","?","ellid101","?","sundj001","hargm001","willb101","bevak001","campb101","ziskr101","benij001","bondb101","harll101","","","9","F","F",2,2,2,"T","T",0,"F","F",1,"F","F",0,"F","F",9,"F","F","F","",0,0,"N",0,"N",0,"N",0,1,0,0,"9","","","","F","F","F","F","F","F","F","F","F","ellid101","","","F","F","F","F","F","","","","",0,9,0,0,0,0,0,0,0,42,"BAL","BAL","TEX",1,"F","F",3,0,0,19,2,"T","F",1,1,"T","T","murre001","singk001","T","T",8,1,41,0,0,0,0,0,0,"sundj001","","",0,0,0,0,0,0,0,0,0,0,0,0,0,"bondb101","F","F","F","F",0,4,0,0,1,0,0,0,0,0,F,F,"1978BAL.EVA.regular.event.csv",3393
"BAL197807180","TEX",5,1,2,0,0,"",0,3,"murre001","?","murre001","?","ellid101","?","ellid101","?","sundj001","hargm001","willb101","bevak001","campb101","ziskr101","benij001","bondb101","harll101","","","W.1-2","F","F",3,3,14,"T","F",0,"F","F",0,"F","F",0,"F","F",0,"","F","F","",0,0,"N",0,"N",0,"N",1,2,0,0,"","","","","F","F","F","F","F","F","F","F","F","ellid101","","","F","F","F","F","F","","","","",0,0,0,0,0,0,0,0,0,43,"BAL","BAL","TEX",1,"F","F",3,0,0,20,3,"T","F",1,3,"T","T","singk001","may-l101","T","T",8,1,41,0,0,0,0,0,0,"sundj001","","",0,0,0,0,0,0,0,0,0,0,0,0,0,"","F","F","F","F",0,4,0,0,1,0,0,0,0,0,F,F,"1978BAL.EVA.regular.event.csv",3394
"BAL197807180","TEX",5,1,2,0,0,"",0,3,"singk001","?","singk001","?","ellid101","?","ellid101","?","sundj001","hargm001","willb101","bevak001","campb101","ziskr101","benij001","bondb101","murre001","harll101","","S7.2-H;1-2","F","F",9,4,20,"T","T",1,"F","F",0,"F","F",1,"F","F",7,"","F","F","",0,0,"N",0,"N",0,"N",1,2,4,0,"","","","","F","F","F","F","F","F","F","F","F","ellid101","ellid101","","F","F","F","F","F","","","","",0,0,0,0,0,0,0,0,0,44,"BAL","BAL","TEX",1,"F","F",3,0,0,21,4,"T","F",3,3,"T","T","may-l101","decid001","T","T",3,3,43,8,1,41,0,0,0,"sundj001","sundj001","",0,0,0,0,0,0,0,0,0,0,0,0,1,"ziskr101","F","F","F","F",0,0,4,0,0,0,0,0,0,0,F,F,"1978BAL.EVA.regular.event.csv",3395
"BAL197807180","TEX",5,1,2,0,0,"",0,4,"may-l101","?","may-l101","?","ellid101","?","ellid101","?","sundj001","hargm001","willb101","bevak001","campb101","ziskr101","benij001","bondb101","singk001","murre001","","3/P","F","F",10,5,2,"T","T",0,"F","F",1,"F","F",0,"F","F",3,"P","F","F","",0,0,"N",0,"N",0,"N",0,1,2,0,"3","","","","F","F","F","F","F","F","F","F","F","ellid101","ellid101","","F","F","F","F","F","","","","",0,3,0,0,0,0,0,0,0,45,"BAL","BAL","TEX",1,"F","T",4,0,1,22,5,"T","F",3,3,"T","T","decid001","moraa101","T","T",9,4,44,3,3,43,0,0,0,"sundj001","sundj001","",0,0,0,0,0,0,0,0,0,0,0,0,0,"hargm001","F","F","F","F",0,0,0,0,0,0,0,0,0,0,F,F,"1978BAL.EVA.regular.event.csv",3396
"BAL197807180","TEX",6,0,0,0,0,"",0,4,"bondb101","?","bondb101","?","mcgrs001","?","mcgrs001","?","dempr001","murre001","dauer001","decid001","belam101","moraa101","harll101","singk001","","","","8","T","F",9,1,2,"T","T",0,"F","F",1,"F","F",0,"F","F",8,"F","F","F","",0,0,"N",0,"N",0,"N",0,0,0,0,"8","","","","F","F","F","F","F","F","F","F","F","","","","F","F","F","F","F","","","","",0,8,0,0,0,0,0,0,0,46,"BAL","TEX","BAL",0,"T","F",0,4,0,18,0,"T","F",0,0,"T","T","benij001","sundj001","T","T",0,0,0,0,0,0,0,0,0,"","","",0,0,0,0,0,0,0,0,0,0,0,0,0,"harll101","F","F","F","F",0,0,0,0,1,0,0,0,0,0,F,F,"1978BAL.EVA.regular.event.csv",3397
"BAL197807180","TEX",6,0,1,0,0,"",0,4,"benij001","?","benij001","?","mcgrs001","?","mcgrs001","?","dempr001","murre001","dauer001","decid001","belam101","moraa101","harll101","singk001","","","","63","F","F",8,2,2,"T","T",0,"F","F",1,"F","F",0,"F","F",6,"G","F","F","",0,0,"N",0,"N",0,"N",0,0,0,0,"63","","","","F","F","F","F","F","F","F","F","F","","","","F","F","F","F","F","","","","",0,3,0,0,6,0,0,0,0,47,"BAL","TEX","BAL",0,"F","F",0,4,0,19,1,"T","F",0,0,"T","T","sundj001","oliva001","T","T",0,0,0,0,0,0,0,0,0,"","","",0,0,0,0,0,0,0,0,0,0,0,0,0,"belam101","F","F","F","F",0,0,0,0,1,0,0,0,0,0,F,F,"1978BAL.EVA.regular.event.csv",3398
"BAL197807180","TEX",6,0,2,0,0,"",0,4,"sundj001","?","sundj001","?","mcgrs001","?","mcgrs001","?","dempr001","murre001","dauer001","decid001","belam101","moraa101","harll101","singk001","","","","W","F","F",2,3,14,"T","F",0,"F","F",0,"F","F",0,"F","F",0,"","F","F","",0,0,"N",0,"N",0,"N",1,0,0,0,"","","","","F","F","F","F","F","F","F","F","F","","","","F","F","F","F","F","","","","",0,0,0,0,0,0,0,0,0,48,"BAL","TEX","BAL",0,"F","F",0,4,0,20,2,"T","F",0,1,"T","T","oliva001","ziskr101","T","T",0,0,0,0,0,0,0,0,0,"","","",0,0,0,0,0,0,0,0,0,0,0,0,0,"","F","F","F","F",4,0,0,0,1,0,0,0,0,0,F,F,"1978BAL.EVA.regular.event.csv",3399
"BAL197807180","TEX",6,0,2,0,0,"",0,4,"oliva001","?","oliva001","?","mcgrs001","?","mcgrs001","?","dempr001","murre001","dauer001","decid001","belam101","moraa101","harll101","singk001","sundj001","","","D8.1-H","F","F",10,4,21,"T","T",2,"F","F",0,"F","F",1,"F","F",8,"","F","F","",0,0,"N",0,"N",0,"N",2,4,0,0,"","","","","F","F","F","F","F","F","F","F","F","mcgrs001","","","F","F","F","F","F","","","","",0,0,0,0,0,0,0,0,0,49,"BAL","TEX","BAL",0,"F","F",0,4,0,21,3,"T","F",1,2,"T","T","ziskr101","hargm001","T","T",2,3,48,0,0,0,0,0,0,"dempr001","","",0,0,0,0,0,0,0,0,0,0,0,0,1,"harll101","F","F","F","F",2,4,0,0,0,0,0,0,0,0,F,F,"1978BAL.EVA.regular.event.csv",3400
"BAL197807180","TEX",6,0,2,0,0,"",1,4,"ziskr101","?","ziskr101","?","mcgrs001","?","mcgrs001","?","dempr001","murre001","dauer001","decid001","belam101","moraa101","harll101","singk001","","oliva001","","53","F","F",7,5,2,"T","T",0,"F","F",1,"F","F",0,"F","F",5,"G","F","F","",0,0,"N",0,"N",0,"N",0,0,2,0,"53","","","","F","F","F","F","F","F","F","F","F","","mcgrs001","","F","F","F","F","F","","","","",0,3,0,0,5,0,0,0,0,50,"BAL","TEX","BAL",0,"F","T",1,4,1,22,4,"T","F",2,2,"T","T","hargm001","bevak001","T","T",0,0,0,10,4,49,0,0,0,"","dempr001","",0,0,0,0,0,0,0,0,0,0,0,0,0,"decid001","F","F","F","F",0,0,2,0,0,0,0,0,0,0,F,F,"1978BAL.EVA.regular.event.csv",3401
"BAL197807180","TEX",6,1,0,0,0,"",1,4,"decid001","?","decid001","?","ellid101","?","ellid101","?","sundj001","hargm001","willb101","bevak001","campb101","ziskr101","benij001","thomb106","","","","D7","T","F",5,6,21,"T","T",2,"F","F",0,"F","F",0,"F","F",7,"","F","F","",0,0,"N",0,"N",0,"N",2,0,0,0,"","","","","F","F","F","F","F","F","F","F","F","","","","F","F","F","F","F","","","","",0,0,0,0,0,0,0,0,0,51,"BAL","BAL","TEX",1,"T","F",4,1,0,23,0,"T","F",0,2,"T","T","moraa101","dauer001","T","T",0,0,0,0,0,0,0,0,0,"","","",0,0,0,0,0,0,0,0,0,0,0,0,0,"ziskr101","F","F","F","F",4,0,0,0,1,0,0,0,0,0,F,F,"1978BAL.EVA.regular.event.csv",3402
"BAL197807180","TEX",6,1,0,0,0,"",1,4,"moraa101","?","moraa101","?","ellid101","?","ellid101","?","sundj001","hargm001","willb101","bevak001","campb101","ziskr101","benij001","thomb106","","decid001","","8.2-3","F","F",7,7,2,"T","T",0,"F","F",1,"F","F",0,"F","F",8,"F","F","F","",0,0,"N",0,"N",0,"N",0,0,3,0,"8","","","","F","F","F","F","F","F","F","F","F","","ellid101","","F","F","F","F","F","","","","",0,8,0,0,0,0,0,0,0,52,"BAL","BAL","TEX",1,"F","F",4,1,0,24,1,"T","F",2,4,"T","T","dauer001","belam101","T","T",0,0,0,5,6,51,0,0,0,"","sundj001","",0,0,0,0,0,0,0,0,0,0,0,0,0,"benij001","F","F","F","F",0,0,4,0,1,0,0,0,0,0,F,F,"1978BAL.EVA.regular.event.csv",3403
"BAL197807180","TEX",6,1,1,0,0,"",1,4,"dauer001","?","dauer001","?","ellid101","?","ellid101","?","sundj001","hargm001","willb101","bevak001","campb101","ziskr101","benij001","thomb106","","","decid001","S7.3-H","F","F",4,8,20,"T","T",1,"F","F",0,"F","F",1,"F","F",7,"","F","F","",0,0,"N",0,"N",0,"N",1,0,0,4,"","","","","F","F","F","F","F","F","F","F","F","","","ellid101","F","F","F","F","F","","","","",0,0,0,0,0,0,0,0,0,53,"BAL","BAL","TEX",1,"F","F",4,1,0,25,2,"T","F",4,1,"T","T","belam101","harll101","T","T",0,0,0,0,0,0,5,6,51,"","","sundj001",0,0,0,0,0,0,0,0,0,0,0,0,1,"ziskr101","F","F","F","F",0,0,0,4,0,0,0,0,0,0,F,F,"1978BAL.EVA.regular.event.csv",3404
"BAL197807180","TEX",6,1,1,0,0,"",1,5,"belam101","?","belam101","?","ellid101","?","ellid101","?","sundj001","hargm001","willb101","bevak001","campb101","ziskr101","benij001","thomb106","dauer001","","","CS2(24)","F","F",6,9,6,"F","F",0,"F","F",1,"F","F",0,"F","F",0,"","F","F","",0,0,"N",0,"N",0,"N",0,0,0,0,"","24","","","F","F","F","T","F","F","F","F","F","ellid101","","","F","F","F","F","F","","","","",0,4,0,0,2,0,0,0,0,54,"BAL","BAL","TEX",1,"F","F",5,1,1,26,3,"T","F",1,0,"T","T","harll101","dempr001","T","T",4,8,53,0,0,0,0,0,0,"sundj001","","",0,0,0,0,0,0,0,0,0,0,0,0,0,"","F","F","F","F",0,0,0,0,0,0,0,0,0,0,F,F,"1978BAL.EVA.regular.event.csv",3405
"BAL197807180","TEX",6,1,2,0,0,"",1,5,"belam101","?","belam101","?","ellid101","?","ellid101","?","sundj001","hargm001","willb101","bevak001","campb101","ziskr101","benij001","thomb106","","","","W","F","F",6,9,14,"T","F",0,"F","F",0,"F","F",0,"F","F",0,"","F","F","",0,0,"N",0,"N",0,"N",1,0,0,0,"","","","","F","F","F","F","F","F","F","F","F","","","","F","F","F","F","F","","","","",0,0,0,0,0,0,0,0,0,55,"BAL","BAL","TEX",1,"F","F",5,1,1,26,3,"F","F",0,1,"T","T","harll101","dempr001","T","T",0,0,0,0,0,0,0,0,0,"","","",0,0,0,0,0,0,0,0,0,0,0,0,0,"","F","F","F","F",0,0,0,0,0,0,0,0,0,0,F,F,"1978BAL.EVA.regular.event.csv",3406
"BAL197807180","TEX",6,1,2,0,0,"",1,5,"harll101","?","harll101","?","lindp101","?","lindp101","?","sundj001","hargm001","willb101","bevak001","campb101","ziskr101","benij001","thomb106","belam101","","","K","F","F",8,1,3,"T","T",0,"F","F",1,"F","F",0,"F","F",0,"","F","F","",0,0,"N",0,"N",0,"N",0,1,0,0,"2","","","","F","F","F","F","F","F","F","F","F","ellid101","","","F","F","F","F","F","","","","",0,2,0,0,0,0,0,0,0,56,"BAL","BAL","TEX",1,"F","T",5,1,1,27,4,"T","F",1,1,"T","T","dempr001","murre001","F","F",6,9,55,0,0,0,0,0,0,"sundj001","","",0,0,0,0,0,0,0,0,0,0,0,0,0,"","F","F","F","F",0,0,0,0,0,0,0,0,0,0,F,F,"1978BAL.EVA.regular.event.csv",3407
"BAL197807180","TEX",7,0,0,0,0,"",1,5,"hargm001","?","hargm001","?","mcgrs001","?","mcgrs001","?","dempr001","murre001","dauer001","decid001","belam101","moraa101","harll101","singk001","","","","43","T","F",3,6,2,"T","T",0,"F","F",1,"F","F",0,"F","F",4,"G","F","F","",0,0,"N",0,"N",0,"N",0,0,0,0,"43","","","","F","F","F","F","F","F","F","F","F","","","","F","F","F","F","F","","","","",0,3,0,0,4,0,0,0,0,57,"BAL","TEX","BAL",0,"T","F",1,5,0,23,0,"T","F",0,0,"T","T","bevak001","campb101","T","T",0,0,0,0,0,0,0,0,0,"","","",0,0,0,0,0,0,0,0,0,0,0,0,0,"dauer001","F","F","F","F",0,0,0,0,0,0,0,0,0,0,F,F,"1978BAL.EVA.regular.event.csv",3408
"BAL197807180","TEX",7,0,1,0,0,"",1,5,"bevak001","?","bevak001","?","mcgrs001","?","mcgrs001","?","dempr001","murre001","dauer001","decid001","belam101","moraa101","harll101","singk001","","","","4/P","F","F",5,7,2,"T","T",0,"F","F",1,"F","F",0,"F","F",4,"P","F","F","",0,0,"N",0,"N",0,"N",0,0,0,0,"4","","","","F","F","F","F","F","F","F","F","F","","","","F","F","F","F","F","","","","",0,4,0,0,0,0,0,0,0,58,"BAL","TEX","BAL",0,"F","F",1,5,0,24,1,"T","F",0,0,"T","T","campb101","willb101","T","T",0,0,0,0,0,0,0,0,0,"","","",0,0,0,0,0,0,0,0,0,0,0,0,0,"dauer001","F","F","F","F",0,0,0,0,0,0,0,0,0,0,F,F,"1978BAL.EVA.regular.event.csv",3409
"BAL197807180","TEX",7,0,2,0,0,"",1,5,"campb101","?","campb101","?","mcgrs001","?","mcgrs001","?","dempr001","murre001","dauer001","decid001","belam101","moraa101","harll101","singk001","","","","K","F","F",6,8,3,"T","T",0,"F","F",1,"F","F",0,"F","F",0,"","F","F","",0,0,"N",0,"N",0,"N",0,0,0,0,"2","","","","F","F","F","F","F","F","F","F","F","","","","F","F","F","F","F","","","","",0,2,0,0,0,0,0,0,0,59,"BAL","TEX","BAL",0,"F","T",1,5,0,25,2,"T","F",0,0,"T","T","willb101","thomb106","T","T",0,0,0,0,0,0,0,0,0,"","","",0,0,0,0,0,0,0,0,0,0,0,0,0,"","F","F","F","F",0,0,0,0,0,0,0,0,0,0,F,F,"1978BAL.EVA.regular.event.csv",3410
"BAL197807180","TEX",7,1,0,0,0,"",1,5,"dempr001","?","dempr001","?","lindp101","?","lindp101","?","sundj001","hargm001","willb101","bevak001","campb101","ziskr101","benij001","thomb106","","","","9","T","F",2,2,2,"T","T",0,"F","F",1,"F","F",0,"F","F",9,"F","F","F","",0,0,"N",0,"N",0,"N",0,0,0,0,"9","","","","F","F","F","F","F","F","F","F","F","","","","F","F","F","F","F","","","","",0,9,0,0,0,0,0,0,0,60,"BAL","BAL","TEX",1,"T","F",5,1,0,28,0,"T","F",0,0,"T","T","murre001","singk001","F","F",0,0,0,0,0,0,0,0,0,"","","",0,0,0,0,0,0,0,0,0,0,0,0,0,"thomb106","F","F","F","F",0,0,0,0,0,0,0,0,0,0,F,F,"1978BAL.EVA.regular.event.csv",3411
"BAL197807180","TEX",7,1,1,0,0,"",1,5,"murre001","?","murre001","?","lindp101","?","lindp101","?","sundj001","hargm001","willb101","bevak001","campb101","ziskr101","benij001","thomb106","","","","S8","F","F",3,3,20,"T","T",1,"F","F",0,"F","F",0,"F","F",8,"","F","F","",0,0,"N",0,"N",0,"N",1,0,0,0,"","","","","F","F","F","F","F","F","F","F","F","","","","F","F","F","F","F","","","","",0,0,0,0,0,0,0,0,0,61,"BAL","BAL","TEX",1,"F","F",5,1,0,29,1,"T","F",0,1,"T","T","singk001","may-l101","F","F",0,0,0,0,0,0,0,0,0,"","","",0,0,0,0,0,0,0,0,0,0,0,0,0,"benij001","F","F","F","F",2,0,0,0,0,0,0,0,0,0,F,F,"1978BAL.EVA.regular.event.csv",3412
"BAL197807180","TEX",7,1,1,0,0,"",1,5,"singk001","?","singk001","?","lindp101","?","lindp101","?","sundj001","hargm001","willb101","bevak001","campb101","ziskr101","benij001","thomb106","murre001","","","W.1-2","F","F",9,4,14,"T","F",0,"F","F",0,"F","F",0,"F","F",0,"","F","F","",0,0,"N",0,"N",0,"N",1,2,0,0,"","","","","F","F","F","F","F","F","F","F","F","lindp101","","","F","F","F","F","F","","","","",0,0,0,0,0,0,0,0,0,62,"BAL","BAL","TEX",1,"F","F",5,1,0,30,2,"T","F",1,3,"T","T","may-l101","decid001","F","F",3,3,61,0,0,0,0,0,0,"sundj001","","",0,0,0,0,0,0,0,0,0,0,0,0,0,"","F","F","F","F",0,2,0,0,0,0,0,0,0,0,F,F,"1978BAL.EVA.regular.event.csv",3413
"BAL197807180","TEX",7,1,1,0,0,"",1,5,"may-l101","?","may-l101","?","lindp101","?","lindp101","?","sundj001","hargm001","willb101","bevak001","campb101","ziskr101","benij001","thomb106","lopec101","murre001","","64(1)3/GDP","F","F",10,5,2,"T","T",0,"F","F",2,"T","F",0,"F","F",6,"G","F","F","",0,0,"N",0,"N",0,"N",0,0,2,0,"43","64","","","F","F","F","F","F","F","F","F","F","lindp101","lindp101","","F","F","T","F","F","singk001","","","",0,4,3,0,6,4,0,0,0,63,"BAL","BAL","TEX",1,"F","T",5,1,0,31,3,"T","F",3,2,"T","T","decid001","moraa101","F","F",0,4,62,3,3,61,0,0,0,"sundj001","sundj001","",0,0,0,0,0,0,0,0,0,0,0,0,0,"campb101","T","F","F","F",0,0,2,0,0,0,0,0,0,0,F,F,"1978BAL.EVA.regular.event.csv",3414
"BAL197807180","TEX",8,0,0,0,0,"",1,5,"willb101","?","willb101","?","mcgrs001","?","mcgrs001","?","dempr001","murre001","dauer001","decid001","belam101","moraa101","harll101","lopec101","","","","43","T","F",4,9,2,"T","T",0,"F","F",1,"F","F",0,"F","F",4,"G","F","F","",0,0,"N",0,"N",0,"N",0,0,0,0,"43","","","","F","F","F","F","F","F","F","F","F","","","","F","F","F","F","F","","","","",0,3,0,0,4,0,0,0,0,64,"BAL","TEX","BAL",0,"T","F",1,5,0,26,0,"T","F",0,0,"T","T","thomb106","benij001","T","T",0,0,0,0,0,0,0,0,0,"","","",0,0,0,0,0,0,0,0,0,0,0,0,0,"dauer001","F","F","F","F",0,0,0,0,0,0,0,0,0,0,F,F,"1978BAL.EVA.regular.event.csv",3415
"BAL197807180","TEX",8,0,1,0,0,"",1,5,"thomb106","?","thomb106","?","mcgrs001","?","mcgrs001","?","dempr001","murre001","dauer001","decid001","belam101","moraa101","harll101","lopec101","","","","W","F","F",9,1,14,"T","F",0,"F","F",0,"F","F",0,"F","F",0,"","F","F","",0,0,"N",0,"N",0,"N",1,0,0,0,"","","","","F","F","F","F","F","F","F","F","F","","","","F","F","F","F","F","","","","",0,0,0,0,0,0,0,0,0,65,"BAL","TEX","BAL",0,"F","F",1,5,0,27,1,"T","F",0,1,"F","F","benij001","sundj001","T","T",0,0,0,0,0,0,0,0,0,"","","",0,0,0,0,0,0,0,0,0,0,0,0,0,"","F","F","F","F",0,0,0,0,0,0,0,0,0,0,F,F,"1978BAL.EVA.regular.event.csv",3416
"BAL197807180","TEX",8,0,1,0,0,"",1,5,"benij001","?","benij001","?","mcgrs001","?","mcgrs001","?","dempr001","murre001","dauer001","decid001","belam101","moraa101","harll101","lopec101","thomb106","","","PO1(13)","F","F",8,2,8,"F","F",0,"F","F",1,"F","F",0,"F","F",0,"","F","F","",0,0,"N",0,"N",0,"N",0,0,0,0,"","13","","","F","F","F","F","F","F","T","F","F","mcgrs001","","","F","F","F","F","F","","","","",0,3,0,0,1,0,0,0,0,66,"BAL","TEX","BAL",0,"F","F",1,5,0,28,2,"T","F",1,0,"T","T","sundj001","oliva001","T","T",9,1,65,0,0,0,0,0,0,"dempr001","","",0,0,0,0,0,0,0,0,0,0,0,0,0,"","F","F","F","F",0,0,0,0,0,0,0,0,0,0,F,F,"1978BAL.EVA.regular.event.csv",3417
"BAL197807180","TEX",8,0,2,0,0,"",1,5,"benij001","?","benij001","?","mcgrs001","?","mcgrs001","?","dempr001","murre001","dauer001","decid001","belam101","moraa101","harll101","lopec101","","","","43","F","F",8,2,2,"T","T",0,"F","F",1,"F","F",0,"F","F",4,"G","F","F","",0,0,"N",0,"N",0,"N",0,0,0,0,"43","","","","F","F","F","F","F","F","F","F","F","","","","F","F","F","F","F","","","","",0,3,0,0,4,0,0,0,0,67,"BAL","TEX","BAL",0,"F","T",1,5,0,28,2,"F","F",0,0,"T","T","sundj001","oliva001","T","T",0,0,0,0,0,0,0,0,0,"","","",0,0,0,0,0,0,0,0,0,0,0,0,0,"dauer001","F","F","F","F",0,0,0,0,0,0,0,0,0,0,F,F,"1978BAL.EVA.regular.event.csv",3418
"BAL197807180","TEX",8,1,0,0,0,"",1,5,"decid001","?","decid001","?","lindp101","?","lindp101","?","sundj001","hargm001","willb101","bevak001","campb101","ziskr101","benij001","thomb106","","","","S9","T","F",5,6,20,"T","T",1,"F","F",0,"F","F",0,"F","F",9,"","F","F","",0,0,"N",0,"N",0,"N",1,0,0,0,"","","","","F","F","F","F","F","F","F","F","F","","","","F","F","F","F","F","","","","",0,0,0,0,0,0,0,0,0,68,"BAL","BAL","TEX",1,"T","F",5,1,0,32,0,"T","F",0,1,"T","T","moraa101","dauer001","F","F",0,0,0,0,0,0,0,0,0,"","","",0,0,0,0,0,0,0,0,0,0,0,0,0,"thomb106","F","F","F","F",3,0,0,0,0,0,0,0,0,0,F,F,"1978BAL.EVA.regular.event.csv",3419
"BAL197807180","TEX",8,1,0,0,0,"",1,5,"moraa101","?","moraa101","?","lindp101","?","lindp101","?","sundj001","hargm001","willb101","bevak001","campb101","ziskr101","benij001","thomb106","decid001","","","K","F","F",7,7,3,"T","T",0,"F","F",1,"F","F",0,"F","F",0,"","F","F","",0,0,"N",0,"N",0,"N",0,1,0,0,"2","","","","F","F","F","F","F","F","F","F","F","lindp101","","","F","F","F","F","F","","","","",0,2,0,0,0,0,0,0,0,69,"BAL","BAL","TEX",1,"F","F",5,1,0,33,1,"T","F",1,1,"T","T","dauer001","belam101","F","F",5,6,68,0,0,0,0,0,0,"sundj001","","",0,0,0,0,0,0,0,0,0,0,0,0,0,"","F","F","F","F",0,3,0,0,0,0,0,0,0,0,F,F,"1978BAL.EVA.regular.event.csv",3420
"BAL197807180","TEX",8,1,1,0,0,"",1,5,"dauer001","?","dauer001","?","lindp101","?","lindp101","?","sundj001","hargm001","willb101","bevak001","campb101","ziskr101","benij001","thomb106","decid001","","","S8.1-3","F","F",4,8,20,"T","T",1,"F","F",0,"F","F",0,"F","F",8,"","F","F","",0,0,"N",0,"N",0,"N",1,3,0,0,"","","","","F","F","F","F","F","F","F","F","F","lindp101","","","F","F","F","F","F","","","","",0,0,0,0,0,0,0,0,0,70,"BAL","BAL","TEX",1,"F","F",5,1,0,34,2,"T","F",1,5,"T","T","belam101","harll101","F","F",5,6,68,0,0,0,0,0,0,"sundj001","","",0,0,0,0,0,0,0,0,0,0,0,0,0,"benij001","F","F","F","F",0,3,0,0,0,0,0,0,0,0,F,F,"1978BAL.EVA.regular.event.csv",3421
"BAL197807180","TEX",8,1,1,0,0,"",1,5,"belam101","?","belam101","?","lindp101","?","lindp101","?","sundj001","hargm001","willb101","bevak001","campb101","ziskr101","benij001","thomb106","dauer001","","decid001","4/P","F","F",6,9,2,"T","T",0,"F","F",1,"F","F",0,"F","F",4,"P","F","F","",0,0,"N",0,"N",0,"N",0,1,0,3,"4","","","","F","F","F","F","F","F","F","F","F","lindp101","","lindp101","F","F","F","F","F","","","","",0,4,0,0,0,0,0,0,0,71,"BAL","BAL","TEX",1,"F","F",5,1,0,35,3,"T","F",5,5,"T","T","harll101","dempr001","F","F",4,8,70,0,0,0,5,6,68,"sundj001","","sundj001",0,0,0,0,0,0,0,0,0,0,0,0,0,"willb101","F","F","F","F",0,0,0,3,0,0,0,0,0,0,F,F,"1978BAL.EVA.regular.event.csv",3422
"BAL197807180","TEX",8,1,2,0,0,"",1,5,"harll101","?","harll101","?","lindp101","?","lindp101","?","sundj001","hargm001","willb101","bevak001","campb101","ziskr101","benij001","thomb106","dauer001","","decid001","CS2(2434)","F","F",8,1,6,"F","F",0,"F","F",1,"F","F",0,"F","F",0,"","F","F","",0,0,"N",0,"N",0,"N",0,0,0,3,"","2434","","","F","F","F","T","F","F","F","F","F","lindp101","","lindp101","F","F","F","F","F","","","","",0,4,0,0,2,4,3,0,0,72,"BAL","BAL","TEX",1,"F","T",5,1,0,36,4,"T","T",5,4,"T","T","dempr001","murre001","F","F",4,8,70,0,0,0,5,6,68,"sundj001","","sundj001",0,0,0,0,0,0,0,0,0,0,0,0,0,"","F","F","F","F",0,0,0,3,0,0,0,0,0,0,F,F,"1978BAL.EVA.regular.event.csv",3423
"BAL197807180","TEX",9,0,0,0,0,"",1,5,"sundj001","?","sundj001","?","mcgrs001","?","mcgrs001","?","dempr001","murre001","dauer001","decid001","belam101","andem101","harll101","lopec101","","","","S7","T","F",2,3,20,"T","T",1,"F","F",0,"F","F",0,"F","F",7,"","F","F","",0,0,"N",0,"N",0,"N",1,0,0,0,"","","","","F","F","F","F","F","F","F","F","F","","","","F","F","F","F","F","","","","",0,0,0,0,0,0,0,0,0,73,"BAL","TEX","BAL",0,"T","F",1,5,0,29,0,"T","F",0,1,"T","T","oliva001","ziskr101","T","T",0,0,0,0,0,0,0,0,0,"","","",0,0,0,0,0,0,0,0,0,0,0,0,0,"andem101","F","F","F","F",2,0,0,0,0,0,0,0,0,0,F,F,"1978BAL.EVA.regular.event.csv",3424
"BAL197807180","TEX",9,0,0,0,0,"",1,5,"oliva001","?","oliva001","?","mcgrs001","?","mcgrs001","?","dempr001","murre001","dauer001","decid001","belam101","andem101","harll101","lopec101","sundj001","","","S9.1-2","F","F",10,4,20,"T","T",1,"F","F",0,"F","F",0,"F","F",9,"","F","F","",0,0,"N",0,"N",0,"N",1,2,0,0,"","","","","F","F","F","F","F","F","F","F","F","mcgrs001","","","F","F","F","F","F","","","","",0,0,0,0,0,0,0,0,0,74,"BAL","TEX","BAL",0,"F","F",1,5,0,30,1,"T","F",1,3,"T","T","ziskr101","hargm001","T","T",2,3,73,0,0,0,0,0,0,"dempr001","","",0,0,0,0,0,0,0,0,0,0,0,0,0,"lopec101","F","F","F","F",0,2,0,0,0,0,0,0,0,0,F,F,"1978BAL.EVA.regular.event.csv",3425
"BAL197807180","TEX",9,0,0,0,0,"",1,5,"ziskr101","?","ziskr101","?","mcgrs001","?","mcgrs001","?","dempr001","murre001","dauer001","decid001","belam101","andem101","harll101","lopec101","oliva001","sundj001","","8","F","F",7,5,2,"T","T",0,"F","F",1,"F","F",0,"F","F",8,"F","F","F","",0,0,"N",0,"N",0,"N",0,1,2,0,"8","","","","F","F","F","F","F","F","F","F","F","mcgrs001","mcgrs001","","F","F","F","F","F","","","","",0,8,0,0,0,0,0,0,0,75,"BAL","TEX","BAL",0,"F","F",1,5,0,31,2,"T","F",3,3,"T","T","hargm001","bevak001","T","T",10,4,74,2,3,73,0,0,0,"dempr001","dempr001","",0,0,0,0,0,0,0,0,0,0,0,0,0,"harll101","F","F","F","F",0,0,2,0,0,0,0,0,0,0,F,F,"1978BAL.EVA.regular.event.csv",3426
"BAL197807180","TEX",9,0,1,0,0,"",1,5,"ellij101","?","ellij101","?","mcgrs001","?","mcgrs001","?","dempr001","murre001","dauer001","decid001","belam101","andem101","harll101","lopec101","oliva001","sundj001","","K","F","T",11,6,3,"T","T",0,"F","F",1,"F","F",0,"F","F",0,"","F","F","",0,0,"N",0,"N",0,"N",0,1,2,0,"2","","","","F","F","F","F","F","F","F","F","F","mcgrs001","mcgrs001","","F","F","F","F","F","","","","hargm001",3,2,0,0,0,0,0,0,0,76,"BAL","TEX","BAL",0,"F","F",1,5,0,32,3,"T","F",3,3,"F","F","bevak001","campb101","T","T",10,4,74,2,3,73,0,0,0,"dempr001","dempr001","",0,0,0,0,0,0,0,0,0,0,0,0,0,"","F","F","F","F",0,0,2,0,0,0,0,0,0,0,F,F,"1978BAL.EVA.regular.event.csv",3427
"BAL197807180","TEX",9,0,2,0,0,"",1,5,"bevak001","?","bevak001","?","mcgrs001","?","mcgrs001","?","dempr001","murre001","dauer001","decid001","belam101","andem101","harll101","lopec101","oliva001","sundj001","","64(1)/FO","F","F",5,7,2,"T","T",0,"F","F",1,"F","F",0,"F","F",6,"G","F","F","",0,0,"N",0,"N",0,"N",1,0,2,0,"","64","","","F","F","F","F","F","F","F","F","F","mcgrs001","mcgrs001","","F","T","F","F","F","","","","",0,4,0,0,6,0,0,0,0,77,"BAL","TEX","BAL",0,"F","T",1,5,0,33,4,"T","F",3,3,"T","T","campb101","willb101","T","T",10,4,74,2,3,73,0,0,0,"dempr001","dempr001","",0,0,0,0,0,0,0,0,0,0,0,0,0,"belam101","T","F","F","F",1,0,2,0,0,0,0,0,0,0,F,F,"1978BAL.EVA.regular.event.csv",3428
"BAL197807280","CAL",1,0,0,0,0,"",0,0,"millr001","?","millr001","?","palmj001","?","palmj001","?","dempr001","murre001","dauer001","decid001","garck001","moraa101","harll101","singk001","","","","K","T","F",8,1,3,"T","T",0,"F","F",1,"F","F",0,"F","F",0,"","F","F","",0,0,"N",0,"N",0,"N",0,0,0,0,"2","","","","F","F","F","F","F","F","F","F","F","","","","T","F","F","F","F","","","","",0,2,0,0,0,0,0,0,0,1,"BAL","CAL","BAL",0,"T","F",0,0,0,0,0,"T","F",0,0,"T","T","lansc001","bostl101","T","T",0,0,0,0,0,0,0,0,0,"","","",0,0,0,0,0,0,0,0,0,0,0,0,0,"","F","F","F","F",0,0,0,0,0,0,0,0,0,0,F,F,"1978BAL.EVA.regular.event.csv",3429
"BAL197807280","CAL",1,0,1,0,0,"",0,0,"lansc001","?","lansc001","?","palmj001","?","palmj001","?","dempr001","murre001","dauer001","decid001","garck001","moraa101","harll101","singk001","","","","53","F","F",5,2,2,"T","T",0,"F","F",1,"F","F",0,"F","F",5,"G","F","F","",0,0,"N",0,"N",0,"N",0,0,0,0,"53","","","","F","F","F","F","F","F","F","F","F","","","","F","F","F","F","F","","","","",0,3,0,0,5,0,0,0,0,2,"BAL","CAL","BAL",0,"F","F",0,0,0,1,1,"T","F",0,0,"T","T","bostl101","fairr101","T","T",0,0,0,0,0,0,0,0,0,"","","",0,0,0,0,0,0,0,0,0,0,0,0,0,"decid001","F","F","F","F",0,0,0,0,0,0,0,0,0,0,F,F,"1978BAL.EVA.regular.event.csv",3430
"BAL197807280","CAL",1,0,2,0,0,"",0,0,"bostl101","?","bostl101","?","palmj001","?","palmj001","?","dempr001","murre001","dauer001","decid001","garck001","moraa101","harll101","singk001","","","","S9/G34","F","F",9,3,20,"T","T",1,"F","F",0,"F","F",0,"F","F",9,"G","F","F","34",0,0,"N",0,"N",0,"N",1,0,0,0,"","","","","F","F","F","F","F","F","F","F","F","","","","F","F","F","F","F","","","","",0,0,0,0,0,0,0,0,0,3,"BAL","CAL","BAL",0,"F","F",0,0,0,2,2,"T","F",0,1,"T","T","fairr101","bayld001","T","T",0,0,0,0,0,0,0,0,0,"","","",0,0,0,0,0,0,0,0,0,0,0,0,0,"singk001","F","F","F","F",0,0,0,0,0,0,0,0,0,0,F,F,"1978BAL.EVA.regular.event.csv",3431
"BAL197807280","CAL",1,0,2,0,0,"",0,0,"fairr101","?","fairr101","?","palmj001","?","palmj001","?","dempr001","murre001","dauer001","decid001","garck001","moraa101","harll101","singk001","bostl101","","","13","F","F",3,4,2,"T","T",0,"F","F",1,"F","F",0,"F","F",1,"G","F","F","",0,0,"N",0,"N",0,"N",0,1,0,0,"13","","","","F","F","F","F","F","F","F","F","F","palmj001","","","F","F","F","F","F","","","","",0,3,0,0,1,0,0,0,0,4,"BAL","CAL","BAL",0,"F","T",0,0,0,3,3,"T","F",1,1,"T","T","bayld001","rudij101","T","T",9,3,3,0,0,0,0,0,0,"dempr001","","",0,0,0,0,0,0,0,0,0,0,0,0,0,"palmj001","F","F","F","F",0,0,0,0,0,0,0,0,0,0,F,F,"1978BAL.EVA.regular.event.csv",3432
"BAL197807280","CAL",1,1,0,0,0,"",0,0,"harll101","?","harll101","?","aased001","?","aased001","?","downb001","fairr101","gricb001","lansc001","chald101","rudij101","millr001","bostl101","","","","63","T","F",8,1,2,"T","T",0,"F","F",1,"F","F",0,"F","F",6,"G","F","F","",0,0,"N",0,"N",0,"N",0,0,0,0,"63","","","","F","F","F","F","F","F","F","F","F","","","","F","F","F","F","F","","","","",0,3,0,0,6,0,0,0,0,5,"BAL","BAL","CAL",1,"T","F",0,0,0,0,0,"T","F",0,0,"T","T","dauer001","murre001","T","T",0,0,0,0,0,0,0,0,0,"","","",0,0,0,0,0,0,0,0,0,0,0,0,0,"chald101","F","F","F","F",0,0,0,0,1,0,0,0,0,0,F,F,"1978BAL.EVA.regular.event.csv",3433
"BAL197807280","CAL",1,1,1,0,0,"",0,0,"dauer001","?","dauer001","?","aased001","?","aased001","?","downb001","fairr101","gricb001","lansc001","chald101","rudij101","millr001","bostl101","","","","63","F","F",4,2,2,"T","T",0,"F","F",1,"F","F",0,"F","F",6,"G","F","F","",0,0,"N",0,"N",0,"N",0,0,0,0,"63","","","","F","F","F","F","F","F","F","F","F","","","","F","F","F","F","F","","","","",0,3,0,0,6,0,0,0,0,6,"BAL","BAL","CAL",1,"F","F",0,0,0,1,1,"T","F",0,0,"T","T","murre001","singk001","T","T",0,0,0,0,0,0,0,0,0,"","","",0,0,0,0,0,0,0,0,0,0,0,0,0,"chald101","F","F","F","F",0,0,0,0,1,0,0,0,0,0,F,F,"1978BAL.EVA.regular.event.csv",3434
"BAL197807280","CAL",1,1,2,0,0,"",0,0,"murre001","?","murre001","?","aased001","?","aased001","?","downb001","fairr101","gricb001","lansc001","chald101","rudij101","millr001","bostl101","","","","HR/F9","F","F",3,3,23,"T","T",4,"F","F",0,"F","F",1,"F","F",0,"F","F","F","9",0,0,"N",0,"N",0,"N",4,0,0,0,"","","","","F","F","F","F","F","F","F","F","F","","","","F","F","F","F","F","","","","",0,0,0,0,0,0,0,0,0,7,"BAL","BAL","CAL",1,"F","F",0,0,0,2,2,"T","F",0,0,"T","T","singk001","decid001","T","T",0,0,0,0,0,0,0,0,0,"","","",0,0,0,0,0,0,0,0,0,0,0,0,1,"","F","F","F","F",4,0,0,0,0,0,0,0,0,0,F,F,"1978BAL.EVA.regular.event.csv",3435
"BAL197807280","CAL",1,1,2,0,0,"",0,1,"singk001","?","singk001","?","aased001","?","aased001","?","downb001","fairr101","gricb001","lansc001","chald101","rudij101","millr001","bostl101","","","","13","F","F",9,4,2,"T","T",0,"F","F",1,"F","F",0,"F","F",1,"G","F","F","",0,0,"N",0,"N",0,"N",0,0,0,0,"13","","","","F","F","F","F","F","F","F","F","F","","","","F","F","F","F","F","","","","",0,3,0,0,1,0,0,0,0,8,"BAL","BAL","CAL",1,"F","T",1,0,1,3,3,"T","F",0,0,"T","T","decid001","may-l101","T","T",0,0,0,0,0,0,0,0,0,"","","",0,0,0,0,0,0,0,0,0,0,0,0,0,"aased001","F","F","F","F",0,0,0,0,0,0,0,0,0,0,F,F,"1978BAL.EVA.regular.event.csv",3436
"BAL197807280","CAL",2,0,0,0,0,"",0,1,"bayld001","?","bayld001","?","palmj001","?","palmj001","?","dempr001","murre001","dauer001","decid001","garck001","moraa101","harll101","singk001","","","","7","T","F",10,5,2,"T","T",0,"F","F",1,"F","F",0,"F","F",7,"F","F","F","",0,0,"N",0,"N",0,"N",0,0,0,0,"7","","","","F","F","F","F","F","F","F","F","F","","","","F","F","F","F","F","","","","",0,7,0,0,0,0,0,0,0,9,"BAL","CAL","BAL",0,"T","F",0,1,0,4,0,"T","F",0,0,"T","T","rudij101","downb001","T","T",0,0,0,0,0,0,0,0,0,"","","",0,0,0,0,0,0,0,0,0,0,0,0,0,"moraa101","F","F","F","F",0,0,0,0,0,0,0,0,0,0,F,F,"1978BAL.EVA.regular.event.csv",3437
"BAL197807280","CAL",2,0,1,0,0,"",0,1,"rudij101","?","rudij101","?","palmj001","?","palmj001","?","dempr001","murre001","dauer001","decid001","garck001","moraa101","harll101","singk001","","","","S/L78","F","F",7,6,20,"T","T",1,"F","F",0,"F","F",0,"F","F",0,"L","F","F","78",0,0,"N",0,"N",0,"N",1,0,0,0,"","","","","F","F","F","F","F","F","F","F","F","","","","F","F","F","F","F","","","","",0,0,0,0,0,0,0,0,0,10,"BAL","CAL","BAL",0,"F","F",0,1,0,5,1,"T","F",0,1,"T","T","downb001","chald101","T","T",0,0,0,0,0,0,0,0,0,"","","",0,0,0,0,0,0,0,0,0,0,0,0,0,"","F","F","F","F",0,0,0,0,0,0,0,0,0,0,F,F,"1978BAL.EVA.regular.event.csv",3438
"BAL197807280","CAL",2,0,1,0,0,"",0,1,"downb001","?","downb001","?","palmj001","?","palmj001","?","dempr001","murre001","dauer001","decid001","garck001","moraa101","harll101","singk001","rudij101","","","54(1)3/GDP","F","F",2,7,2,"T","T",0,"F","F",2,"T","F",0,"F","F",5,"G","F","F","",0,0,"N",0,"N",0,"N",0,0,0,0,"43","54","","","F","F","F","F","F","F","F","F","F","palmj001","","","F","F","F","F","F","","","","",0,4,3,0,5,4,0,0,0,11,"BAL","CAL","BAL",0,"F","T",0,1,0,6,2,"T","F",1,0,"T","T","chald101","gricb001","T","T",7,6,10,0,0,0,0,0,0,"dempr001","","",0,0,0,0,0,0,0,0,0,0,0,0,0,"decid001","T","F","F","F",0,0,0,0,0,0,0,0,0,0,F,F,"1978BAL.EVA.regular.event.csv",3439
"BAL197807280","CAL",2,1,0,0,0,"",0,1,"decid001","?","decid001","?","aased001","?","aased001","?","downb001","fairr101","gricb001","lansc001","chald101","rudij101","millr001","bostl101","","","","7","T","F",5,5,2,"T","T",0,"F","F",1,"F","F",0,"F","F",7,"F","F","F","",0,0,"N",0,"N",0,"N",0,0,0,0,"7","","","","F","F","F","F","F","F","F","F","F","","","","F","F","F","F","F","","","","",0,7,0,0,0,0,0,0,0,12,"BAL","BAL","CAL",1,"T","F",1,0,0,4,0,"T","F",0,0,"T","T","may-l101","moraa101","T","T",0,0,0,0,0,0,0,0,0,"","","",0,0,0,0,0,0,0,0,0,0,0,0,0,"rudij101","F","F","F","F",0,0,0,0,0,0,0,0,0,0,F,F,"1978BAL.EVA.regular.event.csv",3440
"BAL197807280","CAL",2,1,1,0,0,"",0,1,"may-l101","?","may-l101","?","aased001","?","aased001","?","downb001","fairr101","gricb001","lansc001","chald101","rudij101","millr001","bostl101","","","","K","F","F",10,6,3,"T","T",0,"F","F",1,"F","F",0,"F","F",0,"","F","F","",0,0,"N",0,"N",0,"N",0,0,0,0,"2","","","","F","F","F","F","F","F","F","F","F","","","","F","F","F","F","F","","","","",0,2,0,0,0,0,0,0,0,13,"BAL","BAL","CAL",1,"F","F",1,0,0,5,1,"T","F",0,0,"T","T","moraa101","dempr001","T","T",0,0,0,0,0,0,0,0,0,"","","",0,0,0,0,0,0,0,0,0,0,0,0,0,"","F","F","F","F",0,0,0,0,0,0,0,0,0,0,F,F,"1978BAL.EVA.regular.event.csv",3441
"BAL197807280","CAL",2,1,2,0,0,"",0,1,"moraa101","?","moraa101","?","aased001","?","aased001","?","downb001","fairr101","gricb001","lansc001","chald101","rudij101","millr001","bostl101","","","","4","F","F",7,7,2,"T","T",0,"F","F",1,"F","F",0,"F","F",4,"F","F","F","",0,0,"N",0,"N",0,"N",0,0,0,0,"4","","","","F","F","F","F","F","F","F","F","F","","","","F","F","F","F","F","","","","",0,4,0,0,0,0,0,0,0,14,"BAL","BAL","CAL",1,"F","T",1,0,0,6,2,"T","F",0,0,"T","T","dempr001","garck001","T","T",0,0,0,0,0,0,0,0,0,"","","",0,0,0,0,0,0,0,0,0,0,0,0,0,"gricb001","F","F","F","F",0,0,0,0,0,0,0,0,0,0,F,F,"1978BAL.EVA.regular.event.csv",3442
"BAL197807280","CAL",3,0,0,0,0,"",0,1,"chald101","?","chald101","?","palmj001","?","palmj001","?","dempr001","murre001","dauer001","decid001","garck001","moraa101","harll101","singk001","","","","63","T","F",6,8,2,"T","T",0,"F","F",1,"F","F",0,"F","F",6,"G","F","F","",0,0,"N",0,"N",0,"N",0,0,0,0,"63","","","","F","F","F","F","F","F","F","F","F","","","","F","F","F","F","F","","","","",0,3,0,0,6,0,0,0,0,15,"BAL","CAL","BAL",0,"T","F",0,1,0,7,0,"T","F",0,0,"T","T","gricb001","millr001","T","T",0,0,0,0,0,0,0,0,0,"","","",0,0,0,0,0,0,0,0,0,0,0,0,0,"garck001","F","F","F","F",0,0,0,0,0,0,0,0,0,0,F,F,"1978BAL.EVA.regular.event.csv",3443
"BAL197807280","CAL",3,0,1,0,0,"",0,1,"gricb001","?","gricb001","?","palmj001","?","palmj001","?","dempr001","murre001","dauer001","decid001","garck001","moraa101","harll101","singk001","","","","4","F","F",4,9,2,"T","T",0,"F","F",1,"F","F",0,"F","F",4,"F","F","F","",0,0,"N",0,"N",0,"N",0,0,0,0,"4","","","","F","F","F","F","F","F","F","F","F","","","","F","F","F","F","F","","","","",0,4,0,0,0,0,0,0,0,16,"BAL","CAL","BAL",0,"F","F",0,1,0,8,1,"T","F",0,0,"T","T","millr001","lansc001","T","T",0,0,0,0,0,0,0,0,0,"","","",0,0,0,0,0,0,0,0,0,0,0,0,0,"dauer001","F","F","F","F",0,0,0,0,0,0,0,0,0,0,F,F,"1978BAL.EVA.regular.event.csv",3444
"BAL197807280","CAL",3,0,2,0,0,"",0,1,"millr001","?","millr001","?","palmj001","?","palmj001","?","dempr001","murre001","dauer001","decid001","garck001","moraa101","harll101","singk001","","","","53","F","F",8,1,2,"T","T",0,"F","F",1,"F","F",0,"F","F",5,"G","F","F","",0,0,"N",0,"N",0,"N",0,0,0,0,"53","","","","F","F","F","F","F","F","F","F","F","","","","F","F","F","F","F","","","","",0,3,0,0,5,0,0,0,0,17,"BAL","CAL","BAL",0,"F","T",0,1,0,9,2,"T","F",0,0,"T","T","lansc001","bostl101","T","T",0,0,0,0,0,0,0,0,0,"","","",0,0,0,0,0,0,0,0,0,0,0,0,0,"decid001","F","F","F","F",0,0,0,0,0,0,0,0,0,0,F,F,"1978BAL.EVA.regular.event.csv",3445
"BAL197807280","CAL",3,1,0,0,0,"",0,1,"dempr001","?","dempr001","?","aased001","?","aased001","?","downb001","fairr101","gricb001","lansc001","chald101","rudij101","millr001","bostl101","","","","63","T","F",2,8,2,"T","T",0,"F","F",1,"F","F",0,"F","F",6,"G","F","F","",0,0,"N",0,"N",0,"N",0,0,0,0,"63","","","","F","F","F","F","F","F","F","F","F","","","","F","F","F","F","F","","","","",0,3,0,0,6,0,0,0,0,18,"BAL","BAL","CAL",1,"T","F",1,0,0,7,0,"T","F",0,0,"T","T","garck001","harll101","T","T",0,0,0,0,0,0,0,0,0,"","","",0,0,0,0,0,0,0,0,0,0,0,0,0,"chald101","F","F","F","F",0,0,0,0,0,0,0,0,0,0,F,F,"1978BAL.EVA.regular.event.csv",3446
"BAL197807280","CAL",3,1,1,0,0,"",0,1,"garck001","?","garck001","?","aased001","?","aased001","?","downb001","fairr101","gricb001","lansc001","chald101","rudij101","millr001","bostl101","","","","K/C","F","F",6,9,3,"T","T",0,"F","F",1,"F","F",0,"F","F",0,"","F","F","",0,0,"N",0,"N",0,"N",0,0,0,0,"2","","","","F","F","F","F","F","F","F","F","F","","","","F","F","F","F","F","","","","",0,2,0,0,0,0,0,0,0,19,"BAL","BAL","CAL",1,"F","F",1,0,0,8,1,"T","F",0,0,"T","T","harll101","dauer001","T","T",0,0,0,0,0,0,0,0,0,"","","",0,0,0,0,0,0,0,0,0,0,0,0,0,"","F","F","F","F",0,0,0,0,0,0,0,0,0,0,F,F,"1978BAL.EVA.regular.event.csv",3447
"BAL197807280","CAL",3,1,2,0,0,"",0,1,"harll101","?","harll101","?","aased001","?","aased001","?","downb001","fairr101","gricb001","lansc001","chald101","rudij101","millr001","bostl101","","","","S3/G3","F","F",8,1,20,"T","T",1,"F","F",0,"F","F",0,"F","F",3,"G","F","F","3",0,0,"N",0,"N",0,"N",1,0,0,0,"","","","","F","F","F","F","F","F","F","F","F","","","","F","F","F","F","F","","","","",0,0,0,0,0,0,0,0,0,20,"BAL","BAL","CAL",1,"F","F",1,0,0,9,2,"T","F",0,1,"T","T","dauer001","murre001","T","T",0,0,0,0,0,0,0,0,0,"","","",0,0,0,0,0,0,0,0,0,0,0,0,0,"fairr101","F","F","F","F",0,0,0,0,0,0,0,0,0,0,F,F,"1978BAL.EVA.regular.event.csv",3448
"BAL197807280","CAL",3,1,2,0,0,"",0,1,"dauer001","?","dauer001","?","aased001","?","aased001","?","downb001","fairr101","gricb001","lansc001","chald101","rudij101","millr001","bostl101","harll101","","","CS2(24)","F","F",4,2,6,"F","F",0,"F","F",1,"F","F",0,"F","F",0,"","F","F","",0,0,"N",0,"N",0,"N",0,0,0,0,"","24","","","F","F","F","T","F","F","F","F","F","aased001","","","F","F","F","F","F","","","","",0,4,0,0,2,0,0,0,0,21,"BAL","BAL","CAL",1,"F","T",1,0,0,10,3,"T","T",1,0,"T","T","murre001","singk001","T","T",8,1,20,0,0,0,0,0,0,"downb001","","",0,0,0,0,0,0,0,0,0,0,0,0,0,"","F","F","F","F",0,0,0,0,0,0,0,0,0,0,F,F,"1978BAL.EVA.regular.event.csv",3449
"BAL197807280","CAL",4,0,0,0,0,"",0,1,"lansc001","?","lansc001","?","palmj001","?","palmj001","?","dempr001","murre001","dauer001","decid001","garck001","moraa101","harll101","singk001","","","","41","T","F",5,2,2,"T","T",0,"F","F",1,"F","F",0,"F","F",4,"G","F","F","",0,0,"N",0,"N",0,"N",0,0,0,0,"41","","","","F","F","F","F","F","F","F","F","F","","","","F","F","F","F","F","","","","",0,1,0,0,4,0,0,0,0,22,"BAL","CAL","BAL",0,"T","F",0,1,0,10,0,"T","F",0,0,"T","T","bostl101","fairr101","T","T",0,0,0,0,0,0,0,0,0,"","","",0,0,0,0,0,0,0,0,0,0,0,0,0,"dauer001","F","F","F","F",0,0,0,0,4,0,0,0,0,0,F,F,"1978BAL.EVA.regular.event.csv",3450
"BAL197807280","CAL",4,0,1,0,0,"",0,1,"bostl101","?","bostl101","?","palmj001","?","palmj001","?","dempr001","murre001","dauer001","decid001","garck001","moraa101","harll101","singk001","","","","W","F","F",9,3,14,"T","F",0,"F","F",0,"F","F",0,"F","F",0,"","F","F","",0,0,"N",0,"N",0,"N",1,0,0,0,"","","","","F","F","F","F","F","F","F","F","F","","","","F","F","F","F","F","","","","",0,0,0,0,0,0,0,0,0,23,"BAL","CAL","BAL",0,"F","F",0,1,0,11,1,"T","F",0,1,"T","T","fairr101","bayld001","T","T",0,0,0,0,0,0,0,0,0,"","","",0,0,0,0,0,0,0,0,0,0,0,0,0,"","F","F","F","F",4,0,0,0,4,0,0,0,0,0,F,F,"1978BAL.EVA.regular.event.csv",3451
"BAL197807280","CAL",4,0,1,0,0,"",0,1,"fairr101","?","fairr101","?","palmj001","?","palmj001","?","dempr001","murre001","dauer001","decid001","garck001","moraa101","harll101","singk001","bostl101","","","SB2","F","F",3,4,4,"F","F",0,"F","F",0,"F","F",0,"F","F",0,"","F","F","",0,0,"N",0,"N",0,"N",0,2,0,0,"","","","","T","F","F","F","F","F","F","F","F","palmj001","","","F","F","F","F","F","","","","",0,0,0,0,0,0,0,0,0,24,"BAL","CAL","BAL",0,"F","F",0,1,0,12,2,"T","F",1,2,"T","T","bayld001","rudij101","T","T",9,3,23,0,0,0,0,0,0,"dempr001","","",0,0,0,0,0,0,0,0,0,0,0,0,0,"","F","F","F","F",0,4,0,0,4,0,0,0,0,0,F,F,"1978BAL.EVA.regular.event.csv",3452
"BAL197807280","CAL",4,0,1,0,0,"",0,1,"fairr101","?","fairr101","?","palmj001","?","palmj001","?","dempr001","murre001","dauer001","decid001","garck001","moraa101","harll101","singk001","","bostl101","","W","F","F",3,4,14,"T","F",0,"F","F",0,"F","F",0,"F","F",0,"","F","F","",0,0,"N",0,"N",0,"N",1,0,2,0,"","","","","F","F","F","F","F","F","F","F","F","","palmj001","","F","F","F","F","F","","","","",0,0,0,0,0,0,0,0,0,25,"BAL","CAL","BAL",0,"F","F",0,1,0,12,2,"F","F",2,3,"T","T","bayld001","rudij101","T","T",0,0,0,9,3,23,0,0,0,"","dempr001","",0,0,0,0,0,0,0,0,0,0,0,0,0,"","F","F","F","F",4,0,4,0,4,0,0,0,0,0,F,F,"1978BAL.EVA.regular.event.csv",3453
"BAL197807280","CAL",4,0,1,0,0,"",0,1,"bayld001","?","bayld001","?","palmj001","?","palmj001","?","dempr001","murre001","dauer001","decid001","garck001","moraa101","harll101","singk001","fairr101","bostl101","","S8.2-3;1-2","F","F",10,5,20,"T","T",1,"F","F",0,"F","F",0,"F","F",8,"","F","F","",0,0,"N",0,"N",0,"N",1,2,3,0,"","","","","F","F","F","F","F","F","F","F","F","palmj001","palmj001","","F","F","F","F","F","","","","",0,0,0,0,0,0,0,0,0,26,"BAL","CAL","BAL",0,"F","F",0,1,0,13,3,"T","F",3,7,"T","T","rudij101","downb001","T","T",3,4,25,9,3,23,0,0,0,"dempr001","dempr001","",0,0,0,0,0,0,0,0,0,0,0,0,0,"harll101","F","F","F","F",4,4,4,0,4,0,0,0,0,0,F,F,"1978BAL.EVA.regular.event.csv",3454
"BAL197807280","CAL",4,0,1,0,0,"",0,1,"rudij101","?","rudij101","?","palmj001","?","palmj001","?","dempr001","murre001","dauer001","decid001","garck001","moraa101","harll101","singk001","bayld001","fairr101","bostl101","E6/G.3-H(RBI);2-3;1-2","F","F",7,6,18,"T","T",0,"F","F",0,"F","F",1,"F","F",6,"G","F","F","",1,6,"F",0,"N",0,"N",1,2,3,4,"","","","","F","F","F","F","F","F","F","F","F","palmj001","palmj001","palmj001","F","F","F","F","F","","","","",0,0,0,0,0,0,0,0,0,27,"BAL","CAL","BAL",0,"F","F",0,1,0,14,4,"T","F",7,7,"T","T","downb001","chald101","T","T",10,5,26,3,4,25,9,3,23,"dempr001","dempr001","dempr001",0,0,0,0,0,0,0,0,0,0,0,0,1,"garck001","F","F","F","T",5,4,4,4,3,0,0,0,0,0,F,F,"1978BAL.EVA.regular.event.csv",3455
"BAL197807280","CAL",4,0,1,0,0,"",1,1,"downb001","?","downb001","?","palmj001","?","palmj001","?","dempr001","murre001","dauer001","decid001","garck001","moraa101","harll101","singk001","rudij101","bayld001","fairr101","D/L89.3-H;2-H;1-H(UR)","F","F",2,7,21,"T","T",2,"F","F",0,"F","F",3,"F","F",0,"L","F","F","89",0,0,"N",0,"N",0,"N",2,5,4,4,"","","","","F","F","F","F","F","F","F","F","F","palmj001","palmj001","palmj001","F","F","F","F","F","","","","",0,0,0,0,0,0,0,0,0,28,"BAL","CAL","BAL",0,"F","F",1,1,1,15,5,"T","F",7,2,"T","T","chald101","gricb001","T","T",7,6,27,10,5,26,3,4,25,"dempr001","dempr001","dempr001",0,0,0,0,0,0,0,0,0,0,0,0,3,"","F","F","F","F",0,5,4,4,0,0,0,0,0,0,F,F,"1978BAL.EVA.regular.event.csv",3456
"BAL197807280","CAL",4,0,1,0,0,"",4,1,"chald101","?","chald101","?","palmj001","?","palmj001","?","dempr001","murre001","dauer001","decid001","garck001","moraa101","harll101","singk001","","downb001","","7","F","F",6,8,2,"T","T",0,"F","F",1,"F","F",0,"F","F",7,"F","F","F","",0,0,"N",0,"N",0,"N",0,0,2,0,"7","","","","F","F","F","F","F","F","F","F","F","","palmj001","","F","F","F","F","F","","","","",0,7,0,0,0,0,0,0,0,29,"BAL","CAL","BAL",0,"F","F",4,1,4,16,6,"T","F",2,2,"T","T","gricb001","millr001","T","T",0,0,0,2,7,28,0,0,0,"","dempr001","",0,0,0,0,0,0,0,0,0,0,0,0,0,"moraa101","F","F","F","F",0,0,0,0,0,0,0,0,0,0,F,F,"1978BAL.EVA.regular.event.csv",3457
"BAL197807280","CAL",4,0,2,0,0,"",4,1,"gricb001","?","gricb001","?","palmj001","?","palmj001","?","dempr001","murre001","dauer001","decid001","garck001","moraa101","harll101","singk001","","downb001","","K","F","F",4,9,3,"T","T",0,"F","F",1,"F","F",0,"F","F",0,"","F","F","",0,0,"N",0,"N",0,"N",0,0,2,0,"2","","","","F","F","F","F","F","F","F","F","F","","palmj001","","F","F","F","F","F","","","","",0,2,0,0,0,0,0,0,0,30,"BAL","CAL","BAL",0,"F","T",4,1,4,17,7,"T","F",2,2,"T","T","millr001","lansc001","T","T",0,0,0,2,7,28,0,0,0,"","dempr001","",0,0,0,0,0,0,0,0,0,0,0,0,0,"","F","F","F","F",0,0,0,0,0,0,0,0,0,0,F,F,"1978BAL.EVA.regular.event.csv",3458
"BAL197807280","CAL",4,1,0,0,0,"",4,1,"dauer001","?","dauer001","?","aased001","?","aased001","?","downb001","fairr101","gricb001","lansc001","chald101","rudij101","millr001","bostl101","","","","5","T","F",4,2,2,"T","T",0,"F","F",1,"F","F",0,"F","F",5,"F","F","F","",0,0,"N",0,"N",0,"N",0,0,0,0,"5","","","","F","F","F","F","F","F","F","F","F","","","","F","F","F","F","F","","","","",0,5,0,0,0,0,0,0,0,31,"BAL","BAL","CAL",1,"T","F",1,4,0,10,0,"T","F",0,0,"T","T","murre001","singk001","T","T",0,0,0,0,0,0,0,0,0,"","","",0,0,0,0,0,0,0,0,0,0,0,0,0,"lansc001","F","F","F","F",0,0,0,0,0,0,0,0,0,0,F,F,"1978BAL.EVA.regular.event.csv",3459
"BAL197807280","CAL",4,1,1,0,0,"",4,1,"murre001","?","murre001","?","aased001","?","aased001","?","downb001","fairr101","gricb001","lansc001","chald101","rudij101","millr001","bostl101","","","","8","F","F",3,3,2,"T","T",0,"F","F",1,"F","F",0,"F","F",8,"F","F","F","",0,0,"N",0,"N",0,"N",0,0,0,0,"8","","","","F","F","F","F","F","F","F","F","F","","","","F","F","F","F","F","","","","",0,8,0,0,0,0,0,0,0,32,"BAL","BAL","CAL",1,"F","F",1,4,0,11,1,"T","F",0,0,"T","T","singk001","decid001","T","T",0,0,0,0,0,0,0,0,0,"","","",0,0,0,0,0,0,0,0,0,0,0,0,0,"millr001","F","F","F","F",0,0,0,0,0,0,0,0,0,0,F,F,"1978BAL.EVA.regular.event.csv",3460
"BAL197807280","CAL",4,1,2,0,0,"",4,1,"singk001","?","singk001","?","aased001","?","aased001","?","downb001","fairr101","gricb001","lansc001","chald101","rudij101","millr001","bostl101","","","","S9/G34","F","F",9,4,20,"T","T",1,"F","F",0,"F","F",0,"F","F",9,"G","F","F","34",0,0,"N",0,"N",0,"N",1,0,0,0,"","","","","F","F","F","F","F","F","F","F","F","","","","F","F","F","F","F","","","","",0,0,0,0,0,0,0,0,0,33,"BAL","BAL","CAL",1,"F","F",1,4,0,12,2,"T","F",0,1,"T","T","decid001","may-l101","T","T",0,0,0,0,0,0,0,0,0,"","","",0,0,0,0,0,0,0,0,0,0,0,0,0,"bostl101","F","F","F","F",0,0,0,0,0,0,0,0,0,0,F,F,"1978BAL.EVA.regular.event.csv",3461
"BAL197807280","CAL",4,1,2,0,0,"",4,1,"decid001","?","decid001","?","aased001","?","aased001","?","downb001","fairr101","gricb001","lansc001","chald101","rudij101","millr001","bostl101","singk001","","","7","F","F",5,5,2,"T","T",0,"F","F",1,"F","F",0,"F","F",7,"F","F","F","",0,0,"N",0,"N",0,"N",0,1,0,0,"7","","","","F","F","F","F","F","F","F","F","F","aased001","","","F","F","F","F","F","","","","",0,7,0,0,0,0,0,0,0,34,"BAL","BAL","CAL",1,"F","T",1,4,0,13,3,"T","F",1,1,"T","T","may-l101","moraa101","T","T",9,4,33,0,0,0,0,0,0,"downb001","","",0,0,0,0,0,0,0,0,0,0,0,0,0,"rudij101","F","F","F","F",0,0,0,0,0,0,0,0,0,0,F,F,"1978BAL.EVA.regular.event.csv",3462
"BAL197807280","CAL",5,0,0,0,0,"",4,1,"millr001","?","millr001","?","palmj001","?","palmj001","?","dempr001","murre001","dauer001","decid001","garck001","moraa101","harll101","singk001","","","","43","T","F",8,1,2,"T","T",0,"F","F",1,"F","F",0,"F","F",4,"G","F","F","",0,0,"N",0,"N",0,"N",0,0,0,0,"43","","","","F","F","F","F","F","F","F","F","F","","","","F","F","F","F","F","","","","",0,3,0,0,4,0,0,0,0,35,"BAL","CAL","BAL",0,"T","F",4,1,0,18,0,"T","F",0,0,"T","T","lansc001","bostl101","T","T",0,0,0,0,0,0,0,0,0,"","","",0,0,0,0,0,0,0,0,0,0,0,0,0,"dauer001","F","F","F","F",0,0,0,0,0,0,0,0,0,0,F,F,"1978BAL.EVA.regular.event.csv",3463
"BAL197807280","CAL",5,0,1,0,0,"",4,1,"lansc001","?","lansc001","?","palmj001","?","palmj001","?","dempr001","murre001","dauer001","decid001","garck001","moraa101","harll101","singk001","","","","9","F","F",5,2,2,"T","T",0,"F","F",1,"F","F",0,"F","F",9,"F","F","F","",0,0,"N",0,"N",0,"N",0,0,0,0,"9","","","","F","F","F","F","F","F","F","F","F","","","","F","F","F","F","F","","","","",0,9,0,0,0,0,0,0,0,36,"BAL","CAL","BAL",0,"F","F",4,1,0,19,1,"T","F",0,0,"T","T","bostl101","fairr101","T","T",0,0,0,0,0,0,0,0,0,"","","",0,0,0,0,0,0,0,0,0,0,0,0,0,"singk001","F","F","F","F",0,0,0,0,0,0,0,0,0,0,F,F,"1978BAL.EVA.regular.event.csv",3464
"BAL197807280","CAL",5,0,2,0,0,"",4,1,"bostl101","?","bostl101","?","palmj001","?","palmj001","?","dempr001","murre001","dauer001","decid001","garck001","moraa101","harll101","singk001","","","","W","F","F",9,3,14,"T","F",0,"F","F",0,"F","F",0,"F","F",0,"","F","F","",0,0,"N",0,"N",0,"N",1,0,0,0,"","","","","F","F","F","F","F","F","F","F","F","","","","F","F","F","F","F","","","","",0,0,0,0,0,0,0,0,0,37,"BAL","CAL","BAL",0,"F","F",4,1,0,20,2,"T","F",0,1,"T","T","fairr101","bayld001","T","T",0,0,0,0,0,0,0,0,0,"","","",0,0,0,0,0,0,0,0,0,0,0,0,0,"","F","F","F","F",1,0,0,0,0,0,0,0,0,0,F,F,"1978BAL.EVA.regular.event.csv",3465
"BAL197807280","CAL",5,0,2,0,0,"",4,1,"fairr101","?","fairr101","?","palmj001","?","palmj001","?","dempr001","murre001","dauer001","decid001","garck001","moraa101","harll101","singk001","landk001","","","8","F","F",3,4,2,"T","T",0,"F","F",1,"F","F",0,"F","F",8,"F","F","F","",0,0,"N",0,"N",0,"N",0,1,0,0,"8","","","","F","F","F","F","F","F","F","F","F","palmj001","","","F","F","T","F","F","bostl101","","","",0,8,0,0,0,0,0,0,0,38,"BAL","CAL","BAL",0,"F","T",4,1,0,21,3,"T","F",1,1,"T","T","bayld001","rudij101","T","T",0,3,37,0,0,0,0,0,0,"dempr001","","",0,0,0,0,0,0,0,0,0,0,0,0,0,"harll101","F","F","F","F",0,1,0,0,0,0,0,0,0,0,F,F,"1978BAL.EVA.regular.event.csv",3466
"BAL197807280","CAL",5,1,0,0,0,"",4,1,"may-l101","?","may-l101","?","aased001","?","aased001","?","downb001","fairr101","gricb001","lansc001","chald101","rudij101","millr001","landk001","","","","9","T","F",10,6,2,"T","T",0,"F","F",1,"F","F",0,"F","F",9,"F","F","F","",0,0,"N",0,"N",0,"N",0,0,0,0,"9","","","","F","F","F","F","F","F","F","F","F","","","","F","F","F","F","F","","","","",0,9,0,0,0,0,0,0,0,39,"BAL","BAL","CAL",1,"T","F",1,4,0,14,0,"T","F",0,0,"T","T","moraa101","dempr001","T","T",0,0,0,0,0,0,0,0,0,"","","",0,0,0,0,0,0,0,0,0,0,0,0,0,"landk001","F","F","F","F",0,0,0,0,0,0,0,0,0,0,F,F,"1978BAL.EVA.regular.event.csv",3467
"BAL197807280","CAL",5,1,1,0,0,"",4,1,"moraa101","?","moraa101","?","aased001","?","aased001","?","downb001","fairr101","gricb001","lansc001","chald101","rudij101","millr001","landk001","","","","K","F","F",7,7,3,"T","T",0,"F","F",1,"F","F",0,"F","F",0,"","F","F","",0,0,"N",0,"N",0,"N",0,0,0,0,"2","","","","F","F","F","F","F","F","F","F","F","","","","F","F","F","F","F","","","","",0,2,0,0,0,0,0,0,0,40,"BAL","BAL","CAL",1,"F","F",1,4,0,15,1,"T","F",0,0,"T","T","dempr001","garck001","T","T",0,0,0,0,0,0,0,0,0,"","","",0,0,0,0,0,0,0,0,0,0,0,0,0,"","F","F","F","F",0,0,0,0,0,0,0,0,0,0,F,F,"1978BAL.EVA.regular.event.csv",3468
"BAL197807280","CAL",5,1,2,0,0,"",4,1,"dempr001","?","dempr001","?","aased001","?","aased001","?","downb001","fairr101","gricb001","lansc001","chald101","rudij101","millr001","landk001","","","","S/BG","F","F",2,8,20,"T","T",1,"F","F",0,"F","F",0,"F","F",0,"G","T","F","",0,0,"N",0,"N",0,"N",1,0,0,0,"","","","","F","F","F","F","F","F","F","F","F","","","","F","F","F","F","F","","","","",0,0,0,0,0,0,0,0,0,41,"BAL","BAL","CAL",1,"F","F",1,4,0,16,2,"T","F",0,1,"T","T","garck001","harll101","T","T",0,0,0,0,0,0,0,0,0,"","","",0,0,0,0,0,0,0,0,0,0,0,0,0,"","F","F","F","F",0,0,0,0,0,0,0,0,0,0,F,F,"1978BAL.EVA.regular.event.csv",3469
"BAL197807280","CAL",5,1,2,0,0,"",4,1,"garck001","?","garck001","?","aased001","?","aased001","?","downb001","fairr101","gricb001","lansc001","chald101","rudij101","millr001","landk001","dempr001","","","8","F","F",6,9,2,"T","T",0,"F","F",1,"F","F",0,"F","F",8,"F","F","F","",0,0,"N",0,"N",0,"N",0,1,0,0,"8","","","","F","F","F","F","F","F","F","F","F","aased001","","","F","F","F","F","F","","","","",0,8,0,0,0,0,0,0,0,42,"BAL","BAL","CAL",1,"F","T",1,4,0,17,3,"T","F",1,1,"T","T","harll101","dauer001","T","T",2,8,41,0,0,0,0,0,0,"downb001","","",0,0,0,0,0,0,0,0,0,0,0,0,0,"millr001","F","F","F","F",0,0,0,0,0,0,0,0,0,0,F,F,"1978BAL.EVA.regular.event.csv",3470
"BAL197807280","CAL",6,0,0,0,0,"",4,1,"bayld001","?","bayld001","?","palmj001","?","palmj001","?","dempr001","murre001","dauer001","decid001","garck001","moraa101","harll101","singk001","","","","53","T","F",10,5,2,"T","T",0,"F","F",1,"F","F",0,"F","F",5,"G","F","F","",0,0,"N",0,"N",0,"N",0,0,0,0,"53","","","","F","F","F","F","F","F","F","F","F","","","","F","F","F","F","F","","","","",0,3,0,0,5,0,0,0,0,43,"BAL","CAL","BAL",0,"T","F",4,1,0,22,0,"T","F",0,0,"T","T","rudij101","downb001","T","T",0,0,0,0,0,0,0,0,0,"","","",0,0,0,0,0,0,0,0,0,0,0,0,0,"decid001","F","F","F","F",0,0,0,0,0,0,0,0,0,0,F,F,"1978BAL.EVA.regular.event.csv",3471
"BAL197807280","CAL",6,0,1,0,0,"",4,1,"rudij101","?","rudij101","?","palmj001","?","palmj001","?","dempr001","murre001","dauer001","decid001","garck001","moraa101","harll101","singk001","","","","2/P2F","F","F",7,6,2,"T","T",0,"F","F",1,"F","F",0,"F","F",2,"P","F","T","2F",0,0,"N",0,"N",0,"N",0,0,0,0,"2","","","","F","F","F","F","F","F","F","F","F","","","","F","F","F","F","F","","","","",0,2,0,0,0,0,0,0,0,44,"BAL","CAL","BAL",0,"F","F",4,1,0,23,1,"T","F",0,0,"T","T","downb001","chald101","T","T",0,0,0,0,0,0,0,0,0,"","","",0,0,0,0,0,0,0,0,0,0,0,0,0,"dempr001","F","F","F","F",0,0,0,0,0,0,0,0,0,0,F,F,"1978BAL.EVA.regular.event.csv",3472
"BAL197807280","CAL",6,0,2,0,0,"",4,1,"downb001","?","downb001","?","palmj001","?","palmj001","?","dempr001","murre001","dauer001","decid001","garck001","moraa101","harll101","singk001","","","","K","F","F",2,7,3,"T","T",0,"F","F",1,"F","F",0,"F","F",0,"","F","F","",0,0,"N",0,"N",0,"N",0,0,0,0,"2","","","","F","F","F","F","F","F","F","F","F","","","","F","F","F","F","F","","","","",0,2,0,0,0,0,0,0,0,45,"BAL","CAL","BAL",0,"F","T",4,1,0,24,2,"T","F",0,0,"T","T","chald101","gricb001","T","T",0,0,0,0,0,0,0,0,0,"","","",0,0,0,0,0,0,0,0,0,0,0,0,0,"","F","F","F","F",0,0,0,0,0,0,0,0,0,0,F,F,"1978BAL.EVA.regular.event.csv",3473
"BAL197807280","CAL",6,1,0,0,0,"",4,1,"harll101","?","harll101","?","aased001","?","aased001","?","downb001","fairr101","gricb001","lansc001","chald101","rudij101","millr001","landk001","","","","4","T","F",8,1,2,"T","T",0,"F","F",1,"F","F",0,"F","F",4,"F","F","F","",0,0,"N",0,"N",0,"N",0,0,0,0,"4","","","","F","F","F","F","F","F","F","F","F","","","","F","F","F","F","F","","","","",0,4,0,0,0,0,0,0,0,46,"BAL","BAL","CAL",1,"T","F",1,4,0,18,0,"T","F",0,0,"T","T","dauer001","murre001","T","T",0,0,0,0,0,0,0,0,0,"","","",0,0,0,0,0,0,0,0,0,0,0,0,0,"gricb001","F","F","F","F",0,0,0,0,0,0,0,0,0,0,F,F,"1978BAL.EVA.regular.event.csv",3474
"BAL197807280","CAL",6,1,1,0,0,"",4,1,"dauer001","?","dauer001","?","aased001","?","aased001","?","downb001","fairr101","gricb001","lansc001","chald101","rudij101","millr001","landk001","","","","S7","F","F",4,2,20,"T","T",1,"F","F",0,"F","F",0,"F","F",7,"","F","F","",0,0,"N",0,"N",0,"N",1,0,0,0,"","","","","F","F","F","F","F","F","F","F","F","","","","F","F","F","F","F","","","","",0,0,0,0,0,0,0,0,0,47,"BAL","BAL","CAL",1,"F","F",1,4,0,19,1,"T","F",0,1,"T","T","murre001","singk001","T","T",0,0,0,0,0,0,0,0,0,"","","",0,0,0,0,0,0,0,0,0,0,0,0,0,"rudij101","F","F","F","F",0,0,0,0,0,0,0,0,0,0,F,F,"1978BAL.EVA.regular.event.csv",3475
"BAL197807280","CAL",6,1,1,0,0,"",4,1,"murre001","?","murre001","?","aased001","?","aased001","?","downb001","fairr101","gricb001","lansc001","chald101","rudij101","millr001","landk001","dauer001","","","46(1)3/GDP","F","F",3,3,2,"T","T",0,"F","F",2,"T","F",0,"F","F",4,"G","F","F","",0,0,"N",0,"N",0,"N",0,0,0,0,"63","46","","","F","F","F","F","F","F","F","F","F","aased001","","","F","F","F","F","F","","","","",0,6,3,0,4,6,0,0,0,48,"BAL","BAL","CAL",1,"F","T",1,4,0,20,2,"T","F",1,0,"T","T","singk001","decid001","T","T",4,2,47,0,0,0,0,0,0,"downb001","","",0,0,0,0,0,0,0,0,0,0,0,0,0,"gricb001","T","F","F","F",0,0,0,0,0,0,0,0,0,0,F,F,"1978BAL.EVA.regular.event.csv",3476
"BAL197807280","CAL",7,0,0,0,0,"",4,1,"chald101","?","chald101","?","palmj001","?","palmj001","?","dempr001","murre001","dauer001","decid001","garck001","moraa101","harll101","singk001","","","","E9.B-2","T","F",6,8,18,"T","T",0,"F","F",0,"F","F",0,"F","F",9,"F","F","F","",1,9,"F",0,"N",0,"N",2,0,0,0,"","","","","F","F","F","F","F","F","F","F","F","","","","F","F","F","F","F","","","","",0,0,0,0,0,0,0,0,0,49,"BAL","CAL","BAL",0,"T","F",4,1,0,25,0,"T","F",0,2,"T","T","gricb001","millr001","T","T",0,0,0,0,0,0,0,0,0,"","","",0,0,0,0,0,0,0,0,0,0,0,0,0,"singk001","F","F","F","T",0,0,0,0,0,0,0,0,0,0,F,F,"1978BAL.EVA.regular.event.csv",3477
"BAL197807280","CAL",7,0,0,0,0,"",4,1,"gricb001","?","gricb001","?","palmj001","?","palmj001","?","dempr001","murre001","dauer001","decid001","garck001","moraa101","harll101","singk001","","chald101","","PO2(26)","F","F",4,9,8,"F","F",0,"F","F",1,"F","F",0,"F","F",0,"","F","F","",0,0,"N",0,"N",0,"N",0,0,0,0,"","","26","","F","F","F","F","F","F","F","T","F","","palmj001","","F","F","F","F","F","","","","",0,6,0,0,2,0,0,0,0,50,"BAL","CAL","BAL",0,"F","F",4,1,0,26,1,"T","F",2,0,"T","T","millr001","lansc001","T","T",0,0,0,6,8,49,0,0,0,"","dempr001","",0,0,0,0,0,0,0,0,0,0,0,0,0,"","F","F","F","F",0,0,0,0,0,0,0,0,0,0,F,F,"1978BAL.EVA.regular.event.csv",3478
"BAL197807280","CAL",7,0,1,0,0,"",4,1,"gricb001","?","gricb001","?","palmj001","?","palmj001","?","dempr001","murre001","dauer001","decid001","garck001","moraa101","harll101","singk001","","","","K/C","F","F",4,9,3,"T","T",0,"F","F",1,"F","F",0,"F","F",0,"","F","F","",0,0,"N",0,"N",0,"N",0,0,0,0,"2","","","","F","F","F","F","F","F","F","F","F","","","","F","F","F","F","F","","","","",0,2,0,0,0,0,0,0,0,51,"BAL","CAL","BAL",0,"F","F",4,1,0,26,1,"F","F",0,0,"T","T","millr001","lansc001","T","T",0,0,0,0,0,0,0,0,0,"","","",0,0,0,0,0,0,0,0,0,0,0,0,0,"","F","F","F","F",0,0,0,0,0,0,0,0,0,0,F,F,"1978BAL.EVA.regular.event.csv",3479
"BAL197807280","CAL",7,0,2,0,0,"",4,1,"millr001","?","millr001","?","palmj001","?","palmj001","?","dempr001","murre001","dauer001","decid001","garck001","moraa101","harll101","singk001","","","","6","F","F",8,1,2,"T","T",0,"F","F",1,"F","F",0,"F","F",6,"F","F","F","",0,0,"N",0,"N",0,"N",0,0,0,0,"6","","","","F","F","F","F","F","F","F","F","F","","","","F","F","F","F","F","","","","",0,6,0,0,0,0,0,0,0,52,"BAL","CAL","BAL",0,"F","T",4,1,0,27,2,"T","F",0,0,"T","T","lansc001","landk001","T","T",0,0,0,0,0,0,0,0,0,"","","",0,0,0,0,0,0,0,0,0,0,0,0,0,"garck001","F","F","F","F",0,0,0,0,0,0,0,0,0,0,F,F,"1978BAL.EVA.regular.event.csv",3480
"BAL197807280","CAL",7,1,0,0,0,"",4,1,"singk001","?","singk001","?","aased001","?","aased001","?","downb001","fairr101","gricb001","lansc001","chald101","rudij101","millr001","landk001","","","","E4.B-2(E4)","T","F",9,4,18,"T","T",0,"F","F",0,"F","F",0,"F","F",4,"G","F","F","",2,4,"F",4,"F",0,"N",2,0,0,0,"","","","","F","F","F","F","F","F","F","F","F","","","","F","F","F","F","F","","","","",0,0,0,0,0,0,0,0,0,53,"BAL","BAL","CAL",1,"T","F",1,4,0,21,0,"T","F",0,2,"T","T","decid001","may-l101","T","T",0,0,0,0,0,0,0,0,0,"","","",0,0,0,0,0,0,0,0,0,0,0,0,0,"gricb001","F","F","F","T",5,0,0,0,4,0,0,0,0,0,F,F,"1978BAL.EVA.regular.event.csv",3481
"BAL197807280","CAL",7,1,0,0,0,"",4,1,"decid001","?","decid001","?","aased001","?","aased001","?","downb001","fairr101","gricb001","lansc001","chald101","rudij101","millr001","landk001","","singk001","","W","F","F",5,5,14,"T","F",0,"F","F",0,"F","F",0,"F","F",0,"","F","F","",0,0,"N",0,"N",0,"N",1,0,2,0,"","","","","F","F","F","F","F","F","F","F","F","","aased001","","F","F","F","F","F","","","","",0,0,0,0,0,0,0,0,0,54,"BAL","BAL","CAL",1,"F","F",1,4,0,22,1,"T","F",2,3,"T","T","may-l101","moraa101","T","T",0,0,0,9,4,53,0,0,0,"","downb001","",0,0,0,0,0,0,0,0,0,0,0,0,0,"","F","F","F","F",4,0,5,0,4,0,0,0,0,0,F,F,"1978BAL.EVA.regular.event.csv",3482
"BAL197807280","CAL",7,1,0,0,0,"",4,1,"may-l101","?","may-l101","?","aased001","?","aased001","?","downb001","fairr101","gricb001","lansc001","chald101","rudij101","millr001","landk001","decid001","singk001","","S7/G56.2-H(UR);1-2","F","F",10,6,20,"T","T",1,"F","F",0,"F","F",1,"F","F",7,"G","F","F","56",0,0,"N",0,"N",0,"N",1,2,5,0,"","","","","F","F","F","F","F","F","F","F","F","aased001","aased001","","F","F","F","F","F","","","","",0,0,0,0,0,0,0,0,0,55,"BAL","BAL","CAL",1,"F","F",1,4,0,23,2,"T","F",3,3,"T","T","moraa101","dempr001","T","T",5,5,54,9,4,53,0,0,0,"downb001","downb001","",0,0,0,0,0,0,0,0,0,0,0,0,1,"rudij101","F","F","F","F",5,4,5,0,3,0,0,0,0,0,F,F,"1978BAL.EVA.regular.event.csv",3483
"BAL197807280","CAL",7,1,0,0,0,"",4,2,"moraa101","?","moraa101","?","aased001","?","aased001","?","downb001","fairr101","gricb001","lansc001","chald101","rudij101","millr001","landk001","may-l101","decid001","","8","F","F",7,7,2,"T","T",0,"F","F",1,"F","F",0,"F","F",8,"F","F","F","",0,0,"N",0,"N",0,"N",0,1,2,0,"8","","","","F","F","F","F","F","F","F","F","F","aased001","aased001","","F","F","F","F","F","","","","",0,8,0,0,0,0,0,0,0,56,"BAL","BAL","CAL",1,"F","F",2,4,1,24,3,"T","F",3,3,"T","T","dempr001","garck001","T","T",10,6,55,5,5,54,0,0,0,"downb001","downb001","",0,0,0,0,0,0,0,0,0,0,0,0,0,"millr001","F","F","F","F",0,5,4,0,3,0,0,0,0,0,F,F,"1978BAL.EVA.regular.event.csv",3484
"BAL197807280","CAL",7,1,1,0,0,"",4,2,"crowt101","?","crowt101","?","aased001","?","aased001","?","downb001","fairr101","gricb001","lansc001","chald101","rudij101","millr001","landk001","may-l101","decid001","","W.2-3;1-2","F","T",11,8,14,"T","F",0,"F","F",0,"F","F",0,"F","F",0,"","F","F","",0,0,"N",0,"N",0,"N",1,2,3,0,"","","","","F","F","F","F","F","F","F","F","F","aased001","aased001","","F","F","F","F","F","","","","dempr001",2,0,0,0,0,0,0,0,0,57,"BAL","BAL","CAL",1,"F","F",2,4,1,25,4,"T","F",3,7,"F","F","garck001","harll101","T","T",10,6,55,5,5,54,0,0,0,"downb001","downb001","",0,0,0,0,0,0,0,0,0,0,0,0,0,"","F","F","F","F",5,5,4,0,3,0,0,0,0,0,F,F,"1978BAL.EVA.regular.event.csv",3485
"BAL197807280","CAL",7,1,1,0,0,"",4,2,"andem101","?","andem101","?","larod101","?","larod101","?","downb001","fairr101","gricb001","lansc001","chald101","rudij101","millr001","landk001","belam101","may-l101","decid001","W.3-H;2-3;1-2","F","T",11,9,14,"T","F",0,"F","F",0,"F","F",1,"F","F",0,"","F","F","",0,0,"N",0,"N",0,"N",1,2,3,4,"","","","","F","F","F","F","F","F","F","F","F","aased001","aased001","aased001","F","F","T","F","F","crowt101","","","kellp101",11,0,0,0,0,0,0,0,0,58,"BAL","BAL","CAL",1,"F","F",2,4,1,26,5,"T","F",7,7,"F","F","harll101","dauer001","F","F",12,8,57,10,6,55,5,5,54,"downb001","downb001","downb001",0,0,0,0,0,0,0,0,0,0,0,0,1,"","F","F","F","F",3,5,5,4,2,0,0,0,0,0,F,F,"1978BAL.EVA.regular.event.csv",3486
"BAL197807280","CAL",7,1,1,0,0,"",4,3,"lopec101","?","lopec101","?","larod101","?","larod101","?","downb001","fairr101","gricb001","lansc001","chald101","rudij101","millr001","landk001","andem101","belam101","may-l101","K","F","T",11,1,3,"T","T",0,"F","F",1,"F","F",0,"F","F",0,"","F","F","",0,0,"N",0,"N",0,"N",0,1,2,3,"2","","","","F","F","F","F","F","F","F","F","F","larod101","aased001","aased001","F","F","F","F","F","","","","harll101",8,2,0,0,0,0,0,0,0,59,"BAL","BAL","CAL",1,"F","F",3,4,2,27,6,"T","F",7,7,"F","F","dauer001","murre001","F","F",11,9,58,12,8,57,10,6,55,"downb001","downb001","downb001",0,0,0,0,0,0,0,0,0,0,0,0,0,"","F","F","F","F",0,3,5,5,2,0,0,0,0,0,F,F,"1978BAL.EVA.regular.event.csv",3487
"BAL197807280","CAL",7,1,2,0,0,"",4,3,"dauer001","?","dauer001","?","larod101","?","larod101","?","downb001","fairr101","gricb001","lansc001","chald101","rudij101","millr001","landk001","andem101","belam101","may-l101","D4.3-H(UR);2-H(UR);1-3","F","F",4,2,21,"T","T",2,"F","F",0,"F","F",2,"F","F",4,"","F","F","",0,0,"N",0,"N",0,"N",2,3,5,5,"","","","","F","F","F","F","F","F","F","F","F","larod101","aased001","aased001","F","F","F","F","F","","","","",0,0,0,0,0,0,0,0,0,60,"BAL","BAL","CAL",1,"F","F",3,4,2,28,7,"T","F",7,6,"T","T","murre001","singk001","F","F",0,9,58,0,8,57,10,6,55,"downb001","downb001","downb001",0,0,0,0,0,0,0,0,0,0,0,0,2,"gricb001","F","F","F","F",2,3,5,5,0,0,0,0,0,0,F,F,"1978BAL.EVA.regular.event.csv",3488
"BAL197807280","CAL",7,1,2,0,0,"",4,5,"murre001","?","murre001","?","larod101","?","larod101","?","downb001","fairr101","gricb001","lansc001","chald101","rudij101","millr001","landk001","","dauer001","andem101","3","F","F",3,3,2,"T","T",0,"F","F",1,"F","F",0,"F","F",3,"F","F","F","",0,0,"N",0,"N",0,"N",0,0,2,3,"3","","","","F","F","F","F","F","F","F","F","F","","larod101","larod101","F","F","F","F","F","","","","",0,3,0,0,0,0,0,0,0,61,"BAL","BAL","CAL",1,"F","T",5,4,4,29,8,"T","F",6,6,"T","T","singk001","decid001","F","F",0,0,0,4,2,60,0,9,58,"","downb001","downb001",0,0,0,0,0,0,0,0,0,0,0,0,0,"fairr101","F","F","F","F",0,0,2,3,0,0,0,0,0,0,F,F,"1978BAL.EVA.regular.event.csv",3489
"BAL197807280","CAL",8,0,0,0,0,"",4,5,"lansc001","?","lansc001","?","palmj001","?","palmj001","?","skagd101","murre001","dauer001","decid001","belam101","moraa101","lopec101","andem101","","","","7","T","F",5,2,2,"T","T",0,"F","F",1,"F","F",0,"F","F",7,"F","F","F","",0,0,"N",0,"N",0,"N",0,0,0,0,"7","","","","F","F","F","F","F","F","F","F","F","","","","F","F","F","F","F","","","","",0,7,0,0,0,0,0,0,0,62,"BAL","CAL","BAL",0,"T","F",4,5,0,28,0,"T","F",0,0,"T","T","landk001","fairr101","T","T",0,0,0,0,0,0,0,0,0,"","","",0,0,0,0,0,0,0,0,0,0,0,0,0,"moraa101","F","F","F","F",0,0,0,0,0,0,0,0,0,0,F,F,"1978BAL.EVA.regular.event.csv",3490
"BAL197807280","CAL",8,0,1,0,0,"",4,5,"landk001","?","landk001","?","palmj001","?","palmj001","?","skagd101","murre001","dauer001","decid001","belam101","moraa101","lopec101","andem101","","","","53","F","F",9,3,2,"T","T",0,"F","F",1,"F","F",0,"F","F",5,"G","F","F","",0,0,"N",0,"N",0,"N",0,0,0,0,"53","","","","F","F","F","F","F","F","F","F","F","","","","F","F","F","F","F","","","","",0,3,0,0,5,0,0,0,0,63,"BAL","CAL","BAL",0,"F","F",4,5,0,29,1,"T","F",0,0,"F","F","fairr101","bayld001","T","T",0,0,0,0,0,0,0,0,0,"","","",0,0,0,0,0,0,0,0,0,0,0,0,0,"decid001","F","F","F","F",0,0,0,0,0,0,0,0,0,0,F,F,"1978BAL.EVA.regular.event.csv",3491
"BAL197807280","CAL",8,0,2,0,0,"",4,5,"fairr101","?","fairr101","?","palmj001","?","palmj001","?","skagd101","murre001","dauer001","decid001","belam101","moraa101","lopec101","andem101","","","","8","F","F",3,4,2,"T","T",0,"F","F",1,"F","F",0,"F","F",8,"F","F","F","",0,0,"N",0,"N",0,"N",0,0,0,0,"8","","","","F","F","F","F","F","F","F","F","F","","","","F","F","F","F","F","","","","",0,8,0,0,0,0,0,0,0,64,"BAL","CAL","BAL",0,"F","T",4,5,0,30,2,"T","F",0,0,"T","T","bayld001","rudij101","T","T",0,0,0,0,0,0,0,0,0,"","","",0,0,0,0,0,0,0,0,0,0,0,0,0,"lopec101","F","F","F","F",0,0,0,0,0,0,0,0,0,0,F,F,"1978BAL.EVA.regular.event.csv",3492
"BAL197807280","CAL",8,1,0,0,0,"",4,5,"skagd101","?","skagd101","?","larod101","?","larod101","?","downb001","fairr101","gricb001","lansc001","chald101","rudij101","millr001","landk001","","","","K","T","F",2,4,3,"T","T",0,"F","F",1,"F","F",0,"F","F",0,"","F","F","",0,0,"N",0,"N",0,"N",0,0,0,0,"2","","","","F","F","F","F","F","F","F","F","F","","","","F","F","F","F","F","","","","",0,2,0,0,0,0,0,0,0,65,"BAL","BAL","CAL",1,"T","F",5,4,0,30,0,"T","F",0,0,"F","F","decid001","may-l101","F","F",0,0,0,0,0,0,0,0,0,"","","",0,0,0,0,0,0,0,0,0,0,0,0,0,"","F","F","F","F",0,0,0,0,0,0,0,0,0,0,F,F,"1978BAL.EVA.regular.event.csv",3493
"BAL197807280","CAL",8,1,1,0,0,"",4,5,"decid001","?","decid001","?","larod101","?","larod101","?","downb001","fairr101","gricb001","lansc001","chald101","rudij101","millr001","landk001","","","","7","F","F",5,5,2,"T","T",0,"F","F",1,"F","F",0,"F","F",7,"F","F","F","",0,0,"N",0,"N",0,"N",0,0,0,0,"7","","","","F","F","F","F","F","F","F","F","F","","","","F","F","F","F","F","","","","",0,7,0,0,0,0,0,0,0,66,"BAL","BAL","CAL",1,"F","F",5,4,0,31,1,"T","F",0,0,"T","T","may-l101","moraa101","F","F",0,0,0,0,0,0,0,0,0,"","","",0,0,0,0,0,0,0,0,0,0,0,0,0,"rudij101","F","F","F","F",0,0,0,0,0,0,0,0,0,0,F,F,"1978BAL.EVA.regular.event.csv",3494
"BAL197807280","CAL",8,1,2,0,0,"",4,5,"may-l101","?","may-l101","?","larod101","?","larod101","?","downb001","fairr101","gricb001","lansc001","chald101","rudij101","millr001","landk001","","","","9","F","F",10,6,2,"T","T",0,"F","F",1,"F","F",0,"F","F",9,"F","F","F","",0,0,"N",0,"N",0,"N",0,0,0,0,"9","","","","F","F","F","F","F","F","F","F","F","","","","F","F","F","F","F","","","","",0,9,0,0,0,0,0,0,0,67,"BAL","BAL","CAL",1,"F","T",5,4,0,32,2,"T","F",0,0,"T","T","moraa101","belam101","F","F",0,0,0,0,0,0,0,0,0,"","","",0,0,0,0,0,0,0,0,0,0,0,0,0,"landk001","F","F","F","F",0,0,0,0,0,0,0,0,0,0,F,F,"1978BAL.EVA.regular.event.csv",3495
"BAL197807280","CAL",9,0,0,0,0,"",4,5,"bayld001","?","bayld001","?","palmj001","?","palmj001","?","skagd101","murre001","dauer001","decid001","belam101","moraa101","lopec101","andem101","","","","K","T","F",10,5,3,"T","T",0,"F","F",1,"F","F",0,"F","F",0,"","F","F","",0,0,"N",0,"N",0,"N",0,0,0,0,"2","","","","F","F","F","F","F","F","F","F","F","","","","F","F","F","F","F","","","","",0,2,0,0,0,0,0,0,0,68,"BAL","CAL","BAL",0,"T","F",4,5,0,31,0,"T","F",0,0,"T","T","rudij101","downb001","T","T",0,0,0,0,0,0,0,0,0,"","","",0,0,0,0,0,0,0,0,0,0,0,0,0,"","F","F","F","F",0,0,0,0,0,0,0,0,0,0,F,F,"1978BAL.EVA.regular.event.csv",3496
"BAL197807280","CAL",9,0,1,0,0,"",4,5,"rudij101","?","rudij101","?","palmj001","?","palmj001","?","skagd101","murre001","dauer001","decid001","belam101","moraa101","lopec101","andem101","","","","D7","F","F",7,6,21,"T","T",2,"F","F",0,"F","F",0,"F","F",7,"","F","F","",0,0,"N",0,"N",0,"N",2,0,0,0,"","","","","F","F","F","F","F","F","F","F","F","","","","F","F","F","F","F","","","","",0,0,0,0,0,0,0,0,0,69,"BAL","CAL","BAL",0,"F","F",4,5,0,32,1,"T","F",0,2,"T","T","downb001","chald101","T","T",0,0,0,0,0,0,0,0,0,"","","",0,0,0,0,0,0,0,0,0,0,0,0,0,"moraa101","F","F","F","F",3,0,0,0,0,0,0,0,0,0,F,F,"1978BAL.EVA.regular.event.csv",3497
"BAL197807280","CAL",9,0,1,0,0,"",4,5,"downb001","?","downb001","?","palmj001","?","palmj001","?","skagd101","murre001","dauer001","decid001","belam101","moraa101","lopec101","andem101","","rudij101","","S7.2-3","F","F",2,7,20,"T","T",1,"F","F",0,"F","F",0,"F","F",7,"","F","F","",0,0,"N",0,"N",0,"N",1,0,3,0,"","","","","F","F","F","F","F","F","F","F","F","","palmj001","","F","F","F","F","F","","","","",0,0,0,0,0,0,0,0,0,70,"BAL","CAL","BAL",0,"F","F",4,5,0,33,2,"T","F",2,5,"T","T","chald101","gricb001","T","T",0,0,0,7,6,69,0,0,0,"","skagd101","",0,0,0,0,0,0,0,0,0,0,0,0,0,"moraa101","F","F","F","F",1,0,3,0,0,0,0,0,0,0,F,F,"1978BAL.EVA.regular.event.csv",3498
"BAL197807280","CAL",9,0,1,0,0,"",4,5,"chald101","?","chald101","?","stand101","?","stand101","?","skagd101","murre001","dauer001","decid001","belam101","moraa101","lopec101","andem101","downb001","","rudij101","4","F","F",6,8,2,"T","T",0,"F","F",1,"F","F",0,"F","F",4,"F","F","F","",0,0,"N",0,"N",0,"N",0,1,0,3,"4","","","","F","F","F","F","F","F","F","F","F","palmj001","","palmj001","F","F","F","F","F","","","","",0,4,0,0,0,0,0,0,0,71,"BAL","CAL","BAL",0,"F","F",4,5,0,34,3,"T","F",5,5,"T","T","gricb001","millr001","F","F",2,7,70,0,0,0,7,6,69,"skagd101","","skagd101",0,0,0,0,0,0,0,0,0,0,0,0,0,"dauer001","F","F","F","F",0,1,0,3,0,0,0,0,0,0,F,F,"1978BAL.EVA.regular.event.csv",3499
"BAL197807280","CAL",9,0,2,0,0,"",4,5,"solat101","?","solat101","?","stand101","?","stand101","?","skagd101","murre001","dauer001","decid001","belam101","moraa101","lopec101","andem101","downb001","","rudij101","8","F","T",11,9,2,"T","T",0,"F","F",1,"F","F",0,"F","F",8,"F","F","F","",0,0,"N",0,"N",0,"N",0,1,0,3,"8","","","","F","F","F","F","F","F","F","F","F","palmj001","","palmj001","F","T","F","F","F","","","","gricb001",4,8,0,0,0,0,0,0,0,72,"BAL","CAL","BAL",0,"F","T",4,5,0,35,4,"T","F",5,5,"F","F","millr001","lansc001","F","F",2,7,70,0,0,0,7,6,69,"skagd101","","skagd101",0,0,0,0,0,0,0,0,0,0,0,0,0,"lopec101","F","F","F","F",0,1,0,3,0,0,0,0,0,0,F,F,"1978BAL.EVA.regular.event.csv",3500
"BAL197807290","CAL",1,0,0,0,0,"",0,0,"millr001","?","millr001","?","martd001","?","martd001","?","hende103","murre001","dauer001","decid001","belam101","kellp101","harll101","singk001","","","","3","T","F",8,1,2,"T","T",0,"F","F",1,"F","F",0,"F","F",3,"F","F","F","",0,0,"N",0,"N",0,"N",0,0,0,0,"3","","","","F","F","F","F","F","F","F","F","F","","","","T","F","F","F","F","","","","",0,3,0,0,0,0,0,0,0,1,"BAL","CAL","BAL",0,"T","F",0,0,0,0,0,"T","F",0,0,"T","T","landk001","lansc001","T","T",0,0,0,0,0,0,0,0,0,"","","",0,0,0,0,0,0,0,0,0,0,0,0,0,"murre001","F","F","F","F",0,0,0,0,0,0,0,0,0,0,F,F,"1978BAL.EVA.regular.event.csv",3501
"BAL197807290","CAL",1,0,1,0,0,"",0,0,"landk001","?","landk001","?","martd001","?","martd001","?","hende103","murre001","dauer001","decid001","belam101","kellp101","harll101","singk001","","","","63","F","F",9,2,2,"T","T",0,"F","F",1,"F","F",0,"F","F",6,"G","F","F","",0,0,"N",0,"N",0,"N",0,0,0,0,"63","","","","F","F","F","F","F","F","F","F","F","","","","F","F","F","F","F","","","","",0,3,0,0,6,0,0,0,0,2,"BAL","CAL","BAL",0,"F","F",0,0,0,1,1,"T","F",0,0,"T","T","lansc001","jackr002","T","T",0,0,0,0,0,0,0,0,0,"","","",0,0,0,0,0,0,0,0,0,0,0,0,0,"belam101","F","F","F","F",0,0,0,0,0,0,0,0,0,0,F,F,"1978BAL.EVA.regular.event.csv",3502
"BAL197807290","CAL",1,0,2,0,0,"",0,0,"lansc001","?","lansc001","?","martd001","?","martd001","?","hende103","murre001","dauer001","decid001","belam101","kellp101","harll101","singk001","","","","63","F","F",5,3,2,"T","T",0,"F","F",1,"F","F",0,"F","F",6,"G","F","F","",0,0,"N",0,"N",0,"N",0,0,0,0,"63","","","","F","F","F","F","F","F","F","F","F","","","","F","F","F","F","F","","","","",0,3,0,0,6,0,0,0,0,3,"BAL","CAL","BAL",0,"F","T",0,0,0,2,2,"T","F",0,0,"T","T","jackr002","bayld001","T","T",0,0,0,0,0,0,0,0,0,"","","",0,0,0,0,0,0,0,0,0,0,0,0,0,"belam101","F","F","F","F",0,0,0,0,0,0,0,0,0,0,F,F,"1978BAL.EVA.regular.event.csv",3503
"BAL197807290","CAL",1,1,0,0,0,"",0,0,"harll101","?","harll101","?","hartp001","?","hartp001","?","downb001","jackr002","gricb001","lansc001","andej001","rudij101","millr001","landk001","","","","31","T","F",8,1,2,"T","T",0,"F","F",1,"F","F",0,"F","F",3,"G","F","F","",0,0,"N",0,"N",0,"N",0,0,0,0,"31","","","","F","F","F","F","F","F","F","F","F","","","","F","F","F","F","F","","","","",0,1,0,0,3,0,0,0,0,4,"BAL","BAL","CAL",1,"T","F",0,0,0,0,0,"T","F",0,0,"T","T","dauer001","murre001","T","T",0,0,0,0,0,0,0,0,0,"","","",0,0,0,0,0,0,0,0,0,0,0,0,0,"jackr002","F","F","F","F",0,0,0,0,0,0,0,0,0,0,F,F,"1978BAL.EVA.regular.event.csv",3504
"BAL197807290","CAL",1,1,1,0,0,"",0,0,"dauer001","?","dauer001","?","hartp001","?","hartp001","?","downb001","jackr002","gricb001","lansc001","andej001","rudij101","millr001","landk001","","","","K/C","F","F",4,2,3,"T","T",0,"F","F",1,"F","F",0,"F","F",0,"","F","F","",0,0,"N",0,"N",0,"N",0,0,0,0,"2","","","","F","F","F","F","F","F","F","F","F","","","","F","F","F","F","F","","","","",0,2,0,0,0,0,0,0,0,5,"BAL","BAL","CAL",1,"F","F",0,0,0,1,1,"T","F",0,0,"T","T","murre001","singk001","T","T",0,0,0,0,0,0,0,0,0,"","","",0,0,0,0,0,0,0,0,0,0,0,0,0,"","F","F","F","F",0,0,0,0,0,0,0,0,0,0,F,F,"1978BAL.EVA.regular.event.csv",3505
"BAL197807290","CAL",1,1,2,0,0,"",0,0,"murre001","?","murre001","?","hartp001","?","hartp001","?","downb001","jackr002","gricb001","lansc001","andej001","rudij101","millr001","landk001","","","","D/78","F","F",3,3,21,"T","T",2,"F","F",0,"F","F",0,"F","F",0,"","F","F","78",0,0,"N",0,"N",0,"N",2,0,0,0,"","","","","F","F","F","F","F","F","F","F","F","","","","F","F","F","F","F","","","","",0,0,0,0,0,0,0,0,0,6,"BAL","BAL","CAL",1,"F","F",0,0,0,2,2,"T","F",0,2,"T","T","singk001","kellp101","T","T",0,0,0,0,0,0,0,0,0,"","","",0,0,0,0,0,0,0,0,0,0,0,0,0,"","F","F","F","F",0,0,0,0,0,0,0,0,0,0,F,F,"1978BAL.EVA.regular.event.csv",3506
"BAL197807290","CAL",1,1,2,0,0,"",0,0,"singk001","?","singk001","?","hartp001","?","hartp001","?","downb001","jackr002","gricb001","lansc001","andej001","rudij101","millr001","landk001","","murre001","","31","F","F",9,4,2,"T","T",0,"F","F",1,"F","F",0,"F","F",3,"G","F","F","",0,0,"N",0,"N",0,"N",0,0,2,0,"31","","","","F","F","F","F","F","F","F","F","F","","hartp001","","F","F","F","F","F","","","","",0,1,0,0,3,0,0,0,0,7,"BAL","BAL","CAL",1,"F","T",0,0,0,3,3,"T","F",2,2,"T","T","kellp101","decid001","T","T",0,0,0,3,3,6,0,0,0,"","downb001","",0,0,0,0,0,0,0,0,0,0,0,0,0,"jackr002","F","F","F","F",0,0,0,0,0,0,0,0,0,0,F,F,"1978BAL.EVA.regular.event.csv",3507
"BAL197807290","CAL",2,0,0,0,0,"",0,0,"jackr002","?","jackr002","?","martd001","?","martd001","?","hende103","murre001","dauer001","decid001","belam101","kellp101","harll101","singk001","","","","K","T","F",3,4,3,"T","T",0,"F","F",1,"F","F",0,"F","F",0,"","F","F","",0,0,"N",0,"N",0,"N",0,0,0,0,"2","","","","F","F","F","F","F","F","F","F","F","","","","F","F","F","F","F","","","","",0,2,0,0,0,0,0,0,0,8,"BAL","CAL","BAL",0,"T","F",0,0,0,3,0,"T","F",0,0,"T","T","bayld001","rudij101","T","T",0,0,0,0,0,0,0,0,0,"","","",0,0,0,0,0,0,0,0,0,0,0,0,0,"","F","F","F","F",0,0,0,0,0,0,0,0,0,0,F,F,"1978BAL.EVA.regular.event.csv",3508
"BAL197807290","CAL",2,0,1,0,0,"",0,0,"bayld001","?","bayld001","?","martd001","?","martd001","?","hende103","murre001","dauer001","decid001","belam101","kellp101","harll101","singk001","","","","13","F","F",10,5,2,"T","T",0,"F","F",1,"F","F",0,"F","F",1,"G","F","F","",0,0,"N",0,"N",0,"N",0,0,0,0,"13","","","","F","F","F","F","F","F","F","F","F","","","","F","F","F","F","F","","","","",0,3,0,0,1,0,0,0,0,9,"BAL","CAL","BAL",0,"F","F",0,0,0,4,1,"T","F",0,0,"T","T","rudij101","downb001","T","T",0,0,0,0,0,0,0,0,0,"","","",0,0,0,0,0,0,0,0,0,0,0,0,0,"martd001","F","F","F","F",0,0,0,0,0,0,0,0,0,0,F,F,"1978BAL.EVA.regular.event.csv",3509
"BAL197807290","CAL",2,0,2,0,0,"",0,0,"rudij101","?","rudij101","?","martd001","?","martd001","?","hende103","murre001","dauer001","decid001","belam101","kellp101","harll101","singk001","","","","63","F","F",7,6,2,"T","T",0,"F","F",1,"F","F",0,"F","F",6,"G","F","F","",0,0,"N",0,"N",0,"N",0,0,0,0,"63","","","","F","F","F","F","F","F","F","F","F","","","","F","F","F","F","F","","","","",0,3,0,0,6,0,0,0,0,10,"BAL","CAL","BAL",0,"F","T",0,0,0,5,2,"T","F",0,0,"T","T","downb001","gricb001","T","T",0,0,0,0,0,0,0,0,0,"","","",0,0,0,0,0,0,0,0,0,0,0,0,0,"belam101","F","F","F","F",0,0,0,0,0,0,0,0,0,0,F,F,"1978BAL.EVA.regular.event.csv",3510
"BAL197807290","CAL",2,1,0,0,0,"",0,0,"kellp101","?","kellp101","?","hartp001","?","hartp001","?","downb001","jackr002","gricb001","lansc001","andej001","rudij101","millr001","landk001","","","","43","T","F",7,5,2,"T","T",0,"F","F",1,"F","F",0,"F","F",4,"G","F","F","",0,0,"N",0,"N",0,"N",0,0,0,0,"43","","","","F","F","F","F","F","F","F","F","F","","","","F","F","F","F","F","","","","",0,3,0,0,4,0,0,0,0,11,"BAL","BAL","CAL",1,"T","F",0,0,0,4,0,"T","F",0,0,"T","T","decid001","may-l101","T","T",0,0,0,0,0,0,0,0,0,"","","",0,0,0,0,0,0,0,0,0,0,0,0,0,"gricb001","F","F","F","F",0,0,0,0,0,0,0,0,0,0,F,F,"1978BAL.EVA.regular.event.csv",3511
"BAL197807290","CAL",2,1,1,0,0,"",0,0,"decid001","?","decid001","?","hartp001","?","hartp001","?","downb001","jackr002","gricb001","lansc001","andej001","rudij101","millr001","landk001","","","","8","F","F",5,6,2,"T","T",0,"F","F",1,"F","F",0,"F","F",8,"F","F","F","",0,0,"N",0,"N",0,"N",0,0,0,0,"8","","","","F","F","F","F","F","F","F","F","F","","","","F","F","F","F","F","","","","",0,8,0,0,0,0,0,0,0,12,"BAL","BAL","CAL",1,"F","F",0,0,0,5,1,"T","F",0,0,"T","T","may-l101","hende103","T","T",0,0,0,0,0,0,0,0,0,"","","",0,0,0,0,0,0,0,0,0,0,0,0,0,"millr001","F","F","F","F",0,0,0,0,0,0,0,0,0,0,F,F,"1978BAL.EVA.regular.event.csv",3512
"BAL197807290","CAL",2,1,2,0,0,"",0,0,"may-l101","?","may-l101","?","hartp001","?","hartp001","?","downb001","jackr002","gricb001","lansc001","andej001","rudij101","millr001","landk001","","","","9","F","F",10,7,2,"T","T",0,"F","F",1,"F","F",0,"F","F",9,"F","F","F","",0,0,"N",0,"N",0,"N",0,0,0,0,"9","","","","F","F","F","F","F","F","F","F","F","","","","F","F","F","F","F","","","","",0,9,0,0,0,0,0,0,0,13,"BAL","BAL","CAL",1,"F","T",0,0,0,6,2,"T","F",0,0,"T","T","hende103","belam101","T","T",0,0,0,0,0,0,0,0,0,"","","",0,0,0,0,0,0,0,0,0,0,0,0,0,"landk001","F","F","F","F",0,0,0,0,0,0,0,0,0,0,F,F,"1978BAL.EVA.regular.event.csv",3513
"BAL197807290","CAL",3,0,0,0,0,"",0,0,"downb001","?","downb001","?","martd001","?","martd001","?","hende103","murre001","dauer001","decid001","belam101","kellp101","harll101","singk001","","","","63","T","F",2,7,2,"T","T",0,"F","F",1,"F","F",0,"F","F",6,"G","F","F","",0,0,"N",0,"N",0,"N",0,0,0,0,"63","","","","F","F","F","F","F","F","F","F","F","","","","F","F","F","F","F","","","","",0,3,0,0,6,0,0,0,0,14,"BAL","CAL","BAL",0,"T","F",0,0,0,6,0,"T","F",0,0,"T","T","gricb001","andej001","T","T",0,0,0,0,0,0,0,0,0,"","","",0,0,0,0,0,0,0,0,0,0,0,0,0,"belam101","F","F","F","F",0,0,0,0,0,0,0,0,0,0,F,F,"1978BAL.EVA.regular.event.csv",3514
"BAL197807290","CAL",3,0,1,0,0,"",0,0,"gricb001","?","gricb001","?","martd001","?","martd001","?","hende103","murre001","dauer001","decid001","belam101","kellp101","harll101","singk001","","","","8","F","F",4,8,2,"T","T",0,"F","F",1,"F","F",0,"F","F",8,"F","F","F","",0,0,"N",0,"N",0,"N",0,0,0,0,"8","","","","F","F","F","F","F","F","F","F","F","","","","F","F","F","F","F","","","","",0,8,0,0,0,0,0,0,0,15,"BAL","CAL","BAL",0,"F","F",0,0,0,7,1,"T","F",0,0,"T","T","andej001","millr001","T","T",0,0,0,0,0,0,0,0,0,"","","",0,0,0,0,0,0,0,0,0,0,0,0,0,"harll101","F","F","F","F",0,0,0,0,0,0,0,0,0,0,F,F,"1978BAL.EVA.regular.event.csv",3515
"BAL197807290","CAL",3,0,2,0,0,"",0,0,"andej001","?","andej001","?","martd001","?","martd001","?","hende103","murre001","dauer001","decid001","belam101","kellp101","harll101","singk001","","","","9","F","F",6,9,2,"T","T",0,"F","F",1,"F","F",0,"F","F",9,"F","F","F","",0,0,"N",0,"N",0,"N",0,0,0,0,"9","","","","F","F","F","F","F","F","F","F","F","","","","F","F","F","F","F","","","","",0,9,0,0,0,0,0,0,0,16,"BAL","CAL","BAL",0,"F","T",0,0,0,8,2,"T","F",0,0,"T","T","millr001","landk001","T","T",0,0,0,0,0,0,0,0,0,"","","",0,0,0,0,0,0,0,0,0,0,0,0,0,"singk001","F","F","F","F",0,0,0,0,0,0,0,0,0,0,F,F,"1978BAL.EVA.regular.event.csv",3516
"BAL197807290","CAL",3,1,0,0,0,"",0,0,"hende103","?","hende103","?","hartp001","?","hartp001","?","downb001","jackr002","gricb001","lansc001","andej001","rudij101","millr001","landk001","","","","D7","T","F",2,8,21,"T","T",2,"F","F",0,"F","F",0,"F","F",7,"","F","F","",0,0,"N",0,"N",0,"N",2,0,0,0,"","","","","F","F","F","F","F","F","F","F","F","","","","F","F","F","F","F","","","","",0,0,0,0,0,0,0,0,0,17,"BAL","BAL","CAL",1,"T","F",0,0,0,7,0,"T","F",0,2,"T","T","belam101","harll101","T","T",0,0,0,0,0,0,0,0,0,"","","",0,0,0,0,0,0,0,0,0,0,0,0,0,"rudij101","F","F","F","F",4,0,0,0,1,0,0,0,0,0,F,F,"1978BAL.EVA.regular.event.csv",3517
"BAL197807290","CAL",3,1,0,0,0,"",0,0,"belam101","?","belam101","?","hartp001","?","hartp001","?","downb001","jackr002","gricb001","lansc001","andej001","rudij101","millr001","landk001","","hende103","","K/C","F","F",6,9,3,"T","T",0,"F","F",1,"F","F",0,"F","F",0,"","F","F","",0,0,"N",0,"N",0,"N",0,0,2,0,"2","","","","F","F","F","F","F","F","F","F","F","","hartp001","","F","F","F","F","F","","","","",0,2,0,0,0,0,0,0,0,18,"BAL","BAL","CAL",1,"F","F",0,0,0,8,1,"T","F",2,2,"T","T","harll101","dauer001","T","T",0,0,0,2,8,17,0,0,0,"","downb001","",0,0,0,0,0,0,0,0,0,0,0,0,0,"","F","F","F","F",0,0,4,0,1,0,0,0,0,0,F,F,"1978BAL.EVA.regular.event.csv",3518
"BAL197807290","CAL",3,1,1,0,0,"",0,0,"harll101","?","harll101","?","hartp001","?","hartp001","?","downb001","jackr002","gricb001","lansc001","andej001","rudij101","millr001","landk001","","hende103","","43.2-3","F","F",8,1,2,"T","T",0,"F","F",1,"F","F",0,"F","F",4,"G","F","F","",0,0,"N",0,"N",0,"N",0,0,3,0,"43","","","","F","F","F","F","F","F","F","F","F","","hartp001","","F","F","F","F","F","","","","",0,3,0,0,4,0,0,0,0,19,"BAL","BAL","CAL",1,"F","F",0,0,0,9,2,"T","F",2,4,"T","T","dauer001","murre001","T","T",0,0,0,2,8,17,0,0,0,"","downb001","",0,0,0,0,0,0,0,0,0,0,0,0,0,"gricb001","F","F","F","F",0,0,4,0,1,0,0,0,0,0,F,F,"1978BAL.EVA.regular.event.csv",3519
"BAL197807290","CAL",3,1,2,0,0,"",0,0,"dauer001","?","dauer001","?","hartp001","?","hartp001","?","downb001","jackr002","gricb001","lansc001","andej001","rudij101","millr001","landk001","","","hende103","S8/G46.3-H","F","F",4,2,20,"T","T",1,"F","F",0,"F","F",1,"F","F",8,"G","F","F","46",0,0,"N",0,"N",0,"N",1,0,0,4,"","","","","F","F","F","F","F","F","F","F","F","","","hartp001","F","F","F","F","F","","","","",0,0,0,0,0,0,0,0,0,20,"BAL","BAL","CAL",1,"F","F",0,0,0,10,3,"T","F",4,1,"T","T","murre001","singk001","T","T",0,0,0,0,0,0,2,8,17,"","","downb001",0,0,0,0,0,0,0,0,0,0,0,0,1,"millr001","F","F","F","F",0,0,0,4,0,0,0,0,0,0,F,F,"1978BAL.EVA.regular.event.csv",3520
"BAL197807290","CAL",3,1,2,0,0,"",0,1,"murre001","?","murre001","?","hartp001","?","hartp001","?","downb001","jackr002","gricb001","lansc001","andej001","rudij101","millr001","landk001","dauer001","","","43","F","F",3,3,2,"T","T",0,"F","F",1,"F","F",0,"F","F",4,"G","F","F","",0,0,"N",0,"N",0,"N",0,1,0,0,"43","","","","F","F","F","F","F","F","F","F","F","hartp001","","","F","F","F","F","F","","","","",0,3,0,0,4,0,0,0,0,21,"BAL","BAL","CAL",1,"F","T",1,0,1,11,4,"T","F",1,1,"T","T","singk001","kellp101","T","T",4,2,20,0,0,0,0,0,0,"downb001","","",0,0,0,0,0,0,0,0,0,0,0,0,0,"gricb001","F","F","F","F",0,0,0,0,0,0,0,0,0,0,F,F,"1978BAL.EVA.regular.event.csv",3521
"BAL197807290","CAL",4,0,0,0,0,"",0,1,"millr001","?","millr001","?","martd001","?","martd001","?","hende103","murre001","dauer001","decid001","belam101","kellp101","harll101","singk001","","","","S9","T","F",8,1,20,"T","T",1,"F","F",0,"F","F",0,"F","F",9,"","F","F","",0,0,"N",0,"N",0,"N",1,0,0,0,"","","","","F","F","F","F","F","F","F","F","F","","","","F","F","F","F","F","","","","",0,0,0,0,0,0,0,0,0,22,"BAL","CAL","BAL",0,"T","F",0,1,0,9,0,"T","F",0,1,"T","T","landk001","lansc001","T","T",0,0,0,0,0,0,0,0,0,"","","",0,0,0,0,0,0,0,0,0,0,0,0,0,"singk001","F","F","F","F",0,0,0,0,0,0,0,0,0,0,F,F,"1978BAL.EVA.regular.event.csv",3522
"BAL197807290","CAL",4,0,0,0,0,"",0,1,"landk001","?","landk001","?","martd001","?","martd001","?","hende103","murre001","dauer001","decid001","belam101","kellp101","harll101","singk001","millr001","","","7","F","F",9,2,2,"T","T",0,"F","F",1,"F","F",0,"F","F",7,"F","F","F","",0,0,"N",0,"N",0,"N",0,1,0,0,"7","","","","F","F","F","F","F","F","F","F","F","martd001","","","F","F","F","F","F","","","","",0,7,0,0,0,0,0,0,0,23,"BAL","CAL","BAL",0,"F","F",0,1,0,10,1,"T","F",1,1,"T","T","lansc001","jackr002","T","T",8,1,22,0,0,0,0,0,0,"hende103","","",0,0,0,0,0,0,0,0,0,0,0,0,0,"kellp101","F","F","F","F",0,0,0,0,0,0,0,0,0,0,F,F,"1978BAL.EVA.regular.event.csv",3523
"BAL197807290","CAL",4,0,1,0,0,"",0,1,"lansc001","?","lansc001","?","martd001","?","martd001","?","hende103","murre001","dauer001","decid001","belam101","kellp101","harll101","singk001","millr001","","","4","F","F",5,3,2,"T","T",0,"F","F",1,"F","F",0,"F","F",4,"F","F","F","",0,0,"N",0,"N",0,"N",0,1,0,0,"4","","","","F","F","F","F","F","F","F","F","F","martd001","","","F","F","F","F","F","","","","",0,4,0,0,0,0,0,0,0,24,"BAL","CAL","BAL",0,"F","F",0,1,0,11,2,"T","F",1,1,"T","T","jackr002","bayld001","T","T",8,1,22,0,0,0,0,0,0,"hende103","","",0,0,0,0,0,0,0,0,0,0,0,0,0,"dauer001","F","F","F","F",0,0,0,0,0,0,0,0,0,0,F,F,"1978BAL.EVA.regular.event.csv",3524
"BAL197807290","CAL",4,0,2,0,0,"",0,1,"jackr002","?","jackr002","?","martd001","?","martd001","?","hende103","murre001","dauer001","decid001","belam101","kellp101","harll101","singk001","millr001","","","3","F","F",3,4,2,"T","T",0,"F","F",1,"F","F",0,"F","F",3,"F","F","F","",0,0,"N",0,"N",0,"N",0,1,0,0,"3","","","","F","F","F","F","F","F","F","F","F","martd001","","","F","F","F","F","F","","","","",0,3,0,0,0,0,0,0,0,25,"BAL","CAL","BAL",0,"F","T",0,1,0,12,3,"T","F",1,1,"T","T","bayld001","rudij101","T","T",8,1,22,0,0,0,0,0,0,"hende103","","",0,0,0,0,0,0,0,0,0,0,0,0,0,"murre001","F","F","F","F",0,0,0,0,0,0,0,0,0,0,F,F,"1978BAL.EVA.regular.event.csv",3525
"BAL197807290","CAL",4,1,0,0,0,"",0,1,"singk001","?","singk001","?","hartp001","?","hartp001","?","downb001","jackr002","gricb001","lansc001","andej001","rudij101","millr001","landk001","","","","W","T","F",9,4,14,"T","F",0,"F","F",0,"F","F",0,"F","F",0,"","F","F","",0,0,"N",0,"N",0,"N",1,0,0,0,"","","","","F","F","F","F","F","F","F","F","F","","","","F","F","F","F","F","","","","",0,0,0,0,0,0,0,0,0,26,"BAL","BAL","CAL",1,"T","F",1,0,0,12,0,"T","F",0,1,"T","T","kellp101","decid001","T","T",0,0,0,0,0,0,0,0,0,"","","",0,0,0,0,0,0,0,0,0,0,0,0,0,"","F","F","F","F",0,0,0,0,0,0,0,0,0,0,F,F,"1978BAL.EVA.regular.event.csv",3526
"BAL197807290","CAL",4,1,0,0,0,"",0,1,"kellp101","?","kellp101","?","hartp001","?","hartp001","?","downb001","jackr002","gricb001","lansc001","andej001","rudij101","millr001","landk001","singk001","","","K","F","F",7,5,3,"T","T",0,"F","F",1,"F","F",0,"F","F",0,"","F","F","",0,0,"N",0,"N",0,"N",0,1,0,0,"2","","","","F","F","F","F","F","F","F","F","F","hartp001","","","F","F","F","F","F","","","","",0,2,0,0,0,0,0,0,0,27,"BAL","BAL","CAL",1,"F","F",1,0,0,13,1,"T","F",1,1,"T","T","decid001","may-l101","T","T",9,4,26,0,0,0,0,0,0,"downb001","","",0,0,0,0,0,0,0,0,0,0,0,0,0,"","F","F","F","F",0,0,0,0,0,0,0,0,0,0,F,F,"1978BAL.EVA.regular.event.csv",3527
"BAL197807290","CAL",4,1,1,0,0,"",0,1,"decid001","?","decid001","?","hartp001","?","hartp001","?","downb001","jackr002","gricb001","lansc001","andej001","rudij101","millr001","landk001","singk001","","","54(1)3/GDP","F","F",5,6,2,"T","T",0,"F","F",2,"T","F",0,"F","F",5,"G","F","F","",0,0,"N",0,"N",0,"N",0,0,0,0,"43","54","","","F","F","F","F","F","F","F","F","F","hartp001","","","F","F","F","F","F","","","","",0,4,3,0,5,4,0,0,0,28,"BAL","BAL","CAL",1,"F","T",1,0,0,14,2,"T","F",1,0,"T","T","may-l101","hende103","T","T",9,4,26,0,0,0,0,0,0,"downb001","","",0,0,0,0,0,0,0,0,0,0,0,0,0,"lansc001","T","F","F","F",0,0,0,0,0,0,0,0,0,0,F,F,"1978BAL.EVA.regular.event.csv",3528
"BAL197807290","CAL",5,0,0,0,0,"",0,1,"bayld001","?","bayld001","?","martd001","?","martd001","?","hende103","murre001","dauer001","decid001","belam101","kellp101","harll101","singk001","","","","K","T","F",10,5,3,"T","T",0,"F","F",1,"F","F",0,"F","F",0,"","F","F","",0,0,"N",0,"N",0,"N",0,0,0,0,"2","","","","F","F","F","F","F","F","F","F","F","","","","F","F","F","F","F","","","","",0,2,0,0,0,0,0,0,0,29,"BAL","CAL","BAL",0,"T","F",0,1,0,13,0,"T","F",0,0,"T","T","rudij101","downb001","T","T",0,0,0,0,0,0,0,0,0,"","","",0,0,0,0,0,0,0,0,0,0,0,0,0,"","F","F","F","F",0,0,0,0,0,0,0,0,0,0,F,F,"1978BAL.EVA.regular.event.csv",3529
"BAL197807290","CAL",5,0,1,0,0,"",0,1,"rudij101","?","rudij101","?","martd001","?","martd001","?","hende103","murre001","dauer001","decid001","belam101","kellp101","harll101","singk001","","","","2/P2F","F","F",7,6,2,"T","T",0,"F","F",1,"F","F",0,"F","F",2,"P","F","T","2F",0,0,"N",0,"N",0,"N",0,0,0,0,"2","","","","F","F","F","F","F","F","F","F","F","","","","F","F","F","F","F","","","","",0,2,0,0,0,0,0,0,0,30,"BAL","CAL","BAL",0,"F","F",0,1,0,14,1,"T","F",0,0,"T","T","downb001","gricb001","T","T",0,0,0,0,0,0,0,0,0,"","","",0,0,0,0,0,0,0,0,0,0,0,0,0,"hende103","F","F","F","F",0,0,0,0,0,0,0,0,0,0,F,F,"1978BAL.EVA.regular.event.csv",3530
"BAL197807290","CAL",5,0,2,0,0,"",0,1,"downb001","?","downb001","?","martd001","?","martd001","?","hende103","murre001","dauer001","decid001","belam101","kellp101","harll101","singk001","","","","53","F","F",2,7,2,"T","T",0,"F","F",1,"F","F",0,"F","F",5,"G","F","F","",0,0,"N",0,"N",0,"N",0,0,0,0,"53","","","","F","F","F","F","F","F","F","F","F","","","","F","F","F","F","F","","","","",0,3,0,0,5,0,0,0,0,31,"BAL","CAL","BAL",0,"F","T",0,1,0,15,2,"T","F",0,0,"T","T","gricb001","andej001","T","T",0,0,0,0,0,0,0,0,0,"","","",0,0,0,0,0,0,0,0,0,0,0,0,0,"decid001","F","F","F","F",0,0,0,0,0,0,0,0,0,0,F,F,"1978BAL.EVA.regular.event.csv",3531
"BAL197807290","CAL",5,1,0,0,0,"",0,1,"may-l101","?","may-l101","?","hartp001","?","hartp001","?","downb001","jackr002","gricb001","lansc001","andej001","rudij101","millr001","landk001","","","","K","T","F",10,7,3,"T","T",0,"F","F",1,"F","F",0,"F","F",0,"","F","F","",0,0,"N",0,"N",0,"N",0,0,0,0,"2","","","","F","F","F","F","F","F","F","F","F","","","","F","F","F","F","F","","","","",0,2,0,0,0,0,0,0,0,32,"BAL","BAL","CAL",1,"T","F",1,0,0,15,0,"T","F",0,0,"T","T","hende103","belam101","T","T",0,0,0,0,0,0,0,0,0,"","","",0,0,0,0,0,0,0,0,0,0,0,0,0,"","F","F","F","F",0,0,0,0,0,0,0,0,0,0,F,F,"1978BAL.EVA.regular.event.csv",3532
"BAL197807290","CAL",5,1,1,0,0,"",0,1,"hende103","?","hende103","?","hartp001","?","hartp001","?","downb001","jackr002","gricb001","lansc001","andej001","rudij101","millr001","landk001","","","","5/P5F","F","F",2,8,2,"T","T",0,"F","F",1,"F","F",0,"F","F",5,"P","F","T","5F",0,0,"N",0,"N",0,"N",0,0,0,0,"5","","","","F","F","F","F","F","F","F","F","F","","","","F","F","F","F","F","","","","",0,5,0,0,0,0,0,0,0,33,"BAL","BAL","CAL",1,"F","F",1,0,0,16,1,"T","F",0,0,"T","T","belam101","harll101","T","T",0,0,0,0,0,0,0,0,0,"","","",0,0,0,0,0,0,0,0,0,0,0,0,0,"lansc001","F","F","F","F",0,0,0,0,0,0,0,0,0,0,F,F,"1978BAL.EVA.regular.event.csv",3533
"BAL197807290","CAL",5,1,2,0,0,"",0,1,"belam101","?","belam101","?","hartp001","?","hartp001","?","downb001","jackr002","gricb001","lansc001","andej001","rudij101","millr001","landk001","","","","63","F","F",6,9,2,"T","T",0,"F","F",1,"F","F",0,"F","F",6,"G","F","F","",0,0,"N",0,"N",0,"N",0,0,0,0,"63","","","","F","F","F","F","F","F","F","F","F","","","","F","F","F","F","F","","","","",0,3,0,0,6,0,0,0,0,34,"BAL","BAL","CAL",1,"F","T",1,0,0,17,2,"T","F",0,0,"T","T","harll101","dauer001","T","T",0,0,0,0,0,0,0,0,0,"","","",0,0,0,0,0,0,0,0,0,0,0,0,0,"andej001","F","F","F","F",0,0,0,0,0,0,0,0,0,0,F,F,"1978BAL.EVA.regular.event.csv",3534
"BAL197807290","CAL",6,0,0,0,0,"",0,1,"gricb001","?","gricb001","?","martd001","?","martd001","?","hende103","murre001","dauer001","decid001","belam101","kellp101","harll101","singk001","","","","K/C","T","F",4,8,3,"T","T",0,"F","F",1,"F","F",0,"F","F",0,"","F","F","",0,0,"N",0,"N",0,"N",0,0,0,0,"2","","","","F","F","F","F","F","F","F","F","F","","","","F","F","F","F","F","","","","",0,2,0,0,0,0,0,0,0,35,"BAL","CAL","BAL",0,"T","F",0,1,0,16,0,"T","F",0,0,"T","T","andej001","millr001","T","T",0,0,0,0,0,0,0,0,0,"","","",0,0,0,0,0,0,0,0,0,0,0,0,0,"","F","F","F","F",0,0,0,0,0,0,0,0,0,0,F,F,"1978BAL.EVA.regular.event.csv",3535
"BAL197807290","CAL",6,0,1,0,0,"",0,1,"andej001","?","andej001","?","martd001","?","martd001","?","hende103","murre001","dauer001","decid001","belam101","kellp101","harll101","singk001","","","","4/L4","F","F",6,9,2,"T","T",0,"F","F",1,"F","F",0,"F","F",4,"L","F","F","4",0,0,"N",0,"N",0,"N",0,0,0,0,"4","","","","F","F","F","F","F","F","F","F","F","","","","F","F","F","F","F","","","","",0,4,0,0,0,0,0,0,0,36,"BAL","CAL","BAL",0,"F","F",0,1,0,17,1,"T","F",0,0,"T","T","millr001","landk001","T","T",0,0,0,0,0,0,0,0,0,"","","",0,0,0,0,0,0,0,0,0,0,0,0,0,"dauer001","F","F","F","F",0,0,0,0,0,0,0,0,0,0,F,F,"1978BAL.EVA.regular.event.csv",3536
"BAL197807290","CAL",6,0,2,0,0,"",0,1,"millr001","?","millr001","?","martd001","?","martd001","?","hende103","murre001","dauer001","decid001","belam101","kellp101","harll101","singk001","","","","K/C","F","F",8,1,3,"T","T",0,"F","F",1,"F","F",0,"F","F",0,"","F","F","",0,0,"N",0,"N",0,"N",0,0,0,0,"2","","","","F","F","F","F","F","F","F","F","F","","","","F","F","F","F","F","","","","",0,2,0,0,0,0,0,0,0,37,"BAL","CAL","BAL",0,"F","T",0,1,0,18,2,"T","F",0,0,"T","T","landk001","lansc001","T","T",0,0,0,0,0,0,0,0,0,"","","",0,0,0,0,0,0,0,0,0,0,0,0,0,"","F","F","F","F",0,0,0,0,0,0,0,0,0,0,F,F,"1978BAL.EVA.regular.event.csv",3537
"BAL197807290","CAL",6,1,0,0,0,"",0,1,"harll101","?","harll101","?","hartp001","?","hartp001","?","downb001","jackr002","gricb001","lansc001","andej001","rudij101","millr001","landk001","","","","43","T","F",8,1,2,"T","T",0,"F","F",1,"F","F",0,"F","F",4,"G","F","F","",0,0,"N",0,"N",0,"N",0,0,0,0,"43","","","","F","F","F","F","F","F","F","F","F","","","","F","F","F","F","F","","","","",0,3,0,0,4,0,0,0,0,38,"BAL","BAL","CAL",1,"T","F",1,0,0,18,0,"T","F",0,0,"T","T","dauer001","murre001","T","T",0,0,0,0,0,0,0,0,0,"","","",0,0,0,0,0,0,0,0,0,0,0,0,0,"gricb001","F","F","F","F",0,0,0,0,0,0,0,0,0,0,F,F,"1978BAL.EVA.regular.event.csv",3538
"BAL197807290","CAL",6,1,1,0,0,"",0,1,"dauer001","?","dauer001","?","hartp001","?","hartp001","?","downb001","jackr002","gricb001","lansc001","andej001","rudij101","millr001","landk001","","","","4","F","F",4,2,2,"T","T",0,"F","F",1,"F","F",0,"F","F",4,"F","F","F","",0,0,"N",0,"N",0,"N",0,0,0,0,"4","","","","F","F","F","F","F","F","F","F","F","","","","F","F","F","F","F","","","","",0,4,0,0,0,0,0,0,0,39,"BAL","BAL","CAL",1,"F","F",1,0,0,19,1,"T","F",0,0,"T","T","murre001","singk001","T","T",0,0,0,0,0,0,0,0,0,"","","",0,0,0,0,0,0,0,0,0,0,0,0,0,"gricb001","F","F","F","F",0,0,0,0,0,0,0,0,0,0,F,F,"1978BAL.EVA.regular.event.csv",3539
"BAL197807290","CAL",6,1,2,0,0,"",0,1,"murre001","?","murre001","?","hartp001","?","hartp001","?","downb001","jackr002","gricb001","lansc001","andej001","rudij101","millr001","landk001","","","","3/G","F","F",3,3,2,"T","T",0,"F","F",1,"F","F",0,"F","F",3,"G","F","F","",0,0,"N",0,"N",0,"N",0,0,0,0,"3","","","","F","F","F","F","F","F","F","F","F","","","","F","F","F","F","F","","","","",0,3,0,0,0,0,0,0,0,40,"BAL","BAL","CAL",1,"F","T",1,0,0,20,2,"T","F",0,0,"T","T","singk001","kellp101","T","T",0,0,0,0,0,0,0,0,0,"","","",0,0,0,0,0,0,0,0,0,0,0,0,0,"jackr002","F","F","F","F",0,0,0,0,0,0,0,0,0,0,F,F,"1978BAL.EVA.regular.event.csv",3540
"BAL197807290","CAL",7,0,0,0,0,"",0,1,"landk001","?","landk001","?","martd001","?","martd001","?","hende103","murre001","dauer001","decid001","belam101","kellp101","harll101","singk001","","","","13","T","F",9,2,2,"T","T",0,"F","F",1,"F","F",0,"F","F",1,"G","F","F","",0,0,"N",0,"N",0,"N",0,0,0,0,"13","","","","F","F","F","F","F","F","F","F","F","","","","F","F","F","F","F","","","","",0,3,0,0,1,0,0,0,0,41,"BAL","CAL","BAL",0,"T","F",0,1,0,19,0,"T","F",0,0,"T","T","lansc001","jackr002","T","T",0,0,0,0,0,0,0,0,0,"","","",0,0,0,0,0,0,0,0,0,0,0,0,0,"martd001","F","F","F","F",0,0,0,0,0,0,0,0,0,0,F,F,"1978BAL.EVA.regular.event.csv",3541
"BAL197807290","CAL",7,0,1,0,0,"",0,1,"lansc001","?","lansc001","?","martd001","?","martd001","?","hende103","murre001","dauer001","decid001","belam101","kellp101","harll101","singk001","","","","S8","F","F",5,3,20,"T","T",1,"F","F",0,"F","F",0,"F","F",8,"","F","F","",0,0,"N",0,"N",0,"N",1,0,0,0,"","","","","F","F","F","F","F","F","F","F","F","","","","F","F","F","F","F","","","","",0,0,0,0,0,0,0,0,0,42,"BAL","CAL","BAL",0,"F","F",0,1,0,20,1,"T","F",0,1,"T","T","jackr002","bayld001","T","T",0,0,0,0,0,0,0,0,0,"","","",0,0,0,0,0,0,0,0,0,0,0,0,0,"harll101","F","F","F","F",0,0,0,0,0,0,0,0,0,0,F,F,"1978BAL.EVA.regular.event.csv",3542
"BAL197807290","CAL",7,0,1,0,0,"",0,1,"jackr002","?","jackr002","?","martd001","?","martd001","?","hende103","murre001","dauer001","decid001","belam101","kellp101","harll101","singk001","lansc001","","","8","F","F",3,4,2,"T","T",0,"F","F",1,"F","F",0,"F","F",8,"F","F","F","",0,0,"N",0,"N",0,"N",0,1,0,0,"8","","","","F","F","F","F","F","F","F","F","F","martd001","","","F","F","F","F","F","","","","",0,8,0,0,0,0,0,0,0,43,"BAL","CAL","BAL",0,"F","F",0,1,0,21,2,"T","F",1,1,"T","T","bayld001","rudij101","T","T",5,3,42,0,0,0,0,0,0,"hende103","","",0,0,0,0,0,0,0,0,0,0,0,0,0,"harll101","F","F","F","F",0,0,0,0,0,0,0,0,0,0,F,F,"1978BAL.EVA.regular.event.csv",3543
"BAL197807290","CAL",7,0,2,0,0,"",0,1,"bayld001","?","bayld001","?","martd001","?","martd001","?","hende103","murre001","dauer001","decid001","belam101","kellp101","harll101","singk001","lansc001","","","54(1)/FO","F","F",10,5,2,"T","T",0,"F","F",1,"F","F",0,"F","F",5,"G","F","F","",0,0,"N",0,"N",0,"N",1,0,0,0,"","54","","","F","F","F","F","F","F","F","F","F","martd001","","","F","F","F","F","F","","","","",0,4,0,0,5,0,0,0,0,44,"BAL","CAL","BAL",0,"F","T",0,1,0,22,3,"T","F",1,1,"T","T","rudij101","downb001","T","T",5,3,42,0,0,0,0,0,0,"hende103","","",0,0,0,0,0,0,0,0,0,0,0,0,0,"decid001","T","F","F","F",0,0,0,0,0,0,0,0,0,0,F,F,"1978BAL.EVA.regular.event.csv",3544
"BAL197807290","CAL",7,1,0,0,0,"",0,1,"singk001","?","singk001","?","hartp001","?","hartp001","?","downb001","jackr002","gricb001","lansc001","andej001","rudij101","millr001","landk001","","","","S4","T","F",9,4,20,"T","T",1,"F","F",0,"F","F",0,"F","F",4,"","F","F","",0,0,"N",0,"N",0,"N",1,0,0,0,"","","","","F","F","F","F","F","F","F","F","F","","","","F","F","F","F","F","","","","",0,0,0,0,0,0,0,0,0,45,"BAL","BAL","CAL",1,"T","F",1,0,0,21,0,"T","F",0,1,"T","T","kellp101","decid001","T","T",0,0,0,0,0,0,0,0,0,"","","",0,0,0,0,0,0,0,0,0,0,0,0,0,"gricb001","F","F","F","F",0,0,0,0,0,0,0,0,0,0,F,F,"1978BAL.EVA.regular.event.csv",3545
"BAL197807290","CAL",7,1,0,0,0,"",0,1,"kellp101","?","kellp101","?","hartp001","?","hartp001","?","downb001","jackr002","gricb001","lansc001","andej001","rudij101","millr001","landk001","singk001","","","36(1)/FO","F","F",7,5,2,"T","T",0,"F","F",1,"F","F",0,"F","F",3,"G","F","F","",0,0,"N",0,"N",0,"N",1,0,0,0,"","36","","","F","F","F","F","F","F","F","F","F","hartp001","","","F","F","F","F","F","","","","",0,6,0,0,3,0,0,0,0,46,"BAL","BAL","CAL",1,"F","F",1,0,0,22,1,"T","F",1,1,"T","T","decid001","may-l101","T","T",9,4,45,0,0,0,0,0,0,"downb001","","",0,0,0,0,0,0,0,0,0,0,0,0,0,"jackr002","T","F","F","F",0,0,0,0,0,0,0,0,0,0,F,F,"1978BAL.EVA.regular.event.csv",3546
"BAL197807290","CAL",7,1,1,0,0,"",0,1,"decid001","?","decid001","?","hartp001","?","hartp001","?","downb001","jackr002","gricb001","lansc001","andej001","rudij101","millr001","landk001","kellp101","","","S6.1-2","F","F",5,6,20,"T","T",1,"F","F",0,"F","F",0,"F","F",6,"","F","F","",0,0,"N",0,"N",0,"N",1,2,0,0,"","","","","F","F","F","F","F","F","F","F","F","hartp001","","","F","F","F","F","F","","","","",0,0,0,0,0,0,0,0,0,47,"BAL","BAL","CAL",1,"F","F",1,0,0,23,2,"T","F",1,3,"T","T","may-l101","hende103","T","T",7,5,46,0,0,0,0,0,0,"downb001","","",0,0,0,0,0,0,0,0,0,0,0,0,0,"andej001","F","F","F","F",0,0,0,0,0,0,0,0,0,0,F,F,"1978BAL.EVA.regular.event.csv",3547
"BAL197807290","CAL",7,1,1,0,0,"",0,1,"may-l101","?","may-l101","?","hartp001","?","hartp001","?","downb001","jackr002","gricb001","lansc001","andej001","rudij101","millr001","landk001","decid001","kellp101","","53.2-3;1-2","F","F",10,7,2,"T","T",0,"F","F",1,"F","F",0,"F","F",5,"G","F","F","",0,0,"N",0,"N",0,"N",0,2,3,0,"53","","","","F","F","F","F","F","F","F","F","F","hartp001","hartp001","","F","F","F","F","F","","","","",0,3,0,0,5,0,0,0,0,48,"BAL","BAL","CAL",1,"F","F",1,0,0,24,3,"T","F",3,6,"T","T","hende103","belam101","T","T",5,6,47,7,5,46,0,0,0,"downb001","downb001","",0,0,0,0,0,0,0,0,0,0,0,0,0,"lansc001","F","F","F","F",0,0,0,0,0,0,0,0,0,0,F,F,"1978BAL.EVA.regular.event.csv",3548
"BAL197807290","CAL",7,1,2,0,0,"",0,1,"hende103","?","hende103","?","hartp001","?","hartp001","?","downb001","jackr002","gricb001","lansc001","andej001","rudij101","millr001","landk001","","decid001","kellp101","IW","F","F",2,8,15,"T","F",0,"F","F",0,"F","F",0,"F","F",0,"","F","F","",0,0,"N",0,"N",0,"N",1,0,2,3,"","","","","F","F","F","F","F","F","F","F","F","","hartp001","hartp001","F","F","F","F","F","","","","",0,0,0,0,0,0,0,0,0,49,"BAL","BAL","CAL",1,"F","F",1,0,0,25,4,"T","F",6,7,"T","T","belam101","harll101","T","T",0,0,0,5,6,47,7,5,46,"","downb001","downb001",0,0,0,0,0,0,0,0,0,0,0,0,0,"","F","F","F","F",0,0,0,0,0,0,0,0,0,0,F,F,"1978BAL.EVA.regular.event.csv",3549
"BAL197807290","CAL",7,1,2,0,0,"",0,1,"belam101","?","belam101","?","hartp001","?","hartp001","?","downb001","jackr002","gricb001","lansc001","andej001","rudij101","millr001","landk001","hende103","decid001","kellp101","3/P3F","F","F",6,9,2,"T","T",0,"F","F",1,"F","F",0,"F","F",3,"P","F","T","3F",0,0,"N",0,"N",0,"N",0,1,2,3,"3","","","","F","F","F","F","F","F","F","F","F","hartp001","hartp001","hartp001","F","F","F","F","F","","","","",0,3,0,0,0,0,0,0,0,50,"BAL","BAL","CAL",1,"F","T",1,0,0,26,5,"T","F",7,7,"T","T","harll101","dauer001","T","T",2,8,49,5,6,47,7,5,46,"downb001","downb001","downb001",0,0,0,0,0,0,0,0,0,0,0,0,0,"jackr002","F","F","F","F",0,0,0,0,0,0,0,0,0,0,F,F,"1978BAL.EVA.regular.event.csv",3550
"BAL197807290","CAL",8,0,0,0,0,"",0,1,"rudij101","?","rudij101","?","martd001","?","martd001","?","hende103","murre001","dauer001","decid001","belam101","kellp101","harll101","singk001","","","","S/L78","T","F",7,6,20,"T","T",1,"F","F",0,"F","F",0,"F","F",0,"L","F","F","78",0,0,"N",0,"N",0,"N",1,0,0,0,"","","","","F","F","F","F","F","F","F","F","F","","","","F","F","F","F","F","","","","",0,0,0,0,0,0,0,0,0,51,"BAL","CAL","BAL",0,"T","F",0,1,0,23,0,"T","F",0,1,"T","T","downb001","gricb001","T","T",0,0,0,0,0,0,0,0,0,"","","",0,0,0,0,0,0,0,0,0,0,0,0,0,"","F","F","F","F",4,0,0,0,1,0,0,0,0,0,F,F,"1978BAL.EVA.regular.event.csv",3551
"BAL197807290","CAL",8,0,0,0,0,"",0,1,"downb001","?","downb001","?","martd001","?","martd001","?","hende103","murre001","dauer001","decid001","belam101","kellp101","harll101","singk001","rudij101","","","S8/G46.1-2","F","F",2,7,20,"T","T",1,"F","F",0,"F","F",0,"F","F",8,"G","F","F","46",0,0,"N",0,"N",0,"N",1,2,0,0,"","","","","F","F","F","F","F","F","F","F","F","martd001","","","F","F","F","F","F","","","","",0,0,0,0,0,0,0,0,0,52,"BAL","CAL","BAL",0,"F","F",0,1,0,24,1,"T","F",1,3,"T","T","gricb001","andej001","T","T",7,6,51,0,0,0,0,0,0,"hende103","","",0,0,0,0,0,0,0,0,0,0,0,0,0,"harll101","F","F","F","F",2,4,0,0,1,0,0,0,0,0,F,F,"1978BAL.EVA.regular.event.csv",3552
"BAL197807290","CAL",8,0,0,0,0,"",0,1,"gricb001","?","gricb001","?","martd001","?","martd001","?","hende103","murre001","dauer001","decid001","belam101","kellp101","harll101","singk001","downb001","rudij101","","13/SH.2-3;1-2","F","F",4,8,2,"T","F",0,"T","F",1,"F","F",0,"F","F",1,"G","T","F","",0,0,"N",0,"N",0,"N",0,2,3,0,"13","","","","F","F","F","F","F","F","F","F","F","martd001","martd001","","F","F","F","F","F","","","","",0,3,0,0,1,0,0,0,0,53,"BAL","CAL","BAL",0,"F","F",0,1,0,25,2,"T","F",3,6,"T","T","andej001","millr001","T","T",2,7,52,7,6,51,0,0,0,"hende103","hende103","",0,0,0,0,0,0,0,0,0,0,0,0,0,"martd001","F","F","F","F",0,2,4,0,1,0,0,0,0,0,F,F,"1978BAL.EVA.regular.event.csv",3553
"BAL197807290","CAL",8,0,1,0,0,"",0,1,"bostl101","?","bostl101","?","martd001","?","martd001","?","hende103","murre001","dauer001","decid001","belam101","kellp101","harll101","singk001","","downb001","rudij101","IW","F","T",11,9,15,"T","F",0,"F","F",0,"F","F",0,"F","F",0,"","F","F","",0,0,"N",0,"N",0,"N",1,0,2,3,"","","","","F","F","F","F","F","F","F","F","F","","martd001","martd001","F","F","F","F","F","","","","andej001",6,0,0,0,0,0,0,0,0,54,"BAL","CAL","BAL",0,"F","F",0,1,0,26,3,"T","F",6,7,"F","F","millr001","landk001","T","T",0,0,0,2,7,52,7,6,51,"","hende103","hende103",0,0,0,0,0,0,0,0,0,0,0,0,0,"","F","F","F","F",0,0,2,4,1,0,0,0,0,0,F,F,"1978BAL.EVA.regular.event.csv",3554
"BAL197807290","CAL",8,0,1,0,0,"",0,1,"millr001","?","millr001","?","martd001","?","martd001","?","hende103","murre001","dauer001","decid001","belam101","kellp101","harll101","singk001","bostl101","downb001","rudij101","7/SF.3-H","F","F",8,1,2,"T","F",0,"F","T",1,"F","F",1,"F","F",7,"F","F","F","",0,0,"N",0,"N",0,"N",0,1,2,4,"7","","","","F","F","F","F","F","F","F","F","F","martd001","martd001","martd001","F","F","F","F","F","","","","",0,7,0,0,0,0,0,0,0,55,"BAL","CAL","BAL",0,"F","F",0,1,0,27,4,"T","F",7,3,"T","T","landk001","lansc001","T","T",0,9,54,2,7,52,7,6,51,"hende103","hende103","hende103",0,0,0,0,0,0,0,0,0,0,0,0,1,"kellp101","F","F","F","F",0,0,2,4,0,0,0,0,0,0,F,F,"1978BAL.EVA.regular.event.csv",3555
"BAL197807290","CAL",8,0,2,0,0,"",1,1,"landk001","?","landk001","?","martd001","?","martd001","?","hende103","murre001","dauer001","decid001","belam101","kellp101","harll101","singk001","bostl101","downb001","","6(1)/FO/G6","F","F",9,2,2,"T","T",0,"F","F",1,"F","F",0,"F","F",6,"G","F","F","6",0,0,"N",0,"N",0,"N",1,0,2,0,"","6","","","F","F","F","F","F","F","F","F","F","martd001","martd001","","F","F","F","F","F","","","","",0,6,0,0,0,0,0,0,0,56,"BAL","CAL","BAL",0,"F","T",1,1,1,28,5,"T","F",3,3,"T","T","lansc001","jackr002","T","T",0,9,54,2,7,52,0,0,0,"hende103","hende103","",0,0,0,0,0,0,0,0,0,0,0,0,0,"belam101","T","F","F","F",1,0,2,0,0,0,0,0,0,0,F,F,"1978BAL.EVA.regular.event.csv",3556
"BAL197807290","CAL",8,1,0,0,0,"",1,1,"harll101","?","harll101","?","hartp001","?","hartp001","?","downb001","fairr101","gricb001","jackr002","lansc001","rudij101","millr001","bostl101","","","","43","T","F",8,1,2,"T","T",0,"F","F",1,"F","F",0,"F","F",4,"G","F","F","",0,0,"N",0,"N",0,"N",0,0,0,0,"43","","","","F","F","F","F","F","F","F","F","F","","","","F","F","F","F","F","","","","",0,3,0,0,4,0,0,0,0,57,"BAL","BAL","CAL",1,"T","F",1,1,0,27,0,"T","F",0,0,"T","T","dauer001","murre001","T","T",0,0,0,0,0,0,0,0,0,"","","",0,0,0,0,0,0,0,0,0,0,0,0,0,"gricb001","F","F","F","F",0,0,0,0,0,0,0,0,0,0,F,F,"1978BAL.EVA.regular.event.csv",3557
"BAL197807290","CAL",8,1,1,0,0,"",1,1,"dauer001","?","dauer001","?","hartp001","?","hartp001","?","downb001","fairr101","gricb001","jackr002","lansc001","rudij101","millr001","bostl101","","","","63","F","F",4,2,2,"T","T",0,"F","F",1,"F","F",0,"F","F",6,"G","F","F","",0,0,"N",0,"N",0,"N",0,0,0,0,"63","","","","F","F","F","F","F","F","F","F","F","","","","F","F","F","F","F","","","","",0,3,0,0,6,0,0,0,0,58,"BAL","BAL","CAL",1,"F","F",1,1,0,28,1,"T","F",0,0,"T","T","murre001","singk001","T","T",0,0,0,0,0,0,0,0,0,"","","",0,0,0,0,0,0,0,0,0,0,0,0,0,"lansc001","F","F","F","F",0,0,0,0,0,0,0,0,0,0,F,F,"1978BAL.EVA.regular.event.csv",3558
"BAL197807290","CAL",8,1,2,0,0,"",1,1,"murre001","?","murre001","?","hartp001","?","hartp001","?","downb001","fairr101","gricb001","jackr002","lansc001","rudij101","millr001","bostl101","","","","S7/G56","F","F",3,3,20,"T","T",1,"F","F",0,"F","F",0,"F","F",7,"G","F","F","56",0,0,"N",0,"N",0,"N",1,0,0,0,"","","","","F","F","F","F","F","F","F","F","F","","","","F","F","F","F","F","","","","",0,0,0,0,0,0,0,0,0,59,"BAL","BAL","CAL",1,"F","F",1,1,0,29,2,"T","F",0,1,"T","T","singk001","kellp101","T","T",0,0,0,0,0,0,0,0,0,"","","",0,0,0,0,0,0,0,0,0,0,0,0,0,"rudij101","F","F","F","F",0,0,0,0,0,0,0,0,0,0,F,F,"1978BAL.EVA.regular.event.csv",3559
"BAL197807290","CAL",8,1,2,0,0,"",1,1,"singk001","?","singk001","?","hartp001","?","hartp001","?","downb001","fairr101","gricb001","jackr002","lansc001","rudij101","millr001","bostl101","murre001","","","SB2.1-2","F","F",9,4,4,"F","F",0,"F","F",0,"F","F",0,"F","F",0,"","F","F","",0,0,"N",0,"N",0,"N",0,2,0,0,"","","","","T","F","F","F","F","F","F","F","F","hartp001","","","F","F","F","F","F","","","","",0,0,0,0,0,0,0,0,0,60,"BAL","BAL","CAL",1,"F","F",1,1,0,30,3,"T","F",1,2,"T","T","kellp101","decid001","T","T",3,3,59,0,0,0,0,0,0,"downb001","","",0,0,0,0,0,0,0,0,0,0,0,0,0,"","F","F","F","F",0,0,0,0,0,0,0,0,0,0,F,F,"1978BAL.EVA.regular.event.csv",3560
"BAL197807290","CAL",8,1,2,0,0,"",1,1,"singk001","?","singk001","?","hartp001","?","hartp001","?","downb001","fairr101","gricb001","jackr002","lansc001","rudij101","millr001","bostl101","","murre001","","IW","F","F",9,4,15,"T","F",0,"F","F",0,"F","F",0,"F","F",0,"","F","F","",0,0,"N",0,"N",0,"N",1,0,2,0,"","","","","F","F","F","F","F","F","F","F","F","","hartp001","","F","F","F","F","F","","","","",0,0,0,0,0,0,0,0,0,61,"BAL","BAL","CAL",1,"F","F",1,1,0,30,3,"F","F",2,3,"T","T","kellp101","decid001","T","T",0,0,0,3,3,59,0,0,0,"","downb001","",0,0,0,0,0,0,0,0,0,0,0,0,0,"","F","F","F","F",0,0,0,0,0,0,0,0,0,0,F,F,"1978BAL.EVA.regular.event.csv",3561
"BAL197807290","CAL",8,1,2,0,0,"",1,1,"kellp101","?","kellp101","?","hartp001","?","hartp001","?","downb001","fairr101","gricb001","jackr002","lansc001","rudij101","millr001","bostl101","singk001","murre001","","46(1)/FO","F","F",7,5,2,"T","T",0,"F","F",1,"F","F",0,"F","F",4,"G","F","F","",0,0,"N",0,"N",0,"N",1,0,2,0,"","46","","","F","F","F","F","F","F","F","F","F","hartp001","hartp001","","F","F","F","F","F","","","","",0,6,0,0,4,0,0,0,0,62,"BAL","BAL","CAL",1,"F","T",1,1,0,31,4,"T","F",3,3,"T","T","decid001","may-l101","T","T",9,4,61,3,3,59,0,0,0,"downb001","downb001","",0,0,0,0,0,0,0,0,0,0,0,0,0,"gricb001","T","F","F","F",0,0,0,0,0,0,0,0,0,0,F,F,"1978BAL.EVA.regular.event.csv",3562
"BAL197807290","CAL",9,0,0,0,0,"",1,1,"lansc001","?","lansc001","?","martd001","?","martd001","?","hende103","murre001","dauer001","decid001","belam101","kellp101","harll101","singk001","","","","53","T","F",6,3,2,"T","T",0,"F","F",1,"F","F",0,"F","F",5,"G","F","F","",0,0,"N",0,"N",0,"N",0,0,0,0,"53","","","","F","F","F","F","F","F","F","F","F","","","","F","F","F","F","F","","","","",0,3,0,0,5,0,0,0,0,63,"BAL","CAL","BAL",0,"T","F",1,1,0,29,0,"T","F",0,0,"T","T","jackr002","bayld001","T","T",0,0,0,0,0,0,0,0,0,"","","",0,0,0,0,0,0,0,0,0,0,0,0,0,"decid001","F","F","F","F",0,0,0,0,1,0,0,0,0,0,F,F,"1978BAL.EVA.regular.event.csv",3563
"BAL197807290","CAL",9,0,1,0,0,"",1,1,"jackr002","?","jackr002","?","martd001","?","martd001","?","hende103","murre001","dauer001","decid001","belam101","kellp101","harll101","singk001","","","","S6","F","F",5,4,20,"T","T",1,"F","F",0,"F","F",0,"F","F",6,"","F","F","",0,0,"N",0,"N",0,"N",1,0,0,0,"","","","","F","F","F","F","F","F","F","F","F","","","","F","F","F","F","F","","","","",0,0,0,0,0,0,0,0,0,64,"BAL","CAL","BAL",0,"F","F",1,1,0,30,1,"T","F",0,1,"T","T","bayld001","rudij101","T","T",0,0,0,0,0,0,0,0,0,"","","",0,0,0,0,0,0,0,0,0,0,0,0,0,"belam101","F","F","F","F",0,0,0,0,1,0,0,0,0,0,F,F,"1978BAL.EVA.regular.event.csv",3564
"BAL197807290","CAL",9,0,1,0,0,"",1,1,"bayld001","?","bayld001","?","martd001","?","martd001","?","hende103","murre001","dauer001","decid001","belam101","kellp101","harll101","singk001","jackr002","","","64(1)/FO","F","F",10,5,2,"T","T",0,"F","F",1,"F","F",0,"F","F",6,"G","F","F","",0,0,"N",0,"N",0,"N",1,0,0,0,"","64","","","F","F","F","F","F","F","F","F","F","martd001","","","F","F","F","F","F","","","","",0,4,0,0,6,0,0,0,0,65,"BAL","CAL","BAL",0,"F","F",1,1,0,31,2,"T","F",1,1,"T","T","rudij101","downb001","T","T",5,4,64,0,0,0,0,0,0,"hende103","","",0,0,0,0,0,0,0,0,0,0,0,0,0,"belam101","T","F","F","F",4,0,0,0,1,0,0,0,0,0,F,F,"1978BAL.EVA.regular.event.csv",3565
"BAL197807290","CAL",9,0,2,0,0,"",1,1,"rudij101","?","rudij101","?","martd001","?","martd001","?","hende103","murre001","dauer001","decid001","belam101","kellp101","harll101","singk001","bayld001","","","SB2.1-3(E2/TH2)","F","F",7,6,4,"F","F",0,"F","F",0,"F","F",0,"F","F",0,"","F","F","",1,2,"T",0,"N",0,"N",0,3,0,0,"","","","","T","F","F","F","F","F","F","F","F","martd001","","","F","F","F","F","F","","","","",0,0,0,0,0,0,0,0,0,66,"BAL","CAL","BAL",0,"F","F",1,1,0,32,3,"T","F",1,4,"T","T","downb001","gricb001","T","T",10,5,65,0,0,0,0,0,0,"hende103","","",0,0,0,0,0,0,0,0,0,0,0,0,0,"","F","F","F","F",0,4,0,0,1,0,0,0,0,0,F,F,"1978BAL.EVA.regular.event.csv",3566
"BAL197807290","CAL",9,0,2,0,0,"",1,1,"rudij101","?","rudij101","?","martd001","?","martd001","?","hende103","murre001","dauer001","decid001","belam101","kellp101","harll101","singk001","","","bayld001","S7/G56.3-H","F","F",7,6,20,"T","T",1,"F","F",0,"F","F",1,"F","F",7,"G","F","F","56",0,0,"N",0,"N",0,"N",1,0,0,4,"","","","","F","F","F","F","F","F","F","F","F","","","martd001","F","F","F","F","F","","","","",0,0,0,0,0,0,0,0,0,67,"BAL","CAL","BAL",0,"F","F",1,1,0,32,3,"F","F",4,1,"T","T","downb001","gricb001","T","T",0,0,0,0,0,0,10,5,65,"","","hende103",0,0,0,0,0,0,0,0,0,0,0,0,1,"kellp101","F","F","F","F",0,0,0,4,0,0,0,0,0,0,F,F,"1978BAL.EVA.regular.event.csv",3567
"BAL197807290","CAL",9,0,2,0,0,"",2,1,"downb001","?","downb001","?","martd001","?","martd001","?","hende103","murre001","dauer001","decid001","belam101","kellp101","harll101","singk001","rudij101","","","9","F","F",2,7,2,"T","T",0,"F","F",1,"F","F",0,"F","F",9,"F","F","F","",0,0,"N",0,"N",0,"N",0,1,0,0,"9","","","","F","F","F","F","F","F","F","F","F","martd001","","","F","F","F","F","F","","","","",0,9,0,0,0,0,0,0,0,68,"BAL","CAL","BAL",0,"F","T",2,1,1,33,4,"T","F",1,1,"T","T","gricb001","bostl101","T","T",7,6,67,0,0,0,0,0,0,"hende103","","",0,0,0,0,0,0,0,0,0,0,0,0,0,"singk001","F","F","F","F",0,0,0,0,0,0,0,0,0,0,F,F,"1978BAL.EVA.regular.event.csv",3568
"BAL197807290","CAL",9,1,0,0,0,"",2,1,"decid001","?","decid001","?","hartp001","?","hartp001","?","downb001","fairr101","gricb001","jackr002","lansc001","rudij101","millr001","bostl101","","","","63","T","F",5,6,2,"T","T",0,"F","F",1,"F","F",0,"F","F",6,"G","F","F","",0,0,"N",0,"N",0,"N",0,0,0,0,"63","","","","F","F","F","F","F","F","F","F","F","","","","F","F","F","F","F","","","","",0,3,0,0,6,0,0,0,0,69,"BAL","BAL","CAL",1,"T","F",1,2,0,32,0,"T","F",0,0,"T","T","may-l101","hende103","T","T",0,0,0,0,0,0,0,0,0,"","","",0,0,0,0,0,0,0,0,0,0,0,0,0,"lansc001","F","F","F","F",0,0,0,0,0,0,0,0,0,0,F,F,"1978BAL.EVA.regular.event.csv",3569
"BAL197807290","CAL",9,1,1,0,0,"",2,1,"may-l101","?","may-l101","?","hartp001","?","hartp001","?","downb001","fairr101","gricb001","jackr002","lansc001","rudij101","millr001","bostl101","","","","7/F7D","F","F",10,7,2,"T","T",0,"F","F",1,"F","F",0,"F","F",7,"F","F","F","7D",0,0,"N",0,"N",0,"N",0,0,0,0,"7","","","","F","F","F","F","F","F","F","F","F","","","","F","F","F","F","F","","","","",0,7,0,0,0,0,0,0,0,70,"BAL","BAL","CAL",1,"F","F",1,2,0,33,1,"T","F",0,0,"T","T","hende103","belam101","T","T",0,0,0,0,0,0,0,0,0,"","","",0,0,0,0,0,0,0,0,0,0,0,0,0,"rudij101","F","F","F","F",0,0,0,0,0,0,0,0,0,0,F,F,"1978BAL.EVA.regular.event.csv",3570
"BAL197807290","CAL",9,1,2,0,0,"",2,1,"crowt101","?","crowt101","?","hartp001","?","hartp001","?","downb001","fairr101","gricb001","jackr002","lansc001","rudij101","millr001","bostl101","","","","63","F","T",11,8,2,"T","T",0,"F","F",1,"F","F",0,"F","F",6,"G","F","F","",0,0,"N",0,"N",0,"N",0,0,0,0,"63","","","","F","F","F","F","F","F","F","F","F","","","","F","T","F","F","F","","","","hende103",2,3,0,0,6,0,0,0,0,71,"BAL","BAL","CAL",1,"F","T",1,2,0,34,2,"T","F",0,0,"F","F","belam101","harll101","T","T",0,0,0,0,0,0,0,0,0,"","","",0,0,0,0,0,0,0,0,0,0,0,0,0,"lansc001","F","F","F","F",0,0,0,0,0,0,0,0,0,0,F,F,"1978BAL.EVA.regular.event.csv",3571
"BAL197807300","CAL",1,0,0,0,0,"",0,0,"gricb001","?","gricb001","?","flanm001","?","flanm001","?","dempr001","murre001","dauer001","decid001","belam101","kellp101","harll101","singk001","","","","9","T","F",4,1,2,"T","T",0,"F","F",1,"F","F",0,"F","F",9,"F","F","F","",0,0,"N",0,"N",0,"N",0,0,0,0,"9","","","","F","F","F","F","F","F","F","F","F","","","","T","F","F","F","F","","","","",0,9,0,0,0,0,0,0,0,1,"BAL","CAL","BAL",0,"T","F",0,0,0,0,0,"T","F",0,0,"T","T","rettm101","lansc001","T","T",0,0,0,0,0,0,0,0,0,"","","",0,0,0,0,0,0,0,0,0,0,0,0,0,"singk001","F","F","F","F",0,0,0,0,0,0,0,0,0,0,F,F,"1978BAL.EVA.regular.event.csv",3572
"BAL197807300","CAL",1,0,1,0,0,"",0,0,"rettm101","?","rettm101","?","flanm001","?","flanm001","?","dempr001","murre001","dauer001","decid001","belam101","kellp101","harll101","singk001","","","","S7","F","F",9,2,20,"T","T",1,"F","F",0,"F","F",0,"F","F",7,"","F","F","",0,0,"N",0,"N",0,"N",1,0,0,0,"","","","","F","F","F","F","F","F","F","F","F","","","","F","F","F","F","F","","","","",0,0,0,0,0,0,0,0,0,2,"BAL","CAL","BAL",0,"F","F",0,0,0,1,1,"T","F",0,1,"T","T","lansc001","jackr002","T","T",0,0,0,0,0,0,0,0,0,"","","",0,0,0,0,0,0,0,0,0,0,0,0,0,"kellp101","F","F","F","F",0,0,0,0,0,0,0,0,0,0,F,F,"1978BAL.EVA.regular.event.csv",3573
"BAL197807300","CAL",1,0,1,0,0,"",0,0,"lansc001","?","lansc001","?","flanm001","?","flanm001","?","dempr001","murre001","dauer001","decid001","belam101","kellp101","harll101","singk001","rettm101","","","POCS2(136)","F","F",5,3,8,"F","F",0,"F","F",1,"F","F",0,"F","F",0,"","F","F","",0,0,"N",0,"N",0,"N",0,0,0,0,"","136","","","F","F","F","T","F","F","T","F","F","flanm001","","","F","F","F","F","F","","","","",0,6,0,0,1,3,0,0,0,3,"BAL","CAL","BAL",0,"F","F",0,0,0,2,2,"T","F",1,0,"T","T","jackr002","bayld001","T","T",9,2,2,0,0,0,0,0,0,"dempr001","","",0,0,0,0,0,0,0,0,0,0,0,0,0,"","F","F","F","F",0,0,0,0,0,0,0,0,0,0,F,F,"1978BAL.EVA.regular.event.csv",3574
"BAL197807300","CAL",1,0,2,0,0,"",0,0,"lansc001","?","lansc001","?","flanm001","?","flanm001","?","dempr001","murre001","dauer001","decid001","belam101","kellp101","harll101","singk001","","","","D7","F","F",5,3,21,"T","T",2,"F","F",0,"F","F",0,"F","F",7,"","F","F","",0,0,"N",0,"N",0,"N",2,0,0,0,"","","","","F","F","F","F","F","F","F","F","F","","","","F","F","F","F","F","","","","",0,0,0,0,0,0,0,0,0,4,"BAL","CAL","BAL",0,"F","F",0,0,0,2,2,"F","F",0,2,"T","T","jackr002","bayld001","T","T",0,0,0,0,0,0,0,0,0,"","","",0,0,0,0,0,0,0,0,0,0,0,0,0,"kellp101","F","F","F","F",0,0,0,0,0,0,0,0,0,0,F,F,"1978BAL.EVA.regular.event.csv",3575
"BAL197807300","CAL",1,0,2,0,0,"",0,0,"jackr002","?","jackr002","?","flanm001","?","flanm001","?","dempr001","murre001","dauer001","decid001","belam101","kellp101","harll101","singk001","","lansc001","","8","F","F",3,4,2,"T","T",0,"F","F",1,"F","F",0,"F","F",8,"F","F","F","",0,0,"N",0,"N",0,"N",0,0,2,0,"8","","","","F","F","F","F","F","F","F","F","F","","flanm001","","F","F","F","F","F","","","","",0,8,0,0,0,0,0,0,0,5,"BAL","CAL","BAL",0,"F","T",0,0,0,3,3,"T","F",2,2,"T","T","bayld001","rudij101","T","T",0,0,0,5,3,4,0,0,0,"","dempr001","",0,0,0,0,0,0,0,0,0,0,0,0,0,"harll101","F","F","F","F",0,0,0,0,0,0,0,0,0,0,F,F,"1978BAL.EVA.regular.event.csv",3576
"BAL197807300","CAL",1,1,0,0,0,"",0,0,"harll101","?","harll101","?","frosd101","?","frosd101","?","downb001","jackr002","gricb001","lansc001","chald101","rudij101","millr001","rettm101","","","","8","T","F",8,1,2,"T","T",0,"F","F",1,"F","F",0,"F","F",8,"F","F","F","",0,0,"N",0,"N",0,"N",0,0,0,0,"8","","","","F","F","F","F","F","F","F","F","F","","","","F","F","F","F","F","","","","",0,8,0,0,0,0,0,0,0,6,"BAL","BAL","CAL",1,"T","F",0,0,0,0,0,"T","F",0,0,"T","T","dauer001","murre001","T","T",0,0,0,0,0,0,0,0,0,"","","",0,0,0,0,0,0,0,0,0,0,0,0,0,"millr001","F","F","F","F",0,0,0,0,0,0,0,0,0,0,F,F,"1978BAL.EVA.regular.event.csv",3577
"BAL197807300","CAL",1,1,1,0,0,"",0,0,"dauer001","?","dauer001","?","frosd101","?","frosd101","?","downb001","jackr002","gricb001","lansc001","chald101","rudij101","millr001","rettm101","","","","3","F","F",4,2,2,"T","T",0,"F","F",1,"F","F",0,"F","F",3,"F","F","F","",0,0,"N",0,"N",0,"N",0,0,0,0,"3","","","","F","F","F","F","F","F","F","F","F","","","","F","F","F","F","F","","","","",0,3,0,0,0,0,0,0,0,7,"BAL","BAL","CAL",1,"F","F",0,0,0,1,1,"T","F",0,0,"T","T","murre001","singk001","T","T",0,0,0,0,0,0,0,0,0,"","","",0,0,0,0,0,0,0,0,0,0,0,0,0,"jackr002","F","F","F","F",0,0,0,0,0,0,0,0,0,0,F,F,"1978BAL.EVA.regular.event.csv",3578
"BAL197807300","CAL",1,1,2,0,0,"",0,0,"murre001","?","murre001","?","frosd101","?","frosd101","?","downb001","jackr002","gricb001","lansc001","chald101","rudij101","millr001","rettm101","","","","D9","F","F",3,3,21,"T","T",2,"F","F",0,"F","F",0,"F","F",9,"","F","F","",0,0,"N",0,"N",0,"N",2,0,0,0,"","","","","F","F","F","F","F","F","F","F","F","","","","F","F","F","F","F","","","","",0,0,0,0,0,0,0,0,0,8,"BAL","BAL","CAL",1,"F","F",0,0,0,2,2,"T","F",0,2,"T","T","singk001","decid001","T","T",0,0,0,0,0,0,0,0,0,"","","",0,0,0,0,0,0,0,0,0,0,0,0,0,"rettm101","F","F","F","F",0,0,0,0,0,0,0,0,0,0,F,F,"1978BAL.EVA.regular.event.csv",3579
"BAL197807300","CAL",1,1,2,0,0,"",0,0,"singk001","?","singk001","?","frosd101","?","frosd101","?","downb001","jackr002","gricb001","lansc001","chald101","rudij101","millr001","rettm101","","murre001","","3/G3","F","F",9,4,2,"T","T",0,"F","F",1,"F","F",0,"F","F",3,"G","F","F","3",0,0,"N",0,"N",0,"N",0,0,2,0,"3","","","","F","F","F","F","F","F","F","F","F","","frosd101","","F","F","F","F","F","","","","",0,3,0,0,0,0,0,0,0,9,"BAL","BAL","CAL",1,"F","T",0,0,0,3,3,"T","F",2,2,"T","T","decid001","kellp101","T","T",0,0,0,3,3,8,0,0,0,"","downb001","",0,0,0,0,0,0,0,0,0,0,0,0,0,"jackr002","F","F","F","F",0,0,0,0,0,0,0,0,0,0,F,F,"1978BAL.EVA.regular.event.csv",3580
"BAL197807300","CAL",2,0,0,0,0,"",0,0,"bayld001","?","bayld001","?","flanm001","?","flanm001","?","dempr001","murre001","dauer001","decid001","belam101","kellp101","harll101","singk001","","","","W","T","F",10,5,14,"T","F",0,"F","F",0,"F","F",0,"F","F",0,"","F","F","",0,0,"N",0,"N",0,"N",1,0,0,0,"","","","","F","F","F","F","F","F","F","F","F","","","","F","F","F","F","F","","","","",0,0,0,0,0,0,0,0,0,10,"BAL","CAL","BAL",0,"T","F",0,0,0,4,0,"T","F",0,1,"T","T","rudij101","downb001","T","T",0,0,0,0,0,0,0,0,0,"","","",0,0,0,0,0,0,0,0,0,0,0,0,0,"","F","F","F","F",4,0,0,0,1,0,0,0,0,0,F,F,"1978BAL.EVA.regular.event.csv",3581
"BAL197807300","CAL",2,0,0,0,0,"",0,0,"rudij101","?","rudij101","?","flanm001","?","flanm001","?","dempr001","murre001","dauer001","decid001","belam101","kellp101","harll101","singk001","bayld001","","","S8.1-2","F","F",7,6,20,"T","T",1,"F","F",0,"F","F",0,"F","F",8,"","F","F","",0,0,"N",0,"N",0,"N",1,2,0,0,"","","","","F","F","F","F","F","F","F","F","F","flanm001","","","F","F","F","F","F","","","","",0,0,0,0,0,0,0,0,0,11,"BAL","CAL","BAL",0,"F","F",0,0,0,5,1,"T","F",1,3,"T","T","downb001","chald101","T","T",10,5,10,0,0,0,0,0,0,"dempr001","","",0,0,0,0,0,0,0,0,0,0,0,0,0,"harll101","F","F","F","F",0,4,0,0,1,0,0,0,0,0,F,F,"1978BAL.EVA.regular.event.csv",3582
"BAL197807300","CAL",2,0,0,0,0,"",0,0,"downb001","?","downb001","?","flanm001","?","flanm001","?","dempr001","murre001","dauer001","decid001","belam101","kellp101","harll101","singk001","rudij101","bayld001","","S8.2-H;1-2","F","F",2,7,20,"T","T",1,"F","F",0,"F","F",1,"F","F",8,"","F","F","",0,0,"N",0,"N",0,"N",1,2,4,0,"","","","","F","F","F","F","F","F","F","F","F","flanm001","flanm001","","F","F","F","F","F","","","","",0,0,0,0,0,0,0,0,0,12,"BAL","CAL","BAL",0,"F","F",0,0,0,6,2,"T","F",3,3,"T","T","chald101","millr001","T","T",7,6,11,10,5,10,0,0,0,"dempr001","dempr001","",0,0,0,0,0,0,0,0,0,0,0,0,1,"harll101","F","F","F","F",0,0,4,0,0,0,0,0,0,0,F,F,"1978BAL.EVA.regular.event.csv",3583
"BAL197807300","CAL",2,0,0,0,0,"",1,0,"chald101","?","chald101","?","flanm001","?","flanm001","?","dempr001","murre001","dauer001","decid001","belam101","kellp101","harll101","singk001","downb001","rudij101","","5(2)3/GDP.1-2","F","F",6,8,2,"T","T",0,"F","F",2,"T","F",0,"F","F",5,"G","F","F","",0,0,"N",0,"N",0,"N",0,2,0,0,"53","","5","","F","F","F","F","F","F","F","F","F","flanm001","flanm001","","F","F","F","F","F","","","","",0,5,3,0,5,0,0,0,0,13,"BAL","CAL","BAL",0,"F","F",1,0,1,7,3,"T","F",3,2,"T","T","millr001","gricb001","T","T",2,7,12,7,6,11,0,0,0,"dempr001","dempr001","",0,0,0,0,0,0,0,0,0,0,0,0,0,"decid001","F","T","F","F",0,0,0,0,0,0,0,0,0,0,F,F,"1978BAL.EVA.regular.event.csv",3584
"BAL197807300","CAL",2,0,2,0,0,"",1,0,"millr001","?","millr001","?","flanm001","?","flanm001","?","dempr001","murre001","dauer001","decid001","belam101","kellp101","harll101","singk001","","downb001","","S4/G.2-3","F","F",8,9,20,"T","T",1,"F","F",0,"F","F",0,"F","F",4,"G","F","F","",0,0,"N",0,"N",0,"N",1,0,3,0,"","","","","F","F","F","F","F","F","F","F","F","","flanm001","","F","F","F","F","F","","","","",0,0,0,0,0,0,0,0,0,14,"BAL","CAL","BAL",0,"F","F",1,0,1,8,4,"T","F",2,5,"T","T","gricb001","rettm101","T","T",0,0,0,2,7,12,0,0,0,"","dempr001","",0,0,0,0,0,0,0,0,0,0,0,0,0,"dauer001","F","F","F","F",0,0,0,0,0,0,0,0,0,0,F,F,"1978BAL.EVA.regular.event.csv",3585
"BAL197807300","CAL",2,0,2,0,0,"",1,0,"gricb001","?","gricb001","?","flanm001","?","flanm001","?","dempr001","murre001","dauer001","decid001","belam101","kellp101","harll101","singk001","millr001","","downb001","K","F","F",4,1,3,"T","T",0,"F","F",1,"F","F",0,"F","F",0,"","F","F","",0,0,"N",0,"N",0,"N",0,1,0,3,"2","","","","F","F","F","F","F","F","F","F","F","flanm001","","flanm001","F","F","F","F","F","","","","",0,2,0,0,0,0,0,0,0,15,"BAL","CAL","BAL",0,"F","T",1,0,1,9,5,"T","F",5,5,"T","T","rettm101","lansc001","T","T",8,9,14,0,0,0,2,7,12,"dempr001","","dempr001",0,0,0,0,0,0,0,0,0,0,0,0,0,"","F","F","F","F",0,0,0,0,0,0,0,0,0,0,F,F,"1978BAL.EVA.regular.event.csv",3586
"BAL197807300","CAL",2,1,0,0,0,"",1,0,"decid001","?","decid001","?","frosd101","?","frosd101","?","downb001","jackr002","gricb001","lansc001","chald101","rudij101","millr001","rettm101","","","","7","T","F",5,5,2,"T","T",0,"F","F",1,"F","F",0,"F","F",7,"F","F","F","",0,0,"N",0,"N",0,"N",0,0,0,0,"7","","","","F","F","F","F","F","F","F","F","F","","","","F","F","F","F","F","","","","",0,7,0,0,0,0,0,0,0,16,"BAL","BAL","CAL",1,"T","F",0,1,0,4,0,"T","F",0,0,"T","T","kellp101","may-l101","T","T",0,0,0,0,0,0,0,0,0,"","","",0,0,0,0,0,0,0,0,0,0,0,0,0,"rudij101","F","F","F","F",0,0,0,0,0,0,0,0,0,0,F,F,"1978BAL.EVA.regular.event.csv",3587
"BAL197807300","CAL",2,1,1,0,0,"",1,0,"kellp101","?","kellp101","?","frosd101","?","frosd101","?","downb001","jackr002","gricb001","lansc001","chald101","rudij101","millr001","rettm101","","","","9","F","F",7,6,2,"T","T",0,"F","F",1,"F","F",0,"F","F",9,"F","F","F","",0,0,"N",0,"N",0,"N",0,0,0,0,"9","","","","F","F","F","F","F","F","F","F","F","","","","F","F","F","F","F","","","","",0,9,0,0,0,0,0,0,0,17,"BAL","BAL","CAL",1,"F","F",0,1,0,5,1,"T","F",0,0,"T","T","may-l101","dempr001","T","T",0,0,0,0,0,0,0,0,0,"","","",0,0,0,0,0,0,0,0,0,0,0,0,0,"rettm101","F","F","F","F",0,0,0,0,0,0,0,0,0,0,F,F,"1978BAL.EVA.regular.event.csv",3588
"BAL197807300","CAL",2,1,2,0,0,"",1,0,"may-l101","?","may-l101","?","frosd101","?","frosd101","?","downb001","jackr002","gricb001","lansc001","chald101","rudij101","millr001","rettm101","","","","53","F","F",10,7,2,"T","T",0,"F","F",1,"F","F",0,"F","F",5,"G","F","F","",0,0,"N",0,"N",0,"N",0,0,0,0,"53","","","","F","F","F","F","F","F","F","F","F","","","","F","F","F","F","F","","","","",0,3,0,0,5,0,0,0,0,18,"BAL","BAL","CAL",1,"F","T",0,1,0,6,2,"T","F",0,0,"T","T","dempr001","belam101","T","T",0,0,0,0,0,0,0,0,0,"","","",0,0,0,0,0,0,0,0,0,0,0,0,0,"lansc001","F","F","F","F",0,0,0,0,0,0,0,0,0,0,F,F,"1978BAL.EVA.regular.event.csv",3589
"BAL197807300","CAL",3,0,0,0,0,"",1,0,"rettm101","?","rettm101","?","flanm001","?","flanm001","?","dempr001","murre001","dauer001","decid001","belam101","kellp101","harll101","singk001","","","","D7","T","F",9,2,21,"T","T",2,"F","F",0,"F","F",0,"F","F",7,"","F","F","",0,0,"N",0,"N",0,"N",2,0,0,0,"","","","","F","F","F","F","F","F","F","F","F","","","","F","F","F","F","F","","","","",0,0,0,0,0,0,0,0,0,19,"BAL","CAL","BAL",0,"T","F",1,0,0,10,0,"T","F",0,2,"T","T","lansc001","jackr002","T","T",0,0,0,0,0,0,0,0,0,"","","",0,0,0,0,0,0,0,0,0,0,0,0,0,"kellp101","F","F","F","F",0,0,0,0,0,0,0,0,0,0,F,F,"1978BAL.EVA.regular.event.csv",3590
"BAL197807300","CAL",3,0,0,0,0,"",1,0,"lansc001","?","lansc001","?","flanm001","?","flanm001","?","dempr001","murre001","dauer001","decid001","belam101","kellp101","harll101","singk001","","rettm101","","43.2-3","F","F",5,3,2,"T","T",0,"F","F",1,"F","F",0,"F","F",4,"G","F","F","",0,0,"N",0,"N",0,"N",0,0,3,0,"43","","","","F","F","F","F","F","F","F","F","F","","flanm001","","F","F","F","F","F","","","","",0,3,0,0,4,0,0,0,0,20,"BAL","CAL","BAL",0,"F","F",1,0,0,11,1,"T","F",2,4,"T","T","jackr002","bayld001","T","T",0,0,0,9,2,19,0,0,0,"","dempr001","",0,0,0,0,0,0,0,0,0,0,0,0,0,"dauer001","F","F","F","F",0,0,0,0,0,0,0,0,0,0,F,F,"1978BAL.EVA.regular.event.csv",3591
"BAL197807300","CAL",3,0,1,0,0,"",1,0,"jackr002","?","jackr002","?","flanm001","?","flanm001","?","dempr001","murre001","dauer001","decid001","belam101","kellp101","harll101","singk001","","","rettm101","53","F","F",3,4,2,"T","T",0,"F","F",1,"F","F",0,"F","F",5,"G","F","F","",0,0,"N",0,"N",0,"N",0,0,0,3,"53","","","","F","F","F","F","F","F","F","F","F","","","flanm001","F","F","F","F","F","","","","",0,3,0,0,5,0,0,0,0,21,"BAL","CAL","BAL",0,"F","F",1,0,0,12,2,"T","F",4,4,"T","T","bayld001","rudij101","T","T",0,0,0,0,0,0,9,2,19,"","","dempr001",0,0,0,0,0,0,0,0,0,0,0,0,0,"decid001","F","F","F","F",0,0,0,0,0,0,0,0,0,0,F,F,"1978BAL.EVA.regular.event.csv",3592
"BAL197807300","CAL",3,0,2,0,0,"",1,0,"bayld001","?","bayld001","?","flanm001","?","flanm001","?","dempr001","murre001","dauer001","decid001","belam101","kellp101","harll101","singk001","","","rettm101","7","F","F",10,5,2,"T","T",0,"F","F",1,"F","F",0,"F","F",7,"F","F","F","",0,0,"N",0,"N",0,"N",0,0,0,3,"7","","","","F","F","F","F","F","F","F","F","F","","","flanm001","F","F","F","F","F","","","","",0,7,0,0,0,0,0,0,0,22,"BAL","CAL","BAL",0,"F","T",1,0,0,13,3,"T","F",4,4,"T","T","rudij101","downb001","T","T",0,0,0,0,0,0,9,2,19,"","","dempr001",0,0,0,0,0,0,0,0,0,0,0,0,0,"kellp101","F","F","F","F",0,0,0,0,0,0,0,0,0,0,F,F,"1978BAL.EVA.regular.event.csv",3593
"BAL197807300","CAL",3,1,0,0,0,"",1,0,"dempr001","?","dempr001","?","frosd101","?","frosd101","?","downb001","jackr002","gricb001","lansc001","chald101","rudij101","millr001","rettm101","","","","K","T","F",2,8,3,"T","T",0,"F","F",1,"F","F",0,"F","F",0,"","F","F","",0,0,"N",0,"N",0,"N",0,0,0,0,"2","","","","F","F","F","F","F","F","F","F","F","","","","F","F","F","F","F","","","","",0,2,0,0,0,0,0,0,0,23,"BAL","BAL","CAL",1,"T","F",0,1,0,7,0,"T","F",0,0,"T","T","belam101","harll101","T","T",0,0,0,0,0,0,0,0,0,"","","",0,0,0,0,0,0,0,0,0,0,0,0,0,"","F","F","F","F",0,0,0,0,0,0,0,0,0,0,F,F,"1978BAL.EVA.regular.event.csv",3594
"BAL197807300","CAL",3,1,1,0,0,"",1,0,"belam101","?","belam101","?","frosd101","?","frosd101","?","downb001","jackr002","gricb001","lansc001","chald101","rudij101","millr001","rettm101","","","","8","F","F",6,9,2,"T","T",0,"F","F",1,"F","F",0,"F","F",8,"F","F","F","",0,0,"N",0,"N",0,"N",0,0,0,0,"8","","","","F","F","F","F","F","F","F","F","F","","","","F","F","F","F","F","","","","",0,8,0,0,0,0,0,0,0,24,"BAL","BAL","CAL",1,"F","F",0,1,0,8,1,"T","F",0,0,"T","T","harll101","dauer001","T","T",0,0,0,0,0,0,0,0,0,"","","",0,0,0,0,0,0,0,0,0,0,0,0,0,"millr001","F","F","F","F",0,0,0,0,0,0,0,0,0,0,F,F,"1978BAL.EVA.regular.event.csv",3595
"BAL197807300","CAL",3,1,2,0,0,"",1,0,"harll101","?","harll101","?","frosd101","?","frosd101","?","downb001","jackr002","gricb001","lansc001","chald101","rudij101","millr001","rettm101","","","","S8/G46","F","F",8,1,20,"T","T",1,"F","F",0,"F","F",0,"F","F",8,"G","F","F","46",0,0,"N",0,"N",0,"N",1,0,0,0,"","","","","F","F","F","F","F","F","F","F","F","","","","F","F","F","F","F","","","","",0,0,0,0,0,0,0,0,0,25,"BAL","BAL","CAL",1,"F","F",0,1,0,9,2,"T","F",0,1,"T","T","dauer001","murre001","T","T",0,0,0,0,0,0,0,0,0,"","","",0,0,0,0,0,0,0,0,0,0,0,0,0,"millr001","F","F","F","F",0,0,0,0,0,0,0,0,0,0,F,F,"1978BAL.EVA.regular.event.csv",3596
"BAL197807300","CAL",3,1,2,0,0,"",1,0,"dauer001","?","dauer001","?","frosd101","?","frosd101","?","downb001","jackr002","gricb001","lansc001","chald101","rudij101","millr001","rettm101","harll101","","","6/P5DF","F","F",4,2,2,"T","T",0,"F","F",1,"F","F",0,"F","F",6,"P","F","T","5DF",0,0,"N",0,"N",0,"N",0,1,0,0,"6","","","","F","F","F","F","F","F","F","F","F","frosd101","","","F","F","F","F","F","","","","",0,6,0,0,0,0,0,0,0,26,"BAL","BAL","CAL",1,"F","T",0,1,0,10,3,"T","F",1,1,"T","T","murre001","singk001","T","T",8,1,25,0,0,0,0,0,0,"downb001","","",0,0,0,0,0,0,0,0,0,0,0,0,0,"chald101","F","F","F","F",0,0,0,0,0,0,0,0,0,0,F,F,"1978BAL.EVA.regular.event.csv",3597
"BAL197807300","CAL",4,0,0,0,0,"",1,0,"rudij101","?","rudij101","?","flanm001","?","flanm001","?","dempr001","murre001","dauer001","decid001","belam101","kellp101","harll101","singk001","","","","63","T","F",7,6,2,"T","T",0,"F","F",1,"F","F",0,"F","F",6,"G","F","F","",0,0,"N",0,"N",0,"N",0,0,0,0,"63","","","","F","F","F","F","F","F","F","F","F","","","","F","F","F","F","F","","","","",0,3,0,0,6,0,0,0,0,27,"BAL","CAL","BAL",0,"T","F",1,0,0,14,0,"T","F",0,0,"T","T","downb001","chald101","T","T",0,0,0,0,0,0,0,0,0,"","","",0,0,0,0,0,0,0,0,0,0,0,0,0,"belam101","F","F","F","F",0,0,0,0,0,0,0,0,0,0,F,F,"1978BAL.EVA.regular.event.csv",3598
"BAL197807300","CAL",4,0,1,0,0,"",1,0,"downb001","?","downb001","?","flanm001","?","flanm001","?","dempr001","murre001","dauer001","decid001","belam101","kellp101","harll101","singk001","","","","S7","F","F",2,7,20,"T","T",1,"F","F",0,"F","F",0,"F","F",7,"","F","F","",0,0,"N",0,"N",0,"N",1,0,0,0,"","","","","F","F","F","F","F","F","F","F","F","","","","F","F","F","F","F","","","","",0,0,0,0,0,0,0,0,0,28,"BAL","CAL","BAL",0,"F","F",1,0,0,15,1,"T","F",0,1,"T","T","chald101","millr001","T","T",0,0,0,0,0,0,0,0,0,"","","",0,0,0,0,0,0,0,0,0,0,0,0,0,"kellp101","F","F","F","F",0,0,0,0,0,0,0,0,0,0,F,F,"1978BAL.EVA.regular.event.csv",3599
"BAL197807300","CAL",4,0,1,0,0,"",1,0,"chald101","?","chald101","?","flanm001","?","flanm001","?","dempr001","murre001","dauer001","decid001","belam101","kellp101","harll101","singk001","downb001","","","HP.1-2","F","F",6,8,16,"T","F",0,"F","F",0,"F","F",0,"F","F",0,"","F","F","",0,0,"N",0,"N",0,"N",1,2,0,0,"","","","","F","F","F","F","F","F","F","F","F","flanm001","","","F","F","F","F","F","","","","",0,0,0,0,0,0,0,0,0,29,"BAL","CAL","BAL",0,"F","F",1,0,0,16,2,"T","F",1,3,"T","T","millr001","gricb001","T","T",2,7,28,0,0,0,0,0,0,"dempr001","","",0,0,0,0,0,0,0,0,0,0,0,0,0,"","F","F","F","F",0,0,0,0,0,0,0,0,0,0,F,F,"1978BAL.EVA.regular.event.csv",3600
"BAL197807300","CAL",4,0,1,0,0,"",1,0,"millr001","?","millr001","?","flanm001","?","flanm001","?","dempr001","murre001","dauer001","decid001","belam101","kellp101","harll101","singk001","chald101","downb001","","4(1)3/GDP","F","F",8,9,2,"T","T",0,"F","F",2,"T","F",0,"F","F",4,"G","F","F","",0,0,"N",0,"N",0,"N",0,0,2,0,"43","4","","","F","F","F","F","F","F","F","F","F","flanm001","flanm001","","F","F","F","F","F","","","","",0,4,3,0,4,0,0,0,0,30,"BAL","CAL","BAL",0,"F","T",1,0,0,17,3,"T","F",3,2,"T","T","gricb001","rettm101","T","T",6,8,29,2,7,28,0,0,0,"dempr001","dempr001","",0,0,0,0,0,0,0,0,0,0,0,0,0,"dauer001","T","F","F","F",0,0,0,0,0,0,0,0,0,0,F,F,"1978BAL.EVA.regular.event.csv",3601
"BAL197807300","CAL",4,1,0,0,0,"",1,0,"murre001","?","murre001","?","frosd101","?","frosd101","?","downb001","jackr002","gricb001","lansc001","chald101","rudij101","millr001","rettm101","","","","K","T","F",3,3,3,"T","T",0,"F","F",1,"F","F",0,"F","F",0,"","F","F","",0,0,"N",0,"N",0,"N",0,0,0,0,"2","","","","F","F","F","F","F","F","F","F","F","","","","F","F","F","F","F","","","","",0,2,0,0,0,0,0,0,0,31,"BAL","BAL","CAL",1,"T","F",0,1,0,11,0,"T","F",0,0,"T","T","singk001","decid001","T","T",0,0,0,0,0,0,0,0,0,"","","",0,0,0,0,0,0,0,0,0,0,0,0,0,"","F","F","F","F",0,0,0,0,0,0,0,0,0,0,F,F,"1978BAL.EVA.regular.event.csv",3602
"BAL197807300","CAL",4,1,1,0,0,"",1,0,"singk001","?","singk001","?","frosd101","?","frosd101","?","downb001","jackr002","gricb001","lansc001","chald101","rudij101","millr001","rettm101","","","","S9/G34","F","F",9,4,20,"T","T",1,"F","F",0,"F","F",0,"F","F",9,"G","F","F","34",0,0,"N",0,"N",0,"N",1,0,0,0,"","","","","F","F","F","F","F","F","F","F","F","","","","F","F","F","F","F","","","","",0,0,0,0,0,0,0,0,0,32,"BAL","BAL","CAL",1,"F","F",0,1,0,12,1,"T","F",0,1,"T","T","decid001","kellp101","T","T",0,0,0,0,0,0,0,0,0,"","","",0,0,0,0,0,0,0,0,0,0,0,0,0,"rettm101","F","F","F","F",0,0,0,0,0,0,0,0,0,0,F,F,"1978BAL.EVA.regular.event.csv",3603
"BAL197807300","CAL",4,1,1,0,0,"",1,0,"decid001","?","decid001","?","frosd101","?","frosd101","?","downb001","jackr002","gricb001","lansc001","chald101","rudij101","millr001","rettm101","singk001","","","6","F","F",5,5,2,"T","T",0,"F","F",1,"F","F",0,"F","F",6,"F","F","F","",0,0,"N",0,"N",0,"N",0,1,0,0,"6","","","","F","F","F","F","F","F","F","F","F","frosd101","","","F","F","F","F","F","","","","",0,6,0,0,0,0,0,0,0,33,"BAL","BAL","CAL",1,"F","F",0,1,0,13,2,"T","F",1,1,"T","T","kellp101","may-l101","T","T",9,4,32,0,0,0,0,0,0,"downb001","","",0,0,0,0,0,0,0,0,0,0,0,0,0,"chald101","F","F","F","F",0,0,0,0,0,0,0,0,0,0,F,F,"1978BAL.EVA.regular.event.csv",3604
"BAL197807300","CAL",4,1,2,0,0,"",1,0,"kellp101","?","kellp101","?","frosd101","?","frosd101","?","downb001","jackr002","gricb001","lansc001","chald101","rudij101","millr001","rettm101","singk001","","","13/G1","F","F",7,6,2,"T","T",0,"F","F",1,"F","F",0,"F","F",1,"G","F","F","1",0,0,"N",0,"N",0,"N",0,1,0,0,"13","","","","F","F","F","F","F","F","F","F","F","frosd101","","","F","F","F","F","F","","","","",0,3,0,0,1,0,0,0,0,34,"BAL","BAL","CAL",1,"F","T",0,1,0,14,3,"T","F",1,1,"T","T","may-l101","dempr001","T","T",9,4,32,0,0,0,0,0,0,"downb001","","",0,0,0,0,0,0,0,0,0,0,0,0,0,"frosd101","F","F","F","F",0,0,0,0,0,0,0,0,0,0,F,F,"1978BAL.EVA.regular.event.csv",3605
"BAL197807300","CAL",5,0,0,0,0,"",1,0,"gricb001","?","gricb001","?","flanm001","?","flanm001","?","dempr001","murre001","dauer001","decid001","belam101","kellp101","harll101","singk001","","","","53","T","F",4,1,2,"T","T",0,"F","F",1,"F","F",0,"F","F",5,"G","F","F","",0,0,"N",0,"N",0,"N",0,0,0,0,"53","","","","F","F","F","F","F","F","F","F","F","","","","F","F","F","F","F","","","","",0,3,0,0,5,0,0,0,0,35,"BAL","CAL","BAL",0,"T","F",1,0,0,18,0,"T","F",0,0,"T","T","rettm101","lansc001","T","T",0,0,0,0,0,0,0,0,0,"","","",0,0,0,0,0,0,0,0,0,0,0,0,0,"decid001","F","F","F","F",0,0,0,0,0,0,0,0,0,0,F,F,"1978BAL.EVA.regular.event.csv",3606
"BAL197807300","CAL",5,0,1,0,0,"",1,0,"rettm101","?","rettm101","?","flanm001","?","flanm001","?","dempr001","murre001","dauer001","decid001","belam101","kellp101","harll101","singk001","","","","8","F","F",9,2,2,"T","T",0,"F","F",1,"F","F",0,"F","F",8,"F","F","F","",0,0,"N",0,"N",0,"N",0,0,0,0,"8","","","","F","F","F","F","F","F","F","F","F","","","","F","F","F","F","F","","","","",0,8,0,0,0,0,0,0,0,36,"BAL","CAL","BAL",0,"F","F",1,0,0,19,1,"T","F",0,0,"T","T","lansc001","jackr002","T","T",0,0,0,0,0,0,0,0,0,"","","",0,0,0,0,0,0,0,0,0,0,0,0,0,"harll101","F","F","F","F",0,0,0,0,0,0,0,0,0,0,F,F,"1978BAL.EVA.regular.event.csv",3607
"BAL197807300","CAL",5,0,2,0,0,"",1,0,"lansc001","?","lansc001","?","flanm001","?","flanm001","?","dempr001","murre001","dauer001","decid001","belam101","kellp101","harll101","singk001","","","","K","F","F",5,3,3,"T","T",0,"F","F",1,"F","F",0,"F","F",0,"","F","F","",0,0,"N",0,"N",0,"N",0,0,0,0,"2","","","","F","F","F","F","F","F","F","F","F","","","","F","F","F","F","F","","","","",0,2,0,0,0,0,0,0,0,37,"BAL","CAL","BAL",0,"F","T",1,0,0,20,2,"T","F",0,0,"T","T","jackr002","bayld001","T","T",0,0,0,0,0,0,0,0,0,"","","",0,0,0,0,0,0,0,0,0,0,0,0,0,"","F","F","F","F",0,0,0,0,0,0,0,0,0,0,F,F,"1978BAL.EVA.regular.event.csv",3608
"BAL197807300","CAL",5,1,0,0,0,"",1,0,"may-l101","?","may-l101","?","frosd101","?","frosd101","?","downb001","jackr002","gricb001","lansc001","chald101","rudij101","millr001","rettm101","","","","W","T","F",10,7,14,"T","F",0,"F","F",0,"F","F",0,"F","F",0,"","F","F","",0,0,"N",0,"N",0,"N",1,0,0,0,"","","","","F","F","F","F","F","F","F","F","F","","","","F","F","F","F","F","","","","",0,0,0,0,0,0,0,0,0,38,"BAL","BAL","CAL",1,"T","F",0,1,0,15,0,"T","F",0,1,"T","T","dempr001","belam101","T","T",0,0,0,0,0,0,0,0,0,"","","",0,0,0,0,0,0,0,0,0,0,0,0,0,"","F","F","F","F",0,0,0,0,0,0,0,0,0,0,F,F,"1978BAL.EVA.regular.event.csv",3609
"BAL197807300","CAL",5,1,0,0,0,"",1,0,"dempr001","?","dempr001","?","frosd101","?","frosd101","?","downb001","jackr002","gricb001","lansc001","chald101","rudij101","millr001","rettm101","may-l101","","","16(1)/FO/BG","F","F",2,8,2,"T","T",0,"F","F",1,"F","F",0,"F","F",1,"G","T","F","",0,0,"N",0,"N",0,"N",1,0,0,0,"","16","","","F","F","F","F","F","F","F","F","F","frosd101","","","F","F","F","F","F","","","","",0,6,0,0,1,0,0,0,0,39,"BAL","BAL","CAL",1,"F","F",0,1,0,16,1,"T","F",1,1,"T","T","belam101","harll101","T","T",10,7,38,0,0,0,0,0,0,"downb001","","",0,0,0,0,0,0,0,0,0,0,0,0,0,"frosd101","T","F","F","F",0,0,0,0,0,0,0,0,0,0,F,F,"1978BAL.EVA.regular.event.csv",3610
"BAL197807300","CAL",5,1,1,0,0,"",1,0,"belam101","?","belam101","?","frosd101","?","frosd101","?","downb001","jackr002","gricb001","lansc001","chald101","rudij101","millr001","rettm101","dempr001","","","K","F","F",6,9,3,"T","T",0,"F","F",1,"F","F",0,"F","F",0,"","F","F","",0,0,"N",0,"N",0,"N",0,1,0,0,"2","","","","F","F","F","F","F","F","F","F","F","frosd101","","","F","F","F","F","F","","","","",0,2,0,0,0,0,0,0,0,40,"BAL","BAL","CAL",1,"F","F",0,1,0,17,2,"T","F",1,1,"T","T","harll101","dauer001","T","T",2,8,39,0,0,0,0,0,0,"downb001","","",0,0,0,0,0,0,0,0,0,0,0,0,0,"","F","F","F","F",0,0,0,0,0,0,0,0,0,0,F,F,"1978BAL.EVA.regular.event.csv",3611
"BAL197807300","CAL",5,1,2,0,0,"",1,0,"harll101","?","harll101","?","frosd101","?","frosd101","?","downb001","jackr002","gricb001","lansc001","chald101","rudij101","millr001","rettm101","dempr001","","","K","F","F",8,1,3,"T","T",0,"F","F",1,"F","F",0,"F","F",0,"","F","F","",0,0,"N",0,"N",0,"N",0,1,0,0,"2","","","","F","F","F","F","F","F","F","F","F","frosd101","","","F","F","F","F","F","","","","",0,2,0,0,0,0,0,0,0,41,"BAL","BAL","CAL",1,"F","T",0,1,0,18,3,"T","F",1,1,"T","T","dauer001","murre001","T","T",2,8,39,0,0,0,0,0,0,"downb001","","",0,0,0,0,0,0,0,0,0,0,0,0,0,"","F","F","F","F",0,0,0,0,0,0,0,0,0,0,F,F,"1978BAL.EVA.regular.event.csv",3612
"BAL197807300","CAL",6,0,0,0,0,"",1,0,"jackr002","?","jackr002","?","flanm001","?","flanm001","?","dempr001","murre001","dauer001","decid001","belam101","kellp101","harll101","singk001","","","","3","T","F",3,4,2,"T","T",0,"F","F",1,"F","F",0,"F","F",3,"F","F","F","",0,0,"N",0,"N",0,"N",0,0,0,0,"3","","","","F","F","F","F","F","F","F","F","F","","","","F","F","F","F","F","","","","",0,3,0,0,0,0,0,0,0,42,"BAL","CAL","BAL",0,"T","F",1,0,0,21,0,"T","F",0,0,"T","T","bayld001","rudij101","T","T",0,0,0,0,0,0,0,0,0,"","","",0,0,0,0,0,0,0,0,0,0,0,0,0,"murre001","F","F","F","F",0,0,0,0,0,0,0,0,0,0,F,F,"1978BAL.EVA.regular.event.csv",3613
"BAL197807300","CAL",6,0,1,0,0,"",1,0,"bayld001","?","bayld001","?","flanm001","?","flanm001","?","dempr001","murre001","dauer001","decid001","belam101","kellp101","harll101","singk001","","","","S8","F","F",10,5,20,"T","T",1,"F","F",0,"F","F",0,"F","F",8,"","F","F","",0,0,"N",0,"N",0,"N",1,0,0,0,"","","","","F","F","F","F","F","F","F","F","F","","","","F","F","F","F","F","","","","",0,0,0,0,0,0,0,0,0,43,"BAL","CAL","BAL",0,"F","F",1,0,0,22,1,"T","F",0,1,"T","T","rudij101","downb001","T","T",0,0,0,0,0,0,0,0,0,"","","",0,0,0,0,0,0,0,0,0,0,0,0,0,"harll101","F","F","F","F",0,0,0,0,0,0,0,0,0,0,F,F,"1978BAL.EVA.regular.event.csv",3614
"BAL197807300","CAL",6,0,1,0,0,"",1,0,"rudij101","?","rudij101","?","flanm001","?","flanm001","?","dempr001","murre001","dauer001","decid001","belam101","kellp101","harll101","singk001","bayld001","","","64(1)3/GDP","F","F",7,6,2,"T","T",0,"F","F",2,"T","F",0,"F","F",6,"G","F","F","",0,0,"N",0,"N",0,"N",0,0,0,0,"43","64","","","F","F","F","F","F","F","F","F","F","flanm001","","","F","F","F","F","F","","","","",0,4,3,0,6,4,0,0,0,44,"BAL","CAL","BAL",0,"F","T",1,0,0,23,2,"T","F",1,0,"T","T","downb001","chald101","T","T",10,5,43,0,0,0,0,0,0,"dempr001","","",0,0,0,0,0,0,0,0,0,0,0,0,0,"belam101","T","F","F","F",0,0,0,0,0,0,0,0,0,0,F,F,"1978BAL.EVA.regular.event.csv",3615
"BAL197807300","CAL",6,1,0,0,0,"",1,0,"dauer001","?","dauer001","?","frosd101","?","frosd101","?","downb001","jackr002","gricb001","lansc001","chald101","rudij101","millr001","rettm101","","","","53","T","F",4,2,2,"T","T",0,"F","F",1,"F","F",0,"F","F",5,"G","F","F","",0,0,"N",0,"N",0,"N",0,0,0,0,"53","","","","F","F","F","F","F","F","F","F","F","","","","F","F","F","F","F","","","","",0,3,0,0,5,0,0,0,0,45,"BAL","BAL","CAL",1,"T","F",0,1,0,19,0,"T","F",0,0,"T","T","murre001","singk001","T","T",0,0,0,0,0,0,0,0,0,"","","",0,0,0,0,0,0,0,0,0,0,0,0,0,"lansc001","F","F","F","F",0,0,0,0,0,0,0,0,0,0,F,F,"1978BAL.EVA.regular.event.csv",3616
"BAL197807300","CAL",6,1,1,0,0,"",1,0,"murre001","?","murre001","?","frosd101","?","frosd101","?","downb001","jackr002","gricb001","lansc001","chald101","rudij101","millr001","rettm101","","","","S9/G34","F","F",3,3,20,"T","T",1,"F","F",0,"F","F",0,"F","F",9,"G","F","F","34",0,0,"N",0,"N",0,"N",1,0,0,0,"","","","","F","F","F","F","F","F","F","F","F","","","","F","F","F","F","F","","","","",0,0,0,0,0,0,0,0,0,46,"BAL","BAL","CAL",1,"F","F",0,1,0,20,1,"T","F",0,1,"T","T","singk001","decid001","T","T",0,0,0,0,0,0,0,0,0,"","","",0,0,0,0,0,0,0,0,0,0,0,0,0,"rettm101","F","F","F","F",0,0,0,0,0,0,0,0,0,0,F,F,"1978BAL.EVA.regular.event.csv",3617
"BAL197807300","CAL",6,1,1,0,0,"",1,0,"singk001","?","singk001","?","frosd101","?","frosd101","?","downb001","jackr002","gricb001","lansc001","chald101","rudij101","millr001","rettm101","murre001","","","D8.1-3","F","F",9,4,21,"T","T",2,"F","F",0,"F","F",0,"F","F",8,"","F","F","",0,0,"N",0,"N",0,"N",2,3,0,0,"","","","","F","F","F","F","F","F","F","F","F","frosd101","","","F","F","F","F","F","","","","",0,0,0,0,0,0,0,0,0,47,"BAL","BAL","CAL",1,"F","F",0,1,0,21,2,"T","F",1,6,"T","T","decid001","kellp101","T","T",3,3,46,0,0,0,0,0,0,"downb001","","",0,0,0,0,0,0,0,0,0,0,0,0,0,"millr001","F","F","F","F",0,0,0,0,0,0,0,0,0,0,F,F,"1978BAL.EVA.regular.event.csv",3618
"BAL197807300","CAL",6,1,1,0,0,"",1,0,"decid001","?","decid001","?","frosd101","?","frosd101","?","downb001","jackr002","gricb001","lansc001","chald101","rudij101","millr001","rettm101","","singk001","murre001","K","F","F",5,5,3,"T","T",0,"F","F",1,"F","F",0,"F","F",0,"","F","F","",0,0,"N",0,"N",0,"N",0,0,2,3,"2","","","","F","F","F","F","F","F","F","F","F","","frosd101","frosd101","F","F","F","F","F","","","","",0,2,0,0,0,0,0,0,0,48,"BAL","BAL","CAL",1,"F","F",0,1,0,22,3,"T","F",6,6,"T","T","kellp101","may-l101","T","T",0,0,0,9,4,47,3,3,46,"","downb001","downb001",0,0,0,0,0,0,0,0,0,0,0,0,0,"","F","F","F","F",0,0,0,0,0,0,0,0,0,0,F,F,"1978BAL.EVA.regular.event.csv",3619
"BAL197807300","CAL",6,1,2,0,0,"",1,0,"kellp101","?","kellp101","?","frosd101","?","frosd101","?","downb001","jackr002","gricb001","lansc001","chald101","rudij101","millr001","rettm101","","singk001","murre001","6","F","F",7,6,2,"T","T",0,"F","F",1,"F","F",0,"F","F",6,"F","F","F","",0,0,"N",0,"N",0,"N",0,0,2,3,"6","","","","F","F","F","F","F","F","F","F","F","","frosd101","frosd101","F","F","F","F","F","","","","",0,6,0,0,0,0,0,0,0,49,"BAL","BAL","CAL",1,"F","T",0,1,0,23,4,"T","F",6,6,"T","T","may-l101","dempr001","T","T",0,0,0,9,4,47,3,3,46,"","downb001","downb001",0,0,0,0,0,0,0,0,0,0,0,0,0,"chald101","F","F","F","F",0,0,0,0,0,0,0,0,0,0,F,F,"1978BAL.EVA.regular.event.csv",3620
"BAL197807300","CAL",7,0,0,0,0,"",1,0,"downb001","?","downb001","?","flanm001","?","flanm001","?","dempr001","murre001","dauer001","decid001","belam101","kellp101","harll101","singk001","","","","5","T","F",2,7,2,"T","T",0,"F","F",1,"F","F",0,"F","F",5,"F","F","F","",0,0,"N",0,"N",0,"N",0,0,0,0,"5","","","","F","F","F","F","F","F","F","F","F","","","","F","F","F","F","F","","","","",0,5,0,0,0,0,0,0,0,50,"BAL","CAL","BAL",0,"T","F",1,0,0,24,0,"T","F",0,0,"T","T","chald101","millr001","T","T",0,0,0,0,0,0,0,0,0,"","","",0,0,0,0,0,0,0,0,0,0,0,0,0,"decid001","F","F","F","F",0,0,0,0,0,0,0,0,0,0,F,F,"1978BAL.EVA.regular.event.csv",3621
"BAL197807300","CAL",7,0,1,0,0,"",1,0,"chald101","?","chald101","?","flanm001","?","flanm001","?","dempr001","murre001","dauer001","decid001","belam101","kellp101","harll101","singk001","","","","S8","F","F",6,8,20,"T","T",1,"F","F",0,"F","F",0,"F","F",8,"","F","F","",0,0,"N",0,"N",0,"N",1,0,0,0,"","","","","F","F","F","F","F","F","F","F","F","","","","F","F","F","F","F","","","","",0,0,0,0,0,0,0,0,0,51,"BAL","CAL","BAL",0,"F","F",1,0,0,25,1,"T","F",0,1,"T","T","millr001","gricb001","T","T",0,0,0,0,0,0,0,0,0,"","","",0,0,0,0,0,0,0,0,0,0,0,0,0,"harll101","F","F","F","F",0,0,0,0,0,0,0,0,0,0,F,F,"1978BAL.EVA.regular.event.csv",3622
"BAL197807300","CAL",7,0,1,0,0,"",1,0,"millr001","?","millr001","?","flanm001","?","flanm001","?","dempr001","murre001","dauer001","decid001","belam101","kellp101","harll101","singk001","chald101","","","7","F","F",8,9,2,"T","T",0,"F","F",1,"F","F",0,"F","F",7,"F","F","F","",0,0,"N",0,"N",0,"N",0,1,0,0,"7","","","","F","F","F","F","F","F","F","F","F","flanm001","","","F","F","F","F","F","","","","",0,7,0,0,0,0,0,0,0,52,"BAL","CAL","BAL",0,"F","F",1,0,0,26,2,"T","F",1,1,"T","T","gricb001","rettm101","T","T",6,8,51,0,0,0,0,0,0,"dempr001","","",0,0,0,0,0,0,0,0,0,0,0,0,0,"kellp101","F","F","F","F",0,0,0,0,0,0,0,0,0,0,F,F,"1978BAL.EVA.regular.event.csv",3623
"BAL197807300","CAL",7,0,2,0,0,"",1,0,"gricb001","?","gricb001","?","flanm001","?","flanm001","?","dempr001","murre001","dauer001","decid001","belam101","kellp101","harll101","singk001","chald101","","","53","F","F",4,1,2,"T","T",0,"F","F",1,"F","F",0,"F","F",5,"G","F","F","",0,0,"N",0,"N",0,"N",0,1,0,0,"53","","","","F","F","F","F","F","F","F","F","F","flanm001","","","F","F","F","F","F","","","","",0,3,0,0,5,0,0,0,0,53,"BAL","CAL","BAL",0,"F","T",1,0,0,27,3,"T","F",1,1,"T","T","rettm101","lansc001","T","T",6,8,51,0,0,0,0,0,0,"dempr001","","",0,0,0,0,0,0,0,0,0,0,0,0,0,"decid001","F","F","F","F",0,0,0,0,0,0,0,0,0,0,F,F,"1978BAL.EVA.regular.event.csv",3624
"BAL197807300","CAL",7,1,0,0,0,"",1,0,"may-l101","?","may-l101","?","frosd101","?","frosd101","?","downb001","jackr002","gricb001","lansc001","chald101","rudij101","millr001","rettm101","","","","23","T","F",10,7,2,"T","T",0,"F","F",1,"F","F",0,"F","F",2,"G","F","F","",0,0,"N",0,"N",0,"N",0,0,0,0,"23","","","","F","F","F","F","F","F","F","F","F","","","","F","F","F","F","F","","","","",0,3,0,0,2,0,0,0,0,54,"BAL","BAL","CAL",1,"T","F",0,1,0,24,0,"T","F",0,0,"T","T","dempr001","belam101","T","T",0,0,0,0,0,0,0,0,0,"","","",0,0,0,0,0,0,0,0,0,0,0,0,0,"downb001","F","F","F","F",0,0,0,0,0,0,0,0,0,0,F,F,"1978BAL.EVA.regular.event.csv",3625
"BAL197807300","CAL",7,1,1,0,0,"",1,0,"dempr001","?","dempr001","?","frosd101","?","frosd101","?","downb001","jackr002","gricb001","lansc001","chald101","rudij101","millr001","rettm101","","","","W","F","F",2,8,14,"T","F",0,"F","F",0,"F","F",0,"F","F",0,"","F","F","",0,0,"N",0,"N",0,"N",1,0,0,0,"","","","","F","F","F","F","F","F","F","F","F","","","","F","F","F","F","F","","","","",0,0,0,0,0,0,0,0,0,55,"BAL","BAL","CAL",1,"F","F",0,1,0,25,1,"T","F",0,1,"T","T","belam101","harll101","T","T",0,0,0,0,0,0,0,0,0,"","","",0,0,0,0,0,0,0,0,0,0,0,0,0,"","F","F","F","F",0,0,0,0,0,0,0,0,0,0,F,F,"1978BAL.EVA.regular.event.csv",3626
"BAL197807300","CAL",7,1,1,0,0,"",1,0,"belam101","?","belam101","?","frosd101","?","frosd101","?","downb001","jackr002","gricb001","lansc001","chald101","rudij101","millr001","rettm101","dempr001","","","4(B)3(1)/LDP","F","F",6,9,2,"T","T",0,"F","F",2,"T","F",0,"F","F",4,"L","F","F","",0,0,"N",0,"N",0,"N",0,0,0,0,"4","43","","","F","F","F","F","F","F","F","F","F","frosd101","","","F","F","F","F","F","","","","",0,4,3,0,4,0,0,0,0,56,"BAL","BAL","CAL",1,"F","T",0,1,0,26,2,"T","F",1,0,"T","T","harll101","dauer001","T","T",2,8,55,0,0,0,0,0,0,"downb001","","",0,0,0,0,0,0,0,0,0,0,0,0,0,"gricb001","F","F","F","F",0,0,0,0,0,0,0,0,0,0,F,F,"1978BAL.EVA.regular.event.csv",3627
"BAL197807300","CAL",8,0,0,0,0,"",1,0,"rettm101","?","rettm101","?","flanm001","?","flanm001","?","dempr001","murre001","dauer001","decid001","belam101","kellp101","harll101","singk001","","","","W","T","F",9,2,14,"T","F",0,"F","F",0,"F","F",0,"F","F",0,"","F","F","",0,0,"N",0,"N",0,"N",1,0,0,0,"","","","","F","F","F","F","F","F","F","F","F","","","","F","F","F","F","F","","","","",0,0,0,0,0,0,0,0,0,57,"BAL","CAL","BAL",0,"T","F",1,0,0,28,0,"T","F",0,1,"T","T","lansc001","jackr002","T","T",0,0,0,0,0,0,0,0,0,"","","",0,0,0,0,0,0,0,0,0,0,0,0,0,"","F","F","F","F",4,0,0,0,2,0,0,0,0,0,F,F,"1978BAL.EVA.regular.event.csv",3628
"BAL197807300","CAL",8,0,0,0,0,"",1,0,"lansc001","?","lansc001","?","flanm001","?","flanm001","?","dempr001","murre001","dauer001","decid001","belam101","kellp101","harll101","singk001","bostl101","","","WP.1-2","F","F",5,3,9,"F","F",0,"F","F",0,"F","F",0,"T","F",0,"","F","F","",0,0,"N",0,"N",0,"N",0,2,0,0,"","","","","F","F","F","F","F","F","F","F","F","flanm001","","","F","F","T","F","F","rettm101","","","",0,0,0,0,0,0,0,0,0,58,"BAL","CAL","BAL",0,"F","F",1,0,0,29,1,"T","F",1,2,"T","T","jackr002","bayld001","T","T",0,2,57,0,0,0,0,0,0,"dempr001","","",0,0,0,0,0,0,0,0,0,0,0,0,0,"","F","F","F","F",0,4,0,0,2,0,0,0,0,0,F,F,"1978BAL.EVA.regular.event.csv",3629
"BAL197807300","CAL",8,0,0,0,0,"",1,0,"lansc001","?","lansc001","?","flanm001","?","flanm001","?","dempr001","murre001","dauer001","decid001","belam101","kellp101","harll101","singk001","","bostl101","","63","F","F",5,3,2,"T","T",0,"F","F",1,"F","F",0,"F","F",6,"G","F","F","",0,0,"N",0,"N",0,"N",0,0,2,0,"63","","","","F","F","F","F","F","F","F","F","F","","flanm001","","F","F","F","F","F","","","","",0,3,0,0,6,0,0,0,0,59,"BAL","CAL","BAL",0,"F","F",1,0,0,29,1,"F","F",2,2,"T","T","jackr002","bayld001","T","T",0,0,0,0,2,57,0,0,0,"","dempr001","",0,0,0,0,0,0,0,0,0,0,0,0,0,"belam101","F","F","F","F",0,0,4,0,2,0,0,0,0,0,F,F,"1978BAL.EVA.regular.event.csv",3630
"BAL197807300","CAL",8,0,1,0,0,"",1,0,"jackr002","?","jackr002","?","flanm001","?","flanm001","?","dempr001","murre001","dauer001","decid001","belam101","kellp101","harll101","singk001","","bostl101","","W","F","F",3,4,14,"T","F",0,"F","F",0,"F","F",0,"F","F",0,"","F","F","",0,0,"N",0,"N",0,"N",1,0,2,0,"","","","","F","F","F","F","F","F","F","F","F","","flanm001","","F","F","F","F","F","","","","",0,0,0,0,0,0,0,0,0,60,"BAL","CAL","BAL",0,"F","F",1,0,0,30,2,"T","F",2,3,"T","T","bayld001","rudij101","T","T",0,0,0,0,2,57,0,0,0,"","dempr001","",0,0,0,0,0,0,0,0,0,0,0,0,0,"","F","F","F","F",4,0,4,0,2,0,0,0,0,0,F,F,"1978BAL.EVA.regular.event.csv",3631
"BAL197807300","CAL",8,0,1,0,0,"",1,0,"bayld001","?","bayld001","?","flanm001","?","flanm001","?","dempr001","murre001","dauer001","decid001","belam101","kellp101","harll101","singk001","jackr002","bostl101","","2/P2F","F","F",10,5,2,"T","T",0,"F","F",1,"F","F",0,"F","F",2,"P","F","T","2F",0,0,"N",0,"N",0,"N",0,1,2,0,"2","","","","F","F","F","F","F","F","F","F","F","flanm001","flanm001","","F","F","F","F","F","","","","",0,2,0,0,0,0,0,0,0,61,"BAL","CAL","BAL",0,"F","F",1,0,0,31,3,"T","F",3,3,"T","T","rudij101","downb001","T","T",3,4,60,0,2,57,0,0,0,"dempr001","dempr001","",0,0,0,0,0,0,0,0,0,0,0,0,0,"dempr001","F","F","F","F",0,4,4,0,2,0,0,0,0,0,F,F,"1978BAL.EVA.regular.event.csv",3632
"BAL197807300","CAL",8,0,2,0,0,"",1,0,"rudij101","?","rudij101","?","flanm001","?","flanm001","?","dempr001","murre001","dauer001","decid001","belam101","kellp101","harll101","singk001","jackr002","bostl101","","S9.2-H;1-2","F","F",7,6,20,"T","T",1,"F","F",0,"F","F",1,"F","F",9,"","F","F","",0,0,"N",0,"N",0,"N",1,2,4,0,"","","","","F","F","F","F","F","F","F","F","F","flanm001","flanm001","","F","F","F","F","F","","","","",0,0,0,0,0,0,0,0,0,62,"BAL","CAL","BAL",0,"F","F",1,0,0,32,4,"T","F",3,3,"T","T","downb001","chald101","T","T",3,4,60,0,2,57,0,0,0,"dempr001","dempr001","",0,0,0,0,0,0,0,0,0,0,0,0,1,"singk001","F","F","F","F",3,4,4,0,1,0,0,0,0,0,F,F,"1978BAL.EVA.regular.event.csv",3633
"BAL197807300","CAL",8,0,2,0,0,"",2,0,"downb001","?","downb001","?","stand101","?","stand101","?","dempr001","murre001","dauer001","decid001","belam101","kellp101","harll101","singk001","rudij101","jackr002","","S.2-H;1-3","F","F",2,7,20,"T","T",1,"F","F",0,"F","F",1,"F","F",0,"","F","F","",0,0,"N",0,"N",0,"N",1,3,4,0,"","","","","F","F","F","F","F","F","F","F","F","flanm001","flanm001","","F","F","F","F","F","","","","",0,0,0,0,0,0,0,0,0,63,"BAL","CAL","BAL",0,"F","F",2,0,1,33,5,"T","F",3,5,"T","T","chald101","millr001","F","F",7,6,62,3,4,60,0,0,0,"dempr001","dempr001","",0,0,0,0,0,0,0,0,0,0,0,0,1,"","F","F","F","F",1,3,4,0,0,0,0,0,0,0,F,F,"1978BAL.EVA.regular.event.csv",3634
"BAL197807300","CAL",8,0,2,0,0,"",3,0,"chald101","?","chald101","?","stand101","?","stand101","?","dempr001","murre001","dauer001","decid001","belam101","kellp101","harll101","singk001","downb001","","rudij101","6/L","F","F",6,8,2,"T","T",0,"F","F",1,"F","F",0,"F","F",6,"L","F","F","",0,0,"N",0,"N",0,"N",0,1,0,3,"6","","","","F","F","F","F","F","F","F","F","F","stand101","","flanm001","F","F","F","F","F","","","","",0,6,0,0,0,0,0,0,0,64,"BAL","CAL","BAL",0,"F","T",3,0,2,34,6,"T","F",5,5,"T","T","millr001","gricb001","F","F",2,7,63,0,0,0,7,6,62,"dempr001","","dempr001",0,0,0,0,0,0,0,0,0,0,0,0,0,"belam101","F","F","F","F",0,1,0,3,0,0,0,0,0,0,F,F,"1978BAL.EVA.regular.event.csv",3635
"BAL197807300","CAL",8,1,0,0,0,"",3,0,"harll101","?","harll101","?","frosd101","?","frosd101","?","humpt101","jackr002","gricb001","lansc001","chald101","rudij101","millr001","bostl101","","","","W","T","F",8,1,14,"T","F",0,"F","F",0,"F","F",0,"F","F",0,"","F","F","",0,0,"N",0,"N",0,"N",1,0,0,0,"","","","","F","F","F","F","F","F","F","F","F","","","","F","F","F","F","F","","","","",0,0,0,0,0,0,0,0,0,65,"BAL","BAL","CAL",1,"T","F",0,3,0,27,0,"T","F",0,1,"T","T","dauer001","murre001","T","T",0,0,0,0,0,0,0,0,0,"","","",0,0,0,0,0,0,0,0,0,0,0,0,0,"","F","F","F","F",0,0,0,0,2,0,0,0,0,0,F,F,"1978BAL.EVA.regular.event.csv",3636
"BAL197807300","CAL",8,1,0,0,0,"",3,0,"dauer001","?","dauer001","?","frosd101","?","frosd101","?","humpt101","jackr002","gricb001","lansc001","chald101","rudij101","millr001","bostl101","harll101","","","54(1)/FO","F","F",4,2,2,"T","T",0,"F","F",1,"F","F",0,"F","F",5,"G","F","F","",0,0,"N",0,"N",0,"N",1,0,0,0,"","54","","","F","F","F","F","F","F","F","F","F","frosd101","","","F","F","F","F","F","","","","",0,4,0,0,5,0,0,0,0,66,"BAL","BAL","CAL",1,"F","F",0,3,0,28,1,"T","F",1,1,"T","T","murre001","singk001","T","T",8,1,65,0,0,0,0,0,0,"humpt101","","",0,0,0,0,0,0,0,0,0,0,0,0,0,"lansc001","T","F","F","F",4,0,0,0,2,0,0,0,0,0,F,F,"1978BAL.EVA.regular.event.csv",3637
"BAL197807300","CAL",8,1,1,0,0,"",3,0,"murre001","?","murre001","?","frosd101","?","frosd101","?","humpt101","jackr002","gricb001","lansc001","chald101","rudij101","millr001","bostl101","dauer001","","","S9.1-3","F","F",3,3,20,"T","T",1,"F","F",0,"F","F",0,"F","F",9,"","F","F","",0,0,"N",0,"N",0,"N",1,3,0,0,"","","","","F","F","F","F","F","F","F","F","F","frosd101","","","F","F","F","F","F","","","","",0,0,0,0,0,0,0,0,0,67,"BAL","BAL","CAL",1,"F","F",0,3,0,29,2,"T","F",1,5,"T","T","singk001","decid001","T","T",4,2,66,0,0,0,0,0,0,"humpt101","","",0,0,0,0,0,0,0,0,0,0,0,0,0,"bostl101","F","F","F","F",4,4,0,0,2,0,0,0,0,0,F,F,"1978BAL.EVA.regular.event.csv",3638
"BAL197807300","CAL",8,1,1,0,0,"",3,0,"singk001","?","singk001","?","frosd101","?","frosd101","?","humpt101","jackr002","gricb001","lansc001","chald101","rudij101","millr001","bostl101","murre001","","dauer001","43.3-H;1-2","F","F",9,4,2,"T","T",0,"F","F",1,"F","F",1,"F","F",4,"G","F","F","",0,0,"N",0,"N",0,"N",0,2,0,4,"43","","","","F","F","F","F","F","F","F","F","F","frosd101","","frosd101","F","F","F","F","F","","","","",0,3,0,0,4,0,0,0,0,68,"BAL","BAL","CAL",1,"F","F",0,3,0,30,3,"T","F",5,2,"T","T","decid001","kellp101","T","T",3,3,67,0,0,0,4,2,66,"humpt101","","humpt101",0,0,0,0,0,0,0,0,0,0,0,0,1,"gricb001","F","F","F","F",0,4,0,4,1,0,0,0,0,0,F,F,"1978BAL.EVA.regular.event.csv",3639
"BAL197807300","CAL",8,1,2,0,0,"",3,1,"decid001","?","decid001","?","frosd101","?","frosd101","?","humpt101","jackr002","gricb001","lansc001","chald101","rudij101","millr001","bostl101","","murre001","","D7.2-H","F","F",5,5,21,"T","T",2,"F","F",0,"F","F",1,"F","F",7,"","F","F","",0,0,"N",0,"N",0,"N",2,0,4,0,"","","","","F","F","F","F","F","F","F","F","F","","frosd101","","F","F","F","F","F","","","","",0,0,0,0,0,0,0,0,0,69,"BAL","BAL","CAL",1,"F","F",1,3,1,31,4,"T","F",2,2,"T","T","kellp101","may-l101","T","T",0,0,0,3,3,67,0,0,0,"","humpt101","",0,0,0,0,0,0,0,0,0,0,0,0,1,"rudij101","F","F","F","F",2,0,4,0,0,0,0,0,0,0,F,F,"1978BAL.EVA.regular.event.csv",3640
"BAL197807300","CAL",8,1,2,0,0,"",3,2,"moraa101","?","moraa101","?","larod101","?","larod101","?","humpt101","jackr002","gricb001","lansc001","chald101","rudij101","millr001","bostl101","","decid001","","4","F","T",11,6,2,"T","T",0,"F","F",1,"F","F",0,"F","F",4,"F","F","F","",0,0,"N",0,"N",0,"N",0,0,2,0,"4","","","","F","F","F","F","F","F","F","F","F","","frosd101","","F","F","F","F","F","","","","kellp101",7,4,0,0,0,0,0,0,0,70,"BAL","BAL","CAL",1,"F","T",2,3,2,32,5,"T","F",2,2,"F","F","may-l101","dempr001","F","F",0,0,0,5,5,69,0,0,0,"","humpt101","",0,0,0,0,0,0,0,0,0,0,0,0,0,"gricb001","F","F","F","F",0,0,2,0,0,0,0,0,0,0,F,F,"1978BAL.EVA.regular.event.csv",3641
"BAL197807300","CAL",9,0,0,0,0,"",3,2,"millr001","?","millr001","?","stand101","?","stand101","?","dempr001","murre001","dauer001","decid001","belam101","moraa101","harll101","singk001","","","","S7","T","F",8,9,20,"T","T",1,"F","F",0,"F","F",0,"F","F",7,"","F","F","",0,0,"N",0,"N",0,"N",1,0,0,0,"","","","","F","F","F","F","F","F","F","F","F","","","","F","F","F","F","F","","","","",0,0,0,0,0,0,0,0,0,71,"BAL","CAL","BAL",0,"T","F",3,2,0,35,0,"T","F",0,1,"T","T","gricb001","bostl101","F","F",0,0,0,0,0,0,0,0,0,"","","",0,0,0,0,0,0,0,0,0,0,0,0,0,"moraa101","F","F","F","F",4,0,0,0,1,0,0,0,0,0,F,F,"1978BAL.EVA.regular.event.csv",3642
"BAL197807300","CAL",9,0,0,0,0,"",3,2,"gricb001","?","gricb001","?","stand101","?","stand101","?","dempr001","murre001","dauer001","decid001","belam101","moraa101","harll101","singk001","millr001","","","FC/SH.1-2","F","F",4,1,19,"T","F",0,"T","F",0,"F","F",0,"F","F",0,"G","T","F","",0,0,"N",0,"N",0,"N",1,2,0,0,"","","","","F","F","F","F","F","F","F","F","F","stand101","","","F","F","F","F","F","","","","",0,0,0,0,0,0,0,0,0,72,"BAL","CAL","BAL",0,"F","F",3,2,0,36,1,"T","F",1,3,"T","T","bostl101","lansc001","F","F",8,9,71,0,0,0,0,0,0,"dempr001","","",0,0,0,0,0,0,0,0,0,0,0,0,0,"","F","F","F","F",0,4,0,0,1,0,0,0,0,0,F,F,"1978BAL.EVA.regular.event.csv",3643
"BAL197807300","CAL",9,0,0,0,0,"",3,2,"bostl101","?","bostl101","?","stand101","?","stand101","?","dempr001","murre001","dauer001","decid001","belam101","moraa101","harll101","singk001","gricb001","millr001","","S8.2-H;1-2","F","F",9,2,20,"T","T",1,"F","F",0,"F","F",1,"F","F",8,"","F","F","",0,0,"N",0,"N",0,"N",1,2,4,0,"","","","","F","F","F","F","F","F","F","F","F","stand101","stand101","","F","F","F","F","F","","","","",0,0,0,0,0,0,0,0,0,73,"BAL","CAL","BAL",0,"F","F",3,2,0,37,2,"T","F",3,3,"F","F","lansc001","jackr002","F","F",4,1,72,8,9,71,0,0,0,"dempr001","dempr001","",0,0,0,0,0,0,0,0,0,0,0,0,1,"harll101","F","F","F","F",0,0,4,0,0,0,0,0,0,0,F,F,"1978BAL.EVA.regular.event.csv",3644
"BAL197807300","CAL",9,0,0,0,0,"",4,2,"lansc001","?","lansc001","?","stand101","?","stand101","?","dempr001","murre001","dauer001","decid001","belam101","moraa101","harll101","singk001","bostl101","gricb001","","POCS2(13)","F","F",5,3,8,"F","F",0,"F","F",1,"F","F",0,"F","F",0,"","F","F","",0,0,"N",0,"N",0,"N",0,0,2,0,"","13","","","F","F","F","T","F","F","T","F","F","stand101","stand101","","F","F","F","F","F","","","","",0,3,0,0,1,0,0,0,0,74,"BAL","CAL","BAL",0,"F","F",4,2,1,38,3,"T","F",3,2,"T","T","jackr002","bayld001","F","F",9,2,73,4,1,72,0,0,0,"dempr001","dempr001","",0,0,0,0,0,0,0,0,0,0,0,0,0,"","F","F","F","F",0,0,0,0,0,0,0,0,0,0,F,F,"1978BAL.EVA.regular.event.csv",3645
"BAL197807300","CAL",9,0,1,0,0,"",4,2,"lansc001","?","lansc001","?","stand101","?","stand101","?","dempr001","murre001","dauer001","decid001","belam101","moraa101","harll101","singk001","","gricb001","","9","F","F",5,3,2,"T","T",0,"F","F",1,"F","F",0,"F","F",9,"F","F","F","",0,0,"N",0,"N",0,"N",0,0,2,0,"9","","","","F","F","F","F","F","F","F","F","F","","stand101","","F","F","F","F","F","","","","",0,9,0,0,0,0,0,0,0,75,"BAL","CAL","BAL",0,"F","F",4,2,1,38,3,"F","F",2,2,"T","T","jackr002","bayld001","F","F",0,0,0,4,1,72,0,0,0,"","dempr001","",0,0,0,0,0,0,0,0,0,0,0,0,0,"singk001","F","F","F","F",0,0,0,0,0,0,0,0,0,0,F,F,"1978BAL.EVA.regular.event.csv",3646
"BAL197807300","CAL",9,0,2,0,0,"",4,2,"jackr002","?","jackr002","?","stand101","?","stand101","?","dempr001","murre001","dauer001","decid001","belam101","moraa101","harll101","singk001","","gricb001","","63","F","F",3,4,2,"T","T",0,"F","F",1,"F","F",0,"F","F",6,"G","F","F","",0,0,"N",0,"N",0,"N",0,0,2,0,"63","","","","F","F","F","F","F","F","F","F","F","","stand101","","F","F","F","F","F","","","","",0,3,0,0,6,0,0,0,0,76,"BAL","CAL","BAL",0,"F","T",4,2,1,39,4,"T","F",2,2,"T","T","bayld001","rudij101","F","F",0,0,0,4,1,72,0,0,0,"","dempr001","",0,0,0,0,0,0,0,0,0,0,0,0,0,"belam101","F","F","F","F",0,0,0,0,0,0,0,0,0,0,F,F,"1978BAL.EVA.regular.event.csv",3647
"BAL197807300","CAL",9,1,0,0,0,"",4,2,"may-l101","?","may-l101","?","larod101","?","larod101","?","humpt101","jackr002","gricb001","lansc001","chald101","rudij101","millr001","bostl101","","","","S9","T","F",10,7,20,"T","T",1,"F","F",0,"F","F",0,"F","F",9,"","F","F","",0,0,"N",0,"N",0,"N",1,0,0,0,"","","","","F","F","F","F","F","F","F","F","F","","","","F","F","F","F","F","","","","",0,0,0,0,0,0,0,0,0,77,"BAL","BAL","CAL",1,"T","F",2,4,0,33,0,"T","F",0,1,"T","T","dempr001","belam101","F","F",0,0,0,0,0,0,0,0,0,"","","",0,0,0,0,0,0,0,0,0,0,0,0,0,"bostl101","F","F","F","F",1,0,0,0,0,0,0,0,0,0,F,F,"1978BAL.EVA.regular.event.csv",3648
"BAL197807300","CAL",9,1,0,0,0,"",4,2,"dempr001","?","dempr001","?","larod101","?","larod101","?","humpt101","jackr002","gricb001","lansc001","chald101","rudij101","millr001","bostl101","may-l101","","","K","F","F",2,8,3,"T","T",0,"F","F",1,"F","F",0,"F","F",0,"","F","F","",0,0,"N",0,"N",0,"N",0,1,0,0,"2","","","","F","F","F","F","F","F","F","F","F","larod101","","","F","F","F","F","F","","","","",0,2,0,0,0,0,0,0,0,78,"BAL","BAL","CAL",1,"F","F",2,4,0,34,1,"T","F",1,1,"T","T","belam101","harll101","F","F",10,7,77,0,0,0,0,0,0,"humpt101","","",0,0,0,0,0,0,0,0,0,0,0,0,0,"","F","F","F","F",0,1,0,0,0,0,0,0,0,0,F,F,"1978BAL.EVA.regular.event.csv",3649
"BAL197807300","CAL",9,1,1,0,0,"",4,2,"andem101","?","andem101","?","larod101","?","larod101","?","humpt101","jackr002","gricb001","lansc001","chald101","rudij101","millr001","bostl101","may-l101","","","8","F","T",11,9,2,"T","T",0,"F","F",1,"F","F",0,"F","F",8,"F","F","F","",0,0,"N",0,"N",0,"N",0,1,0,0,"8","","","","F","F","F","F","F","F","F","F","F","larod101","","","F","F","F","F","F","","","","belam101",6,8,0,0,0,0,0,0,0,79,"BAL","BAL","CAL",1,"F","F",2,4,0,35,2,"T","F",1,1,"F","F","harll101","dauer001","F","F",10,7,77,0,0,0,0,0,0,"humpt101","","",0,0,0,0,0,0,0,0,0,0,0,0,0,"millr001","F","F","F","F",0,1,0,0,0,0,0,0,0,0,F,F,"1978BAL.EVA.regular.event.csv",3650
"BAL197807300","CAL",9,1,2,0,0,"",4,2,"lopec101","?","lopec101","?","larod101","?","larod101","?","humpt101","jackr002","gricb001","lansc001","chald101","rudij101","millr001","bostl101","may-l101","","","K","F","T",11,1,3,"T","T",0,"F","F",1,"F","F",0,"F","F",0,"","F","F","",0,0,"N",0,"N",0,"N",0,1,0,0,"2","","","","F","F","F","F","F","F","F","F","F","larod101","","","F","T","F","F","F","","","","harll101",8,2,0,0,0,0,0,0,0,80,"BAL","BAL","CAL",1,"F","T",2,4,0,36,3,"T","F",1,1,"F","F","dauer001","murre001","F","F",10,7,77,0,0,0,0,0,0,"humpt101","","",0,0,0,0,0,0,0,0,0,0,0,0,0,"","F","F","F","F",0,1,0,0,0,0,0,0,0,0,F,F,"1978BAL.EVA.regular.event.csv",3651
"BAL197807310","MIL",1,0,0,0,0,"",0,0,"molip001","?","molip001","?","mcgrs001","?","mcgrs001","?","dempr001","murre001","dauer001","decid001","belam101","moraa101","lopec101","singk001","","","","4","T","F",4,1,2,"T","T",0,"F","F",1,"F","F",0,"F","F",4,"F","F","F","",0,0,"N",0,"N",0,"N",0,0,0,0,"4","","","","F","F","F","F","F","F","F","F","F","","","","T","F","F","F","F","","","","",0,4,0,0,0,0,0,0,0,1,"BAL","MIL","BAL",0,"T","F",0,0,0,0,0,"T","F",0,0,"T","T","moned101","bands101","T","T",0,0,0,0,0,0,0,0,0,"","","",0,0,0,0,0,0,0,0,0,0,0,0,0,"dauer001","F","F","F","F",0,0,0,0,2,0,0,0,0,0,F,F,"1978BAL.EVA.regular.event.csv",3652
"BAL197807310","MIL",1,0,1,0,0,"",0,0,"moned101","?","moned101","?","mcgrs001","?","mcgrs001","?","dempr001","murre001","dauer001","decid001","belam101","moraa101","lopec101","singk001","","","","W","F","F",3,2,14,"T","F",0,"F","F",0,"F","F",0,"F","F",0,"","F","F","",0,0,"N",0,"N",0,"N",1,0,0,0,"","","","","F","F","F","F","F","F","F","F","F","","","","F","F","F","F","F","","","","",0,0,0,0,0,0,0,0,0,2,"BAL","MIL","BAL",0,"F","F",0,0,0,1,1,"T","F",0,1,"T","T","bands101","hisll101","T","T",0,0,0,0,0,0,0,0,0,"","","",0,0,0,0,0,0,0,0,0,0,0,0,0,"","F","F","F","F",4,0,0,0,2,0,0,0,0,0,F,F,"1978BAL.EVA.regular.event.csv",3653
"BAL197807310","MIL",1,0,1,0,0,"",0,0,"bands101","?","bands101","?","mcgrs001","?","mcgrs001","?","dempr001","murre001","dauer001","decid001","belam101","moraa101","lopec101","singk001","moned101","","","63.1-2","F","F",5,3,2,"T","T",0,"F","F",1,"F","F",0,"F","F",6,"G","F","F","",0,0,"N",0,"N",0,"N",0,2,0,0,"63","","","","F","F","F","F","F","F","F","F","F","mcgrs001","","","F","F","F","F","F","","","","",0,3,0,0,6,0,0,0,0,3,"BAL","MIL","BAL",0,"F","F",0,0,0,2,2,"T","F",1,2,"T","T","hisll101","david101","T","T",3,2,2,0,0,0,0,0,0,"dempr001","","",0,0,0,0,0,0,0,0,0,0,0,0,0,"belam101","F","F","F","F",0,4,0,0,2,0,0,0,0,0,F,F,"1978BAL.EVA.regular.event.csv",3654
"BAL197807310","MIL",1,0,2,0,0,"",0,0,"hisll101","?","hisll101","?","mcgrs001","?","mcgrs001","?","dempr001","murre001","dauer001","decid001","belam101","moraa101","lopec101","singk001","","moned101","","S9.2-H;B-2","F","F",7,4,20,"T","T",1,"F","F",0,"F","F",1,"F","F",9,"","F","F","",0,0,"N",0,"N",0,"N",2,0,4,0,"","","","","F","F","F","F","F","F","F","F","F","","mcgrs001","","F","F","F","F","F","","","","",0,0,0,0,0,0,0,0,0,4,"BAL","MIL","BAL",0,"F","F",0,0,0,3,3,"T","F",2,2,"T","T","david101","wohlj001","T","T",0,0,0,3,2,2,0,0,0,"","dempr001","",0,0,0,0,0,0,0,0,0,0,0,0,1,"singk001","F","F","F","F",4,0,4,0,1,0,0,0,0,0,F,F,"1978BAL.EVA.regular.event.csv",3655
"BAL197807310","MIL",1,0,2,0,0,"",1,0,"david101","?","david101","?","mcgrs001","?","mcgrs001","?","dempr001","murre001","dauer001","decid001","belam101","moraa101","lopec101","singk001","","hisll101","","S8.2-H","F","F",10,5,20,"T","T",1,"F","F",0,"F","F",1,"F","F",8,"","F","F","",0,0,"N",0,"N",0,"N",1,0,4,0,"","","","","F","F","F","F","F","F","F","F","F","","mcgrs001","","F","F","F","F","F","","","","",0,0,0,0,0,0,0,0,0,5,"BAL","MIL","BAL",0,"F","F",1,0,1,4,4,"T","F",2,1,"T","T","wohlj001","younr001","T","T",0,0,0,7,4,4,0,0,0,"","dempr001","",0,0,0,0,0,0,0,0,0,0,0,0,1,"lopec101","F","F","F","F",0,0,4,0,0,0,0,0,0,0,F,F,"1978BAL.EVA.regular.event.csv",3656
"BAL197807310","MIL",1,0,2,0,0,"",2,0,"wohlj001","?","wohlj001","?","mcgrs001","?","mcgrs001","?","dempr001","murre001","dauer001","decid001","belam101","moraa101","lopec101","singk001","david101","","","13","F","F",9,6,2,"T","T",0,"F","F",1,"F","F",0,"F","F",1,"G","F","F","",0,0,"N",0,"N",0,"N",0,1,0,0,"13","","","","F","F","F","F","F","F","F","F","F","mcgrs001","","","F","F","F","F","F","","","","",0,3,0,0,1,0,0,0,0,6,"BAL","MIL","BAL",0,"F","T",2,0,2,5,5,"T","F",1,1,"T","T","younr001","thomg001","T","T",10,5,5,0,0,0,0,0,0,"dempr001","","",0,0,0,0,0,0,0,0,0,0,0,0,0,"mcgrs001","F","F","F","F",0,0,0,0,0,0,0,0,0,0,F,F,"1978BAL.EVA.regular.event.csv",3657
"BAL197807310","MIL",1,1,0,0,0,"",2,0,"belam101","?","belam101","?","travb101","?","travb101","?","moorc001","moned101","molip001","bands101","younr001","hisll101","thomg001","wohlj001","","","","K","T","F",6,1,3,"T","T",0,"F","F",1,"F","F",0,"F","F",0,"","F","F","",0,0,"N",0,"N",0,"N",0,0,0,0,"2","","","","F","F","F","F","F","F","F","F","F","","","","F","F","F","F","F","","","","",0,2,0,0,0,0,0,0,0,7,"BAL","BAL","MIL",1,"T","F",0,2,0,0,0,"T","F",0,0,"T","T","dauer001","singk001","T","T",0,0,0,0,0,0,0,0,0,"","","",0,0,0,0,0,0,0,0,0,0,0,0,0,"","F","F","F","F",0,0,0,0,0,0,0,0,0,0,F,F,"1978BAL.EVA.regular.event.csv",3658
"BAL197807310","MIL",1,1,1,0,0,"",2,0,"dauer001","?","dauer001","?","travb101","?","travb101","?","moorc001","moned101","molip001","bands101","younr001","hisll101","thomg001","wohlj001","","","","7","F","F",4,2,2,"T","T",0,"F","F",1,"F","F",0,"F","F",7,"F","F","F","",0,0,"N",0,"N",0,"N",0,0,0,0,"7","","","","F","F","F","F","F","F","F","F","F","","","","F","F","F","F","F","","","","",0,7,0,0,0,0,0,0,0,8,"BAL","BAL","MIL",1,"F","F",0,2,0,1,1,"T","F",0,0,"T","T","singk001","murre001","T","T",0,0,0,0,0,0,0,0,0,"","","",0,0,0,0,0,0,0,0,0,0,0,0,0,"hisll101","F","F","F","F",0,0,0,0,0,0,0,0,0,0,F,F,"1978BAL.EVA.regular.event.csv",3659
"BAL197807310","MIL",1,1,2,0,0,"",2,0,"singk001","?","singk001","?","travb101","?","travb101","?","moorc001","moned101","molip001","bands101","younr001","hisll101","thomg001","wohlj001","","","","6","F","F",9,3,2,"T","T",0,"F","F",1,"F","F",0,"F","F",6,"F","F","F","",0,0,"N",0,"N",0,"N",0,0,0,0,"6","","","","F","F","F","F","F","F","F","F","F","","","","F","F","F","F","F","","","","",0,6,0,0,0,0,0,0,0,9,"BAL","BAL","MIL",1,"F","T",0,2,0,2,2,"T","F",0,0,"T","T","murre001","may-l101","T","T",0,0,0,0,0,0,0,0,0,"","","",0,0,0,0,0,0,0,0,0,0,0,0,0,"younr001","F","F","F","F",0,0,0,0,0,0,0,0,0,0,F,F,"1978BAL.EVA.regular.event.csv",3660
"BAL197807310","MIL",2,0,0,0,0,"",2,0,"younr001","?","younr001","?","mcgrs001","?","mcgrs001","?","dempr001","murre001","dauer001","decid001","belam101","moraa101","lopec101","singk001","","","","7","T","F",6,7,2,"T","T",0,"F","F",1,"F","F",0,"F","F",7,"F","F","F","",0,0,"N",0,"N",0,"N",0,0,0,0,"7","","","","F","F","F","F","F","F","F","F","F","","","","F","F","F","F","F","","","","",0,7,0,0,0,0,0,0,0,10,"BAL","MIL","BAL",0,"T","F",2,0,0,6,0,"T","F",0,0,"T","T","thomg001","moorc001","T","T",0,0,0,0,0,0,0,0,0,"","","",0,0,0,0,0,0,0,0,0,0,0,0,0,"moraa101","F","F","F","F",0,0,0,0,0,0,0,0,0,0,F,F,"1978BAL.EVA.regular.event.csv",3661
"BAL197807310","MIL",2,0,1,0,0,"",2,0,"thomg001","?","thomg001","?","mcgrs001","?","mcgrs001","?","dempr001","murre001","dauer001","decid001","belam101","moraa101","lopec101","singk001","","","","8","F","F",8,8,2,"T","T",0,"F","F",1,"F","F",0,"F","F",8,"F","F","F","",0,0,"N",0,"N",0,"N",0,0,0,0,"8","","","","F","F","F","F","F","F","F","F","F","","","","F","F","F","F","F","","","","",0,8,0,0,0,0,0,0,0,11,"BAL","MIL","BAL",0,"F","F",2,0,0,7,1,"T","F",0,0,"T","T","moorc001","molip001","T","T",0,0,0,0,0,0,0,0,0,"","","",0,0,0,0,0,0,0,0,0,0,0,0,0,"lopec101","F","F","F","F",0,0,0,0,0,0,0,0,0,0,F,F,"1978BAL.EVA.regular.event.csv",3662
"BAL197807310","MIL",2,0,2,0,0,"",2,0,"moorc001","?","moorc001","?","mcgrs001","?","mcgrs001","?","dempr001","murre001","dauer001","decid001","belam101","moraa101","lopec101","singk001","","","","3/P3F","F","F",2,9,2,"T","T",0,"F","F",1,"F","F",0,"F","F",3,"P","F","T","3F",0,0,"N",0,"N",0,"N",0,0,0,0,"3","","","","F","F","F","F","F","F","F","F","F","","","","F","F","F","F","F","","","","",0,3,0,0,0,0,0,0,0,12,"BAL","MIL","BAL",0,"F","T",2,0,0,8,2,"T","F",0,0,"T","T","molip001","moned101","T","T",0,0,0,0,0,0,0,0,0,"","","",0,0,0,0,0,0,0,0,0,0,0,0,0,"murre001","F","F","F","F",0,0,0,0,0,0,0,0,0,0,F,F,"1978BAL.EVA.regular.event.csv",3663
"BAL197807310","MIL",2,1,0,0,0,"",2,0,"murre001","?","murre001","?","travb101","?","travb101","?","moorc001","moned101","molip001","bands101","younr001","hisll101","thomg001","wohlj001","","","","K","T","F",3,4,3,"T","T",0,"F","F",1,"F","F",0,"F","F",0,"","F","F","",0,0,"N",0,"N",0,"N",0,0,0,0,"2","","","","F","F","F","F","F","F","F","F","F","","","","F","F","F","F","F","","","","",0,2,0,0,0,0,0,0,0,13,"BAL","BAL","MIL",1,"T","F",0,2,0,3,0,"T","F",0,0,"T","T","may-l101","decid001","T","T",0,0,0,0,0,0,0,0,0,"","","",0,0,0,0,0,0,0,0,0,0,0,0,0,"","F","F","F","F",0,0,0,0,0,0,0,0,0,0,F,F,"1978BAL.EVA.regular.event.csv",3664
"BAL197807310","MIL",2,1,1,0,0,"",2,0,"may-l101","?","may-l101","?","travb101","?","travb101","?","moorc001","moned101","molip001","bands101","younr001","hisll101","thomg001","wohlj001","","","","63","F","F",10,5,2,"T","T",0,"F","F",1,"F","F",0,"F","F",6,"G","F","F","",0,0,"N",0,"N",0,"N",0,0,0,0,"63","","","","F","F","F","F","F","F","F","F","F","","","","F","F","F","F","F","","","","",0,3,0,0,6,0,0,0,0,14,"BAL","BAL","MIL",1,"F","F",0,2,0,4,1,"T","F",0,0,"T","T","decid001","moraa101","T","T",0,0,0,0,0,0,0,0,0,"","","",0,0,0,0,0,0,0,0,0,0,0,0,0,"younr001","F","F","F","F",0,0,0,0,0,0,0,0,0,0,F,F,"1978BAL.EVA.regular.event.csv",3665
"BAL197807310","MIL",2,1,2,0,0,"",2,0,"decid001","?","decid001","?","travb101","?","travb101","?","moorc001","moned101","molip001","bands101","younr001","hisll101","thomg001","wohlj001","","","","S7","F","F",5,6,20,"T","T",1,"F","F",0,"F","F",0,"F","F",7,"","F","F","",0,0,"N",0,"N",0,"N",1,0,0,0,"","","","","F","F","F","F","F","F","F","F","F","","","","F","F","F","F","F","","","","",0,0,0,0,0,0,0,0,0,15,"BAL","BAL","MIL",1,"F","F",0,2,0,5,2,"T","F",0,1,"T","T","moraa101","lopec101","T","T",0,0,0,0,0,0,0,0,0,"","","",0,0,0,0,0,0,0,0,0,0,0,0,0,"hisll101","F","F","F","F",0,0,0,0,0,0,0,0,0,0,F,F,"1978BAL.EVA.regular.event.csv",3666
"BAL197807310","MIL",2,1,2,0,0,"",2,0,"moraa101","?","moraa101","?","travb101","?","travb101","?","moorc001","moned101","molip001","bands101","younr001","hisll101","thomg001","wohlj001","decid001","","","2/P","F","F",7,7,2,"T","T",0,"F","F",1,"F","F",0,"F","F",2,"P","F","F","",0,0,"N",0,"N",0,"N",0,1,0,0,"2","","","","F","F","F","F","F","F","F","F","F","travb101","","","F","F","F","F","F","","","","",0,2,0,0,0,0,0,0,0,16,"BAL","BAL","MIL",1,"F","T",0,2,0,6,3,"T","F",1,1,"T","T","lopec101","dempr001","T","T",5,6,15,0,0,0,0,0,0,"moorc001","","",0,0,0,0,0,0,0,0,0,0,0,0,0,"moorc001","F","F","F","F",0,0,0,0,0,0,0,0,0,0,F,F,"1978BAL.EVA.regular.event.csv",3667
"BAL197807310","MIL",3,0,0,0,0,"",2,0,"molip001","?","molip001","?","mcgrs001","?","mcgrs001","?","dempr001","murre001","dauer001","decid001","belam101","moraa101","lopec101","singk001","","","","63","T","F",4,1,2,"T","T",0,"F","F",1,"F","F",0,"F","F",6,"G","F","F","",0,0,"N",0,"N",0,"N",0,0,0,0,"63","","","","F","F","F","F","F","F","F","F","F","","","","F","F","F","F","F","","","","",0,3,0,0,6,0,0,0,0,17,"BAL","MIL","BAL",0,"T","F",2,0,0,9,0,"T","F",0,0,"T","T","moned101","bands101","T","T",0,0,0,0,0,0,0,0,0,"","","",0,0,0,0,0,0,0,0,0,0,0,0,0,"belam101","F","F","F","F",0,0,0,0,0,0,0,0,0,0,F,F,"1978BAL.EVA.regular.event.csv",3668
"BAL197807310","MIL",3,0,1,0,0,"",2,0,"moned101","?","moned101","?","mcgrs001","?","mcgrs001","?","dempr001","murre001","dauer001","decid001","belam101","moraa101","lopec101","singk001","","","","53","F","F",3,2,2,"T","T",0,"F","F",1,"F","F",0,"F","F",5,"G","F","F","",0,0,"N",0,"N",0,"N",0,0,0,0,"53","","","","F","F","F","F","F","F","F","F","F","","","","F","F","F","F","F","","","","",0,3,0,0,5,0,0,0,0,18,"BAL","MIL","BAL",0,"F","F",2,0,0,10,1,"T","F",0,0,"T","T","bands101","hisll101","T","T",0,0,0,0,0,0,0,0,0,"","","",0,0,0,0,0,0,0,0,0,0,0,0,0,"decid001","F","F","F","F",0,0,0,0,0,0,0,0,0,0,F,F,"1978BAL.EVA.regular.event.csv",3669
"BAL197807310","MIL",3,0,2,0,0,"",2,0,"bands101","?","bands101","?","mcgrs001","?","mcgrs001","?","dempr001","murre001","dauer001","decid001","belam101","moraa101","lopec101","singk001","","","","9","F","F",5,3,2,"T","T",0,"F","F",1,"F","F",0,"F","F",9,"F","F","F","",0,0,"N",0,"N",0,"N",0,0,0,0,"9","","","","F","F","F","F","F","F","F","F","F","","","","F","F","F","F","F","","","","",0,9,0,0,0,0,0,0,0,19,"BAL","MIL","BAL",0,"F","T",2,0,0,11,2,"T","F",0,0,"T","T","hisll101","david101","T","T",0,0,0,0,0,0,0,0,0,"","","",0,0,0,0,0,0,0,0,0,0,0,0,0,"singk001","F","F","F","F",0,0,0,0,0,0,0,0,0,0,F,F,"1978BAL.EVA.regular.event.csv",3670
"BAL197807310","MIL",3,1,0,0,0,"",2,0,"lopec101","?","lopec101","?","travb101","?","travb101","?","moorc001","moned101","molip001","bands101","younr001","hisll101","thomg001","wohlj001","","","","6","T","F",8,8,2,"T","T",0,"F","F",1,"F","F",0,"F","F",6,"F","F","F","",0,0,"N",0,"N",0,"N",0,0,0,0,"6","","","","F","F","F","F","F","F","F","F","F","","","","F","F","F","F","F","","","","",0,6,0,0,0,0,0,0,0,20,"BAL","BAL","MIL",1,"T","F",0,2,0,7,0,"T","F",0,0,"T","T","dempr001","belam101","T","T",0,0,0,0,0,0,0,0,0,"","","",0,0,0,0,0,0,0,0,0,0,0,0,0,"younr001","F","F","F","F",0,0,0,0,0,0,0,0,0,0,F,F,"1978BAL.EVA.regular.event.csv",3671
"BAL197807310","MIL",3,1,1,0,0,"",2,0,"dempr001","?","dempr001","?","travb101","?","travb101","?","moorc001","moned101","molip001","bands101","younr001","hisll101","thomg001","wohlj001","","","","7","F","F",2,9,2,"T","T",0,"F","F",1,"F","F",0,"F","F",7,"F","F","F","",0,0,"N",0,"N",0,"N",0,0,0,0,"7","","","","F","F","F","F","F","F","F","F","F","","","","F","F","F","F","F","","","","",0,7,0,0,0,0,0,0,0,21,"BAL","BAL","MIL",1,"F","F",0,2,0,8,1,"T","F",0,0,"T","T","belam101","dauer001","T","T",0,0,0,0,0,0,0,0,0,"","","",0,0,0,0,0,0,0,0,0,0,0,0,0,"hisll101","F","F","F","F",0,0,0,0,0,0,0,0,0,0,F,F,"1978BAL.EVA.regular.event.csv",3672
"BAL197807310","MIL",3,1,2,0,0,"",2,0,"belam101","?","belam101","?","travb101","?","travb101","?","moorc001","moned101","molip001","bands101","younr001","hisll101","thomg001","wohlj001","","","","8","F","F",6,1,2,"T","T",0,"F","F",1,"F","F",0,"F","F",8,"F","F","F","",0,0,"N",0,"N",0,"N",0,0,0,0,"8","","","","F","F","F","F","F","F","F","F","F","","","","F","F","F","F","F","","","","",0,8,0,0,0,0,0,0,0,22,"BAL","BAL","MIL",1,"F","T",0,2,0,9,2,"T","F",0,0,"T","T","dauer001","singk001","T","T",0,0,0,0,0,0,0,0,0,"","","",0,0,0,0,0,0,0,0,0,0,0,0,0,"thomg001","F","F","F","F",0,0,0,0,0,0,0,0,0,0,F,F,"1978BAL.EVA.regular.event.csv",3673
"BAL197807310","MIL",4,0,0,0,0,"",2,0,"hisll101","?","hisll101","?","mcgrs001","?","mcgrs001","?","dempr001","murre001","dauer001","decid001","belam101","moraa101","lopec101","singk001","","","","7","T","F",7,4,2,"T","T",0,"F","F",1,"F","F",0,"F","F",7,"F","F","F","",0,0,"N",0,"N",0,"N",0,0,0,0,"7","","","","F","F","F","F","F","F","F","F","F","","","","F","F","F","F","F","","","","",0,7,0,0,0,0,0,0,0,23,"BAL","MIL","BAL",0,"T","F",2,0,0,12,0,"T","F",0,0,"T","T","david101","wohlj001","T","T",0,0,0,0,0,0,0,0,0,"","","",0,0,0,0,0,0,0,0,0,0,0,0,0,"moraa101","F","F","F","F",0,0,0,0,0,0,0,0,0,0,F,F,"1978BAL.EVA.regular.event.csv",3674
"BAL197807310","MIL",4,0,1,0,0,"",2,0,"david101","?","david101","?","mcgrs001","?","mcgrs001","?","dempr001","murre001","dauer001","decid001","belam101","moraa101","lopec101","singk001","","","","63","F","F",10,5,2,"T","T",0,"F","F",1,"F","F",0,"F","F",6,"G","F","F","",0,0,"N",0,"N",0,"N",0,0,0,0,"63","","","","F","F","F","F","F","F","F","F","F","","","","F","F","F","F","F","","","","",0,3,0,0,6,0,0,0,0,24,"BAL","MIL","BAL",0,"F","F",2,0,0,13,1,"T","F",0,0,"T","T","wohlj001","younr001","T","T",0,0,0,0,0,0,0,0,0,"","","",0,0,0,0,0,0,0,0,0,0,0,0,0,"belam101","F","F","F","F",0,0,0,0,0,0,0,0,0,0,F,F,"1978BAL.EVA.regular.event.csv",3675
"BAL197807310","MIL",4,0,2,0,0,"",2,0,"wohlj001","?","wohlj001","?","mcgrs001","?","mcgrs001","?","dempr001","murre001","dauer001","decid001","belam101","moraa101","lopec101","singk001","","","","63","F","F",9,6,2,"T","T",0,"F","F",1,"F","F",0,"F","F",6,"G","F","F","",0,0,"N",0,"N",0,"N",0,0,0,0,"63","","","","F","F","F","F","F","F","F","F","F","","","","F","F","F","F","F","","","","",0,3,0,0,6,0,0,0,0,25,"BAL","MIL","BAL",0,"F","T",2,0,0,14,2,"T","F",0,0,"T","T","younr001","thomg001","T","T",0,0,0,0,0,0,0,0,0,"","","",0,0,0,0,0,0,0,0,0,0,0,0,0,"belam101","F","F","F","F",0,0,0,0,0,0,0,0,0,0,F,F,"1978BAL.EVA.regular.event.csv",3676
"BAL197807310","MIL",4,1,0,0,0,"",2,0,"dauer001","?","dauer001","?","travb101","?","travb101","?","moorc001","moned101","molip001","bands101","younr001","hisll101","thomg001","wohlj001","","","","D7","T","F",4,2,21,"T","T",2,"F","F",0,"F","F",0,"F","F",7,"","F","F","",0,0,"N",0,"N",0,"N",2,0,0,0,"","","","","F","F","F","F","F","F","F","F","F","","","","F","F","F","F","F","","","","",0,0,0,0,0,0,0,0,0,26,"BAL","BAL","MIL",1,"T","F",0,2,0,10,0,"T","F",0,2,"T","T","singk001","murre001","T","T",0,0,0,0,0,0,0,0,0,"","","",0,0,0,0,0,0,0,0,0,0,0,0,0,"hisll101","F","F","F","F",4,0,0,0,2,0,0,0,0,0,F,F,"1978BAL.EVA.regular.event.csv",3677
"BAL197807310","MIL",4,1,0,0,0,"",2,0,"singk001","?","singk001","?","travb101","?","travb101","?","moorc001","moned101","molip001","bands101","younr001","hisll101","thomg001","wohlj001","","dauer001","","T9.2-H","F","F",9,3,22,"T","T",3,"F","F",0,"F","F",1,"F","F",9,"","F","F","",0,0,"N",0,"N",0,"N",3,0,4,0,"","","","","F","F","F","F","F","F","F","F","F","","travb101","","F","F","F","F","F","","","","",0,0,0,0,0,0,0,0,0,27,"BAL","BAL","MIL",1,"F","F",0,2,0,11,1,"T","F",2,4,"T","T","murre001","may-l101","T","T",0,0,0,4,2,26,0,0,0,"","moorc001","",0,0,0,0,0,0,0,0,0,0,0,0,1,"wohlj001","F","F","F","F",4,0,4,0,1,0,0,0,0,0,F,F,"1978BAL.EVA.regular.event.csv",3678
"BAL197807310","MIL",4,1,0,0,0,"",2,1,"murre001","?","murre001","?","travb101","?","travb101","?","moorc001","moned101","molip001","bands101","younr001","hisll101","thomg001","wohlj001","","","singk001","31.3-H","F","F",3,4,2,"T","T",0,"F","F",1,"F","F",1,"F","F",3,"G","F","F","",0,0,"N",0,"N",0,"N",0,0,0,4,"31","","","","F","F","F","F","F","F","F","F","F","","","travb101","F","F","F","F","F","","","","",0,1,0,0,3,0,0,0,0,28,"BAL","BAL","MIL",1,"F","F",1,2,1,12,2,"T","F",4,0,"T","T","may-l101","decid001","T","T",0,0,0,0,0,0,9,3,27,"","","moorc001",0,0,0,0,0,0,0,0,0,0,0,0,1,"moned101","F","F","F","F",0,0,0,4,0,0,0,0,0,0,F,F,"1978BAL.EVA.regular.event.csv",3679
"BAL197807310","MIL",4,1,1,0,0,"",2,2,"may-l101","?","may-l101","?","travb101","?","travb101","?","moorc001","moned101","molip001","bands101","younr001","hisll101","thomg001","wohlj001","","","","K/C","F","F",10,5,3,"T","T",0,"F","F",1,"F","F",0,"F","F",0,"","F","F","",0,0,"N",0,"N",0,"N",0,0,0,0,"2","","","","F","F","F","F","F","F","F","F","F","","","","F","F","F","F","F","","","","",0,2,0,0,0,0,0,0,0,29,"BAL","BAL","MIL",1,"F","F",2,2,2,13,3,"T","F",0,0,"T","T","decid001","moraa101","T","T",0,0,0,0,0,0,0,0,0,"","","",0,0,0,0,0,0,0,0,0,0,0,0,0,"","F","F","F","F",0,0,0,0,0,0,0,0,0,0,F,F,"1978BAL.EVA.regular.event.csv",3680
"BAL197807310","MIL",4,1,2,0,0,"",2,2,"decid001","?","decid001","?","travb101","?","travb101","?","moorc001","moned101","molip001","bands101","younr001","hisll101","thomg001","wohlj001","","","","53","F","F",5,6,2,"T","T",0,"F","F",1,"F","F",0,"F","F",5,"G","F","F","",0,0,"N",0,"N",0,"N",0,0,0,0,"53","","","","F","F","F","F","F","F","F","F","F","","","","F","F","F","F","F","","","","",0,3,0,0,5,0,0,0,0,30,"BAL","BAL","MIL",1,"F","T",2,2,2,14,4,"T","F",0,0,"T","T","moraa101","lopec101","T","T",0,0,0,0,0,0,0,0,0,"","","",0,0,0,0,0,0,0,0,0,0,0,0,0,"bands101","F","F","F","F",0,0,0,0,0,0,0,0,0,0,F,F,"1978BAL.EVA.regular.event.csv",3681
"BAL197807310","MIL",5,0,0,0,0,"",2,2,"younr001","?","younr001","?","mcgrs001","?","mcgrs001","?","dempr001","murre001","dauer001","decid001","belam101","moraa101","lopec101","singk001","","","","53","T","F",6,7,2,"T","T",0,"F","F",1,"F","F",0,"F","F",5,"G","F","F","",0,0,"N",0,"N",0,"N",0,0,0,0,"53","","","","F","F","F","F","F","F","F","F","F","","","","F","F","F","F","F","","","","",0,3,0,0,5,0,0,0,0,31,"BAL","MIL","BAL",0,"T","F",2,2,0,15,0,"T","F",0,0,"T","T","thomg001","moorc001","T","T",0,0,0,0,0,0,0,0,0,"","","",0,0,0,0,0,0,0,0,0,0,0,0,0,"decid001","F","F","F","F",0,0,0,0,0,0,0,0,0,0,F,F,"1978BAL.EVA.regular.event.csv",3682
"BAL197807310","MIL",5,0,1,0,0,"",2,2,"thomg001","?","thomg001","?","mcgrs001","?","mcgrs001","?","dempr001","murre001","dauer001","decid001","belam101","moraa101","lopec101","singk001","","","","K","F","F",8,8,3,"T","T",0,"F","F",1,"F","F",0,"F","F",0,"","F","F","",0,0,"N",0,"N",0,"N",0,0,0,0,"2","","","","F","F","F","F","F","F","F","F","F","","","","F","F","F","F","F","","","","",0,2,0,0,0,0,0,0,0,32,"BAL","MIL","BAL",0,"F","F",2,2,0,16,1,"T","F",0,0,"T","T","moorc001","molip001","T","T",0,0,0,0,0,0,0,0,0,"","","",0,0,0,0,0,0,0,0,0,0,0,0,0,"","F","F","F","F",0,0,0,0,0,0,0,0,0,0,F,F,"1978BAL.EVA.regular.event.csv",3683
"BAL197807310","MIL",5,0,2,0,0,"",2,2,"moorc001","?","moorc001","?","mcgrs001","?","mcgrs001","?","dempr001","murre001","dauer001","decid001","belam101","moraa101","lopec101","singk001","","","","9","F","F",2,9,2,"T","T",0,"F","F",1,"F","F",0,"F","F",9,"F","F","F","",0,0,"N",0,"N",0,"N",0,0,0,0,"9","","","","F","F","F","F","F","F","F","F","F","","","","F","F","F","F","F","","","","",0,9,0,0,0,0,0,0,0,33,"BAL","MIL","BAL",0,"F","T",2,2,0,17,2,"T","F",0,0,"T","T","molip001","moned101","T","T",0,0,0,0,0,0,0,0,0,"","","",0,0,0,0,0,0,0,0,0,0,0,0,0,"singk001","F","F","F","F",0,0,0,0,0,0,0,0,0,0,F,F,"1978BAL.EVA.regular.event.csv",3684
"BAL197807310","MIL",5,1,0,0,0,"",2,2,"moraa101","?","moraa101","?","travb101","?","travb101","?","moorc001","moned101","molip001","bands101","younr001","hisll101","thomg001","wohlj001","","","","HR/F7","T","F",7,7,23,"T","T",4,"F","F",0,"F","F",1,"F","F",0,"F","F","F","7",0,0,"N",0,"N",0,"N",4,0,0,0,"","","","","F","F","F","F","F","F","F","F","F","","","","F","F","F","F","F","","","","",0,0,0,0,0,0,0,0,0,34,"BAL","BAL","MIL",1,"T","F",2,2,0,15,0,"T","F",0,0,"T","T","lopec101","dempr001","T","T",0,0,0,0,0,0,0,0,0,"","","",0,0,0,0,0,0,0,0,0,0,0,0,1,"","F","F","F","F",4,0,0,0,0,0,0,0,0,0,F,F,"1978BAL.EVA.regular.event.csv",3685
"BAL197807310","MIL",5,1,0,0,0,"",2,3,"lopec101","?","lopec101","?","travb101","?","travb101","?","moorc001","moned101","molip001","bands101","younr001","hisll101","thomg001","wohlj001","","","","53","F","F",8,8,2,"T","T",0,"F","F",1,"F","F",0,"F","F",5,"G","F","F","",0,0,"N",0,"N",0,"N",0,0,0,0,"53","","","","F","F","F","F","F","F","F","F","F","","","","F","F","F","F","F","","","","",0,3,0,0,5,0,0,0,0,35,"BAL","BAL","MIL",1,"F","F",3,2,1,16,1,"T","F",0,0,"T","T","dempr001","belam101","T","T",0,0,0,0,0,0,0,0,0,"","","",0,0,0,0,0,0,0,0,0,0,0,0,0,"bands101","F","F","F","F",0,0,0,0,0,0,0,0,0,0,F,F,"1978BAL.EVA.regular.event.csv",3686
"BAL197807310","MIL",5,1,1,0,0,"",2,3,"dempr001","?","dempr001","?","travb101","?","travb101","?","moorc001","moned101","molip001","bands101","younr001","hisll101","thomg001","wohlj001","","","","S8","F","F",2,9,20,"T","T",1,"F","F",0,"F","F",0,"F","F",8,"","F","F","",0,0,"N",0,"N",0,"N",1,0,0,0,"","","","","F","F","F","F","F","F","F","F","F","","","","F","F","F","F","F","","","","",0,0,0,0,0,0,0,0,0,36,"BAL","BAL","MIL",1,"F","F",3,2,1,17,2,"T","F",0,1,"T","T","belam101","dauer001","T","T",0,0,0,0,0,0,0,0,0,"","","",0,0,0,0,0,0,0,0,0,0,0,0,0,"thomg001","F","F","F","F",0,0,0,0,0,0,0,0,0,0,F,F,"1978BAL.EVA.regular.event.csv",3687
"BAL197807310","MIL",5,1,1,0,0,"",2,3,"belam101","?","belam101","?","travb101","?","travb101","?","moorc001","moned101","molip001","bands101","younr001","hisll101","thomg001","wohlj001","dempr001","","","7","F","F",6,1,2,"T","T",0,"F","F",1,"F","F",0,"F","F",7,"F","F","F","",0,0,"N",0,"N",0,"N",0,1,0,0,"7","","","","F","F","F","F","F","F","F","F","F","travb101","","","F","F","F","F","F","","","","",0,7,0,0,0,0,0,0,0,37,"BAL","BAL","MIL",1,"F","F",3,2,1,18,3,"T","F",1,1,"T","T","dauer001","singk001","T","T",2,9,36,0,0,0,0,0,0,"moorc001","","",0,0,0,0,0,0,0,0,0,0,0,0,0,"hisll101","F","F","F","F",0,0,0,0,0,0,0,0,0,0,F,F,"1978BAL.EVA.regular.event.csv",3688
"BAL197807310","MIL",5,1,2,0,0,"",2,3,"dauer001","?","dauer001","?","travb101","?","travb101","?","moorc001","moned101","molip001","bands101","younr001","hisll101","thomg001","wohlj001","dempr001","","","6","F","F",4,2,2,"T","T",0,"F","F",1,"F","F",0,"F","F",6,"F","F","F","",0,0,"N",0,"N",0,"N",0,1,0,0,"6","","","","F","F","F","F","F","F","F","F","F","travb101","","","F","F","F","F","F","","","","",0,6,0,0,0,0,0,0,0,38,"BAL","BAL","MIL",1,"F","T",3,2,1,19,4,"T","F",1,1,"T","T","singk001","murre001","T","T",2,9,36,0,0,0,0,0,0,"moorc001","","",0,0,0,0,0,0,0,0,0,0,0,0,0,"younr001","F","F","F","F",0,0,0,0,0,0,0,0,0,0,F,F,"1978BAL.EVA.regular.event.csv",3689
"BAL197807310","MIL",6,0,0,0,0,"",2,3,"molip001","?","molip001","?","mcgrs001","?","mcgrs001","?","dempr001","murre001","dauer001","decid001","belam101","moraa101","lopec101","singk001","","","","S8","T","F",4,1,20,"T","T",1,"F","F",0,"F","F",0,"F","F",8,"","F","F","",0,0,"N",0,"N",0,"N",1,0,0,0,"","","","","F","F","F","F","F","F","F","F","F","","","","F","F","F","F","F","","","","",0,0,0,0,0,0,0,0,0,39,"BAL","MIL","BAL",0,"T","F",2,3,0,18,0,"T","F",0,1,"T","T","moned101","bands101","T","T",0,0,0,0,0,0,0,0,0,"","","",0,0,0,0,0,0,0,0,0,0,0,0,0,"lopec101","F","F","F","F",0,0,0,0,0,0,0,0,0,0,F,F,"1978BAL.EVA.regular.event.csv",3690
"BAL197807310","MIL",6,0,0,0,0,"",2,3,"moned101","?","moned101","?","mcgrs001","?","mcgrs001","?","dempr001","murre001","dauer001","decid001","belam101","moraa101","lopec101","singk001","molip001","","","SB2","F","F",3,2,4,"F","F",0,"F","F",0,"F","F",0,"F","F",0,"","F","F","",0,0,"N",0,"N",0,"N",0,2,0,0,"","","","","T","F","F","F","F","F","F","F","F","mcgrs001","","","F","F","F","F","F","","","","",0,0,0,0,0,0,0,0,0,40,"BAL","MIL","BAL",0,"F","F",2,3,0,19,1,"T","F",1,2,"T","T","bands101","hisll101","T","T",4,1,39,0,0,0,0,0,0,"dempr001","","",0,0,0,0,0,0,0,0,0,0,0,0,0,"","F","F","F","F",0,0,0,0,0,0,0,0,0,0,F,F,"1978BAL.EVA.regular.event.csv",3691
"BAL197807310","MIL",6,0,0,0,0,"",2,3,"moned101","?","moned101","?","mcgrs001","?","mcgrs001","?","dempr001","murre001","dauer001","decid001","belam101","moraa101","lopec101","singk001","","molip001","","3/P3F","F","F",3,2,2,"T","T",0,"F","F",1,"F","F",0,"F","F",3,"P","F","T","3F",0,0,"N",0,"N",0,"N",0,0,2,0,"3","","","","F","F","F","F","F","F","F","F","F","","mcgrs001","","F","F","F","F","F","","","","",0,3,0,0,0,0,0,0,0,41,"BAL","MIL","BAL",0,"F","F",2,3,0,19,1,"F","F",2,2,"T","T","bands101","hisll101","T","T",0,0,0,4,1,39,0,0,0,"","dempr001","",0,0,0,0,0,0,0,0,0,0,0,0,0,"murre001","F","F","F","F",0,0,0,0,0,0,0,0,0,0,F,F,"1978BAL.EVA.regular.event.csv",3692
"BAL197807310","MIL",6,0,1,0,0,"",2,3,"bands101","?","bands101","?","mcgrs001","?","mcgrs001","?","dempr001","murre001","dauer001","decid001","belam101","moraa101","lopec101","singk001","","molip001","","5","F","F",5,3,2,"T","T",0,"F","F",1,"F","F",0,"F","F",5,"F","F","F","",0,0,"N",0,"N",0,"N",0,0,2,0,"5","","","","F","F","F","F","F","F","F","F","F","","mcgrs001","","F","F","F","F","F","","","","",0,5,0,0,0,0,0,0,0,42,"BAL","MIL","BAL",0,"F","F",2,3,0,20,2,"T","F",2,2,"T","T","hisll101","david101","T","T",0,0,0,4,1,39,0,0,0,"","dempr001","",0,0,0,0,0,0,0,0,0,0,0,0,0,"decid001","F","F","F","F",0,0,0,0,0,0,0,0,0,0,F,F,"1978BAL.EVA.regular.event.csv",3693
"BAL197807310","MIL",6,0,2,0,0,"",2,3,"hisll101","?","hisll101","?","mcgrs001","?","mcgrs001","?","dempr001","murre001","dauer001","decid001","belam101","moraa101","lopec101","singk001","","molip001","","7/F7D","F","F",7,4,2,"T","T",0,"F","F",1,"F","F",0,"F","F",7,"F","F","F","7D",0,0,"N",0,"N",0,"N",0,0,2,0,"7","","","","F","F","F","F","F","F","F","F","F","","mcgrs001","","F","F","F","F","F","","","","",0,7,0,0,0,0,0,0,0,43,"BAL","MIL","BAL",0,"F","T",2,3,0,21,3,"T","F",2,2,"T","T","david101","wohlj001","T","T",0,0,0,4,1,39,0,0,0,"","dempr001","",0,0,0,0,0,0,0,0,0,0,0,0,0,"moraa101","F","F","F","F",0,0,0,0,0,0,0,0,0,0,F,F,"1978BAL.EVA.regular.event.csv",3694
"BAL197807310","MIL",6,1,0,0,0,"",2,3,"singk001","?","singk001","?","travb101","?","travb101","?","moorc001","moned101","molip001","bands101","younr001","hisll101","thomg001","wohlj001","","","","53","T","F",9,3,2,"T","T",0,"F","F",1,"F","F",0,"F","F",5,"G","F","F","",0,0,"N",0,"N",0,"N",0,0,0,0,"53","","","","F","F","F","F","F","F","F","F","F","","","","F","F","F","F","F","","","","",0,3,0,0,5,0,0,0,0,44,"BAL","BAL","MIL",1,"T","F",3,2,0,20,0,"T","F",0,0,"T","T","murre001","may-l101","T","T",0,0,0,0,0,0,0,0,0,"","","",0,0,0,0,0,0,0,0,0,0,0,0,0,"bands101","F","F","F","F",0,0,0,0,0,0,0,0,0,0,F,F,"1978BAL.EVA.regular.event.csv",3695
"BAL197807310","MIL",6,1,1,0,0,"",2,3,"murre001","?","murre001","?","travb101","?","travb101","?","moorc001","moned101","molip001","bands101","younr001","hisll101","thomg001","wohlj001","","","","S8","F","F",3,4,20,"T","T",1,"F","F",0,"F","F",0,"F","F",8,"","F","F","",0,0,"N",0,"N",0,"N",1,0,0,0,"","","","","F","F","F","F","F","F","F","F","F","","","","F","F","F","F","F","","","","",0,0,0,0,0,0,0,0,0,45,"BAL","BAL","MIL",1,"F","F",3,2,0,21,1,"T","F",0,1,"T","T","may-l101","decid001","T","T",0,0,0,0,0,0,0,0,0,"","","",0,0,0,0,0,0,0,0,0,0,0,0,0,"thomg001","F","F","F","F",0,0,0,0,0,0,0,0,0,0,F,F,"1978BAL.EVA.regular.event.csv",3696
"BAL197807310","MIL",6,1,1,0,0,"",2,3,"may-l101","?","may-l101","?","travb101","?","travb101","?","moorc001","moned101","molip001","bands101","younr001","hisll101","thomg001","wohlj001","murre001","","","54(1)/FO","F","F",10,5,2,"T","T",0,"F","F",1,"F","F",0,"F","F",5,"G","F","F","",0,0,"N",0,"N",0,"N",1,0,0,0,"","54","","","F","F","F","F","F","F","F","F","F","travb101","","","F","F","F","F","F","","","","",0,4,0,0,5,0,0,0,0,46,"BAL","BAL","MIL",1,"F","F",3,2,0,22,2,"T","F",1,1,"T","T","decid001","moraa101","T","T",3,4,45,0,0,0,0,0,0,"moorc001","","",0,0,0,0,0,0,0,0,0,0,0,0,0,"bands101","T","F","F","F",0,0,0,0,0,0,0,0,0,0,F,F,"1978BAL.EVA.regular.event.csv",3697
"BAL197807310","MIL",6,1,2,0,0,"",2,3,"decid001","?","decid001","?","travb101","?","travb101","?","moorc001","moned101","molip001","bands101","younr001","hisll101","thomg001","wohlj001","may-l101","","","7","F","F",5,6,2,"T","T",0,"F","F",1,"F","F",0,"F","F",7,"F","F","F","",0,0,"N",0,"N",0,"N",0,1,0,0,"7","","","","F","F","F","F","F","F","F","F","F","travb101","","","F","F","F","F","F","","","","",0,7,0,0,0,0,0,0,0,47,"BAL","BAL","MIL",1,"F","T",3,2,0,23,3,"T","F",1,1,"T","T","moraa101","lopec101","T","T",10,5,46,0,0,0,0,0,0,"moorc001","","",0,0,0,0,0,0,0,0,0,0,0,0,0,"hisll101","F","F","F","F",0,0,0,0,0,0,0,0,0,0,F,F,"1978BAL.EVA.regular.event.csv",3698
"BAL197807310","MIL",7,0,0,0,0,"",2,3,"david101","?","david101","?","mcgrs001","?","mcgrs001","?","dempr001","murre001","dauer001","decid001","belam101","moraa101","lopec101","singk001","","","","3/P3F","T","F",10,5,2,"T","T",0,"F","F",1,"F","F",0,"F","F",3,"P","F","T","3F",0,0,"N",0,"N",0,"N",0,0,0,0,"3","","","","F","F","F","F","F","F","F","F","F","","","","F","F","F","F","F","","","","",0,3,0,0,0,0,0,0,0,48,"BAL","MIL","BAL",0,"T","F",2,3,0,22,0,"T","F",0,0,"T","T","wohlj001","younr001","T","T",0,0,0,0,0,0,0,0,0,"","","",0,0,0,0,0,0,0,0,0,0,0,0,0,"murre001","F","F","F","F",0,0,0,0,2,0,0,0,0,0,F,F,"1978BAL.EVA.regular.event.csv",3699
"BAL197807310","MIL",7,0,1,0,0,"",2,3,"wohlj001","?","wohlj001","?","mcgrs001","?","mcgrs001","?","dempr001","murre001","dauer001","decid001","belam101","moraa101","lopec101","singk001","","","","S4","F","F",9,6,20,"T","T",1,"F","F",0,"F","F",0,"F","F",4,"","F","F","",0,0,"N",0,"N",0,"N",1,0,0,0,"","","","","F","F","F","F","F","F","F","F","F","","","","F","F","F","F","F","","","","",0,0,0,0,0,0,0,0,0,49,"BAL","MIL","BAL",0,"F","F",2,3,0,23,1,"T","F",0,1,"T","T","younr001","thomg001","T","T",0,0,0,0,0,0,0,0,0,"","","",0,0,0,0,0,0,0,0,0,0,0,0,0,"dauer001","F","F","F","F",0,0,0,0,2,0,0,0,0,0,F,F,"1978BAL.EVA.regular.event.csv",3700
"BAL197807310","MIL",7,0,1,0,0,"",2,3,"younr001","?","younr001","?","mcgrs001","?","mcgrs001","?","dempr001","murre001","dauer001","decid001","belam101","moraa101","lopec101","singk001","wohlj001","","","6(1)/FO","F","F",6,7,2,"T","T",0,"F","F",1,"F","F",0,"F","F",6,"G","F","F","",0,0,"N",0,"N",0,"N",1,0,0,0,"","6","","","F","F","F","F","F","F","F","F","F","mcgrs001","","","F","F","F","F","F","","","","",0,6,0,0,0,0,0,0,0,50,"BAL","MIL","BAL",0,"F","F",2,3,0,24,2,"T","F",1,1,"T","T","thomg001","moorc001","T","T",9,6,49,0,0,0,0,0,0,"dempr001","","",0,0,0,0,0,0,0,0,0,0,0,0,0,"belam101","T","F","F","F",4,0,0,0,2,0,0,0,0,0,F,F,"1978BAL.EVA.regular.event.csv",3701
"BAL197807310","MIL",7,0,2,0,0,"",2,3,"thomg001","?","thomg001","?","mcgrs001","?","mcgrs001","?","dempr001","murre001","dauer001","decid001","belam101","moraa101","lopec101","singk001","younr001","","","HR/F7.1-H","F","F",8,8,23,"T","T",4,"F","F",0,"F","F",2,"F","F",0,"F","F","F","7",0,0,"N",0,"N",0,"N",4,4,0,0,"","","","","F","F","F","F","F","F","F","F","F","mcgrs001","","","F","F","F","F","F","","","","",0,0,0,0,0,0,0,0,0,51,"BAL","MIL","BAL",0,"F","F",2,3,0,25,3,"T","F",1,0,"T","T","moorc001","molip001","T","T",6,7,50,0,0,0,0,0,0,"dempr001","","",0,0,0,0,0,0,0,0,0,0,0,0,2,"","F","F","F","F",4,4,0,0,0,0,0,0,0,0,F,F,"1978BAL.EVA.regular.event.csv",3702
"BAL197807310","MIL",7,0,2,0,0,"",4,3,"moorc001","?","moorc001","?","mcgrs001","?","mcgrs001","?","dempr001","murre001","dauer001","decid001","belam101","moraa101","lopec101","singk001","","","","W","F","F",2,9,14,"T","F",0,"F","F",0,"F","F",0,"F","F",0,"","F","F","",0,0,"N",0,"N",0,"N",1,0,0,0,"","","","","F","F","F","F","F","F","F","F","F","","","","F","F","F","F","F","","","","",0,0,0,0,0,0,0,0,0,52,"BAL","MIL","BAL",0,"F","F",4,3,2,26,4,"T","F",0,1,"T","T","molip001","moned101","T","T",0,0,0,0,0,0,0,0,0,"","","",0,0,0,0,0,0,0,0,0,0,0,0,0,"","F","F","F","F",0,0,0,0,0,0,0,0,0,0,F,F,"1978BAL.EVA.regular.event.csv",3703
"BAL197807310","MIL",7,0,2,0,0,"",4,3,"molip001","?","molip001","?","mcgrs001","?","mcgrs001","?","dempr001","murre001","dauer001","decid001","belam101","moraa101","lopec101","singk001","moorc001","","","9","F","F",4,1,2,"T","T",0,"F","F",1,"F","F",0,"F","F",9,"F","F","F","",0,0,"N",0,"N",0,"N",0,1,0,0,"9","","","","F","F","F","F","F","F","F","F","F","mcgrs001","","","F","F","F","F","F","","","","",0,9,0,0,0,0,0,0,0,53,"BAL","MIL","BAL",0,"F","T",4,3,2,27,5,"T","F",1,1,"T","T","moned101","bands101","T","T",2,9,52,0,0,0,0,0,0,"dempr001","","",0,0,0,0,0,0,0,0,0,0,0,0,0,"singk001","F","F","F","F",0,0,0,0,0,0,0,0,0,0,F,F,"1978BAL.EVA.regular.event.csv",3704
"BAL197807310","MIL",7,1,0,0,0,"",4,3,"moraa101","?","moraa101","?","travb101","?","travb101","?","moorc001","moned101","molip001","bands101","younr001","hisll101","thomg001","wohlj001","","","","9","T","F",7,7,2,"T","T",0,"F","F",1,"F","F",0,"F","F",9,"F","F","F","",0,0,"N",0,"N",0,"N",0,0,0,0,"9","","","","F","F","F","F","F","F","F","F","F","","","","F","F","F","F","F","","","","",0,9,0,0,0,0,0,0,0,54,"BAL","BAL","MIL",1,"T","F",3,4,0,24,0,"T","F",0,0,"T","T","lopec101","dempr001","T","T",0,0,0,0,0,0,0,0,0,"","","",0,0,0,0,0,0,0,0,0,0,0,0,0,"wohlj001","F","F","F","F",0,0,0,0,0,0,0,0,0,0,F,F,"1978BAL.EVA.regular.event.csv",3705
"BAL197807310","MIL",7,1,1,0,0,"",4,3,"lopec101","?","lopec101","?","travb101","?","travb101","?","moorc001","moned101","molip001","bands101","younr001","hisll101","thomg001","wohlj001","","","","7","F","F",8,8,2,"T","T",0,"F","F",1,"F","F",0,"F","F",7,"F","F","F","",0,0,"N",0,"N",0,"N",0,0,0,0,"7","","","","F","F","F","F","F","F","F","F","F","","","","F","F","F","F","F","","","","",0,7,0,0,0,0,0,0,0,55,"BAL","BAL","MIL",1,"F","F",3,4,0,25,1,"T","F",0,0,"T","T","dempr001","belam101","T","T",0,0,0,0,0,0,0,0,0,"","","",0,0,0,0,0,0,0,0,0,0,0,0,0,"hisll101","F","F","F","F",0,0,0,0,0,0,0,0,0,0,F,F,"1978BAL.EVA.regular.event.csv",3706
"BAL197807310","MIL",7,1,2,0,0,"",4,3,"dempr001","?","dempr001","?","travb101","?","travb101","?","moorc001","moned101","molip001","bands101","younr001","hisll101","thomg001","wohlj001","","","","S/G56","F","F",2,9,20,"T","T",1,"F","F",0,"F","F",0,"F","F",0,"G","F","F","56",0,0,"N",0,"N",0,"N",1,0,0,0,"","","","","F","F","F","F","F","F","F","F","F","","","","F","F","F","F","F","","","","",0,0,0,0,0,0,0,0,0,56,"BAL","BAL","MIL",1,"F","F",3,4,0,26,2,"T","F",0,1,"T","T","belam101","dauer001","T","T",0,0,0,0,0,0,0,0,0,"","","",0,0,0,0,0,0,0,0,0,0,0,0,0,"","F","F","F","F",2,0,0,0,0,0,0,0,0,0,F,F,"1978BAL.EVA.regular.event.csv",3707
"BAL197807310","MIL",7,1,2,0,0,"",4,3,"garck001","?","garck001","?","travb101","?","travb101","?","moorc001","moned101","molip001","bands101","younr001","hisll101","thomg001","wohlj001","dempr001","","","S8.1-2","F","T",11,1,20,"T","T",1,"F","F",0,"F","F",0,"F","F",8,"","F","F","",0,0,"N",0,"N",0,"N",1,2,0,0,"","","","","F","F","F","F","F","F","F","F","F","travb101","","","F","F","F","F","F","","","","belam101",6,0,0,0,0,0,0,0,0,57,"BAL","BAL","MIL",1,"F","F",3,4,0,27,3,"T","F",1,3,"F","F","dauer001","singk001","T","T",2,9,56,0,0,0,0,0,0,"moorc001","","",0,0,0,0,0,0,0,0,0,0,0,0,0,"thomg001","F","F","F","F",1,2,0,0,0,0,0,0,0,0,F,F,"1978BAL.EVA.regular.event.csv",3708
"BAL197807310","MIL",7,1,2,0,0,"",4,3,"dauer001","?","dauer001","?","steir101","?","steir101","?","moorc001","moned101","molip001","bands101","younr001","hisll101","thomg001","wohlj001","garck001","dempr001","","7","F","F",4,2,2,"T","T",0,"F","F",1,"F","F",0,"F","F",7,"F","F","F","",0,0,"N",0,"N",0,"N",0,1,2,0,"7","","","","F","F","F","F","F","F","F","F","F","travb101","travb101","","F","F","F","F","F","","","","",0,7,0,0,0,0,0,0,0,58,"BAL","BAL","MIL",1,"F","T",3,4,0,28,4,"T","F",3,3,"T","T","singk001","murre001","F","F",0,1,57,2,9,56,0,0,0,"moorc001","moorc001","",0,0,0,0,0,0,0,0,0,0,0,0,0,"hisll101","F","F","F","F",0,1,2,0,0,0,0,0,0,0,F,F,"1978BAL.EVA.regular.event.csv",3709
"BAL197807310","MIL",8,0,0,0,0,"",4,3,"moned101","?","moned101","?","mcgrs001","?","mcgrs001","?","dempr001","murre001","dauer001","decid001","garck001","moraa101","lopec101","singk001","","","","S7","T","F",3,2,20,"T","T",1,"F","F",0,"F","F",0,"F","F",7,"","F","F","",0,0,"N",0,"N",0,"N",1,0,0,0,"","","","","F","F","F","F","F","F","F","F","F","","","","F","F","F","F","F","","","","",0,0,0,0,0,0,0,0,0,59,"BAL","MIL","BAL",0,"T","F",4,3,0,28,0,"T","F",0,1,"T","T","bands101","hisll101","T","T",0,0,0,0,0,0,0,0,0,"","","",0,0,0,0,0,0,0,0,0,0,0,0,0,"moraa101","F","F","F","F",0,0,0,0,0,0,0,0,0,0,F,F,"1978BAL.EVA.regular.event.csv",3710
"BAL197807310","MIL",8,0,0,0,0,"",4,3,"bands101","?","bands101","?","kerrj101","?","kerrj101","?","dempr001","murre001","dauer001","decid001","garck001","moraa101","lopec101","singk001","moned101","","","4/L","F","F",5,3,2,"T","T",0,"F","F",1,"F","F",0,"F","F",4,"L","F","F","",0,0,"N",0,"N",0,"N",0,1,0,0,"4","","","","F","F","F","F","F","F","F","F","F","mcgrs001","","","F","F","F","F","F","","","","",0,4,0,0,0,0,0,0,0,60,"BAL","MIL","BAL",0,"F","F",4,3,0,29,1,"T","F",1,1,"T","T","hisll101","david101","F","F",3,2,59,0,0,0,0,0,0,"dempr001","","",0,0,0,0,0,0,0,0,0,0,0,0,0,"dauer001","F","F","F","F",0,0,0,0,0,0,0,0,0,0,F,F,"1978BAL.EVA.regular.event.csv",3711
"BAL197807310","MIL",8,0,1,0,0,"",4,3,"hisll101","?","hisll101","?","kerrj101","?","kerrj101","?","dempr001","murre001","dauer001","decid001","garck001","moraa101","lopec101","singk001","moned101","","","SB2.1-3(E2/TH2)","F","F",7,4,4,"F","F",0,"F","F",0,"F","F",0,"F","F",0,"","F","F","",1,2,"T",0,"N",0,"N",0,3,0,0,"","","","","T","F","F","F","F","F","F","F","F","mcgrs001","","","F","F","F","F","F","","","","",0,0,0,0,0,0,0,0,0,61,"BAL","MIL","BAL",0,"F","F",4,3,0,30,2,"T","F",1,4,"T","T","david101","wohlj001","F","F",3,2,59,0,0,0,0,0,0,"dempr001","","",0,0,0,0,0,0,0,0,0,0,0,0,0,"","F","F","F","F",0,0,0,0,0,0,0,0,0,0,F,F,"1978BAL.EVA.regular.event.csv",3712
"BAL197807310","MIL",8,0,1,0,0,"",4,3,"hisll101","?","hisll101","?","kerrj101","?","kerrj101","?","dempr001","murre001","dauer001","decid001","garck001","moraa101","lopec101","singk001","","","moned101","63","F","F",7,4,2,"T","T",0,"F","F",1,"F","F",0,"F","F",6,"G","F","F","",0,0,"N",0,"N",0,"N",0,0,0,3,"63","","","","F","F","F","F","F","F","F","F","F","","","mcgrs001","F","F","F","F","F","","","","",0,3,0,0,6,0,0,0,0,62,"BAL","MIL","BAL",0,"F","F",4,3,0,30,2,"F","F",4,4,"T","T","david101","wohlj001","F","F",0,0,0,0,0,0,3,2,59,"","","dempr001",0,0,0,0,0,0,0,0,0,0,0,0,0,"garck001","F","F","F","F",0,0,0,0,0,0,0,0,0,0,F,F,"1978BAL.EVA.regular.event.csv",3713
"BAL197807310","MIL",8,0,2,0,0,"",4,3,"oglib001","?","oglib001","?","kerrj101","?","kerrj101","?","dempr001","murre001","dauer001","decid001","garck001","moraa101","lopec101","singk001","","","moned101","8","F","T",10,5,2,"T","T",0,"F","F",1,"F","F",0,"F","F",8,"F","F","F","",0,0,"N",0,"N",0,"N",0,0,0,3,"8","","","","F","F","F","F","F","F","F","F","F","","","mcgrs001","F","F","F","F","F","","","","david101",10,8,0,0,0,0,0,0,0,63,"BAL","MIL","BAL",0,"F","T",4,3,0,31,3,"T","F",4,4,"F","F","wohlj001","younr001","F","F",0,0,0,0,0,0,3,2,59,"","","dempr001",0,0,0,0,0,0,0,0,0,0,0,0,0,"lopec101","F","F","F","F",0,0,0,0,0,0,0,0,0,0,F,F,"1978BAL.EVA.regular.event.csv",3714
"BAL197807310","MIL",8,1,0,0,0,"",4,3,"singk001","?","singk001","?","steir101","?","steir101","?","moorc001","moned101","molip001","bands101","younr001","hisll101","thomg001","wohlj001","","","","D7","T","F",9,3,21,"T","T",2,"F","F",0,"F","F",0,"F","F",7,"","F","F","",0,0,"N",0,"N",0,"N",2,0,0,0,"","","","","F","F","F","F","F","F","F","F","F","","","","F","F","F","F","F","","","","",0,0,0,0,0,0,0,0,0,64,"BAL","BAL","MIL",1,"T","F",3,4,0,29,0,"T","F",0,2,"T","T","murre001","may-l101","F","F",0,0,0,0,0,0,0,0,0,"","","",0,0,0,0,0,0,0,0,0,0,0,0,0,"hisll101","F","F","F","F",4,0,0,0,2,0,0,0,0,0,F,F,"1978BAL.EVA.regular.event.csv",3715
"BAL197807310","MIL",8,1,0,0,0,"",4,3,"murre001","?","murre001","?","steir101","?","steir101","?","moorc001","moned101","molip001","bands101","younr001","hisll101","thomg001","wohlj001","","singk001","","S7.2-3","F","F",3,4,20,"T","T",1,"F","F",0,"F","F",0,"F","F",7,"","F","F","",0,0,"N",0,"N",0,"N",1,0,3,0,"","","","","F","F","F","F","F","F","F","F","F","","steir101","","F","F","F","F","F","","","","",0,0,0,0,0,0,0,0,0,65,"BAL","BAL","MIL",1,"F","F",3,4,0,30,1,"T","F",2,5,"T","T","may-l101","decid001","F","F",0,0,0,9,3,64,0,0,0,"","moorc001","",0,0,0,0,0,0,0,0,0,0,0,0,0,"hisll101","F","F","F","F",4,0,4,0,2,0,0,0,0,0,F,F,"1978BAL.EVA.regular.event.csv",3716
"BAL197807310","MIL",8,1,0,0,0,"",4,3,"may-l101","?","may-l101","?","steir101","?","steir101","?","moorc001","moned101","molip001","bands101","younr001","hisll101","thomg001","wohlj001","murre001","","singk001","S9.3-H;1-2","F","F",10,5,20,"T","T",1,"F","F",0,"F","F",1,"F","F",9,"","F","F","",0,0,"N",0,"N",0,"N",1,2,0,4,"","","","","F","F","F","F","F","F","F","F","F","steir101","","steir101","F","F","F","F","F","","","","",0,0,0,0,0,0,0,0,0,66,"BAL","BAL","MIL",1,"F","F",3,4,0,31,2,"T","F",5,3,"T","T","decid001","moraa101","F","F",3,4,65,0,0,0,9,3,64,"moorc001","","moorc001",0,0,0,0,0,0,0,0,0,0,0,0,1,"wohlj001","F","F","F","F",0,4,0,4,1,0,0,0,0,0,F,F,"1978BAL.EVA.regular.event.csv",3717
"BAL197807310","MIL",8,1,0,0,0,"",4,4,"decid001","?","decid001","?","castb101","?","castb101","?","moorc001","moned101","molip001","bands101","younr001","hisll101","thomg001","wohlj001","may-l101","murre001","","S/F78.2-H;1-2","F","F",5,6,20,"T","T",1,"F","F",0,"F","F",1,"F","F",0,"F","F","F","78",0,0,"N",0,"N",0,"N",1,2,4,0,"","","","","F","F","F","F","F","F","F","F","F","steir101","steir101","","F","F","F","F","F","","","","",0,0,0,0,0,0,0,0,0,67,"BAL","BAL","MIL",1,"F","F",4,4,1,32,3,"T","F",3,3,"T","T","moraa101","lopec101","F","F",10,5,66,3,4,65,0,0,0,"moorc001","moorc001","",0,0,0,0,0,0,0,0,0,0,0,0,1,"","F","F","F","F",2,0,4,0,0,0,0,0,0,0,F,F,"1978BAL.EVA.regular.event.csv",3718
"BAL197807310","MIL",8,1,0,0,0,"",4,5,"moraa101","?","moraa101","?","castb101","?","castb101","?","moorc001","moned101","molip001","bands101","younr001","hisll101","thomg001","wohlj001","decid001","may-l101","","15(2)/FO/BG.1-2","F","F",7,7,2,"T","T",0,"F","F",1,"F","F",0,"F","F",1,"G","T","F","",0,0,"N",0,"N",0,"N",1,2,0,0,"","","15","","F","F","F","F","F","F","F","F","F","castb101","steir101","","F","F","F","F","F","","","","",0,5,0,0,1,0,0,0,0,68,"BAL","BAL","MIL",1,"F","F",5,4,2,33,4,"T","F",3,3,"T","T","lopec101","dempr001","F","F",5,6,67,10,5,66,0,0,0,"moorc001","moorc001","",0,0,0,0,0,0,0,0,0,0,0,0,0,"castb101","F","T","F","F",0,2,0,0,0,0,0,0,0,0,F,F,"1978BAL.EVA.regular.event.csv",3719
"BAL197807310","MIL",8,1,1,0,0,"",4,5,"kellp101","?","kellp101","?","castb101","?","castb101","?","moorc001","moned101","molip001","bands101","younr001","hisll101","thomg001","wohlj001","moraa101","decid001","","K","F","T",11,8,3,"T","T",0,"F","F",1,"F","F",0,"F","F",0,"","F","F","",0,0,"N",0,"N",0,"N",0,1,2,0,"2","","","","F","F","F","F","F","F","F","F","F","castb101","steir101","","F","F","F","F","F","","","","lopec101",8,2,0,0,0,0,0,0,0,69,"BAL","BAL","MIL",1,"F","F",5,4,2,34,5,"T","F",3,3,"F","F","dempr001","garck001","F","F",7,7,68,5,6,67,0,0,0,"moorc001","moorc001","",0,0,0,0,0,0,0,0,0,0,0,0,0,"","F","F","F","F",0,0,2,0,0,0,0,0,0,0,F,F,"1978BAL.EVA.regular.event.csv",3720
"BAL197807310","MIL",8,1,2,0,0,"",4,5,"dempr001","?","dempr001","?","castb101","?","castb101","?","moorc001","moned101","molip001","bands101","younr001","hisll101","thomg001","wohlj001","moraa101","decid001","","64(1)/FO","F","F",2,9,2,"T","T",0,"F","F",1,"F","F",0,"F","F",6,"G","F","F","",0,0,"N",0,"N",0,"N",1,0,2,0,"","64","","","F","F","F","F","F","F","F","F","F","castb101","steir101","","F","F","F","F","F","","","","",0,4,0,0,6,0,0,0,0,70,"BAL","BAL","MIL",1,"F","T",5,4,2,35,6,"T","F",3,3,"T","T","garck001","dauer001","F","F",7,7,68,5,6,67,0,0,0,"moorc001","moorc001","",0,0,0,0,0,0,0,0,0,0,0,0,0,"younr001","T","F","F","F",1,0,2,0,0,0,0,0,0,0,F,F,"1978BAL.EVA.regular.event.csv",3721
"BAL197807310","MIL",9,0,0,0,0,"",4,5,"may-d101","?","may-d101","?","kerrj101","?","kerrj101","?","dempr001","murre001","dauer001","decid001","garck001","moraa101","harll101","andem101","","","","S","T","T",11,6,20,"T","T",1,"F","F",0,"F","F",0,"F","F",0,"","F","F","",0,0,"N",0,"N",0,"N",1,0,0,0,"","","","","F","F","F","F","F","F","F","F","F","","","","F","F","F","F","F","","","","wohlj001",9,0,0,0,0,0,0,0,0,71,"BAL","MIL","BAL",0,"T","F",4,5,0,32,0,"T","F",0,1,"F","F","younr001","thomg001","F","F",0,0,0,0,0,0,0,0,0,"","","",0,0,0,0,0,0,0,0,0,0,0,0,0,"","F","F","F","F",4,0,0,0,1,0,0,0,0,0,F,F,"1978BAL.EVA.regular.event.csv",3722
"BAL197807310","MIL",9,0,0,0,0,"",4,5,"younr001","?","younr001","?","kerrj101","?","kerrj101","?","dempr001","murre001","dauer001","decid001","garck001","moraa101","harll101","andem101","may-d101","","","34/SH.1-2","F","F",6,7,2,"T","F",0,"T","F",1,"F","F",0,"F","F",3,"G","T","F","",0,0,"N",0,"N",0,"N",0,2,0,0,"34","","","","F","F","F","F","F","F","F","F","F","kerrj101","","","F","F","F","F","F","","","","",0,4,0,0,3,0,0,0,0,72,"BAL","MIL","BAL",0,"F","F",4,5,0,33,1,"T","F",1,2,"T","T","thomg001","moorc001","F","F",0,6,71,0,0,0,0,0,0,"dempr001","","",0,0,0,0,0,0,0,0,0,0,0,0,0,"murre001","F","F","F","F",0,4,0,0,1,0,0,0,0,0,F,F,"1978BAL.EVA.regular.event.csv",3723
"BAL197807310","MIL",9,0,1,0,0,"",4,5,"thomg001","?","thomg001","?","kerrj101","?","kerrj101","?","dempr001","murre001","dauer001","decid001","garck001","moraa101","harll101","andem101","","may-d101","","63","F","F",8,8,2,"T","T",0,"F","F",1,"F","F",0,"F","F",6,"G","F","F","",0,0,"N",0,"N",0,"N",0,0,2,0,"63","","","","F","F","F","F","F","F","F","F","F","","kerrj101","","F","F","F","F","F","","","","",0,3,0,0,6,0,0,0,0,73,"BAL","MIL","BAL",0,"F","F",4,5,0,34,2,"T","F",2,2,"T","T","moorc001","molip001","F","F",0,0,0,0,6,71,0,0,0,"","dempr001","",0,0,0,0,0,0,0,0,0,0,0,0,0,"garck001","F","F","F","F",0,0,4,0,1,0,0,0,0,0,F,F,"1978BAL.EVA.regular.event.csv",3724
"BAL197807310","MIL",9,0,2,0,0,"",4,5,"coopc001","?","coopc001","?","kerrj101","?","kerrj101","?","dempr001","murre001","dauer001","decid001","garck001","moraa101","harll101","andem101","","may-d101","","S8.2-H","F","T",11,9,20,"T","T",1,"F","F",0,"F","F",1,"F","F",8,"","F","F","",0,0,"N",0,"N",0,"N",1,0,4,0,"","","","","F","F","F","F","F","F","F","F","F","","kerrj101","","F","F","F","F","F","","","","moorc001",2,0,0,0,0,0,0,0,0,74,"BAL","MIL","BAL",0,"F","F",4,5,0,35,3,"T","F",2,1,"F","F","molip001","moned101","F","F",0,0,0,11,6,71,0,0,0,"","dempr001","",0,0,0,0,0,0,0,0,0,0,0,0,1,"harll101","F","F","F","F",0,0,4,0,0,0,0,0,0,0,F,F,"1978BAL.EVA.regular.event.csv",3725
"BAL197807310","MIL",9,0,2,0,0,"",5,5,"molip001","?","molip001","?","kerrj101","?","kerrj101","?","dempr001","murre001","dauer001","decid001","garck001","moraa101","harll101","andem101","martb001","","","64(1)/FO","F","F",4,1,2,"T","T",0,"F","F",1,"F","F",0,"F","F",6,"G","F","F","",0,0,"N",0,"N",0,"N",1,0,0,0,"","64","","","F","F","F","F","F","F","F","F","F","kerrj101","","","F","F","T","F","F","coopc001","","","",0,4,0,0,6,0,0,0,0,75,"BAL","MIL","BAL",0,"F","T",5,5,1,36,4,"T","F",1,1,"T","T","moned101","bands101","F","F",0,9,74,0,0,0,0,0,0,"dempr001","","",0,0,0,0,0,0,0,0,0,0,0,0,0,"garck001","T","F","F","F",1,0,0,0,0,0,0,0,0,0,F,F,"1978BAL.EVA.regular.event.csv",3726
"BAL197807310","MIL",9,1,0,0,0,"",5,5,"garck001","?","garck001","?","castb101","?","castb101","?","martb001","moned101","molip001","bands101","younr001","hisll101","thomg001","may-d101","","","","63","T","F",6,1,2,"T","T",0,"F","F",1,"F","F",0,"F","F",6,"G","F","F","",0,0,"N",0,"N",0,"N",0,0,0,0,"63","","","","F","F","F","F","F","F","F","F","F","","","","F","F","F","F","F","","","","",0,3,0,0,6,0,0,0,0,76,"BAL","BAL","MIL",1,"T","F",5,5,0,36,0,"T","F",0,0,"F","F","dauer001","harll101","F","F",0,0,0,0,0,0,0,0,0,"","","",0,0,0,0,0,0,0,0,0,0,0,0,0,"younr001","F","F","F","F",0,0,0,0,0,0,0,0,0,0,F,F,"1978BAL.EVA.regular.event.csv",3727
"BAL197807310","MIL",9,1,1,0,0,"",5,5,"dauer001","?","dauer001","?","castb101","?","castb101","?","martb001","moned101","molip001","bands101","younr001","hisll101","thomg001","may-d101","","","","63","F","F",4,2,2,"T","T",0,"F","F",1,"F","F",0,"F","F",6,"G","F","F","",0,0,"N",0,"N",0,"N",0,0,0,0,"63","","","","F","F","F","F","F","F","F","F","F","","","","F","F","F","F","F","","","","",0,3,0,0,6,0,0,0,0,77,"BAL","BAL","MIL",1,"F","F",5,5,0,37,1,"T","F",0,0,"T","T","harll101","murre001","F","F",0,0,0,0,0,0,0,0,0,"","","",0,0,0,0,0,0,0,0,0,0,0,0,0,"younr001","F","F","F","F",0,0,0,0,0,0,0,0,0,0,F,F,"1978BAL.EVA.regular.event.csv",3728
"BAL197807310","MIL",9,1,2,0,0,"",5,5,"harll101","?","harll101","?","castb101","?","castb101","?","martb001","moned101","molip001","bands101","younr001","hisll101","thomg001","may-d101","","","","13","F","F",8,3,2,"T","T",0,"F","F",1,"F","F",0,"F","F",1,"G","F","F","",0,0,"N",0,"N",0,"N",0,0,0,0,"13","","","","F","F","F","F","F","F","F","F","F","","","","F","F","F","F","F","","","","",0,3,0,0,1,0,0,0,0,78,"BAL","BAL","MIL",1,"F","T",5,5,0,38,2,"T","F",0,0,"F","F","murre001","may-l101","F","F",0,0,0,0,0,0,0,0,0,"","","",0,0,0,0,0,0,0,0,0,0,0,0,0,"castb101","F","F","F","F",0,0,0,0,0,0,0,0,0,0,F,F,"1978BAL.EVA.regular.event.csv",3729
"BAL197807310","MIL",10,0,0,0,0,"",5,5,"moned101","?","moned101","?","kerrj101","?","kerrj101","?","dempr001","murre001","dauer001","decid001","garck001","moraa101","harll101","andem101","","","","63","T","F",3,2,2,"T","T",0,"F","F",1,"F","F",0,"F","F",6,"G","F","F","",0,0,"N",0,"N",0,"N",0,0,0,0,"63","","","","F","F","F","F","F","F","F","F","F","","","","F","F","F","F","F","","","","",0,3,0,0,6,0,0,0,0,79,"BAL","MIL","BAL",0,"T","F",5,5,0,37,0,"T","F",0,0,"T","T","bands101","hisll101","F","F",0,0,0,0,0,0,0,0,0,"","","",0,0,0,0,0,0,0,0,0,0,0,0,0,"garck001","F","F","F","F",0,0,0,0,0,0,0,0,0,0,F,F,"1978BAL.EVA.regular.event.csv",3730
"BAL197807310","MIL",10,0,1,0,0,"",5,5,"bands101","?","bands101","?","kerrj101","?","kerrj101","?","dempr001","murre001","dauer001","decid001","garck001","moraa101","harll101","andem101","","","","63","F","F",5,3,2,"T","T",0,"F","F",1,"F","F",0,"F","F",6,"G","F","F","",0,0,"N",0,"N",0,"N",0,0,0,0,"63","","","","F","F","F","F","F","F","F","F","F","","","","F","F","F","F","F","","","","",0,3,0,0,6,0,0,0,0,80,"BAL","MIL","BAL",0,"F","F",5,5,0,38,1,"T","F",0,0,"T","T","hisll101","oglib001","F","F",0,0,0,0,0,0,0,0,0,"","","",0,0,0,0,0,0,0,0,0,0,0,0,0,"garck001","F","F","F","F",0,0,0,0,0,0,0,0,0,0,F,F,"1978BAL.EVA.regular.event.csv",3731
"BAL197807310","MIL",10,0,2,0,0,"",5,5,"hisll101","?","hisll101","?","kerrj101","?","kerrj101","?","dempr001","murre001","dauer001","decid001","garck001","moraa101","harll101","andem101","","","","63","F","F",7,4,2,"T","T",0,"F","F",1,"F","F",0,"F","F",6,"G","F","F","",0,0,"N",0,"N",0,"N",0,0,0,0,"63","","","","F","F","F","F","F","F","F","F","F","","","","F","F","F","F","F","","","","",0,3,0,0,6,0,0,0,0,81,"BAL","MIL","BAL",0,"F","T",5,5,0,39,2,"T","F",0,0,"T","T","oglib001","may-d101","F","F",0,0,0,0,0,0,0,0,0,"","","",0,0,0,0,0,0,0,0,0,0,0,0,0,"garck001","F","F","F","F",0,0,0,0,0,0,0,0,0,0,F,F,"1978BAL.EVA.regular.event.csv",3732
"BAL197807310","MIL",10,1,0,0,0,"",5,5,"murre001","?","murre001","?","castb101","?","castb101","?","martb001","moned101","molip001","bands101","younr001","hisll101","thomg001","may-d101","","","","43","T","F",3,4,2,"T","T",0,"F","F",1,"F","F",0,"F","F",4,"G","F","F","",0,0,"N",0,"N",0,"N",0,0,0,0,"43","","","","F","F","F","F","F","F","F","F","F","","","","F","F","F","F","F","","","","",0,3,0,0,4,0,0,0,0,82,"BAL","BAL","MIL",1,"T","F",5,5,0,39,0,"T","F",0,0,"T","T","may-l101","decid001","F","F",0,0,0,0,0,0,0,0,0,"","","",0,0,0,0,0,0,0,0,0,0,0,0,0,"molip001","F","F","F","F",0,0,0,0,1,0,0,0,0,0,F,F,"1978BAL.EVA.regular.event.csv",3733
"BAL197807310","MIL",10,1,1,0,0,"",5,5,"may-l101","?","may-l101","?","castb101","?","castb101","?","martb001","moned101","molip001","bands101","younr001","hisll101","thomg001","may-d101","","","","W","F","F",10,5,14,"T","F",0,"F","F",0,"F","F",0,"F","F",0,"","F","F","",0,0,"N",0,"N",0,"N",1,0,0,0,"","","","","F","F","F","F","F","F","F","F","F","","","","F","F","F","F","F","","","","",0,0,0,0,0,0,0,0,0,83,"BAL","BAL","MIL",1,"F","F",5,5,0,40,1,"T","F",0,1,"T","T","decid001","moraa101","F","F",0,0,0,0,0,0,0,0,0,"","","",0,0,0,0,0,0,0,0,0,0,0,0,0,"","F","F","F","F",4,0,0,0,1,0,0,0,0,0,F,F,"1978BAL.EVA.regular.event.csv",3734
"BAL197807310","MIL",10,1,1,0,0,"",5,5,"decid001","?","decid001","?","castb101","?","castb101","?","martb001","moned101","molip001","bands101","younr001","hisll101","thomg001","may-d101","may-l101","","","SB2.1-2","F","F",5,6,4,"F","F",0,"F","F",0,"F","F",0,"F","F",0,"","F","F","",0,0,"N",0,"N",0,"N",0,2,0,0,"","","","","T","F","F","F","F","F","F","F","F","castb101","","","F","F","F","F","F","","","","",0,0,0,0,0,0,0,0,0,84,"BAL","BAL","MIL",1,"F","F",5,5,0,41,2,"T","F",1,2,"T","T","moraa101","andem101","F","F",10,5,83,0,0,0,0,0,0,"martb001","","",0,0,0,0,0,0,0,0,0,0,0,0,0,"","F","F","F","F",0,4,0,0,1,0,0,0,0,0,F,F,"1978BAL.EVA.regular.event.csv",3735
"BAL197807310","MIL",10,1,1,0,0,"",5,5,"decid001","?","decid001","?","castb101","?","castb101","?","martb001","moned101","molip001","bands101","younr001","hisll101","thomg001","may-d101","","may-l101","","K","F","F",5,6,3,"T","T",0,"F","F",1,"F","F",0,"F","F",0,"","F","F","",0,0,"N",0,"N",0,"N",0,0,2,0,"2","","","","F","F","F","F","F","F","F","F","F","","castb101","","F","F","F","F","F","","","","",0,2,0,0,0,0,0,0,0,85,"BAL","BAL","MIL",1,"F","F",5,5,0,41,2,"F","F",2,2,"T","T","moraa101","andem101","F","F",0,0,0,10,5,83,0,0,0,"","martb001","",0,0,0,0,0,0,0,0,0,0,0,0,0,"","F","F","F","F",0,0,4,0,1,0,0,0,0,0,F,F,"1978BAL.EVA.regular.event.csv",3736
"BAL197807310","MIL",10,1,2,0,0,"",5,5,"moraa101","?","moraa101","?","castb101","?","castb101","?","martb001","moned101","molip001","bands101","younr001","hisll101","thomg001","may-d101","","may-l101","","IW","F","F",7,7,15,"T","F",0,"F","F",0,"F","F",0,"F","F",0,"","F","F","",0,0,"N",0,"N",0,"N",1,0,2,0,"","","","","F","F","F","F","F","F","F","F","F","","castb101","","F","F","F","F","F","","","","",0,0,0,0,0,0,0,0,0,86,"BAL","BAL","MIL",1,"F","F",5,5,0,42,3,"T","F",2,3,"T","T","andem101","dempr001","F","F",0,0,0,10,5,83,0,0,0,"","martb001","",0,0,0,0,0,0,0,0,0,0,0,0,0,"","F","F","F","F",2,0,4,0,1,0,0,0,0,0,F,F,"1978BAL.EVA.regular.event.csv",3737
"BAL197807310","MIL",10,1,2,0,0,"",5,5,"andem101","?","andem101","?","castb101","?","castb101","?","martb001","moned101","molip001","bands101","younr001","hisll101","thomg001","may-d101","moraa101","may-l101","","S8/G46.2-H;1-2","F","F",9,8,20,"T","T",1,"F","F",0,"F","F",1,"F","F",8,"G","F","F","46",0,0,"N",0,"N",0,"N",1,2,4,0,"","","","","F","F","F","F","F","F","F","F","F","castb101","castb101","","F","T","F","F","F","","","","",0,0,0,0,0,0,0,0,0,87,"BAL","BAL","MIL",1,"F","T",5,5,0,43,4,"T","F",3,3,"F","F","dempr001","garck001","F","F",7,7,86,10,5,83,0,0,0,"martb001","martb001","",0,0,0,0,0,0,0,0,0,0,0,0,1,"thomg001","F","F","F","F",1,2,4,0,0,0,0,0,0,0,F,F,"1978BAL.EVA.regular.event.csv",3738
"BAL197808020","MIL",1,0,0,0,0,"",0,0,"younr001","?","younr001","?","palmj001","?","palmj001","?","dempr001","murre001","dauer001","decid001","belam101","moraa101","lopec101","singk001","","","","S","T","F",6,1,20,"T","T",1,"F","F",0,"F","F",0,"F","F",0,"","F","F","",0,0,"N",0,"N",0,"N",1,0,0,0,"","","","","F","F","F","F","F","F","F","F","F","","","","T","F","F","F","F","","","","",0,0,0,0,0,0,0,0,0,1,"BAL","MIL","BAL",0,"T","F",0,0,0,0,0,"T","F",0,1,"T","T","moned101","hisll101","T","T",0,0,0,0,0,0,0,0,0,"","","",0,0,0,0,0,0,0,0,0,0,0,0,0,"","F","F","F","F",4,0,0,0,2,0,0,0,0,0,F,F,"1978BAL.EVA.regular.event.csv",3739
"BAL197808020","MIL",1,0,0,0,0,"",0,0,"moned101","?","moned101","?","palmj001","?","palmj001","?","dempr001","murre001","dauer001","decid001","belam101","moraa101","lopec101","singk001","younr001","","","K","F","F",4,2,3,"T","T",0,"F","F",1,"F","F",0,"F","F",0,"","F","F","",0,0,"N",0,"N",0,"N",0,1,0,0,"2","","","","F","F","F","F","F","F","F","F","F","palmj001","","","F","F","F","F","F","","","","",0,2,0,0,0,0,0,0,0,2,"BAL","MIL","BAL",0,"F","F",0,0,0,1,1,"T","F",1,1,"T","T","hisll101","coopc001","T","T",6,1,1,0,0,0,0,0,0,"dempr001","","",0,0,0,0,0,0,0,0,0,0,0,0,0,"","F","F","F","F",0,4,0,0,2,0,0,0,0,0,F,F,"1978BAL.EVA.regular.event.csv",3740
"BAL197808020","MIL",1,0,1,0,0,"",0,0,"hisll101","?","hisll101","?","palmj001","?","palmj001","?","dempr001","murre001","dauer001","decid001","belam101","moraa101","lopec101","singk001","younr001","","","HR/7.1-H","F","F",7,3,23,"T","T",4,"F","F",0,"F","F",2,"F","F",0,"","F","F","7",0,0,"N",0,"N",0,"N",4,4,0,0,"","","","","F","F","F","F","F","F","F","F","F","palmj001","","","F","F","F","F","F","","","","",0,0,0,0,0,0,0,0,0,3,"BAL","MIL","BAL",0,"F","F",0,0,0,2,2,"T","F",1,0,"T","T","coopc001","lezcs001","T","T",6,1,1,0,0,0,0,0,0,"dempr001","","",0,0,0,0,0,0,0,0,0,0,0,0,2,"","F","F","F","F",4,4,0,0,0,0,0,0,0,0,F,F,"1978BAL.EVA.regular.event.csv",3741
"BAL197808020","MIL",1,0,1,0,0,"",2,0,"coopc001","?","coopc001","?","palmj001","?","palmj001","?","dempr001","murre001","dauer001","decid001","belam101","moraa101","lopec101","singk001","","","","S","F","F",10,4,20,"T","T",1,"F","F",0,"F","F",0,"F","F",0,"","F","F","",0,0,"N",0,"N",0,"N",1,0,0,0,"","","","","F","F","F","F","F","F","F","F","F","","","","F","F","F","F","F","","","","",0,0,0,0,0,0,0,0,0,4,"BAL","MIL","BAL",0,"F","F",2,0,2,3,3,"T","F",0,1,"T","T","lezcs001","oglib001","T","T",0,0,0,0,0,0,0,0,0,"","","",0,0,0,0,0,0,0,0,0,0,0,0,0,"","F","F","F","F",0,0,0,0,0,0,0,0,0,0,F,F,"1978BAL.EVA.regular.event.csv",3742
"BAL197808020","MIL",1,0,1,0,0,"",2,0,"lezcs001","?","lezcs001","?","palmj001","?","palmj001","?","dempr001","murre001","dauer001","decid001","belam101","moraa101","lopec101","singk001","coopc001","","","9","F","F",9,5,2,"T","T",0,"F","F",1,"F","F",0,"F","F",9,"F","F","F","",0,0,"N",0,"N",0,"N",0,1,0,0,"9","","","","F","F","F","F","F","F","F","F","F","palmj001","","","F","F","F","F","F","","","","",0,9,0,0,0,0,0,0,0,5,"BAL","MIL","BAL",0,"F","F",2,0,2,4,4,"T","F",1,1,"T","T","oglib001","bands101","T","T",10,4,4,0,0,0,0,0,0,"dempr001","","",0,0,0,0,0,0,0,0,0,0,0,0,0,"singk001","F","F","F","F",0,0,0,0,0,0,0,0,0,0,F,F,"1978BAL.EVA.regular.event.csv",3743
"BAL197808020","MIL",1,0,2,0,0,"",2,0,"oglib001","?","oglib001","?","palmj001","?","palmj001","?","dempr001","murre001","dauer001","decid001","belam101","moraa101","lopec101","singk001","coopc001","","","43","F","F",3,6,2,"T","T",0,"F","F",1,"F","F",0,"F","F",4,"G","F","F","",0,0,"N",0,"N",0,"N",0,1,0,0,"43","","","","F","F","F","F","F","F","F","F","F","palmj001","","","F","F","F","F","F","","","","",0,3,0,0,4,0,0,0,0,6,"BAL","MIL","BAL",0,"F","T",2,0,2,5,5,"T","F",1,1,"T","T","bands101","thomg001","T","T",10,4,4,0,0,0,0,0,0,"dempr001","","",0,0,0,0,0,0,0,0,0,0,0,0,0,"dauer001","F","F","F","F",0,0,0,0,0,0,0,0,0,0,F,F,"1978BAL.EVA.regular.event.csv",3744
"BAL197808020","MIL",1,1,0,0,0,"",2,0,"belam101","?","belam101","?","caldm001","?","caldm001","?","moorc001","oglib001","moned101","bands101","younr001","hisll101","thomg001","lezcs001","","","","63","T","F",6,1,2,"T","T",0,"F","F",1,"F","F",0,"F","F",6,"G","F","F","",0,0,"N",0,"N",0,"N",0,0,0,0,"63","","","","F","F","F","F","F","F","F","F","F","","","","F","F","F","F","F","","","","",0,3,0,0,6,0,0,0,0,7,"BAL","BAL","MIL",1,"T","F",0,2,0,0,0,"T","F",0,0,"T","T","dauer001","singk001","T","T",0,0,0,0,0,0,0,0,0,"","","",0,0,0,0,0,0,0,0,0,0,0,0,0,"younr001","F","F","F","F",0,0,0,0,1,0,0,0,0,0,F,F,"1978BAL.EVA.regular.event.csv",3745
"BAL197808020","MIL",1,1,1,0,0,"",2,0,"dauer001","?","dauer001","?","caldm001","?","caldm001","?","moorc001","oglib001","moned101","bands101","younr001","hisll101","thomg001","lezcs001","","","","63","F","F",4,2,2,"T","T",0,"F","F",1,"F","F",0,"F","F",6,"G","F","F","",0,0,"N",0,"N",0,"N",0,0,0,0,"63","","","","F","F","F","F","F","F","F","F","F","","","","F","F","F","F","F","","","","",0,3,0,0,6,0,0,0,0,8,"BAL","BAL","MIL",1,"F","F",0,2,0,1,1,"T","F",0,0,"T","T","singk001","murre001","T","T",0,0,0,0,0,0,0,0,0,"","","",0,0,0,0,0,0,0,0,0,0,0,0,0,"younr001","F","F","F","F",0,0,0,0,1,0,0,0,0,0,F,F,"1978BAL.EVA.regular.event.csv",3746
"BAL197808020","MIL",1,1,2,0,0,"",2,0,"singk001","?","singk001","?","caldm001","?","caldm001","?","moorc001","oglib001","moned101","bands101","younr001","hisll101","thomg001","lezcs001","","","","HR","F","F",9,3,23,"T","T",4,"F","F",0,"F","F",1,"F","F",0,"","F","F","",0,0,"N",0,"N",0,"N",4,0,0,0,"","","","","F","F","F","F","F","F","F","F","F","","","","F","F","F","F","F","","","","",0,0,0,0,0,0,0,0,0,9,"BAL","BAL","MIL",1,"F","F",0,2,0,2,2,"T","F",0,0,"T","T","murre001","may-l101","T","T",0,0,0,0,0,0,0,0,0,"","","",0,0,0,0,0,0,0,0,0,0,0,0,1,"","F","F","F","F",4,0,0,0,0,0,0,0,0,0,F,F,"1978BAL.EVA.regular.event.csv",3747
"BAL197808020","MIL",1,1,2,0,0,"",2,1,"murre001","?","murre001","?","caldm001","?","caldm001","?","moorc001","oglib001","moned101","bands101","younr001","hisll101","thomg001","lezcs001","","","","D","F","F",3,4,21,"T","T",2,"F","F",0,"F","F",0,"F","F",0,"","F","F","",0,0,"N",0,"N",0,"N",2,0,0,0,"","","","","F","F","F","F","F","F","F","F","F","","","","F","F","F","F","F","","","","",0,0,0,0,0,0,0,0,0,10,"BAL","BAL","MIL",1,"F","F",1,2,1,3,3,"T","F",0,2,"T","T","may-l101","decid001","T","T",0,0,0,0,0,0,0,0,0,"","","",0,0,0,0,0,0,0,0,0,0,0,0,0,"","F","F","F","F",0,0,0,0,0,0,0,0,0,0,F,F,"1978BAL.EVA.regular.event.csv",3748
"BAL197808020","MIL",1,1,2,0,0,"",2,1,"may-l101","?","may-l101","?","caldm001","?","caldm001","?","moorc001","oglib001","moned101","bands101","younr001","hisll101","thomg001","lezcs001","","murre001","","9","F","F",10,5,2,"T","T",0,"F","F",1,"F","F",0,"F","F",9,"F","F","F","",0,0,"N",0,"N",0,"N",0,0,2,0,"9","","","","F","F","F","F","F","F","F","F","F","","caldm001","","F","F","F","F","F","","","","",0,9,0,0,0,0,0,0,0,11,"BAL","BAL","MIL",1,"F","T",1,2,1,4,4,"T","F",2,2,"T","T","decid001","moraa101","T","T",0,0,0,3,4,10,0,0,0,"","moorc001","",0,0,0,0,0,0,0,0,0,0,0,0,0,"lezcs001","F","F","F","F",0,0,0,0,0,0,0,0,0,0,F,F,"1978BAL.EVA.regular.event.csv",3749
"BAL197808020","MIL",2,0,0,0,0,"",2,1,"bands101","?","bands101","?","palmj001","?","palmj001","?","dempr001","murre001","dauer001","decid001","belam101","moraa101","lopec101","singk001","","","","HR","T","F",5,7,23,"T","T",4,"F","F",0,"F","F",1,"F","F",0,"","F","F","",0,0,"N",0,"N",0,"N",4,0,0,0,"","","","","F","F","F","F","F","F","F","F","F","","","","F","F","F","F","F","","","","",0,0,0,0,0,0,0,0,0,12,"BAL","MIL","BAL",0,"T","F",2,1,0,6,0,"T","F",0,0,"T","T","thomg001","moorc001","T","T",0,0,0,0,0,0,0,0,0,"","","",0,0,0,0,0,0,0,0,0,0,0,0,1,"","F","F","F","F",4,0,0,0,0,0,0,0,0,0,F,F,"1978BAL.EVA.regular.event.csv",3750
"BAL197808020","MIL",2,0,0,0,0,"",3,1,"thomg001","?","thomg001","?","palmj001","?","palmj001","?","dempr001","murre001","dauer001","decid001","belam101","moraa101","lopec101","singk001","","","","53","F","F",8,8,2,"T","T",0,"F","F",1,"F","F",0,"F","F",5,"G","F","F","",0,0,"N",0,"N",0,"N",0,0,0,0,"53","","","","F","F","F","F","F","F","F","F","F","","","","F","F","F","F","F","","","","",0,3,0,0,5,0,0,0,0,13,"BAL","MIL","BAL",0,"F","F",3,1,1,7,1,"T","F",0,0,"T","T","moorc001","younr001","T","T",0,0,0,0,0,0,0,0,0,"","","",0,0,0,0,0,0,0,0,0,0,0,0,0,"decid001","F","F","F","F",0,0,0,0,0,0,0,0,0,0,F,F,"1978BAL.EVA.regular.event.csv",3751
"BAL197808020","MIL",2,0,1,0,0,"",3,1,"moorc001","?","moorc001","?","palmj001","?","palmj001","?","dempr001","murre001","dauer001","decid001","belam101","moraa101","lopec101","singk001","","","","3/FL","F","F",2,9,2,"T","T",0,"F","F",1,"F","F",0,"F","F",3,"F","F","T","",0,0,"N",0,"N",0,"N",0,0,0,0,"3","","","","F","F","F","F","F","F","F","F","F","","","","F","F","F","F","F","","","","",0,3,0,0,0,0,0,0,0,14,"BAL","MIL","BAL",0,"F","F",3,1,1,8,2,"T","F",0,0,"T","T","younr001","moned101","T","T",0,0,0,0,0,0,0,0,0,"","","",0,0,0,0,0,0,0,0,0,0,0,0,0,"murre001","F","F","F","F",0,0,0,0,0,0,0,0,0,0,F,F,"1978BAL.EVA.regular.event.csv",3752
"BAL197808020","MIL",2,0,2,0,0,"",3,1,"younr001","?","younr001","?","palmj001","?","palmj001","?","dempr001","murre001","dauer001","decid001","belam101","moraa101","lopec101","singk001","","","","K","F","F",6,1,3,"T","T",0,"F","F",1,"F","F",0,"F","F",0,"","F","F","",0,0,"N",0,"N",0,"N",0,0,0,0,"2","","","","F","F","F","F","F","F","F","F","F","","","","F","F","F","F","F","","","","",0,2,0,0,0,0,0,0,0,15,"BAL","MIL","BAL",0,"F","T",3,1,1,9,3,"T","F",0,0,"T","T","moned101","hisll101","T","T",0,0,0,0,0,0,0,0,0,"","","",0,0,0,0,0,0,0,0,0,0,0,0,0,"","F","F","F","F",0,0,0,0,0,0,0,0,0,0,F,F,"1978BAL.EVA.regular.event.csv",3753
"BAL197808020","MIL",2,1,0,0,0,"",3,1,"decid001","?","decid001","?","caldm001","?","caldm001","?","moorc001","oglib001","moned101","bands101","younr001","hisll101","thomg001","lezcs001","","","","53","T","F",5,6,2,"T","T",0,"F","F",1,"F","F",0,"F","F",5,"G","F","F","",0,0,"N",0,"N",0,"N",0,0,0,0,"53","","","","F","F","F","F","F","F","F","F","F","","","","F","F","F","F","F","","","","",0,3,0,0,5,0,0,0,0,16,"BAL","BAL","MIL",1,"T","F",1,3,0,5,0,"T","F",0,0,"T","T","moraa101","lopec101","T","T",0,0,0,0,0,0,0,0,0,"","","",0,0,0,0,0,0,0,0,0,0,0,0,0,"bands101","F","F","F","F",0,0,0,0,0,0,0,0,0,0,F,F,"1978BAL.EVA.regular.event.csv",3754
"BAL197808020","MIL",2,1,1,0,0,"",3,1,"moraa101","?","moraa101","?","caldm001","?","caldm001","?","moorc001","oglib001","moned101","bands101","younr001","hisll101","thomg001","lezcs001","","","","K","F","F",7,7,3,"T","T",0,"F","F",1,"F","F",0,"F","F",0,"","F","F","",0,0,"N",0,"N",0,"N",0,0,0,0,"2","","","","F","F","F","F","F","F","F","F","F","","","","F","F","F","F","F","","","","",0,2,0,0,0,0,0,0,0,17,"BAL","BAL","MIL",1,"F","F",1,3,0,6,1,"T","F",0,0,"T","T","lopec101","dempr001","T","T",0,0,0,0,0,0,0,0,0,"","","",0,0,0,0,0,0,0,0,0,0,0,0,0,"","F","F","F","F",0,0,0,0,0,0,0,0,0,0,F,F,"1978BAL.EVA.regular.event.csv",3755
"BAL197808020","MIL",2,1,2,0,0,"",3,1,"lopec101","?","lopec101","?","caldm001","?","caldm001","?","moorc001","oglib001","moned101","bands101","younr001","hisll101","thomg001","lezcs001","","","","7","F","F",8,8,2,"T","T",0,"F","F",1,"F","F",0,"F","F",7,"F","F","F","",0,0,"N",0,"N",0,"N",0,0,0,0,"7","","","","F","F","F","F","F","F","F","F","F","","","","F","F","F","F","F","","","","",0,7,0,0,0,0,0,0,0,18,"BAL","BAL","MIL",1,"F","T",1,3,0,7,2,"T","F",0,0,"T","T","dempr001","belam101","T","T",0,0,0,0,0,0,0,0,0,"","","",0,0,0,0,0,0,0,0,0,0,0,0,0,"hisll101","F","F","F","F",0,0,0,0,0,0,0,0,0,0,F,F,"1978BAL.EVA.regular.event.csv",3756
"BAL197808020","MIL",3,0,0,0,0,"",3,1,"moned101","?","moned101","?","palmj001","?","palmj001","?","dempr001","murre001","dauer001","decid001","belam101","moraa101","lopec101","singk001","","","","8","T","F",4,2,2,"T","T",0,"F","F",1,"F","F",0,"F","F",8,"F","F","F","",0,0,"N",0,"N",0,"N",0,0,0,0,"8","","","","F","F","F","F","F","F","F","F","F","","","","F","F","F","F","F","","","","",0,8,0,0,0,0,0,0,0,19,"BAL","MIL","BAL",0,"T","F",3,1,0,10,0,"T","F",0,0,"T","T","hisll101","coopc001","T","T",0,0,0,0,0,0,0,0,0,"","","",0,0,0,0,0,0,0,0,0,0,0,0,0,"lopec101","F","F","F","F",0,0,0,0,0,0,0,0,0,0,F,F,"1978BAL.EVA.regular.event.csv",3757
"BAL197808020","MIL",3,0,1,0,0,"",3,1,"hisll101","?","hisll101","?","palmj001","?","palmj001","?","dempr001","murre001","dauer001","decid001","belam101","moraa101","lopec101","singk001","","","","W","F","F",7,3,14,"T","F",0,"F","F",0,"F","F",0,"F","F",0,"","F","F","",0,0,"N",0,"N",0,"N",1,0,0,0,"","","","","F","F","F","F","F","F","F","F","F","","","","F","F","F","F","F","","","","",0,0,0,0,0,0,0,0,0,20,"BAL","MIL","BAL",0,"F","F",3,1,0,11,1,"T","F",0,1,"T","T","coopc001","lezcs001","T","T",0,0,0,0,0,0,0,0,0,"","","",0,0,0,0,0,0,0,0,0,0,0,0,0,"","F","F","F","F",0,0,0,0,0,0,0,0,0,0,F,F,"1978BAL.EVA.regular.event.csv",3758
"BAL197808020","MIL",3,0,1,0,0,"",3,1,"coopc001","?","coopc001","?","palmj001","?","palmj001","?","dempr001","murre001","dauer001","decid001","belam101","moraa101","lopec101","singk001","hisll101","","","K+CS2(26)/DP","F","F",10,4,3,"T","T",0,"F","F",2,"T","F",0,"F","F",0,"","F","F","",0,0,"N",0,"N",0,"N",0,0,0,0,"2","26","","","F","F","F","T","F","F","F","F","F","palmj001","","","F","F","F","F","F","","","","",0,2,6,0,2,0,0,0,0,21,"BAL","MIL","BAL",0,"F","T",3,1,0,12,2,"T","F",1,0,"T","T","lezcs001","oglib001","T","T",7,3,20,0,0,0,0,0,0,"dempr001","","",0,0,0,0,0,0,0,0,0,0,0,0,0,"","F","F","F","F",0,0,0,0,0,0,0,0,0,0,F,F,"1978BAL.EVA.regular.event.csv",3759
"BAL197808020","MIL",3,1,0,0,0,"",3,1,"dempr001","?","dempr001","?","caldm001","?","caldm001","?","moorc001","oglib001","moned101","bands101","younr001","hisll101","thomg001","lezcs001","","","","S/BG","T","F",2,9,20,"T","T",1,"F","F",0,"F","F",0,"F","F",0,"G","T","F","",0,0,"N",0,"N",0,"N",1,0,0,0,"","","","","F","F","F","F","F","F","F","F","F","","","","F","F","F","F","F","","","","",0,0,0,0,0,0,0,0,0,22,"BAL","BAL","MIL",1,"T","F",1,3,0,8,0,"T","F",0,1,"T","T","belam101","dauer001","T","T",0,0,0,0,0,0,0,0,0,"","","",0,0,0,0,0,0,0,0,0,0,0,0,0,"","F","F","F","F",0,0,0,0,0,0,0,0,0,0,F,F,"1978BAL.EVA.regular.event.csv",3760
"BAL197808020","MIL",3,1,0,0,0,"",3,1,"belam101","?","belam101","?","caldm001","?","caldm001","?","moorc001","oglib001","moned101","bands101","younr001","hisll101","thomg001","lezcs001","dempr001","","","7","F","F",6,1,2,"T","T",0,"F","F",1,"F","F",0,"F","F",7,"F","F","F","",0,0,"N",0,"N",0,"N",0,1,0,0,"7","","","","F","F","F","F","F","F","F","F","F","caldm001","","","F","F","F","F","F","","","","",0,7,0,0,0,0,0,0,0,23,"BAL","BAL","MIL",1,"F","F",1,3,0,9,1,"T","F",1,1,"T","T","dauer001","singk001","T","T",2,9,22,0,0,0,0,0,0,"moorc001","","",0,0,0,0,0,0,0,0,0,0,0,0,0,"hisll101","F","F","F","F",0,0,0,0,0,0,0,0,0,0,F,F,"1978BAL.EVA.regular.event.csv",3761
"BAL197808020","MIL",3,1,1,0,0,"",3,1,"dauer001","?","dauer001","?","caldm001","?","caldm001","?","moorc001","oglib001","moned101","bands101","younr001","hisll101","thomg001","lezcs001","dempr001","","","S8.1-3","F","F",4,2,20,"T","T",1,"F","F",0,"F","F",0,"F","F",8,"","F","F","",0,0,"N",0,"N",0,"N",1,3,0,0,"","","","","F","F","F","F","F","F","F","F","F","caldm001","","","F","F","F","F","F","","","","",0,0,0,0,0,0,0,0,0,24,"BAL","BAL","MIL",1,"F","F",1,3,0,10,2,"T","F",1,5,"T","T","singk001","murre001","T","T",2,9,22,0,0,0,0,0,0,"moorc001","","",0,0,0,0,0,0,0,0,0,0,0,0,0,"thomg001","F","F","F","F",0,0,0,0,0,0,0,0,0,0,F,F,"1978BAL.EVA.regular.event.csv",3762
"BAL197808020","MIL",3,1,1,0,0,"",3,1,"singk001","?","singk001","?","caldm001","?","caldm001","?","moorc001","oglib001","moned101","bands101","younr001","hisll101","thomg001","lezcs001","dauer001","","dempr001","64(1)3/GDP","F","F",9,3,2,"T","T",0,"F","F",2,"T","F",0,"F","F",6,"G","F","F","",0,0,"N",0,"N",0,"N",0,0,0,3,"43","64","","","F","F","F","F","F","F","F","F","F","caldm001","","caldm001","F","F","F","F","F","","","","",0,4,3,0,6,4,0,0,0,25,"BAL","BAL","MIL",1,"F","T",1,3,0,11,3,"T","F",5,4,"T","T","murre001","may-l101","T","T",4,2,24,0,0,0,2,9,22,"moorc001","","moorc001",0,0,0,0,0,0,0,0,0,0,0,0,0,"younr001","T","F","F","F",0,0,0,0,0,0,0,0,0,0,F,F,"1978BAL.EVA.regular.event.csv",3763
"BAL197808020","MIL",4,0,0,0,0,"",3,1,"lezcs001","?","lezcs001","?","palmj001","?","palmj001","?","dempr001","murre001","dauer001","decid001","belam101","moraa101","lopec101","singk001","","","","63","T","F",9,5,2,"T","T",0,"F","F",1,"F","F",0,"F","F",6,"G","F","F","",0,0,"N",0,"N",0,"N",0,0,0,0,"63","","","","F","F","F","F","F","F","F","F","F","","","","F","F","F","F","F","","","","",0,3,0,0,6,0,0,0,0,26,"BAL","MIL","BAL",0,"T","F",3,1,0,13,0,"T","F",0,0,"T","T","oglib001","bands101","T","T",0,0,0,0,0,0,0,0,0,"","","",0,0,0,0,0,0,0,0,0,0,0,0,0,"belam101","F","F","F","F",0,0,0,0,1,0,0,0,0,0,F,F,"1978BAL.EVA.regular.event.csv",3764
"BAL197808020","MIL",4,0,1,0,0,"",3,1,"oglib001","?","oglib001","?","palmj001","?","palmj001","?","dempr001","murre001","dauer001","decid001","belam101","moraa101","lopec101","singk001","","","","K","F","F",3,6,3,"T","T",0,"F","F",1,"F","F",0,"F","F",0,"","F","F","",0,0,"N",0,"N",0,"N",0,0,0,0,"2","","","","F","F","F","F","F","F","F","F","F","","","","F","F","F","F","F","","","","",0,2,0,0,0,0,0,0,0,27,"BAL","MIL","BAL",0,"F","F",3,1,0,14,1,"T","F",0,0,"T","T","bands101","thomg001","T","T",0,0,0,0,0,0,0,0,0,"","","",0,0,0,0,0,0,0,0,0,0,0,0,0,"","F","F","F","F",0,0,0,0,1,0,0,0,0,0,F,F,"1978BAL.EVA.regular.event.csv",3765
"BAL197808020","MIL",4,0,2,0,0,"",3,1,"bands101","?","bands101","?","palmj001","?","palmj001","?","dempr001","murre001","dauer001","decid001","belam101","moraa101","lopec101","singk001","","","","S7","F","F",5,7,20,"T","T",1,"F","F",0,"F","F",0,"F","F",7,"","F","F","",0,0,"N",0,"N",0,"N",1,0,0,0,"","","","","F","F","F","F","F","F","F","F","F","","","","F","F","F","F","F","","","","",0,0,0,0,0,0,0,0,0,28,"BAL","MIL","BAL",0,"F","F",3,1,0,15,2,"T","F",0,1,"T","T","thomg001","moorc001","T","T",0,0,0,0,0,0,0,0,0,"","","",0,0,0,0,0,0,0,0,0,0,0,0,0,"moraa101","F","F","F","F",4,0,0,0,1,0,0,0,0,0,F,F,"1978BAL.EVA.regular.event.csv",3766
"BAL197808020","MIL",4,0,2,0,0,"",3,1,"thomg001","?","thomg001","?","palmj001","?","palmj001","?","dempr001","murre001","dauer001","decid001","belam101","moraa101","lopec101","singk001","bands101","","","SB2","F","F",8,8,4,"F","F",0,"F","F",0,"F","F",0,"F","F",0,"","F","F","",0,0,"N",0,"N",0,"N",0,2,0,0,"","","","","T","F","F","F","F","F","F","F","F","palmj001","","","F","F","F","F","F","","","","",0,0,0,0,0,0,0,0,0,29,"BAL","MIL","BAL",0,"F","F",3,1,0,16,3,"T","F",1,2,"T","T","moorc001","younr001","T","T",5,7,28,0,0,0,0,0,0,"dempr001","","",0,0,0,0,0,0,0,0,0,0,0,0,0,"","F","F","F","F",0,4,0,0,1,0,0,0,0,0,F,F,"1978BAL.EVA.regular.event.csv",3767
"BAL197808020","MIL",4,0,2,0,0,"",3,1,"thomg001","?","thomg001","?","palmj001","?","palmj001","?","dempr001","murre001","dauer001","decid001","belam101","moraa101","lopec101","singk001","","bands101","","D7.2-H","F","F",8,8,21,"T","T",2,"F","F",0,"F","F",1,"F","F",7,"","F","F","",0,0,"N",0,"N",0,"N",2,0,4,0,"","","","","F","F","F","F","F","F","F","F","F","","palmj001","","F","F","F","F","F","","","","",0,0,0,0,0,0,0,0,0,30,"BAL","MIL","BAL",0,"F","F",3,1,0,16,3,"F","F",2,2,"T","T","moorc001","younr001","T","T",0,0,0,5,7,28,0,0,0,"","dempr001","",0,0,0,0,0,0,0,0,0,0,0,0,1,"moraa101","F","F","F","F",0,0,4,0,0,0,0,0,0,0,F,F,"1978BAL.EVA.regular.event.csv",3768
"BAL197808020","MIL",4,0,2,0,0,"",4,1,"moorc001","?","moorc001","?","palmj001","?","palmj001","?","dempr001","murre001","dauer001","decid001","belam101","moraa101","lopec101","singk001","","thomg001","","W","F","F",2,9,14,"T","F",0,"F","F",0,"F","F",0,"F","F",0,"","F","F","",0,0,"N",0,"N",0,"N",1,0,2,0,"","","","","F","F","F","F","F","F","F","F","F","","palmj001","","F","F","F","F","F","","","","",0,0,0,0,0,0,0,0,0,31,"BAL","MIL","BAL",0,"F","F",4,1,1,17,4,"T","F",2,3,"T","T","younr001","moned101","T","T",0,0,0,8,8,30,0,0,0,"","dempr001","",0,0,0,0,0,0,0,0,0,0,0,0,0,"","F","F","F","F",0,0,0,0,0,0,0,0,0,0,F,F,"1978BAL.EVA.regular.event.csv",3769
"BAL197808020","MIL",4,0,2,0,0,"",4,1,"younr001","?","younr001","?","palmj001","?","palmj001","?","dempr001","murre001","dauer001","decid001","belam101","moraa101","lopec101","singk001","moorc001","thomg001","","K/C","F","F",6,1,3,"T","T",0,"F","F",1,"F","F",0,"F","F",0,"","F","F","",0,0,"N",0,"N",0,"N",0,1,2,0,"2","","","","F","F","F","F","F","F","F","F","F","palmj001","palmj001","","F","F","F","F","F","","","","",0,2,0,0,0,0,0,0,0,32,"BAL","MIL","BAL",0,"F","T",4,1,1,18,5,"T","F",3,3,"T","T","moned101","hisll101","T","T",2,9,31,8,8,30,0,0,0,"dempr001","dempr001","",0,0,0,0,0,0,0,0,0,0,0,0,0,"","F","F","F","F",0,0,0,0,0,0,0,0,0,0,F,F,"1978BAL.EVA.regular.event.csv",3770
"BAL197808020","MIL",4,1,0,0,0,"",4,1,"murre001","?","murre001","?","caldm001","?","caldm001","?","moorc001","oglib001","moned101","bands101","younr001","hisll101","thomg001","lezcs001","","","","7","T","F",3,4,2,"T","T",0,"F","F",1,"F","F",0,"F","F",7,"F","F","F","",0,0,"N",0,"N",0,"N",0,0,0,0,"7","","","","F","F","F","F","F","F","F","F","F","","","","F","F","F","F","F","","","","",0,7,0,0,0,0,0,0,0,33,"BAL","BAL","MIL",1,"T","F",1,4,0,12,0,"T","F",0,0,"T","T","may-l101","decid001","T","T",0,0,0,0,0,0,0,0,0,"","","",0,0,0,0,0,0,0,0,0,0,0,0,0,"hisll101","F","F","F","F",0,0,0,0,0,0,0,0,0,0,F,F,"1978BAL.EVA.regular.event.csv",3771
"BAL197808020","MIL",4,1,1,0,0,"",4,1,"may-l101","?","may-l101","?","caldm001","?","caldm001","?","moorc001","oglib001","moned101","bands101","younr001","hisll101","thomg001","lezcs001","","","","K","F","F",10,5,3,"T","T",0,"F","F",1,"F","F",0,"F","F",0,"","F","F","",0,0,"N",0,"N",0,"N",0,0,0,0,"2","","","","F","F","F","F","F","F","F","F","F","","","","F","F","F","F","F","","","","",0,2,0,0,0,0,0,0,0,34,"BAL","BAL","MIL",1,"F","F",1,4,0,13,1,"T","F",0,0,"T","T","decid001","moraa101","T","T",0,0,0,0,0,0,0,0,0,"","","",0,0,0,0,0,0,0,0,0,0,0,0,0,"","F","F","F","F",0,0,0,0,0,0,0,0,0,0,F,F,"1978BAL.EVA.regular.event.csv",3772
"BAL197808020","MIL",4,1,2,0,0,"",4,1,"decid001","?","decid001","?","caldm001","?","caldm001","?","moorc001","oglib001","moned101","bands101","younr001","hisll101","thomg001","lezcs001","","","","3/G","F","F",5,6,2,"T","T",0,"F","F",1,"F","F",0,"F","F",3,"G","F","F","",0,0,"N",0,"N",0,"N",0,0,0,0,"3","","","","F","F","F","F","F","F","F","F","F","","","","F","F","F","F","F","","","","",0,3,0,0,0,0,0,0,0,35,"BAL","BAL","MIL",1,"F","T",1,4,0,14,2,"T","F",0,0,"T","T","moraa101","lopec101","T","T",0,0,0,0,0,0,0,0,0,"","","",0,0,0,0,0,0,0,0,0,0,0,0,0,"oglib001","F","F","F","F",0,0,0,0,0,0,0,0,0,0,F,F,"1978BAL.EVA.regular.event.csv",3773
"BAL197808020","MIL",5,0,0,0,0,"",4,1,"moned101","?","moned101","?","palmj001","?","palmj001","?","dempr001","murre001","dauer001","decid001","belam101","moraa101","lopec101","singk001","","","","63","T","F",4,2,2,"T","T",0,"F","F",1,"F","F",0,"F","F",6,"G","F","F","",0,0,"N",0,"N",0,"N",0,0,0,0,"63","","","","F","F","F","F","F","F","F","F","F","","","","F","F","F","F","F","","","","",0,3,0,0,6,0,0,0,0,36,"BAL","MIL","BAL",0,"T","F",4,1,0,19,0,"T","F",0,0,"T","T","hisll101","coopc001","T","T",0,0,0,0,0,0,0,0,0,"","","",0,0,0,0,0,0,0,0,0,0,0,0,0,"belam101","F","F","F","F",0,0,0,0,0,0,0,0,0,0,F,F,"1978BAL.EVA.regular.event.csv",3774
"BAL197808020","MIL",5,0,1,0,0,"",4,1,"hisll101","?","hisll101","?","palmj001","?","palmj001","?","dempr001","murre001","dauer001","decid001","belam101","moraa101","lopec101","singk001","","","","S","F","F",7,3,20,"T","T",1,"F","F",0,"F","F",0,"F","F",0,"","F","F","",0,0,"N",0,"N",0,"N",1,0,0,0,"","","","","F","F","F","F","F","F","F","F","F","","","","F","F","F","F","F","","","","",0,0,0,0,0,0,0,0,0,37,"BAL","MIL","BAL",0,"F","F",4,1,0,20,1,"T","F",0,1,"T","T","coopc001","lezcs001","T","T",0,0,0,0,0,0,0,0,0,"","","",0,0,0,0,0,0,0,0,0,0,0,0,0,"","F","F","F","F",0,0,0,0,0,0,0,0,0,0,F,F,"1978BAL.EVA.regular.event.csv",3775
"BAL197808020","MIL",5,0,1,0,0,"",4,1,"coopc001","?","coopc001","?","palmj001","?","palmj001","?","dempr001","murre001","dauer001","decid001","belam101","moraa101","lopec101","singk001","hisll101","","","SB2","F","F",10,4,4,"F","F",0,"F","F",0,"F","F",0,"F","F",0,"","F","F","",0,0,"N",0,"N",0,"N",0,2,0,0,"","","","","T","F","F","F","F","F","F","F","F","palmj001","","","F","F","F","F","F","","","","",0,0,0,0,0,0,0,0,0,38,"BAL","MIL","BAL",0,"F","F",4,1,0,21,2,"T","F",1,2,"T","T","lezcs001","oglib001","T","T",7,3,37,0,0,0,0,0,0,"dempr001","","",0,0,0,0,0,0,0,0,0,0,0,0,0,"","F","F","F","F",0,0,0,0,0,0,0,0,0,0,F,F,"1978BAL.EVA.regular.event.csv",3776
"BAL197808020","MIL",5,0,1,0,0,"",4,1,"coopc001","?","coopc001","?","palmj001","?","palmj001","?","dempr001","murre001","dauer001","decid001","belam101","moraa101","lopec101","singk001","","hisll101","","9","F","F",10,4,2,"T","T",0,"F","F",1,"F","F",0,"F","F",9,"F","F","F","",0,0,"N",0,"N",0,"N",0,0,2,0,"9","","","","F","F","F","F","F","F","F","F","F","","palmj001","","F","F","F","F","F","","","","",0,9,0,0,0,0,0,0,0,39,"BAL","MIL","BAL",0,"F","F",4,1,0,21,2,"F","F",2,2,"T","T","lezcs001","oglib001","T","T",0,0,0,7,3,37,0,0,0,"","dempr001","",0,0,0,0,0,0,0,0,0,0,0,0,0,"singk001","F","F","F","F",0,0,0,0,0,0,0,0,0,0,F,F,"1978BAL.EVA.regular.event.csv",3777
"BAL197808020","MIL",5,0,2,0,0,"",4,1,"lezcs001","?","lezcs001","?","palmj001","?","palmj001","?","dempr001","murre001","dauer001","decid001","belam101","moraa101","lopec101","singk001","","hisll101","","W","F","F",9,5,14,"T","F",0,"F","F",0,"F","F",0,"F","F",0,"","F","F","",0,0,"N",0,"N",0,"N",1,0,2,0,"","","","","F","F","F","F","F","F","F","F","F","","palmj001","","F","F","F","F","F","","","","",0,0,0,0,0,0,0,0,0,40,"BAL","MIL","BAL",0,"F","F",4,1,0,22,3,"T","F",2,3,"T","T","oglib001","bands101","T","T",0,0,0,7,3,37,0,0,0,"","dempr001","",0,0,0,0,0,0,0,0,0,0,0,0,0,"","F","F","F","F",0,0,0,0,0,0,0,0,0,0,F,F,"1978BAL.EVA.regular.event.csv",3778
"BAL197808020","MIL",5,0,2,0,0,"",4,1,"oglib001","?","oglib001","?","palmj001","?","palmj001","?","dempr001","murre001","dauer001","decid001","belam101","moraa101","lopec101","singk001","lezcs001","hisll101","","K","F","F",3,6,3,"T","T",0,"F","F",1,"F","F",0,"F","F",0,"","F","F","",0,0,"N",0,"N",0,"N",0,1,2,0,"2","","","","F","F","F","F","F","F","F","F","F","palmj001","palmj001","","F","F","F","F","F","","","","",0,2,0,0,0,0,0,0,0,41,"BAL","MIL","BAL",0,"F","T",4,1,0,23,4,"T","F",3,3,"T","T","bands101","thomg001","T","T",9,5,40,7,3,37,0,0,0,"dempr001","dempr001","",0,0,0,0,0,0,0,0,0,0,0,0,0,"","F","F","F","F",0,0,0,0,0,0,0,0,0,0,F,F,"1978BAL.EVA.regular.event.csv",3779
"BAL197808020","MIL",5,1,0,0,0,"",4,1,"moraa101","?","moraa101","?","caldm001","?","caldm001","?","moorc001","oglib001","moned101","bands101","younr001","hisll101","thomg001","lezcs001","","","","2/FL","T","F",7,7,2,"T","T",0,"F","F",1,"F","F",0,"F","F",2,"F","F","T","",0,0,"N",0,"N",0,"N",0,0,0,0,"2","","","","F","F","F","F","F","F","F","F","F","","","","F","F","F","F","F","","","","",0,2,0,0,0,0,0,0,0,42,"BAL","BAL","MIL",1,"T","F",1,4,0,15,0,"T","F",0,0,"T","T","lopec101","dempr001","T","T",0,0,0,0,0,0,0,0,0,"","","",0,0,0,0,0,0,0,0,0,0,0,0,0,"moorc001","F","F","F","F",0,0,0,0,0,0,0,0,0,0,F,F,"1978BAL.EVA.regular.event.csv",3780
"BAL197808020","MIL",5,1,1,0,0,"",4,1,"lopec101","?","lopec101","?","caldm001","?","caldm001","?","moorc001","oglib001","moned101","bands101","younr001","hisll101","thomg001","lezcs001","","","","7/L","F","F",8,8,2,"T","T",0,"F","F",1,"F","F",0,"F","F",7,"L","F","F","",0,0,"N",0,"N",0,"N",0,0,0,0,"7","","","","F","F","F","F","F","F","F","F","F","","","","F","F","F","F","F","","","","",0,7,0,0,0,0,0,0,0,43,"BAL","BAL","MIL",1,"F","F",1,4,0,16,1,"T","F",0,0,"T","T","dempr001","belam101","T","T",0,0,0,0,0,0,0,0,0,"","","",0,0,0,0,0,0,0,0,0,0,0,0,0,"hisll101","F","F","F","F",0,0,0,0,0,0,0,0,0,0,F,F,"1978BAL.EVA.regular.event.csv",3781
"BAL197808020","MIL",5,1,2,0,0,"",4,1,"dempr001","?","dempr001","?","caldm001","?","caldm001","?","moorc001","oglib001","moned101","bands101","younr001","hisll101","thomg001","lezcs001","","","","3/FL","F","F",2,9,2,"T","T",0,"F","F",1,"F","F",0,"F","F",3,"F","F","T","",0,0,"N",0,"N",0,"N",0,0,0,0,"3","","","","F","F","F","F","F","F","F","F","F","","","","F","F","F","F","F","","","","",0,3,0,0,0,0,0,0,0,44,"BAL","BAL","MIL",1,"F","T",1,4,0,17,2,"T","F",0,0,"T","T","belam101","dauer001","T","T",0,0,0,0,0,0,0,0,0,"","","",0,0,0,0,0,0,0,0,0,0,0,0,0,"oglib001","F","F","F","F",0,0,0,0,0,0,0,0,0,0,F,F,"1978BAL.EVA.regular.event.csv",3782
"BAL197808020","MIL",6,0,0,0,0,"",4,1,"bands101","?","bands101","?","palmj001","?","palmj001","?","dempr001","murre001","dauer001","decid001","belam101","moraa101","lopec101","singk001","","","","8","T","F",5,7,2,"T","T",0,"F","F",1,"F","F",0,"F","F",8,"F","F","F","",0,0,"N",0,"N",0,"N",0,0,0,0,"8","","","","F","F","F","F","F","F","F","F","F","","","","F","F","F","F","F","","","","",0,8,0,0,0,0,0,0,0,45,"BAL","MIL","BAL",0,"T","F",4,1,0,24,0,"T","F",0,0,"T","T","thomg001","moorc001","T","T",0,0,0,0,0,0,0,0,0,"","","",0,0,0,0,0,0,0,0,0,0,0,0,0,"lopec101","F","F","F","F",0,0,0,0,0,0,0,0,0,0,F,F,"1978BAL.EVA.regular.event.csv",3783
"BAL197808020","MIL",6,0,1,0,0,"",4,1,"thomg001","?","thomg001","?","palmj001","?","palmj001","?","dempr001","murre001","dauer001","decid001","belam101","moraa101","lopec101","singk001","","","","5/FL","F","F",8,8,2,"T","T",0,"F","F",1,"F","F",0,"F","F",5,"F","F","T","",0,0,"N",0,"N",0,"N",0,0,0,0,"5","","","","F","F","F","F","F","F","F","F","F","","","","F","F","F","F","F","","","","",0,5,0,0,0,0,0,0,0,46,"BAL","MIL","BAL",0,"F","F",4,1,0,25,1,"T","F",0,0,"T","T","moorc001","younr001","T","T",0,0,0,0,0,0,0,0,0,"","","",0,0,0,0,0,0,0,0,0,0,0,0,0,"decid001","F","F","F","F",0,0,0,0,0,0,0,0,0,0,F,F,"1978BAL.EVA.regular.event.csv",3784
"BAL197808020","MIL",6,0,2,0,0,"",4,1,"moorc001","?","moorc001","?","palmj001","?","palmj001","?","dempr001","murre001","dauer001","decid001","belam101","moraa101","lopec101","singk001","","","","S","F","F",2,9,20,"T","T",1,"F","F",0,"F","F",0,"F","F",0,"","F","F","",0,0,"N",0,"N",0,"N",1,0,0,0,"","","","","F","F","F","F","F","F","F","F","F","","","","F","F","F","F","F","","","","",0,0,0,0,0,0,0,0,0,47,"BAL","MIL","BAL",0,"F","F",4,1,0,26,2,"T","F",0,1,"T","T","younr001","moned101","T","T",0,0,0,0,0,0,0,0,0,"","","",0,0,0,0,0,0,0,0,0,0,0,0,0,"","F","F","F","F",0,0,0,0,0,0,0,0,0,0,F,F,"1978BAL.EVA.regular.event.csv",3785
"BAL197808020","MIL",6,0,2,0,0,"",4,1,"younr001","?","younr001","?","palmj001","?","palmj001","?","dempr001","murre001","dauer001","decid001","belam101","moraa101","lopec101","singk001","moorc001","","","63","F","F",6,1,2,"T","T",0,"F","F",1,"F","F",0,"F","F",6,"G","F","F","",0,0,"N",0,"N",0,"N",0,1,0,0,"63","","","","F","F","F","F","F","F","F","F","F","palmj001","","","F","F","F","F","F","","","","",0,3,0,0,6,0,0,0,0,48,"BAL","MIL","BAL",0,"F","T",4,1,0,27,3,"T","F",1,1,"T","T","moned101","hisll101","T","T",2,9,47,0,0,0,0,0,0,"dempr001","","",0,0,0,0,0,0,0,0,0,0,0,0,0,"belam101","F","F","F","F",0,0,0,0,0,0,0,0,0,0,F,F,"1978BAL.EVA.regular.event.csv",3786
"BAL197808020","MIL",6,1,0,0,0,"",4,1,"belam101","?","belam101","?","caldm001","?","caldm001","?","moorc001","oglib001","moned101","bands101","younr001","hisll101","thomg001","lezcs001","","","","D7","T","F",6,1,21,"T","T",2,"F","F",0,"F","F",0,"F","F",7,"","F","F","",0,0,"N",0,"N",0,"N",2,0,0,0,"","","","","F","F","F","F","F","F","F","F","F","","","","F","F","F","F","F","","","","",0,0,0,0,0,0,0,0,0,49,"BAL","BAL","MIL",1,"T","F",1,4,0,18,0,"T","F",0,2,"T","T","dauer001","singk001","T","T",0,0,0,0,0,0,0,0,0,"","","",0,0,0,0,0,0,0,0,0,0,0,0,0,"hisll101","F","F","F","F",5,0,0,0,1,0,0,0,0,0,F,F,"1978BAL.EVA.regular.event.csv",3787
"BAL197808020","MIL",6,1,0,0,0,"",4,1,"dauer001","?","dauer001","?","caldm001","?","caldm001","?","moorc001","oglib001","moned101","bands101","younr001","hisll101","thomg001","lezcs001","","belam101","","E6.2-H(NR)(UR);B-2","F","F",4,2,18,"T","T",0,"F","F",0,"F","F",0,"F","F",6,"G","F","F","",1,6,"F",0,"N",0,"N",2,0,5,0,"","","","","F","F","F","F","F","F","F","F","F","","caldm001","","F","F","F","F","F","","","","",0,0,0,0,0,0,0,0,0,50,"BAL","BAL","MIL",1,"F","F",1,4,0,19,1,"T","F",2,2,"T","T","singk001","murre001","T","T",0,0,0,6,1,49,0,0,0,"","moorc001","",0,0,0,0,0,0,0,0,0,0,0,0,1,"younr001","F","F","F","T",0,0,5,0,0,0,0,0,0,0,F,F,"1978BAL.EVA.regular.event.csv",3788
"BAL197808020","MIL",6,1,0,0,0,"",4,2,"singk001","?","singk001","?","caldm001","?","caldm001","?","moorc001","oglib001","moned101","bands101","younr001","hisll101","thomg001","lezcs001","","dauer001","","53","F","F",9,3,2,"T","T",0,"F","F",1,"F","F",0,"F","F",5,"G","F","F","",0,0,"N",0,"N",0,"N",0,0,2,0,"53","","","","F","F","F","F","F","F","F","F","F","","caldm001","","F","F","F","F","F","","","","",0,3,0,0,5,0,0,0,0,51,"BAL","BAL","MIL",1,"F","F",2,4,1,20,2,"T","F",2,2,"T","T","murre001","may-l101","T","T",0,0,0,4,2,50,0,0,0,"","moorc001","",0,0,0,0,0,0,0,0,0,0,0,0,0,"bands101","F","F","F","F",0,0,0,0,0,0,0,0,0,0,F,F,"1978BAL.EVA.regular.event.csv",3789
"BAL197808020","MIL",6,1,1,0,0,"",4,2,"murre001","?","murre001","?","caldm001","?","caldm001","?","moorc001","oglib001","moned101","bands101","younr001","hisll101","thomg001","lezcs001","","dauer001","","53","F","F",3,4,2,"T","T",0,"F","F",1,"F","F",0,"F","F",5,"G","F","F","",0,0,"N",0,"N",0,"N",0,0,2,0,"53","","","","F","F","F","F","F","F","F","F","F","","caldm001","","F","F","F","F","F","","","","",0,3,0,0,5,0,0,0,0,52,"BAL","BAL","MIL",1,"F","F",2,4,1,21,3,"T","F",2,2,"T","T","may-l101","decid001","T","T",0,0,0,4,2,50,0,0,0,"","moorc001","",0,0,0,0,0,0,0,0,0,0,0,0,0,"bands101","F","F","F","F",0,0,0,0,0,0,0,0,0,0,F,F,"1978BAL.EVA.regular.event.csv",3790
"BAL197808020","MIL",6,1,2,0,0,"",4,2,"may-l101","?","may-l101","?","caldm001","?","caldm001","?","moorc001","oglib001","moned101","bands101","younr001","hisll101","thomg001","lezcs001","","dauer001","","63","F","F",10,5,2,"T","T",0,"F","F",1,"F","F",0,"F","F",6,"G","F","F","",0,0,"N",0,"N",0,"N",0,0,2,0,"63","","","","F","F","F","F","F","F","F","F","F","","caldm001","","F","F","F","F","F","","","","",0,3,0,0,6,0,0,0,0,53,"BAL","BAL","MIL",1,"F","T",2,4,1,22,4,"T","F",2,2,"T","T","decid001","moraa101","T","T",0,0,0,4,2,50,0,0,0,"","moorc001","",0,0,0,0,0,0,0,0,0,0,0,0,0,"younr001","F","F","F","F",0,0,0,0,0,0,0,0,0,0,F,F,"1978BAL.EVA.regular.event.csv",3791
"BAL197808020","MIL",7,0,0,0,0,"",4,2,"moned101","?","moned101","?","palmj001","?","palmj001","?","dempr001","murre001","dauer001","decid001","belam101","moraa101","lopec101","singk001","","","","K","T","F",4,2,3,"T","T",0,"F","F",1,"F","F",0,"F","F",0,"","F","F","",0,0,"N",0,"N",0,"N",0,0,0,0,"2","","","","F","F","F","F","F","F","F","F","F","","","","F","F","F","F","F","","","","",0,2,0,0,0,0,0,0,0,54,"BAL","MIL","BAL",0,"T","F",4,2,0,28,0,"T","F",0,0,"T","T","hisll101","coopc001","T","T",0,0,0,0,0,0,0,0,0,"","","",0,0,0,0,0,0,0,0,0,0,0,0,0,"","F","F","F","F",0,0,0,0,0,0,0,0,0,0,F,F,"1978BAL.EVA.regular.event.csv",3792
"BAL197808020","MIL",7,0,1,0,0,"",4,2,"hisll101","?","hisll101","?","palmj001","?","palmj001","?","dempr001","murre001","dauer001","decid001","belam101","moraa101","lopec101","singk001","","","","K/C","F","F",7,3,3,"T","T",0,"F","F",1,"F","F",0,"F","F",0,"","F","F","",0,0,"N",0,"N",0,"N",0,0,0,0,"2","","","","F","F","F","F","F","F","F","F","F","","","","F","F","F","F","F","","","","",0,2,0,0,0,0,0,0,0,55,"BAL","MIL","BAL",0,"F","F",4,2,0,29,1,"T","F",0,0,"T","T","coopc001","lezcs001","T","T",0,0,0,0,0,0,0,0,0,"","","",0,0,0,0,0,0,0,0,0,0,0,0,0,"","F","F","F","F",0,0,0,0,0,0,0,0,0,0,F,F,"1978BAL.EVA.regular.event.csv",3793
"BAL197808020","MIL",7,0,2,0,0,"",4,2,"coopc001","?","coopc001","?","palmj001","?","palmj001","?","dempr001","murre001","dauer001","decid001","belam101","moraa101","lopec101","singk001","","","","K","F","F",10,4,3,"T","T",0,"F","F",1,"F","F",0,"F","F",0,"","F","F","",0,0,"N",0,"N",0,"N",0,0,0,0,"2","","","","F","F","F","F","F","F","F","F","F","","","","F","F","F","F","F","","","","",0,2,0,0,0,0,0,0,0,56,"BAL","MIL","BAL",0,"F","T",4,2,0,30,2,"T","F",0,0,"T","T","lezcs001","oglib001","T","T",0,0,0,0,0,0,0,0,0,"","","",0,0,0,0,0,0,0,0,0,0,0,0,0,"","F","F","F","F",0,0,0,0,0,0,0,0,0,0,F,F,"1978BAL.EVA.regular.event.csv",3794
"BAL197808020","MIL",7,1,0,0,0,"",4,2,"decid001","?","decid001","?","caldm001","?","caldm001","?","moorc001","oglib001","moned101","bands101","younr001","hisll101","thomg001","lezcs001","","","","HR/7","T","F",5,6,23,"T","T",4,"F","F",0,"F","F",1,"F","F",0,"","F","F","7",0,0,"N",0,"N",0,"N",4,0,0,0,"","","","","F","F","F","F","F","F","F","F","F","","","","F","F","F","F","F","","","","",0,0,0,0,0,0,0,0,0,57,"BAL","BAL","MIL",1,"T","F",2,4,0,23,0,"T","F",0,0,"T","T","moraa101","lopec101","T","T",0,0,0,0,0,0,0,0,0,"","","",0,0,0,0,0,0,0,0,0,0,0,0,1,"","F","F","F","F",4,0,0,0,0,0,0,0,0,0,F,F,"1978BAL.EVA.regular.event.csv",3795
"BAL197808020","MIL",7,1,0,0,0,"",4,3,"moraa101","?","moraa101","?","caldm001","?","caldm001","?","moorc001","oglib001","moned101","bands101","younr001","hisll101","thomg001","lezcs001","","","","S8","F","F",7,7,20,"T","T",1,"F","F",0,"F","F",0,"F","F",8,"","F","F","",0,0,"N",0,"N",0,"N",1,0,0,0,"","","","","F","F","F","F","F","F","F","F","F","","","","F","F","F","F","F","","","","",0,0,0,0,0,0,0,0,0,58,"BAL","BAL","MIL",1,"F","F",3,4,1,24,1,"T","F",0,1,"T","T","lopec101","dempr001","T","T",0,0,0,0,0,0,0,0,0,"","","",0,0,0,0,0,0,0,0,0,0,0,0,0,"thomg001","F","F","F","F",0,0,0,0,0,0,0,0,0,0,F,F,"1978BAL.EVA.regular.event.csv",3796
"BAL197808020","MIL",7,1,0,0,0,"",4,3,"lopec101","?","lopec101","?","caldm001","?","caldm001","?","moorc001","oglib001","moned101","bands101","younr001","hisll101","thomg001","lezcs001","moraa101","","","16(1)/FO/BG","F","F",8,8,2,"T","T",0,"F","F",1,"F","F",0,"F","F",1,"G","T","F","",0,0,"N",0,"N",0,"N",1,0,0,0,"","16","","","F","F","F","F","F","F","F","F","F","caldm001","","","F","F","F","F","F","","","","",0,6,0,0,1,0,0,0,0,59,"BAL","BAL","MIL",1,"F","F",3,4,1,25,2,"T","F",1,1,"T","T","dempr001","belam101","T","T",7,7,58,0,0,0,0,0,0,"moorc001","","",0,0,0,0,0,0,0,0,0,0,0,0,0,"caldm001","T","F","F","F",0,0,0,0,0,0,0,0,0,0,F,F,"1978BAL.EVA.regular.event.csv",3797
"BAL197808020","MIL",7,1,1,0,0,"",4,3,"dempr001","?","dempr001","?","caldm001","?","caldm001","?","moorc001","oglib001","moned101","bands101","younr001","hisll101","thomg001","lezcs001","lopec101","","","53.1-2","F","F",2,9,2,"T","T",0,"F","F",1,"F","F",0,"F","F",5,"G","F","F","",0,0,"N",0,"N",0,"N",0,2,0,0,"53","","","","F","F","F","F","F","F","F","F","F","caldm001","","","F","F","F","F","F","","","","",0,3,0,0,5,0,0,0,0,60,"BAL","BAL","MIL",1,"F","F",3,4,1,26,3,"T","F",1,2,"T","T","belam101","dauer001","T","T",8,8,59,0,0,0,0,0,0,"moorc001","","",0,0,0,0,0,0,0,0,0,0,0,0,0,"bands101","F","F","F","F",0,0,0,0,0,0,0,0,0,0,F,F,"1978BAL.EVA.regular.event.csv",3798
"BAL197808020","MIL",7,1,2,0,0,"",4,3,"belam101","?","belam101","?","caldm001","?","caldm001","?","moorc001","oglib001","moned101","bands101","younr001","hisll101","thomg001","lezcs001","","lopec101","","53","F","F",6,1,2,"T","T",0,"F","F",1,"F","F",0,"F","F",5,"G","F","F","",0,0,"N",0,"N",0,"N",0,0,2,0,"53","","","","F","F","F","F","F","F","F","F","F","","caldm001","","F","F","F","F","F","","","","",0,3,0,0,5,0,0,0,0,61,"BAL","BAL","MIL",1,"F","T",3,4,1,27,4,"T","F",2,2,"T","T","dauer001","singk001","T","T",0,0,0,8,8,59,0,0,0,"","moorc001","",0,0,0,0,0,0,0,0,0,0,0,0,0,"bands101","F","F","F","F",0,0,0,0,0,0,0,0,0,0,F,F,"1978BAL.EVA.regular.event.csv",3799
"BAL197808020","MIL",8,0,0,0,0,"",4,3,"lezcs001","?","lezcs001","?","palmj001","?","palmj001","?","dempr001","murre001","dauer001","decid001","belam101","moraa101","lopec101","singk001","","","","9","T","F",9,5,2,"T","T",0,"F","F",1,"F","F",0,"F","F",9,"F","F","F","",0,0,"N",0,"N",0,"N",0,0,0,0,"9","","","","F","F","F","F","F","F","F","F","F","","","","F","F","F","F","F","","","","",0,9,0,0,0,0,0,0,0,62,"BAL","MIL","BAL",0,"T","F",4,3,0,31,0,"T","F",0,0,"T","T","oglib001","bands101","T","T",0,0,0,0,0,0,0,0,0,"","","",0,0,0,0,0,0,0,0,0,0,0,0,0,"singk001","F","F","F","F",0,0,0,0,0,0,0,0,0,0,F,F,"1978BAL.EVA.regular.event.csv",3800
"BAL197808020","MIL",8,0,1,0,0,"",4,3,"oglib001","?","oglib001","?","palmj001","?","palmj001","?","dempr001","murre001","dauer001","decid001","belam101","moraa101","lopec101","singk001","","","","S5","F","F",3,6,20,"T","T",1,"F","F",0,"F","F",0,"F","F",5,"","F","F","",0,0,"N",0,"N",0,"N",1,0,0,0,"","","","","F","F","F","F","F","F","F","F","F","","","","F","F","F","F","F","","","","",0,0,0,0,0,0,0,0,0,63,"BAL","MIL","BAL",0,"F","F",4,3,0,32,1,"T","F",0,1,"T","T","bands101","thomg001","T","T",0,0,0,0,0,0,0,0,0,"","","",0,0,0,0,0,0,0,0,0,0,0,0,0,"decid001","F","F","F","F",0,0,0,0,0,0,0,0,0,0,F,F,"1978BAL.EVA.regular.event.csv",3801
"BAL197808020","MIL",8,0,1,0,0,"",4,3,"bands101","?","bands101","?","palmj001","?","palmj001","?","dempr001","murre001","dauer001","decid001","belam101","moraa101","lopec101","singk001","muset101","","","64(1)3/GDP","F","F",5,7,2,"T","T",0,"F","F",2,"T","F",0,"F","F",6,"G","F","F","",0,0,"N",0,"N",0,"N",0,0,0,0,"43","64","","","F","F","F","F","F","F","F","F","F","palmj001","","","F","F","T","F","F","oglib001","","","",0,4,3,0,6,4,0,0,0,64,"BAL","MIL","BAL",0,"F","T",4,3,0,33,2,"T","F",1,0,"T","T","thomg001","moorc001","T","T",0,6,63,0,0,0,0,0,0,"dempr001","","",0,0,0,0,0,0,0,0,0,0,0,0,0,"belam101","T","F","F","F",0,0,0,0,0,0,0,0,0,0,F,F,"1978BAL.EVA.regular.event.csv",3802
"BAL197808020","MIL",8,1,0,0,0,"",4,3,"dauer001","?","dauer001","?","caldm001","?","caldm001","?","moorc001","muset101","moned101","bands101","younr001","hisll101","thomg001","lezcs001","","","","63","T","F",4,2,2,"T","T",0,"F","F",1,"F","F",0,"F","F",6,"G","F","F","",0,0,"N",0,"N",0,"N",0,0,0,0,"63","","","","F","F","F","F","F","F","F","F","F","","","","F","F","F","F","F","","","","",0,3,0,0,6,0,0,0,0,65,"BAL","BAL","MIL",1,"T","F",3,4,0,28,0,"T","F",0,0,"T","T","singk001","murre001","T","T",0,0,0,0,0,0,0,0,0,"","","",0,0,0,0,0,0,0,0,0,0,0,0,0,"younr001","F","F","F","F",0,0,0,0,0,0,0,0,0,0,F,F,"1978BAL.EVA.regular.event.csv",3803
"BAL197808020","MIL",8,1,1,0,0,"",4,3,"singk001","?","singk001","?","caldm001","?","caldm001","?","moorc001","muset101","moned101","bands101","younr001","hisll101","thomg001","lezcs001","","","","53","F","F",9,3,2,"T","T",0,"F","F",1,"F","F",0,"F","F",5,"G","F","F","",0,0,"N",0,"N",0,"N",0,0,0,0,"53","","","","F","F","F","F","F","F","F","F","F","","","","F","F","F","F","F","","","","",0,3,0,0,5,0,0,0,0,66,"BAL","BAL","MIL",1,"F","F",3,4,0,29,1,"T","F",0,0,"T","T","murre001","may-l101","T","T",0,0,0,0,0,0,0,0,0,"","","",0,0,0,0,0,0,0,0,0,0,0,0,0,"bands101","F","F","F","F",0,0,0,0,0,0,0,0,0,0,F,F,"1978BAL.EVA.regular.event.csv",3804
"BAL197808020","MIL",8,1,2,0,0,"",4,3,"murre001","?","murre001","?","caldm001","?","caldm001","?","moorc001","muset101","moned101","bands101","younr001","hisll101","thomg001","lezcs001","","","","9","F","F",3,4,2,"T","T",0,"F","F",1,"F","F",0,"F","F",9,"F","F","F","",0,0,"N",0,"N",0,"N",0,0,0,0,"9","","","","F","F","F","F","F","F","F","F","F","","","","F","F","F","F","F","","","","",0,9,0,0,0,0,0,0,0,67,"BAL","BAL","MIL",1,"F","T",3,4,0,30,2,"T","F",0,0,"T","T","may-l101","decid001","T","T",0,0,0,0,0,0,0,0,0,"","","",0,0,0,0,0,0,0,0,0,0,0,0,0,"lezcs001","F","F","F","F",0,0,0,0,0,0,0,0,0,0,F,F,"1978BAL.EVA.regular.event.csv",3805
"BAL197808020","MIL",9,0,0,0,0,"",4,3,"thomg001","?","thomg001","?","palmj001","?","palmj001","?","dempr001","murre001","dauer001","decid001","belam101","moraa101","lopec101","singk001","","","","D7.B-3(E7)","T","F",8,8,21,"T","T",2,"F","F",0,"F","F",0,"F","F",7,"","F","F","",1,7,"F",0,"N",0,"N",3,0,0,0,"","","","","F","F","F","F","F","F","F","F","F","","","","F","F","F","F","F","","","","",0,0,0,0,0,0,0,0,0,68,"BAL","MIL","BAL",0,"T","F",4,3,0,34,0,"T","F",0,4,"T","T","moorc001","younr001","T","T",0,0,0,0,0,0,0,0,0,"","","",0,0,0,0,0,0,0,0,0,0,0,0,0,"moraa101","F","F","F","F",5,0,0,0,1,0,0,0,0,0,F,F,"1978BAL.EVA.regular.event.csv",3806
"BAL197808020","MIL",9,0,0,0,0,"",4,3,"moorc001","?","moorc001","?","palmj001","?","palmj001","?","dempr001","murre001","dauer001","decid001","belam101","moraa101","lopec101","singk001","","","thomg001","13","F","F",2,9,2,"T","T",0,"F","F",1,"F","F",0,"F","F",1,"G","F","F","",0,0,"N",0,"N",0,"N",0,0,0,3,"13","","","","F","F","F","F","F","F","F","F","F","","","palmj001","F","F","F","F","F","","","","",0,3,0,0,1,0,0,0,0,69,"BAL","MIL","BAL",0,"F","F",4,3,0,35,1,"T","F",4,4,"T","T","younr001","moned101","T","T",0,0,0,0,0,0,8,8,68,"","","dempr001",0,0,0,0,0,0,0,0,0,0,0,0,0,"palmj001","F","F","F","F",0,0,0,5,1,0,0,0,0,0,F,F,"1978BAL.EVA.regular.event.csv",3807
"BAL197808020","MIL",9,0,1,0,0,"",4,3,"younr001","?","younr001","?","palmj001","?","palmj001","?","dempr001","murre001","dauer001","decid001","belam101","moraa101","lopec101","singk001","","","thomg001","8/SF.3-H(UR)","F","F",6,1,2,"T","F",0,"F","T",1,"F","F",1,"F","F",8,"F","F","F","",0,0,"N",0,"N",0,"N",0,0,0,5,"8","","","","F","F","F","F","F","F","F","F","F","","","palmj001","F","F","F","F","F","","","","",0,8,0,0,0,0,0,0,0,70,"BAL","MIL","BAL",0,"F","F",4,3,0,36,2,"T","F",4,0,"T","T","moned101","hisll101","T","T",0,0,0,0,0,0,8,8,68,"","","dempr001",0,0,0,0,0,0,0,0,0,0,0,0,1,"lopec101","F","F","F","F",0,0,0,5,0,0,0,0,0,0,F,F,"1978BAL.EVA.regular.event.csv",3808
"BAL197808020","MIL",9,0,2,0,0,"",5,3,"moned101","?","moned101","?","palmj001","?","palmj001","?","dempr001","murre001","dauer001","decid001","belam101","moraa101","lopec101","singk001","","","","K/C","F","F",4,2,3,"T","T",0,"F","F",1,"F","F",0,"F","F",0,"","F","F","",0,0,"N",0,"N",0,"N",0,0,0,0,"2","","","","F","F","F","F","F","F","F","F","F","","","","F","F","F","F","F","","","","",0,2,0,0,0,0,0,0,0,71,"BAL","MIL","BAL",0,"F","T",5,3,1,37,3,"T","F",0,0,"T","T","hisll101","coopc001","T","T",0,0,0,0,0,0,0,0,0,"","","",0,0,0,0,0,0,0,0,0,0,0,0,0,"","F","F","F","F",0,0,0,0,0,0,0,0,0,0,F,F,"1978BAL.EVA.regular.event.csv",3809
"BAL197808020","MIL",9,1,0,0,0,"",5,3,"may-l101","?","may-l101","?","caldm001","?","caldm001","?","moorc001","muset101","moned101","bands101","younr001","hisll101","thomg001","lezcs001","","","","S5","T","F",10,5,20,"T","T",1,"F","F",0,"F","F",0,"F","F",5,"","F","F","",0,0,"N",0,"N",0,"N",1,0,0,0,"","","","","F","F","F","F","F","F","F","F","F","","","","F","F","F","F","F","","","","",0,0,0,0,0,0,0,0,0,72,"BAL","BAL","MIL",1,"T","F",3,5,0,31,0,"T","F",0,1,"T","T","decid001","moraa101","T","T",0,0,0,0,0,0,0,0,0,"","","",0,0,0,0,0,0,0,0,0,0,0,0,0,"bands101","F","F","F","F",3,0,0,0,0,0,0,0,0,0,F,F,"1978BAL.EVA.regular.event.csv",3810
"BAL197808020","MIL",9,1,0,0,0,"",5,3,"decid001","?","decid001","?","castb101","?","castb101","?","moorc001","muset101","moned101","bands101","younr001","hisll101","thomg001","lezcs001","may-l101","","","K","F","F",5,6,3,"T","T",0,"F","F",1,"F","F",0,"F","F",0,"","F","F","",0,0,"N",0,"N",0,"N",0,1,0,0,"2","","","","F","F","F","F","F","F","F","F","F","caldm001","","","F","F","F","F","F","","","","",0,2,0,0,0,0,0,0,0,73,"BAL","BAL","MIL",1,"F","F",3,5,0,32,1,"T","F",1,1,"T","T","moraa101","lopec101","F","F",10,5,72,0,0,0,0,0,0,"moorc001","","",0,0,0,0,0,0,0,0,0,0,0,0,0,"","F","F","F","F",0,3,0,0,0,0,0,0,0,0,F,F,"1978BAL.EVA.regular.event.csv",3811
"BAL197808020","MIL",9,1,1,0,0,"",5,3,"andem101","?","andem101","?","mcclb001","?","mcclb001","?","moorc001","muset101","moned101","bands101","younr001","hisll101","thomg001","lezcs001","may-l101","","","W.1-2","F","T",11,7,14,"T","F",0,"F","F",0,"F","F",0,"F","F",0,"","F","F","",0,0,"N",0,"N",0,"N",1,2,0,0,"","","","","F","F","F","F","F","F","F","F","F","caldm001","","","F","F","F","F","F","","","","crowt101",11,0,0,0,0,0,0,0,0,74,"BAL","BAL","MIL",1,"F","F",3,5,0,33,2,"T","F",1,3,"F","F","lopec101","dempr001","F","F",10,5,72,0,0,0,0,0,0,"moorc001","","",0,0,0,0,0,0,0,0,0,0,0,0,0,"","F","F","F","F",2,3,0,0,0,0,0,0,0,0,F,F,"1978BAL.EVA.regular.event.csv",3812
"BAL197808020","MIL",9,1,1,0,0,"",5,3,"lopec101","?","lopec101","?","mcclb001","?","mcclb001","?","moorc001","muset101","moned101","bands101","younr001","hisll101","thomg001","lezcs001","harll101","may-l101","","C/E2.2-3;1-2","F","F",8,8,17,"T","F",0,"F","F",0,"F","F",0,"F","F",0,"","F","F","",1,2,"F",0,"N",0,"N",1,2,3,0,"","","","","F","F","F","F","F","F","F","F","F","mcclb001","caldm001","","F","F","T","F","F","andem101","","","",0,0,0,0,0,0,0,0,0,75,"BAL","BAL","MIL",1,"F","F",3,5,0,34,3,"T","F",3,7,"T","T","dempr001","belam101","F","F",0,7,74,10,5,72,0,0,0,"moorc001","moorc001","",0,0,0,0,0,0,0,0,0,0,0,0,0,"","F","F","F","F",1,2,3,0,0,0,0,0,0,0,F,F,"1978BAL.EVA.regular.event.csv",3813
"BAL197808020","MIL",9,1,1,0,0,"",5,3,"kellp101","?","kellp101","?","sorel001","?","sorel001","?","moorc001","muset101","moned101","bands101","younr001","hisll101","thomg001","lezcs001","lopec101","harll101","may-l101","7","F","T",11,9,2,"T","T",0,"F","F",1,"F","F",0,"F","F",7,"F","F","F","",0,0,"N",0,"N",0,"N",0,1,2,3,"7","","","","F","F","F","F","F","F","F","F","F","mcclb001","mcclb001","caldm001","F","F","F","F","F","","","","dempr001",2,7,0,0,0,0,0,0,0,76,"BAL","BAL","MIL",1,"F","F",3,5,0,35,4,"T","F",7,7,"F","F","belam101","dauer001","F","F",8,8,75,12,7,74,10,5,72,"moorc001","moorc001","moorc001",0,0,0,0,0,0,0,0,0,0,0,0,0,"hisll101","F","F","F","F",0,1,2,3,0,0,0,0,0,0,F,F,"1978BAL.EVA.regular.event.csv",3814
"BAL197808020","MIL",9,1,2,0,0,"",5,3,"smitb101","?","smitb101","?","sorel001","?","sorel001","?","moorc001","muset101","moned101","bands101","younr001","hisll101","thomg001","lezcs001","lopec101","harll101","may-l101","9","F","T",11,1,2,"T","T",0,"F","F",1,"F","F",0,"F","F",9,"F","F","F","",0,0,"N",0,"N",0,"N",0,1,2,3,"9","","","","F","F","F","F","F","F","F","F","F","mcclb001","mcclb001","caldm001","F","T","F","F","F","","","","belam101",6,9,0,0,0,0,0,0,0,77,"BAL","BAL","MIL",1,"F","T",3,5,0,36,5,"T","F",7,7,"F","F","dauer001","singk001","F","F",8,8,75,12,7,74,10,5,72,"moorc001","moorc001","moorc001",0,0,0,0,0,0,0,0,0,0,0,0,0,"lezcs001","F","F","F","F",0,1,2,3,0,0,0,0,0,0,F,F,"1978BAL.EVA.regular.event.csv",3815
"BAL197808030","MIL",1,0,0,0,0,"",0,0,"molip001","?","molip001","?","martd001","?","martd001","?","dempr001","murre001","dauer001","decid001","belam101","moraa101","andem101","singk001","","","","8","T","F",6,1,2,"T","T",0,"F","F",1,"F","F",0,"F","F",8,"F","F","F","",0,0,"N",0,"N",0,"N",0,0,0,0,"8","","","","F","F","F","F","F","F","F","F","F","","","","T","F","F","F","F","","","","",0,8,0,0,0,0,0,0,0,1,"BAL","MIL","BAL",0,"T","F",0,0,0,0,0,"T","F",0,0,"T","T","moned101","hisll101","T","T",0,0,0,0,0,0,0,0,0,"","","",0,0,0,0,0,0,0,0,0,0,0,0,0,"andem101","F","F","F","F",0,0,0,0,1,0,0,0,0,0,F,F,"1978BAL.EVA.regular.event.csv",3816
"BAL197808030","MIL",1,0,1,0,0,"",0,0,"moned101","?","moned101","?","martd001","?","martd001","?","dempr001","murre001","dauer001","decid001","belam101","moraa101","andem101","singk001","","","","S8","F","F",3,2,20,"T","T",1,"F","F",0,"F","F",0,"F","F",8,"","F","F","",0,0,"N",0,"N",0,"N",1,0,0,0,"","","","","F","F","F","F","F","F","F","F","F","","","","F","F","F","F","F","","","","",0,0,0,0,0,0,0,0,0,2,"BAL","MIL","BAL",0,"F","F",0,0,0,1,1,"T","F",0,1,"T","T","hisll101","coopc001","T","T",0,0,0,0,0,0,0,0,0,"","","",0,0,0,0,0,0,0,0,0,0,0,0,0,"andem101","F","F","F","F",4,0,0,0,1,0,0,0,0,0,F,F,"1978BAL.EVA.regular.event.csv",3817
"BAL197808030","MIL",1,0,1,0,0,"",0,0,"hisll101","?","hisll101","?","martd001","?","martd001","?","dempr001","murre001","dauer001","decid001","belam101","moraa101","andem101","singk001","moned101","","","9","F","F",7,3,2,"T","T",0,"F","F",1,"F","F",0,"F","F",9,"F","F","F","",0,0,"N",0,"N",0,"N",0,1,0,0,"9","","","","F","F","F","F","F","F","F","F","F","martd001","","","F","F","F","F","F","","","","",0,9,0,0,0,0,0,0,0,3,"BAL","MIL","BAL",0,"F","F",0,0,0,2,2,"T","F",1,1,"T","T","coopc001","lezcs001","T","T",3,2,2,0,0,0,0,0,0,"dempr001","","",0,0,0,0,0,0,0,0,0,0,0,0,0,"singk001","F","F","F","F",0,4,0,0,1,0,0,0,0,0,F,F,"1978BAL.EVA.regular.event.csv",3818
"BAL197808030","MIL",1,0,2,0,0,"",0,0,"coopc001","?","coopc001","?","martd001","?","martd001","?","dempr001","murre001","dauer001","decid001","belam101","moraa101","andem101","singk001","moned101","","","D7.1-H","F","F",10,4,21,"T","T",2,"F","F",0,"F","F",1,"F","F",7,"","F","F","",0,0,"N",0,"N",0,"N",2,4,0,0,"","","","","F","F","F","F","F","F","F","F","F","martd001","","","F","F","F","F","F","","","","",0,0,0,0,0,0,0,0,0,4,"BAL","MIL","BAL",0,"F","F",0,0,0,3,3,"T","F",1,2,"T","T","lezcs001","bands101","T","T",3,2,2,0,0,0,0,0,0,"dempr001","","",0,0,0,0,0,0,0,0,0,0,0,0,1,"moraa101","F","F","F","F",0,4,0,0,0,0,0,0,0,0,F,F,"1978BAL.EVA.regular.event.csv",3819
"BAL197808030","MIL",1,0,2,0,0,"",1,0,"lezcs001","?","lezcs001","?","martd001","?","martd001","?","dempr001","murre001","dauer001","decid001","belam101","moraa101","andem101","singk001","","coopc001","","K","F","F",9,5,3,"T","T",0,"F","F",1,"F","F",0,"F","F",0,"","F","F","",0,0,"N",0,"N",0,"N",0,0,2,0,"2","","","","F","F","F","F","F","F","F","F","F","","martd001","","F","F","F","F","F","","","","",0,2,0,0,0,0,0,0,0,5,"BAL","MIL","BAL",0,"F","T",1,0,1,4,4,"T","F",2,2,"T","T","bands101","thomg001","T","T",0,0,0,10,4,4,0,0,0,"","dempr001","",0,0,0,0,0,0,0,0,0,0,0,0,0,"","F","F","F","F",0,0,0,0,0,0,0,0,0,0,F,F,"1978BAL.EVA.regular.event.csv",3820
"BAL197808030","MIL",1,1,0,0,0,"",1,0,"andem101","?","andem101","?","auguj001","?","auguj001","?","martb001","moned101","gantj001","bands101","molip001","hisll101","thomg001","lezcs001","","","","9","T","F",8,1,2,"T","T",0,"F","F",1,"F","F",0,"F","F",9,"F","F","F","",0,0,"N",0,"N",0,"N",0,0,0,0,"9","","","","F","F","F","F","F","F","F","F","F","","","","F","F","F","F","F","","","","",0,9,0,0,0,0,0,0,0,6,"BAL","BAL","MIL",1,"T","F",0,1,0,0,0,"T","F",0,0,"T","T","dauer001","singk001","T","T",0,0,0,0,0,0,0,0,0,"","","",0,0,0,0,0,0,0,0,0,0,0,0,0,"lezcs001","F","F","F","F",0,0,0,0,0,0,0,0,0,0,F,F,"1978BAL.EVA.regular.event.csv",3821
"BAL197808030","MIL",1,1,1,0,0,"",1,0,"dauer001","?","dauer001","?","auguj001","?","auguj001","?","martb001","moned101","gantj001","bands101","molip001","hisll101","thomg001","lezcs001","","","","13","F","F",4,2,2,"T","T",0,"F","F",1,"F","F",0,"F","F",1,"G","F","F","",0,0,"N",0,"N",0,"N",0,0,0,0,"13","","","","F","F","F","F","F","F","F","F","F","","","","F","F","F","F","F","","","","",0,3,0,0,1,0,0,0,0,7,"BAL","BAL","MIL",1,"F","F",0,1,0,1,1,"T","F",0,0,"T","T","singk001","murre001","T","T",0,0,0,0,0,0,0,0,0,"","","",0,0,0,0,0,0,0,0,0,0,0,0,0,"auguj001","F","F","F","F",0,0,0,0,0,0,0,0,0,0,F,F,"1978BAL.EVA.regular.event.csv",3822
"BAL197808030","MIL",1,1,2,0,0,"",1,0,"singk001","?","singk001","?","auguj001","?","auguj001","?","martb001","moned101","gantj001","bands101","molip001","hisll101","thomg001","lezcs001","","","","E9.B-2","F","F",9,3,18,"T","T",0,"F","F",0,"F","F",0,"F","F",9,"F","F","F","",1,9,"F",0,"N",0,"N",2,0,0,0,"","","","","F","F","F","F","F","F","F","F","F","","","","F","F","F","F","F","","","","",0,0,0,0,0,0,0,0,0,8,"BAL","BAL","MIL",1,"F","F",0,1,0,2,2,"T","F",0,2,"T","T","murre001","decid001","T","T",0,0,0,0,0,0,0,0,0,"","","",0,0,0,0,0,0,0,0,0,0,0,0,0,"lezcs001","F","F","F","T",0,0,0,0,0,0,0,0,0,0,F,F,"1978BAL.EVA.regular.event.csv",3823
"BAL197808030","MIL",1,1,2,0,0,"",1,0,"murre001","?","murre001","?","auguj001","?","auguj001","?","martb001","moned101","gantj001","bands101","molip001","hisll101","thomg001","lezcs001","","singk001","","8","F","F",3,4,2,"T","T",0,"F","F",1,"F","F",0,"F","F",8,"F","F","F","",0,0,"N",0,"N",0,"N",0,0,2,0,"8","","","","F","F","F","F","F","F","F","F","F","","auguj001","","F","F","F","F","F","","","","",0,8,0,0,0,0,0,0,0,9,"BAL","BAL","MIL",1,"F","T",0,1,0,3,3,"T","F",2,2,"T","T","decid001","may-l101","T","T",0,0,0,9,3,8,0,0,0,"","martb001","",0,0,0,0,0,0,0,0,0,0,0,0,0,"thomg001","F","F","F","F",0,0,0,0,0,0,0,0,0,0,F,F,"1978BAL.EVA.regular.event.csv",3824
"BAL197808030","MIL",2,0,0,0,0,"",1,0,"bands101","?","bands101","?","martd001","?","martd001","?","dempr001","murre001","dauer001","decid001","belam101","moraa101","andem101","singk001","","","","63","T","F",5,6,2,"T","T",0,"F","F",1,"F","F",0,"F","F",6,"G","F","F","",0,0,"N",0,"N",0,"N",0,0,0,0,"63","","","","F","F","F","F","F","F","F","F","F","","","","F","F","F","F","F","","","","",0,3,0,0,6,0,0,0,0,10,"BAL","MIL","BAL",0,"T","F",1,0,0,5,0,"T","F",0,0,"T","T","thomg001","gantj001","T","T",0,0,0,0,0,0,0,0,0,"","","",0,0,0,0,0,0,0,0,0,0,0,0,0,"belam101","F","F","F","F",0,0,0,0,0,0,0,0,0,0,F,F,"1978BAL.EVA.regular.event.csv",3825
"BAL197808030","MIL",2,0,1,0,0,"",1,0,"thomg001","?","thomg001","?","martd001","?","martd001","?","dempr001","murre001","dauer001","decid001","belam101","moraa101","andem101","singk001","","","","13","F","F",8,7,2,"T","T",0,"F","F",1,"F","F",0,"F","F",1,"G","F","F","",0,0,"N",0,"N",0,"N",0,0,0,0,"13","","","","F","F","F","F","F","F","F","F","F","","","","F","F","F","F","F","","","","",0,3,0,0,1,0,0,0,0,11,"BAL","MIL","BAL",0,"F","F",1,0,0,6,1,"T","F",0,0,"T","T","gantj001","martb001","T","T",0,0,0,0,0,0,0,0,0,"","","",0,0,0,0,0,0,0,0,0,0,0,0,0,"martd001","F","F","F","F",0,0,0,0,0,0,0,0,0,0,F,F,"1978BAL.EVA.regular.event.csv",3826
"BAL197808030","MIL",2,0,2,0,0,"",1,0,"gantj001","?","gantj001","?","martd001","?","martd001","?","dempr001","murre001","dauer001","decid001","belam101","moraa101","andem101","singk001","","","","K","F","F",4,8,3,"T","T",0,"F","F",1,"F","F",0,"F","F",0,"","F","F","",0,0,"N",0,"N",0,"N",0,0,0,0,"2","","","","F","F","F","F","F","F","F","F","F","","","","F","F","F","F","F","","","","",0,2,0,0,0,0,0,0,0,12,"BAL","MIL","BAL",0,"F","T",1,0,0,7,2,"T","F",0,0,"T","T","martb001","molip001","T","T",0,0,0,0,0,0,0,0,0,"","","",0,0,0,0,0,0,0,0,0,0,0,0,0,"","F","F","F","F",0,0,0,0,0,0,0,0,0,0,F,F,"1978BAL.EVA.regular.event.csv",3827
"BAL197808030","MIL",2,1,0,0,0,"",1,0,"decid001","?","decid001","?","auguj001","?","auguj001","?","martb001","moned101","gantj001","bands101","molip001","hisll101","thomg001","lezcs001","","","","S","T","F",5,5,20,"T","T",1,"F","F",0,"F","F",0,"F","F",0,"","F","F","",0,0,"N",0,"N",0,"N",1,0,0,0,"","","","","F","F","F","F","F","F","F","F","F","","","","F","F","F","F","F","","","","",0,0,0,0,0,0,0,0,0,13,"BAL","BAL","MIL",1,"T","F",0,1,0,4,0,"T","F",0,1,"T","T","may-l101","moraa101","T","T",0,0,0,0,0,0,0,0,0,"","","",0,0,0,0,0,0,0,0,0,0,0,0,0,"","F","F","F","F",0,0,0,0,0,0,0,0,0,0,F,F,"1978BAL.EVA.regular.event.csv",3828
"BAL197808030","MIL",2,1,0,0,0,"",1,0,"may-l101","?","may-l101","?","auguj001","?","auguj001","?","martb001","moned101","gantj001","bands101","molip001","hisll101","thomg001","lezcs001","decid001","","","9","F","F",10,6,2,"T","T",0,"F","F",1,"F","F",0,"F","F",9,"F","F","F","",0,0,"N",0,"N",0,"N",0,1,0,0,"9","","","","F","F","F","F","F","F","F","F","F","auguj001","","","F","F","F","F","F","","","","",0,9,0,0,0,0,0,0,0,14,"BAL","BAL","MIL",1,"F","F",0,1,0,5,1,"T","F",1,1,"T","T","moraa101","dempr001","T","T",5,5,13,0,0,0,0,0,0,"martb001","","",0,0,0,0,0,0,0,0,0,0,0,0,0,"lezcs001","F","F","F","F",0,0,0,0,0,0,0,0,0,0,F,F,"1978BAL.EVA.regular.event.csv",3829
"BAL197808030","MIL",2,1,1,0,0,"",1,0,"moraa101","?","moraa101","?","auguj001","?","auguj001","?","martb001","moned101","gantj001","bands101","molip001","hisll101","thomg001","lezcs001","decid001","","","K+CS2(24)/DP","F","F",7,7,3,"T","T",0,"F","F",2,"T","F",0,"F","F",0,"","F","F","",0,0,"N",0,"N",0,"N",0,0,0,0,"2","24","","","F","F","F","T","F","F","F","F","F","auguj001","","","F","F","F","F","F","","","","",0,2,4,0,2,0,0,0,0,15,"BAL","BAL","MIL",1,"F","T",0,1,0,6,2,"T","F",1,0,"T","T","dempr001","belam101","T","T",5,5,13,0,0,0,0,0,0,"martb001","","",0,0,0,0,0,0,0,0,0,0,0,0,0,"","F","F","F","F",0,0,0,0,0,0,0,0,0,0,F,F,"1978BAL.EVA.regular.event.csv",3830
"BAL197808030","MIL",3,0,0,0,0,"",1,0,"martb001","?","martb001","?","martd001","?","martd001","?","dempr001","murre001","dauer001","decid001","belam101","moraa101","andem101","singk001","","","","23","T","F",2,9,2,"T","T",0,"F","F",1,"F","F",0,"F","F",2,"G","F","F","",0,0,"N",0,"N",0,"N",0,0,0,0,"23","","","","F","F","F","F","F","F","F","F","F","","","","F","F","F","F","F","","","","",0,3,0,0,2,0,0,0,0,16,"BAL","MIL","BAL",0,"T","F",1,0,0,8,0,"T","F",0,0,"T","T","molip001","moned101","T","T",0,0,0,0,0,0,0,0,0,"","","",0,0,0,0,0,0,0,0,0,0,0,0,0,"dempr001","F","F","F","F",0,0,0,0,0,0,0,0,0,0,F,F,"1978BAL.EVA.regular.event.csv",3831
"BAL197808030","MIL",3,0,1,0,0,"",1,0,"molip001","?","molip001","?","martd001","?","martd001","?","dempr001","murre001","dauer001","decid001","belam101","moraa101","andem101","singk001","","","","K","F","F",6,1,3,"T","T",0,"F","F",1,"F","F",0,"F","F",0,"","F","F","",0,0,"N",0,"N",0,"N",0,0,0,0,"2","","","","F","F","F","F","F","F","F","F","F","","","","F","F","F","F","F","","","","",0,2,0,0,0,0,0,0,0,17,"BAL","MIL","BAL",0,"F","F",1,0,0,9,1,"T","F",0,0,"T","T","moned101","hisll101","T","T",0,0,0,0,0,0,0,0,0,"","","",0,0,0,0,0,0,0,0,0,0,0,0,0,"","F","F","F","F",0,0,0,0,0,0,0,0,0,0,F,F,"1978BAL.EVA.regular.event.csv",3832
"BAL197808030","MIL",3,0,2,0,0,"",1,0,"moned101","?","moned101","?","martd001","?","martd001","?","dempr001","murre001","dauer001","decid001","belam101","moraa101","andem101","singk001","","","","63","F","F",3,2,2,"T","T",0,"F","F",1,"F","F",0,"F","F",6,"G","F","F","",0,0,"N",0,"N",0,"N",0,0,0,0,"63","","","","F","F","F","F","F","F","F","F","F","","","","F","F","F","F","F","","","","",0,3,0,0,6,0,0,0,0,18,"BAL","MIL","BAL",0,"F","T",1,0,0,10,2,"T","F",0,0,"T","T","hisll101","coopc001","T","T",0,0,0,0,0,0,0,0,0,"","","",0,0,0,0,0,0,0,0,0,0,0,0,0,"belam101","F","F","F","F",0,0,0,0,0,0,0,0,0,0,F,F,"1978BAL.EVA.regular.event.csv",3833
"BAL197808030","MIL",3,1,0,0,0,"",1,0,"dempr001","?","dempr001","?","auguj001","?","auguj001","?","martb001","moned101","gantj001","bands101","molip001","hisll101","thomg001","lezcs001","","","","9","T","F",2,8,2,"T","T",0,"F","F",1,"F","F",0,"F","F",9,"F","F","F","",0,0,"N",0,"N",0,"N",0,0,0,0,"9","","","","F","F","F","F","F","F","F","F","F","","","","F","F","F","F","F","","","","",0,9,0,0,0,0,0,0,0,19,"BAL","BAL","MIL",1,"T","F",0,1,0,7,0,"T","F",0,0,"T","T","belam101","andem101","T","T",0,0,0,0,0,0,0,0,0,"","","",0,0,0,0,0,0,0,0,0,0,0,0,0,"lezcs001","F","F","F","F",0,0,0,0,0,0,0,0,0,0,F,F,"1978BAL.EVA.regular.event.csv",3834
"BAL197808030","MIL",3,1,1,0,0,"",1,0,"belam101","?","belam101","?","auguj001","?","auguj001","?","martb001","moned101","gantj001","bands101","molip001","hisll101","thomg001","lezcs001","","","","7","F","F",6,9,2,"T","T",0,"F","F",1,"F","F",0,"F","F",7,"F","F","F","",0,0,"N",0,"N",0,"N",0,0,0,0,"7","","","","F","F","F","F","F","F","F","F","F","","","","F","F","F","F","F","","","","",0,7,0,0,0,0,0,0,0,20,"BAL","BAL","MIL",1,"F","F",0,1,0,8,1,"T","F",0,0,"T","T","andem101","dauer001","T","T",0,0,0,0,0,0,0,0,0,"","","",0,0,0,0,0,0,0,0,0,0,0,0,0,"hisll101","F","F","F","F",0,0,0,0,0,0,0,0,0,0,F,F,"1978BAL.EVA.regular.event.csv",3835
"BAL197808030","MIL",3,1,2,0,0,"",1,0,"andem101","?","andem101","?","auguj001","?","auguj001","?","martb001","moned101","gantj001","bands101","molip001","hisll101","thomg001","lezcs001","","","","K","F","F",8,1,3,"T","T",0,"F","F",1,"F","F",0,"F","F",0,"","F","F","",0,0,"N",0,"N",0,"N",0,0,0,0,"2","","","","F","F","F","F","F","F","F","F","F","","","","F","F","F","F","F","","","","",0,2,0,0,0,0,0,0,0,21,"BAL","BAL","MIL",1,"F","T",0,1,0,9,2,"T","F",0,0,"T","T","dauer001","singk001","T","T",0,0,0,0,0,0,0,0,0,"","","",0,0,0,0,0,0,0,0,0,0,0,0,0,"","F","F","F","F",0,0,0,0,0,0,0,0,0,0,F,F,"1978BAL.EVA.regular.event.csv",3836
"BAL197808030","MIL",4,0,0,0,0,"",1,0,"hisll101","?","hisll101","?","martd001","?","martd001","?","dempr001","murre001","dauer001","decid001","belam101","moraa101","andem101","singk001","","","","8","T","F",7,3,2,"T","T",0,"F","F",1,"F","F",0,"F","F",8,"F","F","F","",0,0,"N",0,"N",0,"N",0,0,0,0,"8","","","","F","F","F","F","F","F","F","F","F","","","","F","F","F","F","F","","","","",0,8,0,0,0,0,0,0,0,22,"BAL","MIL","BAL",0,"T","F",1,0,0,11,0,"T","F",0,0,"T","T","coopc001","lezcs001","T","T",0,0,0,0,0,0,0,0,0,"","","",0,0,0,0,0,0,0,0,0,0,0,0,0,"andem101","F","F","F","F",0,0,0,0,0,0,0,0,0,0,F,F,"1978BAL.EVA.regular.event.csv",3837
"BAL197808030","MIL",4,0,1,0,0,"",1,0,"coopc001","?","coopc001","?","martd001","?","martd001","?","dempr001","murre001","dauer001","decid001","belam101","moraa101","andem101","singk001","","","","K/C","F","F",10,4,3,"T","T",0,"F","F",1,"F","F",0,"F","F",0,"","F","F","",0,0,"N",0,"N",0,"N",0,0,0,0,"2","","","","F","F","F","F","F","F","F","F","F","","","","F","F","F","F","F","","","","",0,2,0,0,0,0,0,0,0,23,"BAL","MIL","BAL",0,"F","F",1,0,0,12,1,"T","F",0,0,"T","T","lezcs001","bands101","T","T",0,0,0,0,0,0,0,0,0,"","","",0,0,0,0,0,0,0,0,0,0,0,0,0,"","F","F","F","F",0,0,0,0,0,0,0,0,0,0,F,F,"1978BAL.EVA.regular.event.csv",3838
"BAL197808030","MIL",4,0,2,0,0,"",1,0,"lezcs001","?","lezcs001","?","martd001","?","martd001","?","dempr001","murre001","dauer001","decid001","belam101","moraa101","andem101","singk001","","","","K","F","F",9,5,3,"T","T",0,"F","F",1,"F","F",0,"F","F",0,"","F","F","",0,0,"N",0,"N",0,"N",0,0,0,0,"2","","","","F","F","F","F","F","F","F","F","F","","","","F","F","F","F","F","","","","",0,2,0,0,0,0,0,0,0,24,"BAL","MIL","BAL",0,"F","T",1,0,0,13,2,"T","F",0,0,"T","T","bands101","thomg001","T","T",0,0,0,0,0,0,0,0,0,"","","",0,0,0,0,0,0,0,0,0,0,0,0,0,"","F","F","F","F",0,0,0,0,0,0,0,0,0,0,F,F,"1978BAL.EVA.regular.event.csv",3839
"BAL197808030","MIL",4,1,0,0,0,"",1,0,"dauer001","?","dauer001","?","auguj001","?","auguj001","?","martb001","moned101","gantj001","bands101","molip001","hisll101","thomg001","lezcs001","","","","13","T","F",4,2,2,"T","T",0,"F","F",1,"F","F",0,"F","F",1,"G","F","F","",0,0,"N",0,"N",0,"N",0,0,0,0,"13","","","","F","F","F","F","F","F","F","F","F","","","","F","F","F","F","F","","","","",0,3,0,0,1,0,0,0,0,25,"BAL","BAL","MIL",1,"T","F",0,1,0,10,0,"T","F",0,0,"T","T","singk001","murre001","T","T",0,0,0,0,0,0,0,0,0,"","","",0,0,0,0,0,0,0,0,0,0,0,0,0,"auguj001","F","F","F","F",0,0,0,0,1,0,0,0,0,0,F,F,"1978BAL.EVA.regular.event.csv",3840
"BAL197808030","MIL",4,1,1,0,0,"",1,0,"singk001","?","singk001","?","auguj001","?","auguj001","?","martb001","moned101","gantj001","bands101","molip001","hisll101","thomg001","lezcs001","","","","HR","F","F",9,3,23,"T","T",4,"F","F",0,"F","F",1,"F","F",0,"","F","F","",0,0,"N",0,"N",0,"N",4,0,0,0,"","","","","F","F","F","F","F","F","F","F","F","","","","F","F","F","F","F","","","","",0,0,0,0,0,0,0,0,0,26,"BAL","BAL","MIL",1,"F","F",0,1,0,11,1,"T","F",0,0,"T","T","murre001","decid001","T","T",0,0,0,0,0,0,0,0,0,"","","",0,0,0,0,0,0,0,0,0,0,0,0,1,"","F","F","F","F",4,0,0,0,0,0,0,0,0,0,F,F,"1978BAL.EVA.regular.event.csv",3841
"BAL197808030","MIL",4,1,1,0,0,"",1,1,"murre001","?","murre001","?","auguj001","?","auguj001","?","martb001","moned101","gantj001","bands101","molip001","hisll101","thomg001","lezcs001","","","","13","F","F",3,4,2,"T","T",0,"F","F",1,"F","F",0,"F","F",1,"G","F","F","",0,0,"N",0,"N",0,"N",0,0,0,0,"13","","","","F","F","F","F","F","F","F","F","F","","","","F","F","F","F","F","","","","",0,3,0,0,1,0,0,0,0,27,"BAL","BAL","MIL",1,"F","F",1,1,1,12,2,"T","F",0,0,"T","T","decid001","may-l101","T","T",0,0,0,0,0,0,0,0,0,"","","",0,0,0,0,0,0,0,0,0,0,0,0,0,"auguj001","F","F","F","F",0,0,0,0,0,0,0,0,0,0,F,F,"1978BAL.EVA.regular.event.csv",3842
"BAL197808030","MIL",4,1,2,0,0,"",1,1,"decid001","?","decid001","?","auguj001","?","auguj001","?","martb001","moned101","gantj001","bands101","molip001","hisll101","thomg001","lezcs001","","","","8","F","F",5,5,2,"T","T",0,"F","F",1,"F","F",0,"F","F",8,"F","F","F","",0,0,"N",0,"N",0,"N",0,0,0,0,"8","","","","F","F","F","F","F","F","F","F","F","","","","F","F","F","F","F","","","","",0,8,0,0,0,0,0,0,0,28,"BAL","BAL","MIL",1,"F","T",1,1,1,13,3,"T","F",0,0,"T","T","may-l101","moraa101","T","T",0,0,0,0,0,0,0,0,0,"","","",0,0,0,0,0,0,0,0,0,0,0,0,0,"thomg001","F","F","F","F",0,0,0,0,0,0,0,0,0,0,F,F,"1978BAL.EVA.regular.event.csv",3843
"BAL197808030","MIL",5,0,0,0,0,"",1,1,"bands101","?","bands101","?","martd001","?","martd001","?","dempr001","murre001","dauer001","decid001","belam101","moraa101","andem101","singk001","","","","43","T","F",5,6,2,"T","T",0,"F","F",1,"F","F",0,"F","F",4,"G","F","F","",0,0,"N",0,"N",0,"N",0,0,0,0,"43","","","","F","F","F","F","F","F","F","F","F","","","","F","F","F","F","F","","","","",0,3,0,0,4,0,0,0,0,29,"BAL","MIL","BAL",0,"T","F",1,1,0,14,0,"T","F",0,0,"T","T","thomg001","gantj001","T","T",0,0,0,0,0,0,0,0,0,"","","",0,0,0,0,0,0,0,0,0,0,0,0,0,"dauer001","F","F","F","F",0,0,0,0,0,0,0,0,0,0,F,F,"1978BAL.EVA.regular.event.csv",3844
"BAL197808030","MIL",5,0,1,0,0,"",1,1,"thomg001","?","thomg001","?","martd001","?","martd001","?","dempr001","murre001","dauer001","decid001","belam101","moraa101","andem101","singk001","","","","7","F","F",8,7,2,"T","T",0,"F","F",1,"F","F",0,"F","F",7,"F","F","F","",0,0,"N",0,"N",0,"N",0,0,0,0,"7","","","","F","F","F","F","F","F","F","F","F","","","","F","F","F","F","F","","","","",0,7,0,0,0,0,0,0,0,30,"BAL","MIL","BAL",0,"F","F",1,1,0,15,1,"T","F",0,0,"T","T","gantj001","martb001","T","T",0,0,0,0,0,0,0,0,0,"","","",0,0,0,0,0,0,0,0,0,0,0,0,0,"moraa101","F","F","F","F",0,0,0,0,0,0,0,0,0,0,F,F,"1978BAL.EVA.regular.event.csv",3845
"BAL197808030","MIL",5,0,2,0,0,"",1,1,"gantj001","?","gantj001","?","martd001","?","martd001","?","dempr001","murre001","dauer001","decid001","belam101","moraa101","andem101","singk001","","","","31","F","F",4,8,2,"T","T",0,"F","F",1,"F","F",0,"F","F",3,"G","F","F","",0,0,"N",0,"N",0,"N",0,0,0,0,"31","","","","F","F","F","F","F","F","F","F","F","","","","F","F","F","F","F","","","","",0,1,0,0,3,0,0,0,0,31,"BAL","MIL","BAL",0,"F","T",1,1,0,16,2,"T","F",0,0,"T","T","martb001","molip001","T","T",0,0,0,0,0,0,0,0,0,"","","",0,0,0,0,0,0,0,0,0,0,0,0,0,"murre001","F","F","F","F",0,0,0,0,0,0,0,0,0,0,F,F,"1978BAL.EVA.regular.event.csv",3846
"BAL197808030","MIL",5,1,0,0,0,"",1,1,"may-l101","?","may-l101","?","auguj001","?","auguj001","?","martb001","moned101","gantj001","bands101","molip001","hisll101","thomg001","lezcs001","","","","3","T","F",10,6,2,"T","T",0,"F","F",1,"F","F",0,"F","F",3,"F","F","F","",0,0,"N",0,"N",0,"N",0,0,0,0,"3","","","","F","F","F","F","F","F","F","F","F","","","","F","F","F","F","F","","","","",0,3,0,0,0,0,0,0,0,32,"BAL","BAL","MIL",1,"T","F",1,1,0,14,0,"T","F",0,0,"T","T","moraa101","dempr001","T","T",0,0,0,0,0,0,0,0,0,"","","",0,0,0,0,0,0,0,0,0,0,0,0,0,"moned101","F","F","F","F",0,0,0,0,0,0,0,0,0,0,F,F,"1978BAL.EVA.regular.event.csv",3847
"BAL197808030","MIL",5,1,1,0,0,"",1,1,"moraa101","?","moraa101","?","auguj001","?","auguj001","?","martb001","moned101","gantj001","bands101","molip001","hisll101","thomg001","lezcs001","","","","S8","F","F",7,7,20,"T","T",1,"F","F",0,"F","F",0,"F","F",8,"","F","F","",0,0,"N",0,"N",0,"N",1,0,0,0,"","","","","F","F","F","F","F","F","F","F","F","","","","F","F","F","F","F","","","","",0,0,0,0,0,0,0,0,0,33,"BAL","BAL","MIL",1,"F","F",1,1,0,15,1,"T","F",0,1,"T","T","dempr001","belam101","T","T",0,0,0,0,0,0,0,0,0,"","","",0,0,0,0,0,0,0,0,0,0,0,0,0,"thomg001","F","F","F","F",0,0,0,0,0,0,0,0,0,0,F,F,"1978BAL.EVA.regular.event.csv",3848
"BAL197808030","MIL",5,1,1,0,0,"",1,1,"dempr001","?","dempr001","?","auguj001","?","auguj001","?","martb001","moned101","gantj001","bands101","molip001","hisll101","thomg001","lezcs001","moraa101","","","S8.1-2","F","F",2,8,20,"T","T",1,"F","F",0,"F","F",0,"F","F",8,"","F","F","",0,0,"N",0,"N",0,"N",1,2,0,0,"","","","","F","F","F","F","F","F","F","F","F","auguj001","","","F","F","F","F","F","","","","",0,0,0,0,0,0,0,0,0,34,"BAL","BAL","MIL",1,"F","F",1,1,0,16,2,"T","F",1,3,"T","T","belam101","andem101","T","T",7,7,33,0,0,0,0,0,0,"martb001","","",0,0,0,0,0,0,0,0,0,0,0,0,0,"thomg001","F","F","F","F",0,0,0,0,0,0,0,0,0,0,F,F,"1978BAL.EVA.regular.event.csv",3849
"BAL197808030","MIL",5,1,1,0,0,"",1,1,"belam101","?","belam101","?","auguj001","?","auguj001","?","martb001","moned101","gantj001","bands101","molip001","hisll101","thomg001","lezcs001","dempr001","moraa101","","K","F","F",6,9,3,"T","T",0,"F","F",1,"F","F",0,"F","F",0,"","F","F","",0,0,"N",0,"N",0,"N",0,1,2,0,"2","","","","F","F","F","F","F","F","F","F","F","auguj001","auguj001","","F","F","F","F","F","","","","",0,2,0,0,0,0,0,0,0,35,"BAL","BAL","MIL",1,"F","F",1,1,0,17,3,"T","F",3,3,"T","T","andem101","dauer001","T","T",2,8,34,7,7,33,0,0,0,"martb001","martb001","",0,0,0,0,0,0,0,0,0,0,0,0,0,"","F","F","F","F",0,0,0,0,0,0,0,0,0,0,F,F,"1978BAL.EVA.regular.event.csv",3850
"BAL197808030","MIL",5,1,2,0,0,"",1,1,"andem101","?","andem101","?","auguj001","?","auguj001","?","martb001","moned101","gantj001","bands101","molip001","hisll101","thomg001","lezcs001","dempr001","moraa101","","9","F","F",8,1,2,"T","T",0,"F","F",1,"F","F",0,"F","F",9,"F","F","F","",0,0,"N",0,"N",0,"N",0,1,2,0,"9","","","","F","F","F","F","F","F","F","F","F","auguj001","auguj001","","F","F","F","F","F","","","","",0,9,0,0,0,0,0,0,0,36,"BAL","BAL","MIL",1,"F","T",1,1,0,18,4,"T","F",3,3,"T","T","dauer001","singk001","T","T",2,8,34,7,7,33,0,0,0,"martb001","martb001","",0,0,0,0,0,0,0,0,0,0,0,0,0,"lezcs001","F","F","F","F",0,0,0,0,0,0,0,0,0,0,F,F,"1978BAL.EVA.regular.event.csv",3851
"BAL197808030","MIL",6,0,0,0,0,"",1,1,"martb001","?","martb001","?","martd001","?","martd001","?","dempr001","murre001","dauer001","decid001","belam101","moraa101","andem101","singk001","","","","D/89","T","F",2,9,21,"T","T",2,"F","F",0,"F","F",0,"F","F",0,"","F","F","89",0,0,"N",0,"N",0,"N",2,0,0,0,"","","","","F","F","F","F","F","F","F","F","F","","","","F","F","F","F","F","","","","",0,0,0,0,0,0,0,0,0,37,"BAL","MIL","BAL",0,"T","F",1,1,0,17,0,"T","F",0,2,"T","T","molip001","moned101","T","T",0,0,0,0,0,0,0,0,0,"","","",0,0,0,0,0,0,0,0,0,0,0,0,0,"","F","F","F","F",4,0,0,0,1,0,0,0,0,0,F,F,"1978BAL.EVA.regular.event.csv",3852
"BAL197808030","MIL",6,0,0,0,0,"",1,1,"molip001","?","molip001","?","martd001","?","martd001","?","dempr001","murre001","dauer001","decid001","belam101","moraa101","andem101","singk001","","martb001","","43.2-3","F","F",6,1,2,"T","T",0,"F","F",1,"F","F",0,"F","F",4,"G","F","F","",0,0,"N",0,"N",0,"N",0,0,3,0,"43","","","","F","F","F","F","F","F","F","F","F","","martd001","","F","F","F","F","F","","","","",0,3,0,0,4,0,0,0,0,38,"BAL","MIL","BAL",0,"F","F",1,1,0,18,1,"T","F",2,4,"T","T","moned101","hisll101","T","T",0,0,0,2,9,37,0,0,0,"","dempr001","",0,0,0,0,0,0,0,0,0,0,0,0,0,"dauer001","F","F","F","F",0,0,4,0,1,0,0,0,0,0,F,F,"1978BAL.EVA.regular.event.csv",3853
"BAL197808030","MIL",6,0,1,0,0,"",1,1,"moned101","?","moned101","?","martd001","?","martd001","?","dempr001","murre001","dauer001","decid001","belam101","moraa101","andem101","singk001","","","martb001","HP","F","F",3,2,16,"T","F",0,"F","F",0,"F","F",0,"F","F",0,"","F","F","",0,0,"N",0,"N",0,"N",1,0,0,3,"","","","","F","F","F","F","F","F","F","F","F","","","martd001","F","F","F","F","F","","","","",0,0,0,0,0,0,0,0,0,39,"BAL","MIL","BAL",0,"F","F",1,1,0,19,2,"T","F",4,5,"T","T","hisll101","coopc001","T","T",0,0,0,0,0,0,2,9,37,"","","dempr001",0,0,0,0,0,0,0,0,0,0,0,0,0,"","F","F","F","F",0,0,0,4,1,0,0,0,0,0,F,F,"1978BAL.EVA.regular.event.csv",3854
"BAL197808030","MIL",6,0,1,0,0,"",1,1,"hisll101","?","hisll101","?","martd001","?","martd001","?","dempr001","murre001","dauer001","decid001","belam101","moraa101","andem101","singk001","moned101","","martb001","9/SF.3-H","F","F",7,3,2,"T","F",0,"F","T",1,"F","F",1,"F","F",9,"F","F","F","",0,0,"N",0,"N",0,"N",0,1,0,4,"9","","","","F","F","F","F","F","F","F","F","F","martd001","","martd001","F","F","F","F","F","","","","",0,9,0,0,0,0,0,0,0,40,"BAL","MIL","BAL",0,"F","F",1,1,0,20,3,"T","F",5,1,"T","T","coopc001","lezcs001","T","T",3,2,39,0,0,0,2,9,37,"dempr001","","dempr001",0,0,0,0,0,0,0,0,0,0,0,0,1,"singk001","F","F","F","F",0,0,0,4,0,0,0,0,0,0,F,F,"1978BAL.EVA.regular.event.csv",3855
"BAL197808030","MIL",6,0,2,0,0,"",2,1,"coopc001","?","coopc001","?","martd001","?","martd001","?","dempr001","murre001","dauer001","decid001","belam101","moraa101","andem101","singk001","moned101","","","S9.1-3","F","F",10,4,20,"T","T",1,"F","F",0,"F","F",0,"F","F",9,"","F","F","",0,0,"N",0,"N",0,"N",1,3,0,0,"","","","","F","F","F","F","F","F","F","F","F","martd001","","","F","F","F","F","F","","","","",0,0,0,0,0,0,0,0,0,41,"BAL","MIL","BAL",0,"F","F",2,1,1,21,4,"T","F",1,5,"T","T","lezcs001","bands101","T","T",3,2,39,0,0,0,0,0,0,"dempr001","","",0,0,0,0,0,0,0,0,0,0,0,0,0,"singk001","F","F","F","F",0,0,0,0,0,0,0,0,0,0,F,F,"1978BAL.EVA.regular.event.csv",3856
"BAL197808030","MIL",6,0,2,0,0,"",2,1,"lezcs001","?","lezcs001","?","martd001","?","martd001","?","dempr001","murre001","dauer001","decid001","belam101","moraa101","andem101","singk001","coopc001","","moned101","WP.1-2","F","F",9,5,9,"F","F",0,"F","F",0,"F","F",0,"T","F",0,"","F","F","",0,0,"N",0,"N",0,"N",0,2,0,3,"","","","","F","F","F","F","F","F","F","F","F","martd001","","martd001","F","F","F","F","F","","","","",0,0,0,0,0,0,0,0,0,42,"BAL","MIL","BAL",0,"F","F",2,1,1,22,5,"T","F",5,6,"T","T","bands101","thomg001","T","T",10,4,41,0,0,0,3,2,39,"dempr001","","dempr001",0,0,0,0,0,0,0,0,0,0,0,0,0,"","F","F","F","F",0,0,0,0,0,0,0,0,0,0,F,F,"1978BAL.EVA.regular.event.csv",3857
"BAL197808030","MIL",6,0,2,0,0,"",2,1,"lezcs001","?","lezcs001","?","martd001","?","martd001","?","dempr001","murre001","dauer001","decid001","belam101","moraa101","andem101","singk001","","coopc001","moned101","8","F","F",9,5,2,"T","T",0,"F","F",1,"F","F",0,"F","F",8,"F","F","F","",0,0,"N",0,"N",0,"N",0,0,2,3,"8","","","","F","F","F","F","F","F","F","F","F","","martd001","martd001","F","F","F","F","F","","","","",0,8,0,0,0,0,0,0,0,43,"BAL","MIL","BAL",0,"F","T",2,1,1,22,5,"F","F",6,6,"T","T","bands101","thomg001","T","T",0,0,0,10,4,41,3,2,39,"","dempr001","dempr001",0,0,0,0,0,0,0,0,0,0,0,0,0,"andem101","F","F","F","F",0,0,0,0,0,0,0,0,0,0,F,F,"1978BAL.EVA.regular.event.csv",3858
"BAL197808030","MIL",6,1,0,0,0,"",2,1,"dauer001","?","dauer001","?","auguj001","?","auguj001","?","martb001","moned101","gantj001","bands101","molip001","hisll101","thomg001","lezcs001","","","","W","T","F",4,2,14,"T","F",0,"F","F",0,"F","F",0,"F","F",0,"","F","F","",0,0,"N",0,"N",0,"N",1,0,0,0,"","","","","F","F","F","F","F","F","F","F","F","","","","F","F","F","F","F","","","","",0,0,0,0,0,0,0,0,0,44,"BAL","BAL","MIL",1,"T","F",1,2,0,19,0,"T","F",0,1,"T","T","singk001","murre001","T","T",0,0,0,0,0,0,0,0,0,"","","",0,0,0,0,0,0,0,0,0,0,0,0,0,"","F","F","F","F",0,0,0,0,0,0,0,0,0,0,F,F,"1978BAL.EVA.regular.event.csv",3859
"BAL197808030","MIL",6,1,0,0,0,"",2,1,"singk001","?","singk001","?","auguj001","?","auguj001","?","martb001","moned101","gantj001","bands101","molip001","hisll101","thomg001","lezcs001","dauer001","","","8","F","F",9,3,2,"T","T",0,"F","F",1,"F","F",0,"F","F",8,"F","F","F","",0,0,"N",0,"N",0,"N",0,1,0,0,"8","","","","F","F","F","F","F","F","F","F","F","auguj001","","","F","F","F","F","F","","","","",0,8,0,0,0,0,0,0,0,45,"BAL","BAL","MIL",1,"F","F",1,2,0,20,1,"T","F",1,1,"T","T","murre001","decid001","T","T",4,2,44,0,0,0,0,0,0,"martb001","","",0,0,0,0,0,0,0,0,0,0,0,0,0,"thomg001","F","F","F","F",0,0,0,0,0,0,0,0,0,0,F,F,"1978BAL.EVA.regular.event.csv",3860
"BAL197808030","MIL",6,1,1,0,0,"",2,1,"murre001","?","murre001","?","auguj001","?","auguj001","?","martb001","moned101","gantj001","bands101","molip001","hisll101","thomg001","lezcs001","dauer001","","","S.1-2","F","F",3,4,20,"T","T",1,"F","F",0,"F","F",0,"F","F",0,"","F","F","",0,0,"N",0,"N",0,"N",1,2,0,0,"","","","","F","F","F","F","F","F","F","F","F","auguj001","","","F","F","F","F","F","","","","",0,0,0,0,0,0,0,0,0,46,"BAL","BAL","MIL",1,"F","F",1,2,0,21,2,"T","F",1,3,"T","T","decid001","may-l101","T","T",4,2,44,0,0,0,0,0,0,"martb001","","",0,0,0,0,0,0,0,0,0,0,0,0,0,"","F","F","F","F",0,0,0,0,0,0,0,0,0,0,F,F,"1978BAL.EVA.regular.event.csv",3861
"BAL197808030","MIL",6,1,1,0,0,"",2,1,"decid001","?","decid001","?","auguj001","?","auguj001","?","martb001","moned101","gantj001","bands101","molip001","hisll101","thomg001","lezcs001","murre001","dauer001","","7/L","F","F",5,5,2,"T","T",0,"F","F",1,"F","F",0,"F","F",7,"L","F","F","",0,0,"N",0,"N",0,"N",0,1,2,0,"7","","","","F","F","F","F","F","F","F","F","F","auguj001","auguj001","","F","F","F","F","F","","","","",0,7,0,0,0,0,0,0,0,47,"BAL","BAL","MIL",1,"F","F",1,2,0,22,3,"T","F",3,3,"T","T","may-l101","moraa101","T","T",3,4,46,4,2,44,0,0,0,"martb001","martb001","",0,0,0,0,0,0,0,0,0,0,0,0,0,"hisll101","F","F","F","F",0,0,0,0,0,0,0,0,0,0,F,F,"1978BAL.EVA.regular.event.csv",3862
"BAL197808030","MIL",6,1,2,0,0,"",2,1,"may-l101","?","may-l101","?","auguj001","?","auguj001","?","martb001","moned101","gantj001","bands101","molip001","hisll101","thomg001","lezcs001","murre001","dauer001","","13","F","F",10,6,2,"T","T",0,"F","F",1,"F","F",0,"F","F",1,"G","F","F","",0,0,"N",0,"N",0,"N",0,1,2,0,"13","","","","F","F","F","F","F","F","F","F","F","auguj001","auguj001","","F","F","F","F","F","","","","",0,3,0,0,1,0,0,0,0,48,"BAL","BAL","MIL",1,"F","T",1,2,0,23,4,"T","F",3,3,"T","T","moraa101","dempr001","T","T",3,4,46,4,2,44,0,0,0,"martb001","martb001","",0,0,0,0,0,0,0,0,0,0,0,0,0,"auguj001","F","F","F","F",0,0,0,0,0,0,0,0,0,0,F,F,"1978BAL.EVA.regular.event.csv",3863
"BAL197808030","MIL",7,0,0,0,0,"",2,1,"bands101","?","bands101","?","martd001","?","martd001","?","dempr001","murre001","dauer001","decid001","belam101","moraa101","andem101","singk001","","","","K","T","F",5,6,3,"T","T",0,"F","F",1,"F","F",0,"F","F",0,"","F","F","",0,0,"N",0,"N",0,"N",0,0,0,0,"2","","","","F","F","F","F","F","F","F","F","F","","","","F","F","F","F","F","","","","",0,2,0,0,0,0,0,0,0,49,"BAL","MIL","BAL",0,"T","F",2,1,0,23,0,"T","F",0,0,"T","T","thomg001","gantj001","T","T",0,0,0,0,0,0,0,0,0,"","","",0,0,0,0,0,0,0,0,0,0,0,0,0,"","F","F","F","F",0,0,0,0,0,0,0,0,0,0,F,F,"1978BAL.EVA.regular.event.csv",3864
"BAL197808030","MIL",7,0,1,0,0,"",2,1,"thomg001","?","thomg001","?","martd001","?","martd001","?","dempr001","murre001","dauer001","decid001","belam101","moraa101","andem101","singk001","","","","7","F","F",8,7,2,"T","T",0,"F","F",1,"F","F",0,"F","F",7,"F","F","F","",0,0,"N",0,"N",0,"N",0,0,0,0,"7","","","","F","F","F","F","F","F","F","F","F","","","","F","F","F","F","F","","","","",0,7,0,0,0,0,0,0,0,50,"BAL","MIL","BAL",0,"F","F",2,1,0,24,1,"T","F",0,0,"T","T","gantj001","martb001","T","T",0,0,0,0,0,0,0,0,0,"","","",0,0,0,0,0,0,0,0,0,0,0,0,0,"moraa101","F","F","F","F",0,0,0,0,0,0,0,0,0,0,F,F,"1978BAL.EVA.regular.event.csv",3865
"BAL197808030","MIL",7,0,2,0,0,"",2,1,"gantj001","?","gantj001","?","martd001","?","martd001","?","dempr001","murre001","dauer001","decid001","belam101","moraa101","andem101","singk001","","","","7","F","F",4,8,2,"T","T",0,"F","F",1,"F","F",0,"F","F",7,"F","F","F","",0,0,"N",0,"N",0,"N",0,0,0,0,"7","","","","F","F","F","F","F","F","F","F","F","","","","F","F","F","F","F","","","","",0,7,0,0,0,0,0,0,0,51,"BAL","MIL","BAL",0,"F","T",2,1,0,25,2,"T","F",0,0,"T","T","martb001","molip001","T","T",0,0,0,0,0,0,0,0,0,"","","",0,0,0,0,0,0,0,0,0,0,0,0,0,"moraa101","F","F","F","F",0,0,0,0,0,0,0,0,0,0,F,F,"1978BAL.EVA.regular.event.csv",3866
"BAL197808030","MIL",7,1,0,0,0,"",2,1,"moraa101","?","moraa101","?","auguj001","?","auguj001","?","martb001","moned101","gantj001","bands101","molip001","hisll101","thomg001","lezcs001","","","","9","T","F",7,7,2,"T","T",0,"F","F",1,"F","F",0,"F","F",9,"F","F","F","",0,0,"N",0,"N",0,"N",0,0,0,0,"9","","","","F","F","F","F","F","F","F","F","F","","","","F","F","F","F","F","","","","",0,9,0,0,0,0,0,0,0,52,"BAL","BAL","MIL",1,"T","F",1,2,0,24,0,"T","F",0,0,"T","T","dempr001","belam101","T","T",0,0,0,0,0,0,0,0,0,"","","",0,0,0,0,0,0,0,0,0,0,0,0,0,"lezcs001","F","F","F","F",0,0,0,0,0,0,0,0,0,0,F,F,"1978BAL.EVA.regular.event.csv",3867
"BAL197808030","MIL",7,1,1,0,0,"",2,1,"dempr001","?","dempr001","?","auguj001","?","auguj001","?","martb001","moned101","gantj001","bands101","molip001","hisll101","thomg001","lezcs001","","","","E6","F","F",2,8,18,"T","T",0,"F","F",0,"F","F",0,"F","F",6,"G","F","F","",1,6,"F",0,"N",0,"N",1,0,0,0,"","","","","F","F","F","F","F","F","F","F","F","","","","F","F","F","F","F","","","","",0,0,0,0,0,0,0,0,0,53,"BAL","BAL","MIL",1,"F","F",1,2,0,25,1,"T","F",0,1,"T","T","belam101","andem101","T","T",0,0,0,0,0,0,0,0,0,"","","",0,0,0,0,0,0,0,0,0,0,0,0,0,"molip001","F","F","F","T",0,0,0,0,0,0,0,0,0,0,F,F,"1978BAL.EVA.regular.event.csv",3868
"BAL197808030","MIL",7,1,1,0,0,"",2,1,"belam101","?","belam101","?","auguj001","?","auguj001","?","martb001","moned101","gantj001","bands101","molip001","hisll101","thomg001","lezcs001","dempr001","","","SB2.1-3(E2/TH2)","F","F",6,9,4,"F","F",0,"F","F",0,"F","F",0,"F","F",0,"","F","F","",1,2,"T",0,"N",0,"N",0,3,0,0,"","","","","T","F","F","F","F","F","F","F","F","auguj001","","","F","F","F","F","F","","","","",0,0,0,0,0,0,0,0,0,54,"BAL","BAL","MIL",1,"F","F",1,2,0,26,2,"T","F",1,4,"T","T","andem101","dauer001","T","T",2,8,53,0,0,0,0,0,0,"martb001","","",0,0,0,0,0,0,0,0,0,0,0,0,0,"","F","F","F","F",0,0,0,0,0,0,0,0,0,0,F,F,"1978BAL.EVA.regular.event.csv",3869
"BAL197808030","MIL",7,1,1,0,0,"",2,1,"belam101","?","belam101","?","auguj001","?","auguj001","?","martb001","moned101","gantj001","bands101","molip001","hisll101","thomg001","lezcs001","","","dempr001","K","F","F",6,9,3,"T","T",0,"F","F",1,"F","F",0,"F","F",0,"","F","F","",0,0,"N",0,"N",0,"N",0,0,0,3,"2","","","","F","F","F","F","F","F","F","F","F","","","auguj001","F","F","F","F","F","","","","",0,2,0,0,0,0,0,0,0,55,"BAL","BAL","MIL",1,"F","F",1,2,0,26,2,"F","F",4,4,"T","T","andem101","dauer001","T","T",0,0,0,0,0,0,2,8,53,"","","martb001",0,0,0,0,0,0,0,0,0,0,0,0,0,"","F","F","F","F",0,0,0,0,0,0,0,0,0,0,F,F,"1978BAL.EVA.regular.event.csv",3870
"BAL197808030","MIL",7,1,2,0,0,"",2,1,"andem101","?","andem101","?","auguj001","?","auguj001","?","martb001","moned101","gantj001","bands101","molip001","hisll101","thomg001","lezcs001","","","dempr001","K","F","F",8,1,3,"T","T",0,"F","F",1,"F","F",0,"F","F",0,"","F","F","",0,0,"N",0,"N",0,"N",0,0,0,3,"2","","","","F","F","F","F","F","F","F","F","F","","","auguj001","F","F","F","F","F","","","","",0,2,0,0,0,0,0,0,0,56,"BAL","BAL","MIL",1,"F","T",1,2,0,27,3,"T","F",4,4,"T","T","dauer001","singk001","T","T",0,0,0,0,0,0,2,8,53,"","","martb001",0,0,0,0,0,0,0,0,0,0,0,0,0,"","F","F","F","F",0,0,0,0,0,0,0,0,0,0,F,F,"1978BAL.EVA.regular.event.csv",3871
"BAL197808030","MIL",8,0,0,0,0,"",2,1,"martb001","?","martb001","?","martd001","?","martd001","?","dempr001","murre001","dauer001","decid001","belam101","moraa101","andem101","singk001","","","","S7","T","F",2,9,20,"T","T",1,"F","F",0,"F","F",0,"F","F",7,"","F","F","",0,0,"N",0,"N",0,"N",1,0,0,0,"","","","","F","F","F","F","F","F","F","F","F","","","","F","F","F","F","F","","","","",0,0,0,0,0,0,0,0,0,57,"BAL","MIL","BAL",0,"T","F",2,1,0,26,0,"T","F",0,1,"T","T","molip001","moned101","T","T",0,0,0,0,0,0,0,0,0,"","","",0,0,0,0,0,0,0,0,0,0,0,0,0,"moraa101","F","F","F","F",0,0,0,0,0,0,0,0,0,0,F,F,"1978BAL.EVA.regular.event.csv",3872
"BAL197808030","MIL",8,0,0,0,0,"",2,1,"molip001","?","molip001","?","martd001","?","martd001","?","dempr001","murre001","dauer001","decid001","belam101","moraa101","andem101","singk001","martb001","","","63.1-2","F","F",6,1,2,"T","T",0,"F","F",1,"F","F",0,"F","F",6,"G","F","F","",0,0,"N",0,"N",0,"N",0,2,0,0,"63","","","","F","F","F","F","F","F","F","F","F","martd001","","","F","F","F","F","F","","","","",0,3,0,0,6,0,0,0,0,58,"BAL","MIL","BAL",0,"F","F",2,1,0,27,1,"T","F",1,2,"T","T","moned101","hisll101","T","T",2,9,57,0,0,0,0,0,0,"dempr001","","",0,0,0,0,0,0,0,0,0,0,0,0,0,"belam101","F","F","F","F",0,0,0,0,0,0,0,0,0,0,F,F,"1978BAL.EVA.regular.event.csv",3873
"BAL197808030","MIL",8,0,1,0,0,"",2,1,"moned101","?","moned101","?","martd001","?","martd001","?","dempr001","murre001","dauer001","decid001","belam101","moraa101","andem101","singk001","","martb001","","K/C","F","F",3,2,3,"T","T",0,"F","F",1,"F","F",0,"F","F",0,"","F","F","",0,0,"N",0,"N",0,"N",0,0,2,0,"2","","","","F","F","F","F","F","F","F","F","F","","martd001","","F","F","F","F","F","","","","",0,2,0,0,0,0,0,0,0,59,"BAL","MIL","BAL",0,"F","F",2,1,0,28,2,"T","F",2,2,"T","T","hisll101","coopc001","T","T",0,0,0,2,9,57,0,0,0,"","dempr001","",0,0,0,0,0,0,0,0,0,0,0,0,0,"","F","F","F","F",0,0,0,0,0,0,0,0,0,0,F,F,"1978BAL.EVA.regular.event.csv",3874
"BAL197808030","MIL",8,0,2,0,0,"",2,1,"hisll101","?","hisll101","?","martd001","?","martd001","?","dempr001","murre001","dauer001","decid001","belam101","moraa101","andem101","singk001","","martb001","","S6.2-2","F","F",7,3,20,"T","T",1,"F","F",0,"F","F",0,"F","F",6,"","F","F","",0,0,"N",0,"N",0,"N",1,0,2,0,"","","","","F","F","F","F","F","F","F","F","F","","martd001","","F","F","F","F","F","","","","",0,0,0,0,0,0,0,0,0,60,"BAL","MIL","BAL",0,"F","F",2,1,0,29,3,"T","F",2,3,"T","T","coopc001","lezcs001","T","T",0,0,0,2,9,57,0,0,0,"","dempr001","",0,0,0,0,0,0,0,0,0,0,0,0,0,"belam101","F","F","F","F",0,0,0,0,0,0,0,0,0,0,F,F,"1978BAL.EVA.regular.event.csv",3875
"BAL197808030","MIL",8,0,2,0,0,"",2,1,"coopc001","?","coopc001","?","martd001","?","martd001","?","dempr001","murre001","dauer001","decid001","belam101","moraa101","andem101","singk001","hisll101","martb001","","S7.2XH(72);1-2","F","F",10,4,20,"T","T",1,"F","F",1,"F","F",0,"F","F",7,"","F","F","",0,0,"N",0,"N",0,"N",1,2,0,0,"","","72","","F","F","F","F","F","F","F","F","F","martd001","martd001","","F","F","F","F","F","","","","",0,2,0,0,7,0,0,0,0,61,"BAL","MIL","BAL",0,"F","T",2,1,0,30,4,"T","F",3,3,"T","T","lezcs001","bands101","T","T",7,3,60,2,9,57,0,0,0,"dempr001","dempr001","",0,0,0,0,0,0,0,0,0,0,0,0,0,"moraa101","F","F","F","F",0,0,0,0,0,0,0,0,0,0,F,F,"1978BAL.EVA.regular.event.csv",3876
"BAL197808030","MIL",8,1,0,0,0,"",2,1,"dauer001","?","dauer001","?","auguj001","?","auguj001","?","martb001","moned101","gantj001","bands101","molip001","hisll101","thomg001","lezcs001","","","","S9","T","F",4,2,20,"T","T",1,"F","F",0,"F","F",0,"F","F",9,"","F","F","",0,0,"N",0,"N",0,"N",1,0,0,0,"","","","","F","F","F","F","F","F","F","F","F","","","","F","F","F","F","F","","","","",0,0,0,0,0,0,0,0,0,62,"BAL","BAL","MIL",1,"T","F",1,2,0,28,0,"T","F",0,1,"T","T","singk001","murre001","T","T",0,0,0,0,0,0,0,0,0,"","","",0,0,0,0,0,0,0,0,0,0,0,0,0,"lezcs001","F","F","F","F",4,0,0,0,1,0,0,0,0,0,F,F,"1978BAL.EVA.regular.event.csv",3877
"BAL197808030","MIL",8,1,0,0,0,"",2,1,"singk001","?","singk001","?","auguj001","?","auguj001","?","martb001","moned101","gantj001","bands101","molip001","hisll101","thomg001","lezcs001","dauer001","","","13/SH.1-2","F","F",9,3,2,"T","F",0,"T","F",1,"F","F",0,"F","F",1,"G","T","F","",0,0,"N",0,"N",0,"N",0,2,0,0,"13","","","","F","F","F","F","F","F","F","F","F","auguj001","","","F","F","F","F","F","","","","",0,3,0,0,1,0,0,0,0,63,"BAL","BAL","MIL",1,"F","F",1,2,0,29,1,"T","F",1,2,"T","T","murre001","decid001","T","T",4,2,62,0,0,0,0,0,0,"martb001","","",0,0,0,0,0,0,0,0,0,0,0,0,0,"auguj001","F","F","F","F",0,4,0,0,1,0,0,0,0,0,F,F,"1978BAL.EVA.regular.event.csv",3878
"BAL197808030","MIL",8,1,1,0,0,"",2,1,"murre001","?","murre001","?","auguj001","?","auguj001","?","martb001","moned101","gantj001","bands101","molip001","hisll101","thomg001","lezcs001","","dauer001","","9","F","F",3,4,2,"T","T",0,"F","F",1,"F","F",0,"F","F",9,"F","F","F","",0,0,"N",0,"N",0,"N",0,0,2,0,"9","","","","F","F","F","F","F","F","F","F","F","","auguj001","","F","F","F","F","F","","","","",0,9,0,0,0,0,0,0,0,64,"BAL","BAL","MIL",1,"F","F",1,2,0,30,2,"T","F",2,2,"T","T","decid001","may-l101","T","T",0,0,0,4,2,62,0,0,0,"","martb001","",0,0,0,0,0,0,0,0,0,0,0,0,0,"lezcs001","F","F","F","F",0,0,4,0,1,0,0,0,0,0,F,F,"1978BAL.EVA.regular.event.csv",3879
"BAL197808030","MIL",8,1,2,0,0,"",2,1,"decid001","?","decid001","?","auguj001","?","auguj001","?","martb001","moned101","gantj001","bands101","molip001","hisll101","thomg001","lezcs001","","dauer001","","W","F","F",5,5,14,"T","F",0,"F","F",0,"F","F",0,"F","F",0,"","F","F","",0,0,"N",0,"N",0,"N",1,0,2,0,"","","","","F","F","F","F","F","F","F","F","F","","auguj001","","F","F","F","F","F","","","","",0,0,0,0,0,0,0,0,0,65,"BAL","BAL","MIL",1,"F","F",1,2,0,31,3,"T","F",2,3,"T","T","may-l101","moraa101","T","T",0,0,0,4,2,62,0,0,0,"","martb001","",0,0,0,0,0,0,0,0,0,0,0,0,0,"","F","F","F","F",0,0,4,0,1,0,0,0,0,0,F,F,"1978BAL.EVA.regular.event.csv",3880
"BAL197808030","MIL",8,1,2,0,0,"",2,1,"may-l101","?","may-l101","?","auguj001","?","auguj001","?","martb001","moned101","gantj001","bands101","molip001","hisll101","thomg001","lezcs001","decid001","dauer001","","S.2-H;1-3","F","F",10,6,20,"T","T",1,"F","F",0,"F","F",1,"F","F",0,"","F","F","",0,0,"N",0,"N",0,"N",1,3,4,0,"","","","","F","F","F","F","F","F","F","F","F","auguj001","auguj001","","F","F","F","F","F","","","","",0,0,0,0,0,0,0,0,0,66,"BAL","BAL","MIL",1,"F","F",1,2,0,32,4,"T","F",3,5,"T","T","moraa101","dempr001","T","T",5,5,65,4,2,62,0,0,0,"martb001","martb001","",0,0,0,0,0,0,0,0,0,0,0,0,1,"","F","F","F","F",0,0,4,0,0,0,0,0,0,0,F,F,"1978BAL.EVA.regular.event.csv",3881
"BAL197808030","MIL",8,1,2,0,0,"",2,2,"moraa101","?","moraa101","?","auguj001","?","auguj001","?","martb001","moned101","gantj001","bands101","molip001","hisll101","thomg001","lezcs001","may-l101","","decid001","9","F","F",7,7,2,"T","T",0,"F","F",1,"F","F",0,"F","F",9,"F","F","F","",0,0,"N",0,"N",0,"N",0,1,0,3,"9","","","","F","F","F","F","F","F","F","F","F","auguj001","","auguj001","F","F","F","F","F","","","","",0,9,0,0,0,0,0,0,0,67,"BAL","BAL","MIL",1,"F","T",2,2,1,33,5,"T","F",5,5,"T","T","dempr001","belam101","T","T",10,6,66,0,0,0,5,5,65,"martb001","","martb001",0,0,0,0,0,0,0,0,0,0,0,0,0,"lezcs001","F","F","F","F",0,0,0,0,0,0,0,0,0,0,F,F,"1978BAL.EVA.regular.event.csv",3882
"BAL197808030","MIL",9,0,0,0,0,"",2,2,"lezcs001","?","lezcs001","?","martd001","?","martd001","?","dempr001","murre001","dauer001","decid001","belam101","moraa101","andem101","singk001","","","","7","T","F",9,5,2,"T","T",0,"F","F",1,"F","F",0,"F","F",7,"F","F","F","",0,0,"N",0,"N",0,"N",0,0,0,0,"7","","","","F","F","F","F","F","F","F","F","F","","","","F","F","F","F","F","","","","",0,7,0,0,0,0,0,0,0,68,"BAL","MIL","BAL",0,"T","F",2,2,0,31,0,"T","F",0,0,"T","T","bands101","thomg001","T","T",0,0,0,0,0,0,0,0,0,"","","",0,0,0,0,0,0,0,0,0,0,0,0,0,"moraa101","F","F","F","F",0,0,0,0,0,0,0,0,0,0,F,F,"1978BAL.EVA.regular.event.csv",3883
"BAL197808030","MIL",9,0,1,0,0,"",2,2,"bands101","?","bands101","?","martd001","?","martd001","?","dempr001","murre001","dauer001","decid001","belam101","moraa101","andem101","singk001","","","","K","F","F",5,6,3,"T","T",0,"F","F",1,"F","F",0,"F","F",0,"","F","F","",0,0,"N",0,"N",0,"N",0,0,0,0,"2","","","","F","F","F","F","F","F","F","F","F","","","","F","F","F","F","F","","","","",0,2,0,0,0,0,0,0,0,69,"BAL","MIL","BAL",0,"F","F",2,2,0,32,1,"T","F",0,0,"T","T","thomg001","gantj001","T","T",0,0,0,0,0,0,0,0,0,"","","",0,0,0,0,0,0,0,0,0,0,0,0,0,"","F","F","F","F",0,0,0,0,0,0,0,0,0,0,F,F,"1978BAL.EVA.regular.event.csv",3884
"BAL197808030","MIL",9,0,2,0,0,"",2,2,"thomg001","?","thomg001","?","martd001","?","martd001","?","dempr001","murre001","dauer001","decid001","belam101","moraa101","andem101","singk001","","","","K","F","F",8,7,3,"T","T",0,"F","F",1,"F","F",0,"F","F",0,"","F","F","",0,0,"N",0,"N",0,"N",0,0,0,0,"2","","","","F","F","F","F","F","F","F","F","F","","","","F","F","F","F","F","","","","",0,2,0,0,0,0,0,0,0,70,"BAL","MIL","BAL",0,"F","T",2,2,0,33,2,"T","F",0,0,"T","T","gantj001","martb001","T","T",0,0,0,0,0,0,0,0,0,"","","",0,0,0,0,0,0,0,0,0,0,0,0,0,"","F","F","F","F",0,0,0,0,0,0,0,0,0,0,F,F,"1978BAL.EVA.regular.event.csv",3885
"BAL197808030","MIL",9,1,0,0,0,"",2,2,"dempr001","?","dempr001","?","auguj001","?","auguj001","?","martb001","moned101","gantj001","bands101","molip001","hisll101","thomg001","lezcs001","","","","7","T","F",2,8,2,"T","T",0,"F","F",1,"F","F",0,"F","F",7,"F","F","F","",0,0,"N",0,"N",0,"N",0,0,0,0,"7","","","","F","F","F","F","F","F","F","F","F","","","","F","F","F","F","F","","","","",0,7,0,0,0,0,0,0,0,71,"BAL","BAL","MIL",1,"T","F",2,2,0,34,0,"T","F",0,0,"T","T","belam101","andem101","T","T",0,0,0,0,0,0,0,0,0,"","","",0,0,0,0,0,0,0,0,0,0,0,0,0,"hisll101","F","F","F","F",0,0,0,0,0,0,0,0,0,0,F,F,"1978BAL.EVA.regular.event.csv",3886
"BAL197808030","MIL",9,1,1,0,0,"",2,2,"belam101","?","belam101","?","auguj001","?","auguj001","?","martb001","moned101","gantj001","bands101","molip001","hisll101","thomg001","lezcs001","","","","3/BG","F","F",6,9,2,"T","T",0,"F","F",1,"F","F",0,"F","F",3,"G","T","F","",0,0,"N",0,"N",0,"N",0,0,0,0,"3","","","","F","F","F","F","F","F","F","F","F","","","","F","F","F","F","F","","","","",0,3,0,0,0,0,0,0,0,72,"BAL","BAL","MIL",1,"F","F",2,2,0,35,1,"T","F",0,0,"T","T","andem101","dauer001","T","T",0,0,0,0,0,0,0,0,0,"","","",0,0,0,0,0,0,0,0,0,0,0,0,0,"moned101","F","F","F","F",0,0,0,0,0,0,0,0,0,0,F,F,"1978BAL.EVA.regular.event.csv",3887
"BAL197808030","MIL",9,1,2,0,0,"",2,2,"andem101","?","andem101","?","auguj001","?","auguj001","?","martb001","moned101","gantj001","bands101","molip001","hisll101","thomg001","lezcs001","","","","K","F","F",8,1,3,"T","T",0,"F","F",1,"F","F",0,"F","F",0,"","F","F","",0,0,"N",0,"N",0,"N",0,0,0,0,"2","","","","F","F","F","F","F","F","F","F","F","","","","F","F","F","F","F","","","","",0,2,0,0,0,0,0,0,0,73,"BAL","BAL","MIL",1,"F","T",2,2,0,36,2,"T","F",0,0,"T","T","dauer001","singk001","T","T",0,0,0,0,0,0,0,0,0,"","","",0,0,0,0,0,0,0,0,0,0,0,0,0,"","F","F","F","F",0,0,0,0,0,0,0,0,0,0,F,F,"1978BAL.EVA.regular.event.csv",3888
"BAL197808030","MIL",10,0,0,0,0,"",2,2,"oglib001","?","oglib001","?","martd001","?","martd001","?","dempr001","murre001","dauer001","decid001","belam101","moraa101","andem101","singk001","","","","K","T","T",11,8,3,"T","T",0,"F","F",1,"F","F",0,"F","F",0,"","F","F","",0,0,"N",0,"N",0,"N",0,0,0,0,"2","","","","F","F","F","F","F","F","F","F","F","","","","F","F","F","F","F","","","","gantj001",4,2,0,0,0,0,0,0,0,74,"BAL","MIL","BAL",0,"T","F",2,2,0,34,0,"T","F",0,0,"F","F","martb001","molip001","T","T",0,0,0,0,0,0,0,0,0,"","","",0,0,0,0,0,0,0,0,0,0,0,0,0,"","F","F","F","F",0,0,0,0,0,0,0,0,0,0,F,F,"1978BAL.EVA.regular.event.csv",3889
"BAL197808030","MIL",10,0,1,0,0,"",2,2,"martb001","?","martb001","?","martd001","?","martd001","?","dempr001","murre001","dauer001","decid001","belam101","moraa101","andem101","singk001","","","","8","F","F",2,9,2,"T","T",0,"F","F",1,"F","F",0,"F","F",8,"F","F","F","",0,0,"N",0,"N",0,"N",0,0,0,0,"8","","","","F","F","F","F","F","F","F","F","F","","","","F","F","F","F","F","","","","",0,8,0,0,0,0,0,0,0,75,"BAL","MIL","BAL",0,"F","F",2,2,0,35,1,"T","F",0,0,"T","T","molip001","moned101","T","T",0,0,0,0,0,0,0,0,0,"","","",0,0,0,0,0,0,0,0,0,0,0,0,0,"andem101","F","F","F","F",0,0,0,0,0,0,0,0,0,0,F,F,"1978BAL.EVA.regular.event.csv",3890
"BAL197808030","MIL",10,0,2,0,0,"",2,2,"molip001","?","molip001","?","martd001","?","martd001","?","dempr001","murre001","dauer001","decid001","belam101","moraa101","andem101","singk001","","","","13","F","F",6,1,2,"T","T",0,"F","F",1,"F","F",0,"F","F",1,"G","F","F","",0,0,"N",0,"N",0,"N",0,0,0,0,"13","","","","F","F","F","F","F","F","F","F","F","","","","F","F","F","F","F","","","","",0,3,0,0,1,0,0,0,0,76,"BAL","MIL","BAL",0,"F","T",2,2,0,36,2,"T","F",0,0,"T","T","moned101","hisll101","T","T",0,0,0,0,0,0,0,0,0,"","","",0,0,0,0,0,0,0,0,0,0,0,0,0,"martd001","F","F","F","F",0,0,0,0,0,0,0,0,0,0,F,F,"1978BAL.EVA.regular.event.csv",3891
"BAL197808030","MIL",10,1,0,0,0,"",2,2,"dauer001","?","dauer001","?","auguj001","?","auguj001","?","martb001","oglib001","moned101","bands101","molip001","hisll101","thomg001","lezcs001","","","","9","T","F",4,2,2,"T","T",0,"F","F",1,"F","F",0,"F","F",9,"F","F","F","",0,0,"N",0,"N",0,"N",0,0,0,0,"9","","","","F","F","F","F","F","F","F","F","F","","","","F","F","F","F","F","","","","",0,9,0,0,0,0,0,0,0,77,"BAL","BAL","MIL",1,"T","F",2,2,0,37,0,"T","F",0,0,"T","T","singk001","murre001","T","T",0,0,0,0,0,0,0,0,0,"","","",0,0,0,0,0,0,0,0,0,0,0,0,0,"lezcs001","F","F","F","F",0,0,0,0,1,0,0,0,0,0,F,F,"1978BAL.EVA.regular.event.csv",3892
"BAL197808030","MIL",10,1,1,0,0,"",2,2,"singk001","?","singk001","?","auguj001","?","auguj001","?","martb001","oglib001","moned101","bands101","molip001","hisll101","thomg001","lezcs001","","","","63","F","F",9,3,2,"T","T",0,"F","F",1,"F","F",0,"F","F",6,"G","F","F","",0,0,"N",0,"N",0,"N",0,0,0,0,"63","","","","F","F","F","F","F","F","F","F","F","","","","F","F","F","F","F","","","","",0,3,0,0,6,0,0,0,0,78,"BAL","BAL","MIL",1,"F","F",2,2,0,38,1,"T","F",0,0,"T","T","murre001","decid001","T","T",0,0,0,0,0,0,0,0,0,"","","",0,0,0,0,0,0,0,0,0,0,0,0,0,"molip001","F","F","F","F",0,0,0,0,1,0,0,0,0,0,F,F,"1978BAL.EVA.regular.event.csv",3893
"BAL197808030","MIL",10,1,2,0,0,"",2,2,"murre001","?","murre001","?","auguj001","?","auguj001","?","martb001","oglib001","moned101","bands101","molip001","hisll101","thomg001","lezcs001","","","","HR","F","F",3,4,23,"T","T",4,"F","F",0,"F","F",1,"F","F",0,"","F","F","",0,0,"N",0,"N",0,"N",4,0,0,0,"","","","","F","F","F","F","F","F","F","F","F","","","","F","T","F","F","F","","","","",0,0,0,0,0,0,0,0,0,79,"BAL","BAL","MIL",1,"F","T",2,2,0,39,2,"T","F",0,0,"T","T","decid001","may-l101","T","T",0,0,0,0,0,0,0,0,0,"","","",0,0,0,0,0,0,0,0,0,0,0,0,1,"","F","F","F","F",4,0,0,0,0,0,0,0,0,0,F,F,"1978BAL.EVA.regular.event.csv",3894
"BAL197808090","KCA",1,0,0,0,0,"",0,0,"patef101","?","patef101","?","mcgrs001","?","mcgrs001","?","skagd101","murre001","dauer001","decid001","belam101","moraa101","lopec101","singk001","","","","7","T","F",6,1,2,"T","T",0,"F","F",1,"F","F",0,"F","F",7,"F","F","F","",0,0,"N",0,"N",0,"N",0,0,0,0,"7","","","","F","F","F","F","F","F","F","F","F","","","","T","F","F","F","F","","","","",0,7,0,0,0,0,0,0,0,1,"BAL","KCA","BAL",0,"T","F",0,0,0,0,0,"T","F",0,0,"T","T","zdebj101","mcrah001","T","T",0,0,0,0,0,0,0,0,0,"","","",0,0,0,0,0,0,0,0,0,0,0,0,0,"moraa101","F","F","F","F",0,0,0,0,0,0,0,0,0,0,F,F,"1978BAL.EVA.regular.event.csv",3895
"BAL197808090","KCA",1,0,1,0,0,"",0,0,"zdebj101","?","zdebj101","?","mcgrs001","?","mcgrs001","?","skagd101","murre001","dauer001","decid001","belam101","moraa101","lopec101","singk001","","","","3","F","F",7,2,2,"T","T",0,"F","F",1,"F","F",0,"F","F",3,"F","F","F","",0,0,"N",0,"N",0,"N",0,0,0,0,"3","","","","F","F","F","F","F","F","F","F","F","","","","F","F","F","F","F","","","","",0,3,0,0,0,0,0,0,0,2,"BAL","KCA","BAL",0,"F","F",0,0,0,1,1,"T","F",0,0,"T","T","mcrah001","cowea001","T","T",0,0,0,0,0,0,0,0,0,"","","",0,0,0,0,0,0,0,0,0,0,0,0,0,"murre001","F","F","F","F",0,0,0,0,0,0,0,0,0,0,F,F,"1978BAL.EVA.regular.event.csv",3896
"BAL197808090","KCA",1,0,2,0,0,"",0,0,"mcrah001","?","mcrah001","?","mcgrs001","?","mcgrs001","?","skagd101","murre001","dauer001","decid001","belam101","moraa101","lopec101","singk001","","","","4","F","F",10,3,2,"T","T",0,"F","F",1,"F","F",0,"F","F",4,"F","F","F","",0,0,"N",0,"N",0,"N",0,0,0,0,"4","","","","F","F","F","F","F","F","F","F","F","","","","F","F","F","F","F","","","","",0,4,0,0,0,0,0,0,0,3,"BAL","KCA","BAL",0,"F","T",0,0,0,2,2,"T","F",0,0,"T","T","cowea001","otisa001","T","T",0,0,0,0,0,0,0,0,0,"","","",0,0,0,0,0,0,0,0,0,0,0,0,0,"dauer001","F","F","F","F",0,0,0,0,0,0,0,0,0,0,F,F,"1978BAL.EVA.regular.event.csv",3897
"BAL197808090","KCA",1,1,0,0,0,"",0,0,"belam101","?","belam101","?","gural001","?","gural001","?","wathj001","lacop101","washu001","terrj101","patef101","zdebj101","otisa001","cowea001","","","","9","T","F",6,1,2,"T","T",0,"F","F",1,"F","F",0,"F","F",9,"F","F","F","",0,0,"N",0,"N",0,"N",0,0,0,0,"9","","","","F","F","F","F","F","F","F","F","F","","","","F","F","F","F","F","","","","",0,9,0,0,0,0,0,0,0,4,"BAL","BAL","KCA",1,"T","F",0,0,0,0,0,"T","F",0,0,"T","T","dauer001","singk001","T","T",0,0,0,0,0,0,0,0,0,"","","",0,0,0,0,0,0,0,0,0,0,0,0,0,"cowea001","F","F","F","F",0,0,0,0,0,0,0,0,0,0,F,F,"1978BAL.EVA.regular.event.csv",3898
"BAL197808090","KCA",1,1,1,0,0,"",0,0,"dauer001","?","dauer001","?","gural001","?","gural001","?","wathj001","lacop101","washu001","terrj101","patef101","zdebj101","otisa001","cowea001","","","","8","F","F",4,2,2,"T","T",0,"F","F",1,"F","F",0,"F","F",8,"F","F","F","",0,0,"N",0,"N",0,"N",0,0,0,0,"8","","","","F","F","F","F","F","F","F","F","F","","","","F","F","F","F","F","","","","",0,8,0,0,0,0,0,0,0,5,"BAL","BAL","KCA",1,"F","F",0,0,0,1,1,"T","F",0,0,"T","T","singk001","murre001","T","T",0,0,0,0,0,0,0,0,0,"","","",0,0,0,0,0,0,0,0,0,0,0,0,0,"otisa001","F","F","F","F",0,0,0,0,0,0,0,0,0,0,F,F,"1978BAL.EVA.regular.event.csv",3899
"BAL197808090","KCA",1,1,2,0,0,"",0,0,"singk001","?","singk001","?","gural001","?","gural001","?","wathj001","lacop101","washu001","terrj101","patef101","zdebj101","otisa001","cowea001","","","","K","F","F",9,3,3,"T","T",0,"F","F",1,"F","F",0,"F","F",0,"","F","F","",0,0,"N",0,"N",0,"N",0,0,0,0,"2","","","","F","F","F","F","F","F","F","F","F","","","","F","F","F","F","F","","","","",0,2,0,0,0,0,0,0,0,6,"BAL","BAL","KCA",1,"F","T",0,0,0,2,2,"T","F",0,0,"T","T","murre001","decid001","T","T",0,0,0,0,0,0,0,0,0,"","","",0,0,0,0,0,0,0,0,0,0,0,0,0,"","F","F","F","F",0,0,0,0,0,0,0,0,0,0,F,F,"1978BAL.EVA.regular.event.csv",3900
"BAL197808090","KCA",2,0,0,0,0,"",0,0,"cowea001","?","cowea001","?","mcgrs001","?","mcgrs001","?","skagd101","murre001","dauer001","decid001","belam101","moraa101","lopec101","singk001","","","","9","T","F",9,4,2,"T","T",0,"F","F",1,"F","F",0,"F","F",9,"F","F","F","",0,0,"N",0,"N",0,"N",0,0,0,0,"9","","","","F","F","F","F","F","F","F","F","F","","","","F","F","F","F","F","","","","",0,9,0,0,0,0,0,0,0,7,"BAL","KCA","BAL",0,"T","F",0,0,0,3,0,"T","F",0,0,"T","T","otisa001","wathj001","T","T",0,0,0,0,0,0,0,0,0,"","","",0,0,0,0,0,0,0,0,0,0,0,0,0,"singk001","F","F","F","F",0,0,0,0,0,0,0,0,0,0,F,F,"1978BAL.EVA.regular.event.csv",3901
"BAL197808090","KCA",2,0,1,0,0,"",0,0,"otisa001","?","otisa001","?","mcgrs001","?","mcgrs001","?","skagd101","murre001","dauer001","decid001","belam101","moraa101","lopec101","singk001","","","","43","F","F",8,5,2,"T","T",0,"F","F",1,"F","F",0,"F","F",4,"G","F","F","",0,0,"N",0,"N",0,"N",0,0,0,0,"43","","","","F","F","F","F","F","F","F","F","F","","","","F","F","F","F","F","","","","",0,3,0,0,4,0,0,0,0,8,"BAL","KCA","BAL",0,"F","F",0,0,0,4,1,"T","F",0,0,"T","T","wathj001","lacop101","T","T",0,0,0,0,0,0,0,0,0,"","","",0,0,0,0,0,0,0,0,0,0,0,0,0,"dauer001","F","F","F","F",0,0,0,0,0,0,0,0,0,0,F,F,"1978BAL.EVA.regular.event.csv",3902
"BAL197808090","KCA",2,0,2,0,0,"",0,0,"wathj001","?","wathj001","?","mcgrs001","?","mcgrs001","?","skagd101","murre001","dauer001","decid001","belam101","moraa101","lopec101","singk001","","","","K","F","F",2,6,3,"T","T",0,"F","F",1,"F","F",0,"F","F",0,"","F","F","",0,0,"N",0,"N",0,"N",0,0,0,0,"2","","","","F","F","F","F","F","F","F","F","F","","","","F","F","F","F","F","","","","",0,2,0,0,0,0,0,0,0,9,"BAL","KCA","BAL",0,"F","T",0,0,0,5,2,"T","F",0,0,"T","T","lacop101","washu001","T","T",0,0,0,0,0,0,0,0,0,"","","",0,0,0,0,0,0,0,0,0,0,0,0,0,"","F","F","F","F",0,0,0,0,0,0,0,0,0,0,F,F,"1978BAL.EVA.regular.event.csv",3903
"BAL197808090","KCA",2,1,0,0,0,"",0,0,"murre001","?","murre001","?","gural001","?","gural001","?","wathj001","lacop101","washu001","terrj101","patef101","zdebj101","otisa001","cowea001","","","","63","T","F",3,4,2,"T","T",0,"F","F",1,"F","F",0,"F","F",6,"G","F","F","",0,0,"N",0,"N",0,"N",0,0,0,0,"63","","","","F","F","F","F","F","F","F","F","F","","","","F","F","F","F","F","","","","",0,3,0,0,6,0,0,0,0,10,"BAL","BAL","KCA",1,"T","F",0,0,0,3,0,"T","F",0,0,"T","T","decid001","may-l101","T","T",0,0,0,0,0,0,0,0,0,"","","",0,0,0,0,0,0,0,0,0,0,0,0,0,"patef101","F","F","F","F",0,0,0,0,0,0,0,0,0,0,F,F,"1978BAL.EVA.regular.event.csv",3904
"BAL197808090","KCA",2,1,1,0,0,"",0,0,"decid001","?","decid001","?","gural001","?","gural001","?","wathj001","lacop101","washu001","terrj101","patef101","zdebj101","otisa001","cowea001","","","","D","F","F",5,5,21,"T","T",2,"F","F",0,"F","F",0,"F","F",0,"","F","F","",0,0,"N",0,"N",0,"N",2,0,0,0,"","","","","F","F","F","F","F","F","F","F","F","","","","F","F","F","F","F","","","","",0,0,0,0,0,0,0,0,0,11,"BAL","BAL","KCA",1,"F","F",0,0,0,4,1,"T","F",0,2,"T","T","may-l101","moraa101","T","T",0,0,0,0,0,0,0,0,0,"","","",0,0,0,0,0,0,0,0,0,0,0,0,0,"","F","F","F","F",0,0,0,0,0,0,0,0,0,0,F,F,"1978BAL.EVA.regular.event.csv",3905
"BAL197808090","KCA",2,1,1,0,0,"",0,0,"may-l101","?","may-l101","?","gural001","?","gural001","?","wathj001","lacop101","washu001","terrj101","patef101","zdebj101","otisa001","cowea001","","decid001","","2/FL","F","F",10,6,2,"T","T",0,"F","F",1,"F","F",0,"F","F",2,"F","F","T","",0,0,"N",0,"N",0,"N",0,0,2,0,"2","","","","F","F","F","F","F","F","F","F","F","","gural001","","F","F","F","F","F","","","","",0,2,0,0,0,0,0,0,0,12,"BAL","BAL","KCA",1,"F","F",0,0,0,5,2,"T","F",2,2,"T","T","moraa101","lopec101","T","T",0,0,0,5,5,11,0,0,0,"","wathj001","",0,0,0,0,0,0,0,0,0,0,0,0,0,"wathj001","F","F","F","F",0,0,0,0,0,0,0,0,0,0,F,F,"1978BAL.EVA.regular.event.csv",3906
"BAL197808090","KCA",2,1,2,0,0,"",0,0,"moraa101","?","moraa101","?","gural001","?","gural001","?","wathj001","lacop101","washu001","terrj101","patef101","zdebj101","otisa001","cowea001","","decid001","","3","F","F",7,7,2,"T","T",0,"F","F",1,"F","F",0,"F","F",3,"F","F","F","",0,0,"N",0,"N",0,"N",0,0,2,0,"3","","","","F","F","F","F","F","F","F","F","F","","gural001","","F","F","F","F","F","","","","",0,3,0,0,0,0,0,0,0,13,"BAL","BAL","KCA",1,"F","T",0,0,0,6,3,"T","F",2,2,"T","T","lopec101","skagd101","T","T",0,0,0,5,5,11,0,0,0,"","wathj001","",0,0,0,0,0,0,0,0,0,0,0,0,0,"lacop101","F","F","F","F",0,0,0,0,0,0,0,0,0,0,F,F,"1978BAL.EVA.regular.event.csv",3907
"BAL197808090","KCA",3,0,0,0,0,"",0,0,"lacop101","?","lacop101","?","mcgrs001","?","mcgrs001","?","skagd101","murre001","dauer001","decid001","belam101","moraa101","lopec101","singk001","","","","K/C","T","F",3,7,3,"T","T",0,"F","F",1,"F","F",0,"F","F",0,"","F","F","",0,0,"N",0,"N",0,"N",0,0,0,0,"2","","","","F","F","F","F","F","F","F","F","F","","","","F","F","F","F","F","","","","",0,2,0,0,0,0,0,0,0,14,"BAL","KCA","BAL",0,"T","F",0,0,0,6,0,"T","F",0,0,"T","T","washu001","terrj101","T","T",0,0,0,0,0,0,0,0,0,"","","",0,0,0,0,0,0,0,0,0,0,0,0,0,"","F","F","F","F",0,0,0,0,0,0,0,0,0,0,F,F,"1978BAL.EVA.regular.event.csv",3908
"BAL197808090","KCA",3,0,1,0,0,"",0,0,"washu001","?","washu001","?","mcgrs001","?","mcgrs001","?","skagd101","murre001","dauer001","decid001","belam101","moraa101","lopec101","singk001","","","","13","F","F",4,8,2,"T","T",0,"F","F",1,"F","F",0,"F","F",1,"G","F","F","",0,0,"N",0,"N",0,"N",0,0,0,0,"13","","","","F","F","F","F","F","F","F","F","F","","","","F","F","F","F","F","","","","",0,3,0,0,1,0,0,0,0,15,"BAL","KCA","BAL",0,"F","F",0,0,0,7,1,"T","F",0,0,"T","T","terrj101","patef101","T","T",0,0,0,0,0,0,0,0,0,"","","",0,0,0,0,0,0,0,0,0,0,0,0,0,"mcgrs001","F","F","F","F",0,0,0,0,0,0,0,0,0,0,F,F,"1978BAL.EVA.regular.event.csv",3909
"BAL197808090","KCA",3,0,2,0,0,"",0,0,"terrj101","?","terrj101","?","mcgrs001","?","mcgrs001","?","skagd101","murre001","dauer001","decid001","belam101","moraa101","lopec101","singk001","","","","43","F","F",5,9,2,"T","T",0,"F","F",1,"F","F",0,"F","F",4,"G","F","F","",0,0,"N",0,"N",0,"N",0,0,0,0,"43","","","","F","F","F","F","F","F","F","F","F","","","","F","F","F","F","F","","","","",0,3,0,0,4,0,0,0,0,16,"BAL","KCA","BAL",0,"F","T",0,0,0,8,2,"T","F",0,0,"T","T","patef101","zdebj101","T","T",0,0,0,0,0,0,0,0,0,"","","",0,0,0,0,0,0,0,0,0,0,0,0,0,"dauer001","F","F","F","F",0,0,0,0,0,0,0,0,0,0,F,F,"1978BAL.EVA.regular.event.csv",3910
"BAL197808090","KCA",3,1,0,0,0,"",0,0,"lopec101","?","lopec101","?","gural001","?","gural001","?","wathj001","lacop101","washu001","terrj101","patef101","zdebj101","otisa001","cowea001","","","","3","T","F",8,8,2,"T","T",0,"F","F",1,"F","F",0,"F","F",3,"F","F","F","",0,0,"N",0,"N",0,"N",0,0,0,0,"3","","","","F","F","F","F","F","F","F","F","F","","","","F","F","F","F","F","","","","",0,3,0,0,0,0,0,0,0,17,"BAL","BAL","KCA",1,"T","F",0,0,0,7,0,"T","F",0,0,"T","T","skagd101","belam101","T","T",0,0,0,0,0,0,0,0,0,"","","",0,0,0,0,0,0,0,0,0,0,0,0,0,"lacop101","F","F","F","F",0,0,0,0,0,0,0,0,0,0,F,F,"1978BAL.EVA.regular.event.csv",3911
"BAL197808090","KCA",3,1,1,0,0,"",0,0,"skagd101","?","skagd101","?","gural001","?","gural001","?","wathj001","lacop101","washu001","terrj101","patef101","zdebj101","otisa001","cowea001","","","","4","F","F",2,9,2,"T","T",0,"F","F",1,"F","F",0,"F","F",4,"F","F","F","",0,0,"N",0,"N",0,"N",0,0,0,0,"4","","","","F","F","F","F","F","F","F","F","F","","","","F","F","F","F","F","","","","",0,4,0,0,0,0,0,0,0,18,"BAL","BAL","KCA",1,"F","F",0,0,0,8,1,"T","F",0,0,"T","T","belam101","dauer001","T","T",0,0,0,0,0,0,0,0,0,"","","",0,0,0,0,0,0,0,0,0,0,0,0,0,"washu001","F","F","F","F",0,0,0,0,0,0,0,0,0,0,F,F,"1978BAL.EVA.regular.event.csv",3912
"BAL197808090","KCA",3,1,2,0,0,"",0,0,"belam101","?","belam101","?","gural001","?","gural001","?","wathj001","lacop101","washu001","terrj101","patef101","zdebj101","otisa001","cowea001","","","","W","F","F",6,1,14,"T","F",0,"F","F",0,"F","F",0,"F","F",0,"","F","F","",0,0,"N",0,"N",0,"N",1,0,0,0,"","","","","F","F","F","F","F","F","F","F","F","","","","F","F","F","F","F","","","","",0,0,0,0,0,0,0,0,0,19,"BAL","BAL","KCA",1,"F","F",0,0,0,9,2,"T","F",0,1,"T","T","dauer001","singk001","T","T",0,0,0,0,0,0,0,0,0,"","","",0,0,0,0,0,0,0,0,0,0,0,0,0,"","F","F","F","F",0,0,0,0,0,0,0,0,0,0,F,F,"1978BAL.EVA.regular.event.csv",3913
"BAL197808090","KCA",3,1,2,0,0,"",0,0,"dauer001","?","dauer001","?","gural001","?","gural001","?","wathj001","lacop101","washu001","terrj101","patef101","zdebj101","otisa001","cowea001","belam101","","","POCS2(13416)","F","F",4,2,8,"F","F",0,"F","F",1,"F","F",0,"F","F",0,"","F","F","",0,0,"N",0,"N",0,"N",0,0,0,0,"","13416","","","F","F","F","T","F","F","T","F","F","gural001","","","F","F","F","F","F","","","","",0,6,0,0,1,3,4,0,0,20,"BAL","BAL","KCA",1,"F","T",0,0,0,10,3,"T","T",1,0,"T","T","singk001","murre001","T","T",6,1,19,0,0,0,0,0,0,"wathj001","","",0,0,0,0,0,0,0,0,0,0,0,0,0,"","F","F","F","F",0,0,0,0,0,0,0,0,0,0,F,F,"1978BAL.EVA.regular.event.csv",3914
"BAL197808090","KCA",4,0,0,0,0,"",0,0,"patef101","?","patef101","?","mcgrs001","?","mcgrs001","?","skagd101","murre001","dauer001","decid001","belam101","moraa101","lopec101","singk001","","","","9","T","F",6,1,2,"T","T",0,"F","F",1,"F","F",0,"F","F",9,"F","F","F","",0,0,"N",0,"N",0,"N",0,0,0,0,"9","","","","F","F","F","F","F","F","F","F","F","","","","F","F","F","F","F","","","","",0,9,0,0,0,0,0,0,0,21,"BAL","KCA","BAL",0,"T","F",0,0,0,9,0,"T","F",0,0,"T","T","zdebj101","mcrah001","T","T",0,0,0,0,0,0,0,0,0,"","","",0,0,0,0,0,0,0,0,0,0,0,0,0,"singk001","F","F","F","F",0,0,0,0,0,0,0,0,0,0,F,F,"1978BAL.EVA.regular.event.csv",3915
"BAL197808090","KCA",4,0,1,0,0,"",0,0,"zdebj101","?","zdebj101","?","mcgrs001","?","mcgrs001","?","skagd101","murre001","dauer001","decid001","belam101","moraa101","lopec101","singk001","","","","3","F","F",7,2,2,"T","T",0,"F","F",1,"F","F",0,"F","F",3,"F","F","F","",0,0,"N",0,"N",0,"N",0,0,0,0,"3","","","","F","F","F","F","F","F","F","F","F","","","","F","F","F","F","F","","","","",0,3,0,0,0,0,0,0,0,22,"BAL","KCA","BAL",0,"F","F",0,0,0,10,1,"T","F",0,0,"T","T","mcrah001","cowea001","T","T",0,0,0,0,0,0,0,0,0,"","","",0,0,0,0,0,0,0,0,0,0,0,0,0,"murre001","F","F","F","F",0,0,0,0,0,0,0,0,0,0,F,F,"1978BAL.EVA.regular.event.csv",3916
"BAL197808090","KCA",4,0,2,0,0,"",0,0,"mcrah001","?","mcrah001","?","mcgrs001","?","mcgrs001","?","skagd101","murre001","dauer001","decid001","belam101","moraa101","lopec101","singk001","","","","53","F","F",10,3,2,"T","T",0,"F","F",1,"F","F",0,"F","F",5,"G","F","F","",0,0,"N",0,"N",0,"N",0,0,0,0,"53","","","","F","F","F","F","F","F","F","F","F","","","","F","F","F","F","F","","","","",0,3,0,0,5,0,0,0,0,23,"BAL","KCA","BAL",0,"F","T",0,0,0,11,2,"T","F",0,0,"T","T","cowea001","otisa001","T","T",0,0,0,0,0,0,0,0,0,"","","",0,0,0,0,0,0,0,0,0,0,0,0,0,"decid001","F","F","F","F",0,0,0,0,0,0,0,0,0,0,F,F,"1978BAL.EVA.regular.event.csv",3917
"BAL197808090","KCA",4,1,0,0,0,"",0,0,"dauer001","?","dauer001","?","gural001","?","gural001","?","wathj001","lacop101","washu001","terrj101","patef101","zdebj101","otisa001","cowea001","","","","8","T","F",4,2,2,"T","T",0,"F","F",1,"F","F",0,"F","F",8,"F","F","F","",0,0,"N",0,"N",0,"N",0,0,0,0,"8","","","","F","F","F","F","F","F","F","F","F","","","","F","F","F","F","F","","","","",0,8,0,0,0,0,0,0,0,24,"BAL","BAL","KCA",1,"T","F",0,0,0,10,0,"T","F",0,0,"T","T","singk001","murre001","T","T",0,0,0,0,0,0,0,0,0,"","","",0,0,0,0,0,0,0,0,0,0,0,0,0,"otisa001","F","F","F","F",0,0,0,0,0,0,0,0,0,0,F,F,"1978BAL.EVA.regular.event.csv",3918
"BAL197808090","KCA",4,1,1,0,0,"",0,0,"singk001","?","singk001","?","gural001","?","gural001","?","wathj001","lacop101","washu001","terrj101","patef101","zdebj101","otisa001","cowea001","","","","5/L","F","F",9,3,2,"T","T",0,"F","F",1,"F","F",0,"F","F",5,"L","F","F","",0,0,"N",0,"N",0,"N",0,0,0,0,"5","","","","F","F","F","F","F","F","F","F","F","","","","F","F","F","F","F","","","","",0,5,0,0,0,0,0,0,0,25,"BAL","BAL","KCA",1,"F","F",0,0,0,11,1,"T","F",0,0,"T","T","murre001","decid001","T","T",0,0,0,0,0,0,0,0,0,"","","",0,0,0,0,0,0,0,0,0,0,0,0,0,"terrj101","F","F","F","F",0,0,0,0,0,0,0,0,0,0,F,F,"1978BAL.EVA.regular.event.csv",3919
"BAL197808090","KCA",4,1,2,0,0,"",0,0,"murre001","?","murre001","?","gural001","?","gural001","?","wathj001","lacop101","washu001","terrj101","patef101","zdebj101","otisa001","cowea001","","","","S8","F","F",3,4,20,"T","T",1,"F","F",0,"F","F",0,"F","F",8,"","F","F","",0,0,"N",0,"N",0,"N",1,0,0,0,"","","","","F","F","F","F","F","F","F","F","F","","","","F","F","F","F","F","","","","",0,0,0,0,0,0,0,0,0,26,"BAL","BAL","KCA",1,"F","F",0,0,0,12,2,"T","F",0,1,"T","T","decid001","may-l101","T","T",0,0,0,0,0,0,0,0,0,"","","",0,0,0,0,0,0,0,0,0,0,0,0,0,"otisa001","F","F","F","F",0,0,0,0,0,0,0,0,0,0,F,F,"1978BAL.EVA.regular.event.csv",3920
"BAL197808090","KCA",4,1,2,0,0,"",0,0,"decid001","?","decid001","?","gural001","?","gural001","?","wathj001","lacop101","washu001","terrj101","patef101","zdebj101","otisa001","cowea001","murre001","","","64(1)/FO","F","F",5,5,2,"T","T",0,"F","F",1,"F","F",0,"F","F",6,"G","F","F","",0,0,"N",0,"N",0,"N",1,0,0,0,"","64","","","F","F","F","F","F","F","F","F","F","gural001","","","F","F","F","F","F","","","","",0,4,0,0,6,0,0,0,0,27,"BAL","BAL","KCA",1,"F","T",0,0,0,13,3,"T","F",1,1,"T","T","may-l101","moraa101","T","T",3,4,26,0,0,0,0,0,0,"wathj001","","",0,0,0,0,0,0,0,0,0,0,0,0,0,"patef101","T","F","F","F",0,0,0,0,0,0,0,0,0,0,F,F,"1978BAL.EVA.regular.event.csv",3921
"BAL197808090","KCA",5,0,0,0,0,"",0,0,"cowea001","?","cowea001","?","mcgrs001","?","mcgrs001","?","skagd101","murre001","dauer001","decid001","belam101","moraa101","lopec101","singk001","","","","4","T","F",9,4,2,"T","T",0,"F","F",1,"F","F",0,"F","F",4,"F","F","F","",0,0,"N",0,"N",0,"N",0,0,0,0,"4","","","","F","F","F","F","F","F","F","F","F","","","","F","F","F","F","F","","","","",0,4,0,0,0,0,0,0,0,28,"BAL","KCA","BAL",0,"T","F",0,0,0,12,0,"T","F",0,0,"T","T","otisa001","wathj001","T","T",0,0,0,0,0,0,0,0,0,"","","",0,0,0,0,0,0,0,0,0,0,0,0,0,"dauer001","F","F","F","F",0,0,0,0,0,0,0,0,0,0,F,F,"1978BAL.EVA.regular.event.csv",3922
"BAL197808090","KCA",5,0,1,0,0,"",0,0,"otisa001","?","otisa001","?","mcgrs001","?","mcgrs001","?","skagd101","murre001","dauer001","decid001","belam101","moraa101","lopec101","singk001","","","","9","F","F",8,5,2,"T","T",0,"F","F",1,"F","F",0,"F","F",9,"F","F","F","",0,0,"N",0,"N",0,"N",0,0,0,0,"9","","","","F","F","F","F","F","F","F","F","F","","","","F","F","F","F","F","","","","",0,9,0,0,0,0,0,0,0,29,"BAL","KCA","BAL",0,"F","F",0,0,0,13,1,"T","F",0,0,"T","T","wathj001","lacop101","T","T",0,0,0,0,0,0,0,0,0,"","","",0,0,0,0,0,0,0,0,0,0,0,0,0,"singk001","F","F","F","F",0,0,0,0,0,0,0,0,0,0,F,F,"1978BAL.EVA.regular.event.csv",3923
"BAL197808090","KCA",5,0,2,0,0,"",0,0,"wathj001","?","wathj001","?","mcgrs001","?","mcgrs001","?","skagd101","murre001","dauer001","decid001","belam101","moraa101","lopec101","singk001","","","","9","F","F",2,6,2,"T","T",0,"F","F",1,"F","F",0,"F","F",9,"F","F","F","",0,0,"N",0,"N",0,"N",0,0,0,0,"9","","","","F","F","F","F","F","F","F","F","F","","","","F","F","F","F","F","","","","",0,9,0,0,0,0,0,0,0,30,"BAL","KCA","BAL",0,"F","T",0,0,0,14,2,"T","F",0,0,"T","T","lacop101","washu001","T","T",0,0,0,0,0,0,0,0,0,"","","",0,0,0,0,0,0,0,0,0,0,0,0,0,"singk001","F","F","F","F",0,0,0,0,0,0,0,0,0,0,F,F,"1978BAL.EVA.regular.event.csv",3924
"BAL197808090","KCA",5,1,0,0,0,"",0,0,"may-l101","?","may-l101","?","gural001","?","gural001","?","wathj001","lacop101","washu001","terrj101","patef101","zdebj101","otisa001","cowea001","","","","K","T","F",10,6,3,"T","T",0,"F","F",1,"F","F",0,"F","F",0,"","F","F","",0,0,"N",0,"N",0,"N",0,0,0,0,"2","","","","F","F","F","F","F","F","F","F","F","","","","F","F","F","F","F","","","","",0,2,0,0,0,0,0,0,0,31,"BAL","BAL","KCA",1,"T","F",0,0,0,14,0,"T","F",0,0,"T","T","moraa101","lopec101","T","T",0,0,0,0,0,0,0,0,0,"","","",0,0,0,0,0,0,0,0,0,0,0,0,0,"","F","F","F","F",0,0,0,0,0,0,0,0,0,0,F,F,"1978BAL.EVA.regular.event.csv",3925
"BAL197808090","KCA",5,1,1,0,0,"",0,0,"moraa101","?","moraa101","?","gural001","?","gural001","?","wathj001","lacop101","washu001","terrj101","patef101","zdebj101","otisa001","cowea001","","","","W","F","F",7,7,14,"T","F",0,"F","F",0,"F","F",0,"F","F",0,"","F","F","",0,0,"N",0,"N",0,"N",1,0,0,0,"","","","","F","F","F","F","F","F","F","F","F","","","","F","F","F","F","F","","","","",0,0,0,0,0,0,0,0,0,32,"BAL","BAL","KCA",1,"F","F",0,0,0,15,1,"T","F",0,1,"T","T","lopec101","skagd101","T","T",0,0,0,0,0,0,0,0,0,"","","",0,0,0,0,0,0,0,0,0,0,0,0,0,"","F","F","F","F",0,0,0,0,0,0,0,0,0,0,F,F,"1978BAL.EVA.regular.event.csv",3926
"BAL197808090","KCA",5,1,1,0,0,"",0,0,"lopec101","?","lopec101","?","gural001","?","gural001","?","wathj001","lacop101","washu001","terrj101","patef101","zdebj101","otisa001","cowea001","moraa101","","","K/C","F","F",8,8,3,"T","T",0,"F","F",1,"F","F",0,"F","F",0,"","F","F","",0,0,"N",0,"N",0,"N",0,1,0,0,"2","","","","F","F","F","F","F","F","F","F","F","gural001","","","F","F","F","F","F","","","","",0,2,0,0,0,0,0,0,0,33,"BAL","BAL","KCA",1,"F","F",0,0,0,16,2,"T","F",1,1,"T","T","skagd101","belam101","T","T",7,7,32,0,0,0,0,0,0,"wathj001","","",0,0,0,0,0,0,0,0,0,0,0,0,0,"","F","F","F","F",0,0,0,0,0,0,0,0,0,0,F,F,"1978BAL.EVA.regular.event.csv",3927
"BAL197808090","KCA",5,1,2,0,0,"",0,0,"skagd101","?","skagd101","?","gural001","?","gural001","?","wathj001","lacop101","washu001","terrj101","patef101","zdebj101","otisa001","cowea001","moraa101","","","K","F","F",2,9,3,"T","T",0,"F","F",1,"F","F",0,"F","F",0,"","F","F","",0,0,"N",0,"N",0,"N",0,1,0,0,"2","","","","F","F","F","F","F","F","F","F","F","gural001","","","F","F","F","F","F","","","","",0,2,0,0,0,0,0,0,0,34,"BAL","BAL","KCA",1,"F","T",0,0,0,17,3,"T","F",1,1,"T","T","belam101","dauer001","T","T",7,7,32,0,0,0,0,0,0,"wathj001","","",0,0,0,0,0,0,0,0,0,0,0,0,0,"","F","F","F","F",0,0,0,0,0,0,0,0,0,0,F,F,"1978BAL.EVA.regular.event.csv",3928
"BAL197808090","KCA",6,0,0,0,0,"",0,0,"lacop101","?","lacop101","?","mcgrs001","?","mcgrs001","?","skagd101","murre001","dauer001","decid001","belam101","moraa101","lopec101","singk001","","","","K","T","F",3,7,3,"T","T",0,"F","F",1,"F","F",0,"F","F",0,"","F","F","",0,0,"N",0,"N",0,"N",0,0,0,0,"2","","","","F","F","F","F","F","F","F","F","F","","","","F","F","F","F","F","","","","",0,2,0,0,0,0,0,0,0,35,"BAL","KCA","BAL",0,"T","F",0,0,0,15,0,"T","F",0,0,"T","T","washu001","terrj101","T","T",0,0,0,0,0,0,0,0,0,"","","",0,0,0,0,0,0,0,0,0,0,0,0,0,"","F","F","F","F",0,0,0,0,0,0,0,0,0,0,F,F,"1978BAL.EVA.regular.event.csv",3929
"BAL197808090","KCA",6,0,1,0,0,"",0,0,"washu001","?","washu001","?","mcgrs001","?","mcgrs001","?","skagd101","murre001","dauer001","decid001","belam101","moraa101","lopec101","singk001","","","","31","F","F",4,8,2,"T","T",0,"F","F",1,"F","F",0,"F","F",3,"G","F","F","",0,0,"N",0,"N",0,"N",0,0,0,0,"31","","","","F","F","F","F","F","F","F","F","F","","","","F","F","F","F","F","","","","",0,1,0,0,3,0,0,0,0,36,"BAL","KCA","BAL",0,"F","F",0,0,0,16,1,"T","F",0,0,"T","T","terrj101","patef101","T","T",0,0,0,0,0,0,0,0,0,"","","",0,0,0,0,0,0,0,0,0,0,0,0,0,"murre001","F","F","F","F",0,0,0,0,0,0,0,0,0,0,F,F,"1978BAL.EVA.regular.event.csv",3930
"BAL197808090","KCA",6,0,2,0,0,"",0,0,"terrj101","?","terrj101","?","mcgrs001","?","mcgrs001","?","skagd101","murre001","dauer001","decid001","belam101","moraa101","lopec101","singk001","","","","3/FL","F","F",5,9,2,"T","T",0,"F","F",1,"F","F",0,"F","F",3,"F","F","T","",0,0,"N",0,"N",0,"N",0,0,0,0,"3","","","","F","F","F","F","F","F","F","F","F","","","","F","F","F","F","F","","","","",0,3,0,0,0,0,0,0,0,37,"BAL","KCA","BAL",0,"F","T",0,0,0,17,2,"T","F",0,0,"T","T","patef101","zdebj101","T","T",0,0,0,0,0,0,0,0,0,"","","",0,0,0,0,0,0,0,0,0,0,0,0,0,"murre001","F","F","F","F",0,0,0,0,0,0,0,0,0,0,F,F,"1978BAL.EVA.regular.event.csv",3931
"BAL197808090","KCA",6,1,0,0,0,"",0,0,"belam101","?","belam101","?","gural001","?","gural001","?","wathj001","lacop101","washu001","terrj101","patef101","zdebj101","otisa001","cowea001","","","","W","T","F",6,1,14,"T","F",0,"F","F",0,"F","F",0,"F","F",0,"","F","F","",0,0,"N",0,"N",0,"N",1,0,0,0,"","","","","F","F","F","F","F","F","F","F","F","","","","F","F","F","F","F","","","","",0,0,0,0,0,0,0,0,0,38,"BAL","BAL","KCA",1,"T","F",0,0,0,18,0,"T","F",0,1,"T","T","dauer001","singk001","T","T",0,0,0,0,0,0,0,0,0,"","","",0,0,0,0,0,0,0,0,0,0,0,0,0,"","F","F","F","F",0,0,0,0,0,0,0,0,0,0,F,F,"1978BAL.EVA.regular.event.csv",3932
"BAL197808090","KCA",6,1,0,0,0,"",0,0,"dauer001","?","dauer001","?","gural001","?","gural001","?","wathj001","lacop101","washu001","terrj101","patef101","zdebj101","otisa001","cowea001","belam101","","","14/SH.1-2","F","F",4,2,2,"T","F",0,"T","F",1,"F","F",0,"F","F",1,"G","T","F","",0,0,"N",0,"N",0,"N",0,2,0,0,"14","","","","F","F","F","F","F","F","F","F","F","gural001","","","F","F","F","F","F","","","","",0,4,0,0,1,0,0,0,0,39,"BAL","BAL","KCA",1,"F","F",0,0,0,19,1,"T","F",1,2,"T","T","singk001","murre001","T","T",6,1,38,0,0,0,0,0,0,"wathj001","","",0,0,0,0,0,0,0,0,0,0,0,0,0,"gural001","F","F","F","F",0,0,0,0,0,0,0,0,0,0,F,F,"1978BAL.EVA.regular.event.csv",3933
"BAL197808090","KCA",6,1,1,0,0,"",0,0,"singk001","?","singk001","?","gural001","?","gural001","?","wathj001","lacop101","washu001","terrj101","patef101","zdebj101","otisa001","cowea001","","belam101","","9","F","F",9,3,2,"T","T",0,"F","F",1,"F","F",0,"F","F",9,"F","F","F","",0,0,"N",0,"N",0,"N",0,0,2,0,"9","","","","F","F","F","F","F","F","F","F","F","","gural001","","F","F","F","F","F","","","","",0,9,0,0,0,0,0,0,0,40,"BAL","BAL","KCA",1,"F","F",0,0,0,20,2,"T","F",2,2,"T","T","murre001","decid001","T","T",0,0,0,6,1,38,0,0,0,"","wathj001","",0,0,0,0,0,0,0,0,0,0,0,0,0,"cowea001","F","F","F","F",0,0,0,0,0,0,0,0,0,0,F,F,"1978BAL.EVA.regular.event.csv",3934
"BAL197808090","KCA",6,1,2,0,0,"",0,0,"murre001","?","murre001","?","gural001","?","gural001","?","wathj001","lacop101","washu001","terrj101","patef101","zdebj101","otisa001","cowea001","","belam101","","63","F","F",3,4,2,"T","T",0,"F","F",1,"F","F",0,"F","F",6,"G","F","F","",0,0,"N",0,"N",0,"N",0,0,2,0,"63","","","","F","F","F","F","F","F","F","F","F","","gural001","","F","F","F","F","F","","","","",0,3,0,0,6,0,0,0,0,41,"BAL","BAL","KCA",1,"F","T",0,0,0,21,3,"T","F",2,2,"T","T","decid001","may-l101","T","T",0,0,0,6,1,38,0,0,0,"","wathj001","",0,0,0,0,0,0,0,0,0,0,0,0,0,"patef101","F","F","F","F",0,0,0,0,0,0,0,0,0,0,F,F,"1978BAL.EVA.regular.event.csv",3935
"BAL197808090","KCA",7,0,0,0,0,"",0,0,"patef101","?","patef101","?","mcgrs001","?","mcgrs001","?","skagd101","murre001","dauer001","decid001","belam101","moraa101","lopec101","singk001","","","","63","T","F",6,1,2,"T","T",0,"F","F",1,"F","F",0,"F","F",6,"G","F","F","",0,0,"N",0,"N",0,"N",0,0,0,0,"63","","","","F","F","F","F","F","F","F","F","F","","","","F","F","F","F","F","","","","",0,3,0,0,6,0,0,0,0,42,"BAL","KCA","BAL",0,"T","F",0,0,0,18,0,"T","F",0,0,"T","T","zdebj101","mcrah001","T","T",0,0,0,0,0,0,0,0,0,"","","",0,0,0,0,0,0,0,0,0,0,0,0,0,"belam101","F","F","F","F",0,0,0,0,2,0,0,0,0,0,F,F,"1978BAL.EVA.regular.event.csv",3936
"BAL197808090","KCA",7,0,1,0,0,"",0,0,"zdebj101","?","zdebj101","?","mcgrs001","?","mcgrs001","?","skagd101","murre001","dauer001","decid001","belam101","moraa101","lopec101","singk001","","","","53","F","F",7,2,2,"T","T",0,"F","F",1,"F","F",0,"F","F",5,"G","F","F","",0,0,"N",0,"N",0,"N",0,0,0,0,"53","","","","F","F","F","F","F","F","F","F","F","","","","F","F","F","F","F","","","","",0,3,0,0,5,0,0,0,0,43,"BAL","KCA","BAL",0,"F","F",0,0,0,19,1,"T","F",0,0,"T","T","mcrah001","cowea001","T","T",0,0,0,0,0,0,0,0,0,"","","",0,0,0,0,0,0,0,0,0,0,0,0,0,"decid001","F","F","F","F",0,0,0,0,2,0,0,0,0,0,F,F,"1978BAL.EVA.regular.event.csv",3937
"BAL197808090","KCA",7,0,2,0,0,"",0,0,"mcrah001","?","mcrah001","?","mcgrs001","?","mcgrs001","?","skagd101","murre001","dauer001","decid001","belam101","moraa101","lopec101","singk001","","","","D9","F","F",10,3,21,"T","T",2,"F","F",0,"F","F",0,"F","F",9,"","F","F","",0,0,"N",0,"N",0,"N",2,0,0,0,"","","","","F","F","F","F","F","F","F","F","F","","","","F","F","F","F","F","","","","",0,0,0,0,0,0,0,0,0,44,"BAL","KCA","BAL",0,"F","F",0,0,0,20,2,"T","F",0,2,"T","T","cowea001","otisa001","T","T",0,0,0,0,0,0,0,0,0,"","","",0,0,0,0,0,0,0,0,0,0,0,0,0,"singk001","F","F","F","F",4,0,0,0,2,0,0,0,0,0,F,F,"1978BAL.EVA.regular.event.csv",3938
"BAL197808090","KCA",7,0,2,0,0,"",0,0,"cowea001","?","cowea001","?","mcgrs001","?","mcgrs001","?","skagd101","murre001","dauer001","decid001","belam101","moraa101","lopec101","singk001","","mcrah001","","S/89.2-H","F","F",9,4,20,"T","T",1,"F","F",0,"F","F",1,"F","F",0,"","F","F","89",0,0,"N",0,"N",0,"N",1,0,4,0,"","","","","F","F","F","F","F","F","F","F","F","","mcgrs001","","F","F","F","F","F","","","","",0,0,0,0,0,0,0,0,0,45,"BAL","KCA","BAL",0,"F","F",0,0,0,21,3,"T","F",2,1,"T","T","otisa001","wathj001","T","T",0,0,0,10,3,44,0,0,0,"","skagd101","",0,0,0,0,0,0,0,0,0,0,0,0,1,"","F","F","F","F",4,0,4,0,1,0,0,0,0,0,F,F,"1978BAL.EVA.regular.event.csv",3939
"BAL197808090","KCA",7,0,2,0,0,"",1,0,"otisa001","?","otisa001","?","mcgrs001","?","mcgrs001","?","skagd101","murre001","dauer001","decid001","belam101","moraa101","lopec101","singk001","cowea001","","","S8.1-3","F","F",8,5,20,"T","T",1,"F","F",0,"F","F",0,"F","F",8,"","F","F","",0,0,"N",0,"N",0,"N",1,3,0,0,"","","","","F","F","F","F","F","F","F","F","F","mcgrs001","","","F","F","F","F","F","","","","",0,0,0,0,0,0,0,0,0,46,"BAL","KCA","BAL",0,"F","F",1,0,1,22,4,"T","F",1,5,"T","T","wathj001","lacop101","T","T",9,4,45,0,0,0,0,0,0,"skagd101","","",0,0,0,0,0,0,0,0,0,0,0,0,0,"lopec101","F","F","F","F",0,4,0,0,1,0,0,0,0,0,F,F,"1978BAL.EVA.regular.event.csv",3940
"BAL197808090","KCA",7,0,2,0,0,"",1,0,"wathj001","?","wathj001","?","mcgrs001","?","mcgrs001","?","skagd101","murre001","dauer001","decid001","belam101","moraa101","lopec101","singk001","otisa001","","cowea001","S7.3-H;1-2","F","F",2,6,20,"T","T",1,"F","F",0,"F","F",1,"F","F",7,"","F","F","",0,0,"N",0,"N",0,"N",1,2,0,4,"","","","","F","F","F","F","F","F","F","F","F","mcgrs001","","mcgrs001","F","F","F","F","F","","","","",0,0,0,0,0,0,0,0,0,47,"BAL","KCA","BAL",0,"F","F",1,0,1,23,5,"T","F",5,3,"T","T","lacop101","washu001","T","T",8,5,46,0,0,0,9,4,45,"skagd101","","skagd101",0,0,0,0,0,0,0,0,0,0,0,0,1,"moraa101","F","F","F","F",0,0,0,4,0,0,0,0,0,0,F,F,"1978BAL.EVA.regular.event.csv",3941
"BAL197808090","KCA",7,0,2,0,0,"",2,0,"lacop101","?","lacop101","?","mcgrs001","?","mcgrs001","?","skagd101","murre001","dauer001","decid001","belam101","moraa101","lopec101","singk001","wathj001","otisa001","","K","F","F",3,7,3,"T","T",0,"F","F",1,"F","F",0,"F","F",0,"","F","F","",0,0,"N",0,"N",0,"N",0,1,2,0,"2","","","","F","F","F","F","F","F","F","F","F","mcgrs001","mcgrs001","","F","F","F","F","F","","","","",0,2,0,0,0,0,0,0,0,48,"BAL","KCA","BAL",0,"F","T",2,0,2,24,6,"T","F",3,3,"T","T","washu001","terrj101","T","T",2,6,47,8,5,46,0,0,0,"skagd101","skagd101","",0,0,0,0,0,0,0,0,0,0,0,0,0,"","F","F","F","F",0,0,0,0,0,0,0,0,0,0,F,F,"1978BAL.EVA.regular.event.csv",3942
"BAL197808090","KCA",7,1,0,0,0,"",2,0,"decid001","?","decid001","?","gural001","?","gural001","?","wathj001","lacop101","washu001","terrj101","patef101","zdebj101","otisa001","cowea001","","","","7","T","F",5,5,2,"T","T",0,"F","F",1,"F","F",0,"F","F",7,"F","F","F","",0,0,"N",0,"N",0,"N",0,0,0,0,"7","","","","F","F","F","F","F","F","F","F","F","","","","F","F","F","F","F","","","","",0,7,0,0,0,0,0,0,0,49,"BAL","BAL","KCA",1,"T","F",0,2,0,22,0,"T","F",0,0,"T","T","may-l101","moraa101","T","T",0,0,0,0,0,0,0,0,0,"","","",0,0,0,0,0,0,0,0,0,0,0,0,0,"zdebj101","F","F","F","F",0,0,0,0,0,0,0,0,0,0,F,F,"1978BAL.EVA.regular.event.csv",3943
"BAL197808090","KCA",7,1,1,0,0,"",2,0,"may-l101","?","may-l101","?","gural001","?","gural001","?","wathj001","lacop101","washu001","terrj101","patef101","zdebj101","otisa001","cowea001","","","","K","F","F",10,6,3,"T","T",0,"F","F",1,"F","F",0,"F","F",0,"","F","F","",0,0,"N",0,"N",0,"N",0,0,0,0,"2","","","","F","F","F","F","F","F","F","F","F","","","","F","F","F","F","F","","","","",0,2,0,0,0,0,0,0,0,50,"BAL","BAL","KCA",1,"F","F",0,2,0,23,1,"T","F",0,0,"T","T","moraa101","lopec101","T","T",0,0,0,0,0,0,0,0,0,"","","",0,0,0,0,0,0,0,0,0,0,0,0,0,"","F","F","F","F",0,0,0,0,0,0,0,0,0,0,F,F,"1978BAL.EVA.regular.event.csv",3944
"BAL197808090","KCA",7,1,2,0,0,"",2,0,"moraa101","?","moraa101","?","gural001","?","gural001","?","wathj001","lacop101","washu001","terrj101","patef101","zdebj101","otisa001","cowea001","","","","13","F","F",7,7,2,"T","T",0,"F","F",1,"F","F",0,"F","F",1,"G","F","F","",0,0,"N",0,"N",0,"N",0,0,0,0,"13","","","","F","F","F","F","F","F","F","F","F","","","","F","F","F","F","F","","","","",0,3,0,0,1,0,0,0,0,51,"BAL","BAL","KCA",1,"F","T",0,2,0,24,2,"T","F",0,0,"T","T","lopec101","skagd101","T","T",0,0,0,0,0,0,0,0,0,"","","",0,0,0,0,0,0,0,0,0,0,0,0,0,"gural001","F","F","F","F",0,0,0,0,0,0,0,0,0,0,F,F,"1978BAL.EVA.regular.event.csv",3945
"BAL197808090","KCA",8,0,0,0,0,"",2,0,"washu001","?","washu001","?","mcgrs001","?","mcgrs001","?","skagd101","murre001","dauer001","decid001","belam101","moraa101","lopec101","singk001","","","","1/L","T","F",4,8,2,"T","T",0,"F","F",1,"F","F",0,"F","F",1,"L","F","F","",0,0,"N",0,"N",0,"N",0,0,0,0,"1","","","","F","F","F","F","F","F","F","F","F","","","","F","F","F","F","F","","","","",0,1,0,0,0,0,0,0,0,52,"BAL","KCA","BAL",0,"T","F",2,0,0,25,0,"T","F",0,0,"T","T","terrj101","patef101","T","T",0,0,0,0,0,0,0,0,0,"","","",0,0,0,0,0,0,0,0,0,0,0,0,0,"mcgrs001","F","F","F","F",0,0,0,0,0,0,0,0,0,0,F,F,"1978BAL.EVA.regular.event.csv",3946
"BAL197808090","KCA",8,0,1,0,0,"",2,0,"terrj101","?","terrj101","?","mcgrs001","?","mcgrs001","?","skagd101","murre001","dauer001","decid001","belam101","moraa101","lopec101","singk001","","","","8","F","F",5,9,2,"T","T",0,"F","F",1,"F","F",0,"F","F",8,"F","F","F","",0,0,"N",0,"N",0,"N",0,0,0,0,"8","","","","F","F","F","F","F","F","F","F","F","","","","F","F","F","F","F","","","","",0,8,0,0,0,0,0,0,0,53,"BAL","KCA","BAL",0,"F","F",2,0,0,26,1,"T","F",0,0,"T","T","patef101","zdebj101","T","T",0,0,0,0,0,0,0,0,0,"","","",0,0,0,0,0,0,0,0,0,0,0,0,0,"lopec101","F","F","F","F",0,0,0,0,0,0,0,0,0,0,F,F,"1978BAL.EVA.regular.event.csv",3947
"BAL197808090","KCA",8,0,2,0,0,"",2,0,"patef101","?","patef101","?","mcgrs001","?","mcgrs001","?","skagd101","murre001","dauer001","decid001","belam101","moraa101","lopec101","singk001","","","","7","F","F",6,1,2,"T","T",0,"F","F",1,"F","F",0,"F","F",7,"F","F","F","",0,0,"N",0,"N",0,"N",0,0,0,0,"7","","","","F","F","F","F","F","F","F","F","F","","","","F","F","F","F","F","","","","",0,7,0,0,0,0,0,0,0,54,"BAL","KCA","BAL",0,"F","T",2,0,0,27,2,"T","F",0,0,"T","T","zdebj101","mcrah001","T","T",0,0,0,0,0,0,0,0,0,"","","",0,0,0,0,0,0,0,0,0,0,0,0,0,"moraa101","F","F","F","F",0,0,0,0,0,0,0,0,0,0,F,F,"1978BAL.EVA.regular.event.csv",3948
"BAL197808090","KCA",8,1,0,0,0,"",2,0,"lopec101","?","lopec101","?","gural001","?","gural001","?","wathj001","lacop101","washu001","terrj101","patef101","zdebj101","otisa001","cowea001","","","","S","T","F",8,8,20,"T","T",1,"F","F",0,"F","F",0,"F","F",0,"","F","F","",0,0,"N",0,"N",0,"N",1,0,0,0,"","","","","F","F","F","F","F","F","F","F","F","","","","F","F","F","F","F","","","","",0,0,0,0,0,0,0,0,0,55,"BAL","BAL","KCA",1,"T","F",0,2,0,25,0,"T","F",0,1,"T","T","skagd101","belam101","T","T",0,0,0,0,0,0,0,0,0,"","","",0,0,0,0,0,0,0,0,0,0,0,0,0,"","F","F","F","F",1,0,0,0,0,0,0,0,0,0,F,F,"1978BAL.EVA.regular.event.csv",3949
"BAL197808090","KCA",8,1,0,0,0,"",2,0,"dempr001","?","dempr001","?","gural001","?","gural001","?","wathj001","lacop101","washu001","terrj101","patef101","zdebj101","otisa001","cowea001","lopec101","","","8","F","T",11,9,2,"T","T",0,"F","F",1,"F","F",0,"F","F",8,"F","F","F","",0,0,"N",0,"N",0,"N",0,1,0,0,"8","","","","F","F","F","F","F","F","F","F","F","gural001","","","F","F","F","F","F","","","","skagd101",2,8,0,0,0,0,0,0,0,56,"BAL","BAL","KCA",1,"F","F",0,2,0,26,1,"T","F",1,1,"F","F","belam101","dauer001","T","T",8,8,55,0,0,0,0,0,0,"wathj001","","",0,0,0,0,0,0,0,0,0,0,0,0,0,"otisa001","F","F","F","F",0,1,0,0,0,0,0,0,0,0,F,F,"1978BAL.EVA.regular.event.csv",3950
"BAL197808090","KCA",8,1,1,0,0,"",2,0,"garck001","?","garck001","?","gural001","?","gural001","?","wathj001","lacop101","washu001","terrj101","patef101","zdebj101","otisa001","cowea001","lopec101","","","K","F","T",11,1,3,"T","T",0,"F","F",1,"F","F",0,"F","F",0,"","F","F","",0,0,"N",0,"N",0,"N",0,1,0,0,"2","","","","F","F","F","F","F","F","F","F","F","gural001","","","F","F","F","F","F","","","","belam101",6,2,0,0,0,0,0,0,0,57,"BAL","BAL","KCA",1,"F","F",0,2,0,27,2,"T","F",1,1,"F","F","dauer001","singk001","T","T",8,8,55,0,0,0,0,0,0,"wathj001","","",0,0,0,0,0,0,0,0,0,0,0,0,0,"","F","F","F","F",0,1,0,0,0,0,0,0,0,0,F,F,"1978BAL.EVA.regular.event.csv",3951
"BAL197808090","KCA",8,1,2,0,0,"",2,0,"dauer001","?","dauer001","?","gural001","?","gural001","?","wathj001","lacop101","washu001","terrj101","patef101","zdebj101","otisa001","cowea001","lopec101","","","8","F","F",4,2,2,"T","T",0,"F","F",1,"F","F",0,"F","F",8,"F","F","F","",0,0,"N",0,"N",0,"N",0,1,0,0,"8","","","","F","F","F","F","F","F","F","F","F","gural001","","","F","F","F","F","F","","","","",0,8,0,0,0,0,0,0,0,58,"BAL","BAL","KCA",1,"F","T",0,2,0,28,3,"T","F",1,1,"T","T","singk001","murre001","T","T",8,8,55,0,0,0,0,0,0,"wathj001","","",0,0,0,0,0,0,0,0,0,0,0,0,0,"otisa001","F","F","F","F",0,1,0,0,0,0,0,0,0,0,F,F,"1978BAL.EVA.regular.event.csv",3952
"BAL197808090","KCA",9,0,0,0,0,"",2,0,"zdebj101","?","zdebj101","?","mcgrs001","?","mcgrs001","?","dempr001","murre001","dauer001","decid001","garck001","moraa101","lopec101","singk001","","","","7","T","F",7,2,2,"T","T",0,"F","F",1,"F","F",0,"F","F",7,"F","F","F","",0,0,"N",0,"N",0,"N",0,0,0,0,"7","","","","F","F","F","F","F","F","F","F","F","","","","F","F","F","F","F","","","","",0,7,0,0,0,0,0,0,0,59,"BAL","KCA","BAL",0,"T","F",2,0,0,28,0,"T","F",0,0,"T","T","mcrah001","cowea001","T","T",0,0,0,0,0,0,0,0,0,"","","",0,0,0,0,0,0,0,0,0,0,0,0,0,"moraa101","F","F","F","F",0,0,0,0,0,0,0,0,0,0,F,F,"1978BAL.EVA.regular.event.csv",3953
"BAL197808090","KCA",9,0,1,0,0,"",2,0,"mcrah001","?","mcrah001","?","mcgrs001","?","mcgrs001","?","dempr001","murre001","dauer001","decid001","garck001","moraa101","lopec101","singk001","","","","S7","F","F",10,3,20,"T","T",1,"F","F",0,"F","F",0,"F","F",7,"","F","F","",0,0,"N",0,"N",0,"N",1,0,0,0,"","","","","F","F","F","F","F","F","F","F","F","","","","F","F","F","F","F","","","","",0,0,0,0,0,0,0,0,0,60,"BAL","KCA","BAL",0,"F","F",2,0,0,29,1,"T","F",0,1,"T","T","cowea001","otisa001","T","T",0,0,0,0,0,0,0,0,0,"","","",0,0,0,0,0,0,0,0,0,0,0,0,0,"moraa101","F","F","F","F",0,0,0,0,0,0,0,0,0,0,F,F,"1978BAL.EVA.regular.event.csv",3954
"BAL197808090","KCA",9,0,1,0,0,"",2,0,"cowea001","?","cowea001","?","mcgrs001","?","mcgrs001","?","dempr001","murre001","dauer001","decid001","garck001","moraa101","lopec101","singk001","wilsw001","","","43.1-2","F","F",9,4,2,"T","T",0,"F","F",1,"F","F",0,"F","F",4,"G","F","F","",0,0,"N",0,"N",0,"N",0,2,0,0,"43","","","","F","F","F","F","F","F","F","F","F","mcgrs001","","","F","F","T","F","F","mcrah001","","","",0,3,0,0,4,0,0,0,0,61,"BAL","KCA","BAL",0,"F","F",2,0,0,30,2,"T","F",1,2,"T","T","otisa001","wathj001","T","T",10,3,60,0,0,0,0,0,0,"dempr001","","",0,0,0,0,0,0,0,0,0,0,0,0,0,"dauer001","F","F","F","F",0,0,0,0,0,0,0,0,0,0,F,F,"1978BAL.EVA.regular.event.csv",3955
"BAL197808090","KCA",9,0,2,0,0,"",2,0,"otisa001","?","otisa001","?","mcgrs001","?","mcgrs001","?","dempr001","murre001","dauer001","decid001","garck001","moraa101","lopec101","singk001","","wilsw001","","IW","F","F",8,5,15,"T","F",0,"F","F",0,"F","F",0,"F","F",0,"","F","F","",0,0,"N",0,"N",0,"N",1,0,2,0,"","","","","F","F","F","F","F","F","F","F","F","","mcgrs001","","F","F","F","F","F","","","","",0,0,0,0,0,0,0,0,0,62,"BAL","KCA","BAL",0,"F","F",2,0,0,31,3,"T","F",2,3,"T","T","wathj001","lacop101","T","T",0,0,0,10,3,60,0,0,0,"","dempr001","",0,0,0,0,0,0,0,0,0,0,0,0,0,"","F","F","F","F",0,0,0,0,0,0,0,0,0,0,F,F,"1978BAL.EVA.regular.event.csv",3956
"BAL197808090","KCA",9,0,2,0,0,"",2,0,"wathj001","?","wathj001","?","mcgrs001","?","mcgrs001","?","dempr001","murre001","dauer001","decid001","garck001","moraa101","lopec101","singk001","otisa001","wilsw001","","64(1)/FO","F","F",2,6,2,"T","T",0,"F","F",1,"F","F",0,"F","F",6,"G","F","F","",0,0,"N",0,"N",0,"N",1,0,2,0,"","64","","","F","F","F","F","F","F","F","F","F","mcgrs001","mcgrs001","","F","F","F","F","F","","","","",0,4,0,0,6,0,0,0,0,63,"BAL","KCA","BAL",0,"F","T",2,0,0,32,4,"T","F",3,3,"T","T","lacop101","washu001","T","T",8,5,62,10,3,60,0,0,0,"dempr001","dempr001","",0,0,0,0,0,0,0,0,0,0,0,0,0,"garck001","T","F","F","F",0,0,0,0,0,0,0,0,0,0,F,F,"1978BAL.EVA.regular.event.csv",3957
"BAL197808090","KCA",9,1,0,0,0,"",2,0,"singk001","?","singk001","?","gural001","?","gural001","?","wathj001","lacop101","washu001","terrj101","patef101","zdebj101","otisa001","cowea001","","","","43","T","F",9,3,2,"T","T",0,"F","F",1,"F","F",0,"F","F",4,"G","F","F","",0,0,"N",0,"N",0,"N",0,0,0,0,"43","","","","F","F","F","F","F","F","F","F","F","","","","F","F","F","F","F","","","","",0,3,0,0,4,0,0,0,0,64,"BAL","BAL","KCA",1,"T","F",0,2,0,29,0,"T","F",0,0,"T","T","murre001","decid001","T","T",0,0,0,0,0,0,0,0,0,"","","",0,0,0,0,0,0,0,0,0,0,0,0,0,"washu001","F","F","F","F",0,0,0,0,0,0,0,0,0,0,F,F,"1978BAL.EVA.regular.event.csv",3958
"BAL197808090","KCA",9,1,1,0,0,"",2,0,"murre001","?","murre001","?","gural001","?","gural001","?","wathj001","lacop101","washu001","terrj101","patef101","zdebj101","otisa001","cowea001","","","","W","F","F",3,4,14,"T","F",0,"F","F",0,"F","F",0,"F","F",0,"","F","F","",0,0,"N",0,"N",0,"N",1,0,0,0,"","","","","F","F","F","F","F","F","F","F","F","","","","F","F","F","F","F","","","","",0,0,0,0,0,0,0,0,0,65,"BAL","BAL","KCA",1,"F","F",0,2,0,30,1,"T","F",0,1,"T","T","decid001","may-l101","T","T",0,0,0,0,0,0,0,0,0,"","","",0,0,0,0,0,0,0,0,0,0,0,0,0,"","F","F","F","F",0,0,0,0,0,0,0,0,0,0,F,F,"1978BAL.EVA.regular.event.csv",3959
"BAL197808090","KCA",9,1,1,0,0,"",2,0,"decid001","?","decid001","?","gural001","?","gural001","?","wathj001","lacop101","washu001","terrj101","patef101","zdebj101","otisa001","cowea001","murre001","","","S.1-2","F","F",5,5,20,"T","T",1,"F","F",0,"F","F",0,"F","F",0,"","F","F","",0,0,"N",0,"N",0,"N",1,2,0,0,"","","","","F","F","F","F","F","F","F","F","F","gural001","","","F","F","F","F","F","","","","",0,0,0,0,0,0,0,0,0,66,"BAL","BAL","KCA",1,"F","F",0,2,0,31,2,"T","F",1,3,"T","T","may-l101","moraa101","T","T",3,4,65,0,0,0,0,0,0,"wathj001","","",0,0,0,0,0,0,0,0,0,0,0,0,0,"","F","F","F","F",1,0,0,0,0,0,0,0,0,0,F,F,"1978BAL.EVA.regular.event.csv",3960
"BAL197808090","KCA",9,1,1,0,0,"",2,0,"may-l101","?","may-l101","?","gural001","?","gural001","?","wathj001","lacop101","washu001","terrj101","patef101","zdebj101","otisa001","cowea001","decid001","murre001","","CS3(25)","F","F",10,6,6,"F","F",0,"F","F",1,"F","F",0,"F","F",0,"","F","F","",0,0,"N",0,"N",0,"N",0,1,0,0,"","","25","","F","F","F","F","T","F","F","F","F","gural001","gural001","","F","F","F","F","F","","","","",0,5,0,0,2,0,0,0,0,67,"BAL","BAL","KCA",1,"F","F",0,2,0,32,3,"T","F",3,1,"T","T","moraa101","lopec101","T","T",5,5,66,3,4,65,0,0,0,"wathj001","wathj001","",0,0,0,0,0,0,0,0,0,0,0,0,0,"","F","F","F","F",0,1,0,0,0,0,0,0,0,0,F,F,"1978BAL.EVA.regular.event.csv",3961
"BAL197808090","KCA",9,1,2,0,0,"",2,0,"may-l101","?","may-l101","?","gural001","?","gural001","?","wathj001","lacop101","washu001","terrj101","patef101","zdebj101","otisa001","cowea001","decid001","","","K","F","F",10,6,3,"T","T",0,"F","F",1,"F","F",0,"F","F",0,"","F","F","",0,0,"N",0,"N",0,"N",0,1,0,0,"2","","","","F","F","F","F","F","F","F","F","F","gural001","","","F","T","F","F","F","","","","",0,2,0,0,0,0,0,0,0,68,"BAL","BAL","KCA",1,"F","T",0,2,0,32,3,"F","F",1,1,"T","T","moraa101","lopec101","T","T",5,5,66,0,0,0,0,0,0,"wathj001","","",0,0,0,0,0,0,0,0,0,0,0,0,0,"","F","F","F","F",0,1,0,0,0,0,0,0,0,0,F,F,"1978BAL.EVA.regular.event.csv",3962
"BAL197808100","KCA",1,0,0,0,0,"",0,0,"poqut101","?","poqut101","?","palmj001","?","palmj001","?","dempr001","murre001","dauer001","decid001","garck001","kellp101","harll101","singk001","","","","63","T","F",9,1,2,"T","T",0,"F","F",1,"F","F",0,"F","F",6,"G","F","F","",0,0,"N",0,"N",0,"N",0,0,0,0,"63","","","","F","F","F","F","F","F","F","F","F","","","","T","F","F","F","F","","","","",0,3,0,0,6,0,0,0,0,1,"BAL","KCA","BAL",0,"T","F",0,0,0,0,0,"T","F",0,0,"T","T","mcrah001","lacop101","T","T",0,0,0,0,0,0,0,0,0,"","","",0,0,0,0,0,0,0,0,0,0,0,0,0,"garck001","F","F","F","F",0,0,0,0,0,0,0,0,0,0,F,F,"1978BAL.EVA.regular.event.csv",3963
"BAL197808100","KCA",1,0,1,0,0,"",0,0,"mcrah001","?","mcrah001","?","palmj001","?","palmj001","?","dempr001","murre001","dauer001","decid001","garck001","kellp101","harll101","singk001","","","","43","F","F",10,2,2,"T","T",0,"F","F",1,"F","F",0,"F","F",4,"G","F","F","",0,0,"N",0,"N",0,"N",0,0,0,0,"43","","","","F","F","F","F","F","F","F","F","F","","","","F","F","F","F","F","","","","",0,3,0,0,4,0,0,0,0,2,"BAL","KCA","BAL",0,"F","F",0,0,0,1,1,"T","F",0,0,"T","T","lacop101","cowea001","T","T",0,0,0,0,0,0,0,0,0,"","","",0,0,0,0,0,0,0,0,0,0,0,0,0,"dauer001","F","F","F","F",0,0,0,0,0,0,0,0,0,0,F,F,"1978BAL.EVA.regular.event.csv",3964
"BAL197808100","KCA",1,0,2,0,0,"",0,0,"lacop101","?","lacop101","?","palmj001","?","palmj001","?","dempr001","murre001","dauer001","decid001","garck001","kellp101","harll101","singk001","","","","7","F","F",3,3,2,"T","T",0,"F","F",1,"F","F",0,"F","F",7,"F","F","F","",0,0,"N",0,"N",0,"N",0,0,0,0,"7","","","","F","F","F","F","F","F","F","F","F","","","","F","F","F","F","F","","","","",0,7,0,0,0,0,0,0,0,3,"BAL","KCA","BAL",0,"F","T",0,0,0,2,2,"T","F",0,0,"T","T","cowea001","portd001","T","T",0,0,0,0,0,0,0,0,0,"","","",0,0,0,0,0,0,0,0,0,0,0,0,0,"kellp101","F","F","F","F",0,0,0,0,0,0,0,0,0,0,F,F,"1978BAL.EVA.regular.event.csv",3965
"BAL197808100","KCA",1,1,0,0,0,"",0,0,"harll101","?","harll101","?","birdd101","?","birdd101","?","portd001","lacop101","washu001","quirj001","patef101","hurdc001","cowea001","poqut101","","","","3/G","T","F",8,1,2,"T","T",0,"F","F",1,"F","F",0,"F","F",3,"G","F","F","",0,0,"N",0,"N",0,"N",0,0,0,0,"3","","","","F","F","F","F","F","F","F","F","F","","","","F","F","F","F","F","","","","",0,3,0,0,0,0,0,0,0,4,"BAL","BAL","KCA",1,"T","F",0,0,0,0,0,"T","F",0,0,"T","T","dauer001","singk001","T","T",0,0,0,0,0,0,0,0,0,"","","",0,0,0,0,0,0,0,0,0,0,0,0,0,"lacop101","F","F","F","F",0,0,0,0,0,0,0,0,0,0,F,F,"1978BAL.EVA.regular.event.csv",3966
"BAL197808100","KCA",1,1,1,0,0,"",0,0,"dauer001","?","dauer001","?","birdd101","?","birdd101","?","portd001","lacop101","washu001","quirj001","patef101","hurdc001","cowea001","poqut101","","","","13","F","F",4,2,2,"T","T",0,"F","F",1,"F","F",0,"F","F",1,"G","F","F","",0,0,"N",0,"N",0,"N",0,0,0,0,"13","","","","F","F","F","F","F","F","F","F","F","","","","F","F","F","F","F","","","","",0,3,0,0,1,0,0,0,0,5,"BAL","BAL","KCA",1,"F","F",0,0,0,1,1,"T","F",0,0,"T","T","singk001","murre001","T","T",0,0,0,0,0,0,0,0,0,"","","",0,0,0,0,0,0,0,0,0,0,0,0,0,"birdd101","F","F","F","F",0,0,0,0,0,0,0,0,0,0,F,F,"1978BAL.EVA.regular.event.csv",3967
"BAL197808100","KCA",1,1,2,0,0,"",0,0,"singk001","?","singk001","?","birdd101","?","birdd101","?","portd001","lacop101","washu001","quirj001","patef101","hurdc001","cowea001","poqut101","","","","D7","F","F",9,3,21,"T","T",2,"F","F",0,"F","F",0,"F","F",7,"","F","F","",0,0,"N",0,"N",0,"N",2,0,0,0,"","","","","F","F","F","F","F","F","F","F","F","","","","F","F","F","F","F","","","","",0,0,0,0,0,0,0,0,0,6,"BAL","BAL","KCA",1,"F","F",0,0,0,2,2,"T","F",0,2,"T","T","murre001","may-l101","T","T",0,0,0,0,0,0,0,0,0,"","","",0,0,0,0,0,0,0,0,0,0,0,0,0,"hurdc001","F","F","F","F",0,0,0,0,0,0,0,0,0,0,F,F,"1978BAL.EVA.regular.event.csv",3968
"BAL197808100","KCA",1,1,2,0,0,"",0,0,"murre001","?","murre001","?","birdd101","?","birdd101","?","portd001","lacop101","washu001","quirj001","patef101","hurdc001","cowea001","poqut101","","singk001","","7","F","F",3,4,2,"T","T",0,"F","F",1,"F","F",0,"F","F",7,"F","F","F","",0,0,"N",0,"N",0,"N",0,0,2,0,"7","","","","F","F","F","F","F","F","F","F","F","","birdd101","","F","F","F","F","F","","","","",0,7,0,0,0,0,0,0,0,7,"BAL","BAL","KCA",1,"F","T",0,0,0,3,3,"T","F",2,2,"T","T","may-l101","decid001","T","T",0,0,0,9,3,6,0,0,0,"","portd001","",0,0,0,0,0,0,0,0,0,0,0,0,0,"hurdc001","F","F","F","F",0,0,0,0,0,0,0,0,0,0,F,F,"1978BAL.EVA.regular.event.csv",3969
"BAL197808100","KCA",2,0,0,0,0,"",0,0,"cowea001","?","cowea001","?","palmj001","?","palmj001","?","dempr001","murre001","dauer001","decid001","garck001","kellp101","harll101","singk001","","","","9","T","F",8,4,2,"T","T",0,"F","F",1,"F","F",0,"F","F",9,"F","F","F","",0,0,"N",0,"N",0,"N",0,0,0,0,"9","","","","F","F","F","F","F","F","F","F","F","","","","F","F","F","F","F","","","","",0,9,0,0,0,0,0,0,0,8,"BAL","KCA","BAL",0,"T","F",0,0,0,3,0,"T","F",0,0,"T","T","portd001","hurdc001","T","T",0,0,0,0,0,0,0,0,0,"","","",0,0,0,0,0,0,0,0,0,0,0,0,0,"singk001","F","F","F","F",0,0,0,0,0,0,0,0,0,0,F,F,"1978BAL.EVA.regular.event.csv",3970
"BAL197808100","KCA",2,0,1,0,0,"",0,0,"portd001","?","portd001","?","palmj001","?","palmj001","?","dempr001","murre001","dauer001","decid001","garck001","kellp101","harll101","singk001","","","","W","F","F",2,5,14,"T","F",0,"F","F",0,"F","F",0,"F","F",0,"","F","F","",0,0,"N",0,"N",0,"N",1,0,0,0,"","","","","F","F","F","F","F","F","F","F","F","","","","F","F","F","F","F","","","","",0,0,0,0,0,0,0,0,0,9,"BAL","KCA","BAL",0,"F","F",0,0,0,4,1,"T","F",0,1,"T","T","hurdc001","quirj001","T","T",0,0,0,0,0,0,0,0,0,"","","",0,0,0,0,0,0,0,0,0,0,0,0,0,"","F","F","F","F",0,0,0,0,0,0,0,0,0,0,F,F,"1978BAL.EVA.regular.event.csv",3971
"BAL197808100","KCA",2,0,1,0,0,"",0,0,"hurdc001","?","hurdc001","?","palmj001","?","palmj001","?","dempr001","murre001","dauer001","decid001","garck001","kellp101","harll101","singk001","portd001","","","K+CS2(24)/DP","F","F",7,6,3,"T","T",0,"F","F",2,"T","F",0,"F","F",0,"","F","F","",0,0,"N",0,"N",0,"N",0,0,0,0,"2","24","","","F","F","F","T","F","F","F","F","F","palmj001","","","F","F","F","F","F","","","","",0,2,4,0,2,0,0,0,0,10,"BAL","KCA","BAL",0,"F","T",0,0,0,5,2,"T","F",1,0,"T","T","quirj001","patef101","T","T",2,5,9,0,0,0,0,0,0,"dempr001","","",0,0,0,0,0,0,0,0,0,0,0,0,0,"","F","F","F","F",0,0,0,0,0,0,0,0,0,0,F,F,"1978BAL.EVA.regular.event.csv",3972
"BAL197808100","KCA",2,1,0,0,0,"",0,0,"may-l101","?","may-l101","?","birdd101","?","birdd101","?","portd001","lacop101","washu001","quirj001","patef101","hurdc001","cowea001","poqut101","","","","9","T","F",10,5,2,"T","T",0,"F","F",1,"F","F",0,"F","F",9,"F","F","F","",0,0,"N",0,"N",0,"N",0,0,0,0,"9","","","","F","F","F","F","F","F","F","F","F","","","","F","F","F","F","F","","","","",0,9,0,0,0,0,0,0,0,11,"BAL","BAL","KCA",1,"T","F",0,0,0,4,0,"T","F",0,0,"T","T","decid001","kellp101","T","T",0,0,0,0,0,0,0,0,0,"","","",0,0,0,0,0,0,0,0,0,0,0,0,0,"poqut101","F","F","F","F",0,0,0,0,0,0,0,0,0,0,F,F,"1978BAL.EVA.regular.event.csv",3973
"BAL197808100","KCA",2,1,1,0,0,"",0,0,"decid001","?","decid001","?","birdd101","?","birdd101","?","portd001","lacop101","washu001","quirj001","patef101","hurdc001","cowea001","poqut101","","","","5/L","F","F",5,6,2,"T","T",0,"F","F",1,"F","F",0,"F","F",5,"L","F","F","",0,0,"N",0,"N",0,"N",0,0,0,0,"5","","","","F","F","F","F","F","F","F","F","F","","","","F","F","F","F","F","","","","",0,5,0,0,0,0,0,0,0,12,"BAL","BAL","KCA",1,"F","F",0,0,0,5,1,"T","F",0,0,"T","T","kellp101","garck001","T","T",0,0,0,0,0,0,0,0,0,"","","",0,0,0,0,0,0,0,0,0,0,0,0,0,"quirj001","F","F","F","F",0,0,0,0,0,0,0,0,0,0,F,F,"1978BAL.EVA.regular.event.csv",3974
"BAL197808100","KCA",2,1,2,0,0,"",0,0,"kellp101","?","kellp101","?","birdd101","?","birdd101","?","portd001","lacop101","washu001","quirj001","patef101","hurdc001","cowea001","poqut101","","","","3/G","F","F",7,7,2,"T","T",0,"F","F",1,"F","F",0,"F","F",3,"G","F","F","",0,0,"N",0,"N",0,"N",0,0,0,0,"3","","","","F","F","F","F","F","F","F","F","F","","","","F","F","F","F","F","","","","",0,3,0,0,0,0,0,0,0,13,"BAL","BAL","KCA",1,"F","T",0,0,0,6,2,"T","F",0,0,"T","T","garck001","dempr001","T","T",0,0,0,0,0,0,0,0,0,"","","",0,0,0,0,0,0,0,0,0,0,0,0,0,"lacop101","F","F","F","F",0,0,0,0,0,0,0,0,0,0,F,F,"1978BAL.EVA.regular.event.csv",3975
"BAL197808100","KCA",3,0,0,0,0,"",0,0,"quirj001","?","quirj001","?","palmj001","?","palmj001","?","dempr001","murre001","dauer001","decid001","garck001","kellp101","harll101","singk001","","","","W","T","F",5,7,14,"T","F",0,"F","F",0,"F","F",0,"F","F",0,"","F","F","",0,0,"N",0,"N",0,"N",1,0,0,0,"","","","","F","F","F","F","F","F","F","F","F","","","","F","F","F","F","F","","","","",0,0,0,0,0,0,0,0,0,14,"BAL","KCA","BAL",0,"T","F",0,0,0,6,0,"T","F",0,1,"T","T","patef101","washu001","T","T",0,0,0,0,0,0,0,0,0,"","","",0,0,0,0,0,0,0,0,0,0,0,0,0,"","F","F","F","F",5,0,0,0,2,0,0,0,0,0,F,F,"1978BAL.EVA.regular.event.csv",3976
"BAL197808100","KCA",3,0,0,0,0,"",0,0,"patef101","?","patef101","?","palmj001","?","palmj001","?","dempr001","murre001","dauer001","decid001","garck001","kellp101","harll101","singk001","quirj001","","","S8.1-2","F","F",6,8,20,"T","T",1,"F","F",0,"F","F",0,"F","F",8,"","F","F","",0,0,"N",0,"N",0,"N",1,2,0,0,"","","","","F","F","F","F","F","F","F","F","F","palmj001","","","F","F","F","F","F","","","","",0,0,0,0,0,0,0,0,0,15,"BAL","KCA","BAL",0,"F","F",0,0,0,7,1,"T","F",1,3,"T","T","washu001","poqut101","T","T",5,7,14,0,0,0,0,0,0,"dempr001","","",0,0,0,0,0,0,0,0,0,0,0,0,0,"harll101","F","F","F","F",5,5,0,0,2,0,0,0,0,0,F,F,"1978BAL.EVA.regular.event.csv",3977
"BAL197808100","KCA",3,0,0,0,0,"",0,0,"washu001","?","washu001","?","palmj001","?","palmj001","?","dempr001","murre001","dauer001","decid001","garck001","kellp101","harll101","singk001","patef101","quirj001","","13/SH.2-3;1-2","F","F",4,9,2,"T","F",0,"T","F",1,"F","F",0,"F","F",1,"G","T","F","",0,0,"N",0,"N",0,"N",0,2,3,0,"13","","","","F","F","F","F","F","F","F","F","F","palmj001","palmj001","","F","F","F","F","F","","","","",0,3,0,0,1,0,0,0,0,16,"BAL","KCA","BAL",0,"F","F",0,0,0,8,2,"T","F",3,6,"T","T","poqut101","mcrah001","T","T",6,8,15,5,7,14,0,0,0,"dempr001","dempr001","",0,0,0,0,0,0,0,0,0,0,0,0,0,"palmj001","F","F","F","F",0,5,5,0,2,0,0,0,0,0,F,F,"1978BAL.EVA.regular.event.csv",3978
"BAL197808100","KCA",3,0,1,0,0,"",0,0,"poqut101","?","poqut101","?","palmj001","?","palmj001","?","dempr001","murre001","dauer001","decid001","garck001","kellp101","harll101","singk001","","patef101","quirj001","E6.3-H(NR)(UR);2-H(NR)(UR)","F","F",9,1,18,"T","T",0,"F","F",0,"F","F",0,"F","F",6,"G","F","F","",1,6,"F",0,"N",0,"N",1,0,5,5,"","","","","F","F","F","F","F","F","F","F","F","","palmj001","palmj001","F","F","F","F","F","","","","",0,0,0,0,0,0,0,0,0,17,"BAL","KCA","BAL",0,"F","F",0,0,0,9,3,"T","F",6,1,"T","T","mcrah001","lacop101","T","T",0,0,0,6,8,15,5,7,14,"","dempr001","dempr001",0,0,0,0,0,0,0,0,0,0,0,0,2,"garck001","F","F","F","T",0,0,5,5,0,0,0,0,0,0,F,F,"1978BAL.EVA.regular.event.csv",3979
"BAL197808100","KCA",3,0,1,0,0,"",2,0,"mcrah001","?","mcrah001","?","palmj001","?","palmj001","?","dempr001","murre001","dauer001","decid001","garck001","kellp101","harll101","singk001","poqut101","","","143.1-2","F","F",10,2,2,"T","T",0,"F","F",1,"F","F",0,"F","F",1,"G","F","F","",0,0,"N",0,"N",0,"N",0,2,0,0,"143","","","","F","F","F","F","F","F","F","F","F","palmj001","","","F","F","F","F","F","","","","",0,3,0,0,1,4,0,0,0,18,"BAL","KCA","BAL",0,"F","F",2,0,2,10,4,"T","F",1,2,"T","T","lacop101","cowea001","T","T",9,1,17,0,0,0,0,0,0,"dempr001","","",0,0,0,0,0,0,0,0,0,0,0,0,0,"palmj001","F","F","F","F",0,0,0,0,0,0,0,0,0,0,F,F,"1978BAL.EVA.regular.event.csv",3980
"BAL197808100","KCA",3,0,2,0,0,"",2,0,"lacop101","?","lacop101","?","palmj001","?","palmj001","?","dempr001","murre001","dauer001","decid001","garck001","kellp101","harll101","singk001","","poqut101","","W","F","F",3,3,14,"T","F",0,"F","F",0,"F","F",0,"F","F",0,"","F","F","",0,0,"N",0,"N",0,"N",1,0,2,0,"","","","","F","F","F","F","F","F","F","F","F","","palmj001","","F","F","F","F","F","","","","",0,0,0,0,0,0,0,0,0,19,"BAL","KCA","BAL",0,"F","F",2,0,2,11,5,"T","F",2,3,"T","T","cowea001","portd001","T","T",0,0,0,9,1,17,0,0,0,"","dempr001","",0,0,0,0,0,0,0,0,0,0,0,0,0,"","F","F","F","F",0,0,0,0,0,0,0,0,0,0,F,F,"1978BAL.EVA.regular.event.csv",3981
"BAL197808100","KCA",3,0,2,0,0,"",2,0,"cowea001","?","cowea001","?","palmj001","?","palmj001","?","dempr001","murre001","dauer001","decid001","garck001","kellp101","harll101","singk001","lacop101","poqut101","","7/L","F","F",8,4,2,"T","T",0,"F","F",1,"F","F",0,"F","F",7,"L","F","F","",0,0,"N",0,"N",0,"N",0,1,2,0,"7","","","","F","F","F","F","F","F","F","F","F","palmj001","palmj001","","F","F","F","F","F","","","","",0,7,0,0,0,0,0,0,0,20,"BAL","KCA","BAL",0,"F","T",2,0,2,12,6,"T","F",3,3,"T","T","portd001","hurdc001","T","T",3,3,19,9,1,17,0,0,0,"dempr001","dempr001","",0,0,0,0,0,0,0,0,0,0,0,0,0,"kellp101","F","F","F","F",0,0,0,0,0,0,0,0,0,0,F,F,"1978BAL.EVA.regular.event.csv",3982
"BAL197808100","KCA",3,1,0,0,0,"",2,0,"garck001","?","garck001","?","birdd101","?","birdd101","?","portd001","lacop101","washu001","quirj001","patef101","hurdc001","cowea001","poqut101","","","","53","T","F",6,8,2,"T","T",0,"F","F",1,"F","F",0,"F","F",5,"G","F","F","",0,0,"N",0,"N",0,"N",0,0,0,0,"53","","","","F","F","F","F","F","F","F","F","F","","","","F","F","F","F","F","","","","",0,3,0,0,5,0,0,0,0,21,"BAL","BAL","KCA",1,"T","F",0,2,0,7,0,"T","F",0,0,"T","T","dempr001","harll101","T","T",0,0,0,0,0,0,0,0,0,"","","",0,0,0,0,0,0,0,0,0,0,0,0,0,"quirj001","F","F","F","F",0,0,0,0,0,0,0,0,0,0,F,F,"1978BAL.EVA.regular.event.csv",3983
"BAL197808100","KCA",3,1,1,0,0,"",2,0,"dempr001","?","dempr001","?","birdd101","?","birdd101","?","portd001","lacop101","washu001","quirj001","patef101","hurdc001","cowea001","poqut101","","","","S","F","F",2,9,20,"T","T",1,"F","F",0,"F","F",0,"F","F",0,"","F","F","",0,0,"N",0,"N",0,"N",1,0,0,0,"","","","","F","F","F","F","F","F","F","F","F","","","","F","F","F","F","F","","","","",0,0,0,0,0,0,0,0,0,22,"BAL","BAL","KCA",1,"F","F",0,2,0,8,1,"T","F",0,1,"T","T","harll101","dauer001","T","T",0,0,0,0,0,0,0,0,0,"","","",0,0,0,0,0,0,0,0,0,0,0,0,0,"","F","F","F","F",0,0,0,0,0,0,0,0,0,0,F,F,"1978BAL.EVA.regular.event.csv",3984
"BAL197808100","KCA",3,1,1,0,0,"",2,0,"harll101","?","harll101","?","birdd101","?","birdd101","?","portd001","lacop101","washu001","quirj001","patef101","hurdc001","cowea001","poqut101","dempr001","","","36(1)/FO","F","F",8,1,2,"T","T",0,"F","F",1,"F","F",0,"F","F",3,"G","F","F","",0,0,"N",0,"N",0,"N",1,0,0,0,"","36","","","F","F","F","F","F","F","F","F","F","birdd101","","","F","F","F","F","F","","","","",0,6,0,0,3,0,0,0,0,23,"BAL","BAL","KCA",1,"F","F",0,2,0,9,2,"T","F",1,1,"T","T","dauer001","singk001","T","T",2,9,22,0,0,0,0,0,0,"portd001","","",0,0,0,0,0,0,0,0,0,0,0,0,0,"lacop101","T","F","F","F",0,0,0,0,0,0,0,0,0,0,F,F,"1978BAL.EVA.regular.event.csv",3985
"BAL197808100","KCA",3,1,2,0,0,"",2,0,"dauer001","?","dauer001","?","birdd101","?","birdd101","?","portd001","lacop101","washu001","quirj001","patef101","hurdc001","cowea001","poqut101","harll101","","","9","F","F",4,2,2,"T","T",0,"F","F",1,"F","F",0,"F","F",9,"F","F","F","",0,0,"N",0,"N",0,"N",0,1,0,0,"9","","","","F","F","F","F","F","F","F","F","F","birdd101","","","F","F","F","F","F","","","","",0,9,0,0,0,0,0,0,0,24,"BAL","BAL","KCA",1,"F","T",0,2,0,10,3,"T","F",1,1,"T","T","singk001","murre001","T","T",8,1,23,0,0,0,0,0,0,"portd001","","",0,0,0,0,0,0,0,0,0,0,0,0,0,"poqut101","F","F","F","F",0,0,0,0,0,0,0,0,0,0,F,F,"1978BAL.EVA.regular.event.csv",3986
"BAL197808100","KCA",4,0,0,0,0,"",2,0,"portd001","?","portd001","?","palmj001","?","palmj001","?","dempr001","murre001","dauer001","decid001","garck001","kellp101","harll101","singk001","","","","3/G","T","F",2,5,2,"T","T",0,"F","F",1,"F","F",0,"F","F",3,"G","F","F","",0,0,"N",0,"N",0,"N",0,0,0,0,"3","","","","F","F","F","F","F","F","F","F","F","","","","F","F","F","F","F","","","","",0,3,0,0,0,0,0,0,0,25,"BAL","KCA","BAL",0,"T","F",2,0,0,13,0,"T","F",0,0,"T","T","hurdc001","quirj001","T","T",0,0,0,0,0,0,0,0,0,"","","",0,0,0,0,0,0,0,0,0,0,0,0,0,"murre001","F","F","F","F",0,0,0,0,0,0,0,0,0,0,F,F,"1978BAL.EVA.regular.event.csv",3987
"BAL197808100","KCA",4,0,1,0,0,"",2,0,"hurdc001","?","hurdc001","?","palmj001","?","palmj001","?","dempr001","murre001","dauer001","decid001","garck001","kellp101","harll101","singk001","","","","8","F","F",7,6,2,"T","T",0,"F","F",1,"F","F",0,"F","F",8,"F","F","F","",0,0,"N",0,"N",0,"N",0,0,0,0,"8","","","","F","F","F","F","F","F","F","F","F","","","","F","F","F","F","F","","","","",0,8,0,0,0,0,0,0,0,26,"BAL","KCA","BAL",0,"F","F",2,0,0,14,1,"T","F",0,0,"T","T","quirj001","patef101","T","T",0,0,0,0,0,0,0,0,0,"","","",0,0,0,0,0,0,0,0,0,0,0,0,0,"harll101","F","F","F","F",0,0,0,0,0,0,0,0,0,0,F,F,"1978BAL.EVA.regular.event.csv",3988
"BAL197808100","KCA",4,0,2,0,0,"",2,0,"quirj001","?","quirj001","?","palmj001","?","palmj001","?","dempr001","murre001","dauer001","decid001","garck001","kellp101","harll101","singk001","","","","63","F","F",5,7,2,"T","T",0,"F","F",1,"F","F",0,"F","F",6,"G","F","F","",0,0,"N",0,"N",0,"N",0,0,0,0,"63","","","","F","F","F","F","F","F","F","F","F","","","","F","F","F","F","F","","","","",0,3,0,0,6,0,0,0,0,27,"BAL","KCA","BAL",0,"F","T",2,0,0,15,2,"T","F",0,0,"T","T","patef101","washu001","T","T",0,0,0,0,0,0,0,0,0,"","","",0,0,0,0,0,0,0,0,0,0,0,0,0,"garck001","F","F","F","F",0,0,0,0,0,0,0,0,0,0,F,F,"1978BAL.EVA.regular.event.csv",3989
"BAL197808100","KCA",4,1,0,0,0,"",2,0,"singk001","?","singk001","?","birdd101","?","birdd101","?","portd001","lacop101","washu001","quirj001","patef101","hurdc001","cowea001","poqut101","","","","43","T","F",9,3,2,"T","T",0,"F","F",1,"F","F",0,"F","F",4,"G","F","F","",0,0,"N",0,"N",0,"N",0,0,0,0,"43","","","","F","F","F","F","F","F","F","F","F","","","","F","F","F","F","F","","","","",0,3,0,0,4,0,0,0,0,28,"BAL","BAL","KCA",1,"T","F",0,2,0,11,0,"T","F",0,0,"T","T","murre001","may-l101","T","T",0,0,0,0,0,0,0,0,0,"","","",0,0,0,0,0,0,0,0,0,0,0,0,0,"washu001","F","F","F","F",0,0,0,0,0,0,0,0,0,0,F,F,"1978BAL.EVA.regular.event.csv",3990
"BAL197808100","KCA",4,1,1,0,0,"",2,0,"murre001","?","murre001","?","birdd101","?","birdd101","?","portd001","lacop101","washu001","quirj001","patef101","hurdc001","cowea001","poqut101","","","","3/G","F","F",3,4,2,"T","T",0,"F","F",1,"F","F",0,"F","F",3,"G","F","F","",0,0,"N",0,"N",0,"N",0,0,0,0,"3","","","","F","F","F","F","F","F","F","F","F","","","","F","F","F","F","F","","","","",0,3,0,0,0,0,0,0,0,29,"BAL","BAL","KCA",1,"F","F",0,2,0,12,1,"T","F",0,0,"T","T","may-l101","decid001","T","T",0,0,0,0,0,0,0,0,0,"","","",0,0,0,0,0,0,0,0,0,0,0,0,0,"lacop101","F","F","F","F",0,0,0,0,0,0,0,0,0,0,F,F,"1978BAL.EVA.regular.event.csv",3991
"BAL197808100","KCA",4,1,2,0,0,"",2,0,"may-l101","?","may-l101","?","birdd101","?","birdd101","?","portd001","lacop101","washu001","quirj001","patef101","hurdc001","cowea001","poqut101","","","","63","F","F",10,5,2,"T","T",0,"F","F",1,"F","F",0,"F","F",6,"G","F","F","",0,0,"N",0,"N",0,"N",0,0,0,0,"63","","","","F","F","F","F","F","F","F","F","F","","","","F","F","F","F","F","","","","",0,3,0,0,6,0,0,0,0,30,"BAL","BAL","KCA",1,"F","T",0,2,0,13,2,"T","F",0,0,"T","T","decid001","kellp101","T","T",0,0,0,0,0,0,0,0,0,"","","",0,0,0,0,0,0,0,0,0,0,0,0,0,"patef101","F","F","F","F",0,0,0,0,0,0,0,0,0,0,F,F,"1978BAL.EVA.regular.event.csv",3992
"BAL197808100","KCA",5,0,0,0,0,"",2,0,"patef101","?","patef101","?","palmj001","?","palmj001","?","dempr001","murre001","dauer001","decid001","garck001","kellp101","harll101","singk001","","","","8","T","F",6,8,2,"T","T",0,"F","F",1,"F","F",0,"F","F",8,"F","F","F","",0,0,"N",0,"N",0,"N",0,0,0,0,"8","","","","F","F","F","F","F","F","F","F","F","","","","F","F","F","F","F","","","","",0,8,0,0,0,0,0,0,0,31,"BAL","KCA","BAL",0,"T","F",2,0,0,16,0,"T","F",0,0,"T","T","washu001","poqut101","T","T",0,0,0,0,0,0,0,0,0,"","","",0,0,0,0,0,0,0,0,0,0,0,0,0,"harll101","F","F","F","F",0,0,0,0,0,0,0,0,0,0,F,F,"1978BAL.EVA.regular.event.csv",3993
"BAL197808100","KCA",5,0,1,0,0,"",2,0,"washu001","?","washu001","?","palmj001","?","palmj001","?","dempr001","murre001","dauer001","decid001","garck001","kellp101","harll101","singk001","","","","W","F","F",4,9,14,"T","F",0,"F","F",0,"F","F",0,"F","F",0,"","F","F","",0,0,"N",0,"N",0,"N",1,0,0,0,"","","","","F","F","F","F","F","F","F","F","F","","","","F","F","F","F","F","","","","",0,0,0,0,0,0,0,0,0,32,"BAL","KCA","BAL",0,"F","F",2,0,0,17,1,"T","F",0,1,"T","T","poqut101","mcrah001","T","T",0,0,0,0,0,0,0,0,0,"","","",0,0,0,0,0,0,0,0,0,0,0,0,0,"","F","F","F","F",0,0,0,0,0,0,0,0,0,0,F,F,"1978BAL.EVA.regular.event.csv",3994
"BAL197808100","KCA",5,0,1,0,0,"",2,0,"poqut101","?","poqut101","?","palmj001","?","palmj001","?","dempr001","murre001","dauer001","decid001","garck001","kellp101","harll101","singk001","washu001","","","SB2","F","F",9,1,4,"F","F",0,"F","F",0,"F","F",0,"F","F",0,"","F","F","",0,0,"N",0,"N",0,"N",0,2,0,0,"","","","","T","F","F","F","F","F","F","F","F","palmj001","","","F","F","F","F","F","","","","",0,0,0,0,0,0,0,0,0,33,"BAL","KCA","BAL",0,"F","F",2,0,0,18,2,"T","F",1,2,"T","T","mcrah001","lacop101","T","T",4,9,32,0,0,0,0,0,0,"dempr001","","",0,0,0,0,0,0,0,0,0,0,0,0,0,"","F","F","F","F",0,0,0,0,0,0,0,0,0,0,F,F,"1978BAL.EVA.regular.event.csv",3995
"BAL197808100","KCA",5,0,1,0,0,"",2,0,"poqut101","?","poqut101","?","palmj001","?","palmj001","?","dempr001","murre001","dauer001","decid001","garck001","kellp101","harll101","singk001","","washu001","","K/C","F","F",9,1,3,"T","T",0,"F","F",1,"F","F",0,"F","F",0,"","F","F","",0,0,"N",0,"N",0,"N",0,0,2,0,"2","","","","F","F","F","F","F","F","F","F","F","","palmj001","","F","F","F","F","F","","","","",0,2,0,0,0,0,0,0,0,34,"BAL","KCA","BAL",0,"F","F",2,0,0,18,2,"F","F",2,2,"T","T","mcrah001","lacop101","T","T",0,0,0,4,9,32,0,0,0,"","dempr001","",0,0,0,0,0,0,0,0,0,0,0,0,0,"","F","F","F","F",0,0,0,0,0,0,0,0,0,0,F,F,"1978BAL.EVA.regular.event.csv",3996
"BAL197808100","KCA",5,0,2,0,0,"",2,0,"mcrah001","?","mcrah001","?","palmj001","?","palmj001","?","dempr001","murre001","dauer001","decid001","garck001","kellp101","harll101","singk001","","washu001","","8","F","F",10,2,2,"T","T",0,"F","F",1,"F","F",0,"F","F",8,"F","F","F","",0,0,"N",0,"N",0,"N",0,0,2,0,"8","","","","F","F","F","F","F","F","F","F","F","","palmj001","","F","F","F","F","F","","","","",0,8,0,0,0,0,0,0,0,35,"BAL","KCA","BAL",0,"F","T",2,0,0,19,3,"T","F",2,2,"T","T","lacop101","cowea001","T","T",0,0,0,4,9,32,0,0,0,"","dempr001","",0,0,0,0,0,0,0,0,0,0,0,0,0,"harll101","F","F","F","F",0,0,0,0,0,0,0,0,0,0,F,F,"1978BAL.EVA.regular.event.csv",3997
"BAL197808100","KCA",5,1,0,0,0,"",2,0,"decid001","?","decid001","?","birdd101","?","birdd101","?","portd001","lacop101","washu001","quirj001","patef101","hurdc001","cowea001","poqut101","","","","53","T","F",5,6,2,"T","T",0,"F","F",1,"F","F",0,"F","F",5,"G","F","F","",0,0,"N",0,"N",0,"N",0,0,0,0,"53","","","","F","F","F","F","F","F","F","F","F","","","","F","F","F","F","F","","","","",0,3,0,0,5,0,0,0,0,36,"BAL","BAL","KCA",1,"T","F",0,2,0,14,0,"T","F",0,0,"T","T","kellp101","garck001","T","T",0,0,0,0,0,0,0,0,0,"","","",0,0,0,0,0,0,0,0,0,0,0,0,0,"quirj001","F","F","F","F",0,0,0,0,0,0,0,0,0,0,F,F,"1978BAL.EVA.regular.event.csv",3998
"BAL197808100","KCA",5,1,1,0,0,"",2,0,"kellp101","?","kellp101","?","birdd101","?","birdd101","?","portd001","lacop101","washu001","quirj001","patef101","hurdc001","cowea001","poqut101","","","","9","F","F",7,7,2,"T","T",0,"F","F",1,"F","F",0,"F","F",9,"F","F","F","",0,0,"N",0,"N",0,"N",0,0,0,0,"9","","","","F","F","F","F","F","F","F","F","F","","","","F","F","F","F","F","","","","",0,9,0,0,0,0,0,0,0,37,"BAL","BAL","KCA",1,"F","F",0,2,0,15,1,"T","F",0,0,"T","T","garck001","dempr001","T","T",0,0,0,0,0,0,0,0,0,"","","",0,0,0,0,0,0,0,0,0,0,0,0,0,"poqut101","F","F","F","F",0,0,0,0,0,0,0,0,0,0,F,F,"1978BAL.EVA.regular.event.csv",3999
"BAL197808100","KCA",5,1,2,0,0,"",2,0,"garck001","?","garck001","?","birdd101","?","birdd101","?","portd001","lacop101","washu001","quirj001","patef101","hurdc001","cowea001","poqut101","","","","K","F","F",6,8,3,"T","T",0,"F","F",1,"F","F",0,"F","F",0,"","F","F","",0,0,"N",0,"N",0,"N",0,0,0,0,"2","","","","F","F","F","F","F","F","F","F","F","","","","F","F","F","F","F","","","","",0,2,0,0,0,0,0,0,0,38,"BAL","BAL","KCA",1,"F","T",0,2,0,16,2,"T","F",0,0,"T","T","dempr001","harll101","T","T",0,0,0,0,0,0,0,0,0,"","","",0,0,0,0,0,0,0,0,0,0,0,0,0,"","F","F","F","F",0,0,0,0,0,0,0,0,0,0,F,F,"1978BAL.EVA.regular.event.csv",4000
"BAL197808100","KCA",6,0,0,0,0,"",2,0,"lacop101","?","lacop101","?","palmj001","?","palmj001","?","dempr001","murre001","dauer001","decid001","garck001","kellp101","harll101","singk001","","","","D","T","F",3,3,21,"T","T",2,"F","F",0,"F","F",0,"F","F",0,"","F","F","",0,0,"N",0,"N",0,"N",2,0,0,0,"","","","","F","F","F","F","F","F","F","F","F","","","","F","F","F","F","F","","","","",0,0,0,0,0,0,0,0,0,39,"BAL","KCA","BAL",0,"T","F",2,0,0,20,0,"T","F",0,2,"T","T","cowea001","portd001","T","T",0,0,0,0,0,0,0,0,0,"","","",0,0,0,0,0,0,0,0,0,0,0,0,0,"","F","F","F","F",0,0,0,0,0,0,0,0,0,0,F,F,"1978BAL.EVA.regular.event.csv",4001
"BAL197808100","KCA",6,0,0,0,0,"",2,0,"cowea001","?","cowea001","?","palmj001","?","palmj001","?","dempr001","murre001","dauer001","decid001","garck001","kellp101","harll101","singk001","","lacop101","","31.2-3","F","F",8,4,2,"T","T",0,"F","F",1,"F","F",0,"F","F",3,"G","F","F","",0,0,"N",0,"N",0,"N",0,0,3,0,"31","","","","F","F","F","F","F","F","F","F","F","","palmj001","","F","F","F","F","F","","","","",0,1,0,0,3,0,0,0,0,40,"BAL","KCA","BAL",0,"F","F",2,0,0,21,1,"T","F",2,4,"T","T","portd001","hurdc001","T","T",0,0,0,3,3,39,0,0,0,"","dempr001","",0,0,0,0,0,0,0,0,0,0,0,0,0,"murre001","F","F","F","F",0,0,0,0,0,0,0,0,0,0,F,F,"1978BAL.EVA.regular.event.csv",4002
"BAL197808100","KCA",6,0,1,0,0,"",2,0,"portd001","?","portd001","?","palmj001","?","palmj001","?","dempr001","murre001","dauer001","decid001","garck001","kellp101","harll101","singk001","","","lacop101","7(B)2(3)/LDP","F","F",2,5,2,"T","T",0,"F","F",2,"T","F",0,"F","F",7,"L","F","F","",0,0,"N",0,"N",0,"N",0,0,0,0,"7","","","72","F","F","F","F","F","F","F","F","F","","","palmj001","F","F","F","F","F","","","","",0,7,2,0,7,0,0,0,0,41,"BAL","KCA","BAL",0,"F","T",2,0,0,22,2,"T","F",4,0,"T","T","hurdc001","quirj001","T","T",0,0,0,0,0,0,3,3,39,"","","dempr001",0,0,0,0,0,0,0,0,0,0,0,0,0,"kellp101","F","F","F","F",0,0,0,0,0,0,0,0,0,0,F,F,"1978BAL.EVA.regular.event.csv",4003
"BAL197808100","KCA",6,1,0,0,0,"",2,0,"dempr001","?","dempr001","?","birdd101","?","birdd101","?","portd001","lacop101","washu001","quirj001","patef101","hurdc001","cowea001","poqut101","","","","K","T","F",2,9,3,"T","T",0,"F","F",1,"F","F",0,"F","F",0,"","F","F","",0,0,"N",0,"N",0,"N",0,0,0,0,"2","","","","F","F","F","F","F","F","F","F","F","","","","F","F","F","F","F","","","","",0,2,0,0,0,0,0,0,0,42,"BAL","BAL","KCA",1,"T","F",0,2,0,17,0,"T","F",0,0,"T","T","harll101","dauer001","T","T",0,0,0,0,0,0,0,0,0,"","","",0,0,0,0,0,0,0,0,0,0,0,0,0,"","F","F","F","F",0,0,0,0,2,0,0,0,0,0,F,F,"1978BAL.EVA.regular.event.csv",4004
"BAL197808100","KCA",6,1,1,0,0,"",2,0,"harll101","?","harll101","?","birdd101","?","birdd101","?","portd001","lacop101","washu001","quirj001","patef101","hurdc001","cowea001","poqut101","","","","9","F","F",8,1,2,"T","T",0,"F","F",1,"F","F",0,"F","F",9,"F","F","F","",0,0,"N",0,"N",0,"N",0,0,0,0,"9","","","","F","F","F","F","F","F","F","F","F","","","","F","F","F","F","F","","","","",0,9,0,0,0,0,0,0,0,43,"BAL","BAL","KCA",1,"F","F",0,2,0,18,1,"T","F",0,0,"T","T","dauer001","singk001","T","T",0,0,0,0,0,0,0,0,0,"","","",0,0,0,0,0,0,0,0,0,0,0,0,0,"poqut101","F","F","F","F",0,0,0,0,2,0,0,0,0,0,F,F,"1978BAL.EVA.regular.event.csv",4005
"BAL197808100","KCA",6,1,2,0,0,"",2,0,"dauer001","?","dauer001","?","birdd101","?","birdd101","?","portd001","lacop101","washu001","quirj001","patef101","hurdc001","cowea001","poqut101","","","","S","F","F",4,2,20,"T","T",1,"F","F",0,"F","F",0,"F","F",0,"","F","F","",0,0,"N",0,"N",0,"N",1,0,0,0,"","","","","F","F","F","F","F","F","F","F","F","","","","F","F","F","F","F","","","","",0,0,0,0,0,0,0,0,0,44,"BAL","BAL","KCA",1,"F","F",0,2,0,19,2,"T","F",0,1,"T","T","singk001","murre001","T","T",0,0,0,0,0,0,0,0,0,"","","",0,0,0,0,0,0,0,0,0,0,0,0,0,"","F","F","F","F",4,0,0,0,2,0,0,0,0,0,F,F,"1978BAL.EVA.regular.event.csv",4006
"BAL197808100","KCA",6,1,2,0,0,"",2,0,"singk001","?","singk001","?","birdd101","?","birdd101","?","portd001","lacop101","washu001","quirj001","patef101","hurdc001","cowea001","poqut101","dauer001","","","HR/9.1-H","F","F",9,3,23,"T","T",4,"F","F",0,"F","F",2,"F","F",0,"","F","F","9",0,0,"N",0,"N",0,"N",4,4,0,0,"","","","","F","F","F","F","F","F","F","F","F","birdd101","","","F","F","F","F","F","","","","",0,0,0,0,0,0,0,0,0,45,"BAL","BAL","KCA",1,"F","F",0,2,0,20,3,"T","F",1,0,"T","T","murre001","may-l101","T","T",4,2,44,0,0,0,0,0,0,"portd001","","",0,0,0,0,0,0,0,0,0,0,0,0,2,"","F","F","F","F",4,4,0,0,0,0,0,0,0,0,F,F,"1978BAL.EVA.regular.event.csv",4007
"BAL197808100","KCA",6,1,2,0,0,"",2,2,"murre001","?","murre001","?","birdd101","?","birdd101","?","portd001","lacop101","washu001","quirj001","patef101","hurdc001","cowea001","poqut101","","","","6","F","F",3,4,2,"T","T",0,"F","F",1,"F","F",0,"F","F",6,"F","F","F","",0,0,"N",0,"N",0,"N",0,0,0,0,"6","","","","F","F","F","F","F","F","F","F","F","","","","F","F","F","F","F","","","","",0,6,0,0,0,0,0,0,0,46,"BAL","BAL","KCA",1,"F","T",2,2,2,21,4,"T","F",0,0,"T","T","may-l101","decid001","T","T",0,0,0,0,0,0,0,0,0,"","","",0,0,0,0,0,0,0,0,0,0,0,0,0,"patef101","F","F","F","F",0,0,0,0,0,0,0,0,0,0,F,F,"1978BAL.EVA.regular.event.csv",4008
"BAL197808100","KCA",7,0,0,0,0,"",2,2,"hurdc001","?","hurdc001","?","palmj001","?","palmj001","?","dempr001","murre001","dauer001","decid001","garck001","kellp101","harll101","singk001","","","","S/78","T","F",7,6,20,"T","T",1,"F","F",0,"F","F",0,"F","F",0,"","F","F","78",0,0,"N",0,"N",0,"N",1,0,0,0,"","","","","F","F","F","F","F","F","F","F","F","","","","F","F","F","F","F","","","","",0,0,0,0,0,0,0,0,0,47,"BAL","KCA","BAL",0,"T","F",2,2,0,23,0,"T","F",0,1,"T","T","quirj001","patef101","T","T",0,0,0,0,0,0,0,0,0,"","","",0,0,0,0,0,0,0,0,0,0,0,0,0,"","F","F","F","F",0,0,0,0,0,0,0,0,0,0,F,F,"1978BAL.EVA.regular.event.csv",4009
"BAL197808100","KCA",7,0,0,0,0,"",2,2,"quirj001","?","quirj001","?","palmj001","?","palmj001","?","dempr001","murre001","dauer001","decid001","garck001","kellp101","harll101","singk001","hurdc001","","","36(1)/FO","F","F",5,7,2,"T","T",0,"F","F",1,"F","F",0,"F","F",3,"G","F","F","",0,0,"N",0,"N",0,"N",1,0,0,0,"","36","","","F","F","F","F","F","F","F","F","F","palmj001","","","F","F","F","F","F","","","","",0,6,0,0,3,0,0,0,0,48,"BAL","KCA","BAL",0,"F","F",2,2,0,24,1,"T","F",1,1,"T","T","patef101","washu001","T","T",7,6,47,0,0,0,0,0,0,"dempr001","","",0,0,0,0,0,0,0,0,0,0,0,0,0,"murre001","T","F","F","F",3,0,0,0,0,0,0,0,0,0,F,F,"1978BAL.EVA.regular.event.csv",4010
"BAL197808100","KCA",7,0,1,0,0,"",2,2,"patef101","?","patef101","?","palmj001","?","palmj001","?","dempr001","murre001","dauer001","decid001","garck001","kellp101","harll101","singk001","wilsw001","","","S8.1-3","F","F",6,8,20,"T","T",1,"F","F",0,"F","F",0,"F","F",8,"","F","F","",0,0,"N",0,"N",0,"N",1,3,0,0,"","","","","F","F","F","F","F","F","F","F","F","palmj001","","","F","F","T","F","F","quirj001","","","",0,0,0,0,0,0,0,0,0,49,"BAL","KCA","BAL",0,"F","F",2,2,0,25,2,"T","F",1,5,"T","T","washu001","poqut101","T","T",0,7,48,0,0,0,0,0,0,"dempr001","","",0,0,0,0,0,0,0,0,0,0,0,0,0,"harll101","F","F","F","F",0,3,0,0,0,0,0,0,0,0,F,F,"1978BAL.EVA.regular.event.csv",4011
"BAL197808100","KCA",7,0,1,0,0,"",2,2,"washu001","?","washu001","?","palmj001","?","palmj001","?","dempr001","murre001","dauer001","decid001","garck001","kellp101","harll101","singk001","patef101","","wilsw001","54(1)3/GDP","F","F",4,9,2,"T","T",0,"F","F",2,"T","F",0,"F","F",5,"G","F","F","",0,0,"N",0,"N",0,"N",0,0,0,3,"43","54","","","F","F","F","F","F","F","F","F","F","palmj001","","palmj001","F","F","F","F","F","","","","",0,4,3,0,5,4,0,0,0,50,"BAL","KCA","BAL",0,"F","T",2,2,0,26,3,"T","F",5,4,"T","T","poqut101","mcrah001","T","T",6,8,49,0,0,0,0,7,48,"dempr001","","dempr001",0,0,0,0,0,0,0,0,0,0,0,0,0,"decid001","T","F","F","F",0,0,0,3,0,0,0,0,0,0,F,F,"1978BAL.EVA.regular.event.csv",4012
"BAL197808100","KCA",7,1,0,0,0,"",2,2,"may-l101","?","may-l101","?","birdd101","?","birdd101","?","portd001","lacop101","washu001","terrj101","patef101","hurdc001","cowea001","poqut101","","","","8","T","F",10,5,2,"T","T",0,"F","F",1,"F","F",0,"F","F",8,"F","F","F","",0,0,"N",0,"N",0,"N",0,0,0,0,"8","","","","F","F","F","F","F","F","F","F","F","","","","F","F","F","F","F","","","","",0,8,0,0,0,0,0,0,0,51,"BAL","BAL","KCA",1,"T","F",2,2,0,22,0,"T","F",0,0,"T","T","decid001","kellp101","T","T",0,0,0,0,0,0,0,0,0,"","","",0,0,0,0,0,0,0,0,0,0,0,0,0,"cowea001","F","F","F","F",0,0,0,0,0,0,0,0,0,0,F,F,"1978BAL.EVA.regular.event.csv",4013
"BAL197808100","KCA",7,1,1,0,0,"",2,2,"decid001","?","decid001","?","birdd101","?","birdd101","?","portd001","lacop101","washu001","terrj101","patef101","hurdc001","cowea001","poqut101","","","","K","F","F",5,6,3,"T","T",0,"F","F",1,"F","F",0,"F","F",0,"","F","F","",0,0,"N",0,"N",0,"N",0,0,0,0,"2","","","","F","F","F","F","F","F","F","F","F","","","","F","F","F","F","F","","","","",0,2,0,0,0,0,0,0,0,52,"BAL","BAL","KCA",1,"F","F",2,2,0,23,1,"T","F",0,0,"T","T","kellp101","garck001","T","T",0,0,0,0,0,0,0,0,0,"","","",0,0,0,0,0,0,0,0,0,0,0,0,0,"","F","F","F","F",0,0,0,0,0,0,0,0,0,0,F,F,"1978BAL.EVA.regular.event.csv",4014
"BAL197808100","KCA",7,1,2,0,0,"",2,2,"kellp101","?","kellp101","?","birdd101","?","birdd101","?","portd001","lacop101","washu001","terrj101","patef101","hurdc001","cowea001","poqut101","","","","S7","F","F",7,7,20,"T","T",1,"F","F",0,"F","F",0,"F","F",7,"","F","F","",0,0,"N",0,"N",0,"N",1,0,0,0,"","","","","F","F","F","F","F","F","F","F","F","","","","F","F","F","F","F","","","","",0,0,0,0,0,0,0,0,0,53,"BAL","BAL","KCA",1,"F","F",2,2,0,24,2,"T","F",0,1,"T","T","garck001","dempr001","T","T",0,0,0,0,0,0,0,0,0,"","","",0,0,0,0,0,0,0,0,0,0,0,0,0,"hurdc001","F","F","F","F",0,0,0,0,0,0,0,0,0,0,F,F,"1978BAL.EVA.regular.event.csv",4015
"BAL197808100","KCA",7,1,2,0,0,"",2,2,"garck001","?","garck001","?","birdd101","?","birdd101","?","portd001","lacop101","washu001","terrj101","patef101","hurdc001","cowea001","poqut101","kellp101","","","S/BG.1-2","F","F",6,8,20,"T","T",1,"F","F",0,"F","F",0,"F","F",0,"G","T","F","",0,0,"N",0,"N",0,"N",1,2,0,0,"","","","","F","F","F","F","F","F","F","F","F","birdd101","","","F","F","F","F","F","","","","",0,0,0,0,0,0,0,0,0,54,"BAL","BAL","KCA",1,"F","F",2,2,0,25,3,"T","F",1,3,"T","T","dempr001","harll101","T","T",7,7,53,0,0,0,0,0,0,"portd001","","",0,0,0,0,0,0,0,0,0,0,0,0,0,"","F","F","F","F",0,0,0,0,0,0,0,0,0,0,F,F,"1978BAL.EVA.regular.event.csv",4016
"BAL197808100","KCA",7,1,2,0,0,"",2,2,"dempr001","?","dempr001","?","birdd101","?","birdd101","?","portd001","lacop101","washu001","terrj101","patef101","hurdc001","cowea001","poqut101","garck001","kellp101","","3/FL","F","F",2,9,2,"T","T",0,"F","F",1,"F","F",0,"F","F",3,"F","F","T","",0,0,"N",0,"N",0,"N",0,1,2,0,"3","","","","F","F","F","F","F","F","F","F","F","birdd101","birdd101","","F","F","F","F","F","","","","",0,3,0,0,0,0,0,0,0,55,"BAL","BAL","KCA",1,"F","T",2,2,0,26,4,"T","F",3,3,"T","T","harll101","dauer001","T","T",6,8,54,7,7,53,0,0,0,"portd001","portd001","",0,0,0,0,0,0,0,0,0,0,0,0,0,"lacop101","F","F","F","F",0,0,0,0,0,0,0,0,0,0,F,F,"1978BAL.EVA.regular.event.csv",4017
"BAL197808100","KCA",8,0,0,0,0,"",2,2,"poqut101","?","poqut101","?","palmj001","?","palmj001","?","dempr001","murre001","dauer001","decid001","garck001","kellp101","harll101","singk001","","","","9","T","F",9,1,2,"T","T",0,"F","F",1,"F","F",0,"F","F",9,"F","F","F","",0,0,"N",0,"N",0,"N",0,0,0,0,"9","","","","F","F","F","F","F","F","F","F","F","","","","F","F","F","F","F","","","","",0,9,0,0,0,0,0,0,0,56,"BAL","KCA","BAL",0,"T","F",2,2,0,27,0,"T","F",0,0,"T","T","mcrah001","lacop101","T","T",0,0,0,0,0,0,0,0,0,"","","",0,0,0,0,0,0,0,0,0,0,0,0,0,"singk001","F","F","F","F",0,0,0,0,0,0,0,0,0,0,F,F,"1978BAL.EVA.regular.event.csv",4018
"BAL197808100","KCA",8,0,1,0,0,"",2,2,"mcrah001","?","mcrah001","?","palmj001","?","palmj001","?","dempr001","murre001","dauer001","decid001","garck001","kellp101","harll101","singk001","","","","3","F","F",10,2,2,"T","T",0,"F","F",1,"F","F",0,"F","F",3,"F","F","F","",0,0,"N",0,"N",0,"N",0,0,0,0,"3","","","","F","F","F","F","F","F","F","F","F","","","","F","F","F","F","F","","","","",0,3,0,0,0,0,0,0,0,57,"BAL","KCA","BAL",0,"F","F",2,2,0,28,1,"T","F",0,0,"T","T","lacop101","cowea001","T","T",0,0,0,0,0,0,0,0,0,"","","",0,0,0,0,0,0,0,0,0,0,0,0,0,"murre001","F","F","F","F",0,0,0,0,0,0,0,0,0,0,F,F,"1978BAL.EVA.regular.event.csv",4019
"BAL197808100","KCA",8,0,2,0,0,"",2,2,"lacop101","?","lacop101","?","palmj001","?","palmj001","?","dempr001","murre001","dauer001","decid001","garck001","kellp101","harll101","singk001","","","","S7","F","F",3,3,20,"T","T",1,"F","F",0,"F","F",0,"F","F",7,"","F","F","",0,0,"N",0,"N",0,"N",1,0,0,0,"","","","","F","F","F","F","F","F","F","F","F","","","","F","F","F","F","F","","","","",0,0,0,0,0,0,0,0,0,58,"BAL","KCA","BAL",0,"F","F",2,2,0,29,2,"T","F",0,1,"T","T","cowea001","portd001","T","T",0,0,0,0,0,0,0,0,0,"","","",0,0,0,0,0,0,0,0,0,0,0,0,0,"kellp101","F","F","F","F",0,0,0,0,0,0,0,0,0,0,F,F,"1978BAL.EVA.regular.event.csv",4020
"BAL197808100","KCA",8,0,2,0,0,"",2,2,"cowea001","?","cowea001","?","palmj001","?","palmj001","?","dempr001","murre001","dauer001","decid001","garck001","kellp101","harll101","singk001","lacop101","","","43","F","F",8,4,2,"T","T",0,"F","F",1,"F","F",0,"F","F",4,"G","F","F","",0,0,"N",0,"N",0,"N",0,1,0,0,"43","","","","F","F","F","F","F","F","F","F","F","palmj001","","","F","F","F","F","F","","","","",0,3,0,0,4,0,0,0,0,59,"BAL","KCA","BAL",0,"F","T",2,2,0,30,3,"T","F",1,1,"T","T","portd001","hurdc001","T","T",3,3,58,0,0,0,0,0,0,"dempr001","","",0,0,0,0,0,0,0,0,0,0,0,0,0,"dauer001","F","F","F","F",0,0,0,0,0,0,0,0,0,0,F,F,"1978BAL.EVA.regular.event.csv",4021
"BAL197808100","KCA",8,1,0,0,0,"",2,2,"harll101","?","harll101","?","birdd101","?","birdd101","?","portd001","lacop101","washu001","terrj101","patef101","hurdc001","cowea001","poqut101","","","","7","T","F",8,1,2,"T","T",0,"F","F",1,"F","F",0,"F","F",7,"F","F","F","",0,0,"N",0,"N",0,"N",0,0,0,0,"7","","","","F","F","F","F","F","F","F","F","F","","","","F","F","F","F","F","","","","",0,7,0,0,0,0,0,0,0,60,"BAL","BAL","KCA",1,"T","F",2,2,0,27,0,"T","F",0,0,"T","T","dauer001","singk001","T","T",0,0,0,0,0,0,0,0,0,"","","",0,0,0,0,0,0,0,0,0,0,0,0,0,"hurdc001","F","F","F","F",0,0,0,0,1,0,0,0,0,0,F,F,"1978BAL.EVA.regular.event.csv",4022
"BAL197808100","KCA",8,1,1,0,0,"",2,2,"dauer001","?","dauer001","?","birdd101","?","birdd101","?","portd001","lacop101","washu001","terrj101","patef101","hurdc001","cowea001","poqut101","","","","7","F","F",4,2,2,"T","T",0,"F","F",1,"F","F",0,"F","F",7,"F","F","F","",0,0,"N",0,"N",0,"N",0,0,0,0,"7","","","","F","F","F","F","F","F","F","F","F","","","","F","F","F","F","F","","","","",0,7,0,0,0,0,0,0,0,61,"BAL","BAL","KCA",1,"F","F",2,2,0,28,1,"T","F",0,0,"T","T","singk001","murre001","T","T",0,0,0,0,0,0,0,0,0,"","","",0,0,0,0,0,0,0,0,0,0,0,0,0,"hurdc001","F","F","F","F",0,0,0,0,1,0,0,0,0,0,F,F,"1978BAL.EVA.regular.event.csv",4023
"BAL197808100","KCA",8,1,2,0,0,"",2,2,"singk001","?","singk001","?","hraba101","?","birdd101","?","portd001","lacop101","washu001","terrj101","patef101","hurdc001","cowea001","poqut101","","","","W","F","F",9,3,14,"T","F",0,"F","F",0,"F","F",0,"F","F",0,"","F","F","",0,0,"N",0,"N",0,"N",1,0,0,0,"","","","","F","F","F","F","F","F","F","F","F","","","","F","F","F","F","F","","","","",0,0,0,0,0,0,0,0,0,62,"BAL","BAL","KCA",1,"F","F",2,2,0,29,2,"T","F",0,1,"T","T","murre001","may-l101","F","T",0,0,0,0,0,0,0,0,0,"","","",0,0,0,0,0,0,0,0,0,0,0,0,0,"","F","F","F","F",4,0,0,0,1,0,0,0,0,0,F,F,"1978BAL.EVA.regular.event.csv",4024
"BAL197808100","KCA",8,1,2,0,0,"",2,2,"murre001","?","murre001","?","hraba101","?","hraba101","?","portd001","lacop101","washu001","terrj101","patef101","hurdc001","cowea001","poqut101","lopec101","","","S.1-3","F","F",3,4,20,"T","T",1,"F","F",0,"F","F",0,"F","F",0,"","F","F","",0,0,"N",0,"N",0,"N",1,3,0,0,"","","","","F","F","F","F","F","F","F","F","F","birdd101","","","F","F","T","F","F","singk001","","","",0,0,0,0,0,0,0,0,0,63,"BAL","BAL","KCA",1,"F","F",2,2,0,30,3,"T","F",1,5,"T","T","may-l101","decid001","F","F",0,3,62,0,0,0,0,0,0,"portd001","","",0,0,0,0,0,0,0,0,0,0,0,0,0,"","F","F","F","F",2,4,0,0,1,0,0,0,0,0,F,F,"1978BAL.EVA.regular.event.csv",4025
"BAL197808100","KCA",8,1,2,0,0,"",2,2,"may-l101","?","may-l101","?","hraba101","?","hraba101","?","portd001","lacop101","washu001","terrj101","patef101","hurdc001","cowea001","poqut101","murre001","","lopec101","S.3-H;1-2","F","F",10,5,20,"T","T",1,"F","F",0,"F","F",1,"F","F",0,"","F","F","",0,0,"N",0,"N",0,"N",1,2,0,4,"","","","","F","F","F","F","F","F","F","F","F","hraba101","","birdd101","F","F","F","F","F","","","","",0,0,0,0,0,0,0,0,0,64,"BAL","BAL","KCA",1,"F","F",2,2,0,31,4,"T","F",5,3,"T","T","decid001","kellp101","F","F",3,4,63,0,0,0,0,3,62,"portd001","","portd001",0,0,0,0,0,0,0,0,0,0,0,0,1,"","F","F","F","F",1,2,0,4,0,0,0,0,0,0,F,F,"1978BAL.EVA.regular.event.csv",4026
"BAL197808100","KCA",8,1,2,0,0,"",2,3,"decid001","?","decid001","?","hraba101","?","hraba101","?","portd001","lacop101","washu001","terrj101","patef101","hurdc001","cowea001","poqut101","may-l101","murre001","","K/C","F","F",5,6,3,"T","T",0,"F","F",1,"F","F",0,"F","F",0,"","F","F","",0,0,"N",0,"N",0,"N",0,1,2,0,"2","","","","F","F","F","F","F","F","F","F","F","hraba101","hraba101","","F","F","F","F","F","","","","",0,2,0,0,0,0,0,0,0,65,"BAL","BAL","KCA",1,"F","T",3,2,1,32,5,"T","F",3,3,"T","T","kellp101","garck001","F","F",10,5,64,3,4,63,0,0,0,"portd001","portd001","",0,0,0,0,0,0,0,0,0,0,0,0,0,"","F","F","F","F",0,1,2,0,0,0,0,0,0,0,F,F,"1978BAL.EVA.regular.event.csv",4027
"BAL197808100","KCA",9,0,0,0,0,"",2,3,"portd001","?","portd001","?","palmj001","?","palmj001","?","dempr001","murre001","dauer001","decid001","garck001","andem101","harll101","lopec101","","","","7","T","F",2,5,2,"T","T",0,"F","F",1,"F","F",0,"F","F",7,"F","F","F","",0,0,"N",0,"N",0,"N",0,0,0,0,"7","","","","F","F","F","F","F","F","F","F","F","","","","F","F","F","F","F","","","","",0,7,0,0,0,0,0,0,0,66,"BAL","KCA","BAL",0,"T","F",2,3,0,31,0,"T","F",0,0,"T","T","hurdc001","terrj101","T","T",0,0,0,0,0,0,0,0,0,"","","",0,0,0,0,0,0,0,0,0,0,0,0,0,"andem101","F","F","F","F",0,0,0,0,0,0,0,0,0,0,F,F,"1978BAL.EVA.regular.event.csv",4028
"BAL197808100","KCA",9,0,1,0,0,"",2,3,"hurdc001","?","hurdc001","?","palmj001","?","palmj001","?","dempr001","murre001","dauer001","decid001","garck001","andem101","harll101","lopec101","","","","43","F","F",7,6,2,"T","T",0,"F","F",1,"F","F",0,"F","F",4,"G","F","F","",0,0,"N",0,"N",0,"N",0,0,0,0,"43","","","","F","F","F","F","F","F","F","F","F","","","","F","F","F","F","F","","","","",0,3,0,0,4,0,0,0,0,67,"BAL","KCA","BAL",0,"F","F",2,3,0,32,1,"T","F",0,0,"T","T","terrj101","patef101","T","T",0,0,0,0,0,0,0,0,0,"","","",0,0,0,0,0,0,0,0,0,0,0,0,0,"dauer001","F","F","F","F",0,0,0,0,0,0,0,0,0,0,F,F,"1978BAL.EVA.regular.event.csv",4029
"BAL197808100","KCA",9,0,2,0,0,"",2,3,"braus001","?","braus001","?","palmj001","?","palmj001","?","dempr001","murre001","dauer001","decid001","garck001","andem101","harll101","lopec101","","","","W","F","T",11,7,14,"T","F",0,"F","F",0,"F","F",0,"F","F",0,"","F","F","",0,0,"N",0,"N",0,"N",1,0,0,0,"","","","","F","F","F","F","F","F","F","F","F","","","","F","F","F","F","F","","","","terrj101",5,0,0,0,0,0,0,0,0,68,"BAL","KCA","BAL",0,"F","F",2,3,0,33,2,"T","F",0,1,"F","F","patef101","washu001","T","T",0,0,0,0,0,0,0,0,0,"","","",0,0,0,0,0,0,0,0,0,0,0,0,0,"","F","F","F","F",2,0,0,0,0,0,0,0,0,0,F,F,"1978BAL.EVA.regular.event.csv",4030
"BAL197808100","KCA",9,0,2,0,0,"",2,3,"patef101","?","patef101","?","stand101","?","stand101","?","dempr001","murre001","dauer001","decid001","garck001","andem101","harll101","lopec101","braus001","","","W.1-2","F","F",6,8,14,"T","F",0,"F","F",0,"F","F",0,"F","F",0,"","F","F","",0,0,"N",0,"N",0,"N",1,2,0,0,"","","","","F","F","F","F","F","F","F","F","F","palmj001","","","F","F","F","F","F","","","","",0,0,0,0,0,0,0,0,0,69,"BAL","KCA","BAL",0,"F","F",2,3,0,34,3,"T","F",1,3,"T","T","washu001","poqut101","F","F",0,7,68,0,0,0,0,0,0,"dempr001","","",0,0,0,0,0,0,0,0,0,0,0,0,0,"","F","F","F","F",1,2,0,0,0,0,0,0,0,0,F,F,"1978BAL.EVA.regular.event.csv",4031
"BAL197808100","KCA",9,0,2,0,0,"",2,3,"washu001","?","washu001","?","stand101","?","stand101","?","dempr001","murre001","dauer001","decid001","garck001","andem101","harll101","lopec101","patef101","braus001","","43","F","F",4,9,2,"T","T",0,"F","F",1,"F","F",0,"F","F",4,"G","F","F","",0,0,"N",0,"N",0,"N",0,1,2,0,"43","","","","F","F","F","F","F","F","F","F","F","stand101","palmj001","","F","T","F","F","F","","","","",0,3,0,0,4,0,0,0,0,70,"BAL","KCA","BAL",0,"F","T",2,3,0,35,4,"T","F",3,3,"T","T","poqut101","mcrah001","F","F",6,8,69,0,7,68,0,0,0,"dempr001","dempr001","",0,0,0,0,0,0,0,0,0,0,0,0,0,"dauer001","F","F","F","F",0,1,2,0,0,0,0,0,0,0,F,F,"1978BAL.EVA.regular.event.csv",4032
"BAL197808110","NYA",1,0,0,0,0,"",0,0,"rivem001","?","rivem001","?","martd001","?","martd001","?","dempr001","murre001","dauer001","decid001","garck001","kellp101","harll101","singk001","","","","5","T","F",8,1,2,"T","T",0,"F","F",1,"F","F",0,"F","F",5,"F","F","F","",0,0,"N",0,"N",0,"N",0,0,0,0,"5","","","","F","F","F","F","F","F","F","F","F","","","","T","F","F","F","F","","","","",0,5,0,0,0,0,0,0,0,1,"BAL","NYA","BAL",0,"T","F",0,0,0,0,0,"T","F",0,0,"T","T","randw001","munst101","T","T",0,0,0,0,0,0,0,0,0,"","","",0,0,0,0,0,0,0,0,0,0,0,0,0,"decid001","F","F","F","F",0,0,0,0,0,0,0,0,0,0,F,F,"1978BAL.EVA.regular.event.csv",4033
"BAL197808110","NYA",1,0,1,0,0,"",0,0,"randw001","?","randw001","?","martd001","?","martd001","?","dempr001","murre001","dauer001","decid001","garck001","kellp101","harll101","singk001","","","","K/C","F","F",4,2,3,"T","T",0,"F","F",1,"F","F",0,"F","F",0,"","F","F","",0,0,"N",0,"N",0,"N",0,0,0,0,"2","","","","F","F","F","F","F","F","F","F","F","","","","F","F","F","F","F","","","","",0,2,0,0,0,0,0,0,0,2,"BAL","NYA","BAL",0,"F","F",0,0,0,1,1,"T","F",0,0,"T","T","munst101","chamc001","T","T",0,0,0,0,0,0,0,0,0,"","","",0,0,0,0,0,0,0,0,0,0,0,0,0,"","F","F","F","F",0,0,0,0,0,0,0,0,0,0,F,F,"1978BAL.EVA.regular.event.csv",4034
"BAL197808110","NYA",1,0,2,0,0,"",0,0,"munst101","?","munst101","?","martd001","?","martd001","?","dempr001","murre001","dauer001","decid001","garck001","kellp101","harll101","singk001","","","","8","F","F",2,3,2,"T","T",0,"F","F",1,"F","F",0,"F","F",8,"F","F","F","",0,0,"N",0,"N",0,"N",0,0,0,0,"8","","","","F","F","F","F","F","F","F","F","F","","","","F","F","F","F","F","","","","",0,8,0,0,0,0,0,0,0,3,"BAL","NYA","BAL",0,"F","T",0,0,0,2,2,"T","F",0,0,"T","T","chamc001","nettg001","T","T",0,0,0,0,0,0,0,0,0,"","","",0,0,0,0,0,0,0,0,0,0,0,0,0,"harll101","F","F","F","F",0,0,0,0,0,0,0,0,0,0,F,F,"1978BAL.EVA.regular.event.csv",4035
"BAL197808110","NYA",1,1,0,0,0,"",0,0,"harll101","?","harll101","?","huntj101","?","huntj101","?","munst101","chamc001","randw001","nettg001","dentb001","thomg101","rivem001","johnj002","","","","53","T","F",8,1,2,"T","T",0,"F","F",1,"F","F",0,"F","F",5,"G","F","F","",0,0,"N",0,"N",0,"N",0,0,0,0,"53","","","","F","F","F","F","F","F","F","F","F","","","","F","F","F","F","F","","","","",0,3,0,0,5,0,0,0,0,4,"BAL","BAL","NYA",1,"T","F",0,0,0,0,0,"T","F",0,0,"T","T","dauer001","singk001","T","T",0,0,0,0,0,0,0,0,0,"","","",0,0,0,0,0,0,0,0,0,0,0,0,0,"nettg001","F","F","F","F",0,0,0,0,1,0,0,0,0,0,F,F,"1978BAL.EVA.regular.event.csv",4036
"BAL197808110","NYA",1,1,1,0,0,"",0,0,"dauer001","?","dauer001","?","huntj101","?","huntj101","?","munst101","chamc001","randw001","nettg001","dentb001","thomg101","rivem001","johnj002","","","","8","F","F",4,2,2,"T","T",0,"F","F",1,"F","F",0,"F","F",8,"F","F","F","",0,0,"N",0,"N",0,"N",0,0,0,0,"8","","","","F","F","F","F","F","F","F","F","F","","","","F","F","F","F","F","","","","",0,8,0,0,0,0,0,0,0,5,"BAL","BAL","NYA",1,"F","F",0,0,0,1,1,"T","F",0,0,"T","T","singk001","murre001","T","T",0,0,0,0,0,0,0,0,0,"","","",0,0,0,0,0,0,0,0,0,0,0,0,0,"rivem001","F","F","F","F",0,0,0,0,1,0,0,0,0,0,F,F,"1978BAL.EVA.regular.event.csv",4037
"BAL197808110","NYA",1,1,2,0,0,"",0,0,"singk001","?","singk001","?","huntj101","?","huntj101","?","munst101","chamc001","randw001","nettg001","dentb001","thomg101","rivem001","johnj002","","","","HR/7","F","F",9,3,23,"T","T",4,"F","F",0,"F","F",1,"F","F",0,"","F","F","7",0,0,"N",0,"N",0,"N",4,0,0,0,"","","","","F","F","F","F","F","F","F","F","F","","","","F","F","F","F","F","","","","",0,0,0,0,0,0,0,0,0,6,"BAL","BAL","NYA",1,"F","F",0,0,0,2,2,"T","F",0,0,"T","T","murre001","may-l101","T","T",0,0,0,0,0,0,0,0,0,"","","",0,0,0,0,0,0,0,0,0,0,0,0,1,"","F","F","F","F",4,0,0,0,0,0,0,0,0,0,F,F,"1978BAL.EVA.regular.event.csv",4038
"BAL197808110","NYA",1,1,2,0,0,"",0,1,"murre001","?","murre001","?","huntj101","?","huntj101","?","munst101","chamc001","randw001","nettg001","dentb001","thomg101","rivem001","johnj002","","","","3","F","F",3,4,2,"T","T",0,"F","F",1,"F","F",0,"F","F",3,"F","F","F","",0,0,"N",0,"N",0,"N",0,0,0,0,"3","","","","F","F","F","F","F","F","F","F","F","","","","F","F","F","F","F","","","","",0,3,0,0,0,0,0,0,0,7,"BAL","BAL","NYA",1,"F","T",1,0,1,3,3,"T","F",0,0,"T","T","may-l101","decid001","T","T",0,0,0,0,0,0,0,0,0,"","","",0,0,0,0,0,0,0,0,0,0,0,0,0,"chamc001","F","F","F","F",0,0,0,0,0,0,0,0,0,0,F,F,"1978BAL.EVA.regular.event.csv",4039
"BAL197808110","NYA",2,0,0,0,0,"",0,1,"chamc001","?","chamc001","?","martd001","?","martd001","?","dempr001","murre001","dauer001","decid001","garck001","kellp101","harll101","singk001","","","","43","T","F",3,4,2,"T","T",0,"F","F",1,"F","F",0,"F","F",4,"G","F","F","",0,0,"N",0,"N",0,"N",0,0,0,0,"43","","","","F","F","F","F","F","F","F","F","F","","","","F","F","F","F","F","","","","",0,3,0,0,4,0,0,0,0,8,"BAL","NYA","BAL",0,"T","F",0,1,0,3,0,"T","F",0,0,"T","T","nettg001","jackr001","T","T",0,0,0,0,0,0,0,0,0,"","","",0,0,0,0,0,0,0,0,0,0,0,0,0,"dauer001","F","F","F","F",0,0,0,0,0,0,0,0,0,0,F,F,"1978BAL.EVA.regular.event.csv",4040
"BAL197808110","NYA",2,0,1,0,0,"",0,1,"nettg001","?","nettg001","?","martd001","?","martd001","?","dempr001","murre001","dauer001","decid001","garck001","kellp101","harll101","singk001","","","","D7","F","F",5,5,21,"T","T",2,"F","F",0,"F","F",0,"F","F",7,"","F","F","",0,0,"N",0,"N",0,"N",2,0,0,0,"","","","","F","F","F","F","F","F","F","F","F","","","","F","F","F","F","F","","","","",0,0,0,0,0,0,0,0,0,9,"BAL","NYA","BAL",0,"F","F",0,1,0,4,1,"T","F",0,2,"T","T","jackr001","johnj002","T","T",0,0,0,0,0,0,0,0,0,"","","",0,0,0,0,0,0,0,0,0,0,0,0,0,"kellp101","F","F","F","F",0,0,0,0,0,0,0,0,0,0,F,F,"1978BAL.EVA.regular.event.csv",4041
"BAL197808110","NYA",2,0,1,0,0,"",0,1,"jackr001","?","jackr001","?","martd001","?","martd001","?","dempr001","murre001","dauer001","decid001","garck001","kellp101","harll101","singk001","","nettg001","","9/L","F","F",10,6,2,"T","T",0,"F","F",1,"F","F",0,"F","F",9,"L","F","F","",0,0,"N",0,"N",0,"N",0,0,2,0,"9","","","","F","F","F","F","F","F","F","F","F","","martd001","","F","F","F","F","F","","","","",0,9,0,0,0,0,0,0,0,10,"BAL","NYA","BAL",0,"F","F",0,1,0,5,2,"T","F",2,2,"T","T","johnj002","thomg101","T","T",0,0,0,5,5,9,0,0,0,"","dempr001","",0,0,0,0,0,0,0,0,0,0,0,0,0,"singk001","F","F","F","F",0,0,0,0,0,0,0,0,0,0,F,F,"1978BAL.EVA.regular.event.csv",4042
"BAL197808110","NYA",2,0,2,0,0,"",0,1,"johnj002","?","johnj002","?","martd001","?","martd001","?","dempr001","murre001","dauer001","decid001","garck001","kellp101","harll101","singk001","","nettg001","","43","F","F",9,7,2,"T","T",0,"F","F",1,"F","F",0,"F","F",4,"G","F","F","",0,0,"N",0,"N",0,"N",0,0,2,0,"43","","","","F","F","F","F","F","F","F","F","F","","martd001","","F","F","F","F","F","","","","",0,3,0,0,4,0,0,0,0,11,"BAL","NYA","BAL",0,"F","T",0,1,0,6,3,"T","F",2,2,"T","T","thomg101","dentb001","T","T",0,0,0,5,5,9,0,0,0,"","dempr001","",0,0,0,0,0,0,0,0,0,0,0,0,0,"dauer001","F","F","F","F",0,0,0,0,0,0,0,0,0,0,F,F,"1978BAL.EVA.regular.event.csv",4043
"BAL197808110","NYA",2,1,0,0,0,"",0,1,"may-l101","?","may-l101","?","huntj101","?","huntj101","?","munst101","chamc001","randw001","nettg001","dentb001","thomg101","rivem001","johnj002","","","","7","T","F",10,5,2,"T","T",0,"F","F",1,"F","F",0,"F","F",7,"F","F","F","",0,0,"N",0,"N",0,"N",0,0,0,0,"7","","","","F","F","F","F","F","F","F","F","F","","","","F","F","F","F","F","","","","",0,7,0,0,0,0,0,0,0,12,"BAL","BAL","NYA",1,"T","F",1,0,0,4,0,"T","F",0,0,"T","T","decid001","kellp101","T","T",0,0,0,0,0,0,0,0,0,"","","",0,0,0,0,0,0,0,0,0,0,0,0,0,"thomg101","F","F","F","F",0,0,0,0,0,0,0,0,0,0,F,F,"1978BAL.EVA.regular.event.csv",4044
"BAL197808110","NYA",2,1,1,0,0,"",0,1,"decid001","?","decid001","?","huntj101","?","huntj101","?","munst101","chamc001","randw001","nettg001","dentb001","thomg101","rivem001","johnj002","","","","8","F","F",5,6,2,"T","T",0,"F","F",1,"F","F",0,"F","F",8,"F","F","F","",0,0,"N",0,"N",0,"N",0,0,0,0,"8","","","","F","F","F","F","F","F","F","F","F","","","","F","F","F","F","F","","","","",0,8,0,0,0,0,0,0,0,13,"BAL","BAL","NYA",1,"F","F",1,0,0,5,1,"T","F",0,0,"T","T","kellp101","garck001","T","T",0,0,0,0,0,0,0,0,0,"","","",0,0,0,0,0,0,0,0,0,0,0,0,0,"rivem001","F","F","F","F",0,0,0,0,0,0,0,0,0,0,F,F,"1978BAL.EVA.regular.event.csv",4045
"BAL197808110","NYA",2,1,2,0,0,"",0,1,"kellp101","?","kellp101","?","huntj101","?","huntj101","?","munst101","chamc001","randw001","nettg001","dentb001","thomg101","rivem001","johnj002","","","","K/C","F","F",7,7,3,"T","T",0,"F","F",1,"F","F",0,"F","F",0,"","F","F","",0,0,"N",0,"N",0,"N",0,0,0,0,"2","","","","F","F","F","F","F","F","F","F","F","","","","F","F","F","F","F","","","","",0,2,0,0,0,0,0,0,0,14,"BAL","BAL","NYA",1,"F","T",1,0,0,6,2,"T","F",0,0,"T","T","garck001","dempr001","T","T",0,0,0,0,0,0,0,0,0,"","","",0,0,0,0,0,0,0,0,0,0,0,0,0,"","F","F","F","F",0,0,0,0,0,0,0,0,0,0,F,F,"1978BAL.EVA.regular.event.csv",4046
"BAL197808110","NYA",3,0,0,0,0,"",0,1,"thomg101","?","thomg101","?","martd001","?","martd001","?","dempr001","murre001","dauer001","decid001","garck001","kellp101","harll101","singk001","","","","W","T","F",7,8,14,"T","F",0,"F","F",0,"F","F",0,"F","F",0,"","F","F","",0,0,"N",0,"N",0,"N",1,0,0,0,"","","","","F","F","F","F","F","F","F","F","F","","","","F","F","F","F","F","","","","",0,0,0,0,0,0,0,0,0,15,"BAL","NYA","BAL",0,"T","F",0,1,0,7,0,"T","F",0,1,"T","T","dentb001","rivem001","T","T",0,0,0,0,0,0,0,0,0,"","","",0,0,0,0,0,0,0,0,0,0,0,0,0,"","F","F","F","F",0,0,0,0,0,0,0,0,0,0,F,F,"1978BAL.EVA.regular.event.csv",4047
"BAL197808110","NYA",3,0,0,0,0,"",0,1,"dentb001","?","dentb001","?","martd001","?","martd001","?","dempr001","murre001","dauer001","decid001","garck001","kellp101","harll101","singk001","thomg101","","","S8.1-2","F","F",6,9,20,"T","T",1,"F","F",0,"F","F",0,"F","F",8,"","F","F","",0,0,"N",0,"N",0,"N",1,2,0,0,"","","","","F","F","F","F","F","F","F","F","F","martd001","","","F","F","F","F","F","","","","",0,0,0,0,0,0,0,0,0,16,"BAL","NYA","BAL",0,"F","F",0,1,0,8,1,"T","F",1,3,"T","T","rivem001","randw001","T","T",7,8,15,0,0,0,0,0,0,"dempr001","","",0,0,0,0,0,0,0,0,0,0,0,0,0,"harll101","F","F","F","F",0,0,0,0,0,0,0,0,0,0,F,F,"1978BAL.EVA.regular.event.csv",4048
"BAL197808110","NYA",3,0,0,0,0,"",0,1,"rivem001","?","rivem001","?","martd001","?","martd001","?","dempr001","murre001","dauer001","decid001","garck001","kellp101","harll101","singk001","dentb001","thomg101","","15(2)/FO.1-2","F","F",8,1,2,"T","T",0,"F","F",1,"F","F",0,"F","F",1,"G","F","F","",0,0,"N",0,"N",0,"N",1,2,0,0,"","","15","","F","F","F","F","F","F","F","F","F","martd001","martd001","","F","F","F","F","F","","","","",0,5,0,0,1,0,0,0,0,17,"BAL","NYA","BAL",0,"F","F",0,1,0,9,2,"T","F",3,3,"T","T","randw001","munst101","T","T",6,9,16,7,8,15,0,0,0,"dempr001","dempr001","",0,0,0,0,0,0,0,0,0,0,0,0,0,"martd001","F","T","F","F",0,0,0,0,0,0,0,0,0,0,F,F,"1978BAL.EVA.regular.event.csv",4049
"BAL197808110","NYA",3,0,1,0,0,"",0,1,"randw001","?","randw001","?","martd001","?","martd001","?","dempr001","murre001","dauer001","decid001","garck001","kellp101","harll101","singk001","rivem001","dentb001","","PO1(13)","F","F",4,2,8,"F","F",0,"F","F",1,"F","F",0,"F","F",0,"","F","F","",0,0,"N",0,"N",0,"N",0,0,2,0,"","13","","","F","F","F","F","F","F","T","F","F","martd001","martd001","","F","F","F","F","F","","","","",0,3,0,0,1,0,0,0,0,18,"BAL","NYA","BAL",0,"F","F",0,1,0,10,3,"T","F",3,2,"T","T","munst101","chamc001","T","T",8,1,17,6,9,16,0,0,0,"dempr001","dempr001","",0,0,0,0,0,0,0,0,0,0,0,0,0,"","F","F","F","F",0,0,0,0,0,0,0,0,0,0,F,F,"1978BAL.EVA.regular.event.csv",4050
"BAL197808110","NYA",3,0,2,0,0,"",0,1,"randw001","?","randw001","?","martd001","?","martd001","?","dempr001","murre001","dauer001","decid001","garck001","kellp101","harll101","singk001","","dentb001","","W","F","F",4,2,14,"T","F",0,"F","F",0,"F","F",0,"F","F",0,"","F","F","",0,0,"N",0,"N",0,"N",1,0,2,0,"","","","","F","F","F","F","F","F","F","F","F","","martd001","","F","F","F","F","F","","","","",0,0,0,0,0,0,0,0,0,19,"BAL","NYA","BAL",0,"F","F",0,1,0,10,3,"F","F",2,3,"T","T","munst101","chamc001","T","T",0,0,0,6,9,16,0,0,0,"","dempr001","",0,0,0,0,0,0,0,0,0,0,0,0,0,"","F","F","F","F",0,0,0,0,0,0,0,0,0,0,F,F,"1978BAL.EVA.regular.event.csv",4051
"BAL197808110","NYA",3,0,2,0,0,"",0,1,"munst101","?","munst101","?","martd001","?","martd001","?","dempr001","murre001","dauer001","decid001","garck001","kellp101","harll101","singk001","randw001","dentb001","","4/L","F","F",2,3,2,"T","T",0,"F","F",1,"F","F",0,"F","F",4,"L","F","F","",0,0,"N",0,"N",0,"N",0,1,2,0,"4","","","","F","F","F","F","F","F","F","F","F","martd001","martd001","","F","F","F","F","F","","","","",0,4,0,0,0,0,0,0,0,20,"BAL","NYA","BAL",0,"F","T",0,1,0,11,4,"T","F",3,3,"T","T","chamc001","nettg001","T","T",4,2,19,6,9,16,0,0,0,"dempr001","dempr001","",0,0,0,0,0,0,0,0,0,0,0,0,0,"dauer001","F","F","F","F",0,0,0,0,0,0,0,0,0,0,F,F,"1978BAL.EVA.regular.event.csv",4052
"BAL197808110","NYA",3,1,0,0,0,"",0,1,"garck001","?","garck001","?","huntj101","?","huntj101","?","munst101","chamc001","randw001","nettg001","dentb001","thomg101","rivem001","johnj002","","","","3/FL","T","F",6,8,2,"T","T",0,"F","F",1,"F","F",0,"F","F",3,"F","F","T","",0,0,"N",0,"N",0,"N",0,0,0,0,"3","","","","F","F","F","F","F","F","F","F","F","","","","F","F","F","F","F","","","","",0,3,0,0,0,0,0,0,0,21,"BAL","BAL","NYA",1,"T","F",1,0,0,7,0,"T","F",0,0,"T","T","dempr001","harll101","T","T",0,0,0,0,0,0,0,0,0,"","","",0,0,0,0,0,0,0,0,0,0,0,0,0,"chamc001","F","F","F","F",0,0,0,0,0,0,0,0,0,0,F,F,"1978BAL.EVA.regular.event.csv",4053
"BAL197808110","NYA",3,1,1,0,0,"",0,1,"dempr001","?","dempr001","?","huntj101","?","huntj101","?","munst101","chamc001","randw001","nettg001","dentb001","thomg101","rivem001","johnj002","","","","43","F","F",2,9,2,"T","T",0,"F","F",1,"F","F",0,"F","F",4,"G","F","F","",0,0,"N",0,"N",0,"N",0,0,0,0,"43","","","","F","F","F","F","F","F","F","F","F","","","","F","F","F","F","F","","","","",0,3,0,0,4,0,0,0,0,22,"BAL","BAL","NYA",1,"F","F",1,0,0,8,1,"T","F",0,0,"T","T","harll101","dauer001","T","T",0,0,0,0,0,0,0,0,0,"","","",0,0,0,0,0,0,0,0,0,0,0,0,0,"randw001","F","F","F","F",0,0,0,0,0,0,0,0,0,0,F,F,"1978BAL.EVA.regular.event.csv",4054
"BAL197808110","NYA",3,1,2,0,0,"",0,1,"harll101","?","harll101","?","huntj101","?","huntj101","?","munst101","chamc001","randw001","nettg001","dentb001","thomg101","rivem001","johnj002","","","","2/FL","F","F",8,1,2,"T","T",0,"F","F",1,"F","F",0,"F","F",2,"F","F","T","",0,0,"N",0,"N",0,"N",0,0,0,0,"2","","","","F","F","F","F","F","F","F","F","F","","","","F","F","F","F","F","","","","",0,2,0,0,0,0,0,0,0,23,"BAL","BAL","NYA",1,"F","T",1,0,0,9,2,"T","F",0,0,"T","T","dauer001","singk001","T","T",0,0,0,0,0,0,0,0,0,"","","",0,0,0,0,0,0,0,0,0,0,0,0,0,"munst101","F","F","F","F",0,0,0,0,0,0,0,0,0,0,F,F,"1978BAL.EVA.regular.event.csv",4055
"BAL197808110","NYA",4,0,0,0,0,"",0,1,"chamc001","?","chamc001","?","martd001","?","martd001","?","dempr001","murre001","dauer001","decid001","garck001","kellp101","harll101","singk001","","","","S7","T","F",3,4,20,"T","T",1,"F","F",0,"F","F",0,"F","F",7,"","F","F","",0,0,"N",0,"N",0,"N",1,0,0,0,"","","","","F","F","F","F","F","F","F","F","F","","","","F","F","F","F","F","","","","",0,0,0,0,0,0,0,0,0,24,"BAL","NYA","BAL",0,"T","F",0,1,0,12,0,"T","F",0,1,"T","T","nettg001","jackr001","T","T",0,0,0,0,0,0,0,0,0,"","","",0,0,0,0,0,0,0,0,0,0,0,0,0,"kellp101","F","F","F","F",4,0,0,0,2,0,0,0,0,0,F,F,"1978BAL.EVA.regular.event.csv",4056
"BAL197808110","NYA",4,0,0,0,0,"",0,1,"nettg001","?","nettg001","?","martd001","?","martd001","?","dempr001","murre001","dauer001","decid001","garck001","kellp101","harll101","singk001","chamc001","","","8/L","F","F",5,5,2,"T","T",0,"F","F",1,"F","F",0,"F","F",8,"L","F","F","",0,0,"N",0,"N",0,"N",0,1,0,0,"8","","","","F","F","F","F","F","F","F","F","F","martd001","","","F","F","F","F","F","","","","",0,8,0,0,0,0,0,0,0,25,"BAL","NYA","BAL",0,"F","F",0,1,0,13,1,"T","F",1,1,"T","T","jackr001","johnj002","T","T",3,4,24,0,0,0,0,0,0,"dempr001","","",0,0,0,0,0,0,0,0,0,0,0,0,0,"harll101","F","F","F","F",0,4,0,0,2,0,0,0,0,0,F,F,"1978BAL.EVA.regular.event.csv",4057
"BAL197808110","NYA",4,0,1,0,0,"",0,1,"jackr001","?","jackr001","?","martd001","?","martd001","?","dempr001","murre001","dauer001","decid001","garck001","kellp101","harll101","singk001","chamc001","","","S/89.1-3","F","F",10,6,20,"T","T",1,"F","F",0,"F","F",0,"F","F",0,"","F","F","89",0,0,"N",0,"N",0,"N",1,3,0,0,"","","","","F","F","F","F","F","F","F","F","F","martd001","","","F","F","F","F","F","","","","",0,0,0,0,0,0,0,0,0,26,"BAL","NYA","BAL",0,"F","F",0,1,0,14,2,"T","F",1,5,"T","T","johnj002","thomg101","T","T",3,4,24,0,0,0,0,0,0,"dempr001","","",0,0,0,0,0,0,0,0,0,0,0,0,0,"","F","F","F","F",5,4,0,0,2,0,0,0,0,0,F,F,"1978BAL.EVA.regular.event.csv",4058
"BAL197808110","NYA",4,0,1,0,0,"",0,1,"johnj002","?","johnj002","?","martd001","?","martd001","?","dempr001","murre001","dauer001","decid001","garck001","kellp101","harll101","singk001","jackr001","","chamc001","W.1-2","F","F",9,7,14,"T","F",0,"F","F",0,"F","F",0,"F","F",0,"","F","F","",0,0,"N",0,"N",0,"N",1,2,0,3,"","","","","F","F","F","F","F","F","F","F","F","martd001","","martd001","F","F","F","F","F","","","","",0,0,0,0,0,0,0,0,0,27,"BAL","NYA","BAL",0,"F","F",0,1,0,15,3,"T","F",5,7,"T","T","thomg101","dentb001","T","T",10,6,26,0,0,0,3,4,24,"dempr001","","dempr001",0,0,0,0,0,0,0,0,0,0,0,0,0,"","F","F","F","F",0,5,0,4,2,0,0,0,0,0,F,F,"1978BAL.EVA.regular.event.csv",4059
"BAL197808110","NYA",4,0,1,0,0,"",0,1,"thomg101","?","thomg101","?","martd001","?","martd001","?","dempr001","murre001","dauer001","decid001","garck001","kellp101","harll101","singk001","johnj002","jackr001","chamc001","46(1)/FO.3-H;2-H(E6)(UR)(NR);B-1","F","F",7,8,2,"T","T",0,"F","F",1,"F","F",1,"F","F",4,"G","F","F","",1,6,"F",0,"N",0,"N",1,0,5,4,"","46","","","F","F","F","F","F","F","F","F","F","martd001","martd001","martd001","F","F","F","F","F","","","","",0,6,0,0,4,0,0,0,0,28,"BAL","NYA","BAL",0,"F","F",0,1,0,16,4,"T","F",7,1,"T","T","dentb001","rivem001","T","T",9,7,27,10,6,26,3,4,24,"dempr001","dempr001","dempr001",0,0,0,0,0,0,0,0,0,0,0,0,2,"dauer001","T","F","F","F",0,0,5,4,0,0,0,0,0,0,F,F,"1978BAL.EVA.regular.event.csv",4060
"BAL197808110","NYA",4,0,2,0,0,"",2,1,"dentb001","?","dentb001","?","martd001","?","martd001","?","dempr001","murre001","dauer001","decid001","garck001","kellp101","harll101","singk001","thomg101","","","43","F","F",6,9,2,"T","T",0,"F","F",1,"F","F",0,"F","F",4,"G","F","F","",0,0,"N",0,"N",0,"N",0,1,0,0,"43","","","","F","F","F","F","F","F","F","F","F","martd001","","","F","F","F","F","F","","","","",0,3,0,0,4,0,0,0,0,29,"BAL","NYA","BAL",0,"F","T",2,1,2,17,5,"T","F",1,1,"T","T","rivem001","randw001","T","T",7,8,28,0,0,0,0,0,0,"dempr001","","",0,0,0,0,0,0,0,0,0,0,0,0,0,"dauer001","F","F","F","F",0,0,0,0,0,0,0,0,0,0,F,F,"1978BAL.EVA.regular.event.csv",4061
"BAL197808110","NYA",4,1,0,0,0,"",2,1,"dauer001","?","dauer001","?","huntj101","?","huntj101","?","munst101","chamc001","randw001","nettg001","dentb001","thomg101","rivem001","johnj002","","","","7","T","F",4,2,2,"T","T",0,"F","F",1,"F","F",0,"F","F",7,"F","F","F","",0,0,"N",0,"N",0,"N",0,0,0,0,"7","","","","F","F","F","F","F","F","F","F","F","","","","F","F","F","F","F","","","","",0,7,0,0,0,0,0,0,0,30,"BAL","BAL","NYA",1,"T","F",1,2,0,10,0,"T","F",0,0,"T","T","singk001","murre001","T","T",0,0,0,0,0,0,0,0,0,"","","",0,0,0,0,0,0,0,0,0,0,0,0,0,"thomg101","F","F","F","F",0,0,0,0,0,0,0,0,0,0,F,F,"1978BAL.EVA.regular.event.csv",4062
"BAL197808110","NYA",4,1,1,0,0,"",2,1,"singk001","?","singk001","?","huntj101","?","huntj101","?","munst101","chamc001","randw001","nettg001","dentb001","thomg101","rivem001","johnj002","","","","S9","F","F",9,3,20,"T","T",1,"F","F",0,"F","F",0,"F","F",9,"","F","F","",0,0,"N",0,"N",0,"N",1,0,0,0,"","","","","F","F","F","F","F","F","F","F","F","","","","F","F","F","F","F","","","","",0,0,0,0,0,0,0,0,0,31,"BAL","BAL","NYA",1,"F","F",1,2,0,11,1,"T","F",0,1,"T","T","murre001","may-l101","T","T",0,0,0,0,0,0,0,0,0,"","","",0,0,0,0,0,0,0,0,0,0,0,0,0,"johnj002","F","F","F","F",0,0,0,0,0,0,0,0,0,0,F,F,"1978BAL.EVA.regular.event.csv",4063
"BAL197808110","NYA",4,1,1,0,0,"",2,1,"murre001","?","murre001","?","huntj101","?","huntj101","?","munst101","chamc001","randw001","nettg001","dentb001","thomg101","rivem001","johnj002","singk001","","","S.1-2","F","F",3,4,20,"T","T",1,"F","F",0,"F","F",0,"F","F",0,"","F","F","",0,0,"N",0,"N",0,"N",1,2,0,0,"","","","","F","F","F","F","F","F","F","F","F","huntj101","","","F","F","F","F","F","","","","",0,0,0,0,0,0,0,0,0,32,"BAL","BAL","NYA",1,"F","F",1,2,0,12,2,"T","F",1,3,"T","T","may-l101","decid001","T","T",9,3,31,0,0,0,0,0,0,"munst101","","",0,0,0,0,0,0,0,0,0,0,0,0,0,"","F","F","F","F",0,0,0,0,0,0,0,0,0,0,F,F,"1978BAL.EVA.regular.event.csv",4064
"BAL197808110","NYA",4,1,1,0,0,"",2,1,"may-l101","?","may-l101","?","huntj101","?","huntj101","?","munst101","chamc001","randw001","nettg001","dentb001","thomg101","rivem001","johnj002","murre001","singk001","","8","F","F",10,5,2,"T","T",0,"F","F",1,"F","F",0,"F","F",8,"F","F","F","",0,0,"N",0,"N",0,"N",0,1,2,0,"8","","","","F","F","F","F","F","F","F","F","F","huntj101","huntj101","","F","F","F","F","F","","","","",0,8,0,0,0,0,0,0,0,33,"BAL","BAL","NYA",1,"F","F",1,2,0,13,3,"T","F",3,3,"T","T","decid001","kellp101","T","T",3,4,32,9,3,31,0,0,0,"munst101","munst101","",0,0,0,0,0,0,0,0,0,0,0,0,0,"rivem001","F","F","F","F",0,0,0,0,0,0,0,0,0,0,F,F,"1978BAL.EVA.regular.event.csv",4065
"BAL197808110","NYA",4,1,2,0,0,"",2,1,"decid001","?","decid001","?","huntj101","?","huntj101","?","munst101","chamc001","randw001","nettg001","dentb001","thomg101","rivem001","johnj002","murre001","singk001","","WP.2-3;1-2","F","F",5,6,9,"F","F",0,"F","F",0,"F","F",0,"T","F",0,"","F","F","",0,0,"N",0,"N",0,"N",0,2,3,0,"","","","","F","F","F","F","F","F","F","F","F","huntj101","huntj101","","F","F","F","F","F","","","","",0,0,0,0,0,0,0,0,0,34,"BAL","BAL","NYA",1,"F","F",1,2,0,14,4,"T","F",3,6,"T","T","kellp101","garck001","T","T",3,4,32,9,3,31,0,0,0,"munst101","munst101","",0,0,0,0,0,0,0,0,0,0,0,0,0,"","F","F","F","F",0,0,0,0,0,0,0,0,0,0,F,F,"1978BAL.EVA.regular.event.csv",4066
"BAL197808110","NYA",4,1,2,0,0,"",2,1,"decid001","?","decid001","?","huntj101","?","huntj101","?","munst101","chamc001","randw001","nettg001","dentb001","thomg101","rivem001","johnj002","","murre001","singk001","W","F","F",5,6,14,"T","F",0,"F","F",0,"F","F",0,"F","F",0,"","F","F","",0,0,"N",0,"N",0,"N",1,0,2,3,"","","","","F","F","F","F","F","F","F","F","F","","huntj101","huntj101","F","F","F","F","F","","","","",0,0,0,0,0,0,0,0,0,35,"BAL","BAL","NYA",1,"F","F",1,2,0,14,4,"F","F",6,7,"T","T","kellp101","garck001","T","T",0,0,0,3,4,32,9,3,31,"","munst101","munst101",0,0,0,0,0,0,0,0,0,0,0,0,0,"","F","F","F","F",0,0,0,0,0,0,0,0,0,0,F,F,"1978BAL.EVA.regular.event.csv",4067
"BAL197808110","NYA",4,1,2,0,0,"",2,1,"kellp101","?","kellp101","?","huntj101","?","huntj101","?","munst101","chamc001","randw001","nettg001","dentb001","thomg101","rivem001","johnj002","decid001","murre001","singk001","9","F","F",7,7,2,"T","T",0,"F","F",1,"F","F",0,"F","F",9,"F","F","F","",0,0,"N",0,"N",0,"N",0,1,2,3,"9","","","","F","F","F","F","F","F","F","F","F","huntj101","huntj101","huntj101","F","F","F","F","F","","","","",0,9,0,0,0,0,0,0,0,36,"BAL","BAL","NYA",1,"F","T",1,2,0,15,5,"T","F",7,7,"T","T","garck001","dempr001","T","T",5,6,35,3,4,32,9,3,31,"munst101","munst101","munst101",0,0,0,0,0,0,0,0,0,0,0,0,0,"johnj002","F","F","F","F",0,0,0,0,0,0,0,0,0,0,F,F,"1978BAL.EVA.regular.event.csv",4068
"BAL197808110","NYA",5,0,0,0,0,"",2,1,"rivem001","?","rivem001","?","martd001","?","martd001","?","dempr001","murre001","dauer001","decid001","garck001","kellp101","harll101","singk001","","","","S6","T","F",8,1,20,"T","T",1,"F","F",0,"F","F",0,"F","F",6,"","F","F","",0,0,"N",0,"N",0,"N",1,0,0,0,"","","","","F","F","F","F","F","F","F","F","F","","","","F","F","F","F","F","","","","",0,0,0,0,0,0,0,0,0,37,"BAL","NYA","BAL",0,"T","F",2,1,0,18,0,"T","F",0,1,"T","T","randw001","munst101","T","T",0,0,0,0,0,0,0,0,0,"","","",0,0,0,0,0,0,0,0,0,0,0,0,0,"garck001","F","F","F","F",0,0,0,0,0,0,0,0,0,0,F,F,"1978BAL.EVA.regular.event.csv",4069
"BAL197808110","NYA",5,0,0,0,0,"",2,1,"randw001","?","randw001","?","martd001","?","martd001","?","dempr001","murre001","dauer001","decid001","garck001","kellp101","harll101","singk001","rivem001","","","SB2","F","F",4,2,4,"F","F",0,"F","F",0,"F","F",0,"F","F",0,"","F","F","",0,0,"N",0,"N",0,"N",0,2,0,0,"","","","","T","F","F","F","F","F","F","F","F","martd001","","","F","F","F","F","F","","","","",0,0,0,0,0,0,0,0,0,38,"BAL","NYA","BAL",0,"F","F",2,1,0,19,1,"T","F",1,2,"T","T","munst101","chamc001","T","T",8,1,37,0,0,0,0,0,0,"dempr001","","",0,0,0,0,0,0,0,0,0,0,0,0,0,"","F","F","F","F",0,0,0,0,0,0,0,0,0,0,F,F,"1978BAL.EVA.regular.event.csv",4070
"BAL197808110","NYA",5,0,0,0,0,"",2,1,"randw001","?","randw001","?","martd001","?","martd001","?","dempr001","murre001","dauer001","decid001","garck001","kellp101","harll101","singk001","","rivem001","","63","F","F",4,2,2,"T","T",0,"F","F",1,"F","F",0,"F","F",6,"G","F","F","",0,0,"N",0,"N",0,"N",0,0,2,0,"63","","","","F","F","F","F","F","F","F","F","F","","martd001","","F","F","F","F","F","","","","",0,3,0,0,6,0,0,0,0,39,"BAL","NYA","BAL",0,"F","F",2,1,0,19,1,"F","F",2,2,"T","T","munst101","chamc001","T","T",0,0,0,8,1,37,0,0,0,"","dempr001","",0,0,0,0,0,0,0,0,0,0,0,0,0,"garck001","F","F","F","F",0,0,0,0,0,0,0,0,0,0,F,F,"1978BAL.EVA.regular.event.csv",4071
"BAL197808110","NYA",5,0,1,0,0,"",2,1,"munst101","?","munst101","?","martd001","?","martd001","?","dempr001","murre001","dauer001","decid001","garck001","kellp101","harll101","singk001","","rivem001","","7","F","F",2,3,2,"T","T",0,"F","F",1,"F","F",0,"F","F",7,"F","F","F","",0,0,"N",0,"N",0,"N",0,0,2,0,"7","","","","F","F","F","F","F","F","F","F","F","","martd001","","F","F","F","F","F","","","","",0,7,0,0,0,0,0,0,0,40,"BAL","NYA","BAL",0,"F","F",2,1,0,20,2,"T","F",2,2,"T","T","chamc001","nettg001","T","T",0,0,0,8,1,37,0,0,0,"","dempr001","",0,0,0,0,0,0,0,0,0,0,0,0,0,"kellp101","F","F","F","F",0,0,0,0,0,0,0,0,0,0,F,F,"1978BAL.EVA.regular.event.csv",4072
"BAL197808110","NYA",5,0,2,0,0,"",2,1,"chamc001","?","chamc001","?","martd001","?","martd001","?","dempr001","murre001","dauer001","decid001","garck001","kellp101","harll101","singk001","","rivem001","","7","F","F",3,4,2,"T","T",0,"F","F",1,"F","F",0,"F","F",7,"F","F","F","",0,0,"N",0,"N",0,"N",0,0,2,0,"7","","","","F","F","F","F","F","F","F","F","F","","martd001","","F","F","F","F","F","","","","",0,7,0,0,0,0,0,0,0,41,"BAL","NYA","BAL",0,"F","T",2,1,0,21,3,"T","F",2,2,"T","T","nettg001","jackr001","T","T",0,0,0,8,1,37,0,0,0,"","dempr001","",0,0,0,0,0,0,0,0,0,0,0,0,0,"kellp101","F","F","F","F",0,0,0,0,0,0,0,0,0,0,F,F,"1978BAL.EVA.regular.event.csv",4073
"BAL197808110","NYA",5,1,0,0,0,"",2,1,"garck001","?","garck001","?","huntj101","?","huntj101","?","munst101","chamc001","randw001","nettg001","dentb001","thomg101","rivem001","johnj002","","","","S9","T","F",6,8,20,"T","T",1,"F","F",0,"F","F",0,"F","F",9,"","F","F","",0,0,"N",0,"N",0,"N",1,0,0,0,"","","","","F","F","F","F","F","F","F","F","F","","","","F","F","F","F","F","","","","",0,0,0,0,0,0,0,0,0,42,"BAL","BAL","NYA",1,"T","F",1,2,0,16,0,"T","F",0,1,"T","T","dempr001","harll101","T","T",0,0,0,0,0,0,0,0,0,"","","",0,0,0,0,0,0,0,0,0,0,0,0,0,"johnj002","F","F","F","F",0,0,0,0,0,0,0,0,0,0,F,F,"1978BAL.EVA.regular.event.csv",4074
"BAL197808110","NYA",5,1,0,0,0,"",2,1,"dempr001","?","dempr001","?","huntj101","?","huntj101","?","munst101","chamc001","randw001","nettg001","dentb001","thomg101","rivem001","johnj002","garck001","","","2/FL","F","F",2,9,2,"T","T",0,"F","F",1,"F","F",0,"F","F",2,"F","F","T","",0,0,"N",0,"N",0,"N",0,1,0,0,"2","","","","F","F","F","F","F","F","F","F","F","huntj101","","","F","F","F","F","F","","","","",0,2,0,0,0,0,0,0,0,43,"BAL","BAL","NYA",1,"F","F",1,2,0,17,1,"T","F",1,1,"T","T","harll101","dauer001","T","T",6,8,42,0,0,0,0,0,0,"munst101","","",0,0,0,0,0,0,0,0,0,0,0,0,0,"munst101","F","F","F","F",0,0,0,0,0,0,0,0,0,0,F,F,"1978BAL.EVA.regular.event.csv",4075
"BAL197808110","NYA",5,1,1,0,0,"",2,1,"harll101","?","harll101","?","huntj101","?","huntj101","?","munst101","chamc001","randw001","nettg001","dentb001","thomg101","rivem001","johnj002","garck001","","","8","F","F",8,1,2,"T","T",0,"F","F",1,"F","F",0,"F","F",8,"F","F","F","",0,0,"N",0,"N",0,"N",0,1,0,0,"8","","","","F","F","F","F","F","F","F","F","F","huntj101","","","F","F","F","F","F","","","","",0,8,0,0,0,0,0,0,0,44,"BAL","BAL","NYA",1,"F","F",1,2,0,18,2,"T","F",1,1,"T","T","dauer001","singk001","T","T",6,8,42,0,0,0,0,0,0,"munst101","","",0,0,0,0,0,0,0,0,0,0,0,0,0,"rivem001","F","F","F","F",0,0,0,0,0,0,0,0,0,0,F,F,"1978BAL.EVA.regular.event.csv",4076
"BAL197808110","NYA",5,1,2,0,0,"",2,1,"dauer001","?","dauer001","?","huntj101","?","huntj101","?","munst101","chamc001","randw001","nettg001","dentb001","thomg101","rivem001","johnj002","garck001","","","8","F","F",4,2,2,"T","T",0,"F","F",1,"F","F",0,"F","F",8,"F","F","F","",0,0,"N",0,"N",0,"N",0,1,0,0,"8","","","","F","F","F","F","F","F","F","F","F","huntj101","","","F","F","F","F","F","","","","",0,8,0,0,0,0,0,0,0,45,"BAL","BAL","NYA",1,"F","T",1,2,0,19,3,"T","F",1,1,"T","T","singk001","murre001","T","T",6,8,42,0,0,0,0,0,0,"munst101","","",0,0,0,0,0,0,0,0,0,0,0,0,0,"rivem001","F","F","F","F",0,0,0,0,0,0,0,0,0,0,F,F,"1978BAL.EVA.regular.event.csv",4077
"BAL197808110","NYA",6,0,0,0,0,"",2,1,"nettg001","?","nettg001","?","martd001","?","martd001","?","dempr001","murre001","dauer001","decid001","garck001","kellp101","harll101","singk001","","","","7","T","F",5,5,2,"T","T",0,"F","F",1,"F","F",0,"F","F",7,"F","F","F","",0,0,"N",0,"N",0,"N",0,0,0,0,"7","","","","F","F","F","F","F","F","F","F","F","","","","F","F","F","F","F","","","","",0,7,0,0,0,0,0,0,0,46,"BAL","NYA","BAL",0,"T","F",2,1,0,22,0,"T","F",0,0,"T","T","jackr001","johnj002","T","T",0,0,0,0,0,0,0,0,0,"","","",0,0,0,0,0,0,0,0,0,0,0,0,0,"kellp101","F","F","F","F",0,0,0,0,0,0,0,0,0,0,F,F,"1978BAL.EVA.regular.event.csv",4078
"BAL197808110","NYA",6,0,1,0,0,"",2,1,"jackr001","?","jackr001","?","martd001","?","martd001","?","dempr001","murre001","dauer001","decid001","garck001","kellp101","harll101","singk001","","","","63","F","F",10,6,2,"T","T",0,"F","F",1,"F","F",0,"F","F",6,"G","F","F","",0,0,"N",0,"N",0,"N",0,0,0,0,"63","","","","F","F","F","F","F","F","F","F","F","","","","F","F","F","F","F","","","","",0,3,0,0,6,0,0,0,0,47,"BAL","NYA","BAL",0,"F","F",2,1,0,23,1,"T","F",0,0,"T","T","johnj002","thomg101","T","T",0,0,0,0,0,0,0,0,0,"","","",0,0,0,0,0,0,0,0,0,0,0,0,0,"garck001","F","F","F","F",0,0,0,0,0,0,0,0,0,0,F,F,"1978BAL.EVA.regular.event.csv",4079
"BAL197808110","NYA",6,0,2,0,0,"",2,1,"johnj002","?","johnj002","?","martd001","?","martd001","?","dempr001","murre001","dauer001","decid001","garck001","kellp101","harll101","singk001","","","","K","F","F",9,7,3,"T","T",0,"F","F",1,"F","F",0,"F","F",0,"","F","F","",0,0,"N",0,"N",0,"N",0,0,0,0,"2","","","","F","F","F","F","F","F","F","F","F","","","","F","T","F","F","F","","","","",0,2,0,0,0,0,0,0,0,48,"BAL","NYA","BAL",0,"F","T",2,1,0,24,2,"T","F",0,0,"T","T","thomg101","dentb001","T","T",0,0,0,0,0,0,0,0,0,"","","",0,0,0,0,0,0,0,0,0,0,0,0,0,"","F","F","F","F",0,0,0,0,0,0,0,0,0,0,F,F,"1978BAL.EVA.regular.event.csv",4080
"BAL197808120","NYA",1,0,0,0,0,"",0,0,"rivem001","?","rivem001","?","flanm001","?","flanm001","?","dempr001","murre001","dauer001","decid001","belam101","kellp101","harll101","singk001","","","","43","T","F",8,1,2,"T","T",0,"F","F",1,"F","F",0,"F","F",4,"G","F","F","",0,0,"N",0,"N",0,"N",0,0,0,0,"43","","","","F","F","F","F","F","F","F","F","F","","","","T","F","F","F","F","","","","",0,3,0,0,4,0,0,0,0,1,"BAL","NYA","BAL",0,"T","F",0,0,0,0,0,"T","F",0,0,"T","T","randw001","munst101","T","T",0,0,0,0,0,0,0,0,0,"","","",0,0,0,0,0,0,0,0,0,0,0,0,0,"dauer001","F","F","F","F",0,0,0,0,0,0,0,0,0,0,F,F,"1978BAL.EVA.regular.event.csv",4081
"BAL197808120","NYA",1,0,1,0,0,"",0,0,"randw001","?","randw001","?","flanm001","?","flanm001","?","dempr001","murre001","dauer001","decid001","belam101","kellp101","harll101","singk001","","","","63","F","F",4,2,2,"T","T",0,"F","F",1,"F","F",0,"F","F",6,"G","F","F","",0,0,"N",0,"N",0,"N",0,0,0,0,"63","","","","F","F","F","F","F","F","F","F","F","","","","F","F","F","F","F","","","","",0,3,0,0,6,0,0,0,0,2,"BAL","NYA","BAL",0,"F","F",0,0,0,1,1,"T","F",0,0,"T","T","munst101","pinil001","T","T",0,0,0,0,0,0,0,0,0,"","","",0,0,0,0,0,0,0,0,0,0,0,0,0,"belam101","F","F","F","F",0,0,0,0,0,0,0,0,0,0,F,F,"1978BAL.EVA.regular.event.csv",4082
"BAL197808120","NYA",1,0,2,0,0,"",0,0,"munst101","?","munst101","?","flanm001","?","flanm001","?","dempr001","murre001","dauer001","decid001","belam101","kellp101","harll101","singk001","","","","53","F","F",2,3,2,"T","T",0,"F","F",1,"F","F",0,"F","F",5,"G","F","F","",0,0,"N",0,"N",0,"N",0,0,0,0,"53","","","","F","F","F","F","F","F","F","F","F","","","","F","F","F","F","F","","","","",0,3,0,0,5,0,0,0,0,3,"BAL","NYA","BAL",0,"F","T",0,0,0,2,2,"T","F",0,0,"T","T","pinil001","chamc001","T","T",0,0,0,0,0,0,0,0,0,"","","",0,0,0,0,0,0,0,0,0,0,0,0,0,"decid001","F","F","F","F",0,0,0,0,0,0,0,0,0,0,F,F,"1978BAL.EVA.regular.event.csv",4083
"BAL197808120","NYA",1,1,0,0,0,"",0,0,"kellp101","?","kellp101","?","beatj001","?","beatj001","?","munst101","chamc001","randw001","nettg001","dentb001","whitr101","rivem001","pinil001","","","","W","T","F",7,1,14,"T","F",0,"F","F",0,"F","F",0,"F","F",0,"","F","F","",0,0,"N",0,"N",0,"N",1,0,0,0,"","","","","F","F","F","F","F","F","F","F","F","","","","F","F","F","F","F","","","","",0,0,0,0,0,0,0,0,0,4,"BAL","BAL","NYA",1,"T","F",0,0,0,0,0,"T","F",0,1,"T","T","dempr001","singk001","T","T",0,0,0,0,0,0,0,0,0,"","","",0,0,0,0,0,0,0,0,0,0,0,0,0,"","F","F","F","F",0,0,0,0,0,0,0,0,0,0,F,F,"1978BAL.EVA.regular.event.csv",4084
"BAL197808120","NYA",1,1,0,0,0,"",0,0,"dempr001","?","dempr001","?","beatj001","?","beatj001","?","munst101","chamc001","randw001","nettg001","dentb001","whitr101","rivem001","pinil001","kellp101","","","63.1-2","F","F",2,2,2,"T","T",0,"F","F",1,"F","F",0,"F","F",6,"G","F","F","",0,0,"N",0,"N",0,"N",0,2,0,0,"63","","","","F","F","F","F","F","F","F","F","F","beatj001","","","F","F","F","F","F","","","","",0,3,0,0,6,0,0,0,0,5,"BAL","BAL","NYA",1,"F","F",0,0,0,1,1,"T","F",1,2,"T","T","singk001","murre001","T","T",7,1,4,0,0,0,0,0,0,"munst101","","",0,0,0,0,0,0,0,0,0,0,0,0,0,"dentb001","F","F","F","F",0,0,0,0,0,0,0,0,0,0,F,F,"1978BAL.EVA.regular.event.csv",4085
"BAL197808120","NYA",1,1,1,0,0,"",0,0,"singk001","?","singk001","?","beatj001","?","beatj001","?","munst101","chamc001","randw001","nettg001","dentb001","whitr101","rivem001","pinil001","","kellp101","","K/C","F","F",9,3,3,"T","T",0,"F","F",1,"F","F",0,"F","F",0,"","F","F","",0,0,"N",0,"N",0,"N",0,0,2,0,"2","","","","F","F","F","F","F","F","F","F","F","","beatj001","","F","F","F","F","F","","","","",0,2,0,0,0,0,0,0,0,6,"BAL","BAL","NYA",1,"F","F",0,0,0,2,2,"T","F",2,2,"T","T","murre001","decid001","T","T",0,0,0,7,1,4,0,0,0,"","munst101","",0,0,0,0,0,0,0,0,0,0,0,0,0,"","F","F","F","F",0,0,0,0,0,0,0,0,0,0,F,F,"1978BAL.EVA.regular.event.csv",4086
"BAL197808120","NYA",1,1,2,0,0,"",0,0,"murre001","?","murre001","?","beatj001","?","beatj001","?","munst101","chamc001","randw001","nettg001","dentb001","whitr101","rivem001","pinil001","","kellp101","","K","F","F",3,4,3,"T","T",0,"F","F",1,"F","F",0,"F","F",0,"","F","F","",0,0,"N",0,"N",0,"N",0,0,2,0,"2","","","","F","F","F","F","F","F","F","F","F","","beatj001","","F","F","F","F","F","","","","",0,2,0,0,0,0,0,0,0,7,"BAL","BAL","NYA",1,"F","T",0,0,0,3,3,"T","F",2,2,"T","T","decid001","may-l101","T","T",0,0,0,7,1,4,0,0,0,"","munst101","",0,0,0,0,0,0,0,0,0,0,0,0,0,"","F","F","F","F",0,0,0,0,0,0,0,0,0,0,F,F,"1978BAL.EVA.regular.event.csv",4087
"BAL197808120","NYA",2,0,0,0,0,"",0,0,"pinil001","?","pinil001","?","flanm001","?","flanm001","?","dempr001","murre001","dauer001","decid001","belam101","kellp101","harll101","singk001","","","","D7","T","F",9,4,21,"T","T",2,"F","F",0,"F","F",0,"F","F",7,"","F","F","",0,0,"N",0,"N",0,"N",2,0,0,0,"","","","","F","F","F","F","F","F","F","F","F","","","","F","F","F","F","F","","","","",0,0,0,0,0,0,0,0,0,8,"BAL","NYA","BAL",0,"T","F",0,0,0,3,0,"T","F",0,2,"T","T","chamc001","johnc001","T","T",0,0,0,0,0,0,0,0,0,"","","",0,0,0,0,0,0,0,0,0,0,0,0,0,"kellp101","F","F","F","F",0,0,0,0,0,0,0,0,0,0,F,F,"1978BAL.EVA.regular.event.csv",4088
"BAL197808120","NYA",2,0,0,0,0,"",0,0,"chamc001","?","chamc001","?","flanm001","?","flanm001","?","dempr001","murre001","dauer001","decid001","belam101","kellp101","harll101","singk001","","pinil001","","FC6.2X3(65)","F","F",3,5,19,"T","T",0,"F","F",1,"F","F",0,"F","F",6,"G","F","F","",0,0,"N",0,"N",0,"N",1,0,0,0,"","","65","","F","F","F","F","F","F","F","F","F","","flanm001","","F","F","F","F","F","","","","",0,5,0,0,6,0,0,0,0,9,"BAL","NYA","BAL",0,"F","F",0,0,0,4,1,"T","F",2,1,"T","T","johnc001","nettg001","T","T",0,0,0,9,4,8,0,0,0,"","dempr001","",0,0,0,0,0,0,0,0,0,0,0,0,0,"belam101","F","F","F","F",0,0,0,0,0,0,0,0,0,0,F,F,"1978BAL.EVA.regular.event.csv",4089
"BAL197808120","NYA",2,0,1,0,0,"",0,0,"johnc001","?","johnc001","?","flanm001","?","flanm001","?","dempr001","murre001","dauer001","decid001","belam101","kellp101","harll101","singk001","chamc001","","","54(1)3/GDP","F","F",10,6,2,"T","T",0,"F","F",2,"T","F",0,"F","F",5,"G","F","F","",0,0,"N",0,"N",0,"N",0,0,0,0,"43","54","","","F","F","F","F","F","F","F","F","F","flanm001","","","F","F","F","F","F","","","","",0,4,3,0,5,4,0,0,0,10,"BAL","NYA","BAL",0,"F","T",0,0,0,5,2,"T","F",1,0,"T","T","nettg001","whitr101","T","T",3,5,9,0,0,0,0,0,0,"dempr001","","",0,0,0,0,0,0,0,0,0,0,0,0,0,"decid001","T","F","F","F",0,0,0,0,0,0,0,0,0,0,F,F,"1978BAL.EVA.regular.event.csv",4090
"BAL197808120","NYA",2,1,0,0,0,"",0,0,"decid001","?","decid001","?","beatj001","?","beatj001","?","munst101","chamc001","randw001","nettg001","dentb001","whitr101","rivem001","pinil001","","","","13","T","F",5,5,2,"T","T",0,"F","F",1,"F","F",0,"F","F",1,"G","F","F","",0,0,"N",0,"N",0,"N",0,0,0,0,"13","","","","F","F","F","F","F","F","F","F","F","","","","F","F","F","F","F","","","","",0,3,0,0,1,0,0,0,0,11,"BAL","BAL","NYA",1,"T","F",0,0,0,4,0,"T","F",0,0,"T","T","may-l101","harll101","T","T",0,0,0,0,0,0,0,0,0,"","","",0,0,0,0,0,0,0,0,0,0,0,0,0,"beatj001","F","F","F","F",0,0,0,0,4,0,0,0,0,0,F,F,"1978BAL.EVA.regular.event.csv",4091
"BAL197808120","NYA",2,1,1,0,0,"",0,0,"may-l101","?","may-l101","?","beatj001","?","beatj001","?","munst101","chamc001","randw001","nettg001","dentb001","whitr101","rivem001","pinil001","","","","HR","F","F",10,6,23,"T","T",4,"F","F",0,"F","F",1,"F","F",0,"","F","F","",0,0,"N",0,"N",0,"N",4,0,0,0,"","","","","F","F","F","F","F","F","F","F","F","","","","F","F","F","F","F","","","","",0,0,0,0,0,0,0,0,0,12,"BAL","BAL","NYA",1,"F","F",0,0,0,5,1,"T","F",0,0,"T","T","harll101","dauer001","T","T",0,0,0,0,0,0,0,0,0,"","","",0,0,0,0,0,0,0,0,0,0,0,0,1,"","F","F","F","F",4,0,0,0,3,0,0,0,0,0,F,F,"1978BAL.EVA.regular.event.csv",4092
"BAL197808120","NYA",2,1,1,0,0,"",0,1,"harll101","?","harll101","?","beatj001","?","beatj001","?","munst101","chamc001","randw001","nettg001","dentb001","whitr101","rivem001","pinil001","","","","S","F","F",8,7,20,"T","T",1,"F","F",0,"F","F",0,"F","F",0,"","F","F","",0,0,"N",0,"N",0,"N",1,0,0,0,"","","","","F","F","F","F","F","F","F","F","F","","","","F","F","F","F","F","","","","",0,0,0,0,0,0,0,0,0,13,"BAL","BAL","NYA",1,"F","F",1,0,1,6,2,"T","F",0,1,"T","T","dauer001","belam101","T","T",0,0,0,0,0,0,0,0,0,"","","",0,0,0,0,0,0,0,0,0,0,0,0,0,"","F","F","F","F",4,0,0,0,3,0,0,0,0,0,F,F,"1978BAL.EVA.regular.event.csv",4093
"BAL197808120","NYA",2,1,1,0,0,"",0,1,"dauer001","?","dauer001","?","beatj001","?","beatj001","?","munst101","chamc001","randw001","nettg001","dentb001","whitr101","rivem001","pinil001","harll101","","","643.1-2","F","F",4,8,2,"T","T",0,"F","F",1,"F","F",0,"F","F",6,"G","F","F","",0,0,"N",0,"N",0,"N",0,2,0,0,"643","","","","F","F","F","F","F","F","F","F","F","beatj001","","","F","F","F","F","F","","","","",0,3,0,0,6,4,0,0,0,14,"BAL","BAL","NYA",1,"F","F",1,0,1,7,3,"T","F",1,2,"T","T","belam101","kellp101","T","T",8,7,13,0,0,0,0,0,0,"munst101","","",0,0,0,0,0,0,0,0,0,0,0,0,0,"dentb001","F","F","F","F",0,4,0,0,3,0,0,0,0,0,F,F,"1978BAL.EVA.regular.event.csv",4094
"BAL197808120","NYA",2,1,2,0,0,"",0,1,"belam101","?","belam101","?","beatj001","?","beatj001","?","munst101","chamc001","randw001","nettg001","dentb001","whitr101","rivem001","pinil001","","harll101","","WP.2-3","F","F",6,9,9,"F","F",0,"F","F",0,"F","F",0,"T","F",0,"","F","F","",0,0,"N",0,"N",0,"N",0,0,3,0,"","","","","F","F","F","F","F","F","F","F","F","","beatj001","","F","F","F","F","F","","","","",0,0,0,0,0,0,0,0,0,15,"BAL","BAL","NYA",1,"F","F",1,0,1,8,4,"T","F",2,4,"T","T","kellp101","dempr001","T","T",0,0,0,8,7,13,0,0,0,"","munst101","",0,0,0,0,0,0,0,0,0,0,0,0,0,"","F","F","F","F",0,0,4,0,3,0,0,0,0,0,F,F,"1978BAL.EVA.regular.event.csv",4095
"BAL197808120","NYA",2,1,2,0,0,"",0,1,"belam101","?","belam101","?","beatj001","?","beatj001","?","munst101","chamc001","randw001","nettg001","dentb001","whitr101","rivem001","pinil001","","","harll101","HP","F","F",6,9,16,"T","F",0,"F","F",0,"F","F",0,"F","F",0,"","F","F","",0,0,"N",0,"N",0,"N",1,0,0,3,"","","","","F","F","F","F","F","F","F","F","F","","","beatj001","F","F","F","F","F","","","","",0,0,0,0,0,0,0,0,0,16,"BAL","BAL","NYA",1,"F","F",1,0,1,8,4,"F","F",4,5,"T","T","kellp101","dempr001","T","T",0,0,0,0,0,0,8,7,13,"","","munst101",0,0,0,0,0,0,0,0,0,0,0,0,0,"","F","F","F","F",4,0,0,4,3,0,0,0,0,0,F,F,"1978BAL.EVA.regular.event.csv",4096
"BAL197808120","NYA",2,1,2,0,0,"",0,1,"kellp101","?","kellp101","?","beatj001","?","beatj001","?","munst101","chamc001","randw001","nettg001","dentb001","whitr101","rivem001","pinil001","belam101","","harll101","HR/89.3-H;1-H","F","F",7,1,23,"T","T",4,"F","F",0,"F","F",3,"F","F",0,"","F","F","89",0,0,"N",0,"N",0,"N",4,4,0,4,"","","","","F","F","F","F","F","F","F","F","F","beatj001","","beatj001","F","F","F","F","F","","","","",0,0,0,0,0,0,0,0,0,17,"BAL","BAL","NYA",1,"F","F",1,0,1,9,5,"T","F",5,0,"T","T","dempr001","singk001","T","T",6,9,16,0,0,0,8,7,13,"munst101","","munst101",0,0,0,0,0,0,0,0,0,0,0,0,3,"","F","F","F","F",4,4,0,4,0,0,0,0,0,0,F,F,"1978BAL.EVA.regular.event.csv",4097
"BAL197808120","NYA",2,1,2,0,0,"",0,4,"dempr001","?","dempr001","?","beatj001","?","beatj001","?","munst101","chamc001","randw001","nettg001","dentb001","whitr101","rivem001","pinil001","","","","K/C","F","F",2,2,3,"T","T",0,"F","F",1,"F","F",0,"F","F",0,"","F","F","",0,0,"N",0,"N",0,"N",0,0,0,0,"2","","","","F","F","F","F","F","F","F","F","F","","","","F","F","F","F","F","","","","",0,2,0,0,0,0,0,0,0,18,"BAL","BAL","NYA",1,"F","T",4,0,4,10,6,"T","F",0,0,"T","T","singk001","murre001","T","T",0,0,0,0,0,0,0,0,0,"","","",0,0,0,0,0,0,0,0,0,0,0,0,0,"","F","F","F","F",0,0,0,0,0,0,0,0,0,0,F,F,"1978BAL.EVA.regular.event.csv",4098
"BAL197808120","NYA",3,0,0,0,0,"",0,4,"nettg001","?","nettg001","?","flanm001","?","flanm001","?","dempr001","murre001","dauer001","decid001","belam101","kellp101","harll101","singk001","","","","4/L","T","F",5,7,2,"T","T",0,"F","F",1,"F","F",0,"F","F",4,"L","F","F","",0,0,"N",0,"N",0,"N",0,0,0,0,"4","","","","F","F","F","F","F","F","F","F","F","","","","F","F","F","F","F","","","","",0,4,0,0,0,0,0,0,0,19,"BAL","NYA","BAL",0,"T","F",0,4,0,6,0,"T","F",0,0,"T","T","whitr101","dentb001","T","T",0,0,0,0,0,0,0,0,0,"","","",0,0,0,0,0,0,0,0,0,0,0,0,0,"dauer001","F","F","F","F",0,0,0,0,0,0,0,0,0,0,F,F,"1978BAL.EVA.regular.event.csv",4099
"BAL197808120","NYA",3,0,1,0,0,"",0,4,"whitr101","?","whitr101","?","flanm001","?","flanm001","?","dempr001","murre001","dauer001","decid001","belam101","kellp101","harll101","singk001","","","","53","F","F",7,8,2,"T","T",0,"F","F",1,"F","F",0,"F","F",5,"G","F","F","",0,0,"N",0,"N",0,"N",0,0,0,0,"53","","","","F","F","F","F","F","F","F","F","F","","","","F","F","F","F","F","","","","",0,3,0,0,5,0,0,0,0,20,"BAL","NYA","BAL",0,"F","F",0,4,0,7,1,"T","F",0,0,"T","T","dentb001","rivem001","T","T",0,0,0,0,0,0,0,0,0,"","","",0,0,0,0,0,0,0,0,0,0,0,0,0,"decid001","F","F","F","F",0,0,0,0,0,0,0,0,0,0,F,F,"1978BAL.EVA.regular.event.csv",4100
"BAL197808120","NYA",3,0,2,0,0,"",0,4,"dentb001","?","dentb001","?","flanm001","?","flanm001","?","dempr001","murre001","dauer001","decid001","belam101","kellp101","harll101","singk001","","","","63","F","F",6,9,2,"T","T",0,"F","F",1,"F","F",0,"F","F",6,"G","F","F","",0,0,"N",0,"N",0,"N",0,0,0,0,"63","","","","F","F","F","F","F","F","F","F","F","","","","F","F","F","F","F","","","","",0,3,0,0,6,0,0,0,0,21,"BAL","NYA","BAL",0,"F","T",0,4,0,8,2,"T","F",0,0,"T","T","rivem001","randw001","T","T",0,0,0,0,0,0,0,0,0,"","","",0,0,0,0,0,0,0,0,0,0,0,0,0,"belam101","F","F","F","F",0,0,0,0,0,0,0,0,0,0,F,F,"1978BAL.EVA.regular.event.csv",4101
"BAL197808120","NYA",3,1,0,0,0,"",0,4,"singk001","?","singk001","?","lindp101","?","lindp101","?","munst101","chamc001","randw001","nettg001","dentb001","whitr101","rivem001","pinil001","","","","9","T","F",9,3,2,"T","T",0,"F","F",1,"F","F",0,"F","F",9,"F","F","F","",0,0,"N",0,"N",0,"N",0,0,0,0,"9","","","","F","F","F","F","F","F","F","F","F","","","","F","F","F","F","F","","","","",0,9,0,0,0,0,0,0,0,22,"BAL","BAL","NYA",1,"T","F",4,0,0,11,0,"T","F",0,0,"T","T","murre001","decid001","F","F",0,0,0,0,0,0,0,0,0,"","","",0,0,0,0,0,0,0,0,0,0,0,0,0,"pinil001","F","F","F","F",0,0,0,0,0,0,0,0,0,0,F,F,"1978BAL.EVA.regular.event.csv",4102
"BAL197808120","NYA",3,1,1,0,0,"",0,4,"murre001","?","murre001","?","lindp101","?","lindp101","?","munst101","chamc001","randw001","nettg001","dentb001","whitr101","rivem001","pinil001","","","","3","F","F",3,4,2,"T","T",0,"F","F",1,"F","F",0,"F","F",3,"F","F","F","",0,0,"N",0,"N",0,"N",0,0,0,0,"3","","","","F","F","F","F","F","F","F","F","F","","","","F","F","F","F","F","","","","",0,3,0,0,0,0,0,0,0,23,"BAL","BAL","NYA",1,"F","F",4,0,0,12,1,"T","F",0,0,"T","T","decid001","may-l101","F","F",0,0,0,0,0,0,0,0,0,"","","",0,0,0,0,0,0,0,0,0,0,0,0,0,"chamc001","F","F","F","F",0,0,0,0,0,0,0,0,0,0,F,F,"1978BAL.EVA.regular.event.csv",4103
"BAL197808120","NYA",3,1,2,0,0,"",0,4,"decid001","?","decid001","?","lindp101","?","lindp101","?","munst101","chamc001","randw001","nettg001","dentb001","whitr101","rivem001","pinil001","","","","7","F","F",5,5,2,"T","T",0,"F","F",1,"F","F",0,"F","F",7,"F","F","F","",0,0,"N",0,"N",0,"N",0,0,0,0,"7","","","","F","F","F","F","F","F","F","F","F","","","","F","F","F","F","F","","","","",0,7,0,0,0,0,0,0,0,24,"BAL","BAL","NYA",1,"F","T",4,0,0,13,2,"T","F",0,0,"T","T","may-l101","harll101","F","F",0,0,0,0,0,0,0,0,0,"","","",0,0,0,0,0,0,0,0,0,0,0,0,0,"whitr101","F","F","F","F",0,0,0,0,0,0,0,0,0,0,F,F,"1978BAL.EVA.regular.event.csv",4104
"BAL197808120","NYA",4,0,0,0,0,"",0,4,"rivem001","?","rivem001","?","flanm001","?","flanm001","?","dempr001","murre001","dauer001","decid001","belam101","kellp101","harll101","singk001","","","","8","T","F",8,1,2,"T","T",0,"F","F",1,"F","F",0,"F","F",8,"F","F","F","",0,0,"N",0,"N",0,"N",0,0,0,0,"8","","","","F","F","F","F","F","F","F","F","F","","","","F","F","F","F","F","","","","",0,8,0,0,0,0,0,0,0,25,"BAL","NYA","BAL",0,"T","F",0,4,0,9,0,"T","F",0,0,"T","T","randw001","munst101","T","T",0,0,0,0,0,0,0,0,0,"","","",0,0,0,0,0,0,0,0,0,0,0,0,0,"harll101","F","F","F","F",0,0,0,0,2,0,0,0,0,0,F,F,"1978BAL.EVA.regular.event.csv",4105
"BAL197808120","NYA",4,0,1,0,0,"",0,4,"randw001","?","randw001","?","flanm001","?","flanm001","?","dempr001","murre001","dauer001","decid001","belam101","kellp101","harll101","singk001","","","","W","F","F",4,2,14,"T","F",0,"F","F",0,"F","F",0,"F","F",0,"","F","F","",0,0,"N",0,"N",0,"N",1,0,0,0,"","","","","F","F","F","F","F","F","F","F","F","","","","F","F","F","F","F","","","","",0,0,0,0,0,0,0,0,0,26,"BAL","NYA","BAL",0,"F","F",0,4,0,10,1,"T","F",0,1,"T","T","munst101","pinil001","T","T",0,0,0,0,0,0,0,0,0,"","","",0,0,0,0,0,0,0,0,0,0,0,0,0,"","F","F","F","F",4,0,0,0,2,0,0,0,0,0,F,F,"1978BAL.EVA.regular.event.csv",4106
"BAL197808120","NYA",4,0,1,0,0,"",0,4,"munst101","?","munst101","?","flanm001","?","flanm001","?","dempr001","murre001","dauer001","decid001","belam101","kellp101","harll101","singk001","randw001","","","SB2","F","F",2,3,4,"F","F",0,"F","F",0,"F","F",0,"F","F",0,"","F","F","",0,0,"N",0,"N",0,"N",0,2,0,0,"","","","","T","F","F","F","F","F","F","F","F","flanm001","","","F","F","F","F","F","","","","",0,0,0,0,0,0,0,0,0,27,"BAL","NYA","BAL",0,"F","F",0,4,0,11,2,"T","F",1,2,"T","T","pinil001","chamc001","T","T",4,2,26,0,0,0,0,0,0,"dempr001","","",0,0,0,0,0,0,0,0,0,0,0,0,0,"","F","F","F","F",0,4,0,0,2,0,0,0,0,0,F,F,"1978BAL.EVA.regular.event.csv",4107
"BAL197808120","NYA",4,0,1,0,0,"",0,4,"munst101","?","munst101","?","flanm001","?","flanm001","?","dempr001","murre001","dauer001","decid001","belam101","kellp101","harll101","singk001","","randw001","","S8.2-3","F","F",2,3,20,"T","T",1,"F","F",0,"F","F",0,"F","F",8,"","F","F","",0,0,"N",0,"N",0,"N",1,0,3,0,"","","","","F","F","F","F","F","F","F","F","F","","flanm001","","F","F","F","F","F","","","","",0,0,0,0,0,0,0,0,0,28,"BAL","NYA","BAL",0,"F","F",0,4,0,11,2,"F","F",2,5,"T","T","pinil001","chamc001","T","T",0,0,0,4,2,26,0,0,0,"","dempr001","",0,0,0,0,0,0,0,0,0,0,0,0,0,"harll101","F","F","F","F",4,0,4,0,2,0,0,0,0,0,F,F,"1978BAL.EVA.regular.event.csv",4108
"BAL197808120","NYA",4,0,1,0,0,"",0,4,"pinil001","?","pinil001","?","flanm001","?","flanm001","?","dempr001","murre001","dauer001","decid001","belam101","kellp101","harll101","singk001","munst101","","randw001","BK.3-H;1-2","F","F",9,4,11,"F","F",0,"F","F",0,"F","F",0,"F","F",0,"","F","F","",0,0,"N",0,"N",0,"N",0,2,0,4,"","","","","F","F","F","F","F","F","F","F","F","flanm001","","flanm001","F","F","F","F","F","","","","",0,0,0,0,0,0,0,0,0,29,"BAL","NYA","BAL",0,"F","F",0,4,0,12,3,"T","F",5,2,"T","T","chamc001","johnc001","T","T",2,3,28,0,0,0,4,2,26,"dempr001","","dempr001",0,0,0,0,0,0,0,0,0,0,0,0,1,"","F","F","F","F",0,4,0,4,1,0,0,0,0,0,F,F,"1978BAL.EVA.regular.event.csv",4109
"BAL197808120","NYA",4,0,1,0,0,"",1,4,"pinil001","?","pinil001","?","flanm001","?","flanm001","?","dempr001","murre001","dauer001","decid001","belam101","kellp101","harll101","singk001","","munst101","","D7.2-H","F","F",9,4,21,"T","T",2,"F","F",0,"F","F",1,"F","F",7,"","F","F","",0,0,"N",0,"N",0,"N",2,0,4,0,"","","","","F","F","F","F","F","F","F","F","F","","flanm001","","F","F","F","F","F","","","","",0,0,0,0,0,0,0,0,0,30,"BAL","NYA","BAL",0,"F","F",1,4,1,12,3,"F","F",2,2,"T","T","chamc001","johnc001","T","T",0,0,0,2,3,28,0,0,0,"","dempr001","",0,0,0,0,0,0,0,0,0,0,0,0,1,"kellp101","F","F","F","F",0,0,4,0,0,0,0,0,0,0,F,F,"1978BAL.EVA.regular.event.csv",4110
"BAL197808120","NYA",4,0,1,0,0,"",2,4,"chamc001","?","chamc001","?","flanm001","?","flanm001","?","dempr001","murre001","dauer001","decid001","belam101","kellp101","harll101","singk001","","pinil001","","K","F","F",3,5,3,"T","T",0,"F","F",1,"F","F",0,"F","F",0,"","F","F","",0,0,"N",0,"N",0,"N",0,0,2,0,"2","","","","F","F","F","F","F","F","F","F","F","","flanm001","","F","F","F","F","F","","","","",0,2,0,0,0,0,0,0,0,31,"BAL","NYA","BAL",0,"F","F",2,4,2,13,4,"T","F",2,2,"T","T","johnc001","nettg001","T","T",0,0,0,9,4,30,0,0,0,"","dempr001","",0,0,0,0,0,0,0,0,0,0,0,0,0,"","F","F","F","F",0,0,0,0,0,0,0,0,0,0,F,F,"1978BAL.EVA.regular.event.csv",4111
"BAL197808120","NYA",4,0,2,0,0,"",2,4,"johnc001","?","johnc001","?","flanm001","?","flanm001","?","dempr001","murre001","dauer001","decid001","belam101","kellp101","harll101","singk001","","pinil001","","K","F","F",10,6,3,"T","T",0,"F","F",1,"F","F",0,"F","F",0,"","F","F","",0,0,"N",0,"N",0,"N",0,0,2,0,"2","","","","F","F","F","F","F","F","F","F","F","","flanm001","","F","F","F","F","F","","","","",0,2,0,0,0,0,0,0,0,32,"BAL","NYA","BAL",0,"F","T",2,4,2,14,5,"T","F",2,2,"T","T","nettg001","whitr101","T","T",0,0,0,9,4,30,0,0,0,"","dempr001","",0,0,0,0,0,0,0,0,0,0,0,0,0,"","F","F","F","F",0,0,0,0,0,0,0,0,0,0,F,F,"1978BAL.EVA.regular.event.csv",4112
"BAL197808120","NYA",4,1,0,0,0,"",2,4,"may-l101","?","may-l101","?","lindp101","?","lindp101","?","munst101","chamc001","randw001","nettg001","dentb001","whitr101","rivem001","pinil001","","","","K","T","F",10,6,3,"T","T",0,"F","F",1,"F","F",0,"F","F",0,"","F","F","",0,0,"N",0,"N",0,"N",0,0,0,0,"2","","","","F","F","F","F","F","F","F","F","F","","","","F","F","F","F","F","","","","",0,2,0,0,0,0,0,0,0,33,"BAL","BAL","NYA",1,"T","F",4,2,0,14,0,"T","F",0,0,"T","T","harll101","dauer001","F","F",0,0,0,0,0,0,0,0,0,"","","",0,0,0,0,0,0,0,0,0,0,0,0,0,"","F","F","F","F",0,0,0,0,0,0,0,0,0,0,F,F,"1978BAL.EVA.regular.event.csv",4113
"BAL197808120","NYA",4,1,1,0,0,"",2,4,"harll101","?","harll101","?","lindp101","?","lindp101","?","munst101","chamc001","randw001","nettg001","dentb001","whitr101","rivem001","pinil001","","","","7","F","F",8,7,2,"T","T",0,"F","F",1,"F","F",0,"F","F",7,"F","F","F","",0,0,"N",0,"N",0,"N",0,0,0,0,"7","","","","F","F","F","F","F","F","F","F","F","","","","F","F","F","F","F","","","","",0,7,0,0,0,0,0,0,0,34,"BAL","BAL","NYA",1,"F","F",4,2,0,15,1,"T","F",0,0,"T","T","dauer001","belam101","F","F",0,0,0,0,0,0,0,0,0,"","","",0,0,0,0,0,0,0,0,0,0,0,0,0,"whitr101","F","F","F","F",0,0,0,0,0,0,0,0,0,0,F,F,"1978BAL.EVA.regular.event.csv",4114
"BAL197808120","NYA",4,1,2,0,0,"",2,4,"dauer001","?","dauer001","?","lindp101","?","lindp101","?","munst101","chamc001","randw001","nettg001","dentb001","whitr101","rivem001","pinil001","","","","W","F","F",4,8,14,"T","F",0,"F","F",0,"F","F",0,"F","F",0,"","F","F","",0,0,"N",0,"N",0,"N",1,0,0,0,"","","","","F","F","F","F","F","F","F","F","F","","","","F","F","F","F","F","","","","",0,0,0,0,0,0,0,0,0,35,"BAL","BAL","NYA",1,"F","F",4,2,0,16,2,"T","F",0,1,"T","T","belam101","kellp101","F","F",0,0,0,0,0,0,0,0,0,"","","",0,0,0,0,0,0,0,0,0,0,0,0,0,"","F","F","F","F",0,0,0,0,0,0,0,0,0,0,F,F,"1978BAL.EVA.regular.event.csv",4115
"BAL197808120","NYA",4,1,2,0,0,"",2,4,"belam101","?","belam101","?","lindp101","?","lindp101","?","munst101","chamc001","randw001","nettg001","dentb001","whitr101","rivem001","pinil001","dauer001","","","S9.1-2","F","F",6,9,20,"T","T",1,"F","F",0,"F","F",0,"F","F",9,"","F","F","",0,0,"N",0,"N",0,"N",1,2,0,0,"","","","","F","F","F","F","F","F","F","F","F","lindp101","","","F","F","F","F","F","","","","",0,0,0,0,0,0,0,0,0,36,"BAL","BAL","NYA",1,"F","F",4,2,0,17,3,"T","F",1,3,"T","T","kellp101","dempr001","F","F",4,8,35,0,0,0,0,0,0,"munst101","","",0,0,0,0,0,0,0,0,0,0,0,0,0,"pinil001","F","F","F","F",0,0,0,0,0,0,0,0,0,0,F,F,"1978BAL.EVA.regular.event.csv",4116
"BAL197808120","NYA",4,1,2,0,0,"",2,4,"kellp101","?","kellp101","?","lindp101","?","lindp101","?","munst101","chamc001","randw001","nettg001","dentb001","whitr101","rivem001","pinil001","belam101","dauer001","","K","F","F",7,1,3,"T","T",0,"F","F",1,"F","F",0,"F","F",0,"","F","F","",0,0,"N",0,"N",0,"N",0,1,2,0,"2","","","","F","F","F","F","F","F","F","F","F","lindp101","lindp101","","F","F","F","F","F","","","","",0,2,0,0,0,0,0,0,0,37,"BAL","BAL","NYA",1,"F","T",4,2,0,18,4,"T","F",3,3,"T","T","dempr001","singk001","F","F",6,9,36,4,8,35,0,0,0,"munst101","munst101","",0,0,0,0,0,0,0,0,0,0,0,0,0,"","F","F","F","F",0,0,0,0,0,0,0,0,0,0,F,F,"1978BAL.EVA.regular.event.csv",4117
"BAL197808120","NYA",5,0,0,0,0,"",2,4,"nettg001","?","nettg001","?","flanm001","?","flanm001","?","dempr001","murre001","dauer001","decid001","belam101","kellp101","harll101","singk001","","","","43","T","F",5,7,2,"T","T",0,"F","F",1,"F","F",0,"F","F",4,"G","F","F","",0,0,"N",0,"N",0,"N",0,0,0,0,"43","","","","F","F","F","F","F","F","F","F","F","","","","F","F","F","F","F","","","","",0,3,0,0,4,0,0,0,0,38,"BAL","NYA","BAL",0,"T","F",2,4,0,15,0,"T","F",0,0,"T","T","whitr101","dentb001","T","T",0,0,0,0,0,0,0,0,0,"","","",0,0,0,0,0,0,0,0,0,0,0,0,0,"dauer001","F","F","F","F",0,0,0,0,0,0,0,0,0,0,F,F,"1978BAL.EVA.regular.event.csv",4118
"BAL197808120","NYA",5,0,1,0,0,"",2,4,"whitr101","?","whitr101","?","flanm001","?","flanm001","?","dempr001","murre001","dauer001","decid001","belam101","kellp101","harll101","singk001","","","","53","F","F",7,8,2,"T","T",0,"F","F",1,"F","F",0,"F","F",5,"G","F","F","",0,0,"N",0,"N",0,"N",0,0,0,0,"53","","","","F","F","F","F","F","F","F","F","F","","","","F","F","F","F","F","","","","",0,3,0,0,5,0,0,0,0,39,"BAL","NYA","BAL",0,"F","F",2,4,0,16,1,"T","F",0,0,"T","T","dentb001","rivem001","T","T",0,0,0,0,0,0,0,0,0,"","","",0,0,0,0,0,0,0,0,0,0,0,0,0,"decid001","F","F","F","F",0,0,0,0,0,0,0,0,0,0,F,F,"1978BAL.EVA.regular.event.csv",4119
"BAL197808120","NYA",5,0,2,0,0,"",2,4,"dentb001","?","dentb001","?","flanm001","?","flanm001","?","dempr001","murre001","dauer001","decid001","belam101","kellp101","harll101","singk001","","","","D7","F","F",6,9,21,"T","T",2,"F","F",0,"F","F",0,"F","F",7,"","F","F","",0,0,"N",0,"N",0,"N",2,0,0,0,"","","","","F","F","F","F","F","F","F","F","F","","","","F","F","F","F","F","","","","",0,0,0,0,0,0,0,0,0,40,"BAL","NYA","BAL",0,"F","F",2,4,0,17,2,"T","F",0,2,"T","T","rivem001","randw001","T","T",0,0,0,0,0,0,0,0,0,"","","",0,0,0,0,0,0,0,0,0,0,0,0,0,"kellp101","F","F","F","F",0,0,0,0,0,0,0,0,0,0,F,F,"1978BAL.EVA.regular.event.csv",4120
"BAL197808120","NYA",5,0,2,0,0,"",2,4,"rivem001","?","rivem001","?","flanm001","?","flanm001","?","dempr001","murre001","dauer001","decid001","belam101","kellp101","harll101","singk001","","dentb001","","53","F","F",8,1,2,"T","T",0,"F","F",1,"F","F",0,"F","F",5,"G","F","F","",0,0,"N",0,"N",0,"N",0,0,2,0,"53","","","","F","F","F","F","F","F","F","F","F","","flanm001","","F","F","F","F","F","","","","",0,3,0,0,5,0,0,0,0,41,"BAL","NYA","BAL",0,"F","T",2,4,0,18,3,"T","F",2,2,"T","T","randw001","munst101","T","T",0,0,0,6,9,40,0,0,0,"","dempr001","",0,0,0,0,0,0,0,0,0,0,0,0,0,"decid001","F","F","F","F",0,0,0,0,0,0,0,0,0,0,F,F,"1978BAL.EVA.regular.event.csv",4121
"BAL197808120","NYA",5,1,0,0,0,"",2,4,"dempr001","?","dempr001","?","lindp101","?","lindp101","?","munst101","chamc001","randw001","nettg001","dentb001","whitr101","rivem001","pinil001","","","","S5","T","F",2,2,20,"T","T",1,"F","F",0,"F","F",0,"F","F",5,"","F","F","",0,0,"N",0,"N",0,"N",1,0,0,0,"","","","","F","F","F","F","F","F","F","F","F","","","","F","F","F","F","F","","","","",0,0,0,0,0,0,0,0,0,42,"BAL","BAL","NYA",1,"T","F",4,2,0,19,0,"T","F",0,1,"T","T","singk001","murre001","F","F",0,0,0,0,0,0,0,0,0,"","","",0,0,0,0,0,0,0,0,0,0,0,0,0,"nettg001","F","F","F","F",4,0,0,0,1,0,0,0,0,0,F,F,"1978BAL.EVA.regular.event.csv",4122
"BAL197808120","NYA",5,1,0,0,0,"",2,4,"singk001","?","singk001","?","lindp101","?","lindp101","?","munst101","chamc001","randw001","nettg001","dentb001","whitr101","rivem001","pinil001","dempr001","","","13/SH.1-2","F","F",9,3,2,"T","F",0,"T","F",1,"F","F",0,"F","F",1,"G","T","F","",0,0,"N",0,"N",0,"N",0,2,0,0,"13","","","","F","F","F","F","F","F","F","F","F","lindp101","","","F","F","F","F","F","","","","",0,3,0,0,1,0,0,0,0,43,"BAL","BAL","NYA",1,"F","F",4,2,0,20,1,"T","F",1,2,"T","T","murre001","decid001","F","F",2,2,42,0,0,0,0,0,0,"munst101","","",0,0,0,0,0,0,0,0,0,0,0,0,0,"lindp101","F","F","F","F",0,4,0,0,1,0,0,0,0,0,F,F,"1978BAL.EVA.regular.event.csv",4123
"BAL197808120","NYA",5,1,1,0,0,"",2,4,"murre001","?","murre001","?","lindp101","?","lindp101","?","munst101","chamc001","randw001","nettg001","dentb001","whitr101","rivem001","pinil001","","dempr001","","S.2-H","F","F",3,4,20,"T","T",1,"F","F",0,"F","F",1,"F","F",0,"","F","F","",0,0,"N",0,"N",0,"N",1,0,4,0,"","","","","F","F","F","F","F","F","F","F","F","","lindp101","","F","F","F","F","F","","","","",0,0,0,0,0,0,0,0,0,44,"BAL","BAL","NYA",1,"F","F",4,2,0,21,2,"T","F",2,1,"T","T","decid001","may-l101","F","F",0,0,0,2,2,42,0,0,0,"","munst101","",0,0,0,0,0,0,0,0,0,0,0,0,1,"","F","F","F","F",0,0,4,0,0,0,0,0,0,0,F,F,"1978BAL.EVA.regular.event.csv",4124
"BAL197808120","NYA",5,1,1,0,0,"",2,5,"decid001","?","decid001","?","lindp101","?","lindp101","?","munst101","chamc001","randw001","nettg001","dentb001","whitr101","rivem001","pinil001","murre001","","","6","F","F",5,5,2,"T","T",0,"F","F",1,"F","F",0,"F","F",6,"F","F","F","",0,0,"N",0,"N",0,"N",0,1,0,0,"6","","","","F","F","F","F","F","F","F","F","F","lindp101","","","F","F","F","F","F","","","","",0,6,0,0,0,0,0,0,0,45,"BAL","BAL","NYA",1,"F","F",5,2,1,22,3,"T","F",1,1,"T","T","may-l101","harll101","F","F",3,4,44,0,0,0,0,0,0,"munst101","","",0,0,0,0,0,0,0,0,0,0,0,0,0,"dentb001","F","F","F","F",0,0,0,0,0,0,0,0,0,0,F,F,"1978BAL.EVA.regular.event.csv",4125
"BAL197808120","NYA",5,1,2,0,0,"",2,5,"may-l101","?","may-l101","?","lindp101","?","lindp101","?","munst101","chamc001","randw001","nettg001","dentb001","whitr101","rivem001","pinil001","murre001","","","5/L","F","F",10,6,2,"T","T",0,"F","F",1,"F","F",0,"F","F",5,"L","F","F","",0,0,"N",0,"N",0,"N",0,1,0,0,"5","","","","F","F","F","F","F","F","F","F","F","lindp101","","","F","F","F","F","F","","","","",0,5,0,0,0,0,0,0,0,46,"BAL","BAL","NYA",1,"F","T",5,2,1,23,4,"T","F",1,1,"T","T","harll101","dauer001","F","F",3,4,44,0,0,0,0,0,0,"munst101","","",0,0,0,0,0,0,0,0,0,0,0,0,0,"nettg001","F","F","F","F",0,0,0,0,0,0,0,0,0,0,F,F,"1978BAL.EVA.regular.event.csv",4126
"BAL197808120","NYA",6,0,0,0,0,"",2,5,"randw001","?","randw001","?","flanm001","?","flanm001","?","dempr001","murre001","dauer001","decid001","belam101","kellp101","harll101","singk001","","","","W","T","F",4,2,14,"T","F",0,"F","F",0,"F","F",0,"F","F",0,"","F","F","",0,0,"N",0,"N",0,"N",1,0,0,0,"","","","","F","F","F","F","F","F","F","F","F","","","","F","F","F","F","F","","","","",0,0,0,0,0,0,0,0,0,47,"BAL","NYA","BAL",0,"T","F",2,5,0,19,0,"T","F",0,1,"T","T","munst101","pinil001","T","T",0,0,0,0,0,0,0,0,0,"","","",0,0,0,0,0,0,0,0,0,0,0,0,0,"","F","F","F","F",4,0,0,0,2,0,0,0,0,0,F,F,"1978BAL.EVA.regular.event.csv",4127
"BAL197808120","NYA",6,0,0,0,0,"",2,5,"munst101","?","munst101","?","flanm001","?","flanm001","?","dempr001","murre001","dauer001","decid001","belam101","kellp101","harll101","singk001","randw001","","","W.1-2","F","F",2,3,14,"T","F",0,"F","F",0,"F","F",0,"F","F",0,"","F","F","",0,0,"N",0,"N",0,"N",1,2,0,0,"","","","","F","F","F","F","F","F","F","F","F","flanm001","","","F","F","F","F","F","","","","",0,0,0,0,0,0,0,0,0,48,"BAL","NYA","BAL",0,"F","F",2,5,0,20,1,"T","F",1,3,"T","T","pinil001","chamc001","T","T",4,2,47,0,0,0,0,0,0,"dempr001","","",0,0,0,0,0,0,0,0,0,0,0,0,0,"","F","F","F","F",4,4,0,0,2,0,0,0,0,0,F,F,"1978BAL.EVA.regular.event.csv",4128
"BAL197808120","NYA",6,0,0,0,0,"",2,5,"pinil001","?","pinil001","?","flanm001","?","flanm001","?","dempr001","murre001","dauer001","decid001","belam101","kellp101","harll101","singk001","munst101","randw001","","43.2-3;1-2","F","F",9,4,2,"T","T",0,"F","F",1,"F","F",0,"F","F",4,"G","F","F","",0,0,"N",0,"N",0,"N",0,2,3,0,"43","","","","F","F","F","F","F","F","F","F","F","flanm001","flanm001","","F","F","F","F","F","","","","",0,3,0,0,4,0,0,0,0,49,"BAL","NYA","BAL",0,"F","F",2,5,0,21,2,"T","F",3,6,"T","T","chamc001","johnc001","T","T",2,3,48,4,2,47,0,0,0,"dempr001","dempr001","",0,0,0,0,0,0,0,0,0,0,0,0,0,"dauer001","F","F","F","F",0,4,4,0,2,0,0,0,0,0,F,F,"1978BAL.EVA.regular.event.csv",4129
"BAL197808120","NYA",6,0,1,0,0,"",2,5,"chamc001","?","chamc001","?","flanm001","?","flanm001","?","dempr001","murre001","dauer001","decid001","belam101","kellp101","harll101","singk001","","munst101","randw001","S.3-H;2-H","F","F",3,5,20,"T","T",1,"F","F",0,"F","F",2,"F","F",0,"","F","F","",0,0,"N",0,"N",0,"N",1,0,4,4,"","","","","F","F","F","F","F","F","F","F","F","","flanm001","flanm001","F","F","F","F","F","","","","",0,0,0,0,0,0,0,0,0,50,"BAL","NYA","BAL",0,"F","F",2,5,0,22,3,"T","F",6,1,"T","T","johnc001","nettg001","T","T",0,0,0,2,3,48,4,2,47,"","dempr001","dempr001",0,0,0,0,0,0,0,0,0,0,0,0,2,"","F","F","F","F",2,0,4,4,0,0,0,0,0,0,F,F,"1978BAL.EVA.regular.event.csv",4130
"BAL197808120","NYA",6,0,1,0,0,"",4,5,"jackr001","?","jackr001","?","kerrj101","?","kerrj101","?","dempr001","murre001","dauer001","decid001","belam101","kellp101","harll101","singk001","chamc001","","","S7.1-2","F","T",10,6,20,"T","T",1,"F","F",0,"F","F",0,"F","F",7,"","F","F","",0,0,"N",0,"N",0,"N",1,2,0,0,"","","","","F","F","F","F","F","F","F","F","F","flanm001","","","F","F","F","F","F","","","","johnc001",10,0,0,0,0,0,0,0,0,51,"BAL","NYA","BAL",0,"F","F",4,5,2,23,4,"T","F",1,3,"F","F","nettg001","whitr101","F","F",3,5,50,0,0,0,0,0,0,"dempr001","","",0,0,0,0,0,0,0,0,0,0,0,0,0,"kellp101","F","F","F","F",0,2,0,0,0,0,0,0,0,0,F,F,"1978BAL.EVA.regular.event.csv",4131
"BAL197808120","NYA",6,0,1,0,0,"",4,5,"nettg001","?","nettg001","?","martt001","?","martt001","?","dempr001","murre001","dauer001","decid001","belam101","kellp101","harll101","singk001","jackr001","chamc001","","4/L","F","F",5,7,2,"T","T",0,"F","F",1,"F","F",0,"F","F",4,"L","F","F","",0,0,"N",0,"N",0,"N",0,1,2,0,"4","","","","F","F","F","F","F","F","F","F","F","kerrj101","flanm001","","F","F","F","F","F","","","","",0,4,0,0,0,0,0,0,0,52,"BAL","NYA","BAL",0,"F","F",4,5,2,24,5,"T","F",3,3,"T","T","whitr101","dentb001","F","F",10,6,51,3,5,50,0,0,0,"dempr001","dempr001","",0,0,0,0,0,0,0,0,0,0,0,0,0,"dauer001","F","F","F","F",0,0,2,0,0,0,0,0,0,0,F,F,"1978BAL.EVA.regular.event.csv",4132
"BAL197808120","NYA",6,0,2,0,0,"",4,5,"whitr101","?","whitr101","?","martt001","?","martt001","?","dempr001","murre001","dauer001","decid001","belam101","kellp101","harll101","singk001","jackr001","chamc001","","64(1)/FO","F","F",7,8,2,"T","T",0,"F","F",1,"F","F",0,"F","F",6,"G","F","F","",0,0,"N",0,"N",0,"N",1,0,2,0,"","64","","","F","F","F","F","F","F","F","F","F","kerrj101","flanm001","","F","F","F","F","F","","","","",0,4,0,0,6,0,0,0,0,53,"BAL","NYA","BAL",0,"F","T",4,5,2,25,6,"T","F",3,3,"T","T","dentb001","rivem001","F","F",10,6,51,3,5,50,0,0,0,"dempr001","dempr001","",0,0,0,0,0,0,0,0,0,0,0,0,0,"belam101","T","F","F","F",1,0,2,0,0,0,0,0,0,0,F,F,"1978BAL.EVA.regular.event.csv",4133
"BAL197808120","NYA",6,1,0,0,0,"",4,5,"harll101","?","harll101","?","lyles101","?","lyles101","?","munst101","chamc001","randw001","nettg001","dentb001","whitr101","rivem001","johnj002","","","","3/G","T","F",8,7,2,"T","T",0,"F","F",1,"F","F",0,"F","F",3,"G","F","F","",0,0,"N",0,"N",0,"N",0,0,0,0,"3","","","","F","F","F","F","F","F","F","F","F","","","","F","F","F","F","F","","","","",0,3,0,0,0,0,0,0,0,54,"BAL","BAL","NYA",1,"T","F",5,4,0,24,0,"T","F",0,0,"T","T","dauer001","belam101","F","F",0,0,0,0,0,0,0,0,0,"","","",0,0,0,0,0,0,0,0,0,0,0,0,0,"chamc001","F","F","F","F",0,0,0,0,0,0,0,0,0,0,F,F,"1978BAL.EVA.regular.event.csv",4134
"BAL197808120","NYA",6,1,1,0,0,"",4,5,"dauer001","?","dauer001","?","lyles101","?","lyles101","?","munst101","chamc001","randw001","nettg001","dentb001","whitr101","rivem001","johnj002","","","","63","F","F",4,8,2,"T","T",0,"F","F",1,"F","F",0,"F","F",6,"G","F","F","",0,0,"N",0,"N",0,"N",0,0,0,0,"63","","","","F","F","F","F","F","F","F","F","F","","","","F","F","F","F","F","","","","",0,3,0,0,6,0,0,0,0,55,"BAL","BAL","NYA",1,"F","F",5,4,0,25,1,"T","F",0,0,"T","T","belam101","kellp101","F","F",0,0,0,0,0,0,0,0,0,"","","",0,0,0,0,0,0,0,0,0,0,0,0,0,"dentb001","F","F","F","F",0,0,0,0,0,0,0,0,0,0,F,F,"1978BAL.EVA.regular.event.csv",4135
"BAL197808120","NYA",6,1,2,0,0,"",4,5,"belam101","?","belam101","?","lyles101","?","lyles101","?","munst101","chamc001","randw001","nettg001","dentb001","whitr101","rivem001","johnj002","","","","S","F","F",6,9,20,"T","T",1,"F","F",0,"F","F",0,"F","F",0,"","F","F","",0,0,"N",0,"N",0,"N",1,0,0,0,"","","","","F","F","F","F","F","F","F","F","F","","","","F","F","F","F","F","","","","",0,0,0,0,0,0,0,0,0,56,"BAL","BAL","NYA",1,"F","F",5,4,0,26,2,"T","F",0,1,"T","T","kellp101","dempr001","F","F",0,0,0,0,0,0,0,0,0,"","","",0,0,0,0,0,0,0,0,0,0,0,0,0,"","F","F","F","F",1,0,0,0,0,0,0,0,0,0,F,F,"1978BAL.EVA.regular.event.csv",4136
"BAL197808120","NYA",6,1,2,0,0,"",4,5,"andem101","?","andem101","?","lyles101","?","lyles101","?","munst101","chamc001","randw001","nettg001","dentb001","whitr101","rivem001","johnj002","belam101","","","8","F","T",11,1,2,"T","T",0,"F","F",1,"F","F",0,"F","F",8,"F","F","F","",0,0,"N",0,"N",0,"N",0,1,0,0,"8","","","","F","F","F","F","F","F","F","F","F","lyles101","","","F","F","F","F","F","","","","kellp101",7,8,0,0,0,0,0,0,0,57,"BAL","BAL","NYA",1,"F","T",5,4,0,27,3,"T","F",1,1,"F","F","dempr001","singk001","F","F",6,9,56,0,0,0,0,0,0,"munst101","","",0,0,0,0,0,0,0,0,0,0,0,0,0,"rivem001","F","F","F","F",0,1,0,0,0,0,0,0,0,0,F,F,"1978BAL.EVA.regular.event.csv",4137
"BAL197808120","NYA",7,0,0,0,0,"",4,5,"dentb001","?","dentb001","?","martt001","?","martt001","?","dempr001","murre001","dauer001","decid001","belam101","andem101","harll101","singk001","","","","S7","T","F",6,9,20,"T","T",1,"F","F",0,"F","F",0,"F","F",7,"","F","F","",0,0,"N",0,"N",0,"N",1,0,0,0,"","","","","F","F","F","F","F","F","F","F","F","","","","F","F","F","F","F","","","","",0,0,0,0,0,0,0,0,0,58,"BAL","NYA","BAL",0,"T","F",4,5,0,26,0,"T","F",0,1,"T","T","rivem001","randw001","F","F",0,0,0,0,0,0,0,0,0,"","","",0,0,0,0,0,0,0,0,0,0,0,0,0,"andem101","F","F","F","F",0,0,0,0,0,0,0,0,0,0,F,F,"1978BAL.EVA.regular.event.csv",4138
"BAL197808120","NYA",7,0,0,0,0,"",4,5,"rivem001","?","rivem001","?","martt001","?","martt001","?","dempr001","murre001","dauer001","decid001","belam101","andem101","harll101","singk001","dentb001","","","S.1-2","F","F",8,1,20,"T","T",1,"F","F",0,"F","F",0,"F","F",0,"","F","F","",0,0,"N",0,"N",0,"N",1,2,0,0,"","","","","F","F","F","F","F","F","F","F","F","martt001","","","F","F","F","F","F","","","","",0,0,0,0,0,0,0,0,0,59,"BAL","NYA","BAL",0,"F","F",4,5,0,27,1,"T","F",1,3,"T","T","randw001","munst101","F","F",6,9,58,0,0,0,0,0,0,"dempr001","","",0,0,0,0,0,0,0,0,0,0,0,0,0,"","F","F","F","F",0,0,0,0,0,0,0,0,0,0,F,F,"1978BAL.EVA.regular.event.csv",4139
"BAL197808120","NYA",7,0,0,0,0,"",4,5,"randw001","?","randw001","?","martt001","?","martt001","?","dempr001","murre001","dauer001","decid001","belam101","andem101","harll101","singk001","rivem001","dentb001","","PO2(24)","F","F",4,2,8,"F","F",0,"F","F",1,"F","F",0,"F","F",0,"","F","F","",0,0,"N",0,"N",0,"N",0,1,0,0,"","","24","","F","F","F","F","F","F","F","T","F","martt001","martt001","","F","F","F","F","F","","","","",0,4,0,0,2,0,0,0,0,60,"BAL","NYA","BAL",0,"F","F",4,5,0,28,2,"T","F",3,1,"T","T","munst101","johnj002","F","F",8,1,59,6,9,58,0,0,0,"dempr001","dempr001","",0,0,0,0,0,0,0,0,0,0,0,0,0,"","F","F","F","F",0,0,0,0,0,0,0,0,0,0,F,F,"1978BAL.EVA.regular.event.csv",4140
"BAL197808120","NYA",7,0,1,0,0,"",4,5,"randw001","?","randw001","?","martt001","?","martt001","?","dempr001","murre001","dauer001","decid001","belam101","andem101","harll101","singk001","rivem001","","","CS2(24)","F","F",4,2,6,"F","F",0,"F","F",1,"F","F",0,"F","F",0,"","F","F","",0,0,"N",0,"N",0,"N",0,0,0,0,"","24","","","F","F","F","T","F","F","F","F","F","martt001","","","F","F","F","F","F","","","","",0,4,0,0,2,0,0,0,0,61,"BAL","NYA","BAL",0,"F","F",4,5,0,28,2,"F","F",1,0,"T","T","munst101","johnj002","F","F",8,1,59,0,0,0,0,0,0,"dempr001","","",0,0,0,0,0,0,0,0,0,0,0,0,0,"","F","F","F","F",0,0,0,0,0,0,0,0,0,0,F,F,"1978BAL.EVA.regular.event.csv",4141
"BAL197808120","NYA",7,0,2,0,0,"",4,5,"randw001","?","randw001","?","martt001","?","martt001","?","dempr001","murre001","dauer001","decid001","belam101","andem101","harll101","singk001","","","","63","F","F",4,2,2,"T","T",0,"F","F",1,"F","F",0,"F","F",6,"G","F","F","",0,0,"N",0,"N",0,"N",0,0,0,0,"63","","","","F","F","F","F","F","F","F","F","F","","","","F","F","F","F","F","","","","",0,3,0,0,6,0,0,0,0,62,"BAL","NYA","BAL",0,"F","T",4,5,0,28,2,"F","F",0,0,"T","T","munst101","johnj002","F","F",0,0,0,0,0,0,0,0,0,"","","",0,0,0,0,0,0,0,0,0,0,0,0,0,"belam101","F","F","F","F",0,0,0,0,0,0,0,0,0,0,F,F,"1978BAL.EVA.regular.event.csv",4142
"BAL197808120","NYA",7,1,0,0,0,"",4,5,"dempr001","?","dempr001","?","lyles101","?","lyles101","?","munst101","chamc001","randw001","nettg001","dentb001","whitr101","rivem001","johnj002","","","","D7/G","T","F",2,2,21,"T","T",2,"F","F",0,"F","F",0,"F","F",7,"G","F","F","",0,0,"N",0,"N",0,"N",2,0,0,0,"","","","","F","F","F","F","F","F","F","F","F","","","","F","F","F","F","F","","","","",0,0,0,0,0,0,0,0,0,63,"BAL","BAL","NYA",1,"T","F",5,4,0,28,0,"T","F",0,2,"T","T","singk001","murre001","F","F",0,0,0,0,0,0,0,0,0,"","","",0,0,0,0,0,0,0,0,0,0,0,0,0,"whitr101","F","F","F","F",4,0,0,0,1,0,0,0,0,0,F,F,"1978BAL.EVA.regular.event.csv",4143
"BAL197808120","NYA",7,1,0,0,0,"",4,5,"singk001","?","singk001","?","lyles101","?","lyles101","?","munst101","chamc001","randw001","nettg001","dentb001","whitr101","rivem001","johnj002","","dempr001","","9","F","F",9,3,2,"T","T",0,"F","F",1,"F","F",0,"F","F",9,"F","F","F","",0,0,"N",0,"N",0,"N",0,0,2,0,"9","","","","F","F","F","F","F","F","F","F","F","","lyles101","","F","F","F","F","F","","","","",0,9,0,0,0,0,0,0,0,64,"BAL","BAL","NYA",1,"F","F",5,4,0,29,1,"T","F",2,2,"T","T","murre001","decid001","F","F",0,0,0,2,2,63,0,0,0,"","munst101","",0,0,0,0,0,0,0,0,0,0,0,0,0,"johnj002","F","F","F","F",0,0,4,0,1,0,0,0,0,0,F,F,"1978BAL.EVA.regular.event.csv",4144
"BAL197808120","NYA",7,1,1,0,0,"",4,5,"murre001","?","murre001","?","lyles101","?","lyles101","?","munst101","chamc001","randw001","nettg001","dentb001","whitr101","rivem001","johnj002","","dempr001","","S.2-H;B-2(THH)","F","F",3,4,20,"T","T",1,"F","F",0,"F","F",1,"F","F",0,"","F","F","",0,0,"N",0,"N",0,"N",2,0,4,0,"","","","","F","F","F","F","F","F","F","F","F","","lyles101","","F","F","F","F","F","","","","",0,0,0,0,0,0,0,0,0,65,"BAL","BAL","NYA",1,"F","F",5,4,0,30,2,"T","F",2,2,"T","T","decid001","may-l101","F","F",0,0,0,2,2,63,0,0,0,"","munst101","",0,0,0,0,0,0,0,0,0,0,0,0,1,"","F","F","F","F",0,0,4,0,0,0,0,0,0,0,F,F,"1978BAL.EVA.regular.event.csv",4145
"BAL197808120","NYA",7,1,1,0,0,"",4,6,"decid001","?","decid001","?","lyles101","?","lyles101","?","munst101","chamc001","randw001","nettg001","dentb001","whitr101","rivem001","johnj002","","murre001","","8","F","F",5,5,2,"T","T",0,"F","F",1,"F","F",0,"F","F",8,"F","F","F","",0,0,"N",0,"N",0,"N",0,0,2,0,"8","","","","F","F","F","F","F","F","F","F","F","","lyles101","","F","F","F","F","F","","","","",0,8,0,0,0,0,0,0,0,66,"BAL","BAL","NYA",1,"F","F",6,4,1,31,3,"T","F",2,2,"T","T","may-l101","harll101","F","F",0,0,0,3,4,65,0,0,0,"","munst101","",0,0,0,0,0,0,0,0,0,0,0,0,0,"rivem001","F","F","F","F",0,0,0,0,0,0,0,0,0,0,F,F,"1978BAL.EVA.regular.event.csv",4146
"BAL197808120","NYA",7,1,2,0,0,"",4,6,"may-l101","?","may-l101","?","lyles101","?","lyles101","?","munst101","chamc001","randw001","nettg001","dentb001","whitr101","rivem001","johnj002","","murre001","","IW","F","F",10,6,15,"T","F",0,"F","F",0,"F","F",0,"F","F",0,"","F","F","",0,0,"N",0,"N",0,"N",1,0,2,0,"","","","","F","F","F","F","F","F","F","F","F","","lyles101","","F","F","F","F","F","","","","",0,0,0,0,0,0,0,0,0,67,"BAL","BAL","NYA",1,"F","F",6,4,1,32,4,"T","F",2,3,"T","T","harll101","dauer001","F","F",0,0,0,3,4,65,0,0,0,"","munst101","",0,0,0,0,0,0,0,0,0,0,0,0,0,"","F","F","F","F",0,0,0,0,0,0,0,0,0,0,F,F,"1978BAL.EVA.regular.event.csv",4147
"BAL197808120","NYA",7,1,2,0,0,"",4,6,"harll101","?","harll101","?","lyles101","?","lyles101","?","munst101","chamc001","randw001","nettg001","dentb001","whitr101","rivem001","johnj002","may-l101","murre001","","4","F","F",8,7,2,"T","T",0,"F","F",1,"F","F",0,"F","F",4,"F","F","F","",0,0,"N",0,"N",0,"N",0,1,2,0,"4","","","","F","F","F","F","F","F","F","F","F","lyles101","lyles101","","F","F","F","F","F","","","","",0,4,0,0,0,0,0,0,0,68,"BAL","BAL","NYA",1,"F","T",6,4,1,33,5,"T","F",3,3,"T","T","dauer001","belam101","F","F",10,6,67,3,4,65,0,0,0,"munst101","munst101","",0,0,0,0,0,0,0,0,0,0,0,0,0,"randw001","F","F","F","F",0,0,0,0,0,0,0,0,0,0,F,F,"1978BAL.EVA.regular.event.csv",4148
"BAL197808120","NYA",8,0,0,0,0,"",4,6,"munst101","?","munst101","?","martt001","?","martt001","?","dempr001","murre001","dauer001","decid001","belam101","andem101","harll101","singk001","","","","S7","T","F",2,3,20,"T","T",1,"F","F",0,"F","F",0,"F","F",7,"","F","F","",0,0,"N",0,"N",0,"N",1,0,0,0,"","","","","F","F","F","F","F","F","F","F","F","","","","F","F","F","F","F","","","","",0,0,0,0,0,0,0,0,0,69,"BAL","NYA","BAL",0,"T","F",4,6,0,29,0,"T","F",0,1,"T","T","johnj002","chamc001","F","F",0,0,0,0,0,0,0,0,0,"","","",0,0,0,0,0,0,0,0,0,0,0,0,0,"andem101","F","F","F","F",0,0,0,0,0,0,0,0,0,0,F,F,"1978BAL.EVA.regular.event.csv",4149
"BAL197808120","NYA",8,0,0,0,0,"",4,6,"johnj002","?","johnj002","?","martt001","?","martt001","?","dempr001","murre001","dauer001","decid001","belam101","andem101","harll101","singk001","munst101","","","7","F","F",9,4,2,"T","T",0,"F","F",1,"F","F",0,"F","F",7,"F","F","F","",0,0,"N",0,"N",0,"N",0,1,0,0,"7","","","","F","F","F","F","F","F","F","F","F","martt001","","","F","F","F","F","F","","","","",0,7,0,0,0,0,0,0,0,70,"BAL","NYA","BAL",0,"F","F",4,6,0,30,1,"T","F",1,1,"F","F","chamc001","jackr001","F","F",2,3,69,0,0,0,0,0,0,"dempr001","","",0,0,0,0,0,0,0,0,0,0,0,0,0,"andem101","F","F","F","F",0,0,0,0,0,0,0,0,0,0,F,F,"1978BAL.EVA.regular.event.csv",4150
"BAL197808120","NYA",8,0,1,0,0,"",4,6,"chamc001","?","chamc001","?","martt001","?","martt001","?","dempr001","murre001","dauer001","decid001","belam101","andem101","harll101","singk001","munst101","","","K","F","F",3,5,3,"T","T",0,"F","F",1,"F","F",0,"F","F",0,"","F","F","",0,0,"N",0,"N",0,"N",0,1,0,0,"2","","","","F","F","F","F","F","F","F","F","F","martt001","","","F","F","F","F","F","","","","",0,2,0,0,0,0,0,0,0,71,"BAL","NYA","BAL",0,"F","F",4,6,0,31,2,"T","F",1,1,"T","T","jackr001","nettg001","F","F",2,3,69,0,0,0,0,0,0,"dempr001","","",0,0,0,0,0,0,0,0,0,0,0,0,0,"","F","F","F","F",0,0,0,0,0,0,0,0,0,0,F,F,"1978BAL.EVA.regular.event.csv",4151
"BAL197808120","NYA",8,0,2,0,0,"",4,6,"jackr001","?","jackr001","?","martt001","?","martt001","?","dempr001","murre001","dauer001","decid001","belam101","andem101","harll101","singk001","munst101","","","K","F","F",10,6,3,"T","T",0,"F","F",1,"F","F",0,"F","F",0,"","F","F","",0,0,"N",0,"N",0,"N",0,1,0,0,"2","","","","F","F","F","F","F","F","F","F","F","martt001","","","F","F","F","F","F","","","","",0,2,0,0,0,0,0,0,0,72,"BAL","NYA","BAL",0,"F","T",4,6,0,32,3,"T","F",1,1,"F","F","nettg001","whitr101","F","F",2,3,69,0,0,0,0,0,0,"dempr001","","",0,0,0,0,0,0,0,0,0,0,0,0,0,"","F","F","F","F",0,0,0,0,0,0,0,0,0,0,F,F,"1978BAL.EVA.regular.event.csv",4152
"BAL197808120","NYA",8,1,0,0,0,"",4,6,"dauer001","?","dauer001","?","lyles101","?","lyles101","?","munst101","chamc001","randw001","nettg001","dentb001","whitr101","rivem001","johnj002","","","","S7","T","F",4,8,20,"T","T",1,"F","F",0,"F","F",0,"F","F",7,"","F","F","",0,0,"N",0,"N",0,"N",1,0,0,0,"","","","","F","F","F","F","F","F","F","F","F","","","","F","F","F","F","F","","","","",0,0,0,0,0,0,0,0,0,73,"BAL","BAL","NYA",1,"T","F",6,4,0,34,0,"T","F",0,1,"T","T","belam101","andem101","F","F",0,0,0,0,0,0,0,0,0,"","","",0,0,0,0,0,0,0,0,0,0,0,0,0,"whitr101","F","F","F","F",0,0,0,0,0,0,0,0,0,0,F,F,"1978BAL.EVA.regular.event.csv",4153
"BAL197808120","NYA",8,1,0,0,0,"",4,6,"belam101","?","belam101","?","lyles101","?","lyles101","?","munst101","chamc001","randw001","nettg001","dentb001","whitr101","rivem001","johnj002","dauer001","","","E2/BG/SH.1-2","F","F",6,9,18,"T","F",0,"T","F",0,"F","F",0,"F","F",2,"G","T","F","",1,2,"F",0,"N",0,"N",1,2,0,0,"","","","","F","F","F","F","F","F","F","F","F","lyles101","","","F","F","F","F","F","","","","",0,0,0,0,0,0,0,0,0,74,"BAL","BAL","NYA",1,"F","F",6,4,0,35,1,"T","F",1,3,"T","T","andem101","dempr001","F","F",4,8,73,0,0,0,0,0,0,"munst101","","",0,0,0,0,0,0,0,0,0,0,0,0,0,"munst101","F","F","F","T",2,0,0,0,0,0,0,0,0,0,F,F,"1978BAL.EVA.regular.event.csv",4154
"BAL197808120","NYA",8,1,0,0,0,"",4,6,"andem101","?","andem101","?","lyles101","?","lyles101","?","munst101","chamc001","randw001","nettg001","dentb001","whitr101","rivem001","johnj002","belam101","dauer001","","15(2)/FO/BG.1-2","F","F",7,1,2,"T","T",0,"F","F",1,"F","F",0,"F","F",1,"G","T","F","",0,0,"N",0,"N",0,"N",1,2,0,0,"","","15","","F","F","F","F","F","F","F","F","F","lyles101","lyles101","","F","F","F","F","F","","","","",0,5,0,0,1,0,0,0,0,75,"BAL","BAL","NYA",1,"F","F",6,4,0,36,2,"T","F",3,3,"F","F","dempr001","singk001","F","F",6,9,74,4,8,73,0,0,0,"munst101","munst101","",0,0,0,0,0,0,0,0,0,0,0,0,0,"lyles101","F","T","F","F",1,2,0,0,0,0,0,0,0,0,F,F,"1978BAL.EVA.regular.event.csv",4155
"BAL197808120","NYA",8,1,1,0,0,"",4,6,"dempr001","?","dempr001","?","lyles101","?","lyles101","?","munst101","chamc001","randw001","nettg001","dentb001","whitr101","rivem001","johnj002","andem101","belam101","","7","F","F",2,2,2,"T","T",0,"F","F",1,"F","F",0,"F","F",7,"F","F","F","",0,0,"N",0,"N",0,"N",0,1,2,0,"7","","","","F","F","F","F","F","F","F","F","F","lyles101","lyles101","","F","F","F","F","F","","","","",0,7,0,0,0,0,0,0,0,76,"BAL","BAL","NYA",1,"F","F",6,4,0,37,3,"T","F",3,3,"T","T","singk001","murre001","F","F",7,1,75,6,9,74,0,0,0,"munst101","munst101","",0,0,0,0,0,0,0,0,0,0,0,0,0,"whitr101","F","F","F","F",0,1,2,0,0,0,0,0,0,0,F,F,"1978BAL.EVA.regular.event.csv",4156
"BAL197808120","NYA",8,1,2,0,0,"",4,6,"lopec101","?","lopec101","?","lyles101","?","lyles101","?","munst101","chamc001","randw001","nettg001","dentb001","whitr101","rivem001","johnj002","andem101","belam101","","9","F","T",11,3,2,"T","T",0,"F","F",1,"F","F",0,"F","F",9,"F","F","F","",0,0,"N",0,"N",0,"N",0,1,2,0,"9","","","","F","F","F","F","F","F","F","F","F","lyles101","lyles101","","F","F","F","F","F","","","","singk001",9,9,0,0,0,0,0,0,0,77,"BAL","BAL","NYA",1,"F","T",6,4,0,38,4,"T","F",3,3,"F","F","murre001","decid001","F","F",7,1,75,6,9,74,0,0,0,"munst101","munst101","",0,0,0,0,0,0,0,0,0,0,0,0,0,"johnj002","F","F","F","F",0,1,2,0,0,0,0,0,0,0,F,F,"1978BAL.EVA.regular.event.csv",4157
"BAL197808120","NYA",9,0,0,0,0,"",4,6,"nettg001","?","nettg001","?","martt001","?","martt001","?","dempr001","murre001","dauer001","decid001","belam101","andem101","harll101","lopec101","","","","9","T","F",5,7,2,"T","T",0,"F","F",1,"F","F",0,"F","F",9,"F","F","F","",0,0,"N",0,"N",0,"N",0,0,0,0,"9","","","","F","F","F","F","F","F","F","F","F","","","","F","F","F","F","F","","","","",0,9,0,0,0,0,0,0,0,78,"BAL","NYA","BAL",0,"T","F",4,6,0,33,0,"T","F",0,0,"T","T","whitr101","dentb001","F","F",0,0,0,0,0,0,0,0,0,"","","",0,0,0,0,0,0,0,0,0,0,0,0,0,"lopec101","F","F","F","F",0,0,0,0,0,0,0,0,0,0,F,F,"1978BAL.EVA.regular.event.csv",4158
"BAL197808120","NYA",9,0,1,0,0,"",4,6,"whitr101","?","whitr101","?","martt001","?","martt001","?","dempr001","murre001","dauer001","decid001","belam101","andem101","harll101","lopec101","","","","S/G5","F","F",7,8,20,"T","T",1,"F","F",0,"F","F",0,"F","F",0,"G","F","F","5",0,0,"N",0,"N",0,"N",1,0,0,0,"","","","","F","F","F","F","F","F","F","F","F","","","","F","F","F","F","F","","","","",0,0,0,0,0,0,0,0,0,79,"BAL","NYA","BAL",0,"F","F",4,6,0,34,1,"T","F",0,1,"T","T","dentb001","rivem001","F","F",0,0,0,0,0,0,0,0,0,"","","",0,0,0,0,0,0,0,0,0,0,0,0,0,"","F","F","F","F",2,0,0,0,0,0,0,0,0,0,F,F,"1978BAL.EVA.regular.event.csv",4159
"BAL197808120","NYA",9,0,1,0,0,"",4,6,"dentb001","?","dentb001","?","martt001","?","martt001","?","dempr001","murre001","dauer001","decid001","belam101","andem101","harll101","lopec101","whitr101","","","S.1-2","F","F",6,9,20,"T","T",1,"F","F",0,"F","F",0,"F","F",0,"","F","F","",0,0,"N",0,"N",0,"N",1,2,0,0,"","","","","F","F","F","F","F","F","F","F","F","martt001","","","F","F","F","F","F","","","","",0,0,0,0,0,0,0,0,0,80,"BAL","NYA","BAL",0,"F","F",4,6,0,35,2,"T","F",1,3,"T","T","rivem001","randw001","F","F",7,8,79,0,0,0,0,0,0,"dempr001","","",0,0,0,0,0,0,0,0,0,0,0,0,0,"","F","F","F","F",1,2,0,0,0,0,0,0,0,0,F,F,"1978BAL.EVA.regular.event.csv",4160
"BAL197808120","NYA",9,0,1,0,0,"",4,6,"rivem001","?","rivem001","?","martt001","?","martt001","?","dempr001","murre001","dauer001","decid001","belam101","andem101","harll101","lopec101","doylb101","whitr101","","2/FL","F","F",8,1,2,"T","T",0,"F","F",1,"F","F",0,"F","F",2,"F","F","T","",0,0,"N",0,"N",0,"N",0,1,2,0,"2","","","","F","F","F","F","F","F","F","F","F","martt001","martt001","","F","F","T","F","F","dentb001","","","",0,2,0,0,0,0,0,0,0,81,"BAL","NYA","BAL",0,"F","F",4,6,0,36,3,"T","F",3,3,"T","T","randw001","munst101","F","F",0,9,80,7,8,79,0,0,0,"dempr001","dempr001","",0,0,0,0,0,0,0,0,0,0,0,0,0,"dempr001","F","F","F","F",0,1,2,0,0,0,0,0,0,0,F,F,"1978BAL.EVA.regular.event.csv",4161
"BAL197808120","NYA",9,0,2,0,0,"",4,6,"randw001","?","randw001","?","stand101","?","stand101","?","dempr001","murre001","dauer001","decid001","belam101","andem101","harll101","lopec101","doylb101","whitr101","","9","F","F",4,2,2,"T","T",0,"F","F",1,"F","F",0,"F","F",9,"F","F","F","",0,0,"N",0,"N",0,"N",0,1,2,0,"9","","","","F","F","F","F","F","F","F","F","F","martt001","martt001","","F","T","F","F","F","","","","",0,9,0,0,0,0,0,0,0,82,"BAL","NYA","BAL",0,"F","T",4,6,0,37,4,"T","F",3,3,"T","T","munst101","johnj002","F","F",0,9,80,7,8,79,0,0,0,"dempr001","dempr001","",0,0,0,0,0,0,0,0,0,0,0,0,0,"lopec101","F","F","F","F",0,1,2,0,0,0,0,0,0,0,F,F,"1978BAL.EVA.regular.event.csv",4162
"BAL197808130","NYA",1,0,0,0,0,"",0,0,"rivem001","?","rivem001","?","mcgrs001","?","mcgrs001","?","dempr001","murre001","smitb101","decid001","belam101","kellp101","harll101","singk001","","","","S","T","F",8,1,20,"T","T",1,"F","F",0,"F","F",0,"F","F",0,"","F","F","",0,0,"N",0,"N",0,"N",1,0,0,0,"","","","","F","F","F","F","F","F","F","F","F","","","","T","F","F","F","F","","","","",0,0,0,0,0,0,0,0,0,1,"BAL","NYA","BAL",0,"T","F",0,0,0,0,0,"T","F",0,1,"T","T","randw001","munst101","T","T",0,0,0,0,0,0,0,0,0,"","","",0,0,0,0,0,0,0,0,0,0,0,0,0,"","F","F","F","F",0,0,0,0,0,0,0,0,0,0,F,F,"1978BAL.EVA.regular.event.csv",4163
"BAL197808130","NYA",1,0,0,0,0,"",0,0,"randw001","?","randw001","?","mcgrs001","?","mcgrs001","?","dempr001","murre001","smitb101","decid001","belam101","kellp101","harll101","singk001","rivem001","","","PO1(13)","F","F",4,2,8,"F","F",0,"F","F",1,"F","F",0,"F","F",0,"","F","F","",0,0,"N",0,"N",0,"N",0,0,0,0,"","13","","","F","F","F","F","F","F","T","F","F","mcgrs001","","","F","F","F","F","F","","","","",0,3,0,0,1,0,0,0,0,2,"BAL","NYA","BAL",0,"F","F",0,0,0,1,1,"T","F",1,0,"T","T","munst101","pinil001","T","T",8,1,1,0,0,0,0,0,0,"dempr001","","",0,0,0,0,0,0,0,0,0,0,0,0,0,"","F","F","F","F",0,0,0,0,0,0,0,0,0,0,F,F,"1978BAL.EVA.regular.event.csv",4164
"BAL197808130","NYA",1,0,1,0,0,"",0,0,"randw001","?","randw001","?","mcgrs001","?","mcgrs001","?","dempr001","murre001","smitb101","decid001","belam101","kellp101","harll101","singk001","","","","53","F","F",4,2,2,"T","T",0,"F","F",1,"F","F",0,"F","F",5,"G","F","F","",0,0,"N",0,"N",0,"N",0,0,0,0,"53","","","","F","F","F","F","F","F","F","F","F","","","","F","F","F","F","F","","","","",0,3,0,0,5,0,0,0,0,3,"BAL","NYA","BAL",0,"F","F",0,0,0,1,1,"F","F",0,0,"T","T","munst101","pinil001","T","T",0,0,0,0,0,0,0,0,0,"","","",0,0,0,0,0,0,0,0,0,0,0,0,0,"decid001","F","F","F","F",0,0,0,0,0,0,0,0,0,0,F,F,"1978BAL.EVA.regular.event.csv",4165
"BAL197808130","NYA",1,0,2,0,0,"",0,0,"munst101","?","munst101","?","mcgrs001","?","mcgrs001","?","dempr001","murre001","smitb101","decid001","belam101","kellp101","harll101","singk001","","","","53","F","F",10,3,2,"T","T",0,"F","F",1,"F","F",0,"F","F",5,"G","F","F","",0,0,"N",0,"N",0,"N",0,0,0,0,"53","","","","F","F","F","F","F","F","F","F","F","","","","F","F","F","F","F","","","","",0,3,0,0,5,0,0,0,0,4,"BAL","NYA","BAL",0,"F","T",0,0,0,2,2,"T","F",0,0,"T","T","pinil001","chamc001","T","T",0,0,0,0,0,0,0,0,0,"","","",0,0,0,0,0,0,0,0,0,0,0,0,0,"decid001","F","F","F","F",0,0,0,0,0,0,0,0,0,0,F,F,"1978BAL.EVA.regular.event.csv",4166
"BAL197808130","NYA",1,1,0,0,0,"",0,0,"kellp101","?","kellp101","?","figue101","?","figue101","?","heatm001","chamc001","randw001","nettg001","dentb001","pinil001","rivem001","jackr001","","","","7","T","F",7,1,2,"T","T",0,"F","F",1,"F","F",0,"F","F",7,"F","F","F","",0,0,"N",0,"N",0,"N",0,0,0,0,"7","","","","F","F","F","F","F","F","F","F","F","","","","F","F","F","F","F","","","","",0,7,0,0,0,0,0,0,0,5,"BAL","BAL","NYA",1,"T","F",0,0,0,0,0,"T","F",0,0,"T","T","dempr001","singk001","T","T",0,0,0,0,0,0,0,0,0,"","","",0,0,0,0,0,0,0,0,0,0,0,0,0,"pinil001","F","F","F","F",0,0,0,0,0,0,0,0,0,0,F,F,"1978BAL.EVA.regular.event.csv",4167
"BAL197808130","NYA",1,1,1,0,0,"",0,0,"dempr001","?","dempr001","?","figue101","?","figue101","?","heatm001","chamc001","randw001","nettg001","dentb001","pinil001","rivem001","jackr001","","","","K/C","F","F",2,2,3,"T","T",0,"F","F",1,"F","F",0,"F","F",0,"","F","F","",0,0,"N",0,"N",0,"N",0,0,0,0,"2","","","","F","F","F","F","F","F","F","F","F","","","","F","F","F","F","F","","","","",0,2,0,0,0,0,0,0,0,6,"BAL","BAL","NYA",1,"F","F",0,0,0,1,1,"T","F",0,0,"T","T","singk001","murre001","T","T",0,0,0,0,0,0,0,0,0,"","","",0,0,0,0,0,0,0,0,0,0,0,0,0,"","F","F","F","F",0,0,0,0,0,0,0,0,0,0,F,F,"1978BAL.EVA.regular.event.csv",4168
"BAL197808130","NYA",1,1,2,0,0,"",0,0,"singk001","?","singk001","?","figue101","?","figue101","?","heatm001","chamc001","randw001","nettg001","dentb001","pinil001","rivem001","jackr001","","","","W","F","F",9,3,14,"T","F",0,"F","F",0,"F","F",0,"F","F",0,"","F","F","",0,0,"N",0,"N",0,"N",1,0,0,0,"","","","","F","F","F","F","F","F","F","F","F","","","","F","F","F","F","F","","","","",0,0,0,0,0,0,0,0,0,7,"BAL","BAL","NYA",1,"F","F",0,0,0,2,2,"T","F",0,1,"T","T","murre001","crowt101","T","T",0,0,0,0,0,0,0,0,0,"","","",0,0,0,0,0,0,0,0,0,0,0,0,0,"","F","F","F","F",0,0,0,0,0,0,0,0,0,0,F,F,"1978BAL.EVA.regular.event.csv",4169
"BAL197808130","NYA",1,1,2,0,0,"",0,0,"murre001","?","murre001","?","figue101","?","figue101","?","heatm001","chamc001","randw001","nettg001","dentb001","pinil001","rivem001","jackr001","singk001","","","43","F","F",3,4,2,"T","T",0,"F","F",1,"F","F",0,"F","F",4,"G","F","F","",0,0,"N",0,"N",0,"N",0,1,0,0,"43","","","","F","F","F","F","F","F","F","F","F","figue101","","","F","F","F","F","F","","","","",0,3,0,0,4,0,0,0,0,8,"BAL","BAL","NYA",1,"F","T",0,0,0,3,3,"T","F",1,1,"T","T","crowt101","decid001","T","T",9,3,7,0,0,0,0,0,0,"heatm001","","",0,0,0,0,0,0,0,0,0,0,0,0,0,"randw001","F","F","F","F",0,0,0,0,0,0,0,0,0,0,F,F,"1978BAL.EVA.regular.event.csv",4170
"BAL197808130","NYA",2,0,0,0,0,"",0,0,"pinil001","?","pinil001","?","mcgrs001","?","mcgrs001","?","dempr001","murre001","smitb101","decid001","belam101","kellp101","harll101","singk001","","","","K","T","F",7,4,3,"T","T",0,"F","F",1,"F","F",0,"F","F",0,"","F","F","",0,0,"N",0,"N",0,"N",0,0,0,0,"2","","","","F","F","F","F","F","F","F","F","F","","","","F","F","F","F","F","","","","",0,2,0,0,0,0,0,0,0,9,"BAL","NYA","BAL",0,"T","F",0,0,0,3,0,"T","F",0,0,"T","T","chamc001","nettg001","T","T",0,0,0,0,0,0,0,0,0,"","","",0,0,0,0,0,0,0,0,0,0,0,0,0,"","F","F","F","F",0,0,0,0,0,0,0,0,0,0,F,F,"1978BAL.EVA.regular.event.csv",4171
"BAL197808130","NYA",2,0,1,0,0,"",0,0,"chamc001","?","chamc001","?","mcgrs001","?","mcgrs001","?","dempr001","murre001","smitb101","decid001","belam101","kellp101","harll101","singk001","","","","8","F","F",3,5,2,"T","T",0,"F","F",1,"F","F",0,"F","F",8,"F","F","F","",0,0,"N",0,"N",0,"N",0,0,0,0,"8","","","","F","F","F","F","F","F","F","F","F","","","","F","F","F","F","F","","","","",0,8,0,0,0,0,0,0,0,10,"BAL","NYA","BAL",0,"F","F",0,0,0,4,1,"T","F",0,0,"T","T","nettg001","jackr001","T","T",0,0,0,0,0,0,0,0,0,"","","",0,0,0,0,0,0,0,0,0,0,0,0,0,"harll101","F","F","F","F",0,0,0,0,0,0,0,0,0,0,F,F,"1978BAL.EVA.regular.event.csv",4172
"BAL197808130","NYA",2,0,2,0,0,"",0,0,"nettg001","?","nettg001","?","mcgrs001","?","mcgrs001","?","dempr001","murre001","smitb101","decid001","belam101","kellp101","harll101","singk001","","","","9","F","F",5,6,2,"T","T",0,"F","F",1,"F","F",0,"F","F",9,"F","F","F","",0,0,"N",0,"N",0,"N",0,0,0,0,"9","","","","F","F","F","F","F","F","F","F","F","","","","F","F","F","F","F","","","","",0,9,0,0,0,0,0,0,0,11,"BAL","NYA","BAL",0,"F","T",0,0,0,5,2,"T","F",0,0,"T","T","jackr001","heatm001","T","T",0,0,0,0,0,0,0,0,0,"","","",0,0,0,0,0,0,0,0,0,0,0,0,0,"singk001","F","F","F","F",0,0,0,0,0,0,0,0,0,0,F,F,"1978BAL.EVA.regular.event.csv",4173
"BAL197808130","NYA",2,1,0,0,0,"",0,0,"crowt101","?","crowt101","?","figue101","?","figue101","?","heatm001","chamc001","randw001","nettg001","dentb001","pinil001","rivem001","jackr001","","","","5","T","F",10,5,2,"T","T",0,"F","F",1,"F","F",0,"F","F",5,"F","F","F","",0,0,"N",0,"N",0,"N",0,0,0,0,"5","","","","F","F","F","F","F","F","F","F","F","","","","F","F","F","F","F","","","","",0,5,0,0,0,0,0,0,0,12,"BAL","BAL","NYA",1,"T","F",0,0,0,4,0,"T","F",0,0,"T","T","decid001","smitb101","T","T",0,0,0,0,0,0,0,0,0,"","","",0,0,0,0,0,0,0,0,0,0,0,0,0,"nettg001","F","F","F","F",0,0,0,0,0,0,0,0,0,0,F,F,"1978BAL.EVA.regular.event.csv",4174
"BAL197808130","NYA",2,1,1,0,0,"",0,0,"decid001","?","decid001","?","figue101","?","figue101","?","heatm001","chamc001","randw001","nettg001","dentb001","pinil001","rivem001","jackr001","","","","D7","F","F",5,6,21,"T","T",2,"F","F",0,"F","F",0,"F","F",7,"","F","F","",0,0,"N",0,"N",0,"N",2,0,0,0,"","","","","F","F","F","F","F","F","F","F","F","","","","F","F","F","F","F","","","","",0,0,0,0,0,0,0,0,0,13,"BAL","BAL","NYA",1,"F","F",0,0,0,5,1,"T","F",0,2,"T","T","smitb101","harll101","T","T",0,0,0,0,0,0,0,0,0,"","","",0,0,0,0,0,0,0,0,0,0,0,0,0,"pinil001","F","F","F","F",0,0,0,0,0,0,0,0,0,0,F,F,"1978BAL.EVA.regular.event.csv",4175
"BAL197808130","NYA",2,1,1,0,0,"",0,0,"smitb101","?","smitb101","?","figue101","?","figue101","?","heatm001","chamc001","randw001","nettg001","dentb001","pinil001","rivem001","jackr001","","decid001","","7","F","F",4,7,2,"T","T",0,"F","F",1,"F","F",0,"F","F",7,"F","F","F","",0,0,"N",0,"N",0,"N",0,0,2,0,"7","","","","F","F","F","F","F","F","F","F","F","","figue101","","F","F","F","F","F","","","","",0,7,0,0,0,0,0,0,0,14,"BAL","BAL","NYA",1,"F","F",0,0,0,6,2,"T","F",2,2,"T","T","harll101","belam101","T","T",0,0,0,5,6,13,0,0,0,"","heatm001","",0,0,0,0,0,0,0,0,0,0,0,0,0,"pinil001","F","F","F","F",0,0,0,0,0,0,0,0,0,0,F,F,"1978BAL.EVA.regular.event.csv",4176
"BAL197808130","NYA",2,1,2,0,0,"",0,0,"harll101","?","harll101","?","figue101","?","figue101","?","heatm001","chamc001","randw001","nettg001","dentb001","pinil001","rivem001","jackr001","","decid001","","43","F","F",8,8,2,"T","T",0,"F","F",1,"F","F",0,"F","F",4,"G","F","F","",0,0,"N",0,"N",0,"N",0,0,2,0,"43","","","","F","F","F","F","F","F","F","F","F","","figue101","","F","F","F","F","F","","","","",0,3,0,0,4,0,0,0,0,15,"BAL","BAL","NYA",1,"F","T",0,0,0,7,3,"T","F",2,2,"T","T","belam101","kellp101","T","T",0,0,0,5,6,13,0,0,0,"","heatm001","",0,0,0,0,0,0,0,0,0,0,0,0,0,"randw001","F","F","F","F",0,0,0,0,0,0,0,0,0,0,F,F,"1978BAL.EVA.regular.event.csv",4177
"BAL197808130","NYA",3,0,0,0,0,"",0,0,"jackr001","?","jackr001","?","mcgrs001","?","mcgrs001","?","dempr001","murre001","smitb101","decid001","belam101","kellp101","harll101","singk001","","","","K","T","F",9,7,3,"T","T",0,"F","F",1,"F","F",0,"F","F",0,"","F","F","",0,0,"N",0,"N",0,"N",0,0,0,0,"2","","","","F","F","F","F","F","F","F","F","F","","","","F","F","F","F","F","","","","",0,2,0,0,0,0,0,0,0,16,"BAL","NYA","BAL",0,"T","F",0,0,0,6,0,"T","F",0,0,"T","T","heatm001","dentb001","T","T",0,0,0,0,0,0,0,0,0,"","","",0,0,0,0,0,0,0,0,0,0,0,0,0,"","F","F","F","F",0,0,0,0,0,0,0,0,0,0,F,F,"1978BAL.EVA.regular.event.csv",4178
"BAL197808130","NYA",3,0,1,0,0,"",0,0,"heatm001","?","heatm001","?","mcgrs001","?","mcgrs001","?","dempr001","murre001","smitb101","decid001","belam101","kellp101","harll101","singk001","","","","K/C","F","F",2,8,3,"T","T",0,"F","F",1,"F","F",0,"F","F",0,"","F","F","",0,0,"N",0,"N",0,"N",0,0,0,0,"2","","","","F","F","F","F","F","F","F","F","F","","","","F","F","F","F","F","","","","",0,2,0,0,0,0,0,0,0,17,"BAL","NYA","BAL",0,"F","F",0,0,0,7,1,"T","F",0,0,"T","T","dentb001","rivem001","T","T",0,0,0,0,0,0,0,0,0,"","","",0,0,0,0,0,0,0,0,0,0,0,0,0,"","F","F","F","F",0,0,0,0,0,0,0,0,0,0,F,F,"1978BAL.EVA.regular.event.csv",4179
"BAL197808130","NYA",3,0,2,0,0,"",0,0,"dentb001","?","dentb001","?","mcgrs001","?","mcgrs001","?","dempr001","murre001","smitb101","decid001","belam101","kellp101","harll101","singk001","","","","7","F","F",6,9,2,"T","T",0,"F","F",1,"F","F",0,"F","F",7,"F","F","F","",0,0,"N",0,"N",0,"N",0,0,0,0,"7","","","","F","F","F","F","F","F","F","F","F","","","","F","F","F","F","F","","","","",0,7,0,0,0,0,0,0,0,18,"BAL","NYA","BAL",0,"F","T",0,0,0,8,2,"T","F",0,0,"T","T","rivem001","randw001","T","T",0,0,0,0,0,0,0,0,0,"","","",0,0,0,0,0,0,0,0,0,0,0,0,0,"kellp101","F","F","F","F",0,0,0,0,0,0,0,0,0,0,F,F,"1978BAL.EVA.regular.event.csv",4180
"BAL197808130","NYA",3,1,0,0,0,"",0,0,"belam101","?","belam101","?","figue101","?","figue101","?","heatm001","chamc001","randw001","nettg001","dentb001","pinil001","rivem001","jackr001","","","","2/FL","T","F",6,9,2,"T","T",0,"F","F",1,"F","F",0,"F","F",2,"F","F","T","",0,0,"N",0,"N",0,"N",0,0,0,0,"2","","","","F","F","F","F","F","F","F","F","F","","","","F","F","F","F","F","","","","",0,2,0,0,0,0,0,0,0,19,"BAL","BAL","NYA",1,"T","F",0,0,0,8,0,"T","F",0,0,"T","T","kellp101","dempr001","T","T",0,0,0,0,0,0,0,0,0,"","","",0,0,0,0,0,0,0,0,0,0,0,0,0,"heatm001","F","F","F","F",0,0,0,0,0,0,0,0,0,0,F,F,"1978BAL.EVA.regular.event.csv",4181
"BAL197808130","NYA",3,1,1,0,0,"",0,0,"kellp101","?","kellp101","?","figue101","?","figue101","?","heatm001","chamc001","randw001","nettg001","dentb001","pinil001","rivem001","jackr001","","","","9","F","F",7,1,2,"T","T",0,"F","F",1,"F","F",0,"F","F",9,"F","F","F","",0,0,"N",0,"N",0,"N",0,0,0,0,"9","","","","F","F","F","F","F","F","F","F","F","","","","F","F","F","F","F","","","","",0,9,0,0,0,0,0,0,0,20,"BAL","BAL","NYA",1,"F","F",0,0,0,9,1,"T","F",0,0,"T","T","dempr001","singk001","T","T",0,0,0,0,0,0,0,0,0,"","","",0,0,0,0,0,0,0,0,0,0,0,0,0,"jackr001","F","F","F","F",0,0,0,0,0,0,0,0,0,0,F,F,"1978BAL.EVA.regular.event.csv",4182
"BAL197808130","NYA",3,1,2,0,0,"",0,0,"dempr001","?","dempr001","?","figue101","?","figue101","?","heatm001","chamc001","randw001","nettg001","dentb001","pinil001","rivem001","jackr001","","","","8","F","F",2,2,2,"T","T",0,"F","F",1,"F","F",0,"F","F",8,"F","F","F","",0,0,"N",0,"N",0,"N",0,0,0,0,"8","","","","F","F","F","F","F","F","F","F","F","","","","F","F","F","F","F","","","","",0,8,0,0,0,0,0,0,0,21,"BAL","BAL","NYA",1,"F","T",0,0,0,10,2,"T","F",0,0,"T","T","singk001","murre001","T","T",0,0,0,0,0,0,0,0,0,"","","",0,0,0,0,0,0,0,0,0,0,0,0,0,"rivem001","F","F","F","F",0,0,0,0,0,0,0,0,0,0,F,F,"1978BAL.EVA.regular.event.csv",4183
"BAL197808130","NYA",4,0,0,0,0,"",0,0,"rivem001","?","rivem001","?","mcgrs001","?","mcgrs001","?","dempr001","murre001","smitb101","decid001","belam101","kellp101","harll101","singk001","","","","S7","T","F",8,1,20,"T","T",1,"F","F",0,"F","F",0,"F","F",7,"","F","F","",0,0,"N",0,"N",0,"N",1,0,0,0,"","","","","F","F","F","F","F","F","F","F","F","","","","F","F","F","F","F","","","","",0,0,0,0,0,0,0,0,0,22,"BAL","NYA","BAL",0,"T","F",0,0,0,9,0,"T","F",0,1,"T","T","randw001","munst101","T","T",0,0,0,0,0,0,0,0,0,"","","",0,0,0,0,0,0,0,0,0,0,0,0,0,"kellp101","F","F","F","F",0,0,0,0,0,0,0,0,0,0,F,F,"1978BAL.EVA.regular.event.csv",4184
"BAL197808130","NYA",4,0,0,0,0,"",0,0,"randw001","?","randw001","?","mcgrs001","?","mcgrs001","?","dempr001","murre001","smitb101","decid001","belam101","kellp101","harll101","singk001","rivem001","","","46(1)3/GDP","F","F",4,2,2,"T","T",0,"F","F",2,"T","F",0,"F","F",4,"G","F","F","",0,0,"N",0,"N",0,"N",0,0,0,0,"63","46","","","F","F","F","F","F","F","F","F","F","mcgrs001","","","F","F","F","F","F","","","","",0,6,3,0,4,6,0,0,0,23,"BAL","NYA","BAL",0,"F","F",0,0,0,10,1,"T","F",1,0,"T","T","munst101","pinil001","T","T",8,1,22,0,0,0,0,0,0,"dempr001","","",0,0,0,0,0,0,0,0,0,0,0,0,0,"smitb101","T","F","F","F",0,0,0,0,0,0,0,0,0,0,F,F,"1978BAL.EVA.regular.event.csv",4185
"BAL197808130","NYA",4,0,2,0,0,"",0,0,"munst101","?","munst101","?","mcgrs001","?","mcgrs001","?","dempr001","murre001","smitb101","decid001","belam101","kellp101","harll101","singk001","","","","9","F","F",10,3,2,"T","T",0,"F","F",1,"F","F",0,"F","F",9,"F","F","F","",0,0,"N",0,"N",0,"N",0,0,0,0,"9","","","","F","F","F","F","F","F","F","F","F","","","","F","F","F","F","F","","","","",0,9,0,0,0,0,0,0,0,24,"BAL","NYA","BAL",0,"F","T",0,0,0,11,2,"T","F",0,0,"T","T","pinil001","chamc001","T","T",0,0,0,0,0,0,0,0,0,"","","",0,0,0,0,0,0,0,0,0,0,0,0,0,"singk001","F","F","F","F",0,0,0,0,0,0,0,0,0,0,F,F,"1978BAL.EVA.regular.event.csv",4186
"BAL197808130","NYA",4,1,0,0,0,"",0,0,"singk001","?","singk001","?","figue101","?","figue101","?","heatm001","chamc001","randw001","nettg001","dentb001","pinil001","rivem001","jackr001","","","","K","T","F",9,3,3,"T","T",0,"F","F",1,"F","F",0,"F","F",0,"","F","F","",0,0,"N",0,"N",0,"N",0,0,0,0,"2","","","","F","F","F","F","F","F","F","F","F","","","","F","F","F","F","F","","","","",0,2,0,0,0,0,0,0,0,25,"BAL","BAL","NYA",1,"T","F",0,0,0,11,0,"T","F",0,0,"T","T","murre001","crowt101","T","T",0,0,0,0,0,0,0,0,0,"","","",0,0,0,0,0,0,0,0,0,0,0,0,0,"","F","F","F","F",0,0,0,0,0,0,0,0,0,0,F,F,"1978BAL.EVA.regular.event.csv",4187
"BAL197808130","NYA",4,1,1,0,0,"",0,0,"murre001","?","murre001","?","figue101","?","figue101","?","heatm001","chamc001","randw001","nettg001","dentb001","pinil001","rivem001","jackr001","","","","D","F","F",3,4,21,"T","T",2,"F","F",0,"F","F",0,"F","F",0,"","F","F","",0,0,"N",0,"N",0,"N",2,0,0,0,"","","","","F","F","F","F","F","F","F","F","F","","","","F","F","F","F","F","","","","",0,0,0,0,0,0,0,0,0,26,"BAL","BAL","NYA",1,"F","F",0,0,0,12,1,"T","F",0,2,"T","T","crowt101","decid001","T","T",0,0,0,0,0,0,0,0,0,"","","",0,0,0,0,0,0,0,0,0,0,0,0,0,"","F","F","F","F",0,0,0,0,0,0,0,0,0,0,F,F,"1978BAL.EVA.regular.event.csv",4188
"BAL197808130","NYA",4,1,1,0,0,"",0,0,"crowt101","?","crowt101","?","figue101","?","figue101","?","heatm001","chamc001","randw001","nettg001","dentb001","pinil001","rivem001","jackr001","","murre001","","K/C","F","F",10,5,3,"T","T",0,"F","F",1,"F","F",0,"F","F",0,"","F","F","",0,0,"N",0,"N",0,"N",0,0,2,0,"2","","","","F","F","F","F","F","F","F","F","F","","figue101","","F","F","F","F","F","","","","",0,2,0,0,0,0,0,0,0,27,"BAL","BAL","NYA",1,"F","F",0,0,0,13,2,"T","F",2,2,"T","T","decid001","smitb101","T","T",0,0,0,3,4,26,0,0,0,"","heatm001","",0,0,0,0,0,0,0,0,0,0,0,0,0,"","F","F","F","F",0,0,0,0,0,0,0,0,0,0,F,F,"1978BAL.EVA.regular.event.csv",4189
"BAL197808130","NYA",4,1,2,0,0,"",0,0,"decid001","?","decid001","?","figue101","?","figue101","?","heatm001","chamc001","randw001","nettg001","dentb001","pinil001","rivem001","jackr001","","murre001","","4","F","F",5,6,2,"T","T",0,"F","F",1,"F","F",0,"F","F",4,"F","F","F","",0,0,"N",0,"N",0,"N",0,0,2,0,"4","","","","F","F","F","F","F","F","F","F","F","","figue101","","F","F","F","F","F","","","","",0,4,0,0,0,0,0,0,0,28,"BAL","BAL","NYA",1,"F","T",0,0,0,14,3,"T","F",2,2,"T","T","smitb101","harll101","T","T",0,0,0,3,4,26,0,0,0,"","heatm001","",0,0,0,0,0,0,0,0,0,0,0,0,0,"randw001","F","F","F","F",0,0,0,0,0,0,0,0,0,0,F,F,"1978BAL.EVA.regular.event.csv",4190
"BAL197808130","NYA",5,0,0,0,0,"",0,0,"pinil001","?","pinil001","?","mcgrs001","?","mcgrs001","?","dempr001","murre001","smitb101","decid001","belam101","kellp101","harll101","singk001","","","","43","T","F",7,4,2,"T","T",0,"F","F",1,"F","F",0,"F","F",4,"G","F","F","",0,0,"N",0,"N",0,"N",0,0,0,0,"43","","","","F","F","F","F","F","F","F","F","F","","","","F","F","F","F","F","","","","",0,3,0,0,4,0,0,0,0,29,"BAL","NYA","BAL",0,"T","F",0,0,0,12,0,"T","F",0,0,"T","T","chamc001","nettg001","T","T",0,0,0,0,0,0,0,0,0,"","","",0,0,0,0,0,0,0,0,0,0,0,0,0,"smitb101","F","F","F","F",0,0,0,0,0,0,0,0,0,0,F,F,"1978BAL.EVA.regular.event.csv",4191
"BAL197808130","NYA",5,0,1,0,0,"",0,0,"chamc001","?","chamc001","?","mcgrs001","?","mcgrs001","?","dempr001","murre001","smitb101","decid001","belam101","kellp101","harll101","singk001","","","","43","F","F",3,5,2,"T","T",0,"F","F",1,"F","F",0,"F","F",4,"G","F","F","",0,0,"N",0,"N",0,"N",0,0,0,0,"43","","","","F","F","F","F","F","F","F","F","F","","","","F","F","F","F","F","","","","",0,3,0,0,4,0,0,0,0,30,"BAL","NYA","BAL",0,"F","F",0,0,0,13,1,"T","F",0,0,"T","T","nettg001","jackr001","T","T",0,0,0,0,0,0,0,0,0,"","","",0,0,0,0,0,0,0,0,0,0,0,0,0,"smitb101","F","F","F","F",0,0,0,0,0,0,0,0,0,0,F,F,"1978BAL.EVA.regular.event.csv",4192
"BAL197808130","NYA",5,0,2,0,0,"",0,0,"nettg001","?","nettg001","?","mcgrs001","?","mcgrs001","?","dempr001","murre001","smitb101","decid001","belam101","kellp101","harll101","singk001","","","","S9","F","F",5,6,20,"T","T",1,"F","F",0,"F","F",0,"F","F",9,"","F","F","",0,0,"N",0,"N",0,"N",1,0,0,0,"","","","","F","F","F","F","F","F","F","F","F","","","","F","F","F","F","F","","","","",0,0,0,0,0,0,0,0,0,31,"BAL","NYA","BAL",0,"F","F",0,0,0,14,2,"T","F",0,1,"T","T","jackr001","heatm001","T","T",0,0,0,0,0,0,0,0,0,"","","",0,0,0,0,0,0,0,0,0,0,0,0,0,"singk001","F","F","F","F",0,0,0,0,0,0,0,0,0,0,F,F,"1978BAL.EVA.regular.event.csv",4193
"BAL197808130","NYA",5,0,2,0,0,"",0,0,"jackr001","?","jackr001","?","mcgrs001","?","mcgrs001","?","dempr001","murre001","smitb101","decid001","belam101","kellp101","harll101","singk001","nettg001","","","6","F","F",9,7,2,"T","T",0,"F","F",1,"F","F",0,"F","F",6,"F","F","F","",0,0,"N",0,"N",0,"N",0,1,0,0,"6","","","","F","F","F","F","F","F","F","F","F","mcgrs001","","","F","F","F","F","F","","","","",0,6,0,0,0,0,0,0,0,32,"BAL","NYA","BAL",0,"F","T",0,0,0,15,3,"T","F",1,1,"T","T","heatm001","dentb001","T","T",5,6,31,0,0,0,0,0,0,"dempr001","","",0,0,0,0,0,0,0,0,0,0,0,0,0,"belam101","F","F","F","F",0,0,0,0,0,0,0,0,0,0,F,F,"1978BAL.EVA.regular.event.csv",4194
"BAL197808130","NYA",5,1,0,0,0,"",0,0,"smitb101","?","smitb101","?","figue101","?","figue101","?","heatm001","chamc001","randw001","nettg001","dentb001","pinil001","rivem001","jackr001","","","","S/BG","T","F",4,7,20,"T","T",1,"F","F",0,"F","F",0,"F","F",0,"G","T","F","",0,0,"N",0,"N",0,"N",1,0,0,0,"","","","","F","F","F","F","F","F","F","F","F","","","","F","F","F","F","F","","","","",0,0,0,0,0,0,0,0,0,33,"BAL","BAL","NYA",1,"T","F",0,0,0,15,0,"T","F",0,1,"T","T","harll101","belam101","T","T",0,0,0,0,0,0,0,0,0,"","","",0,0,0,0,0,0,0,0,0,0,0,0,0,"","F","F","F","F",0,0,0,0,0,0,0,0,0,0,F,F,"1978BAL.EVA.regular.event.csv",4195
"BAL197808130","NYA",5,1,0,0,0,"",0,0,"harll101","?","harll101","?","figue101","?","figue101","?","heatm001","chamc001","randw001","nettg001","dentb001","pinil001","rivem001","jackr001","smitb101","","","43.1-2","F","F",8,8,2,"T","T",0,"F","F",1,"F","F",0,"F","F",4,"G","F","F","",0,0,"N",0,"N",0,"N",0,2,0,0,"43","","","","F","F","F","F","F","F","F","F","F","figue101","","","F","F","F","F","F","","","","",0,3,0,0,4,0,0,0,0,34,"BAL","BAL","NYA",1,"F","F",0,0,0,16,1,"T","F",1,2,"T","T","belam101","kellp101","T","T",4,7,33,0,0,0,0,0,0,"heatm001","","",0,0,0,0,0,0,0,0,0,0,0,0,0,"randw001","F","F","F","F",0,0,0,0,0,0,0,0,0,0,F,F,"1978BAL.EVA.regular.event.csv",4196
"BAL197808130","NYA",5,1,1,0,0,"",0,0,"belam101","?","belam101","?","figue101","?","figue101","?","heatm001","chamc001","randw001","nettg001","dentb001","pinil001","rivem001","jackr001","","smitb101","","S8.2-3","F","F",6,9,20,"T","T",1,"F","F",0,"F","F",0,"F","F",8,"","F","F","",0,0,"N",0,"N",0,"N",1,0,3,0,"","","","","F","F","F","F","F","F","F","F","F","","figue101","","F","F","F","F","F","","","","",0,0,0,0,0,0,0,0,0,35,"BAL","BAL","NYA",1,"F","F",0,0,0,17,2,"T","F",2,5,"T","T","kellp101","dempr001","T","T",0,0,0,4,7,33,0,0,0,"","heatm001","",0,0,0,0,0,0,0,0,0,0,0,0,0,"rivem001","F","F","F","F",0,0,0,0,0,0,0,0,0,0,F,F,"1978BAL.EVA.regular.event.csv",4197
"BAL197808130","NYA",5,1,1,0,0,"",0,0,"kellp101","?","kellp101","?","figue101","?","figue101","?","heatm001","chamc001","randw001","nettg001","dentb001","pinil001","rivem001","jackr001","belam101","","smitb101","46(1)3/GDP","F","F",7,1,2,"T","T",0,"F","F",2,"T","F",0,"F","F",4,"G","F","F","",0,0,"N",0,"N",0,"N",0,0,0,3,"63","46","","","F","F","F","F","F","F","F","F","F","figue101","","figue101","F","F","F","F","F","","","","",0,6,3,0,4,6,0,0,0,36,"BAL","BAL","NYA",1,"F","T",0,0,0,18,3,"T","F",5,4,"T","T","dempr001","singk001","T","T",6,9,35,0,0,0,4,7,33,"heatm001","","heatm001",0,0,0,0,0,0,0,0,0,0,0,0,0,"randw001","T","F","F","F",0,0,0,0,0,0,0,0,0,0,F,F,"1978BAL.EVA.regular.event.csv",4198
"BAL197808130","NYA",6,0,0,0,0,"",0,0,"heatm001","?","heatm001","?","mcgrs001","?","mcgrs001","?","dempr001","murre001","smitb101","decid001","belam101","kellp101","harll101","singk001","","","","23","T","F",2,8,2,"T","T",0,"F","F",1,"F","F",0,"F","F",2,"G","F","F","",0,0,"N",0,"N",0,"N",0,0,0,0,"23","","","","F","F","F","F","F","F","F","F","F","","","","F","F","F","F","F","","","","",0,3,0,0,2,0,0,0,0,37,"BAL","NYA","BAL",0,"T","F",0,0,0,16,0,"T","F",0,0,"T","T","dentb001","rivem001","T","T",0,0,0,0,0,0,0,0,0,"","","",0,0,0,0,0,0,0,0,0,0,0,0,0,"dempr001","F","F","F","F",0,0,0,0,0,0,0,0,0,0,F,F,"1978BAL.EVA.regular.event.csv",4199
"BAL197808130","NYA",6,0,1,0,0,"",0,0,"dentb001","?","dentb001","?","mcgrs001","?","mcgrs001","?","dempr001","murre001","smitb101","decid001","belam101","kellp101","harll101","singk001","","","","W","F","F",6,9,14,"T","F",0,"F","F",0,"F","F",0,"F","F",0,"","F","F","",0,0,"N",0,"N",0,"N",1,0,0,0,"","","","","F","F","F","F","F","F","F","F","F","","","","F","F","F","F","F","","","","",0,0,0,0,0,0,0,0,0,38,"BAL","NYA","BAL",0,"F","F",0,0,0,17,1,"T","F",0,1,"T","T","rivem001","randw001","T","T",0,0,0,0,0,0,0,0,0,"","","",0,0,0,0,0,0,0,0,0,0,0,0,0,"","F","F","F","F",0,0,0,0,0,0,0,0,0,0,F,F,"1978BAL.EVA.regular.event.csv",4200
"BAL197808130","NYA",6,0,1,0,0,"",0,0,"rivem001","?","rivem001","?","mcgrs001","?","mcgrs001","?","dempr001","murre001","smitb101","decid001","belam101","kellp101","harll101","singk001","dentb001","","","3/FL","F","F",8,1,2,"T","T",0,"F","F",1,"F","F",0,"F","F",3,"F","F","T","",0,0,"N",0,"N",0,"N",0,1,0,0,"3","","","","F","F","F","F","F","F","F","F","F","mcgrs001","","","F","F","F","F","F","","","","",0,3,0,0,0,0,0,0,0,39,"BAL","NYA","BAL",0,"F","F",0,0,0,18,2,"T","F",1,1,"T","T","randw001","munst101","T","T",6,9,38,0,0,0,0,0,0,"dempr001","","",0,0,0,0,0,0,0,0,0,0,0,0,0,"murre001","F","F","F","F",0,0,0,0,0,0,0,0,0,0,F,F,"1978BAL.EVA.regular.event.csv",4201
"BAL197808130","NYA",6,0,2,0,0,"",0,0,"randw001","?","randw001","?","mcgrs001","?","mcgrs001","?","dempr001","murre001","smitb101","decid001","belam101","kellp101","harll101","singk001","dentb001","","","9","F","F",4,2,2,"T","T",0,"F","F",1,"F","F",0,"F","F",9,"F","F","F","",0,0,"N",0,"N",0,"N",0,1,0,0,"9","","","","F","F","F","F","F","F","F","F","F","mcgrs001","","","F","F","F","F","F","","","","",0,9,0,0,0,0,0,0,0,40,"BAL","NYA","BAL",0,"F","T",0,0,0,19,3,"T","F",1,1,"T","T","munst101","pinil001","T","T",6,9,38,0,0,0,0,0,0,"dempr001","","",0,0,0,0,0,0,0,0,0,0,0,0,0,"singk001","F","F","F","F",0,0,0,0,0,0,0,0,0,0,F,F,"1978BAL.EVA.regular.event.csv",4202
"BAL197808130","NYA",6,1,0,0,0,"",0,0,"dempr001","?","dempr001","?","figue101","?","figue101","?","heatm001","chamc001","randw001","nettg001","dentb001","pinil001","rivem001","jackr001","","","","D7","T","F",2,2,21,"T","T",2,"F","F",0,"F","F",0,"F","F",7,"","F","F","",0,0,"N",0,"N",0,"N",2,0,0,0,"","","","","F","F","F","F","F","F","F","F","F","","","","F","F","F","F","F","","","","",0,0,0,0,0,0,0,0,0,41,"BAL","BAL","NYA",1,"T","F",0,0,0,19,0,"T","F",0,2,"T","T","singk001","murre001","T","T",0,0,0,0,0,0,0,0,0,"","","",0,0,0,0,0,0,0,0,0,0,0,0,0,"pinil001","F","F","F","F",4,0,0,0,3,0,0,0,0,0,F,F,"1978BAL.EVA.regular.event.csv",4203
"BAL197808130","NYA",6,1,0,0,0,"",0,0,"singk001","?","singk001","?","figue101","?","figue101","?","heatm001","chamc001","randw001","nettg001","dentb001","pinil001","rivem001","jackr001","","dempr001","","63.2-3","F","F",9,3,2,"T","T",0,"F","F",1,"F","F",0,"F","F",6,"G","F","F","",0,0,"N",0,"N",0,"N",0,0,3,0,"63","","","","F","F","F","F","F","F","F","F","F","","figue101","","F","F","F","F","F","","","","",0,3,0,0,6,0,0,0,0,42,"BAL","BAL","NYA",1,"F","F",0,0,0,20,1,"T","F",2,4,"T","T","murre001","crowt101","T","T",0,0,0,2,2,41,0,0,0,"","heatm001","",0,0,0,0,0,0,0,0,0,0,0,0,0,"dentb001","F","F","F","F",0,0,4,0,3,0,0,0,0,0,F,F,"1978BAL.EVA.regular.event.csv",4204
"BAL197808130","NYA",6,1,1,0,0,"",0,0,"murre001","?","murre001","?","figue101","?","figue101","?","heatm001","chamc001","randw001","nettg001","dentb001","pinil001","rivem001","jackr001","","","dempr001","W","F","F",3,4,14,"T","F",0,"F","F",0,"F","F",0,"F","F",0,"","F","F","",0,0,"N",0,"N",0,"N",1,0,0,3,"","","","","F","F","F","F","F","F","F","F","F","","","figue101","F","F","F","F","F","","","","",0,0,0,0,0,0,0,0,0,43,"BAL","BAL","NYA",1,"F","F",0,0,0,21,2,"T","F",4,5,"T","T","crowt101","decid001","T","T",0,0,0,0,0,0,2,2,41,"","","heatm001",0,0,0,0,0,0,0,0,0,0,0,0,0,"","F","F","F","F",5,0,0,4,3,0,0,0,0,0,F,F,"1978BAL.EVA.regular.event.csv",4205
"BAL197808130","NYA",6,1,1,0,0,"",0,0,"crowt101","?","crowt101","?","figue101","?","figue101","?","heatm001","chamc001","randw001","nettg001","dentb001","pinil001","rivem001","jackr001","murre001","","dempr001","E3.3-H(RBI);1-2;B-1","F","F",10,5,18,"T","T",0,"F","F",0,"F","F",1,"F","F",3,"G","F","F","",1,3,"F",0,"N",0,"N",1,2,0,4,"","","","","F","F","F","F","F","F","F","F","F","figue101","","figue101","F","F","F","F","F","","","","",0,0,0,0,0,0,0,0,0,44,"BAL","BAL","NYA",1,"F","F",0,0,0,22,3,"T","F",5,3,"T","T","decid001","smitb101","T","T",3,4,43,0,0,0,2,2,41,"heatm001","","heatm001",0,0,0,0,0,0,0,0,0,0,0,0,1,"chamc001","F","F","F","T",5,5,0,4,2,0,0,0,0,0,F,F,"1978BAL.EVA.regular.event.csv",4206
"BAL197808130","NYA",6,1,1,0,0,"",0,1,"decid001","?","decid001","?","figue101","?","figue101","?","heatm001","chamc001","randw001","nettg001","dentb001","pinil001","rivem001","jackr001","crowt101","murre001","","D7/G5.2-H(UR);1-3","F","F",5,6,21,"T","T",2,"F","F",0,"F","F",1,"F","F",7,"G","F","F","5",0,0,"N",0,"N",0,"N",2,3,5,0,"","","","","F","F","F","F","F","F","F","F","F","figue101","figue101","","F","F","F","F","F","","","","",0,0,0,0,0,0,0,0,0,45,"BAL","BAL","NYA",1,"F","F",1,0,1,23,4,"T","F",3,6,"T","T","smitb101","harll101","T","T",10,5,44,3,4,43,0,0,0,"heatm001","heatm001","",0,0,0,0,0,0,0,0,0,0,0,0,1,"pinil001","F","F","F","F",0,5,5,0,1,0,0,0,0,0,F,F,"1978BAL.EVA.regular.event.csv",4207
"BAL197808130","NYA",6,1,1,0,0,"",0,2,"smitb101","?","smitb101","?","figue101","?","figue101","?","heatm001","chamc001","randw001","nettg001","dentb001","pinil001","rivem001","jackr001","","decid001","crowt101","W","F","F",4,7,14,"T","F",0,"F","F",0,"F","F",0,"F","F",0,"","F","F","",0,0,"N",0,"N",0,"N",1,0,2,3,"","","","","F","F","F","F","F","F","F","F","F","","figue101","figue101","F","F","F","F","F","","","","",0,0,0,0,0,0,0,0,0,46,"BAL","BAL","NYA",1,"F","F",2,0,2,24,5,"T","F",6,7,"T","T","harll101","belam101","T","T",0,0,0,5,6,45,10,5,44,"","heatm001","heatm001",0,0,0,0,0,0,0,0,0,0,0,0,0,"","F","F","F","F",1,0,0,5,1,0,0,0,0,0,F,F,"1978BAL.EVA.regular.event.csv",4208
"BAL197808130","NYA",6,1,1,0,0,"",0,2,"harll101","?","harll101","?","figue101","?","figue101","?","heatm001","chamc001","randw001","nettg001","dentb001","pinil001","rivem001","jackr001","smitb101","decid001","crowt101","8/SF/DP.3-H(UR);2X3(835)","F","F",8,8,2,"T","F",0,"F","T",2,"T","F",1,"F","F",8,"F","F","F","",0,0,"N",0,"N",0,"N",0,1,0,5,"8","","835","","F","F","F","F","F","F","F","F","F","figue101","figue101","figue101","F","T","F","F","F","","","","",0,8,5,0,8,3,0,0,0,47,"BAL","BAL","NYA",1,"F","T",2,0,2,25,6,"T","F",7,1,"T","T","belam101","kellp101","T","T",4,7,46,5,6,45,10,5,44,"heatm001","heatm001","heatm001",0,0,0,0,0,0,0,0,0,0,0,0,1,"rivem001","F","F","F","F",0,1,0,5,0,0,0,0,0,0,F,F,"1978BAL.EVA.regular.event.csv",4209
"BAL197808140","NYA",1,0,0,0,0,"",0,0,"rivem001","?","rivem001","?","palmj001","?","palmj001","?","dempr001","murre001","dauer001","decid001","belam101","kellp101","harll101","singk001","","","","9","T","F",8,1,2,"T","T",0,"F","F",1,"F","F",0,"F","F",9,"F","F","F","",0,0,"N",0,"N",0,"N",0,0,0,0,"9","","","","F","F","F","F","F","F","F","F","F","","","","T","F","F","F","F","","","","",0,9,0,0,0,0,0,0,0,1,"BAL","NYA","BAL",0,"T","F",0,0,0,0,0,"T","F",0,0,"T","T","randw001","munst101","T","T",0,0,0,0,0,0,0,0,0,"","","",0,0,0,0,0,0,0,0,0,0,0,0,0,"singk001","F","F","F","F",0,0,0,0,0,0,0,0,0,0,F,F,"1978BAL.EVA.regular.event.csv",4210
"BAL197808140","NYA",1,0,1,0,0,"",0,0,"randw001","?","randw001","?","palmj001","?","palmj001","?","dempr001","murre001","dauer001","decid001","belam101","kellp101","harll101","singk001","","","","S8","F","F",4,2,20,"T","T",1,"F","F",0,"F","F",0,"F","F",8,"","F","F","",0,0,"N",0,"N",0,"N",1,0,0,0,"","","","","F","F","F","F","F","F","F","F","F","","","","F","F","F","F","F","","","","",0,0,0,0,0,0,0,0,0,2,"BAL","NYA","BAL",0,"F","F",0,0,0,1,1,"T","F",0,1,"T","T","munst101","chamc001","T","T",0,0,0,0,0,0,0,0,0,"","","",0,0,0,0,0,0,0,0,0,0,0,0,0,"harll101","F","F","F","F",0,0,0,0,0,0,0,0,0,0,F,F,"1978BAL.EVA.regular.event.csv",4211
"BAL197808140","NYA",1,0,1,0,0,"",0,0,"munst101","?","munst101","?","palmj001","?","palmj001","?","dempr001","murre001","dauer001","decid001","belam101","kellp101","harll101","singk001","randw001","","","PO1(13)","F","F",2,3,8,"F","F",0,"F","F",1,"F","F",0,"F","F",0,"","F","F","",0,0,"N",0,"N",0,"N",0,0,0,0,"","13","","","F","F","F","F","F","F","T","F","F","palmj001","","","F","F","F","F","F","","","","",0,3,0,0,1,0,0,0,0,3,"BAL","NYA","BAL",0,"F","F",0,0,0,2,2,"T","F",1,0,"T","T","chamc001","pinil001","T","T",4,2,2,0,0,0,0,0,0,"dempr001","","",0,0,0,0,0,0,0,0,0,0,0,0,0,"","F","F","F","F",0,0,0,0,0,0,0,0,0,0,F,F,"1978BAL.EVA.regular.event.csv",4212
"BAL197808140","NYA",1,0,2,0,0,"",0,0,"munst101","?","munst101","?","palmj001","?","palmj001","?","dempr001","murre001","dauer001","decid001","belam101","kellp101","harll101","singk001","","","","53","F","F",2,3,2,"T","T",0,"F","F",1,"F","F",0,"F","F",5,"G","F","F","",0,0,"N",0,"N",0,"N",0,0,0,0,"53","","","","F","F","F","F","F","F","F","F","F","","","","F","F","F","F","F","","","","",0,3,0,0,5,0,0,0,0,4,"BAL","NYA","BAL",0,"F","T",0,0,0,2,2,"F","F",0,0,"T","T","chamc001","pinil001","T","T",0,0,0,0,0,0,0,0,0,"","","",0,0,0,0,0,0,0,0,0,0,0,0,0,"decid001","F","F","F","F",0,0,0,0,0,0,0,0,0,0,F,F,"1978BAL.EVA.regular.event.csv",4213
"BAL197808140","NYA",1,1,0,0,0,"",0,0,"kellp101","?","kellp101","?","tidrd001","?","tidrd001","?","munst101","chamc001","randw001","nettg001","dentb001","thomg101","rivem001","jackr001","","","","5/FL","T","F",7,1,2,"T","T",0,"F","F",1,"F","F",0,"F","F",5,"F","F","T","",0,0,"N",0,"N",0,"N",0,0,0,0,"5","","","","F","F","F","F","F","F","F","F","F","","","","F","F","F","F","F","","","","",0,5,0,0,0,0,0,0,0,5,"BAL","BAL","NYA",1,"T","F",0,0,0,0,0,"T","F",0,0,"T","T","dempr001","singk001","T","T",0,0,0,0,0,0,0,0,0,"","","",0,0,0,0,0,0,0,0,0,0,0,0,0,"nettg001","F","F","F","F",0,0,0,0,0,0,0,0,0,0,F,F,"1978BAL.EVA.regular.event.csv",4214
"BAL197808140","NYA",1,1,1,0,0,"",0,0,"dempr001","?","dempr001","?","tidrd001","?","tidrd001","?","munst101","chamc001","randw001","nettg001","dentb001","thomg101","rivem001","jackr001","","","","9","F","F",2,2,2,"T","T",0,"F","F",1,"F","F",0,"F","F",9,"F","F","F","",0,0,"N",0,"N",0,"N",0,0,0,0,"9","","","","F","F","F","F","F","F","F","F","F","","","","F","F","F","F","F","","","","",0,9,0,0,0,0,0,0,0,6,"BAL","BAL","NYA",1,"F","F",0,0,0,1,1,"T","F",0,0,"T","T","singk001","murre001","T","T",0,0,0,0,0,0,0,0,0,"","","",0,0,0,0,0,0,0,0,0,0,0,0,0,"jackr001","F","F","F","F",0,0,0,0,0,0,0,0,0,0,F,F,"1978BAL.EVA.regular.event.csv",4215
"BAL197808140","NYA",1,1,2,0,0,"",0,0,"singk001","?","singk001","?","tidrd001","?","tidrd001","?","munst101","chamc001","randw001","nettg001","dentb001","thomg101","rivem001","jackr001","","","","W","F","F",9,3,14,"T","F",0,"F","F",0,"F","F",0,"F","F",0,"","F","F","",0,0,"N",0,"N",0,"N",1,0,0,0,"","","","","F","F","F","F","F","F","F","F","F","","","","F","F","F","F","F","","","","",0,0,0,0,0,0,0,0,0,7,"BAL","BAL","NYA",1,"F","F",0,0,0,2,2,"T","F",0,1,"T","T","murre001","may-l101","T","T",0,0,0,0,0,0,0,0,0,"","","",0,0,0,0,0,0,0,0,0,0,0,0,0,"","F","F","F","F",0,0,0,0,0,0,0,0,0,0,F,F,"1978BAL.EVA.regular.event.csv",4216
"BAL197808140","NYA",1,1,2,0,0,"",0,0,"murre001","?","murre001","?","tidrd001","?","tidrd001","?","munst101","chamc001","randw001","nettg001","dentb001","thomg101","rivem001","jackr001","singk001","","","K","F","F",3,4,3,"T","T",0,"F","F",1,"F","F",0,"F","F",0,"","F","F","",0,0,"N",0,"N",0,"N",0,1,0,0,"2","","","","F","F","F","F","F","F","F","F","F","tidrd001","","","F","F","F","F","F","","","","",0,2,0,0,0,0,0,0,0,8,"BAL","BAL","NYA",1,"F","T",0,0,0,3,3,"T","F",1,1,"T","T","may-l101","decid001","T","T",9,3,7,0,0,0,0,0,0,"munst101","","",0,0,0,0,0,0,0,0,0,0,0,0,0,"","F","F","F","F",0,0,0,0,0,0,0,0,0,0,F,F,"1978BAL.EVA.regular.event.csv",4217
"BAL197808140","NYA",2,0,0,0,0,"",0,0,"chamc001","?","chamc001","?","palmj001","?","palmj001","?","dempr001","murre001","dauer001","decid001","belam101","kellp101","harll101","singk001","","","","53","T","F",3,4,2,"T","T",0,"F","F",1,"F","F",0,"F","F",5,"G","F","F","",0,0,"N",0,"N",0,"N",0,0,0,0,"53","","","","F","F","F","F","F","F","F","F","F","","","","F","F","F","F","F","","","","",0,3,0,0,5,0,0,0,0,9,"BAL","NYA","BAL",0,"T","F",0,0,0,3,0,"T","F",0,0,"T","T","pinil001","nettg001","T","T",0,0,0,0,0,0,0,0,0,"","","",0,0,0,0,0,0,0,0,0,0,0,0,0,"decid001","F","F","F","F",0,0,0,0,0,0,0,0,0,0,F,F,"1978BAL.EVA.regular.event.csv",4218
"BAL197808140","NYA",2,0,1,0,0,"",0,0,"pinil001","?","pinil001","?","palmj001","?","palmj001","?","dempr001","murre001","dauer001","decid001","belam101","kellp101","harll101","singk001","","","","S9","F","F",10,5,20,"T","T",1,"F","F",0,"F","F",0,"F","F",9,"","F","F","",0,0,"N",0,"N",0,"N",1,0,0,0,"","","","","F","F","F","F","F","F","F","F","F","","","","F","F","F","F","F","","","","",0,0,0,0,0,0,0,0,0,10,"BAL","NYA","BAL",0,"F","F",0,0,0,4,1,"T","F",0,1,"T","T","nettg001","jackr001","T","T",0,0,0,0,0,0,0,0,0,"","","",0,0,0,0,0,0,0,0,0,0,0,0,0,"singk001","F","F","F","F",0,0,0,0,0,0,0,0,0,0,F,F,"1978BAL.EVA.regular.event.csv",4219
"BAL197808140","NYA",2,0,1,0,0,"",0,0,"nettg001","?","nettg001","?","palmj001","?","palmj001","?","dempr001","murre001","dauer001","decid001","belam101","kellp101","harll101","singk001","pinil001","","","46(1)3/GDP","F","F",5,6,2,"T","T",0,"F","F",2,"T","F",0,"F","F",4,"G","F","F","",0,0,"N",0,"N",0,"N",0,0,0,0,"63","46","","","F","F","F","F","F","F","F","F","F","palmj001","","","F","F","F","F","F","","","","",0,6,3,0,4,6,0,0,0,11,"BAL","NYA","BAL",0,"F","T",0,0,0,5,2,"T","F",1,0,"T","T","jackr001","thomg101","T","T",10,5,10,0,0,0,0,0,0,"dempr001","","",0,0,0,0,0,0,0,0,0,0,0,0,0,"dauer001","T","F","F","F",0,0,0,0,0,0,0,0,0,0,F,F,"1978BAL.EVA.regular.event.csv",4220
"BAL197808140","NYA",2,1,0,0,0,"",0,0,"may-l101","?","may-l101","?","tidrd001","?","tidrd001","?","munst101","chamc001","randw001","nettg001","dentb001","thomg101","rivem001","jackr001","","","","S5","T","F",10,5,20,"T","T",1,"F","F",0,"F","F",0,"F","F",5,"","F","F","",0,0,"N",0,"N",0,"N",1,0,0,0,"","","","","F","F","F","F","F","F","F","F","F","","","","F","F","F","F","F","","","","",0,0,0,0,0,0,0,0,0,12,"BAL","BAL","NYA",1,"T","F",0,0,0,4,0,"T","F",0,1,"T","T","decid001","harll101","T","T",0,0,0,0,0,0,0,0,0,"","","",0,0,0,0,0,0,0,0,0,0,0,0,0,"nettg001","F","F","F","F",0,0,0,0,0,0,0,0,0,0,F,F,"1978BAL.EVA.regular.event.csv",4221
"BAL197808140","NYA",2,1,0,0,0,"",0,0,"decid001","?","decid001","?","tidrd001","?","tidrd001","?","munst101","chamc001","randw001","nettg001","dentb001","thomg101","rivem001","jackr001","may-l101","","","7","F","F",5,6,2,"T","T",0,"F","F",1,"F","F",0,"F","F",7,"F","F","F","",0,0,"N",0,"N",0,"N",0,1,0,0,"7","","","","F","F","F","F","F","F","F","F","F","tidrd001","","","F","F","F","F","F","","","","",0,7,0,0,0,0,0,0,0,13,"BAL","BAL","NYA",1,"F","F",0,0,0,5,1,"T","F",1,1,"T","T","harll101","dauer001","T","T",10,5,12,0,0,0,0,0,0,"munst101","","",0,0,0,0,0,0,0,0,0,0,0,0,0,"thomg101","F","F","F","F",0,0,0,0,0,0,0,0,0,0,F,F,"1978BAL.EVA.regular.event.csv",4222
"BAL197808140","NYA",2,1,1,0,0,"",0,0,"harll101","?","harll101","?","tidrd001","?","tidrd001","?","munst101","chamc001","randw001","nettg001","dentb001","thomg101","rivem001","jackr001","may-l101","","","46(1)3/GDP","F","F",8,7,2,"T","T",0,"F","F",2,"T","F",0,"F","F",4,"G","F","F","",0,0,"N",0,"N",0,"N",0,0,0,0,"63","46","","","F","F","F","F","F","F","F","F","F","tidrd001","","","F","F","F","F","F","","","","",0,6,3,0,4,6,0,0,0,14,"BAL","BAL","NYA",1,"F","T",0,0,0,6,2,"T","F",1,0,"T","T","dauer001","belam101","T","T",10,5,12,0,0,0,0,0,0,"munst101","","",0,0,0,0,0,0,0,0,0,0,0,0,0,"randw001","T","F","F","F",0,0,0,0,0,0,0,0,0,0,F,F,"1978BAL.EVA.regular.event.csv",4223
"BAL197808140","NYA",3,0,0,0,0,"",0,0,"jackr001","?","jackr001","?","palmj001","?","palmj001","?","dempr001","murre001","dauer001","decid001","belam101","kellp101","harll101","singk001","","","","7","T","F",9,7,2,"T","T",0,"F","F",1,"F","F",0,"F","F",7,"F","F","F","",0,0,"N",0,"N",0,"N",0,0,0,0,"7","","","","F","F","F","F","F","F","F","F","F","","","","F","F","F","F","F","","","","",0,7,0,0,0,0,0,0,0,15,"BAL","NYA","BAL",0,"T","F",0,0,0,6,0,"T","F",0,0,"T","T","thomg101","dentb001","T","T",0,0,0,0,0,0,0,0,0,"","","",0,0,0,0,0,0,0,0,0,0,0,0,0,"kellp101","F","F","F","F",0,0,0,0,0,0,0,0,0,0,F,F,"1978BAL.EVA.regular.event.csv",4224
"BAL197808140","NYA",3,0,1,0,0,"",0,0,"thomg101","?","thomg101","?","palmj001","?","palmj001","?","dempr001","murre001","dauer001","decid001","belam101","kellp101","harll101","singk001","","","","43","F","F",7,8,2,"T","T",0,"F","F",1,"F","F",0,"F","F",4,"G","F","F","",0,0,"N",0,"N",0,"N",0,0,0,0,"43","","","","F","F","F","F","F","F","F","F","F","","","","F","F","F","F","F","","","","",0,3,0,0,4,0,0,0,0,16,"BAL","NYA","BAL",0,"F","F",0,0,0,7,1,"T","F",0,0,"T","T","dentb001","rivem001","T","T",0,0,0,0,0,0,0,0,0,"","","",0,0,0,0,0,0,0,0,0,0,0,0,0,"dauer001","F","F","F","F",0,0,0,0,0,0,0,0,0,0,F,F,"1978BAL.EVA.regular.event.csv",4225
"BAL197808140","NYA",3,0,2,0,0,"",0,0,"dentb001","?","dentb001","?","palmj001","?","palmj001","?","dempr001","murre001","dauer001","decid001","belam101","kellp101","harll101","singk001","","","","6","F","F",6,9,2,"T","T",0,"F","F",1,"F","F",0,"F","F",6,"F","F","F","",0,0,"N",0,"N",0,"N",0,0,0,0,"6","","","","F","F","F","F","F","F","F","F","F","","","","F","F","F","F","F","","","","",0,6,0,0,0,0,0,0,0,17,"BAL","NYA","BAL",0,"F","T",0,0,0,8,2,"T","F",0,0,"T","T","rivem001","randw001","T","T",0,0,0,0,0,0,0,0,0,"","","",0,0,0,0,0,0,0,0,0,0,0,0,0,"belam101","F","F","F","F",0,0,0,0,0,0,0,0,0,0,F,F,"1978BAL.EVA.regular.event.csv",4226
"BAL197808140","NYA",3,1,0,0,0,"",0,0,"dauer001","?","dauer001","?","tidrd001","?","tidrd001","?","munst101","chamc001","randw001","nettg001","dentb001","thomg101","rivem001","jackr001","","","","9","T","F",4,8,2,"T","T",0,"F","F",1,"F","F",0,"F","F",9,"F","F","F","",0,0,"N",0,"N",0,"N",0,0,0,0,"9","","","","F","F","F","F","F","F","F","F","F","","","","F","F","F","F","F","","","","",0,9,0,0,0,0,0,0,0,18,"BAL","BAL","NYA",1,"T","F",0,0,0,7,0,"T","F",0,0,"T","T","belam101","kellp101","T","T",0,0,0,0,0,0,0,0,0,"","","",0,0,0,0,0,0,0,0,0,0,0,0,0,"jackr001","F","F","F","F",0,0,0,0,0,0,0,0,0,0,F,F,"1978BAL.EVA.regular.event.csv",4227
"BAL197808140","NYA",3,1,1,0,0,"",0,0,"belam101","?","belam101","?","tidrd001","?","tidrd001","?","munst101","chamc001","randw001","nettg001","dentb001","thomg101","rivem001","jackr001","","","","S/G","F","F",6,9,20,"T","T",1,"F","F",0,"F","F",0,"F","F",0,"G","F","F","",0,0,"N",0,"N",0,"N",1,0,0,0,"","","","","F","F","F","F","F","F","F","F","F","","","","F","F","F","F","F","","","","",0,0,0,0,0,0,0,0,0,19,"BAL","BAL","NYA",1,"F","F",0,0,0,8,1,"T","F",0,1,"T","T","kellp101","dempr001","T","T",0,0,0,0,0,0,0,0,0,"","","",0,0,0,0,0,0,0,0,0,0,0,0,0,"","F","F","F","F",0,0,0,0,0,0,0,0,0,0,F,F,"1978BAL.EVA.regular.event.csv",4228
"BAL197808140","NYA",3,1,1,0,0,"",0,0,"kellp101","?","kellp101","?","tidrd001","?","tidrd001","?","munst101","chamc001","randw001","nettg001","dentb001","thomg101","rivem001","jackr001","belam101","","","8","F","F",7,1,2,"T","T",0,"F","F",1,"F","F",0,"F","F",8,"F","F","F","",0,0,"N",0,"N",0,"N",0,1,0,0,"8","","","","F","F","F","F","F","F","F","F","F","tidrd001","","","F","F","F","F","F","","","","",0,8,0,0,0,0,0,0,0,20,"BAL","BAL","NYA",1,"F","F",0,0,0,9,2,"T","F",1,1,"T","T","dempr001","singk001","T","T",6,9,19,0,0,0,0,0,0,"munst101","","",0,0,0,0,0,0,0,0,0,0,0,0,0,"rivem001","F","F","F","F",0,0,0,0,0,0,0,0,0,0,F,F,"1978BAL.EVA.regular.event.csv",4229
"BAL197808140","NYA",3,1,2,0,0,"",0,0,"dempr001","?","dempr001","?","tidrd001","?","tidrd001","?","munst101","chamc001","randw001","nettg001","dentb001","thomg101","rivem001","jackr001","belam101","","","S/G.1-2","F","F",2,2,20,"T","T",1,"F","F",0,"F","F",0,"F","F",0,"G","F","F","",0,0,"N",0,"N",0,"N",1,2,0,0,"","","","","F","F","F","F","F","F","F","F","F","tidrd001","","","F","F","F","F","F","","","","",0,0,0,0,0,0,0,0,0,21,"BAL","BAL","NYA",1,"F","F",0,0,0,10,3,"T","F",1,3,"T","T","singk001","murre001","T","T",6,9,19,0,0,0,0,0,0,"munst101","","",0,0,0,0,0,0,0,0,0,0,0,0,0,"","F","F","F","F",0,0,0,0,0,0,0,0,0,0,F,F,"1978BAL.EVA.regular.event.csv",4230
"BAL197808140","NYA",3,1,2,0,0,"",0,0,"singk001","?","singk001","?","tidrd001","?","tidrd001","?","munst101","chamc001","randw001","nettg001","dentb001","thomg101","rivem001","jackr001","dempr001","belam101","","7","F","F",9,3,2,"T","T",0,"F","F",1,"F","F",0,"F","F",7,"F","F","F","",0,0,"N",0,"N",0,"N",0,1,2,0,"7","","","","F","F","F","F","F","F","F","F","F","tidrd001","tidrd001","","F","F","F","F","F","","","","",0,7,0,0,0,0,0,0,0,22,"BAL","BAL","NYA",1,"F","T",0,0,0,11,4,"T","F",3,3,"T","T","murre001","may-l101","T","T",2,2,21,6,9,19,0,0,0,"munst101","munst101","",0,0,0,0,0,0,0,0,0,0,0,0,0,"thomg101","F","F","F","F",0,0,0,0,0,0,0,0,0,0,F,F,"1978BAL.EVA.regular.event.csv",4231
"BAL197808140","NYA",4,0,0,0,0,"",0,0,"rivem001","?","rivem001","?","palmj001","?","palmj001","?","dempr001","murre001","dauer001","decid001","belam101","kellp101","harll101","singk001","","","","S9","T","F",8,1,20,"T","T",1,"F","F",0,"F","F",0,"F","F",9,"","F","F","",0,0,"N",0,"N",0,"N",1,0,0,0,"","","","","F","F","F","F","F","F","F","F","F","","","","F","F","F","F","F","","","","",0,0,0,0,0,0,0,0,0,23,"BAL","NYA","BAL",0,"T","F",0,0,0,9,0,"T","F",0,1,"T","T","randw001","munst101","T","T",0,0,0,0,0,0,0,0,0,"","","",0,0,0,0,0,0,0,0,0,0,0,0,0,"singk001","F","F","F","F",5,0,0,0,1,0,0,0,0,0,F,F,"1978BAL.EVA.regular.event.csv",4232
"BAL197808140","NYA",4,0,0,0,0,"",0,0,"randw001","?","randw001","?","palmj001","?","palmj001","?","dempr001","murre001","dauer001","decid001","belam101","kellp101","harll101","singk001","rivem001","","","K","F","F",4,2,3,"T","T",0,"F","F",1,"F","F",0,"F","F",0,"","F","F","",0,0,"N",0,"N",0,"N",0,1,0,0,"2","","","","F","F","F","F","F","F","F","F","F","palmj001","","","F","F","F","F","F","","","","",0,2,0,0,0,0,0,0,0,24,"BAL","NYA","BAL",0,"F","F",0,0,0,10,1,"T","F",1,1,"T","T","munst101","chamc001","T","T",8,1,23,0,0,0,0,0,0,"dempr001","","",0,0,0,0,0,0,0,0,0,0,0,0,0,"","F","F","F","F",0,5,0,0,1,0,0,0,0,0,F,F,"1978BAL.EVA.regular.event.csv",4233
"BAL197808140","NYA",4,0,1,0,0,"",0,0,"munst101","?","munst101","?","palmj001","?","palmj001","?","dempr001","murre001","dauer001","decid001","belam101","kellp101","harll101","singk001","rivem001","","","3","F","F",2,3,2,"T","T",0,"F","F",1,"F","F",0,"F","F",3,"F","F","F","",0,0,"N",0,"N",0,"N",0,1,0,0,"3","","","","F","F","F","F","F","F","F","F","F","palmj001","","","F","F","F","F","F","","","","",0,3,0,0,0,0,0,0,0,25,"BAL","NYA","BAL",0,"F","F",0,0,0,11,2,"T","F",1,1,"T","T","chamc001","pinil001","T","T",8,1,23,0,0,0,0,0,0,"dempr001","","",0,0,0,0,0,0,0,0,0,0,0,0,0,"murre001","F","F","F","F",0,5,0,0,1,0,0,0,0,0,F,F,"1978BAL.EVA.regular.event.csv",4234
"BAL197808140","NYA",4,0,2,0,0,"",0,0,"chamc001","?","chamc001","?","palmj001","?","palmj001","?","dempr001","murre001","dauer001","decid001","belam101","kellp101","harll101","singk001","rivem001","","","E7.1-H(NR)(UR);B-2","F","F",3,4,18,"T","T",0,"F","F",0,"F","F",0,"F","F",7,"F","F","F","",1,7,"F",0,"N",0,"N",2,5,0,0,"","","","","F","F","F","F","F","F","F","F","F","palmj001","","","F","F","F","F","F","","","","",0,0,0,0,0,0,0,0,0,26,"BAL","NYA","BAL",0,"F","F",0,0,0,12,3,"T","F",1,2,"T","T","pinil001","nettg001","T","T",8,1,23,0,0,0,0,0,0,"dempr001","","",0,0,0,0,0,0,0,0,0,0,0,0,1,"kellp101","F","F","F","T",0,5,0,0,0,0,0,0,0,0,F,F,"1978BAL.EVA.regular.event.csv",4235
"BAL197808140","NYA",4,0,2,0,0,"",1,0,"pinil001","?","pinil001","?","palmj001","?","palmj001","?","dempr001","murre001","dauer001","decid001","belam101","kellp101","harll101","singk001","","chamc001","","8/L","F","F",10,5,2,"T","T",0,"F","F",1,"F","F",0,"F","F",8,"L","F","F","",0,0,"N",0,"N",0,"N",0,0,2,0,"8","","","","F","F","F","F","F","F","F","F","F","","palmj001","","F","F","F","F","F","","","","",0,8,0,0,0,0,0,0,0,27,"BAL","NYA","BAL",0,"F","T",1,0,1,13,4,"T","F",2,2,"T","T","nettg001","jackr001","T","T",0,0,0,3,4,26,0,0,0,"","dempr001","",0,0,0,0,0,0,0,0,0,0,0,0,0,"harll101","F","F","F","F",0,0,0,0,0,0,0,0,0,0,F,F,"1978BAL.EVA.regular.event.csv",4236
"BAL197808140","NYA",4,1,0,0,0,"",1,0,"murre001","?","murre001","?","tidrd001","?","tidrd001","?","munst101","chamc001","randw001","nettg001","dentb001","thomg101","rivem001","jackr001","","","","43","T","F",3,4,2,"T","T",0,"F","F",1,"F","F",0,"F","F",4,"G","F","F","",0,0,"N",0,"N",0,"N",0,0,0,0,"43","","","","F","F","F","F","F","F","F","F","F","","","","F","F","F","F","F","","","","",0,3,0,0,4,0,0,0,0,28,"BAL","BAL","NYA",1,"T","F",0,1,0,12,0,"T","F",0,0,"T","T","may-l101","decid001","T","T",0,0,0,0,0,0,0,0,0,"","","",0,0,0,0,0,0,0,0,0,0,0,0,0,"randw001","F","F","F","F",0,0,0,0,0,0,0,0,0,0,F,F,"1978BAL.EVA.regular.event.csv",4237
"BAL197808140","NYA",4,1,1,0,0,"",1,0,"may-l101","?","may-l101","?","tidrd001","?","tidrd001","?","munst101","chamc001","randw001","nettg001","dentb001","thomg101","rivem001","jackr001","","","","K","F","F",10,5,3,"T","T",0,"F","F",1,"F","F",0,"F","F",0,"","F","F","",0,0,"N",0,"N",0,"N",0,0,0,0,"2","","","","F","F","F","F","F","F","F","F","F","","","","F","F","F","F","F","","","","",0,2,0,0,0,0,0,0,0,29,"BAL","BAL","NYA",1,"F","F",0,1,0,13,1,"T","F",0,0,"T","T","decid001","harll101","T","T",0,0,0,0,0,0,0,0,0,"","","",0,0,0,0,0,0,0,0,0,0,0,0,0,"","F","F","F","F",0,0,0,0,0,0,0,0,0,0,F,F,"1978BAL.EVA.regular.event.csv",4238
"BAL197808140","NYA",4,1,2,0,0,"",1,0,"decid001","?","decid001","?","tidrd001","?","tidrd001","?","munst101","chamc001","randw001","nettg001","dentb001","thomg101","rivem001","jackr001","","","","S","F","F",5,6,20,"T","T",1,"F","F",0,"F","F",0,"F","F",0,"","F","F","",0,0,"N",0,"N",0,"N",1,0,0,0,"","","","","F","F","F","F","F","F","F","F","F","","","","F","F","F","F","F","","","","",0,0,0,0,0,0,0,0,0,30,"BAL","BAL","NYA",1,"F","F",0,1,0,14,2,"T","F",0,1,"T","T","harll101","dauer001","T","T",0,0,0,0,0,0,0,0,0,"","","",0,0,0,0,0,0,0,0,0,0,0,0,0,"","F","F","F","F",0,0,0,0,0,0,0,0,0,0,F,F,"1978BAL.EVA.regular.event.csv",4239
"BAL197808140","NYA",4,1,2,0,0,"",1,0,"harll101","?","harll101","?","tidrd001","?","tidrd001","?","munst101","chamc001","randw001","nettg001","dentb001","thomg101","rivem001","jackr001","decid001","","","3/G","F","F",8,7,2,"T","T",0,"F","F",1,"F","F",0,"F","F",3,"G","F","F","",0,0,"N",0,"N",0,"N",0,1,0,0,"3","","","","F","F","F","F","F","F","F","F","F","tidrd001","","","F","F","F","F","F","","","","",0,3,0,0,0,0,0,0,0,31,"BAL","BAL","NYA",1,"F","T",0,1,0,15,3,"T","F",1,1,"T","T","dauer001","belam101","T","T",5,6,30,0,0,0,0,0,0,"munst101","","",0,0,0,0,0,0,0,0,0,0,0,0,0,"chamc001","F","F","F","F",0,0,0,0,0,0,0,0,0,0,F,F,"1978BAL.EVA.regular.event.csv",4240
"BAL197808140","NYA",5,0,0,0,0,"",1,0,"nettg001","?","nettg001","?","palmj001","?","palmj001","?","dempr001","murre001","dauer001","decid001","belam101","kellp101","harll101","singk001","","","","7","T","F",5,6,2,"T","T",0,"F","F",1,"F","F",0,"F","F",7,"F","F","F","",0,0,"N",0,"N",0,"N",0,0,0,0,"7","","","","F","F","F","F","F","F","F","F","F","","","","F","F","F","F","F","","","","",0,7,0,0,0,0,0,0,0,32,"BAL","NYA","BAL",0,"T","F",1,0,0,14,0,"T","F",0,0,"T","T","jackr001","thomg101","T","T",0,0,0,0,0,0,0,0,0,"","","",0,0,0,0,0,0,0,0,0,0,0,0,0,"kellp101","F","F","F","F",0,0,0,0,0,0,0,0,0,0,F,F,"1978BAL.EVA.regular.event.csv",4241
"BAL197808140","NYA",5,0,1,0,0,"",1,0,"jackr001","?","jackr001","?","palmj001","?","palmj001","?","dempr001","murre001","dauer001","decid001","belam101","kellp101","harll101","singk001","","","","3/G","F","F",9,7,2,"T","T",0,"F","F",1,"F","F",0,"F","F",3,"G","F","F","",0,0,"N",0,"N",0,"N",0,0,0,0,"3","","","","F","F","F","F","F","F","F","F","F","","","","F","F","F","F","F","","","","",0,3,0,0,0,0,0,0,0,33,"BAL","NYA","BAL",0,"F","F",1,0,0,15,1,"T","F",0,0,"T","T","thomg101","dentb001","T","T",0,0,0,0,0,0,0,0,0,"","","",0,0,0,0,0,0,0,0,0,0,0,0,0,"murre001","F","F","F","F",0,0,0,0,0,0,0,0,0,0,F,F,"1978BAL.EVA.regular.event.csv",4242
"BAL197808140","NYA",5,0,2,0,0,"",1,0,"thomg101","?","thomg101","?","palmj001","?","palmj001","?","dempr001","murre001","dauer001","decid001","belam101","kellp101","harll101","singk001","","","","S8","F","F",7,8,20,"T","T",1,"F","F",0,"F","F",0,"F","F",8,"","F","F","",0,0,"N",0,"N",0,"N",1,0,0,0,"","","","","F","F","F","F","F","F","F","F","F","","","","F","F","F","F","F","","","","",0,0,0,0,0,0,0,0,0,34,"BAL","NYA","BAL",0,"F","F",1,0,0,16,2,"T","F",0,1,"T","T","dentb001","rivem001","T","T",0,0,0,0,0,0,0,0,0,"","","",0,0,0,0,0,0,0,0,0,0,0,0,0,"harll101","F","F","F","F",0,0,0,0,0,0,0,0,0,0,F,F,"1978BAL.EVA.regular.event.csv",4243
"BAL197808140","NYA",5,0,2,0,0,"",1,0,"dentb001","?","dentb001","?","palmj001","?","palmj001","?","dempr001","murre001","dauer001","decid001","belam101","kellp101","harll101","singk001","thomg101","","","S8.1-2","F","F",6,9,20,"T","T",1,"F","F",0,"F","F",0,"F","F",8,"","F","F","",0,0,"N",0,"N",0,"N",1,2,0,0,"","","","","F","F","F","F","F","F","F","F","F","palmj001","","","F","F","F","F","F","","","","",0,0,0,0,0,0,0,0,0,35,"BAL","NYA","BAL",0,"F","F",1,0,0,17,3,"T","F",1,3,"T","T","rivem001","randw001","T","T",7,8,34,0,0,0,0,0,0,"dempr001","","",0,0,0,0,0,0,0,0,0,0,0,0,0,"harll101","F","F","F","F",0,0,0,0,0,0,0,0,0,0,F,F,"1978BAL.EVA.regular.event.csv",4244
"BAL197808140","NYA",5,0,2,0,0,"",1,0,"rivem001","?","rivem001","?","palmj001","?","palmj001","?","dempr001","murre001","dauer001","decid001","belam101","kellp101","harll101","singk001","dentb001","thomg101","","23","F","F",8,1,2,"T","T",0,"F","F",1,"F","F",0,"F","F",2,"G","F","F","",0,0,"N",0,"N",0,"N",0,1,2,0,"23","","","","F","F","F","F","F","F","F","F","F","palmj001","palmj001","","F","F","F","F","F","","","","",0,3,0,0,2,0,0,0,0,36,"BAL","NYA","BAL",0,"F","T",1,0,0,18,4,"T","F",3,3,"T","T","randw001","munst101","T","T",6,9,35,7,8,34,0,0,0,"dempr001","dempr001","",0,0,0,0,0,0,0,0,0,0,0,0,0,"dempr001","F","F","F","F",0,0,0,0,0,0,0,0,0,0,F,F,"1978BAL.EVA.regular.event.csv",4245
"BAL197808140","NYA",5,1,0,0,0,"",1,0,"dauer001","?","dauer001","?","tidrd001","?","tidrd001","?","munst101","chamc001","randw001","nettg001","dentb001","thomg101","rivem001","jackr001","","","","7","T","F",4,8,2,"T","T",0,"F","F",1,"F","F",0,"F","F",7,"F","F","F","",0,0,"N",0,"N",0,"N",0,0,0,0,"7","","","","F","F","F","F","F","F","F","F","F","","","","F","F","F","F","F","","","","",0,7,0,0,0,0,0,0,0,37,"BAL","BAL","NYA",1,"T","F",0,1,0,16,0,"T","F",0,0,"T","T","belam101","kellp101","T","T",0,0,0,0,0,0,0,0,0,"","","",0,0,0,0,0,0,0,0,0,0,0,0,0,"thomg101","F","F","F","F",0,0,0,0,0,0,0,0,0,0,F,F,"1978BAL.EVA.regular.event.csv",4246
"BAL197808140","NYA",5,1,1,0,0,"",1,0,"belam101","?","belam101","?","tidrd001","?","tidrd001","?","munst101","chamc001","randw001","nettg001","dentb001","thomg101","rivem001","jackr001","","","","53","F","F",6,9,2,"T","T",0,"F","F",1,"F","F",0,"F","F",5,"G","F","F","",0,0,"N",0,"N",0,"N",0,0,0,0,"53","","","","F","F","F","F","F","F","F","F","F","","","","F","F","F","F","F","","","","",0,3,0,0,5,0,0,0,0,38,"BAL","BAL","NYA",1,"F","F",0,1,0,17,1,"T","F",0,0,"T","T","kellp101","dempr001","T","T",0,0,0,0,0,0,0,0,0,"","","",0,0,0,0,0,0,0,0,0,0,0,0,0,"nettg001","F","F","F","F",0,0,0,0,0,0,0,0,0,0,F,F,"1978BAL.EVA.regular.event.csv",4247
"BAL197808140","NYA",5,1,2,0,0,"",1,0,"kellp101","?","kellp101","?","tidrd001","?","tidrd001","?","munst101","chamc001","randw001","nettg001","dentb001","thomg101","rivem001","jackr001","","","","8","F","F",7,1,2,"T","T",0,"F","F",1,"F","F",0,"F","F",8,"F","F","F","",0,0,"N",0,"N",0,"N",0,0,0,0,"8","","","","F","F","F","F","F","F","F","F","F","","","","F","F","F","F","F","","","","",0,8,0,0,0,0,0,0,0,39,"BAL","BAL","NYA",1,"F","T",0,1,0,18,2,"T","F",0,0,"T","T","dempr001","singk001","T","T",0,0,0,0,0,0,0,0,0,"","","",0,0,0,0,0,0,0,0,0,0,0,0,0,"rivem001","F","F","F","F",0,0,0,0,0,0,0,0,0,0,F,F,"1978BAL.EVA.regular.event.csv",4248
"BAL197808140","NYA",6,0,0,0,0,"",1,0,"doylb101","?","doylb101","?","palmj001","?","palmj001","?","dempr001","murre001","dauer001","decid001","belam101","kellp101","harll101","singk001","","","","63","T","T",11,2,2,"T","T",0,"F","F",1,"F","F",0,"F","F",6,"G","F","F","",0,0,"N",0,"N",0,"N",0,0,0,0,"63","","","","F","F","F","F","F","F","F","F","F","","","","F","F","F","F","F","","","","randw001",4,3,0,0,6,0,0,0,0,40,"BAL","NYA","BAL",0,"T","F",1,0,0,19,0,"T","F",0,0,"F","F","munst101","chamc001","T","T",0,0,0,0,0,0,0,0,0,"","","",0,0,0,0,0,0,0,0,0,0,0,0,0,"belam101","F","F","F","F",0,0,0,0,0,0,0,0,0,0,F,F,"1978BAL.EVA.regular.event.csv",4249
"BAL197808140","NYA",6,0,1,0,0,"",1,0,"munst101","?","munst101","?","palmj001","?","palmj001","?","dempr001","murre001","dauer001","decid001","belam101","kellp101","harll101","singk001","","","","K/C","F","F",2,3,3,"T","T",0,"F","F",1,"F","F",0,"F","F",0,"","F","F","",0,0,"N",0,"N",0,"N",0,0,0,0,"2","","","","F","F","F","F","F","F","F","F","F","","","","F","F","F","F","F","","","","",0,2,0,0,0,0,0,0,0,41,"BAL","NYA","BAL",0,"F","F",1,0,0,20,1,"T","F",0,0,"T","T","chamc001","pinil001","T","T",0,0,0,0,0,0,0,0,0,"","","",0,0,0,0,0,0,0,0,0,0,0,0,0,"","F","F","F","F",0,0,0,0,0,0,0,0,0,0,F,F,"1978BAL.EVA.regular.event.csv",4250
"BAL197808140","NYA",6,0,2,0,0,"",1,0,"chamc001","?","chamc001","?","palmj001","?","palmj001","?","dempr001","murre001","dauer001","decid001","belam101","kellp101","harll101","singk001","","","","63","F","F",3,4,2,"T","T",0,"F","F",1,"F","F",0,"F","F",6,"G","F","F","",0,0,"N",0,"N",0,"N",0,0,0,0,"63","","","","F","F","F","F","F","F","F","F","F","","","","F","F","F","F","F","","","","",0,3,0,0,6,0,0,0,0,42,"BAL","NYA","BAL",0,"F","T",1,0,0,21,2,"T","F",0,0,"T","T","pinil001","nettg001","T","T",0,0,0,0,0,0,0,0,0,"","","",0,0,0,0,0,0,0,0,0,0,0,0,0,"belam101","F","F","F","F",0,0,0,0,0,0,0,0,0,0,F,F,"1978BAL.EVA.regular.event.csv",4251
"BAL197808140","NYA",6,1,0,0,0,"",1,0,"dempr001","?","dempr001","?","tidrd001","?","tidrd001","?","munst101","chamc001","doylb101","nettg001","dentb001","thomg101","rivem001","jackr001","","","","K","T","F",2,2,3,"T","T",0,"F","F",1,"F","F",0,"F","F",0,"","F","F","",0,0,"N",0,"N",0,"N",0,0,0,0,"2","","","","F","F","F","F","F","F","F","F","F","","","","F","F","F","F","F","","","","",0,2,0,0,0,0,0,0,0,43,"BAL","BAL","NYA",1,"T","F",0,1,0,19,0,"T","F",0,0,"T","T","singk001","murre001","T","T",0,0,0,0,0,0,0,0,0,"","","",0,0,0,0,0,0,0,0,0,0,0,0,0,"","F","F","F","F",0,0,0,0,0,0,0,0,0,0,F,F,"1978BAL.EVA.regular.event.csv",4252
"BAL197808140","NYA",6,1,1,0,0,"",1,0,"singk001","?","singk001","?","tidrd001","?","tidrd001","?","munst101","chamc001","doylb101","nettg001","dentb001","thomg101","rivem001","jackr001","","","","63","F","F",9,3,2,"T","T",0,"F","F",1,"F","F",0,"F","F",6,"G","F","F","",0,0,"N",0,"N",0,"N",0,0,0,0,"63","","","","F","F","F","F","F","F","F","F","F","","","","F","F","F","F","F","","","","",0,3,0,0,6,0,0,0,0,44,"BAL","BAL","NYA",1,"F","F",0,1,0,20,1,"T","F",0,0,"T","T","murre001","may-l101","T","T",0,0,0,0,0,0,0,0,0,"","","",0,0,0,0,0,0,0,0,0,0,0,0,0,"dentb001","F","F","F","F",0,0,0,0,0,0,0,0,0,0,F,F,"1978BAL.EVA.regular.event.csv",4253
"BAL197808140","NYA",6,1,2,0,0,"",1,0,"murre001","?","murre001","?","tidrd001","?","tidrd001","?","munst101","chamc001","doylb101","nettg001","dentb001","thomg101","rivem001","jackr001","","","","6/L","F","F",3,4,2,"T","T",0,"F","F",1,"F","F",0,"F","F",6,"L","F","F","",0,0,"N",0,"N",0,"N",0,0,0,0,"6","","","","F","F","F","F","F","F","F","F","F","","","","F","F","F","F","F","","","","",0,6,0,0,0,0,0,0,0,45,"BAL","BAL","NYA",1,"F","T",0,1,0,21,2,"T","F",0,0,"T","T","may-l101","decid001","T","T",0,0,0,0,0,0,0,0,0,"","","",0,0,0,0,0,0,0,0,0,0,0,0,0,"dentb001","F","F","F","F",0,0,0,0,0,0,0,0,0,0,F,F,"1978BAL.EVA.regular.event.csv",4254
"BAL197808140","NYA",7,0,0,0,0,"",1,0,"pinil001","?","pinil001","?","palmj001","?","palmj001","?","dempr001","murre001","dauer001","decid001","belam101","kellp101","harll101","singk001","","","","63","T","F",10,5,2,"T","T",0,"F","F",1,"F","F",0,"F","F",6,"G","F","F","",0,0,"N",0,"N",0,"N",0,0,0,0,"63","","","","F","F","F","F","F","F","F","F","F","","","","F","F","F","F","F","","","","",0,3,0,0,6,0,0,0,0,46,"BAL","NYA","BAL",0,"T","F",1,0,0,22,0,"T","F",0,0,"T","T","nettg001","jackr001","T","T",0,0,0,0,0,0,0,0,0,"","","",0,0,0,0,0,0,0,0,0,0,0,0,0,"belam101","F","F","F","F",0,0,0,0,0,0,0,0,0,0,F,F,"1978BAL.EVA.regular.event.csv",4255
"BAL197808140","NYA",7,0,1,0,0,"",1,0,"nettg001","?","nettg001","?","palmj001","?","palmj001","?","dempr001","murre001","dauer001","decid001","belam101","kellp101","harll101","singk001","","","","43","F","F",5,6,2,"T","T",0,"F","F",1,"F","F",0,"F","F",4,"G","F","F","",0,0,"N",0,"N",0,"N",0,0,0,0,"43","","","","F","F","F","F","F","F","F","F","F","","","","F","F","F","F","F","","","","",0,3,0,0,4,0,0,0,0,47,"BAL","NYA","BAL",0,"F","F",1,0,0,23,1,"T","F",0,0,"T","T","jackr001","thomg101","T","T",0,0,0,0,0,0,0,0,0,"","","",0,0,0,0,0,0,0,0,0,0,0,0,0,"dauer001","F","F","F","F",0,0,0,0,0,0,0,0,0,0,F,F,"1978BAL.EVA.regular.event.csv",4256
"BAL197808140","NYA",7,0,2,0,0,"",1,0,"jackr001","?","jackr001","?","palmj001","?","palmj001","?","dempr001","murre001","dauer001","decid001","belam101","kellp101","harll101","singk001","","","","8","F","F",9,7,2,"T","T",0,"F","F",1,"F","F",0,"F","F",8,"F","F","F","",0,0,"N",0,"N",0,"N",0,0,0,0,"8","","","","F","F","F","F","F","F","F","F","F","","","","F","F","F","F","F","","","","",0,8,0,0,0,0,0,0,0,48,"BAL","NYA","BAL",0,"F","T",1,0,0,24,2,"T","F",0,0,"T","T","thomg101","dentb001","T","T",0,0,0,0,0,0,0,0,0,"","","",0,0,0,0,0,0,0,0,0,0,0,0,0,"harll101","F","F","F","F",0,0,0,0,0,0,0,0,0,0,F,F,"1978BAL.EVA.regular.event.csv",4257
"BAL197808140","NYA",7,1,0,0,0,"",1,0,"may-l101","?","may-l101","?","tidrd001","?","tidrd001","?","munst101","chamc001","doylb101","nettg001","dentb001","thomg101","rivem001","jackr001","","","","S7","T","F",10,5,20,"T","T",1,"F","F",0,"F","F",0,"F","F",7,"","F","F","",0,0,"N",0,"N",0,"N",1,0,0,0,"","","","","F","F","F","F","F","F","F","F","F","","","","F","F","F","F","F","","","","",0,0,0,0,0,0,0,0,0,49,"BAL","BAL","NYA",1,"T","F",0,1,0,22,0,"T","F",0,1,"T","T","decid001","harll101","T","T",0,0,0,0,0,0,0,0,0,"","","",0,0,0,0,0,0,0,0,0,0,0,0,0,"thomg101","F","F","F","F",4,0,0,0,1,0,0,0,0,0,F,F,"1978BAL.EVA.regular.event.csv",4258
"BAL197808140","NYA",7,1,0,0,0,"",1,0,"decid001","?","decid001","?","tidrd001","?","tidrd001","?","munst101","chamc001","doylb101","nettg001","dentb001","thomg101","rivem001","jackr001","may-l101","","","S7.1-2","F","F",5,6,20,"T","T",1,"F","F",0,"F","F",0,"F","F",7,"","F","F","",0,0,"N",0,"N",0,"N",1,2,0,0,"","","","","F","F","F","F","F","F","F","F","F","tidrd001","","","F","F","F","F","F","","","","",0,0,0,0,0,0,0,0,0,50,"BAL","BAL","NYA",1,"F","F",0,1,0,23,1,"T","F",1,3,"T","T","harll101","dauer001","T","T",10,5,49,0,0,0,0,0,0,"munst101","","",0,0,0,0,0,0,0,0,0,0,0,0,0,"thomg101","F","F","F","F",0,4,0,0,1,0,0,0,0,0,F,F,"1978BAL.EVA.regular.event.csv",4259
"BAL197808140","NYA",7,1,0,0,0,"",1,0,"harll101","?","harll101","?","tidrd001","?","tidrd001","?","munst101","chamc001","doylb101","nettg001","dentb001","thomg101","rivem001","jackr001","decid001","may-l101","","54/SH.2-3;1-2","F","F",8,7,2,"T","F",0,"T","F",1,"F","F",0,"F","F",5,"G","T","F","",0,0,"N",0,"N",0,"N",0,2,3,0,"54","","","","F","F","F","F","F","F","F","F","F","tidrd001","tidrd001","","F","F","F","F","F","","","","",0,4,0,0,5,0,0,0,0,51,"BAL","BAL","NYA",1,"F","F",0,1,0,24,2,"T","F",3,6,"T","T","dauer001","belam101","T","T",5,6,50,10,5,49,0,0,0,"munst101","munst101","",0,0,0,0,0,0,0,0,0,0,0,0,0,"nettg001","F","F","F","F",0,0,4,0,1,0,0,0,0,0,F,F,"1978BAL.EVA.regular.event.csv",4260
"BAL197808140","NYA",7,1,1,0,0,"",1,0,"dauer001","?","dauer001","?","gossr001","?","gossr001","?","munst101","chamc001","doylb101","nettg001","dentb001","thomg101","rivem001","jackr001","","decid001","may-l101","7/SF.3-H","F","F",4,8,2,"T","F",0,"F","T",1,"F","F",1,"F","F",7,"F","F","F","",0,0,"N",0,"N",0,"N",0,0,2,4,"7","","","","F","F","F","F","F","F","F","F","F","","tidrd001","tidrd001","F","F","F","F","F","","","","",0,7,0,0,0,0,0,0,0,52,"BAL","BAL","NYA",1,"F","F",0,1,0,25,3,"T","F",6,2,"T","T","belam101","kellp101","F","F",0,0,0,5,6,50,10,5,49,"","munst101","munst101",0,0,0,0,0,0,0,0,0,0,0,0,1,"thomg101","F","F","F","F",0,0,0,4,0,0,0,0,0,0,F,F,"1978BAL.EVA.regular.event.csv",4261
"BAL197808140","NYA",7,1,2,0,0,"",1,1,"belam101","?","belam101","?","gossr001","?","gossr001","?","munst101","chamc001","doylb101","nettg001","dentb001","thomg101","rivem001","jackr001","","decid001","","W","F","F",6,9,14,"T","F",0,"F","F",0,"F","F",0,"F","F",0,"","F","F","",0,0,"N",0,"N",0,"N",1,0,2,0,"","","","","F","F","F","F","F","F","F","F","F","","tidrd001","","F","F","F","F","F","","","","",0,0,0,0,0,0,0,0,0,53,"BAL","BAL","NYA",1,"F","F",1,1,1,26,4,"T","F",2,3,"T","T","kellp101","dempr001","F","F",0,0,0,5,6,50,0,0,0,"","munst101","",0,0,0,0,0,0,0,0,0,0,0,0,0,"","F","F","F","F",0,0,0,0,0,0,0,0,0,0,F,F,"1978BAL.EVA.regular.event.csv",4262
"BAL197808140","NYA",7,1,2,0,0,"",1,1,"kellp101","?","kellp101","?","gossr001","?","gossr001","?","munst101","chamc001","doylb101","nettg001","dentb001","thomg101","rivem001","jackr001","belam101","decid001","","8","F","F",7,1,2,"T","T",0,"F","F",1,"F","F",0,"F","F",8,"F","F","F","",0,0,"N",0,"N",0,"N",0,1,2,0,"8","","","","F","F","F","F","F","F","F","F","F","gossr001","tidrd001","","F","F","F","F","F","","","","",0,8,0,0,0,0,0,0,0,54,"BAL","BAL","NYA",1,"F","T",1,1,1,27,5,"T","F",3,3,"T","T","dempr001","singk001","F","F",6,9,53,5,6,50,0,0,0,"munst101","munst101","",0,0,0,0,0,0,0,0,0,0,0,0,0,"rivem001","F","F","F","F",0,0,0,0,0,0,0,0,0,0,F,F,"1978BAL.EVA.regular.event.csv",4263
"BAL197808140","NYA",8,0,0,0,0,"",1,1,"thomg101","?","thomg101","?","palmj001","?","palmj001","?","dempr001","murre001","dauer001","decid001","belam101","kellp101","harll101","singk001","","","","S","T","F",7,8,20,"T","T",1,"F","F",0,"F","F",0,"F","F",0,"","F","F","",0,0,"N",0,"N",0,"N",1,0,0,0,"","","","","F","F","F","F","F","F","F","F","F","","","","F","F","F","F","F","","","","",0,0,0,0,0,0,0,0,0,55,"BAL","NYA","BAL",0,"T","F",1,1,0,25,0,"T","F",0,1,"T","T","dentb001","rivem001","T","T",0,0,0,0,0,0,0,0,0,"","","",0,0,0,0,0,0,0,0,0,0,0,0,0,"","F","F","F","F",4,0,0,0,1,0,0,0,0,0,F,F,"1978BAL.EVA.regular.event.csv",4264
"BAL197808140","NYA",8,0,0,0,0,"",1,1,"dentb001","?","dentb001","?","palmj001","?","palmj001","?","dempr001","murre001","dauer001","decid001","belam101","kellp101","harll101","singk001","thomg101","","","34/SH.1-2","F","F",6,9,2,"T","F",0,"T","F",1,"F","F",0,"F","F",3,"G","T","F","",0,0,"N",0,"N",0,"N",0,2,0,0,"34","","","","F","F","F","F","F","F","F","F","F","palmj001","","","F","F","F","F","F","","","","",0,4,0,0,3,0,0,0,0,56,"BAL","NYA","BAL",0,"F","F",1,1,0,26,1,"T","F",1,2,"T","T","rivem001","doylb101","T","T",7,8,55,0,0,0,0,0,0,"dempr001","","",0,0,0,0,0,0,0,0,0,0,0,0,0,"murre001","F","F","F","F",0,4,0,0,1,0,0,0,0,0,F,F,"1978BAL.EVA.regular.event.csv",4265
"BAL197808140","NYA",8,0,1,0,0,"",1,1,"rivem001","?","rivem001","?","palmj001","?","palmj001","?","dempr001","murre001","dauer001","decid001","belam101","kellp101","harll101","singk001","","thomg101","","S7.2-H;BX2(754)","F","F",8,1,20,"T","T",1,"F","F",1,"F","F",1,"F","F",7,"","F","F","",0,0,"N",0,"N",0,"N",0,0,4,0,"754","","","","F","F","F","F","F","F","F","F","F","","palmj001","","F","F","F","F","F","","","","",0,4,0,0,7,5,0,0,0,57,"BAL","NYA","BAL",0,"F","F",1,1,0,27,2,"T","F",2,0,"T","T","doylb101","munst101","T","T",0,0,0,7,8,55,0,0,0,"","dempr001","",0,0,0,0,0,0,0,0,0,0,0,0,1,"kellp101","F","F","F","F",0,0,4,0,0,0,0,0,0,0,F,F,"1978BAL.EVA.regular.event.csv",4266
"BAL197808140","NYA",8,0,2,0,0,"",2,1,"doylb101","?","doylb101","?","palmj001","?","palmj001","?","dempr001","murre001","dauer001","decid001","belam101","kellp101","harll101","singk001","","","","S8","F","F",4,2,20,"T","T",1,"F","F",0,"F","F",0,"F","F",8,"","F","F","",0,0,"N",0,"N",0,"N",1,0,0,0,"","","","","F","F","F","F","F","F","F","F","F","","","","F","F","F","F","F","","","","",0,0,0,0,0,0,0,0,0,58,"BAL","NYA","BAL",0,"F","F",2,1,1,28,3,"T","F",0,1,"F","F","munst101","chamc001","T","T",0,0,0,0,0,0,0,0,0,"","","",0,0,0,0,0,0,0,0,0,0,0,0,0,"harll101","F","F","F","F",0,0,0,0,0,0,0,0,0,0,F,F,"1978BAL.EVA.regular.event.csv",4267
"BAL197808140","NYA",8,0,2,0,0,"",2,1,"munst101","?","munst101","?","palmj001","?","palmj001","?","dempr001","murre001","dauer001","decid001","belam101","kellp101","harll101","singk001","doylb101","","","64(1)/FO","F","F",2,3,2,"T","T",0,"F","F",1,"F","F",0,"F","F",6,"G","F","F","",0,0,"N",0,"N",0,"N",1,0,0,0,"","64","","","F","F","F","F","F","F","F","F","F","palmj001","","","F","F","F","F","F","","","","",0,4,0,0,6,0,0,0,0,59,"BAL","NYA","BAL",0,"F","T",2,1,1,29,4,"T","F",1,1,"T","T","chamc001","pinil001","T","T",4,2,58,0,0,0,0,0,0,"dempr001","","",0,0,0,0,0,0,0,0,0,0,0,0,0,"belam101","T","F","F","F",0,0,0,0,0,0,0,0,0,0,F,F,"1978BAL.EVA.regular.event.csv",4268
"BAL197808140","NYA",8,1,0,0,0,"",2,1,"dempr001","?","dempr001","?","gossr001","?","gossr001","?","munst101","chamc001","doylb101","nettg001","dentb001","thomg101","rivem001","jackr001","","","","43","T","F",2,2,2,"T","T",0,"F","F",1,"F","F",0,"F","F",4,"G","F","F","",0,0,"N",0,"N",0,"N",0,0,0,0,"43","","","","F","F","F","F","F","F","F","F","F","","","","F","F","F","F","F","","","","",0,3,0,0,4,0,0,0,0,60,"BAL","BAL","NYA",1,"T","F",1,2,0,28,0,"T","F",0,0,"T","T","singk001","murre001","F","F",0,0,0,0,0,0,0,0,0,"","","",0,0,0,0,0,0,0,0,0,0,0,0,0,"doylb101","F","F","F","F",0,0,0,0,0,0,0,0,0,0,F,F,"1978BAL.EVA.regular.event.csv",4269
"BAL197808140","NYA",8,1,1,0,0,"",2,1,"singk001","?","singk001","?","gossr001","?","gossr001","?","munst101","chamc001","doylb101","nettg001","dentb001","thomg101","rivem001","jackr001","","","","7/L","F","F",9,3,2,"T","T",0,"F","F",1,"F","F",0,"F","F",7,"L","F","F","",0,0,"N",0,"N",0,"N",0,0,0,0,"7","","","","F","F","F","F","F","F","F","F","F","","","","F","F","F","F","F","","","","",0,7,0,0,0,0,0,0,0,61,"BAL","BAL","NYA",1,"F","F",1,2,0,29,1,"T","F",0,0,"T","T","murre001","may-l101","F","F",0,0,0,0,0,0,0,0,0,"","","",0,0,0,0,0,0,0,0,0,0,0,0,0,"thomg101","F","F","F","F",0,0,0,0,0,0,0,0,0,0,F,F,"1978BAL.EVA.regular.event.csv",4270
"BAL197808140","NYA",8,1,2,0,0,"",2,1,"murre001","?","murre001","?","gossr001","?","gossr001","?","munst101","chamc001","doylb101","nettg001","dentb001","thomg101","rivem001","jackr001","","","","K/C","F","F",3,4,3,"T","T",0,"F","F",1,"F","F",0,"F","F",0,"","F","F","",0,0,"N",0,"N",0,"N",0,0,0,0,"2","","","","F","F","F","F","F","F","F","F","F","","","","F","F","F","F","F","","","","",0,2,0,0,0,0,0,0,0,62,"BAL","BAL","NYA",1,"F","T",1,2,0,30,2,"T","F",0,0,"T","T","may-l101","decid001","F","F",0,0,0,0,0,0,0,0,0,"","","",0,0,0,0,0,0,0,0,0,0,0,0,0,"","F","F","F","F",0,0,0,0,0,0,0,0,0,0,F,F,"1978BAL.EVA.regular.event.csv",4271
"BAL197808140","NYA",9,0,0,0,0,"",2,1,"chamc001","?","chamc001","?","palmj001","?","palmj001","?","dempr001","murre001","dauer001","decid001","belam101","kellp101","harll101","singk001","","","","23","T","F",3,4,2,"T","T",0,"F","F",1,"F","F",0,"F","F",2,"G","F","F","",0,0,"N",0,"N",0,"N",0,0,0,0,"23","","","","F","F","F","F","F","F","F","F","F","","","","F","F","F","F","F","","","","",0,3,0,0,2,0,0,0,0,63,"BAL","NYA","BAL",0,"T","F",2,1,0,30,0,"T","F",0,0,"T","T","pinil001","nettg001","T","T",0,0,0,0,0,0,0,0,0,"","","",0,0,0,0,0,0,0,0,0,0,0,0,0,"dempr001","F","F","F","F",0,0,0,0,2,0,0,0,0,0,F,F,"1978BAL.EVA.regular.event.csv",4272
"BAL197808140","NYA",9,0,1,0,0,"",2,1,"pinil001","?","pinil001","?","palmj001","?","palmj001","?","dempr001","murre001","dauer001","decid001","belam101","kellp101","harll101","singk001","","","","S","F","F",10,5,20,"T","T",1,"F","F",0,"F","F",0,"F","F",0,"","F","F","",0,0,"N",0,"N",0,"N",1,0,0,0,"","","","","F","F","F","F","F","F","F","F","F","","","","F","F","F","F","F","","","","",0,0,0,0,0,0,0,0,0,64,"BAL","NYA","BAL",0,"F","F",2,1,0,31,1,"T","F",0,1,"T","T","nettg001","jackr001","T","T",0,0,0,0,0,0,0,0,0,"","","",0,0,0,0,0,0,0,0,0,0,0,0,0,"","F","F","F","F",4,0,0,0,2,0,0,0,0,0,F,F,"1978BAL.EVA.regular.event.csv",4273
"BAL197808140","NYA",9,0,1,0,0,"",2,1,"nettg001","?","nettg001","?","palmj001","?","palmj001","?","dempr001","murre001","dauer001","decid001","belam101","kellp101","harll101","singk001","pinil001","","","HR.1-H","F","F",5,6,23,"T","T",4,"F","F",0,"F","F",2,"F","F",0,"","F","F","",0,0,"N",0,"N",0,"N",4,4,0,0,"","","","","F","F","F","F","F","F","F","F","F","palmj001","","","F","F","F","F","F","","","","",0,0,0,0,0,0,0,0,0,65,"BAL","NYA","BAL",0,"F","F",2,1,0,32,2,"T","F",1,0,"T","T","jackr001","thomg101","T","T",10,5,64,0,0,0,0,0,0,"dempr001","","",0,0,0,0,0,0,0,0,0,0,0,0,2,"","F","F","F","F",4,4,0,0,0,0,0,0,0,0,F,F,"1978BAL.EVA.regular.event.csv",4274
"BAL197808140","NYA",9,0,1,0,0,"",4,1,"jackr001","?","jackr001","?","palmj001","?","palmj001","?","dempr001","murre001","dauer001","decid001","belam101","kellp101","harll101","singk001","","","","K","F","F",9,7,3,"T","T",0,"F","F",1,"F","F",0,"F","F",0,"","F","F","",0,0,"N",0,"N",0,"N",0,0,0,0,"2","","","","F","F","F","F","F","F","F","F","F","","","","F","F","F","F","F","","","","",0,2,0,0,0,0,0,0,0,66,"BAL","NYA","BAL",0,"F","F",4,1,2,33,3,"T","F",0,0,"T","T","thomg101","dentb001","T","T",0,0,0,0,0,0,0,0,0,"","","",0,0,0,0,0,0,0,0,0,0,0,0,0,"","F","F","F","F",0,0,0,0,0,0,0,0,0,0,F,F,"1978BAL.EVA.regular.event.csv",4275
"BAL197808140","NYA",9,0,2,0,0,"",4,1,"thomg101","?","thomg101","?","palmj001","?","palmj001","?","dempr001","murre001","dauer001","decid001","belam101","kellp101","harll101","singk001","","","","W","F","F",7,8,14,"T","F",0,"F","F",0,"F","F",0,"F","F",0,"","F","F","",0,0,"N",0,"N",0,"N",1,0,0,0,"","","","","F","F","F","F","F","F","F","F","F","","","","F","F","F","F","F","","","","",0,0,0,0,0,0,0,0,0,67,"BAL","NYA","BAL",0,"F","F",4,1,2,34,4,"T","F",0,1,"T","T","dentb001","rivem001","T","T",0,0,0,0,0,0,0,0,0,"","","",0,0,0,0,0,0,0,0,0,0,0,0,0,"","F","F","F","F",0,0,0,0,0,0,0,0,0,0,F,F,"1978BAL.EVA.regular.event.csv",4276
"BAL197808140","NYA",9,0,2,0,0,"",4,1,"dentb001","?","dentb001","?","palmj001","?","palmj001","?","dempr001","murre001","dauer001","decid001","belam101","kellp101","harll101","singk001","thomg101","","","S6.1-2","F","F",6,9,20,"T","T",1,"F","F",0,"F","F",0,"F","F",6,"","F","F","",0,0,"N",0,"N",0,"N",1,2,0,0,"","","","","F","F","F","F","F","F","F","F","F","palmj001","","","F","F","F","F","F","","","","",0,0,0,0,0,0,0,0,0,68,"BAL","NYA","BAL",0,"F","F",4,1,2,35,5,"T","F",1,3,"T","T","rivem001","doylb101","T","T",7,8,67,0,0,0,0,0,0,"dempr001","","",0,0,0,0,0,0,0,0,0,0,0,0,0,"belam101","F","F","F","F",0,0,0,0,0,0,0,0,0,0,F,F,"1978BAL.EVA.regular.event.csv",4277
"BAL197808140","NYA",9,0,2,0,0,"",4,1,"rivem001","?","rivem001","?","palmj001","?","palmj001","?","dempr001","murre001","dauer001","decid001","belam101","kellp101","harll101","singk001","dentb001","thomg101","","13","F","F",8,1,2,"T","T",0,"F","F",1,"F","F",0,"F","F",1,"G","F","F","",0,0,"N",0,"N",0,"N",0,1,2,0,"13","","","","F","F","F","F","F","F","F","F","F","palmj001","palmj001","","F","F","F","F","F","","","","",0,3,0,0,1,0,0,0,0,69,"BAL","NYA","BAL",0,"F","T",4,1,2,36,6,"T","F",3,3,"T","T","doylb101","munst101","T","T",6,9,68,7,8,67,0,0,0,"dempr001","dempr001","",0,0,0,0,0,0,0,0,0,0,0,0,0,"palmj001","F","F","F","F",0,0,0,0,0,0,0,0,0,0,F,F,"1978BAL.EVA.regular.event.csv",4278
"BAL197808140","NYA",9,1,0,0,0,"",4,1,"may-l101","?","may-l101","?","gossr001","?","gossr001","?","munst101","chamc001","doylb101","nettg001","dentb001","thomg101","rivem001","jackr001","","","","K","T","F",10,5,3,"T","T",0,"F","F",1,"F","F",0,"F","F",0,"","F","F","",0,0,"N",0,"N",0,"N",0,0,0,0,"2","","","","F","F","F","F","F","F","F","F","F","","","","F","F","F","F","F","","","","",0,2,0,0,0,0,0,0,0,70,"BAL","BAL","NYA",1,"T","F",1,4,0,31,0,"T","F",0,0,"T","T","decid001","harll101","F","F",0,0,0,0,0,0,0,0,0,"","","",0,0,0,0,0,0,0,0,0,0,0,0,0,"","F","F","F","F",0,0,0,0,0,0,0,0,0,0,F,F,"1978BAL.EVA.regular.event.csv",4279
"BAL197808140","NYA",9,1,1,0,0,"",4,1,"decid001","?","decid001","?","gossr001","?","gossr001","?","munst101","chamc001","doylb101","nettg001","dentb001","thomg101","rivem001","jackr001","","","","K","F","F",5,6,3,"T","T",0,"F","F",1,"F","F",0,"F","F",0,"","F","F","",0,0,"N",0,"N",0,"N",0,0,0,0,"2","","","","F","F","F","F","F","F","F","F","F","","","","F","F","F","F","F","","","","",0,2,0,0,0,0,0,0,0,71,"BAL","BAL","NYA",1,"F","F",1,4,0,32,1,"T","F",0,0,"T","T","harll101","dauer001","F","F",0,0,0,0,0,0,0,0,0,"","","",0,0,0,0,0,0,0,0,0,0,0,0,0,"","F","F","F","F",0,0,0,0,0,0,0,0,0,0,F,F,"1978BAL.EVA.regular.event.csv",4280
"BAL197808140","NYA",9,1,2,0,0,"",4,1,"harll101","?","harll101","?","gossr001","?","gossr001","?","munst101","chamc001","doylb101","nettg001","dentb001","thomg101","rivem001","jackr001","","","","S7","F","F",8,7,20,"T","T",1,"F","F",0,"F","F",0,"F","F",7,"","F","F","",0,0,"N",0,"N",0,"N",1,0,0,0,"","","","","F","F","F","F","F","F","F","F","F","","","","F","F","F","F","F","","","","",0,0,0,0,0,0,0,0,0,72,"BAL","BAL","NYA",1,"F","F",1,4,0,33,2,"T","F",0,1,"T","T","dauer001","belam101","F","F",0,0,0,0,0,0,0,0,0,"","","",0,0,0,0,0,0,0,0,0,0,0,0,0,"thomg101","F","F","F","F",1,0,0,0,0,0,0,0,0,0,F,F,"1978BAL.EVA.regular.event.csv",4281
"BAL197808140","NYA",9,1,2,0,0,"",4,1,"dauer001","?","dauer001","?","gossr001","?","gossr001","?","munst101","chamc001","doylb101","nettg001","dentb001","thomg101","rivem001","jackr001","harll101","","","K","F","F",4,8,3,"T","T",0,"F","F",1,"F","F",0,"F","F",0,"","F","F","",0,0,"N",0,"N",0,"N",0,1,0,0,"2","","","","F","F","F","F","F","F","F","F","F","gossr001","","","F","T","F","F","F","","","","",0,2,0,0,0,0,0,0,0,73,"BAL","BAL","NYA",1,"F","T",1,4,0,34,3,"T","F",1,1,"T","T","belam101","kellp101","F","F",8,7,72,0,0,0,0,0,0,"munst101","","",0,0,0,0,0,0,0,0,0,0,0,0,0,"","F","F","F","F",0,1,0,0,0,0,0,0,0,0,F,F,"1978BAL.EVA.regular.event.csv",4282
"BAL197808250","SEA",1,0,0,0,0,"",0,0,"cruzj002","?","cruzj002","?","martd001","?","martd001","?","dempr001","murre001","dauer001","decid001","garck001","moraa101","harll101","singk001","","","","43","T","F",4,1,2,"T","T",0,"F","F",1,"F","F",0,"F","F",4,"G","F","F","",0,0,"N",0,"N",0,"N",0,0,0,0,"43","","","","F","F","F","F","F","F","F","F","F","","","","T","F","F","F","F","","","","",0,3,0,0,4,0,0,0,0,1,"BAL","SEA","BAL",0,"T","F",0,0,0,0,0,"T","F",0,0,"T","T","reync001","joner002","T","T",0,0,0,0,0,0,0,0,0,"","","",0,0,0,0,0,0,0,0,0,0,0,0,0,"dauer001","F","F","F","F",0,0,0,0,0,0,0,0,0,0,F,F,"1978BAL.EVA.regular.event.csv",4283
"BAL197808250","SEA",1,0,1,0,0,"",0,0,"reync001","?","reync001","?","martd001","?","martd001","?","dempr001","murre001","dauer001","decid001","garck001","moraa101","harll101","singk001","","","","5/FL","F","F",6,2,2,"T","T",0,"F","F",1,"F","F",0,"F","F",5,"F","F","T","",0,0,"N",0,"N",0,"N",0,0,0,0,"5","","","","F","F","F","F","F","F","F","F","F","","","","F","F","F","F","F","","","","",0,5,0,0,0,0,0,0,0,2,"BAL","SEA","BAL",0,"F","F",0,0,0,1,1,"T","F",0,0,"T","T","joner002","robel001","T","T",0,0,0,0,0,0,0,0,0,"","","",0,0,0,0,0,0,0,0,0,0,0,0,0,"decid001","F","F","F","F",0,0,0,0,0,0,0,0,0,0,F,F,"1978BAL.EVA.regular.event.csv",4284
"BAL197808250","SEA",1,0,2,0,0,"",0,0,"joner002","?","joner002","?","martd001","?","martd001","?","dempr001","murre001","dauer001","decid001","garck001","moraa101","harll101","singk001","","","","W","F","F",8,3,14,"T","F",0,"F","F",0,"F","F",0,"F","F",0,"","F","F","",0,0,"N",0,"N",0,"N",1,0,0,0,"","","","","F","F","F","F","F","F","F","F","F","","","","F","F","F","F","F","","","","",0,0,0,0,0,0,0,0,0,3,"BAL","SEA","BAL",0,"F","F",0,0,0,2,2,"T","F",0,1,"T","T","robel001","bochb001","T","T",0,0,0,0,0,0,0,0,0,"","","",0,0,0,0,0,0,0,0,0,0,0,0,0,"","F","F","F","F",0,0,0,0,0,0,0,0,0,0,F,F,"1978BAL.EVA.regular.event.csv",4285
"BAL197808250","SEA",1,0,2,0,0,"",0,0,"robel001","?","robel001","?","martd001","?","martd001","?","dempr001","murre001","dauer001","decid001","garck001","moraa101","harll101","singk001","joner002","","","SB2","F","F",9,4,4,"F","F",0,"F","F",0,"F","F",0,"F","F",0,"","F","F","",0,0,"N",0,"N",0,"N",0,2,0,0,"","","","","T","F","F","F","F","F","F","F","F","martd001","","","F","F","F","F","F","","","","",0,0,0,0,0,0,0,0,0,4,"BAL","SEA","BAL",0,"F","F",0,0,0,3,3,"T","F",1,2,"T","T","bochb001","meyed001","T","T",8,3,3,0,0,0,0,0,0,"dempr001","","",0,0,0,0,0,0,0,0,0,0,0,0,0,"","F","F","F","F",0,0,0,0,0,0,0,0,0,0,F,F,"1978BAL.EVA.regular.event.csv",4286
"BAL197808250","SEA",1,0,2,0,0,"",0,0,"robel001","?","robel001","?","martd001","?","martd001","?","dempr001","murre001","dauer001","decid001","garck001","moraa101","harll101","singk001","","joner002","","53","F","F",9,4,2,"T","T",0,"F","F",1,"F","F",0,"F","F",5,"G","F","F","",0,0,"N",0,"N",0,"N",0,0,2,0,"53","","","","F","F","F","F","F","F","F","F","F","","martd001","","F","F","F","F","F","","","","",0,3,0,0,5,0,0,0,0,5,"BAL","SEA","BAL",0,"F","T",0,0,0,3,3,"F","F",2,2,"T","T","bochb001","meyed001","T","T",0,0,0,8,3,3,0,0,0,"","dempr001","",0,0,0,0,0,0,0,0,0,0,0,0,0,"decid001","F","F","F","F",0,0,0,0,0,0,0,0,0,0,F,F,"1978BAL.EVA.regular.event.csv",4287
"BAL197808250","SEA",1,1,0,0,0,"",0,0,"harll101","?","harll101","?","mitcp101","?","mitcp101","?","plumb101","meyed001","cruzj002","steib001","reync001","stanl102","joner002","robel001","","","","S8","T","F",8,1,20,"T","T",1,"F","F",0,"F","F",0,"F","F",8,"","F","F","",0,0,"N",0,"N",0,"N",1,0,0,0,"","","","","F","F","F","F","F","F","F","F","F","","","","F","F","F","F","F","","","","",0,0,0,0,0,0,0,0,0,6,"BAL","BAL","SEA",1,"T","F",0,0,0,0,0,"T","F",0,1,"T","T","dauer001","singk001","T","T",0,0,0,0,0,0,0,0,0,"","","",0,0,0,0,0,0,0,0,0,0,0,0,0,"joner002","F","F","F","F",0,0,0,0,0,0,0,0,0,0,F,F,"1978BAL.EVA.regular.event.csv",4288
"BAL197808250","SEA",1,1,0,0,0,"",0,0,"dauer001","?","dauer001","?","mitcp101","?","mitcp101","?","plumb101","meyed001","cruzj002","steib001","reync001","stanl102","joner002","robel001","harll101","","","64(1)3/GDP","F","F",4,2,2,"T","T",0,"F","F",2,"T","F",0,"F","F",6,"G","F","F","",0,0,"N",0,"N",0,"N",0,0,0,0,"43","64","","","F","F","F","F","F","F","F","F","F","mitcp101","","","F","F","F","F","F","","","","",0,4,3,0,6,4,0,0,0,7,"BAL","BAL","SEA",1,"F","F",0,0,0,1,1,"T","F",1,0,"T","T","singk001","murre001","T","T",8,1,6,0,0,0,0,0,0,"plumb101","","",0,0,0,0,0,0,0,0,0,0,0,0,0,"reync001","T","F","F","F",0,0,0,0,0,0,0,0,0,0,F,F,"1978BAL.EVA.regular.event.csv",4289
"BAL197808250","SEA",1,1,2,0,0,"",0,0,"singk001","?","singk001","?","mitcp101","?","mitcp101","?","plumb101","meyed001","cruzj002","steib001","reync001","stanl102","joner002","robel001","","","","S9","F","F",9,3,20,"T","T",1,"F","F",0,"F","F",0,"F","F",9,"","F","F","",0,0,"N",0,"N",0,"N",1,0,0,0,"","","","","F","F","F","F","F","F","F","F","F","","","","F","F","F","F","F","","","","",0,0,0,0,0,0,0,0,0,8,"BAL","BAL","SEA",1,"F","F",0,0,0,2,2,"T","F",0,1,"T","T","murre001","decid001","T","T",0,0,0,0,0,0,0,0,0,"","","",0,0,0,0,0,0,0,0,0,0,0,0,0,"robel001","F","F","F","F",0,0,0,0,0,0,0,0,0,0,F,F,"1978BAL.EVA.regular.event.csv",4290
"BAL197808250","SEA",1,1,2,0,0,"",0,0,"murre001","?","murre001","?","mitcp101","?","mitcp101","?","plumb101","meyed001","cruzj002","steib001","reync001","stanl102","joner002","robel001","singk001","","","W.1-2","F","F",3,4,14,"T","F",0,"F","F",0,"F","F",0,"F","F",0,"","F","F","",0,0,"N",0,"N",0,"N",1,2,0,0,"","","","","F","F","F","F","F","F","F","F","F","mitcp101","","","F","F","F","F","F","","","","",0,0,0,0,0,0,0,0,0,9,"BAL","BAL","SEA",1,"F","F",0,0,0,3,3,"T","F",1,3,"T","T","decid001","may-l101","T","T",9,3,8,0,0,0,0,0,0,"plumb101","","",0,0,0,0,0,0,0,0,0,0,0,0,0,"","F","F","F","F",0,0,0,0,0,0,0,0,0,0,F,F,"1978BAL.EVA.regular.event.csv",4291
"BAL197808250","SEA",1,1,2,0,0,"",0,0,"decid001","?","decid001","?","mitcp101","?","mitcp101","?","plumb101","meyed001","cruzj002","steib001","reync001","stanl102","joner002","robel001","murre001","singk001","","8/L","F","F",5,5,2,"T","T",0,"F","F",1,"F","F",0,"F","F",8,"L","F","F","",0,0,"N",0,"N",0,"N",0,1,2,0,"8","","","","F","F","F","F","F","F","F","F","F","mitcp101","mitcp101","","F","F","F","F","F","","","","",0,8,0,0,0,0,0,0,0,10,"BAL","BAL","SEA",1,"F","T",0,0,0,4,4,"T","F",3,3,"T","T","may-l101","moraa101","T","T",3,4,9,9,3,8,0,0,0,"plumb101","plumb101","",0,0,0,0,0,0,0,0,0,0,0,0,0,"joner002","F","F","F","F",0,0,0,0,0,0,0,0,0,0,F,F,"1978BAL.EVA.regular.event.csv",4292
"BAL197808250","SEA",2,0,0,0,0,"",0,0,"bochb001","?","bochb001","?","martd001","?","martd001","?","dempr001","murre001","dauer001","decid001","garck001","moraa101","harll101","singk001","","","","W","T","F",10,5,14,"T","F",0,"F","F",0,"F","F",0,"F","F",0,"","F","F","",0,0,"N",0,"N",0,"N",1,0,0,0,"","","","","F","F","F","F","F","F","F","F","F","","","","F","F","F","F","F","","","","",0,0,0,0,0,0,0,0,0,11,"BAL","SEA","BAL",0,"T","F",0,0,0,4,0,"T","F",0,1,"T","T","meyed001","stanl102","T","T",0,0,0,0,0,0,0,0,0,"","","",0,0,0,0,0,0,0,0,0,0,0,0,0,"","F","F","F","F",0,0,0,0,0,0,0,0,0,0,F,F,"1978BAL.EVA.regular.event.csv",4293
"BAL197808250","SEA",2,0,0,0,0,"",0,0,"meyed001","?","meyed001","?","martd001","?","martd001","?","dempr001","murre001","dauer001","decid001","garck001","moraa101","harll101","singk001","bochb001","","","41.1-2","F","F",3,6,2,"T","T",0,"F","F",1,"F","F",0,"F","F",4,"G","F","F","",0,0,"N",0,"N",0,"N",0,2,0,0,"41","","","","F","F","F","F","F","F","F","F","F","martd001","","","F","F","F","F","F","","","","",0,1,0,0,4,0,0,0,0,12,"BAL","SEA","BAL",0,"F","F",0,0,0,5,1,"T","F",1,2,"T","T","stanl102","steib001","T","T",10,5,11,0,0,0,0,0,0,"dempr001","","",0,0,0,0,0,0,0,0,0,0,0,0,0,"dauer001","F","F","F","F",0,0,0,0,0,0,0,0,0,0,F,F,"1978BAL.EVA.regular.event.csv",4294
"BAL197808250","SEA",2,0,1,0,0,"",0,0,"stanl102","?","stanl102","?","martd001","?","martd001","?","dempr001","murre001","dauer001","decid001","garck001","moraa101","harll101","singk001","","bochb001","","K","F","F",7,7,3,"T","T",0,"F","F",1,"F","F",0,"F","F",0,"","F","F","",0,0,"N",0,"N",0,"N",0,0,2,0,"2","","","","F","F","F","F","F","F","F","F","F","","martd001","","F","F","F","F","F","","","","",0,2,0,0,0,0,0,0,0,13,"BAL","SEA","BAL",0,"F","F",0,0,0,6,2,"T","F",2,2,"T","T","steib001","plumb101","T","T",0,0,0,10,5,11,0,0,0,"","dempr001","",0,0,0,0,0,0,0,0,0,0,0,0,0,"","F","F","F","F",0,0,0,0,0,0,0,0,0,0,F,F,"1978BAL.EVA.regular.event.csv",4295
"BAL197808250","SEA",2,0,2,0,0,"",0,0,"steib001","?","steib001","?","martd001","?","martd001","?","dempr001","murre001","dauer001","decid001","garck001","moraa101","harll101","singk001","","bochb001","","3/G","F","F",5,8,2,"T","T",0,"F","F",1,"F","F",0,"F","F",3,"G","F","F","",0,0,"N",0,"N",0,"N",0,0,2,0,"3","","","","F","F","F","F","F","F","F","F","F","","martd001","","F","F","F","F","F","","","","",0,3,0,0,0,0,0,0,0,14,"BAL","SEA","BAL",0,"F","T",0,0,0,7,3,"T","F",2,2,"T","T","plumb101","cruzj002","T","T",0,0,0,10,5,11,0,0,0,"","dempr001","",0,0,0,0,0,0,0,0,0,0,0,0,0,"murre001","F","F","F","F",0,0,0,0,0,0,0,0,0,0,F,F,"1978BAL.EVA.regular.event.csv",4296
"BAL197808250","SEA",2,1,0,0,0,"",0,0,"may-l101","?","may-l101","?","mitcp101","?","mitcp101","?","plumb101","meyed001","cruzj002","steib001","reync001","stanl102","joner002","robel001","","","","3/P","T","F",10,6,2,"T","T",0,"F","F",1,"F","F",0,"F","F",3,"P","F","F","",0,0,"N",0,"N",0,"N",0,0,0,0,"3","","","","F","F","F","F","F","F","F","F","F","","","","F","F","F","F","F","","","","",0,3,0,0,0,0,0,0,0,15,"BAL","BAL","SEA",1,"T","F",0,0,0,5,0,"T","F",0,0,"T","T","moraa101","dempr001","T","T",0,0,0,0,0,0,0,0,0,"","","",0,0,0,0,0,0,0,0,0,0,0,0,0,"meyed001","F","F","F","F",0,0,0,0,0,0,0,0,0,0,F,F,"1978BAL.EVA.regular.event.csv",4297
"BAL197808250","SEA",2,1,1,0,0,"",0,0,"moraa101","?","moraa101","?","mitcp101","?","mitcp101","?","plumb101","meyed001","cruzj002","steib001","reync001","stanl102","joner002","robel001","","","","W","F","F",7,7,14,"T","F",0,"F","F",0,"F","F",0,"F","F",0,"","F","F","",0,0,"N",0,"N",0,"N",1,0,0,0,"","","","","F","F","F","F","F","F","F","F","F","","","","F","F","F","F","F","","","","",0,0,0,0,0,0,0,0,0,16,"BAL","BAL","SEA",1,"F","F",0,0,0,6,1,"T","F",0,1,"T","T","dempr001","garck001","T","T",0,0,0,0,0,0,0,0,0,"","","",0,0,0,0,0,0,0,0,0,0,0,0,0,"","F","F","F","F",2,0,0,0,0,0,0,0,0,0,F,F,"1978BAL.EVA.regular.event.csv",4298
"BAL197808250","SEA",2,1,1,0,0,"",0,0,"dempr001","?","dempr001","?","mitcp101","?","mitcp101","?","plumb101","meyed001","cruzj002","steib001","reync001","stanl102","joner002","robel001","moraa101","","","53/SH.1-2","F","F",2,8,2,"T","F",0,"T","F",1,"F","F",0,"F","F",5,"G","T","F","",0,0,"N",0,"N",0,"N",0,2,0,0,"53","","","","F","F","F","F","F","F","F","F","F","mitcp101","","","F","F","F","F","F","","","","",0,3,0,0,5,0,0,0,0,17,"BAL","BAL","SEA",1,"F","F",0,0,0,7,2,"T","F",1,2,"T","T","garck001","harll101","T","T",7,7,16,0,0,0,0,0,0,"plumb101","","",0,0,0,0,0,0,0,0,0,0,0,0,0,"steib001","F","F","F","F",0,2,0,0,0,0,0,0,0,0,F,F,"1978BAL.EVA.regular.event.csv",4299
"BAL197808250","SEA",2,1,2,0,0,"",0,0,"garck001","?","garck001","?","mitcp101","?","mitcp101","?","plumb101","meyed001","cruzj002","steib001","reync001","stanl102","joner002","robel001","","moraa101","","7","F","F",6,9,2,"T","T",0,"F","F",1,"F","F",0,"F","F",7,"F","F","F","",0,0,"N",0,"N",0,"N",0,0,2,0,"7","","","","F","F","F","F","F","F","F","F","F","","mitcp101","","F","F","F","F","F","","","","",0,7,0,0,0,0,0,0,0,18,"BAL","BAL","SEA",1,"F","T",0,0,0,8,3,"T","F",2,2,"T","T","harll101","dauer001","T","T",0,0,0,7,7,16,0,0,0,"","plumb101","",0,0,0,0,0,0,0,0,0,0,0,0,0,"stanl102","F","F","F","F",0,0,2,0,0,0,0,0,0,0,F,F,"1978BAL.EVA.regular.event.csv",4300
"BAL197808250","SEA",3,0,0,0,0,"",0,0,"plumb101","?","plumb101","?","martd001","?","martd001","?","dempr001","murre001","dauer001","decid001","belam101","moraa101","harll101","singk001","","","","K","T","F",2,9,3,"T","T",0,"F","F",1,"F","F",0,"F","F",0,"","F","F","",0,0,"N",0,"N",0,"N",0,0,0,0,"2","","","","F","F","F","F","F","F","F","F","F","","","","F","F","F","F","F","","","","",0,2,0,0,0,0,0,0,0,19,"BAL","SEA","BAL",0,"T","F",0,0,0,8,0,"T","F",0,0,"T","T","cruzj002","reync001","T","T",0,0,0,0,0,0,0,0,0,"","","",0,0,0,0,0,0,0,0,0,0,0,0,0,"","F","F","F","F",0,0,0,0,0,0,0,0,0,0,F,F,"1978BAL.EVA.regular.event.csv",4301
"BAL197808250","SEA",3,0,1,0,0,"",0,0,"cruzj002","?","cruzj002","?","martd001","?","martd001","?","dempr001","murre001","dauer001","decid001","belam101","moraa101","harll101","singk001","","","","W","F","F",4,1,14,"T","F",0,"F","F",0,"F","F",0,"F","F",0,"","F","F","",0,0,"N",0,"N",0,"N",1,0,0,0,"","","","","F","F","F","F","F","F","F","F","F","","","","F","F","F","F","F","","","","",0,0,0,0,0,0,0,0,0,20,"BAL","SEA","BAL",0,"F","F",0,0,0,9,1,"T","F",0,1,"T","T","reync001","joner002","T","T",0,0,0,0,0,0,0,0,0,"","","",0,0,0,0,0,0,0,0,0,0,0,0,0,"","F","F","F","F",0,0,0,0,0,0,0,0,0,0,F,F,"1978BAL.EVA.regular.event.csv",4302
"BAL197808250","SEA",3,0,1,0,0,"",0,0,"reync001","?","reync001","?","martd001","?","martd001","?","dempr001","murre001","dauer001","decid001","belam101","moraa101","harll101","singk001","cruzj002","","","SB2.1-3(E6)","F","F",6,2,4,"F","F",0,"F","F",0,"F","F",0,"F","F",0,"","F","F","",1,6,"D",0,"N",0,"N",0,3,0,0,"","","","","T","F","F","F","F","F","F","F","F","martd001","","","F","F","F","F","F","","","","",0,0,0,0,0,0,0,0,0,21,"BAL","SEA","BAL",0,"F","F",0,0,0,10,2,"T","F",1,4,"T","T","joner002","robel001","T","T",4,1,20,0,0,0,0,0,0,"dempr001","","",0,0,0,0,0,0,0,0,0,0,0,0,0,"","F","F","F","F",0,0,0,0,0,0,0,0,0,0,F,F,"1978BAL.EVA.regular.event.csv",4303
"BAL197808250","SEA",3,0,1,0,0,"",0,0,"reync001","?","reync001","?","martd001","?","martd001","?","dempr001","murre001","dauer001","decid001","belam101","moraa101","harll101","singk001","","","cruzj002","K","F","F",6,2,3,"T","T",0,"F","F",1,"F","F",0,"F","F",0,"","F","F","",0,0,"N",0,"N",0,"N",0,0,0,3,"2","","","","F","F","F","F","F","F","F","F","F","","","martd001","F","F","F","F","F","","","","",0,2,0,0,0,0,0,0,0,22,"BAL","SEA","BAL",0,"F","F",0,0,0,10,2,"F","F",4,4,"T","T","joner002","robel001","T","T",0,0,0,0,0,0,4,1,20,"","","dempr001",0,0,0,0,0,0,0,0,0,0,0,0,0,"","F","F","F","F",0,0,0,0,0,0,0,0,0,0,F,F,"1978BAL.EVA.regular.event.csv",4304
"BAL197808250","SEA",3,0,2,0,0,"",0,0,"joner002","?","joner002","?","martd001","?","martd001","?","dempr001","murre001","dauer001","decid001","belam101","moraa101","harll101","singk001","","","cruzj002","W","F","F",8,3,14,"T","F",0,"F","F",0,"F","F",0,"F","F",0,"","F","F","",0,0,"N",0,"N",0,"N",1,0,0,3,"","","","","F","F","F","F","F","F","F","F","F","","","martd001","F","F","F","F","F","","","","",0,0,0,0,0,0,0,0,0,23,"BAL","SEA","BAL",0,"F","F",0,0,0,11,3,"T","F",4,5,"T","T","robel001","bochb001","T","T",0,0,0,0,0,0,4,1,20,"","","dempr001",0,0,0,0,0,0,0,0,0,0,0,0,0,"","F","F","F","F",0,0,0,0,0,0,0,0,0,0,F,F,"1978BAL.EVA.regular.event.csv",4305
"BAL197808250","SEA",3,0,2,0,0,"",0,0,"robel001","?","robel001","?","martd001","?","martd001","?","dempr001","murre001","dauer001","decid001","belam101","moraa101","harll101","singk001","joner002","","cruzj002","43","F","F",9,4,2,"T","T",0,"F","F",1,"F","F",0,"F","F",4,"G","F","F","",0,0,"N",0,"N",0,"N",0,1,0,3,"43","","","","F","F","F","F","F","F","F","F","F","martd001","","martd001","F","F","F","F","F","","","","",0,3,0,0,4,0,0,0,0,24,"BAL","SEA","BAL",0,"F","T",0,0,0,12,4,"T","F",5,5,"T","T","bochb001","meyed001","T","T",8,3,23,0,0,0,4,1,20,"dempr001","","dempr001",0,0,0,0,0,0,0,0,0,0,0,0,0,"dauer001","F","F","F","F",0,0,0,0,0,0,0,0,0,0,F,F,"1978BAL.EVA.regular.event.csv",4306
"BAL197808250","SEA",3,1,0,0,0,"",0,0,"harll101","?","harll101","?","mitcp101","?","mitcp101","?","plumb101","meyed001","cruzj002","steib001","reync001","stanl102","joner002","robel001","","","","43","T","F",8,1,2,"T","T",0,"F","F",1,"F","F",0,"F","F",4,"G","F","F","",0,0,"N",0,"N",0,"N",0,0,0,0,"43","","","","F","F","F","F","F","F","F","F","F","","","","F","F","F","F","F","","","","",0,3,0,0,4,0,0,0,0,25,"BAL","BAL","SEA",1,"T","F",0,0,0,9,0,"T","F",0,0,"T","T","dauer001","singk001","T","T",0,0,0,0,0,0,0,0,0,"","","",0,0,0,0,0,0,0,0,0,0,0,0,0,"cruzj002","F","F","F","F",0,0,0,0,0,0,0,0,0,0,F,F,"1978BAL.EVA.regular.event.csv",4307
"BAL197808250","SEA",3,1,1,0,0,"",0,0,"dauer001","?","dauer001","?","mitcp101","?","mitcp101","?","plumb101","meyed001","cruzj002","steib001","reync001","stanl102","joner002","robel001","","","","S7","F","F",4,2,20,"T","T",1,"F","F",0,"F","F",0,"F","F",7,"","F","F","",0,0,"N",0,"N",0,"N",1,0,0,0,"","","","","F","F","F","F","F","F","F","F","F","","","","F","F","F","F","F","","","","",0,0,0,0,0,0,0,0,0,26,"BAL","BAL","SEA",1,"F","F",0,0,0,10,1,"T","F",0,1,"T","T","singk001","murre001","T","T",0,0,0,0,0,0,0,0,0,"","","",0,0,0,0,0,0,0,0,0,0,0,0,0,"stanl102","F","F","F","F",0,0,0,0,0,0,0,0,0,0,F,F,"1978BAL.EVA.regular.event.csv",4308
"BAL197808250","SEA",3,1,1,0,0,"",0,0,"singk001","?","singk001","?","mitcp101","?","mitcp101","?","plumb101","meyed001","cruzj002","steib001","reync001","stanl102","joner002","robel001","dauer001","","","8(B)43(1)/FDP","F","F",9,3,2,"T","T",0,"F","F",2,"T","F",0,"F","F",8,"F","F","F","",0,0,"N",0,"N",0,"N",0,0,0,0,"8","843","","","F","F","F","F","F","F","F","F","F","mitcp101","","","F","F","F","F","F","","","","",0,8,3,0,8,4,0,0,0,27,"BAL","BAL","SEA",1,"F","T",0,0,0,11,2,"T","F",1,0,"T","T","murre001","decid001","T","T",4,2,26,0,0,0,0,0,0,"plumb101","","",0,0,0,0,0,0,0,0,0,0,0,0,0,"joner002","F","F","F","F",0,0,0,0,0,0,0,0,0,0,F,F,"1978BAL.EVA.regular.event.csv",4309
"BAL197808250","SEA",4,0,0,0,0,"",0,0,"bochb001","?","bochb001","?","martd001","?","martd001","?","dempr001","murre001","dauer001","decid001","belam101","moraa101","harll101","singk001","","","","8","T","F",10,5,2,"T","T",0,"F","F",1,"F","F",0,"F","F",8,"F","F","F","",0,0,"N",0,"N",0,"N",0,0,0,0,"8","","","","F","F","F","F","F","F","F","F","F","","","","F","F","F","F","F","","","","",0,8,0,0,0,0,0,0,0,28,"BAL","SEA","BAL",0,"T","F",0,0,0,13,0,"T","F",0,0,"T","T","meyed001","stanl102","T","T",0,0,0,0,0,0,0,0,0,"","","",0,0,0,0,0,0,0,0,0,0,0,0,0,"harll101","F","F","F","F",0,0,0,0,0,0,0,0,0,0,F,F,"1978BAL.EVA.regular.event.csv",4310
"BAL197808250","SEA",4,0,1,0,0,"",0,0,"meyed001","?","meyed001","?","martd001","?","martd001","?","dempr001","murre001","dauer001","decid001","belam101","moraa101","harll101","singk001","","","","7","F","F",3,6,2,"T","T",0,"F","F",1,"F","F",0,"F","F",7,"F","F","F","",0,0,"N",0,"N",0,"N",0,0,0,0,"7","","","","F","F","F","F","F","F","F","F","F","","","","F","F","F","F","F","","","","",0,7,0,0,0,0,0,0,0,29,"BAL","SEA","BAL",0,"F","F",0,0,0,14,1,"T","F",0,0,"T","T","stanl102","steib001","T","T",0,0,0,0,0,0,0,0,0,"","","",0,0,0,0,0,0,0,0,0,0,0,0,0,"moraa101","F","F","F","F",0,0,0,0,0,0,0,0,0,0,F,F,"1978BAL.EVA.regular.event.csv",4311
"BAL197808250","SEA",4,0,2,0,0,"",0,0,"stanl102","?","stanl102","?","martd001","?","martd001","?","dempr001","murre001","dauer001","decid001","belam101","moraa101","harll101","singk001","","","","53","F","F",7,7,2,"T","T",0,"F","F",1,"F","F",0,"F","F",5,"G","F","F","",0,0,"N",0,"N",0,"N",0,0,0,0,"53","","","","F","F","F","F","F","F","F","F","F","","","","F","F","F","F","F","","","","",0,3,0,0,5,0,0,0,0,30,"BAL","SEA","BAL",0,"F","T",0,0,0,15,2,"T","F",0,0,"T","T","steib001","plumb101","T","T",0,0,0,0,0,0,0,0,0,"","","",0,0,0,0,0,0,0,0,0,0,0,0,0,"decid001","F","F","F","F",0,0,0,0,0,0,0,0,0,0,F,F,"1978BAL.EVA.regular.event.csv",4312
"BAL197808250","SEA",4,1,0,0,0,"",0,0,"murre001","?","murre001","?","mitcp101","?","mitcp101","?","plumb101","meyed001","cruzj002","steib001","reync001","stanl102","joner002","robel001","","","","43","T","F",3,4,2,"T","T",0,"F","F",1,"F","F",0,"F","F",4,"G","F","F","",0,0,"N",0,"N",0,"N",0,0,0,0,"43","","","","F","F","F","F","F","F","F","F","F","","","","F","F","F","F","F","","","","",0,3,0,0,4,0,0,0,0,31,"BAL","BAL","SEA",1,"T","F",0,0,0,12,0,"T","F",0,0,"T","T","decid001","may-l101","T","T",0,0,0,0,0,0,0,0,0,"","","",0,0,0,0,0,0,0,0,0,0,0,0,0,"cruzj002","F","F","F","F",0,0,0,0,2,0,0,0,0,0,F,F,"1978BAL.EVA.regular.event.csv",4313
"BAL197808250","SEA",4,1,1,0,0,"",0,0,"decid001","?","decid001","?","mitcp101","?","mitcp101","?","plumb101","meyed001","cruzj002","steib001","reync001","stanl102","joner002","robel001","","","","D7","F","F",5,5,21,"T","T",2,"F","F",0,"F","F",0,"F","F",7,"","F","F","",0,0,"N",0,"N",0,"N",2,0,0,0,"","","","","F","F","F","F","F","F","F","F","F","","","","F","F","F","F","F","","","","",0,0,0,0,0,0,0,0,0,32,"BAL","BAL","SEA",1,"F","F",0,0,0,13,1,"T","F",0,2,"T","T","may-l101","moraa101","T","T",0,0,0,0,0,0,0,0,0,"","","",0,0,0,0,0,0,0,0,0,0,0,0,0,"stanl102","F","F","F","F",4,0,0,0,2,0,0,0,0,0,F,F,"1978BAL.EVA.regular.event.csv",4314
"BAL197808250","SEA",4,1,1,0,0,"",0,0,"may-l101","?","may-l101","?","mitcp101","?","mitcp101","?","plumb101","meyed001","cruzj002","steib001","reync001","stanl102","joner002","robel001","","decid001","","HR/7.2-H","F","F",10,6,23,"T","T",4,"F","F",0,"F","F",2,"F","F",0,"","F","F","7",0,0,"N",0,"N",0,"N",4,0,4,0,"","","","","F","F","F","F","F","F","F","F","F","","mitcp101","","F","F","F","F","F","","","","",0,0,0,0,0,0,0,0,0,33,"BAL","BAL","SEA",1,"F","F",0,0,0,14,2,"T","F",2,0,"T","T","moraa101","dempr001","T","T",0,0,0,5,5,32,0,0,0,"","plumb101","",0,0,0,0,0,0,0,0,0,0,0,0,2,"","F","F","F","F",4,0,4,0,0,0,0,0,0,0,F,F,"1978BAL.EVA.regular.event.csv",4315
"BAL197808250","SEA",4,1,1,0,0,"",0,2,"moraa101","?","moraa101","?","mitcp101","?","mitcp101","?","plumb101","meyed001","cruzj002","steib001","reync001","stanl102","joner002","robel001","","","","8","F","F",7,7,2,"T","T",0,"F","F",1,"F","F",0,"F","F",8,"F","F","F","",0,0,"N",0,"N",0,"N",0,0,0,0,"8","","","","F","F","F","F","F","F","F","F","F","","","","F","F","F","F","F","","","","",0,8,0,0,0,0,0,0,0,34,"BAL","BAL","SEA",1,"F","F",2,0,2,15,3,"T","F",0,0,"T","T","dempr001","belam101","T","T",0,0,0,0,0,0,0,0,0,"","","",0,0,0,0,0,0,0,0,0,0,0,0,0,"joner002","F","F","F","F",0,0,0,0,0,0,0,0,0,0,F,F,"1978BAL.EVA.regular.event.csv",4316
"BAL197808250","SEA",4,1,2,0,0,"",0,2,"dempr001","?","dempr001","?","mitcp101","?","mitcp101","?","plumb101","meyed001","cruzj002","steib001","reync001","stanl102","joner002","robel001","","","","S5","F","F",2,8,20,"T","T",1,"F","F",0,"F","F",0,"F","F",5,"","F","F","",0,0,"N",0,"N",0,"N",1,0,0,0,"","","","","F","F","F","F","F","F","F","F","F","","","","F","F","F","F","F","","","","",0,0,0,0,0,0,0,0,0,35,"BAL","BAL","SEA",1,"F","F",2,0,2,16,4,"T","F",0,1,"T","T","belam101","harll101","T","T",0,0,0,0,0,0,0,0,0,"","","",0,0,0,0,0,0,0,0,0,0,0,0,0,"steib001","F","F","F","F",0,0,0,0,0,0,0,0,0,0,F,F,"1978BAL.EVA.regular.event.csv",4317
"BAL197808250","SEA",4,1,2,0,0,"",0,2,"belam101","?","belam101","?","mitcp101","?","mitcp101","?","plumb101","meyed001","cruzj002","steib001","reync001","stanl102","joner002","robel001","dempr001","","","9","F","F",6,9,2,"T","T",0,"F","F",1,"F","F",0,"F","F",9,"F","F","F","",0,0,"N",0,"N",0,"N",0,1,0,0,"9","","","","F","F","F","F","F","F","F","F","F","mitcp101","","","F","F","F","F","F","","","","",0,9,0,0,0,0,0,0,0,36,"BAL","BAL","SEA",1,"F","T",2,0,2,17,5,"T","F",1,1,"F","F","harll101","dauer001","T","T",2,8,35,0,0,0,0,0,0,"plumb101","","",0,0,0,0,0,0,0,0,0,0,0,0,0,"robel001","F","F","F","F",0,0,0,0,0,0,0,0,0,0,F,F,"1978BAL.EVA.regular.event.csv",4318
"BAL197808250","SEA",5,0,0,0,0,"",0,2,"steib001","?","steib001","?","martd001","?","martd001","?","dempr001","murre001","dauer001","decid001","belam101","moraa101","harll101","singk001","","","","4","T","F",5,8,2,"T","T",0,"F","F",1,"F","F",0,"F","F",4,"F","F","F","",0,0,"N",0,"N",0,"N",0,0,0,0,"4","","","","F","F","F","F","F","F","F","F","F","","","","F","F","F","F","F","","","","",0,4,0,0,0,0,0,0,0,37,"BAL","SEA","BAL",0,"T","F",0,2,0,16,0,"T","F",0,0,"T","T","plumb101","cruzj002","T","T",0,0,0,0,0,0,0,0,0,"","","",0,0,0,0,0,0,0,0,0,0,0,0,0,"dauer001","F","F","F","F",0,0,0,0,0,0,0,0,0,0,F,F,"1978BAL.EVA.regular.event.csv",4319
"BAL197808250","SEA",5,0,1,0,0,"",0,2,"plumb101","?","plumb101","?","martd001","?","martd001","?","dempr001","murre001","dauer001","decid001","belam101","moraa101","harll101","singk001","","","","W","F","F",2,9,14,"T","F",0,"F","F",0,"F","F",0,"F","F",0,"","F","F","",0,0,"N",0,"N",0,"N",1,0,0,0,"","","","","F","F","F","F","F","F","F","F","F","","","","F","F","F","F","F","","","","",0,0,0,0,0,0,0,0,0,38,"BAL","SEA","BAL",0,"F","F",0,2,0,17,1,"T","F",0,1,"T","T","cruzj002","reync001","T","T",0,0,0,0,0,0,0,0,0,"","","",0,0,0,0,0,0,0,0,0,0,0,0,0,"","F","F","F","F",0,0,0,0,0,0,0,0,0,0,F,F,"1978BAL.EVA.regular.event.csv",4320
"BAL197808250","SEA",5,0,1,0,0,"",0,2,"cruzj002","?","cruzj002","?","martd001","?","martd001","?","dempr001","murre001","dauer001","decid001","belam101","moraa101","harll101","singk001","plumb101","","","14(1)/FO","F","F",4,1,2,"T","T",0,"F","F",1,"F","F",0,"F","F",1,"G","F","F","",0,0,"N",0,"N",0,"N",1,0,0,0,"","14","","","F","F","F","F","F","F","F","F","F","martd001","","","F","F","F","F","F","","","","",0,4,0,0,1,0,0,0,0,39,"BAL","SEA","BAL",0,"F","F",0,2,0,18,2,"T","F",1,1,"T","T","reync001","joner002","T","T",2,9,38,0,0,0,0,0,0,"dempr001","","",0,0,0,0,0,0,0,0,0,0,0,0,0,"martd001","T","F","F","F",0,0,0,0,0,0,0,0,0,0,F,F,"1978BAL.EVA.regular.event.csv",4321
"BAL197808250","SEA",5,0,2,0,0,"",0,2,"reync001","?","reync001","?","martd001","?","martd001","?","dempr001","murre001","dauer001","decid001","belam101","moraa101","harll101","singk001","cruzj002","","","3/G","F","F",6,2,2,"T","T",0,"F","F",1,"F","F",0,"F","F",3,"G","F","F","",0,0,"N",0,"N",0,"N",0,1,0,0,"3","","","","F","F","F","F","F","F","F","F","F","martd001","","","F","F","F","F","F","","","","",0,3,0,0,0,0,0,0,0,40,"BAL","SEA","BAL",0,"F","T",0,2,0,19,3,"T","F",1,1,"T","T","joner002","robel001","T","T",4,1,39,0,0,0,0,0,0,"dempr001","","",0,0,0,0,0,0,0,0,0,0,0,0,0,"murre001","F","F","F","F",0,0,0,0,0,0,0,0,0,0,F,F,"1978BAL.EVA.regular.event.csv",4322
"BAL197808250","SEA",5,1,0,0,0,"",0,2,"harll101","?","harll101","?","mitcp101","?","mitcp101","?","plumb101","meyed001","cruzj002","steib001","reync001","stanl102","joner002","robel001","","","","W","T","F",8,1,14,"T","F",0,"F","F",0,"F","F",0,"F","F",0,"","F","F","",0,0,"N",0,"N",0,"N",1,0,0,0,"","","","","F","F","F","F","F","F","F","F","F","","","","F","F","F","F","F","","","","",0,0,0,0,0,0,0,0,0,41,"BAL","BAL","SEA",1,"T","F",2,0,0,18,0,"T","F",0,1,"T","T","dauer001","singk001","T","T",0,0,0,0,0,0,0,0,0,"","","",0,0,0,0,0,0,0,0,0,0,0,0,0,"","F","F","F","F",0,0,0,0,0,0,0,0,0,0,F,F,"1978BAL.EVA.regular.event.csv",4323
"BAL197808250","SEA",5,1,0,0,0,"",0,2,"dauer001","?","dauer001","?","mitcp101","?","mitcp101","?","plumb101","meyed001","cruzj002","steib001","reync001","stanl102","joner002","robel001","harll101","","","64(1)3/GDP","F","F",4,2,2,"T","T",0,"F","F",2,"T","F",0,"F","F",6,"G","F","F","",0,0,"N",0,"N",0,"N",0,0,0,0,"43","64","","","F","F","F","F","F","F","F","F","F","mitcp101","","","F","F","F","F","F","","","","",0,4,3,0,6,4,0,0,0,42,"BAL","BAL","SEA",1,"F","F",2,0,0,19,1,"T","F",1,0,"T","T","singk001","murre001","T","T",8,1,41,0,0,0,0,0,0,"plumb101","","",0,0,0,0,0,0,0,0,0,0,0,0,0,"reync001","T","F","F","F",0,0,0,0,0,0,0,0,0,0,F,F,"1978BAL.EVA.regular.event.csv",4324
"BAL197808250","SEA",5,1,2,0,0,"",0,2,"singk001","?","singk001","?","mitcp101","?","mitcp101","?","plumb101","meyed001","cruzj002","steib001","reync001","stanl102","joner002","robel001","","","","8","F","F",9,3,2,"T","T",0,"F","F",1,"F","F",0,"F","F",8,"F","F","F","",0,0,"N",0,"N",0,"N",0,0,0,0,"8","","","","F","F","F","F","F","F","F","F","F","","","","F","F","F","F","F","","","","",0,8,0,0,0,0,0,0,0,43,"BAL","BAL","SEA",1,"F","T",2,0,0,20,2,"T","F",0,0,"T","T","murre001","decid001","T","T",0,0,0,0,0,0,0,0,0,"","","",0,0,0,0,0,0,0,0,0,0,0,0,0,"joner002","F","F","F","F",0,0,0,0,0,0,0,0,0,0,F,F,"1978BAL.EVA.regular.event.csv",4325
"BAL197808250","SEA",6,0,0,0,0,"",0,2,"joner002","?","joner002","?","martd001","?","martd001","?","dempr001","murre001","dauer001","decid001","belam101","moraa101","harll101","singk001","","","","7","T","F",8,3,2,"T","T",0,"F","F",1,"F","F",0,"F","F",7,"F","F","F","",0,0,"N",0,"N",0,"N",0,0,0,0,"7","","","","F","F","F","F","F","F","F","F","F","","","","F","F","F","F","F","","","","",0,7,0,0,0,0,0,0,0,44,"BAL","SEA","BAL",0,"T","F",0,2,0,20,0,"T","F",0,0,"T","T","robel001","bochb001","T","T",0,0,0,0,0,0,0,0,0,"","","",0,0,0,0,0,0,0,0,0,0,0,0,0,"moraa101","F","F","F","F",0,0,0,0,0,0,0,0,0,0,F,F,"1978BAL.EVA.regular.event.csv",4326
"BAL197808250","SEA",6,0,1,0,0,"",0,2,"robel001","?","robel001","?","martd001","?","martd001","?","dempr001","murre001","dauer001","decid001","belam101","moraa101","harll101","singk001","","","","53","F","F",9,4,2,"T","T",0,"F","F",1,"F","F",0,"F","F",5,"G","F","F","",0,0,"N",0,"N",0,"N",0,0,0,0,"53","","","","F","F","F","F","F","F","F","F","F","","","","F","F","F","F","F","","","","",0,3,0,0,5,0,0,0,0,45,"BAL","SEA","BAL",0,"F","F",0,2,0,21,1,"T","F",0,0,"T","T","bochb001","meyed001","T","T",0,0,0,0,0,0,0,0,0,"","","",0,0,0,0,0,0,0,0,0,0,0,0,0,"decid001","F","F","F","F",0,0,0,0,0,0,0,0,0,0,F,F,"1978BAL.EVA.regular.event.csv",4327
"BAL197808250","SEA",6,0,2,0,0,"",0,2,"bochb001","?","bochb001","?","martd001","?","martd001","?","dempr001","murre001","dauer001","decid001","belam101","moraa101","harll101","singk001","","","","9","F","F",10,5,2,"T","T",0,"F","F",1,"F","F",0,"F","F",9,"F","F","F","",0,0,"N",0,"N",0,"N",0,0,0,0,"9","","","","F","F","F","F","F","F","F","F","F","","","","F","F","F","F","F","","","","",0,9,0,0,0,0,0,0,0,46,"BAL","SEA","BAL",0,"F","T",0,2,0,22,2,"T","F",0,0,"T","T","meyed001","stanl102","T","T",0,0,0,0,0,0,0,0,0,"","","",0,0,0,0,0,0,0,0,0,0,0,0,0,"singk001","F","F","F","F",0,0,0,0,0,0,0,0,0,0,F,F,"1978BAL.EVA.regular.event.csv",4328
"BAL197808250","SEA",6,1,0,0,0,"",0,2,"murre001","?","murre001","?","mitcp101","?","mitcp101","?","plumb101","meyed001","cruzj002","steib001","reync001","stanl102","joner002","robel001","","","","3/G","T","F",3,4,2,"T","T",0,"F","F",1,"F","F",0,"F","F",3,"G","F","F","",0,0,"N",0,"N",0,"N",0,0,0,0,"3","","","","F","F","F","F","F","F","F","F","F","","","","F","F","F","F","F","","","","",0,3,0,0,0,0,0,0,0,47,"BAL","BAL","SEA",1,"T","F",2,0,0,21,0,"T","F",0,0,"T","T","decid001","may-l101","T","T",0,0,0,0,0,0,0,0,0,"","","",0,0,0,0,0,0,0,0,0,0,0,0,0,"meyed001","F","F","F","F",0,0,0,0,0,0,0,0,0,0,F,F,"1978BAL.EVA.regular.event.csv",4329
"BAL197808250","SEA",6,1,1,0,0,"",0,2,"decid001","?","decid001","?","mitcp101","?","mitcp101","?","plumb101","meyed001","cruzj002","steib001","reync001","stanl102","joner002","robel001","","","","S7","F","F",5,5,20,"T","T",1,"F","F",0,"F","F",0,"F","F",7,"","F","F","",0,0,"N",0,"N",0,"N",1,0,0,0,"","","","","F","F","F","F","F","F","F","F","F","","","","F","F","F","F","F","","","","",0,0,0,0,0,0,0,0,0,48,"BAL","BAL","SEA",1,"F","F",2,0,0,22,1,"T","F",0,1,"T","T","may-l101","moraa101","T","T",0,0,0,0,0,0,0,0,0,"","","",0,0,0,0,0,0,0,0,0,0,0,0,0,"stanl102","F","F","F","F",0,0,0,0,0,0,0,0,0,0,F,F,"1978BAL.EVA.regular.event.csv",4330
"BAL197808250","SEA",6,1,1,0,0,"",0,2,"may-l101","?","may-l101","?","mitcp101","?","mitcp101","?","plumb101","meyed001","cruzj002","steib001","reync001","stanl102","joner002","robel001","decid001","","","SB2","F","F",10,6,4,"F","F",0,"F","F",0,"F","F",0,"F","F",0,"","F","F","",0,0,"N",0,"N",0,"N",0,2,0,0,"","","","","T","F","F","F","F","F","F","F","F","mitcp101","","","F","F","F","F","F","","","","",0,0,0,0,0,0,0,0,0,49,"BAL","BAL","SEA",1,"F","F",2,0,0,23,2,"T","F",1,2,"T","T","moraa101","dempr001","T","T",5,5,48,0,0,0,0,0,0,"plumb101","","",0,0,0,0,0,0,0,0,0,0,0,0,0,"","F","F","F","F",0,0,0,0,0,0,0,0,0,0,F,F,"1978BAL.EVA.regular.event.csv",4331
"BAL197808250","SEA",6,1,1,0,0,"",0,2,"may-l101","?","may-l101","?","mitcp101","?","mitcp101","?","plumb101","meyed001","cruzj002","steib001","reync001","stanl102","joner002","robel001","","decid001","","9","F","F",10,6,2,"T","T",0,"F","F",1,"F","F",0,"F","F",9,"F","F","F","",0,0,"N",0,"N",0,"N",0,0,2,0,"9","","","","F","F","F","F","F","F","F","F","F","","mitcp101","","F","F","F","F","F","","","","",0,9,0,0,0,0,0,0,0,50,"BAL","BAL","SEA",1,"F","F",2,0,0,23,2,"F","F",2,2,"T","T","moraa101","dempr001","T","T",0,0,0,5,5,48,0,0,0,"","plumb101","",0,0,0,0,0,0,0,0,0,0,0,0,0,"robel001","F","F","F","F",0,0,0,0,0,0,0,0,0,0,F,F,"1978BAL.EVA.regular.event.csv",4332
"BAL197808250","SEA",6,1,2,0,0,"",0,2,"moraa101","?","moraa101","?","mitcp101","?","mitcp101","?","plumb101","meyed001","cruzj002","steib001","reync001","stanl102","joner002","robel001","","decid001","","8","F","F",7,7,2,"T","T",0,"F","F",1,"F","F",0,"F","F",8,"F","F","F","",0,0,"N",0,"N",0,"N",0,0,2,0,"8","","","","F","F","F","F","F","F","F","F","F","","mitcp101","","F","F","F","F","F","","","","",0,8,0,0,0,0,0,0,0,51,"BAL","BAL","SEA",1,"F","T",2,0,0,24,3,"T","F",2,2,"T","T","dempr001","belam101","T","T",0,0,0,5,5,48,0,0,0,"","plumb101","",0,0,0,0,0,0,0,0,0,0,0,0,0,"joner002","F","F","F","F",0,0,0,0,0,0,0,0,0,0,F,F,"1978BAL.EVA.regular.event.csv",4333
"BAL197808250","SEA",7,0,0,0,0,"",0,2,"meyed001","?","meyed001","?","martd001","?","martd001","?","dempr001","murre001","dauer001","decid001","belam101","moraa101","harll101","singk001","","","","43","T","F",3,6,2,"T","T",0,"F","F",1,"F","F",0,"F","F",4,"G","F","F","",0,0,"N",0,"N",0,"N",0,0,0,0,"43","","","","F","F","F","F","F","F","F","F","F","","","","F","F","F","F","F","","","","",0,3,0,0,4,0,0,0,0,52,"BAL","SEA","BAL",0,"T","F",0,2,0,23,0,"T","F",0,0,"T","T","stanl102","steib001","T","T",0,0,0,0,0,0,0,0,0,"","","",0,0,0,0,0,0,0,0,0,0,0,0,0,"dauer001","F","F","F","F",0,0,0,0,0,0,0,0,0,0,F,F,"1978BAL.EVA.regular.event.csv",4334
"BAL197808250","SEA",7,0,1,0,0,"",0,2,"stanl102","?","stanl102","?","martd001","?","martd001","?","dempr001","murre001","dauer001","decid001","belam101","moraa101","harll101","singk001","","","","K/C","F","F",7,7,3,"T","T",0,"F","F",1,"F","F",0,"F","F",0,"","F","F","",0,0,"N",0,"N",0,"N",0,0,0,0,"2","","","","F","F","F","F","F","F","F","F","F","","","","F","F","F","F","F","","","","",0,2,0,0,0,0,0,0,0,53,"BAL","SEA","BAL",0,"F","F",0,2,0,24,1,"T","F",0,0,"T","T","steib001","plumb101","T","T",0,0,0,0,0,0,0,0,0,"","","",0,0,0,0,0,0,0,0,0,0,0,0,0,"","F","F","F","F",0,0,0,0,0,0,0,0,0,0,F,F,"1978BAL.EVA.regular.event.csv",4335
"BAL197808250","SEA",7,0,2,0,0,"",0,2,"steib001","?","steib001","?","martd001","?","martd001","?","dempr001","murre001","dauer001","decid001","belam101","moraa101","harll101","singk001","","","","S8","F","F",5,8,20,"T","T",1,"F","F",0,"F","F",0,"F","F",8,"","F","F","",0,0,"N",0,"N",0,"N",1,0,0,0,"","","","","F","F","F","F","F","F","F","F","F","","","","F","F","F","F","F","","","","",0,0,0,0,0,0,0,0,0,54,"BAL","SEA","BAL",0,"F","F",0,2,0,25,2,"T","F",0,1,"T","T","plumb101","cruzj002","T","T",0,0,0,0,0,0,0,0,0,"","","",0,0,0,0,0,0,0,0,0,0,0,0,0,"harll101","F","F","F","F",0,0,0,0,0,0,0,0,0,0,F,F,"1978BAL.EVA.regular.event.csv",4336
"BAL197808250","SEA",7,0,2,0,0,"",0,2,"plumb101","?","plumb101","?","martd001","?","martd001","?","dempr001","murre001","dauer001","decid001","belam101","moraa101","harll101","singk001","steib001","","","9","F","F",2,9,2,"T","T",0,"F","F",1,"F","F",0,"F","F",9,"F","F","F","",0,0,"N",0,"N",0,"N",0,1,0,0,"9","","","","F","F","F","F","F","F","F","F","F","martd001","","","F","F","F","F","F","","","","",0,9,0,0,0,0,0,0,0,55,"BAL","SEA","BAL",0,"F","T",0,2,0,26,3,"T","F",1,1,"T","T","cruzj002","reync001","T","T",5,8,54,0,0,0,0,0,0,"dempr001","","",0,0,0,0,0,0,0,0,0,0,0,0,0,"singk001","F","F","F","F",0,0,0,0,0,0,0,0,0,0,F,F,"1978BAL.EVA.regular.event.csv",4337
"BAL197808250","SEA",7,1,0,0,0,"",0,2,"dempr001","?","dempr001","?","mitcp101","?","mitcp101","?","plumb101","meyed001","cruzj002","steib001","reync001","stanl102","joner002","robel001","","","","W","T","F",2,8,14,"T","F",0,"F","F",0,"F","F",0,"F","F",0,"","F","F","",0,0,"N",0,"N",0,"N",1,0,0,0,"","","","","F","F","F","F","F","F","F","F","F","","","","F","F","F","F","F","","","","",0,0,0,0,0,0,0,0,0,56,"BAL","BAL","SEA",1,"T","F",2,0,0,25,0,"T","F",0,1,"T","T","belam101","harll101","T","T",0,0,0,0,0,0,0,0,0,"","","",0,0,0,0,0,0,0,0,0,0,0,0,0,"","F","F","F","F",4,0,0,0,2,0,0,0,0,0,F,F,"1978BAL.EVA.regular.event.csv",4338
"BAL197808250","SEA",7,1,0,0,0,"",0,2,"belam101","?","belam101","?","mitcp101","?","mitcp101","?","plumb101","meyed001","cruzj002","steib001","reync001","stanl102","joner002","robel001","dempr001","","","14/SH.1-2","F","F",6,9,2,"T","F",0,"T","F",1,"F","F",0,"F","F",1,"G","T","F","",0,0,"N",0,"N",0,"N",0,2,0,0,"14","","","","F","F","F","F","F","F","F","F","F","mitcp101","","","F","F","F","F","F","","","","",0,4,0,0,1,0,0,0,0,57,"BAL","BAL","SEA",1,"F","F",2,0,0,26,1,"T","F",1,2,"F","F","harll101","dauer001","T","T",2,8,56,0,0,0,0,0,0,"plumb101","","",0,0,0,0,0,0,0,0,0,0,0,0,0,"mitcp101","F","F","F","F",0,4,0,0,2,0,0,0,0,0,F,F,"1978BAL.EVA.regular.event.csv",4339
"BAL197808250","SEA",7,1,1,0,0,"",0,2,"harll101","?","harll101","?","mitcp101","?","mitcp101","?","plumb101","meyed001","cruzj002","steib001","reync001","stanl102","joner002","robel001","","dempr001","","8.2-3","F","F",8,1,2,"T","T",0,"F","F",1,"F","F",0,"F","F",8,"F","F","F","",0,0,"N",0,"N",0,"N",0,0,3,0,"8","","","","F","F","F","F","F","F","F","F","F","","mitcp101","","F","F","F","F","F","","","","",0,8,0,0,0,0,0,0,0,58,"BAL","BAL","SEA",1,"F","F",2,0,0,27,2,"T","F",2,4,"T","T","dauer001","singk001","T","T",0,0,0,2,8,56,0,0,0,"","plumb101","",0,0,0,0,0,0,0,0,0,0,0,0,0,"joner002","F","F","F","F",0,0,4,0,2,0,0,0,0,0,F,F,"1978BAL.EVA.regular.event.csv",4340
"BAL197808250","SEA",7,1,2,0,0,"",0,2,"dauer001","?","dauer001","?","mitcp101","?","mitcp101","?","plumb101","meyed001","cruzj002","steib001","reync001","stanl102","joner002","robel001","","","dempr001","S9/G.3-H","F","F",4,2,20,"T","T",1,"F","F",0,"F","F",1,"F","F",9,"G","F","F","",0,0,"N",0,"N",0,"N",1,0,0,4,"","","","","F","F","F","F","F","F","F","F","F","","","mitcp101","F","F","F","F","F","","","","",0,0,0,0,0,0,0,0,0,59,"BAL","BAL","SEA",1,"F","F",2,0,0,28,3,"T","F",4,1,"T","T","singk001","murre001","T","T",0,0,0,0,0,0,2,8,56,"","","plumb101",0,0,0,0,0,0,0,0,0,0,0,0,1,"robel001","F","F","F","F",4,0,0,4,1,0,0,0,0,0,F,F,"1978BAL.EVA.regular.event.csv",4341
"BAL197808250","SEA",7,1,2,0,0,"",0,3,"singk001","?","singk001","?","mitcp101","?","mitcp101","?","plumb101","meyed001","cruzj002","steib001","reync001","stanl102","joner002","robel001","dauer001","","","W.1-2","F","F",9,3,14,"T","F",0,"F","F",0,"F","F",0,"F","F",0,"","F","F","",0,0,"N",0,"N",0,"N",1,2,0,0,"","","","","F","F","F","F","F","F","F","F","F","mitcp101","","","F","F","F","F","F","","","","",0,0,0,0,0,0,0,0,0,60,"BAL","BAL","SEA",1,"F","F",3,0,1,29,4,"T","F",1,3,"T","T","murre001","decid001","T","T",4,2,59,0,0,0,0,0,0,"plumb101","","",0,0,0,0,0,0,0,0,0,0,0,0,0,"","F","F","F","F",3,4,0,0,1,0,0,0,0,0,F,F,"1978BAL.EVA.regular.event.csv",4342
"BAL197808250","SEA",7,1,2,0,0,"",0,3,"murre001","?","murre001","?","toddj102","?","toddj102","?","plumb101","meyed001","cruzj002","steib001","reync001","stanl102","joner002","robel001","lopec101","dauer001","","S7.2-H;1-3","F","F",3,4,20,"T","T",1,"F","F",0,"F","F",1,"F","F",7,"","F","F","",0,0,"N",0,"N",0,"N",1,3,4,0,"","","","","F","F","F","F","F","F","F","F","F","mitcp101","mitcp101","","F","F","T","F","F","singk001","","","",0,0,0,0,0,0,0,0,0,61,"BAL","BAL","SEA",1,"F","F",3,0,1,30,5,"T","F",3,5,"T","T","decid001","may-l101","F","F",0,3,60,4,2,59,0,0,0,"plumb101","plumb101","",0,0,0,0,0,0,0,0,0,0,0,0,1,"stanl102","F","F","F","F",1,3,4,0,0,0,0,0,0,0,F,F,"1978BAL.EVA.regular.event.csv",4343
"BAL197808250","SEA",7,1,2,0,0,"",0,4,"decid001","?","decid001","?","toddj102","?","toddj102","?","plumb101","meyed001","cruzj002","steib001","reync001","stanl102","joner002","robel001","murre001","","lopec101","8","F","F",5,5,2,"T","T",0,"F","F",1,"F","F",0,"F","F",8,"F","F","F","",0,0,"N",0,"N",0,"N",0,1,0,3,"8","","","","F","F","F","F","F","F","F","F","F","toddj102","","mitcp101","F","F","F","F","F","","","","",0,8,0,0,0,0,0,0,0,62,"BAL","BAL","SEA",1,"F","T",4,0,2,31,6,"T","F",5,5,"T","T","may-l101","moraa101","F","F",3,4,61,0,0,0,0,3,60,"plumb101","","plumb101",0,0,0,0,0,0,0,0,0,0,0,0,0,"joner002","F","F","F","F",0,1,0,3,0,0,0,0,0,0,F,F,"1978BAL.EVA.regular.event.csv",4344
"BAL197808250","SEA",8,0,0,0,0,"",0,4,"cruzj002","?","cruzj002","?","martd001","?","martd001","?","dempr001","murre001","dauer001","decid001","belam101","moraa101","harll101","lopec101","","","","8","T","F",4,1,2,"T","T",0,"F","F",1,"F","F",0,"F","F",8,"F","F","F","",0,0,"N",0,"N",0,"N",0,0,0,0,"8","","","","F","F","F","F","F","F","F","F","F","","","","F","F","F","F","F","","","","",0,8,0,0,0,0,0,0,0,63,"BAL","SEA","BAL",0,"T","F",0,4,0,27,0,"T","F",0,0,"T","T","reync001","joner002","T","T",0,0,0,0,0,0,0,0,0,"","","",0,0,0,0,0,0,0,0,0,0,0,0,0,"harll101","F","F","F","F",0,0,0,0,0,0,0,0,0,0,F,F,"1978BAL.EVA.regular.event.csv",4345
"BAL197808250","SEA",8,0,1,0,0,"",0,4,"reync001","?","reync001","?","martd001","?","martd001","?","dempr001","murre001","dauer001","decid001","belam101","moraa101","harll101","lopec101","","","","W","F","F",6,2,14,"T","F",0,"F","F",0,"F","F",0,"F","F",0,"","F","F","",0,0,"N",0,"N",0,"N",1,0,0,0,"","","","","F","F","F","F","F","F","F","F","F","","","","F","F","F","F","F","","","","",0,0,0,0,0,0,0,0,0,64,"BAL","SEA","BAL",0,"F","F",0,4,0,28,1,"T","F",0,1,"T","T","joner002","robel001","T","T",0,0,0,0,0,0,0,0,0,"","","",0,0,0,0,0,0,0,0,0,0,0,0,0,"","F","F","F","F",0,0,0,0,0,0,0,0,0,0,F,F,"1978BAL.EVA.regular.event.csv",4346
"BAL197808250","SEA",8,0,1,0,0,"",0,4,"joner002","?","joner002","?","martd001","?","martd001","?","dempr001","murre001","dauer001","decid001","belam101","moraa101","harll101","lopec101","reync001","","","S9.1-2","F","F",8,3,20,"T","T",1,"F","F",0,"F","F",0,"F","F",9,"","F","F","",0,0,"N",0,"N",0,"N",1,2,0,0,"","","","","F","F","F","F","F","F","F","F","F","martd001","","","F","F","F","F","F","","","","",0,0,0,0,0,0,0,0,0,65,"BAL","SEA","BAL",0,"F","F",0,4,0,29,2,"T","F",1,3,"T","T","robel001","bochb001","T","T",6,2,64,0,0,0,0,0,0,"dempr001","","",0,0,0,0,0,0,0,0,0,0,0,0,0,"lopec101","F","F","F","F",0,0,0,0,0,0,0,0,0,0,F,F,"1978BAL.EVA.regular.event.csv",4347
"BAL197808250","SEA",8,0,1,0,0,"",0,4,"robel001","?","robel001","?","martd001","?","martd001","?","dempr001","murre001","dauer001","decid001","belam101","moraa101","harll101","lopec101","joner002","reync001","","9","F","F",9,4,2,"T","T",0,"F","F",1,"F","F",0,"F","F",9,"F","F","F","",0,0,"N",0,"N",0,"N",0,1,2,0,"9","","","","F","F","F","F","F","F","F","F","F","martd001","martd001","","F","F","F","F","F","","","","",0,9,0,0,0,0,0,0,0,66,"BAL","SEA","BAL",0,"F","F",0,4,0,30,3,"T","F",3,3,"T","T","bochb001","meyed001","T","T",8,3,65,6,2,64,0,0,0,"dempr001","dempr001","",0,0,0,0,0,0,0,0,0,0,0,0,0,"lopec101","F","F","F","F",0,0,0,0,0,0,0,0,0,0,F,F,"1978BAL.EVA.regular.event.csv",4348
"BAL197808250","SEA",8,0,2,0,0,"",0,4,"bochb001","?","bochb001","?","martd001","?","martd001","?","dempr001","murre001","dauer001","decid001","belam101","moraa101","harll101","lopec101","joner002","reync001","","3/G","F","F",10,5,2,"T","T",0,"F","F",1,"F","F",0,"F","F",3,"G","F","F","",0,0,"N",0,"N",0,"N",0,1,2,0,"3","","","","F","F","F","F","F","F","F","F","F","martd001","martd001","","F","F","F","F","F","","","","",0,3,0,0,0,0,0,0,0,67,"BAL","SEA","BAL",0,"F","T",0,4,0,31,4,"T","F",3,3,"T","T","meyed001","stanl102","T","T",8,3,65,6,2,64,0,0,0,"dempr001","dempr001","",0,0,0,0,0,0,0,0,0,0,0,0,0,"murre001","F","F","F","F",0,0,0,0,0,0,0,0,0,0,F,F,"1978BAL.EVA.regular.event.csv",4349
"BAL197808250","SEA",8,1,0,0,0,"",0,4,"may-l101","?","may-l101","?","toddj102","?","toddj102","?","plumb101","meyed001","cruzj002","steib001","reync001","stanl102","joner002","robel001","","","","S7","T","F",10,6,20,"T","T",1,"F","F",0,"F","F",0,"F","F",7,"","F","F","",0,0,"N",0,"N",0,"N",1,0,0,0,"","","","","F","F","F","F","F","F","F","F","F","","","","F","F","F","F","F","","","","",0,0,0,0,0,0,0,0,0,68,"BAL","BAL","SEA",1,"T","F",4,0,0,32,0,"T","F",0,1,"T","T","moraa101","dempr001","F","F",0,0,0,0,0,0,0,0,0,"","","",0,0,0,0,0,0,0,0,0,0,0,0,0,"stanl102","F","F","F","F",5,0,0,0,1,0,0,0,0,0,F,F,"1978BAL.EVA.regular.event.csv",4350
"BAL197808250","SEA",8,1,0,0,0,"",0,4,"moraa101","?","moraa101","?","toddj102","?","toddj102","?","plumb101","meyed001","cruzj002","steib001","reync001","stanl102","joner002","robel001","may-l101","","","S9.1-3","F","F",7,7,20,"T","T",1,"F","F",0,"F","F",0,"F","F",9,"","F","F","",0,0,"N",0,"N",0,"N",1,3,0,0,"","","","","F","F","F","F","F","F","F","F","F","toddj102","","","F","F","F","F","F","","","","",0,0,0,0,0,0,0,0,0,69,"BAL","BAL","SEA",1,"F","F",4,0,0,33,1,"T","F",1,5,"T","T","dempr001","belam101","F","F",10,6,68,0,0,0,0,0,0,"plumb101","","",0,0,0,0,0,0,0,0,0,0,0,0,0,"robel001","F","F","F","F",0,5,0,0,1,0,0,0,0,0,F,F,"1978BAL.EVA.regular.event.csv",4351
"BAL197808250","SEA",8,1,0,0,0,"",0,4,"dempr001","?","dempr001","?","toddj102","?","toddj102","?","plumb101","meyed001","cruzj002","steib001","reync001","stanl102","joner002","robel001","moraa101","","may-l101","FC6.3-3;1X3(62);B-2","F","F",2,8,19,"T","T",0,"F","F",1,"F","F",0,"F","F",6,"G","F","F","",0,0,"N",0,"N",0,"N",2,0,0,3,"","62","","","F","F","F","F","F","F","F","F","F","toddj102","","toddj102","F","F","F","F","F","","","","",0,2,0,0,6,0,0,0,0,70,"BAL","BAL","SEA",1,"F","F",4,0,0,34,2,"T","F",5,6,"T","T","belam101","harll101","F","F",7,7,69,0,0,0,10,6,68,"plumb101","","plumb101",0,0,0,0,0,0,0,0,0,0,0,0,0,"reync001","F","F","F","F",0,0,0,5,1,0,0,0,0,0,F,F,"1978BAL.EVA.regular.event.csv",4352
"BAL197808250","SEA",8,1,1,0,0,"",0,4,"belam101","?","belam101","?","toddj102","?","toddj102","?","plumb101","meyed001","cruzj002","steib001","reync001","stanl102","joner002","robel001","","dempr001","may-l101","FC1/BG.3XH(1E2)(UR);2-3;B-1","F","F",6,9,19,"T","T",0,"F","F",0,"F","F",0,"F","F",1,"G","T","F","",1,2,"D",0,"N",0,"N",1,0,3,5,"","","","1E2","F","F","F","F","F","F","F","F","F","","toddj102","toddj102","F","F","F","F","F","","","","",0,0,0,0,1,0,0,0,0,71,"BAL","BAL","SEA",1,"F","F",4,0,0,35,3,"T","F",6,5,"F","F","harll101","dauer001","F","F",0,0,0,2,8,70,10,6,68,"","plumb101","plumb101",0,0,0,0,0,0,0,0,0,0,0,0,1,"toddj102","F","F","F","F",2,0,0,5,0,0,0,0,0,0,F,F,"1978BAL.EVA.regular.event.csv",4353
"BAL197808250","SEA",8,1,1,0,0,"",0,5,"harll101","?","harll101","?","toddj102","?","toddj102","?","plumb101","meyed001","cruzj002","steib001","reync001","stanl102","joner002","robel001","belam101","","dempr001","FC5.3XH(52);1-2;B-1","F","F",8,1,19,"T","T",0,"F","F",1,"F","F",0,"F","F",5,"G","F","F","",0,0,"N",0,"N",0,"N",1,2,0,0,"","","","52","F","F","F","F","F","F","F","F","F","toddj102","","toddj102","F","F","F","F","F","","","","",0,2,0,0,5,0,0,0,0,72,"BAL","BAL","SEA",1,"F","F",5,0,1,36,4,"T","F",5,3,"T","T","dauer001","lopec101","F","F",6,9,71,0,0,0,2,8,70,"plumb101","","plumb101",0,0,0,0,0,0,0,0,0,0,0,0,0,"steib001","F","F","F","F",1,2,0,0,0,0,0,0,0,0,F,F,"1978BAL.EVA.regular.event.csv",4354
"BAL197808250","SEA",8,1,2,0,0,"",0,5,"dauer001","?","dauer001","?","toddj102","?","toddj102","?","plumb101","meyed001","cruzj002","steib001","reync001","stanl102","joner002","robel001","harll101","belam101","","43","F","F",4,2,2,"T","T",0,"F","F",1,"F","F",0,"F","F",4,"G","F","F","",0,0,"N",0,"N",0,"N",0,1,2,0,"43","","","","F","F","F","F","F","F","F","F","F","toddj102","toddj102","","F","F","F","F","F","","","","",0,3,0,0,4,0,0,0,0,73,"BAL","BAL","SEA",1,"F","T",5,0,1,37,5,"T","F",3,3,"T","T","lopec101","murre001","F","F",8,1,72,6,9,71,0,0,0,"plumb101","plumb101","",0,0,0,0,0,0,0,0,0,0,0,0,0,"cruzj002","F","F","F","F",0,1,2,0,0,0,0,0,0,0,F,F,"1978BAL.EVA.regular.event.csv",4355
"BAL197808250","SEA",9,0,0,0,0,"",0,5,"meyed001","?","meyed001","?","martd001","?","martd001","?","dempr001","murre001","dauer001","decid001","belam101","andem101","harll101","lopec101","","","","43","T","F",3,6,2,"T","T",0,"F","F",1,"F","F",0,"F","F",4,"G","F","F","",0,0,"N",0,"N",0,"N",0,0,0,0,"43","","","","F","F","F","F","F","F","F","F","F","","","","F","F","F","F","F","","","","",0,3,0,0,4,0,0,0,0,74,"BAL","SEA","BAL",0,"T","F",0,5,0,32,0,"T","F",0,0,"T","T","stanl102","steib001","T","T",0,0,0,0,0,0,0,0,0,"","","",0,0,0,0,0,0,0,0,0,0,0,0,0,"dauer001","F","F","F","F",0,0,0,0,0,0,0,0,0,0,F,F,"1978BAL.EVA.regular.event.csv",4356
"BAL197808250","SEA",9,0,1,0,0,"",0,5,"stanl102","?","stanl102","?","martd001","?","martd001","?","dempr001","murre001","dauer001","decid001","belam101","andem101","harll101","lopec101","","","","9","F","F",7,7,2,"T","T",0,"F","F",1,"F","F",0,"F","F",9,"F","F","F","",0,0,"N",0,"N",0,"N",0,0,0,0,"9","","","","F","F","F","F","F","F","F","F","F","","","","F","F","F","F","F","","","","",0,9,0,0,0,0,0,0,0,75,"BAL","SEA","BAL",0,"F","F",0,5,0,33,1,"T","F",0,0,"T","T","steib001","plumb101","T","T",0,0,0,0,0,0,0,0,0,"","","",0,0,0,0,0,0,0,0,0,0,0,0,0,"lopec101","F","F","F","F",0,0,0,0,0,0,0,0,0,0,F,F,"1978BAL.EVA.regular.event.csv",4357
"BAL197808250","SEA",9,0,2,0,0,"",0,5,"steib001","?","steib001","?","martd001","?","martd001","?","dempr001","murre001","dauer001","decid001","belam101","andem101","harll101","lopec101","","","","8/L","F","F",5,8,2,"T","T",0,"F","F",1,"F","F",0,"F","F",8,"L","F","F","",0,0,"N",0,"N",0,"N",0,0,0,0,"8","","","","F","F","F","F","F","F","F","F","F","","","","F","T","F","F","F","","","","",0,8,0,0,0,0,0,0,0,76,"BAL","SEA","BAL",0,"F","T",0,5,0,34,2,"T","F",0,0,"T","T","plumb101","cruzj002","T","T",0,0,0,0,0,0,0,0,0,"","","",0,0,0,0,0,0,0,0,0,0,0,0,0,"harll101","F","F","F","F",0,0,0,0,0,0,0,0,0,0,F,F,"1978BAL.EVA.regular.event.csv",4358
"BAL197808260","SEA",1,0,0,0,0,"",0,0,"cruzj002","?","cruzj002","?","flanm001","?","flanm001","?","dempr001","murre001","dauer001","decid001","belam101","kellp101","harll101","singk001","","","","3/G","T","F",4,1,2,"T","T",0,"F","F",1,"F","F",0,"F","F",3,"G","F","F","",0,0,"N",0,"N",0,"N",0,0,0,0,"3","","","","F","F","F","F","F","F","F","F","F","","","","T","F","F","F","F","","","","",0,3,0,0,0,0,0,0,0,1,"BAL","SEA","BAL",0,"T","F",0,0,0,0,0,"T","F",0,0,"T","T","reync001","pacit001","T","T",0,0,0,0,0,0,0,0,0,"","","",0,0,0,0,0,0,0,0,0,0,0,0,0,"murre001","F","F","F","F",0,0,0,0,0,0,0,0,0,0,F,F,"1978BAL.EVA.regular.event.csv",4359
"BAL197808260","SEA",1,0,1,0,0,"",0,0,"reync001","?","reync001","?","flanm001","?","flanm001","?","dempr001","murre001","dauer001","decid001","belam101","kellp101","harll101","singk001","","","","5/FL","F","F",6,2,2,"T","T",0,"F","F",1,"F","F",0,"F","F",5,"F","F","T","",0,0,"N",0,"N",0,"N",0,0,0,0,"5","","","","F","F","F","F","F","F","F","F","F","","","","F","F","F","F","F","","","","",0,5,0,0,0,0,0,0,0,2,"BAL","SEA","BAL",0,"F","F",0,0,0,1,1,"T","F",0,0,"T","T","pacit001","robel001","T","T",0,0,0,0,0,0,0,0,0,"","","",0,0,0,0,0,0,0,0,0,0,0,0,0,"decid001","F","F","F","F",0,0,0,0,0,0,0,0,0,0,F,F,"1978BAL.EVA.regular.event.csv",4360
"BAL197808260","SEA",1,0,2,0,0,"",0,0,"pacit001","?","pacit001","?","flanm001","?","flanm001","?","dempr001","murre001","dauer001","decid001","belam101","kellp101","harll101","singk001","","","","53","F","F",10,3,2,"T","T",0,"F","F",1,"F","F",0,"F","F",5,"G","F","F","",0,0,"N",0,"N",0,"N",0,0,0,0,"53","","","","F","F","F","F","F","F","F","F","F","","","","F","F","F","F","F","","","","",0,3,0,0,5,0,0,0,0,3,"BAL","SEA","BAL",0,"F","T",0,0,0,2,2,"T","F",0,0,"T","T","robel001","robeb101","T","T",0,0,0,0,0,0,0,0,0,"","","",0,0,0,0,0,0,0,0,0,0,0,0,0,"decid001","F","F","F","F",0,0,0,0,0,0,0,0,0,0,F,F,"1978BAL.EVA.regular.event.csv",4361
"BAL197808260","SEA",1,1,0,0,0,"",0,0,"harll101","?","harll101","?","colbj101","?","colbj101","?","plumb101","robeb101","cruzj002","steib001","reync001","stanl102","joner002","robel001","","","","E4","T","F",8,1,18,"T","T",0,"F","F",0,"F","F",0,"F","F",4,"G","F","F","",1,4,"F",0,"N",0,"N",1,0,0,0,"","","","","F","F","F","F","F","F","F","F","F","","","","F","F","F","F","F","","","","",0,0,0,0,0,0,0,0,0,4,"BAL","BAL","SEA",1,"T","F",0,0,0,0,0,"T","F",0,1,"T","T","kellp101","singk001","T","T",0,0,0,0,0,0,0,0,0,"","","",0,0,0,0,0,0,0,0,0,0,0,0,0,"cruzj002","F","F","F","T",5,0,0,0,2,0,0,0,0,0,F,F,"1978BAL.EVA.regular.event.csv",4362
"BAL197808260","SEA",1,1,0,0,0,"",0,0,"kellp101","?","kellp101","?","colbj101","?","colbj101","?","plumb101","robeb101","cruzj002","steib001","reync001","stanl102","joner002","robel001","harll101","","","S9.1-3;B-2(E9)","F","F",7,2,20,"T","T",1,"F","F",0,"F","F",0,"F","F",9,"","F","F","",1,9,"F",0,"N",0,"N",2,3,0,0,"","","","","F","F","F","F","F","F","F","F","F","colbj101","","","F","F","F","F","F","","","","",0,0,0,0,0,0,0,0,0,5,"BAL","BAL","SEA",1,"F","F",0,0,0,1,1,"T","F",1,6,"T","T","singk001","murre001","T","T",8,1,4,0,0,0,0,0,0,"plumb101","","",0,0,0,0,0,0,0,0,0,0,0,0,0,"robel001","F","F","F","F",5,5,0,0,2,0,0,0,0,0,F,F,"1978BAL.EVA.regular.event.csv",4363
"BAL197808260","SEA",1,1,0,0,0,"",0,0,"singk001","?","singk001","?","colbj101","?","colbj101","?","plumb101","robeb101","cruzj002","steib001","reync001","stanl102","joner002","robel001","","kellp101","harll101","6","F","F",9,3,2,"T","T",0,"F","F",1,"F","F",0,"F","F",6,"F","F","F","",0,0,"N",0,"N",0,"N",0,0,2,3,"6","","","","F","F","F","F","F","F","F","F","F","","colbj101","colbj101","F","F","F","F","F","","","","",0,6,0,0,0,0,0,0,0,6,"BAL","BAL","SEA",1,"F","F",0,0,0,2,2,"T","F",6,6,"T","T","murre001","decid001","T","T",0,0,0,7,2,5,8,1,4,"","plumb101","plumb101",0,0,0,0,0,0,0,0,0,0,0,0,0,"reync001","F","F","F","F",0,0,5,5,2,0,0,0,0,0,F,F,"1978BAL.EVA.regular.event.csv",4364
"BAL197808260","SEA",1,1,1,0,0,"",0,0,"murre001","?","murre001","?","colbj101","?","colbj101","?","plumb101","robeb101","cruzj002","steib001","reync001","stanl102","joner002","robel001","","kellp101","harll101","WP.3-H(UR);2-3","F","F",3,4,9,"F","F",0,"F","F",0,"F","F",0,"T","F",0,"","F","F","",0,0,"N",0,"N",0,"N",0,0,3,5,"","","","","F","F","F","F","F","F","F","F","F","","colbj101","colbj101","F","F","F","F","F","","","","",0,0,0,0,0,0,0,0,0,7,"BAL","BAL","SEA",1,"F","F",0,0,0,3,3,"T","F",6,4,"T","T","decid001","may-l101","T","T",0,0,0,7,2,5,8,1,4,"","plumb101","plumb101",0,0,0,0,0,0,0,0,0,0,0,0,1,"","F","F","F","F",0,0,5,5,1,0,0,0,0,0,F,F,"1978BAL.EVA.regular.event.csv",4365
"BAL197808260","SEA",1,1,1,0,0,"",0,1,"murre001","?","murre001","?","colbj101","?","colbj101","?","plumb101","robeb101","cruzj002","steib001","reync001","stanl102","joner002","robel001","","","kellp101","W","F","F",3,4,14,"T","F",0,"F","F",0,"F","F",0,"F","F",0,"","F","F","",0,0,"N",0,"N",0,"N",1,0,0,3,"","","","","F","F","F","F","F","F","F","F","F","","","colbj101","F","F","F","F","F","","","","",0,0,0,0,0,0,0,0,0,8,"BAL","BAL","SEA",1,"F","F",1,0,1,3,3,"F","F",4,5,"T","T","decid001","may-l101","T","T",0,0,0,0,0,0,7,2,5,"","","plumb101",0,0,0,0,0,0,0,0,0,0,0,0,0,"","F","F","F","F",0,0,0,5,1,0,0,0,0,0,F,F,"1978BAL.EVA.regular.event.csv",4366
"BAL197808260","SEA",1,1,1,0,0,"",0,1,"decid001","?","decid001","?","colbj101","?","colbj101","?","plumb101","robeb101","cruzj002","steib001","reync001","stanl102","joner002","robel001","murre001","","kellp101","3/G.3-H(UR);1-2","F","F",5,5,2,"T","T",0,"F","F",1,"F","F",1,"F","F",3,"G","F","F","",0,0,"N",0,"N",0,"N",0,2,0,5,"3","","","","F","F","F","F","F","F","F","F","F","colbj101","","colbj101","F","F","F","F","F","","","","",0,3,0,0,0,0,0,0,0,9,"BAL","BAL","SEA",1,"F","F",1,0,1,4,4,"T","F",5,2,"T","T","may-l101","dempr001","T","T",3,4,8,0,0,0,7,2,5,"plumb101","","plumb101",0,0,0,0,0,0,0,0,0,0,0,0,1,"robeb101","F","F","F","F",0,0,0,5,0,0,0,0,0,0,F,F,"1978BAL.EVA.regular.event.csv",4367
"BAL197808260","SEA",1,1,2,0,0,"",0,2,"may-l101","?","may-l101","?","colbj101","?","colbj101","?","plumb101","robeb101","cruzj002","steib001","reync001","stanl102","joner002","robel001","","murre001","","13","F","F",10,6,2,"T","T",0,"F","F",1,"F","F",0,"F","F",1,"G","F","F","",0,0,"N",0,"N",0,"N",0,0,2,0,"13","","","","F","F","F","F","F","F","F","F","F","","colbj101","","F","F","F","F","F","","","","",0,3,0,0,1,0,0,0,0,10,"BAL","BAL","SEA",1,"F","T",2,0,2,5,5,"T","F",2,2,"T","T","dempr001","dauer001","T","T",0,0,0,3,4,8,0,0,0,"","plumb101","",0,0,0,0,0,0,0,0,0,0,0,0,0,"colbj101","F","F","F","F",0,0,0,0,0,0,0,0,0,0,F,F,"1978BAL.EVA.regular.event.csv",4368
"BAL197808260","SEA",2,0,0,0,0,"",0,2,"robel001","?","robel001","?","flanm001","?","flanm001","?","dempr001","murre001","dauer001","decid001","belam101","kellp101","harll101","singk001","","","","W","T","F",9,4,14,"T","F",0,"F","F",0,"F","F",0,"F","F",0,"","F","F","",0,0,"N",0,"N",0,"N",1,0,0,0,"","","","","F","F","F","F","F","F","F","F","F","","","","F","F","F","F","F","","","","",0,0,0,0,0,0,0,0,0,11,"BAL","SEA","BAL",0,"T","F",0,2,0,3,0,"T","F",0,1,"T","T","robeb101","joner002","T","T",0,0,0,0,0,0,0,0,0,"","","",0,0,0,0,0,0,0,0,0,0,0,0,0,"","F","F","F","F",0,0,0,0,0,0,0,0,0,0,F,F,"1978BAL.EVA.regular.event.csv",4369
"BAL197808260","SEA",2,0,0,0,0,"",0,2,"robeb101","?","robeb101","?","flanm001","?","flanm001","?","dempr001","murre001","dauer001","decid001","belam101","kellp101","harll101","singk001","robel001","","","K","F","F",3,5,3,"T","T",0,"F","F",1,"F","F",0,"F","F",0,"","F","F","",0,0,"N",0,"N",0,"N",0,1,0,0,"2","","","","F","F","F","F","F","F","F","F","F","flanm001","","","F","F","F","F","F","","","","",0,2,0,0,0,0,0,0,0,12,"BAL","SEA","BAL",0,"F","F",0,2,0,4,1,"T","F",1,1,"T","T","joner002","stanl102","T","T",9,4,11,0,0,0,0,0,0,"dempr001","","",0,0,0,0,0,0,0,0,0,0,0,0,0,"","F","F","F","F",0,0,0,0,0,0,0,0,0,0,F,F,"1978BAL.EVA.regular.event.csv",4370
"BAL197808260","SEA",2,0,1,0,0,"",0,2,"joner002","?","joner002","?","flanm001","?","flanm001","?","dempr001","murre001","dauer001","decid001","belam101","kellp101","harll101","singk001","robel001","","","3/G.1-2","F","F",8,6,2,"T","T",0,"F","F",1,"F","F",0,"F","F",3,"G","F","F","",0,0,"N",0,"N",0,"N",0,2,0,0,"3","","","","F","F","F","F","F","F","F","F","F","flanm001","","","F","F","F","F","F","","","","",0,3,0,0,0,0,0,0,0,13,"BAL","SEA","BAL",0,"F","F",0,2,0,5,2,"T","F",1,2,"T","T","stanl102","steib001","T","T",9,4,11,0,0,0,0,0,0,"dempr001","","",0,0,0,0,0,0,0,0,0,0,0,0,0,"murre001","F","F","F","F",0,0,0,0,0,0,0,0,0,0,F,F,"1978BAL.EVA.regular.event.csv",4371
"BAL197808260","SEA",2,0,2,0,0,"",0,2,"stanl102","?","stanl102","?","flanm001","?","flanm001","?","dempr001","murre001","dauer001","decid001","belam101","kellp101","harll101","singk001","","robel001","","63","F","F",7,7,2,"T","T",0,"F","F",1,"F","F",0,"F","F",6,"G","F","F","",0,0,"N",0,"N",0,"N",0,0,2,0,"63","","","","F","F","F","F","F","F","F","F","F","","flanm001","","F","F","F","F","F","","","","",0,3,0,0,6,0,0,0,0,14,"BAL","SEA","BAL",0,"F","T",0,2,0,6,3,"T","F",2,2,"T","T","steib001","plumb101","T","T",0,0,0,9,4,11,0,0,0,"","dempr001","",0,0,0,0,0,0,0,0,0,0,0,0,0,"belam101","F","F","F","F",0,0,0,0,0,0,0,0,0,0,F,F,"1978BAL.EVA.regular.event.csv",4372
"BAL197808260","SEA",2,1,0,0,0,"",0,2,"dempr001","?","dempr001","?","colbj101","?","colbj101","?","plumb101","robeb101","cruzj002","steib001","reync001","stanl102","joner002","robel001","","","","S7","T","F",2,7,20,"T","T",1,"F","F",0,"F","F",0,"F","F",7,"","F","F","",0,0,"N",0,"N",0,"N",1,0,0,0,"","","","","F","F","F","F","F","F","F","F","F","","","","F","F","F","F","F","","","","",0,0,0,0,0,0,0,0,0,15,"BAL","BAL","SEA",1,"T","F",2,0,0,6,0,"T","F",0,1,"T","T","dauer001","belam101","T","T",0,0,0,0,0,0,0,0,0,"","","",0,0,0,0,0,0,0,0,0,0,0,0,0,"stanl102","F","F","F","F",4,0,0,0,3,0,0,0,0,0,F,F,"1978BAL.EVA.regular.event.csv",4373
"BAL197808260","SEA",2,1,0,0,0,"",0,2,"dauer001","?","dauer001","?","colbj101","?","colbj101","?","plumb101","robeb101","cruzj002","steib001","reync001","stanl102","joner002","robel001","dempr001","","","D8.1-H","F","F",4,8,21,"T","T",2,"F","F",0,"F","F",1,"F","F",8,"","F","F","",0,0,"N",0,"N",0,"N",2,4,0,0,"","","","","F","F","F","F","F","F","F","F","F","colbj101","","","F","F","F","F","F","","","","",0,0,0,0,0,0,0,0,0,16,"BAL","BAL","SEA",1,"F","F",2,0,0,7,1,"T","F",1,2,"T","T","belam101","harll101","T","T",2,7,15,0,0,0,0,0,0,"plumb101","","",0,0,0,0,0,0,0,0,0,0,0,0,1,"joner002","F","F","F","F",4,4,0,0,2,0,0,0,0,0,F,F,"1978BAL.EVA.regular.event.csv",4374
"BAL197808260","SEA",2,1,0,0,0,"",0,3,"belam101","?","belam101","?","colbj101","?","colbj101","?","plumb101","robeb101","cruzj002","steib001","reync001","stanl102","joner002","robel001","","dauer001","","S/BG.2-3","F","F",6,9,20,"T","T",1,"F","F",0,"F","F",0,"F","F",0,"G","T","F","",0,0,"N",0,"N",0,"N",1,0,3,0,"","","","","F","F","F","F","F","F","F","F","F","","colbj101","","F","F","F","F","F","","","","",0,0,0,0,0,0,0,0,0,17,"BAL","BAL","SEA",1,"F","F",3,0,1,8,2,"T","F",2,5,"T","T","harll101","kellp101","T","T",0,0,0,4,8,16,0,0,0,"","plumb101","",0,0,0,0,0,0,0,0,0,0,0,0,0,"","F","F","F","F",4,0,4,0,2,0,0,0,0,0,F,F,"1978BAL.EVA.regular.event.csv",4375
"BAL197808260","SEA",2,1,0,0,0,"",0,3,"harll101","?","harll101","?","colbj101","?","colbj101","?","plumb101","robeb101","cruzj002","steib001","reync001","stanl102","joner002","robel001","belam101","","dauer001","S9.3-H;1-2","F","F",8,1,20,"T","T",1,"F","F",0,"F","F",1,"F","F",9,"","F","F","",0,0,"N",0,"N",0,"N",1,2,0,4,"","","","","F","F","F","F","F","F","F","F","F","colbj101","","colbj101","F","F","F","F","F","","","","",0,0,0,0,0,0,0,0,0,18,"BAL","BAL","SEA",1,"F","F",3,0,1,9,3,"T","F",5,3,"T","T","kellp101","singk001","T","T",6,9,17,0,0,0,4,8,16,"plumb101","","plumb101",0,0,0,0,0,0,0,0,0,0,0,0,1,"robel001","F","F","F","F",0,4,0,4,1,0,0,0,0,0,F,F,"1978BAL.EVA.regular.event.csv",4376
"BAL197808260","SEA",2,1,0,0,0,"",0,4,"kellp101","?","kellp101","?","colbj101","?","colbj101","?","plumb101","robeb101","cruzj002","steib001","reync001","stanl102","joner002","robel001","harll101","belam101","","SB3","F","F",7,2,4,"F","F",0,"F","F",0,"F","F",0,"F","F",0,"","F","F","",0,0,"N",0,"N",0,"N",0,1,3,0,"","","","","F","T","F","F","F","F","F","F","F","colbj101","colbj101","","F","F","F","F","F","","","","",0,0,0,0,0,0,0,0,0,19,"BAL","BAL","SEA",1,"F","F",4,0,2,10,4,"T","F",3,5,"T","T","singk001","murre001","T","T",8,1,18,6,9,17,0,0,0,"plumb101","plumb101","",0,0,0,0,0,0,0,0,0,0,0,0,0,"","F","F","F","F",0,0,4,0,1,0,0,0,0,0,F,F,"1978BAL.EVA.regular.event.csv",4377
"BAL197808260","SEA",2,1,0,0,0,"",0,4,"kellp101","?","kellp101","?","rawls001","?","rawls001","?","plumb101","robeb101","cruzj002","steib001","reync001","stanl102","joner002","robel001","harll101","","belam101","K/C","F","F",7,2,3,"T","T",0,"F","F",1,"F","F",0,"F","F",0,"","F","F","",0,0,"N",0,"N",0,"N",0,1,0,3,"2","","","","F","F","F","F","F","F","F","F","F","colbj101","","colbj101","F","F","F","F","F","","","","",0,2,0,0,0,0,0,0,0,20,"BAL","BAL","SEA",1,"F","F",4,0,2,10,4,"F","F",5,5,"T","T","singk001","murre001","F","F",8,1,18,0,0,0,6,9,17,"plumb101","","plumb101",0,0,0,0,0,0,0,0,0,0,0,0,0,"","F","F","F","F",0,0,0,4,1,0,0,0,0,0,F,F,"1978BAL.EVA.regular.event.csv",4378
"BAL197808260","SEA",2,1,1,0,0,"",0,4,"singk001","?","singk001","?","rawls001","?","rawls001","?","plumb101","robeb101","cruzj002","steib001","reync001","stanl102","joner002","robel001","harll101","","belam101","53.3-H;1-2","F","F",9,3,2,"T","T",0,"F","F",1,"F","F",1,"F","F",5,"G","F","F","",0,0,"N",0,"N",0,"N",0,2,0,4,"53","","","","F","F","F","F","F","F","F","F","F","colbj101","","colbj101","F","F","F","F","F","","","","",0,3,0,0,5,0,0,0,0,21,"BAL","BAL","SEA",1,"F","F",4,0,2,11,5,"T","F",5,2,"T","T","murre001","decid001","F","F",8,1,18,0,0,0,6,9,17,"plumb101","","plumb101",0,0,0,0,0,0,0,0,0,0,0,0,1,"steib001","F","F","F","F",0,0,0,4,0,0,0,0,0,0,F,F,"1978BAL.EVA.regular.event.csv",4379
"BAL197808260","SEA",2,1,2,0,0,"",0,5,"murre001","?","murre001","?","rawls001","?","rawls001","?","plumb101","robeb101","cruzj002","steib001","reync001","stanl102","joner002","robel001","","harll101","","K","F","F",3,4,3,"T","T",0,"F","F",1,"F","F",0,"F","F",0,"","F","F","",0,0,"N",0,"N",0,"N",0,0,2,0,"2","","","","F","F","F","F","F","F","F","F","F","","colbj101","","F","F","F","F","F","","","","",0,2,0,0,0,0,0,0,0,22,"BAL","BAL","SEA",1,"F","T",5,0,3,12,6,"T","F",2,2,"T","T","decid001","may-l101","F","F",0,0,0,8,1,18,0,0,0,"","plumb101","",0,0,0,0,0,0,0,0,0,0,0,0,0,"","F","F","F","F",0,0,0,0,0,0,0,0,0,0,F,F,"1978BAL.EVA.regular.event.csv",4380
"BAL197808260","SEA",3,0,0,0,0,"",0,5,"steib001","?","steib001","?","flanm001","?","flanm001","?","dempr001","murre001","dauer001","decid001","belam101","kellp101","harll101","singk001","","","","S8","T","F",5,8,20,"T","T",1,"F","F",0,"F","F",0,"F","F",8,"","F","F","",0,0,"N",0,"N",0,"N",1,0,0,0,"","","","","F","F","F","F","F","F","F","F","F","","","","F","F","F","F","F","","","","",0,0,0,0,0,0,0,0,0,23,"BAL","SEA","BAL",0,"T","F",0,5,0,7,0,"T","F",0,1,"T","T","plumb101","cruzj002","T","T",0,0,0,0,0,0,0,0,0,"","","",0,0,0,0,0,0,0,0,0,0,0,0,0,"harll101","F","F","F","F",0,0,0,0,0,0,0,0,0,0,F,F,"1978BAL.EVA.regular.event.csv",4381
"BAL197808260","SEA",3,0,0,0,0,"",0,5,"plumb101","?","plumb101","?","flanm001","?","flanm001","?","dempr001","murre001","dauer001","decid001","belam101","kellp101","harll101","singk001","steib001","","","64(1)3/GDP","F","F",2,9,2,"T","T",0,"F","F",2,"T","F",0,"F","F",6,"G","F","F","",0,0,"N",0,"N",0,"N",0,0,0,0,"43","64","","","F","F","F","F","F","F","F","F","F","flanm001","","","F","F","F","F","F","","","","",0,4,3,0,6,4,0,0,0,24,"BAL","SEA","BAL",0,"F","F",0,5,0,8,1,"T","F",1,0,"T","T","cruzj002","reync001","T","T",5,8,23,0,0,0,0,0,0,"dempr001","","",0,0,0,0,0,0,0,0,0,0,0,0,0,"belam101","T","F","F","F",0,0,0,0,0,0,0,0,0,0,F,F,"1978BAL.EVA.regular.event.csv",4382
"BAL197808260","SEA",3,0,2,0,0,"",0,5,"cruzj002","?","cruzj002","?","flanm001","?","flanm001","?","dempr001","murre001","dauer001","decid001","belam101","kellp101","harll101","singk001","","","","S7","F","F",4,1,20,"T","T",1,"F","F",0,"F","F",0,"F","F",7,"","F","F","",0,0,"N",0,"N",0,"N",1,0,0,0,"","","","","F","F","F","F","F","F","F","F","F","","","","F","F","F","F","F","","","","",0,0,0,0,0,0,0,0,0,25,"BAL","SEA","BAL",0,"F","F",0,5,0,9,2,"T","F",0,1,"T","T","reync001","pacit001","T","T",0,0,0,0,0,0,0,0,0,"","","",0,0,0,0,0,0,0,0,0,0,0,0,0,"kellp101","F","F","F","F",0,0,0,0,0,0,0,0,0,0,F,F,"1978BAL.EVA.regular.event.csv",4383
"BAL197808260","SEA",3,0,2,0,0,"",0,5,"reync001","?","reync001","?","flanm001","?","flanm001","?","dempr001","murre001","dauer001","decid001","belam101","kellp101","harll101","singk001","cruzj002","","","SB2","F","F",6,2,4,"F","F",0,"F","F",0,"F","F",0,"F","F",0,"","F","F","",0,0,"N",0,"N",0,"N",0,2,0,0,"","","","","T","F","F","F","F","F","F","F","F","flanm001","","","F","F","F","F","F","","","","",0,0,0,0,0,0,0,0,0,26,"BAL","SEA","BAL",0,"F","F",0,5,0,10,3,"T","F",1,2,"T","T","pacit001","robel001","T","T",4,1,25,0,0,0,0,0,0,"dempr001","","",0,0,0,0,0,0,0,0,0,0,0,0,0,"","F","F","F","F",0,0,0,0,0,0,0,0,0,0,F,F,"1978BAL.EVA.regular.event.csv",4384
"BAL197808260","SEA",3,0,2,0,0,"",0,5,"reync001","?","reync001","?","flanm001","?","flanm001","?","dempr001","murre001","dauer001","decid001","belam101","kellp101","harll101","singk001","","cruzj002","","5/FL","F","F",6,2,2,"T","T",0,"F","F",1,"F","F",0,"F","F",5,"F","F","T","",0,0,"N",0,"N",0,"N",0,0,2,0,"5","","","","F","F","F","F","F","F","F","F","F","","flanm001","","F","F","F","F","F","","","","",0,5,0,0,0,0,0,0,0,27,"BAL","SEA","BAL",0,"F","T",0,5,0,10,3,"F","F",2,2,"T","T","pacit001","robel001","T","T",0,0,0,4,1,25,0,0,0,"","dempr001","",0,0,0,0,0,0,0,0,0,0,0,0,0,"decid001","F","F","F","F",0,0,0,0,0,0,0,0,0,0,F,F,"1978BAL.EVA.regular.event.csv",4385
"BAL197808260","SEA",3,1,0,0,0,"",0,5,"decid001","?","decid001","?","rawls001","?","rawls001","?","plumb101","robeb101","cruzj002","steib001","reync001","stanl102","joner002","robel001","","","","4","T","F",5,5,2,"T","T",0,"F","F",1,"F","F",0,"F","F",4,"F","F","F","",0,0,"N",0,"N",0,"N",0,0,0,0,"4","","","","F","F","F","F","F","F","F","F","F","","","","F","F","F","F","F","","","","",0,4,0,0,0,0,0,0,0,28,"BAL","BAL","SEA",1,"T","F",5,0,0,13,0,"T","F",0,0,"T","T","may-l101","dempr001","F","F",0,0,0,0,0,0,0,0,0,"","","",0,0,0,0,0,0,0,0,0,0,0,0,0,"cruzj002","F","F","F","F",0,0,0,0,0,0,0,0,0,0,F,F,"1978BAL.EVA.regular.event.csv",4386
"BAL197808260","SEA",3,1,1,0,0,"",0,5,"may-l101","?","may-l101","?","rawls001","?","rawls001","?","plumb101","robeb101","cruzj002","steib001","reync001","stanl102","joner002","robel001","","","","63","F","F",10,6,2,"T","T",0,"F","F",1,"F","F",0,"F","F",6,"G","F","F","",0,0,"N",0,"N",0,"N",0,0,0,0,"63","","","","F","F","F","F","F","F","F","F","F","","","","F","F","F","F","F","","","","",0,3,0,0,6,0,0,0,0,29,"BAL","BAL","SEA",1,"F","F",5,0,0,14,1,"T","F",0,0,"T","T","dempr001","dauer001","F","F",0,0,0,0,0,0,0,0,0,"","","",0,0,0,0,0,0,0,0,0,0,0,0,0,"reync001","F","F","F","F",0,0,0,0,0,0,0,0,0,0,F,F,"1978BAL.EVA.regular.event.csv",4387
"BAL197808260","SEA",3,1,2,0,0,"",0,5,"dempr001","?","dempr001","?","rawls001","?","rawls001","?","plumb101","robeb101","cruzj002","steib001","reync001","stanl102","joner002","robel001","","","","W","F","F",2,7,14,"T","F",0,"F","F",0,"F","F",0,"F","F",0,"","F","F","",0,0,"N",0,"N",0,"N",1,0,0,0,"","","","","F","F","F","F","F","F","F","F","F","","","","F","F","F","F","F","","","","",0,0,0,0,0,0,0,0,0,30,"BAL","BAL","SEA",1,"F","F",5,0,0,15,2,"T","F",0,1,"T","T","dauer001","belam101","F","F",0,0,0,0,0,0,0,0,0,"","","",0,0,0,0,0,0,0,0,0,0,0,0,0,"","F","F","F","F",0,0,0,0,0,0,0,0,0,0,F,F,"1978BAL.EVA.regular.event.csv",4388
"BAL197808260","SEA",3,1,2,0,0,"",0,5,"dauer001","?","dauer001","?","rawls001","?","rawls001","?","plumb101","robeb101","cruzj002","steib001","reync001","stanl102","joner002","robel001","dempr001","","","54(1)/FO","F","F",4,8,2,"T","T",0,"F","F",1,"F","F",0,"F","F",5,"G","F","F","",0,0,"N",0,"N",0,"N",1,0,0,0,"","54","","","F","F","F","F","F","F","F","F","F","rawls001","","","F","F","F","F","F","","","","",0,4,0,0,5,0,0,0,0,31,"BAL","BAL","SEA",1,"F","T",5,0,0,16,3,"T","F",1,1,"T","T","belam101","harll101","F","F",2,7,30,0,0,0,0,0,0,"plumb101","","",0,0,0,0,0,0,0,0,0,0,0,0,0,"steib001","T","F","F","F",0,0,0,0,0,0,0,0,0,0,F,F,"1978BAL.EVA.regular.event.csv",4389
"BAL197808260","SEA",4,0,0,0,0,"",0,5,"pacit001","?","pacit001","?","flanm001","?","flanm001","?","dempr001","murre001","dauer001","decid001","belam101","kellp101","harll101","singk001","","","","8","T","F",10,3,2,"T","T",0,"F","F",1,"F","F",0,"F","F",8,"F","F","F","",0,0,"N",0,"N",0,"N",0,0,0,0,"8","","","","F","F","F","F","F","F","F","F","F","","","","F","F","F","F","F","","","","",0,8,0,0,0,0,0,0,0,32,"BAL","SEA","BAL",0,"T","F",0,5,0,11,0,"T","F",0,0,"T","T","robel001","robeb101","T","T",0,0,0,0,0,0,0,0,0,"","","",0,0,0,0,0,0,0,0,0,0,0,0,0,"harll101","F","F","F","F",0,0,0,0,0,0,0,0,0,0,F,F,"1978BAL.EVA.regular.event.csv",4390
"BAL197808260","SEA",4,0,1,0,0,"",0,5,"robel001","?","robel001","?","flanm001","?","flanm001","?","dempr001","murre001","dauer001","decid001","belam101","kellp101","harll101","singk001","","","","13","F","F",9,4,2,"T","T",0,"F","F",1,"F","F",0,"F","F",1,"G","F","F","",0,0,"N",0,"N",0,"N",0,0,0,0,"13","","","","F","F","F","F","F","F","F","F","F","","","","F","F","F","F","F","","","","",0,3,0,0,1,0,0,0,0,33,"BAL","SEA","BAL",0,"F","F",0,5,0,12,1,"T","F",0,0,"T","T","robeb101","joner002","T","T",0,0,0,0,0,0,0,0,0,"","","",0,0,0,0,0,0,0,0,0,0,0,0,0,"flanm001","F","F","F","F",0,0,0,0,0,0,0,0,0,0,F,F,"1978BAL.EVA.regular.event.csv",4391
"BAL197808260","SEA",4,0,2,0,0,"",0,5,"robeb101","?","robeb101","?","flanm001","?","flanm001","?","dempr001","murre001","dauer001","decid001","belam101","kellp101","harll101","singk001","","","","53","F","F",3,5,2,"T","T",0,"F","F",1,"F","F",0,"F","F",5,"G","F","F","",0,0,"N",0,"N",0,"N",0,0,0,0,"53","","","","F","F","F","F","F","F","F","F","F","","","","F","F","F","F","F","","","","",0,3,0,0,5,0,0,0,0,34,"BAL","SEA","BAL",0,"F","T",0,5,0,13,2,"T","F",0,0,"T","T","joner002","stanl102","T","T",0,0,0,0,0,0,0,0,0,"","","",0,0,0,0,0,0,0,0,0,0,0,0,0,"decid001","F","F","F","F",0,0,0,0,0,0,0,0,0,0,F,F,"1978BAL.EVA.regular.event.csv",4392
"BAL197808260","SEA",4,1,0,0,0,"",0,5,"belam101","?","belam101","?","rawls001","?","rawls001","?","plumb101","robeb101","cruzj002","steib001","reync001","stanl102","joner002","robel001","","","","43","T","F",6,9,2,"T","T",0,"F","F",1,"F","F",0,"F","F",4,"G","F","F","",0,0,"N",0,"N",0,"N",0,0,0,0,"43","","","","F","F","F","F","F","F","F","F","F","","","","F","F","F","F","F","","","","",0,3,0,0,4,0,0,0,0,35,"BAL","BAL","SEA",1,"T","F",5,0,0,17,0,"T","F",0,0,"T","T","harll101","kellp101","F","F",0,0,0,0,0,0,0,0,0,"","","",0,0,0,0,0,0,0,0,0,0,0,0,0,"cruzj002","F","F","F","F",0,0,0,0,0,0,0,0,0,0,F,F,"1978BAL.EVA.regular.event.csv",4393
"BAL197808260","SEA",4,1,1,0,0,"",0,5,"harll101","?","harll101","?","rawls001","?","rawls001","?","plumb101","robeb101","cruzj002","steib001","reync001","stanl102","joner002","robel001","","","","23","F","F",8,1,2,"T","T",0,"F","F",1,"F","F",0,"F","F",2,"G","F","F","",0,0,"N",0,"N",0,"N",0,0,0,0,"23","","","","F","F","F","F","F","F","F","F","F","","","","F","F","F","F","F","","","","",0,3,0,0,2,0,0,0,0,36,"BAL","BAL","SEA",1,"F","F",5,0,0,18,1,"T","F",0,0,"T","T","kellp101","singk001","F","F",0,0,0,0,0,0,0,0,0,"","","",0,0,0,0,0,0,0,0,0,0,0,0,0,"plumb101","F","F","F","F",0,0,0,0,0,0,0,0,0,0,F,F,"1978BAL.EVA.regular.event.csv",4394
"BAL197808260","SEA",4,1,2,0,0,"",0,5,"kellp101","?","kellp101","?","rawls001","?","rawls001","?","plumb101","robeb101","cruzj002","steib001","reync001","stanl102","joner002","robel001","","","","43","F","F",7,2,2,"T","T",0,"F","F",1,"F","F",0,"F","F",4,"G","F","F","",0,0,"N",0,"N",0,"N",0,0,0,0,"43","","","","F","F","F","F","F","F","F","F","F","","","","F","F","F","F","F","","","","",0,3,0,0,4,0,0,0,0,37,"BAL","BAL","SEA",1,"F","T",5,0,0,19,2,"T","F",0,0,"T","T","singk001","murre001","F","F",0,0,0,0,0,0,0,0,0,"","","",0,0,0,0,0,0,0,0,0,0,0,0,0,"cruzj002","F","F","F","F",0,0,0,0,0,0,0,0,0,0,F,F,"1978BAL.EVA.regular.event.csv",4395
"BAL197808260","SEA",5,0,0,0,0,"",0,5,"joner002","?","joner002","?","flanm001","?","flanm001","?","dempr001","murre001","dauer001","decid001","belam101","kellp101","harll101","singk001","","","","5","T","F",8,6,2,"T","T",0,"F","F",1,"F","F",0,"F","F",5,"F","F","F","",0,0,"N",0,"N",0,"N",0,0,0,0,"5","","","","F","F","F","F","F","F","F","F","F","","","","F","F","F","F","F","","","","",0,5,0,0,0,0,0,0,0,38,"BAL","SEA","BAL",0,"T","F",0,5,0,14,0,"T","F",0,0,"T","T","stanl102","steib001","T","T",0,0,0,0,0,0,0,0,0,"","","",0,0,0,0,0,0,0,0,0,0,0,0,0,"decid001","F","F","F","F",0,0,0,0,0,0,0,0,0,0,F,F,"1978BAL.EVA.regular.event.csv",4396
"BAL197808260","SEA",5,0,1,0,0,"",0,5,"stanl102","?","stanl102","?","flanm001","?","flanm001","?","dempr001","murre001","dauer001","decid001","belam101","kellp101","harll101","singk001","","","","K/C","F","F",7,7,3,"T","T",0,"F","F",1,"F","F",0,"F","F",0,"","F","F","",0,0,"N",0,"N",0,"N",0,0,0,0,"2","","","","F","F","F","F","F","F","F","F","F","","","","F","F","F","F","F","","","","",0,2,0,0,0,0,0,0,0,39,"BAL","SEA","BAL",0,"F","F",0,5,0,15,1,"T","F",0,0,"T","T","steib001","plumb101","T","T",0,0,0,0,0,0,0,0,0,"","","",0,0,0,0,0,0,0,0,0,0,0,0,0,"","F","F","F","F",0,0,0,0,0,0,0,0,0,0,F,F,"1978BAL.EVA.regular.event.csv",4397
"BAL197808260","SEA",5,0,2,0,0,"",0,5,"steib001","?","steib001","?","flanm001","?","flanm001","?","dempr001","murre001","dauer001","decid001","belam101","kellp101","harll101","singk001","","","","D9","F","F",5,8,21,"T","T",2,"F","F",0,"F","F",0,"F","F",9,"","F","F","",0,0,"N",0,"N",0,"N",2,0,0,0,"","","","","F","F","F","F","F","F","F","F","F","","","","F","F","F","F","F","","","","",0,0,0,0,0,0,0,0,0,40,"BAL","SEA","BAL",0,"F","F",0,5,0,16,2,"T","F",0,2,"T","T","plumb101","cruzj002","T","T",0,0,0,0,0,0,0,0,0,"","","",0,0,0,0,0,0,0,0,0,0,0,0,0,"singk001","F","F","F","F",0,0,0,0,0,0,0,0,0,0,F,F,"1978BAL.EVA.regular.event.csv",4398
"BAL197808260","SEA",5,0,2,0,0,"",0,5,"plumb101","?","plumb101","?","flanm001","?","flanm001","?","dempr001","murre001","dauer001","decid001","belam101","kellp101","harll101","singk001","","steib001","","6/L","F","F",2,9,2,"T","T",0,"F","F",1,"F","F",0,"F","F",6,"L","F","F","",0,0,"N",0,"N",0,"N",0,0,2,0,"6","","","","F","F","F","F","F","F","F","F","F","","flanm001","","F","F","F","F","F","","","","",0,6,0,0,0,0,0,0,0,41,"BAL","SEA","BAL",0,"F","T",0,5,0,17,3,"T","F",2,2,"T","T","cruzj002","reync001","T","T",0,0,0,5,8,40,0,0,0,"","dempr001","",0,0,0,0,0,0,0,0,0,0,0,0,0,"belam101","F","F","F","F",0,0,0,0,0,0,0,0,0,0,F,F,"1978BAL.EVA.regular.event.csv",4399
"BAL197808260","SEA",5,1,0,0,0,"",0,5,"singk001","?","singk001","?","rawls001","?","rawls001","?","plumb101","robeb101","cruzj002","steib001","reync001","stanl102","joner002","robel001","","","","63","T","F",9,3,2,"T","T",0,"F","F",1,"F","F",0,"F","F",6,"G","F","F","",0,0,"N",0,"N",0,"N",0,0,0,0,"63","","","","F","F","F","F","F","F","F","F","F","","","","F","F","F","F","F","","","","",0,3,0,0,6,0,0,0,0,42,"BAL","BAL","SEA",1,"T","F",5,0,0,20,0,"T","F",0,0,"T","T","murre001","decid001","F","F",0,0,0,0,0,0,0,0,0,"","","",0,0,0,0,0,0,0,0,0,0,0,0,0,"reync001","F","F","F","F",0,0,0,0,0,0,0,0,0,0,F,F,"1978BAL.EVA.regular.event.csv",4400
"BAL197808260","SEA",5,1,1,0,0,"",0,5,"murre001","?","murre001","?","rawls001","?","rawls001","?","plumb101","robeb101","cruzj002","steib001","reync001","stanl102","joner002","robel001","","","","8","F","F",3,4,2,"T","T",0,"F","F",1,"F","F",0,"F","F",8,"F","F","F","",0,0,"N",0,"N",0,"N",0,0,0,0,"8","","","","F","F","F","F","F","F","F","F","F","","","","F","F","F","F","F","","","","",0,8,0,0,0,0,0,0,0,43,"BAL","BAL","SEA",1,"F","F",5,0,0,21,1,"T","F",0,0,"T","T","decid001","may-l101","F","F",0,0,0,0,0,0,0,0,0,"","","",0,0,0,0,0,0,0,0,0,0,0,0,0,"joner002","F","F","F","F",0,0,0,0,0,0,0,0,0,0,F,F,"1978BAL.EVA.regular.event.csv",4401
"BAL197808260","SEA",5,1,2,0,0,"",0,5,"decid001","?","decid001","?","rawls001","?","rawls001","?","plumb101","robeb101","cruzj002","steib001","reync001","stanl102","joner002","robel001","","","","63","F","F",5,5,2,"T","T",0,"F","F",1,"F","F",0,"F","F",6,"G","F","F","",0,0,"N",0,"N",0,"N",0,0,0,0,"63","","","","F","F","F","F","F","F","F","F","F","","","","F","F","F","F","F","","","","",0,3,0,0,6,0,0,0,0,44,"BAL","BAL","SEA",1,"F","T",5,0,0,22,2,"T","F",0,0,"T","T","may-l101","dempr001","F","F",0,0,0,0,0,0,0,0,0,"","","",0,0,0,0,0,0,0,0,0,0,0,0,0,"reync001","F","F","F","F",0,0,0,0,0,0,0,0,0,0,F,F,"1978BAL.EVA.regular.event.csv",4402
"BAL197808260","SEA",6,0,0,0,0,"",0,5,"cruzj002","?","cruzj002","?","flanm001","?","flanm001","?","dempr001","murre001","dauer001","decid001","belam101","kellp101","harll101","singk001","","","","153","T","F",4,1,2,"T","T",0,"F","F",1,"F","F",0,"F","F",1,"G","F","F","",0,0,"N",0,"N",0,"N",0,0,0,0,"153","","","","F","F","F","F","F","F","F","F","F","","","","F","F","F","F","F","","","","",0,3,0,0,1,5,0,0,0,45,"BAL","SEA","BAL",0,"T","F",0,5,0,18,0,"T","F",0,0,"T","T","reync001","pacit001","T","T",0,0,0,0,0,0,0,0,0,"","","",0,0,0,0,0,0,0,0,0,0,0,0,0,"flanm001","F","F","F","F",0,0,0,0,1,0,0,0,0,0,F,F,"1978BAL.EVA.regular.event.csv",4403
"BAL197808260","SEA",6,0,1,0,0,"",0,5,"reync001","?","reync001","?","flanm001","?","flanm001","?","dempr001","murre001","dauer001","decid001","belam101","kellp101","harll101","singk001","","","","S7","F","F",6,2,20,"T","T",1,"F","F",0,"F","F",0,"F","F",7,"","F","F","",0,0,"N",0,"N",0,"N",1,0,0,0,"","","","","F","F","F","F","F","F","F","F","F","","","","F","F","F","F","F","","","","",0,0,0,0,0,0,0,0,0,46,"BAL","SEA","BAL",0,"F","F",0,5,0,19,1,"T","F",0,1,"T","T","pacit001","robel001","T","T",0,0,0,0,0,0,0,0,0,"","","",0,0,0,0,0,0,0,0,0,0,0,0,0,"kellp101","F","F","F","F",4,0,0,0,1,0,0,0,0,0,F,F,"1978BAL.EVA.regular.event.csv",4404
"BAL197808260","SEA",6,0,1,0,0,"",0,5,"pacit001","?","pacit001","?","flanm001","?","flanm001","?","dempr001","murre001","dauer001","decid001","belam101","kellp101","harll101","singk001","reync001","","","D8.1-H","F","F",10,3,21,"T","T",2,"F","F",0,"F","F",1,"F","F",8,"","F","F","",0,0,"N",0,"N",0,"N",2,4,0,0,"","","","","F","F","F","F","F","F","F","F","F","flanm001","","","F","F","F","F","F","","","","",0,0,0,0,0,0,0,0,0,47,"BAL","SEA","BAL",0,"F","F",0,5,0,20,2,"T","F",1,2,"T","T","robel001","robeb101","T","T",6,2,46,0,0,0,0,0,0,"dempr001","","",0,0,0,0,0,0,0,0,0,0,0,0,1,"harll101","F","F","F","F",0,4,0,0,0,0,0,0,0,0,F,F,"1978BAL.EVA.regular.event.csv",4405
"BAL197808260","SEA",6,0,1,0,0,"",1,5,"robel001","?","robel001","?","flanm001","?","flanm001","?","dempr001","murre001","dauer001","decid001","belam101","kellp101","harll101","singk001","","pacit001","","K","F","F",9,4,3,"T","T",0,"F","F",1,"F","F",0,"F","F",0,"","F","F","",0,0,"N",0,"N",0,"N",0,0,2,0,"2","","","","F","F","F","F","F","F","F","F","F","","flanm001","","F","F","F","F","F","","","","",0,2,0,0,0,0,0,0,0,48,"BAL","SEA","BAL",0,"F","F",1,5,1,21,3,"T","F",2,2,"T","T","robeb101","joner002","T","T",0,0,0,10,3,47,0,0,0,"","dempr001","",0,0,0,0,0,0,0,0,0,0,0,0,0,"","F","F","F","F",0,0,0,0,0,0,0,0,0,0,F,F,"1978BAL.EVA.regular.event.csv",4406
"BAL197808260","SEA",6,0,2,0,0,"",1,5,"robeb101","?","robeb101","?","flanm001","?","flanm001","?","dempr001","murre001","dauer001","decid001","belam101","kellp101","harll101","singk001","","pacit001","","7","F","F",3,5,2,"T","T",0,"F","F",1,"F","F",0,"F","F",7,"F","F","F","",0,0,"N",0,"N",0,"N",0,0,2,0,"7","","","","F","F","F","F","F","F","F","F","F","","flanm001","","F","F","F","F","F","","","","",0,7,0,0,0,0,0,0,0,49,"BAL","SEA","BAL",0,"F","T",1,5,1,22,4,"T","F",2,2,"T","T","joner002","stanl102","T","T",0,0,0,10,3,47,0,0,0,"","dempr001","",0,0,0,0,0,0,0,0,0,0,0,0,0,"kellp101","F","F","F","F",0,0,0,0,0,0,0,0,0,0,F,F,"1978BAL.EVA.regular.event.csv",4407
"BAL197808260","SEA",6,1,0,0,0,"",1,5,"may-l101","?","may-l101","?","rawls001","?","rawls001","?","plumb101","robeb101","cruzj002","steib001","reync001","stanl102","joner002","robel001","","","","S","T","F",10,6,20,"T","T",1,"F","F",0,"F","F",0,"F","F",0,"","F","F","",0,0,"N",0,"N",0,"N",1,0,0,0,"","","","","F","F","F","F","F","F","F","F","F","","","","F","F","F","F","F","","","","",0,0,0,0,0,0,0,0,0,50,"BAL","BAL","SEA",1,"T","F",5,1,0,23,0,"T","F",0,1,"T","T","dempr001","dauer001","F","F",0,0,0,0,0,0,0,0,0,"","","",0,0,0,0,0,0,0,0,0,0,0,0,0,"","F","F","F","F",0,0,0,0,0,0,0,0,0,0,F,F,"1978BAL.EVA.regular.event.csv",4408
"BAL197808260","SEA",6,1,0,0,0,"",1,5,"dempr001","?","dempr001","?","rawls001","?","rawls001","?","plumb101","robeb101","cruzj002","steib001","reync001","stanl102","joner002","robel001","may-l101","","","8","F","F",2,7,2,"T","T",0,"F","F",1,"F","F",0,"F","F",8,"F","F","F","",0,0,"N",0,"N",0,"N",0,1,0,0,"8","","","","F","F","F","F","F","F","F","F","F","rawls001","","","F","F","F","F","F","","","","",0,8,0,0,0,0,0,0,0,51,"BAL","BAL","SEA",1,"F","F",5,1,0,24,1,"T","F",1,1,"T","T","dauer001","belam101","F","F",10,6,50,0,0,0,0,0,0,"plumb101","","",0,0,0,0,0,0,0,0,0,0,0,0,0,"joner002","F","F","F","F",0,0,0,0,0,0,0,0,0,0,F,F,"1978BAL.EVA.regular.event.csv",4409
"BAL197808260","SEA",6,1,1,0,0,"",1,5,"dauer001","?","dauer001","?","rawls001","?","rawls001","?","plumb101","robeb101","cruzj002","steib001","reync001","stanl102","joner002","robel001","may-l101","","","3/G.1-2","F","F",4,8,2,"T","T",0,"F","F",1,"F","F",0,"F","F",3,"G","F","F","",0,0,"N",0,"N",0,"N",0,2,0,0,"3","","","","F","F","F","F","F","F","F","F","F","rawls001","","","F","F","F","F","F","","","","",0,3,0,0,0,0,0,0,0,52,"BAL","BAL","SEA",1,"F","F",5,1,0,25,2,"T","F",1,2,"T","T","belam101","harll101","F","F",10,6,50,0,0,0,0,0,0,"plumb101","","",0,0,0,0,0,0,0,0,0,0,0,0,0,"robeb101","F","F","F","F",0,0,0,0,0,0,0,0,0,0,F,F,"1978BAL.EVA.regular.event.csv",4410
"BAL197808260","SEA",6,1,2,0,0,"",1,5,"belam101","?","belam101","?","rawls001","?","rawls001","?","plumb101","robeb101","cruzj002","steib001","reync001","stanl102","joner002","robel001","","may-l101","","8","F","F",6,9,2,"T","T",0,"F","F",1,"F","F",0,"F","F",8,"F","F","F","",0,0,"N",0,"N",0,"N",0,0,2,0,"8","","","","F","F","F","F","F","F","F","F","F","","rawls001","","F","F","F","F","F","","","","",0,8,0,0,0,0,0,0,0,53,"BAL","BAL","SEA",1,"F","T",5,1,0,26,3,"T","F",2,2,"T","T","harll101","kellp101","F","F",0,0,0,10,6,50,0,0,0,"","plumb101","",0,0,0,0,0,0,0,0,0,0,0,0,0,"joner002","F","F","F","F",0,0,0,0,0,0,0,0,0,0,F,F,"1978BAL.EVA.regular.event.csv",4411
"BAL197808260","SEA",7,0,0,0,0,"",1,5,"joner002","?","joner002","?","flanm001","?","flanm001","?","dempr001","murre001","dauer001","decid001","belam101","kellp101","harll101","singk001","","","","8","T","F",8,6,2,"T","T",0,"F","F",1,"F","F",0,"F","F",8,"F","F","F","",0,0,"N",0,"N",0,"N",0,0,0,0,"8","","","","F","F","F","F","F","F","F","F","F","","","","F","F","F","F","F","","","","",0,8,0,0,0,0,0,0,0,54,"BAL","SEA","BAL",0,"T","F",1,5,0,23,0,"T","F",0,0,"T","T","stanl102","steib001","T","T",0,0,0,0,0,0,0,0,0,"","","",0,0,0,0,0,0,0,0,0,0,0,0,0,"harll101","F","F","F","F",0,0,0,0,0,0,0,0,0,0,F,F,"1978BAL.EVA.regular.event.csv",4412
"BAL197808260","SEA",7,0,1,0,0,"",1,5,"stanl102","?","stanl102","?","flanm001","?","flanm001","?","dempr001","murre001","dauer001","decid001","belam101","kellp101","harll101","singk001","","","","63","F","F",7,7,2,"T","T",0,"F","F",1,"F","F",0,"F","F",6,"G","F","F","",0,0,"N",0,"N",0,"N",0,0,0,0,"63","","","","F","F","F","F","F","F","F","F","F","","","","F","F","F","F","F","","","","",0,3,0,0,6,0,0,0,0,55,"BAL","SEA","BAL",0,"F","F",1,5,0,24,1,"T","F",0,0,"T","T","steib001","plumb101","T","T",0,0,0,0,0,0,0,0,0,"","","",0,0,0,0,0,0,0,0,0,0,0,0,0,"belam101","F","F","F","F",0,0,0,0,0,0,0,0,0,0,F,F,"1978BAL.EVA.regular.event.csv",4413
"BAL197808260","SEA",7,0,2,0,0,"",1,5,"steib001","?","steib001","?","flanm001","?","flanm001","?","dempr001","murre001","dauer001","decid001","belam101","kellp101","harll101","singk001","","","","53","F","F",5,8,2,"T","T",0,"F","F",1,"F","F",0,"F","F",5,"G","F","F","",0,0,"N",0,"N",0,"N",0,0,0,0,"53","","","","F","F","F","F","F","F","F","F","F","","","","F","F","F","F","F","","","","",0,3,0,0,5,0,0,0,0,56,"BAL","SEA","BAL",0,"F","T",1,5,0,25,2,"T","F",0,0,"T","T","plumb101","cruzj002","T","T",0,0,0,0,0,0,0,0,0,"","","",0,0,0,0,0,0,0,0,0,0,0,0,0,"decid001","F","F","F","F",0,0,0,0,0,0,0,0,0,0,F,F,"1978BAL.EVA.regular.event.csv",4414
"BAL197808260","SEA",7,1,0,0,0,"",1,5,"harll101","?","harll101","?","rawls001","?","rawls001","?","plumb101","robeb101","cruzj002","steib001","reync001","stanl102","joner002","robel001","","","","43","T","F",8,1,2,"T","T",0,"F","F",1,"F","F",0,"F","F",4,"G","F","F","",0,0,"N",0,"N",0,"N",0,0,0,0,"43","","","","F","F","F","F","F","F","F","F","F","","","","F","F","F","F","F","","","","",0,3,0,0,4,0,0,0,0,57,"BAL","BAL","SEA",1,"T","F",5,1,0,27,0,"T","F",0,0,"T","T","kellp101","singk001","F","F",0,0,0,0,0,0,0,0,0,"","","",0,0,0,0,0,0,0,0,0,0,0,0,0,"cruzj002","F","F","F","F",0,0,0,0,0,0,0,0,0,0,F,F,"1978BAL.EVA.regular.event.csv",4415
"BAL197808260","SEA",7,1,1,0,0,"",1,5,"andem101","?","andem101","?","rawls001","?","rawls001","?","plumb101","robeb101","cruzj002","steib001","reync001","stanl102","joner002","robel001","","","","53","F","T",11,2,2,"T","T",0,"F","F",1,"F","F",0,"F","F",5,"G","F","F","",0,0,"N",0,"N",0,"N",0,0,0,0,"53","","","","F","F","F","F","F","F","F","F","F","","","","F","F","F","F","F","","","","kellp101",7,3,0,0,5,0,0,0,0,58,"BAL","BAL","SEA",1,"F","F",5,1,0,28,1,"T","F",0,0,"F","F","singk001","murre001","F","F",0,0,0,0,0,0,0,0,0,"","","",0,0,0,0,0,0,0,0,0,0,0,0,0,"steib001","F","F","F","F",0,0,0,0,0,0,0,0,0,0,F,F,"1978BAL.EVA.regular.event.csv",4416
"BAL197808260","SEA",7,1,2,0,0,"",1,5,"singk001","?","singk001","?","rawls001","?","rawls001","?","plumb101","robeb101","cruzj002","steib001","reync001","stanl102","joner002","robel001","","","","63","F","F",9,3,2,"T","T",0,"F","F",1,"F","F",0,"F","F",6,"G","F","F","",0,0,"N",0,"N",0,"N",0,0,0,0,"63","","","","F","F","F","F","F","F","F","F","F","","","","F","F","F","F","F","","","","",0,3,0,0,6,0,0,0,0,59,"BAL","BAL","SEA",1,"F","T",5,1,0,29,2,"T","F",0,0,"T","T","murre001","decid001","F","F",0,0,0,0,0,0,0,0,0,"","","",0,0,0,0,0,0,0,0,0,0,0,0,0,"reync001","F","F","F","F",0,0,0,0,0,0,0,0,0,0,F,F,"1978BAL.EVA.regular.event.csv",4417
"BAL197808260","SEA",8,0,0,0,0,"",1,5,"plumb101","?","plumb101","?","flanm001","?","flanm001","?","dempr001","murre001","dauer001","decid001","belam101","andem101","harll101","lopec101","","","","K","T","F",2,9,3,"T","T",0,"F","F",1,"F","F",0,"F","F",0,"","F","F","",0,0,"N",0,"N",0,"N",0,0,0,0,"2","","","","F","F","F","F","F","F","F","F","F","","","","F","F","F","F","F","","","","",0,2,0,0,0,0,0,0,0,60,"BAL","SEA","BAL",0,"T","F",1,5,0,26,0,"T","F",0,0,"T","T","cruzj002","reync001","T","T",0,0,0,0,0,0,0,0,0,"","","",0,0,0,0,0,0,0,0,0,0,0,0,0,"","F","F","F","F",0,0,0,0,1,0,0,0,0,0,F,F,"1978BAL.EVA.regular.event.csv",4418
"BAL197808260","SEA",8,0,1,0,0,"",1,5,"cruzj002","?","cruzj002","?","flanm001","?","flanm001","?","dempr001","murre001","dauer001","decid001","belam101","andem101","harll101","lopec101","","","","S8","F","F",4,1,20,"T","T",1,"F","F",0,"F","F",0,"F","F",8,"","F","F","",0,0,"N",0,"N",0,"N",1,0,0,0,"","","","","F","F","F","F","F","F","F","F","F","","","","F","F","F","F","F","","","","",0,0,0,0,0,0,0,0,0,61,"BAL","SEA","BAL",0,"F","F",1,5,0,27,1,"T","F",0,1,"T","T","reync001","pacit001","T","T",0,0,0,0,0,0,0,0,0,"","","",0,0,0,0,0,0,0,0,0,0,0,0,0,"harll101","F","F","F","F",4,0,0,0,1,0,0,0,0,0,F,F,"1978BAL.EVA.regular.event.csv",4419
"BAL197808260","SEA",8,0,1,0,0,"",1,5,"reync001","?","reync001","?","flanm001","?","flanm001","?","dempr001","murre001","dauer001","decid001","belam101","andem101","harll101","lopec101","cruzj002","","","S9.1-3","F","F",6,2,20,"T","T",1,"F","F",0,"F","F",0,"F","F",9,"","F","F","",0,0,"N",0,"N",0,"N",1,3,0,0,"","","","","F","F","F","F","F","F","F","F","F","flanm001","","","F","F","F","F","F","","","","",0,0,0,0,0,0,0,0,0,62,"BAL","SEA","BAL",0,"F","F",1,5,0,28,2,"T","F",1,5,"T","T","pacit001","robel001","T","T",4,1,61,0,0,0,0,0,0,"dempr001","","",0,0,0,0,0,0,0,0,0,0,0,0,0,"lopec101","F","F","F","F",2,4,0,0,1,0,0,0,0,0,F,F,"1978BAL.EVA.regular.event.csv",4420
"BAL197808260","SEA",8,0,1,0,0,"",1,5,"pacit001","?","pacit001","?","flanm001","?","flanm001","?","dempr001","murre001","dauer001","decid001","belam101","andem101","harll101","lopec101","reync001","","cruzj002","S7.3-H;1-2","F","F",10,3,20,"T","T",1,"F","F",0,"F","F",1,"F","F",7,"","F","F","",0,0,"N",0,"N",0,"N",1,2,0,4,"","","","","F","F","F","F","F","F","F","F","F","flanm001","","flanm001","F","F","F","F","F","","","","",0,0,0,0,0,0,0,0,0,63,"BAL","SEA","BAL",0,"F","F",1,5,0,29,3,"T","F",5,3,"T","T","robel001","robeb101","T","T",6,2,62,0,0,0,4,1,61,"dempr001","","dempr001",0,0,0,0,0,0,0,0,0,0,0,0,1,"andem101","F","F","F","F",0,2,0,4,0,0,0,0,0,0,F,F,"1978BAL.EVA.regular.event.csv",4421
"BAL197808260","SEA",8,0,1,0,0,"",2,5,"robel001","?","robel001","?","kerrj101","?","kerrj101","?","dempr001","murre001","dauer001","decid001","belam101","andem101","harll101","lopec101","pacit001","reync001","","K","F","F",9,4,3,"T","T",0,"F","F",1,"F","F",0,"F","F",0,"","F","F","",0,0,"N",0,"N",0,"N",0,1,2,0,"2","","","","F","F","F","F","F","F","F","F","F","flanm001","flanm001","","F","F","F","F","F","","","","",0,2,0,0,0,0,0,0,0,64,"BAL","SEA","BAL",0,"F","F",2,5,1,30,4,"T","F",3,3,"T","T","robeb101","joner002","F","F",10,3,63,6,2,62,0,0,0,"dempr001","dempr001","",0,0,0,0,0,0,0,0,0,0,0,0,0,"","F","F","F","F",0,0,2,0,0,0,0,0,0,0,F,F,"1978BAL.EVA.regular.event.csv",4422
"BAL197808260","SEA",8,0,2,0,0,"",2,5,"robeb101","?","robeb101","?","kerrj101","?","kerrj101","?","dempr001","murre001","dauer001","decid001","belam101","andem101","harll101","lopec101","pacit001","reync001","","64(1)/FO","F","F",3,5,2,"T","T",0,"F","F",1,"F","F",0,"F","F",6,"G","F","F","",0,0,"N",0,"N",0,"N",1,0,2,0,"","64","","","F","F","F","F","F","F","F","F","F","flanm001","flanm001","","F","F","F","F","F","","","","",0,4,0,0,6,0,0,0,0,65,"BAL","SEA","BAL",0,"F","T",2,5,1,31,5,"T","F",3,3,"T","T","joner002","stanl102","F","F",10,3,63,6,2,62,0,0,0,"dempr001","dempr001","",0,0,0,0,0,0,0,0,0,0,0,0,0,"belam101","T","F","F","F",1,0,2,0,0,0,0,0,0,0,F,F,"1978BAL.EVA.regular.event.csv",4423
"BAL197808260","SEA",8,1,0,0,0,"",2,5,"murre001","?","murre001","?","parrm101","?","parrm101","?","plumb101","robeb101","cruzj002","steib001","reync001","stanl102","joner002","robel001","","","","7","T","F",3,4,2,"T","T",0,"F","F",1,"F","F",0,"F","F",7,"F","F","F","",0,0,"N",0,"N",0,"N",0,0,0,0,"7","","","","F","F","F","F","F","F","F","F","F","","","","F","F","F","F","F","","","","",0,7,0,0,0,0,0,0,0,66,"BAL","BAL","SEA",1,"T","F",5,2,0,30,0,"T","F",0,0,"T","T","decid001","may-l101","F","F",0,0,0,0,0,0,0,0,0,"","","",0,0,0,0,0,0,0,0,0,0,0,0,0,"stanl102","F","F","F","F",0,0,0,0,4,0,0,0,0,0,F,F,"1978BAL.EVA.regular.event.csv",4424
"BAL197808260","SEA",8,1,1,0,0,"",2,5,"decid001","?","decid001","?","parrm101","?","parrm101","?","plumb101","robeb101","cruzj002","steib001","reync001","stanl102","joner002","robel001","","","","S8","F","F",5,5,20,"T","T",1,"F","F",0,"F","F",0,"F","F",8,"","F","F","",0,0,"N",0,"N",0,"N",1,0,0,0,"","","","","F","F","F","F","F","F","F","F","F","","","","F","F","F","F","F","","","","",0,0,0,0,0,0,0,0,0,67,"BAL","BAL","SEA",1,"F","F",5,2,0,31,1,"T","F",0,1,"T","T","may-l101","dempr001","F","F",0,0,0,0,0,0,0,0,0,"","","",0,0,0,0,0,0,0,0,0,0,0,0,0,"joner002","F","F","F","F",4,0,0,0,4,0,0,0,0,0,F,F,"1978BAL.EVA.regular.event.csv",4425
"BAL197808260","SEA",8,1,1,0,0,"",2,5,"may-l101","?","may-l101","?","parrm101","?","parrm101","?","plumb101","robeb101","cruzj002","steib001","reync001","stanl102","joner002","robel001","decid001","","","S7.1-3","F","F",10,6,20,"T","T",1,"F","F",0,"F","F",0,"F","F",7,"","F","F","",0,0,"N",0,"N",0,"N",1,3,0,0,"","","","","F","F","F","F","F","F","F","F","F","parrm101","","","F","F","F","F","F","","","","",0,0,0,0,0,0,0,0,0,68,"BAL","BAL","SEA",1,"F","F",5,2,0,32,2,"T","F",1,5,"T","T","dempr001","dauer001","F","F",5,5,67,0,0,0,0,0,0,"plumb101","","",0,0,0,0,0,0,0,0,0,0,0,0,0,"stanl102","F","F","F","F",4,4,0,0,4,0,0,0,0,0,F,F,"1978BAL.EVA.regular.event.csv",4426
"BAL197808260","SEA",8,1,1,0,0,"",2,5,"dempr001","?","dempr001","?","parrm101","?","parrm101","?","plumb101","robeb101","cruzj002","steib001","reync001","stanl102","joner002","robel001","may-l101","","decid001","SB2","F","F",2,7,4,"F","F",0,"F","F",0,"F","F",0,"F","F",0,"","F","F","",0,0,"N",0,"N",0,"N",0,2,0,3,"","","","","T","F","F","F","F","F","F","F","F","parrm101","","parrm101","F","F","F","F","F","","","","",0,0,0,0,0,0,0,0,0,69,"BAL","BAL","SEA",1,"F","F",5,2,0,33,3,"T","F",5,6,"T","T","dauer001","belam101","F","F",10,6,68,0,0,0,5,5,67,"plumb101","","plumb101",0,0,0,0,0,0,0,0,0,0,0,0,0,"","F","F","F","F",0,4,0,4,4,0,0,0,0,0,F,F,"1978BAL.EVA.regular.event.csv",4427
"BAL197808260","SEA",8,1,1,0,0,"",2,5,"dempr001","?","dempr001","?","parrm101","?","parrm101","?","plumb101","robeb101","cruzj002","steib001","reync001","stanl102","joner002","robel001","","may-l101","decid001","IW","F","F",2,7,15,"T","F",0,"F","F",0,"F","F",0,"F","F",0,"","F","F","",0,0,"N",0,"N",0,"N",1,0,2,3,"","","","","F","F","F","F","F","F","F","F","F","","parrm101","parrm101","F","F","F","F","F","","","","",0,0,0,0,0,0,0,0,0,70,"BAL","BAL","SEA",1,"F","F",5,2,0,33,3,"F","F",6,7,"T","T","dauer001","belam101","F","F",0,0,0,10,6,68,5,5,67,"","plumb101","plumb101",0,0,0,0,0,0,0,0,0,0,0,0,0,"","F","F","F","F",4,0,4,4,4,0,0,0,0,0,F,F,"1978BAL.EVA.regular.event.csv",4428
"BAL197808260","SEA",8,1,1,0,0,"",2,5,"dauer001","?","dauer001","?","parrm101","?","parrm101","?","plumb101","robeb101","cruzj002","steib001","reync001","stanl102","joner002","robel001","dempr001","may-l101","decid001","S8.3-H;2-H;1-2","F","F",4,8,20,"T","T",1,"F","F",0,"F","F",2,"F","F",8,"","F","F","",0,0,"N",0,"N",0,"N",1,2,4,4,"","","","","F","F","F","F","F","F","F","F","F","parrm101","parrm101","parrm101","F","F","F","F","F","","","","",0,0,0,0,0,0,0,0,0,71,"BAL","BAL","SEA",1,"F","F",5,2,0,34,4,"T","F",7,3,"T","T","belam101","harll101","F","F",2,7,70,10,6,68,5,5,67,"plumb101","plumb101","plumb101",0,0,0,0,0,0,0,0,0,0,0,0,2,"joner002","F","F","F","F",0,4,4,4,2,0,0,0,0,0,F,F,"1978BAL.EVA.regular.event.csv",4429
"BAL197808260","SEA",8,1,1,0,0,"",2,7,"belam101","?","belam101","?","parrm101","?","parrm101","?","plumb101","robeb101","cruzj002","steib001","reync001","stanl102","joner002","robel001","dauer001","dempr001","","64(1)/FO.2-3","F","F",6,9,2,"T","T",0,"F","F",1,"F","F",0,"F","F",6,"G","F","F","",0,0,"N",0,"N",0,"N",1,0,3,0,"","64","","","F","F","F","F","F","F","F","F","F","parrm101","parrm101","","F","F","F","F","F","","","","",0,4,0,0,6,0,0,0,0,72,"BAL","BAL","SEA",1,"F","F",7,2,2,35,5,"T","F",3,5,"T","T","harll101","andem101","F","F",4,8,71,2,7,70,0,0,0,"plumb101","plumb101","",0,0,0,0,0,0,0,0,0,0,0,0,0,"reync001","T","F","F","F",4,0,4,0,2,0,0,0,0,0,F,F,"1978BAL.EVA.regular.event.csv",4430
"BAL197808260","SEA",8,1,2,0,0,"",2,7,"harll101","?","harll101","?","parrm101","?","parrm101","?","plumb101","robeb101","cruzj002","steib001","reync001","stanl102","joner002","robel001","belam101","","dempr001","D9.3-H;1-H","F","F",8,1,21,"T","T",2,"F","F",0,"F","F",2,"F","F",9,"","F","F","",0,0,"N",0,"N",0,"N",2,4,0,4,"","","","","F","F","F","F","F","F","F","F","F","parrm101","","parrm101","F","F","F","F","F","","","","",0,0,0,0,0,0,0,0,0,73,"BAL","BAL","SEA",1,"F","F",7,2,2,36,6,"T","F",5,2,"T","T","andem101","lopec101","F","F",6,9,72,0,0,0,2,7,70,"plumb101","","plumb101",0,0,0,0,0,0,0,0,0,0,0,0,2,"robel001","F","F","F","F",0,4,0,4,0,0,0,0,0,0,F,F,"1978BAL.EVA.regular.event.csv",4431
"BAL197808260","SEA",8,1,2,0,0,"",2,9,"andem101","?","andem101","?","parrm101","?","parrm101","?","plumb101","robeb101","cruzj002","steib001","reync001","stanl102","joner002","robel001","","harll101","","K","F","F",7,2,3,"T","T",0,"F","F",1,"F","F",0,"F","F",0,"","F","F","",0,0,"N",0,"N",0,"N",0,0,2,0,"2","","","","F","F","F","F","F","F","F","F","F","","parrm101","","F","F","F","F","F","","","","",0,2,0,0,0,0,0,0,0,74,"BAL","BAL","SEA",1,"F","T",9,2,4,37,7,"T","F",2,2,"F","F","lopec101","murre001","F","F",0,0,0,8,1,73,0,0,0,"","plumb101","",0,0,0,0,0,0,0,0,0,0,0,0,0,"","F","F","F","F",0,0,0,0,0,0,0,0,0,0,F,F,"1978BAL.EVA.regular.event.csv",4432
"BAL197808260","SEA",9,0,0,0,0,"",2,9,"joner002","?","joner002","?","kerrj101","?","kerrj101","?","dempr001","murre001","dauer001","decid001","belam101","andem101","harll101","lopec101","","","","W","T","F",8,6,14,"T","F",0,"F","F",0,"F","F",0,"F","F",0,"","F","F","",0,0,"N",0,"N",0,"N",1,0,0,0,"","","","","F","F","F","F","F","F","F","F","F","","","","F","F","F","F","F","","","","",0,0,0,0,0,0,0,0,0,75,"BAL","SEA","BAL",0,"T","F",2,9,0,32,0,"T","F",0,1,"T","T","stanl102","steib001","F","F",0,0,0,0,0,0,0,0,0,"","","",0,0,0,0,0,0,0,0,0,0,0,0,0,"","F","F","F","F",0,0,0,0,0,0,0,0,0,0,F,F,"1978BAL.EVA.regular.event.csv",4433
"BAL197808260","SEA",9,0,0,0,0,"",2,9,"stanl102","?","stanl102","?","kerrj101","?","kerrj101","?","dempr001","murre001","dauer001","decid001","belam101","andem101","harll101","lopec101","joner002","","","64(1)3/GDP","F","F",7,7,2,"T","T",0,"F","F",2,"T","F",0,"F","F",6,"G","F","F","",0,0,"N",0,"N",0,"N",0,0,0,0,"43","64","","","F","F","F","F","F","F","F","F","F","kerrj101","","","F","F","F","F","F","","","","",0,4,3,0,6,4,0,0,0,76,"BAL","SEA","BAL",0,"F","F",2,9,0,33,1,"T","F",1,0,"T","T","steib001","plumb101","F","F",8,6,75,0,0,0,0,0,0,"dempr001","","",0,0,0,0,0,0,0,0,0,0,0,0,0,"belam101","T","F","F","F",0,0,0,0,0,0,0,0,0,0,F,F,"1978BAL.EVA.regular.event.csv",4434
"BAL197808260","SEA",9,0,2,0,0,"",2,9,"steib001","?","steib001","?","kerrj101","?","kerrj101","?","dempr001","murre001","dauer001","decid001","belam101","andem101","harll101","lopec101","","","","S9","F","F",5,8,20,"T","T",1,"F","F",0,"F","F",0,"F","F",9,"","F","F","",0,0,"N",0,"N",0,"N",1,0,0,0,"","","","","F","F","F","F","F","F","F","F","F","","","","F","F","F","F","F","","","","",0,0,0,0,0,0,0,0,0,77,"BAL","SEA","BAL",0,"F","F",2,9,0,34,2,"T","F",0,1,"T","T","plumb101","cruzj002","F","F",0,0,0,0,0,0,0,0,0,"","","",0,0,0,0,0,0,0,0,0,0,0,0,0,"lopec101","F","F","F","F",1,0,0,0,0,0,0,0,0,0,F,F,"1978BAL.EVA.regular.event.csv",4435
"BAL197808260","SEA",9,0,2,0,0,"",2,9,"bochb001","?","bochb001","?","kerrj101","?","kerrj101","?","dempr001","murre001","dauer001","decid001","belam101","andem101","harll101","lopec101","steib001","","","8","F","T",11,9,2,"T","T",0,"F","F",1,"F","F",0,"F","F",8,"F","F","F","",0,0,"N",0,"N",0,"N",0,1,0,0,"8","","","","F","F","F","F","F","F","F","F","F","kerrj101","","","F","T","F","F","F","","","","plumb101",2,8,0,0,0,0,0,0,0,78,"BAL","SEA","BAL",0,"F","T",2,9,0,35,3,"T","F",1,1,"F","F","cruzj002","reync001","F","F",5,8,77,0,0,0,0,0,0,"dempr001","","",0,0,0,0,0,0,0,0,0,0,0,0,0,"harll101","F","F","F","F",0,1,0,0,0,0,0,0,0,0,F,F,"1978BAL.EVA.regular.event.csv",4436
"BAL197808270","SEA",1,0,0,0,0,"",0,0,"cruzj002","?","cruzj002","?","mcgrs001","?","mcgrs001","?","skagd101","murre001","dauer001","decid001","belam101","moraa101","lopec101","singk001","","","","D/89","T","F",4,1,21,"T","T",2,"F","F",0,"F","F",0,"F","F",0,"","F","F","89",0,0,"N",0,"N",0,"N",2,0,0,0,"","","","","F","F","F","F","F","F","F","F","F","","","","T","F","F","F","F","","","","",0,0,0,0,0,0,0,0,0,1,"BAL","SEA","BAL",0,"T","F",0,0,0,0,0,"T","F",0,2,"T","T","reync001","pacit001","T","T",0,0,0,0,0,0,0,0,0,"","","",0,0,0,0,0,0,0,0,0,0,0,0,0,"","F","F","F","F",0,0,0,0,0,0,0,0,0,0,F,F,"1978BAL.EVA.regular.event.csv",4437
"BAL197808270","SEA",1,0,0,0,0,"",0,0,"reync001","?","reync001","?","mcgrs001","?","mcgrs001","?","skagd101","murre001","dauer001","decid001","belam101","moraa101","lopec101","singk001","","cruzj002","","13/SH.2-3","F","F",6,2,2,"T","F",0,"T","F",1,"F","F",0,"F","F",1,"G","T","F","",0,0,"N",0,"N",0,"N",0,0,3,0,"13","","","","F","F","F","F","F","F","F","F","F","","mcgrs001","","F","F","F","F","F","","","","",0,3,0,0,1,0,0,0,0,2,"BAL","SEA","BAL",0,"F","F",0,0,0,1,1,"T","F",2,4,"T","T","pacit001","robel001","T","T",0,0,0,4,1,1,0,0,0,"","skagd101","",0,0,0,0,0,0,0,0,0,0,0,0,0,"mcgrs001","F","F","F","F",0,0,0,0,0,0,0,0,0,0,F,F,"1978BAL.EVA.regular.event.csv",4438
"BAL197808270","SEA",1,0,1,0,0,"",0,0,"pacit001","?","pacit001","?","mcgrs001","?","mcgrs001","?","skagd101","murre001","dauer001","decid001","belam101","moraa101","lopec101","singk001","","","cruzj002","63","F","F",10,3,2,"T","T",0,"F","F",1,"F","F",0,"F","F",6,"G","F","F","",0,0,"N",0,"N",0,"N",0,0,0,3,"63","","","","F","F","F","F","F","F","F","F","F","","","mcgrs001","F","F","F","F","F","","","","",0,3,0,0,6,0,0,0,0,3,"BAL","SEA","BAL",0,"F","F",0,0,0,2,2,"T","F",4,4,"T","T","robel001","robeb101","T","T",0,0,0,0,0,0,4,1,1,"","","skagd101",0,0,0,0,0,0,0,0,0,0,0,0,0,"belam101","F","F","F","F",0,0,0,0,0,0,0,0,0,0,F,F,"1978BAL.EVA.regular.event.csv",4439
"BAL197808270","SEA",1,0,2,0,0,"",0,0,"robel001","?","robel001","?","mcgrs001","?","mcgrs001","?","skagd101","murre001","dauer001","decid001","belam101","moraa101","lopec101","singk001","","","cruzj002","7","F","F",9,4,2,"T","T",0,"F","F",1,"F","F",0,"F","F",7,"F","F","F","",0,0,"N",0,"N",0,"N",0,0,0,3,"7","","","","F","F","F","F","F","F","F","F","F","","","mcgrs001","F","F","F","F","F","","","","",0,7,0,0,0,0,0,0,0,4,"BAL","SEA","BAL",0,"F","T",0,0,0,3,3,"T","F",4,4,"T","T","robeb101","joner002","T","T",0,0,0,0,0,0,4,1,1,"","","skagd101",0,0,0,0,0,0,0,0,0,0,0,0,0,"moraa101","F","F","F","F",0,0,0,0,0,0,0,0,0,0,F,F,"1978BAL.EVA.regular.event.csv",4440
"BAL197808270","SEA",1,1,0,0,0,"",0,0,"belam101","?","belam101","?","honer001","?","honer001","?","paslk101","robeb101","cruzj002","steib001","reync001","stanl102","joner002","robel001","","","","S/78","T","F",6,1,20,"T","T",1,"F","F",0,"F","F",0,"F","F",0,"","F","F","78",0,0,"N",0,"N",0,"N",1,0,0,0,"","","","","F","F","F","F","F","F","F","F","F","","","","F","F","F","F","F","","","","",0,0,0,0,0,0,0,0,0,5,"BAL","BAL","SEA",1,"T","F",0,0,0,0,0,"T","F",0,1,"T","T","dauer001","singk001","T","T",0,0,0,0,0,0,0,0,0,"","","",0,0,0,0,0,0,0,0,0,0,0,0,0,"","F","F","F","F",4,0,0,0,1,0,0,0,0,0,F,F,"1978BAL.EVA.regular.event.csv",4441
"BAL197808270","SEA",1,1,0,0,0,"",0,0,"dauer001","?","dauer001","?","honer001","?","honer001","?","paslk101","robeb101","cruzj002","steib001","reync001","stanl102","joner002","robel001","belam101","","","8","F","F",4,2,2,"T","T",0,"F","F",1,"F","F",0,"F","F",8,"F","F","F","",0,0,"N",0,"N",0,"N",0,1,0,0,"8","","","","F","F","F","F","F","F","F","F","F","honer001","","","F","F","F","F","F","","","","",0,8,0,0,0,0,0,0,0,6,"BAL","BAL","SEA",1,"F","F",0,0,0,1,1,"T","F",1,1,"T","T","singk001","murre001","T","T",6,1,5,0,0,0,0,0,0,"paslk101","","",0,0,0,0,0,0,0,0,0,0,0,0,0,"joner002","F","F","F","F",0,4,0,0,1,0,0,0,0,0,F,F,"1978BAL.EVA.regular.event.csv",4442
"BAL197808270","SEA",1,1,1,0,0,"",0,0,"singk001","?","singk001","?","honer001","?","honer001","?","paslk101","robeb101","cruzj002","steib001","reync001","stanl102","joner002","robel001","belam101","","","K","F","F",9,3,3,"T","T",0,"F","F",1,"F","F",0,"F","F",0,"","F","F","",0,0,"N",0,"N",0,"N",0,1,0,0,"2","","","","F","F","F","F","F","F","F","F","F","honer001","","","F","F","F","F","F","","","","",0,2,0,0,0,0,0,0,0,7,"BAL","BAL","SEA",1,"F","F",0,0,0,2,2,"T","F",1,1,"T","T","murre001","may-l101","T","T",6,1,5,0,0,0,0,0,0,"paslk101","","",0,0,0,0,0,0,0,0,0,0,0,0,0,"","F","F","F","F",0,4,0,0,1,0,0,0,0,0,F,F,"1978BAL.EVA.regular.event.csv",4443
"BAL197808270","SEA",1,1,2,0,0,"",0,0,"murre001","?","murre001","?","honer001","?","honer001","?","paslk101","robeb101","cruzj002","steib001","reync001","stanl102","joner002","robel001","belam101","","","D9.1-H","F","F",3,4,21,"T","T",2,"F","F",0,"F","F",1,"F","F",9,"","F","F","",0,0,"N",0,"N",0,"N",2,4,0,0,"","","","","F","F","F","F","F","F","F","F","F","honer001","","","F","F","F","F","F","","","","",0,0,0,0,0,0,0,0,0,8,"BAL","BAL","SEA",1,"F","F",0,0,0,3,3,"T","F",1,2,"T","T","may-l101","decid001","T","T",6,1,5,0,0,0,0,0,0,"paslk101","","",0,0,0,0,0,0,0,0,0,0,0,0,1,"robel001","F","F","F","F",0,4,0,0,0,0,0,0,0,0,F,F,"1978BAL.EVA.regular.event.csv",4444
"BAL197808270","SEA",1,1,2,0,0,"",0,1,"may-l101","?","may-l101","?","honer001","?","honer001","?","paslk101","robeb101","cruzj002","steib001","reync001","stanl102","joner002","robel001","","murre001","","4","F","F",10,5,2,"T","T",0,"F","F",1,"F","F",0,"F","F",4,"F","F","F","",0,0,"N",0,"N",0,"N",0,0,2,0,"4","","","","F","F","F","F","F","F","F","F","F","","honer001","","F","F","F","F","F","","","","",0,4,0,0,0,0,0,0,0,9,"BAL","BAL","SEA",1,"F","T",1,0,1,4,4,"T","F",2,2,"T","T","decid001","moraa101","T","T",0,0,0,3,4,8,0,0,0,"","paslk101","",0,0,0,0,0,0,0,0,0,0,0,0,0,"cruzj002","F","F","F","F",0,0,0,0,0,0,0,0,0,0,F,F,"1978BAL.EVA.regular.event.csv",4445
"BAL197808270","SEA",2,0,0,0,0,"",0,1,"robeb101","?","robeb101","?","mcgrs001","?","mcgrs001","?","skagd101","murre001","dauer001","decid001","belam101","moraa101","lopec101","singk001","","","","4","T","F",3,5,2,"T","T",0,"F","F",1,"F","F",0,"F","F",4,"F","F","F","",0,0,"N",0,"N",0,"N",0,0,0,0,"4","","","","F","F","F","F","F","F","F","F","F","","","","F","F","F","F","F","","","","",0,4,0,0,0,0,0,0,0,10,"BAL","SEA","BAL",0,"T","F",0,1,0,4,0,"T","F",0,0,"T","T","joner002","stanl102","T","T",0,0,0,0,0,0,0,0,0,"","","",0,0,0,0,0,0,0,0,0,0,0,0,0,"dauer001","F","F","F","F",0,0,0,0,0,0,0,0,0,0,F,F,"1978BAL.EVA.regular.event.csv",4446
"BAL197808270","SEA",2,0,1,0,0,"",0,1,"joner002","?","joner002","?","mcgrs001","?","mcgrs001","?","skagd101","murre001","dauer001","decid001","belam101","moraa101","lopec101","singk001","","","","63","F","F",8,6,2,"T","T",0,"F","F",1,"F","F",0,"F","F",6,"G","F","F","",0,0,"N",0,"N",0,"N",0,0,0,0,"63","","","","F","F","F","F","F","F","F","F","F","","","","F","F","F","F","F","","","","",0,3,0,0,6,0,0,0,0,11,"BAL","SEA","BAL",0,"F","F",0,1,0,5,1,"T","F",0,0,"T","T","stanl102","steib001","T","T",0,0,0,0,0,0,0,0,0,"","","",0,0,0,0,0,0,0,0,0,0,0,0,0,"belam101","F","F","F","F",0,0,0,0,0,0,0,0,0,0,F,F,"1978BAL.EVA.regular.event.csv",4447
"BAL197808270","SEA",2,0,2,0,0,"",0,1,"stanl102","?","stanl102","?","mcgrs001","?","mcgrs001","?","skagd101","murre001","dauer001","decid001","belam101","moraa101","lopec101","singk001","","","","4","F","F",7,7,2,"T","T",0,"F","F",1,"F","F",0,"F","F",4,"F","F","F","",0,0,"N",0,"N",0,"N",0,0,0,0,"4","","","","F","F","F","F","F","F","F","F","F","","","","F","F","F","F","F","","","","",0,4,0,0,0,0,0,0,0,12,"BAL","SEA","BAL",0,"F","T",0,1,0,6,2,"T","F",0,0,"T","T","steib001","paslk101","T","T",0,0,0,0,0,0,0,0,0,"","","",0,0,0,0,0,0,0,0,0,0,0,0,0,"dauer001","F","F","F","F",0,0,0,0,0,0,0,0,0,0,F,F,"1978BAL.EVA.regular.event.csv",4448
"BAL197808270","SEA",2,1,0,0,0,"",0,1,"decid001","?","decid001","?","honer001","?","honer001","?","paslk101","robeb101","cruzj002","steib001","reync001","stanl102","joner002","robel001","","","","53","T","F",5,6,2,"T","T",0,"F","F",1,"F","F",0,"F","F",5,"G","F","F","",0,0,"N",0,"N",0,"N",0,0,0,0,"53","","","","F","F","F","F","F","F","F","F","F","","","","F","F","F","F","F","","","","",0,3,0,0,5,0,0,0,0,13,"BAL","BAL","SEA",1,"T","F",1,0,0,5,0,"T","F",0,0,"T","T","moraa101","lopec101","T","T",0,0,0,0,0,0,0,0,0,"","","",0,0,0,0,0,0,0,0,0,0,0,0,0,"steib001","F","F","F","F",0,0,0,0,0,0,0,0,0,0,F,F,"1978BAL.EVA.regular.event.csv",4449
"BAL197808270","SEA",2,1,1,0,0,"",0,1,"moraa101","?","moraa101","?","honer001","?","honer001","?","paslk101","robeb101","cruzj002","steib001","reync001","stanl102","joner002","robel001","","","","53","F","F",7,7,2,"T","T",0,"F","F",1,"F","F",0,"F","F",5,"G","F","F","",0,0,"N",0,"N",0,"N",0,0,0,0,"53","","","","F","F","F","F","F","F","F","F","F","","","","F","F","F","F","F","","","","",0,3,0,0,5,0,0,0,0,14,"BAL","BAL","SEA",1,"F","F",1,0,0,6,1,"T","F",0,0,"T","T","lopec101","skagd101","T","T",0,0,0,0,0,0,0,0,0,"","","",0,0,0,0,0,0,0,0,0,0,0,0,0,"steib001","F","F","F","F",0,0,0,0,0,0,0,0,0,0,F,F,"1978BAL.EVA.regular.event.csv",4450
"BAL197808270","SEA",2,1,2,0,0,"",0,1,"lopec101","?","lopec101","?","honer001","?","honer001","?","paslk101","robeb101","cruzj002","steib001","reync001","stanl102","joner002","robel001","","","","53","F","F",8,8,2,"T","T",0,"F","F",1,"F","F",0,"F","F",5,"G","F","F","",0,0,"N",0,"N",0,"N",0,0,0,0,"53","","","","F","F","F","F","F","F","F","F","F","","","","F","F","F","F","F","","","","",0,3,0,0,5,0,0,0,0,15,"BAL","BAL","SEA",1,"F","T",1,0,0,7,2,"T","F",0,0,"T","T","skagd101","belam101","T","T",0,0,0,0,0,0,0,0,0,"","","",0,0,0,0,0,0,0,0,0,0,0,0,0,"steib001","F","F","F","F",0,0,0,0,0,0,0,0,0,0,F,F,"1978BAL.EVA.regular.event.csv",4451
"BAL197808270","SEA",3,0,0,0,0,"",0,1,"steib001","?","steib001","?","mcgrs001","?","mcgrs001","?","skagd101","murre001","dauer001","decid001","belam101","moraa101","lopec101","singk001","","","","S8","T","F",5,8,20,"T","T",1,"F","F",0,"F","F",0,"F","F",8,"","F","F","",0,0,"N",0,"N",0,"N",1,0,0,0,"","","","","F","F","F","F","F","F","F","F","F","","","","F","F","F","F","F","","","","",0,0,0,0,0,0,0,0,0,16,"BAL","SEA","BAL",0,"T","F",0,1,0,7,0,"T","F",0,1,"T","T","paslk101","cruzj002","T","T",0,0,0,0,0,0,0,0,0,"","","",0,0,0,0,0,0,0,0,0,0,0,0,0,"lopec101","F","F","F","F",0,0,0,0,0,0,0,0,0,0,F,F,"1978BAL.EVA.regular.event.csv",4452
"BAL197808270","SEA",3,0,0,0,0,"",0,1,"paslk101","?","paslk101","?","mcgrs001","?","mcgrs001","?","skagd101","murre001","dauer001","decid001","belam101","moraa101","lopec101","singk001","steib001","","","64(1)3/GDP","F","F",2,9,2,"T","T",0,"F","F",2,"T","F",0,"F","F",6,"G","F","F","",0,0,"N",0,"N",0,"N",0,0,0,0,"43","64","","","F","F","F","F","F","F","F","F","F","mcgrs001","","","F","F","F","F","F","","","","",0,4,3,0,6,4,0,0,0,17,"BAL","SEA","BAL",0,"F","F",0,1,0,8,1,"T","F",1,0,"T","T","cruzj002","reync001","T","T",5,8,16,0,0,0,0,0,0,"skagd101","","",0,0,0,0,0,0,0,0,0,0,0,0,0,"belam101","T","F","F","F",0,0,0,0,0,0,0,0,0,0,F,F,"1978BAL.EVA.regular.event.csv",4453
"BAL197808270","SEA",3,0,2,0,0,"",0,1,"cruzj002","?","cruzj002","?","mcgrs001","?","mcgrs001","?","skagd101","murre001","dauer001","decid001","belam101","moraa101","lopec101","singk001","","","","4/L","F","F",4,1,2,"T","T",0,"F","F",1,"F","F",0,"F","F",4,"L","F","F","",0,0,"N",0,"N",0,"N",0,0,0,0,"4","","","","F","F","F","F","F","F","F","F","F","","","","F","F","F","F","F","","","","",0,4,0,0,0,0,0,0,0,18,"BAL","SEA","BAL",0,"F","T",0,1,0,9,2,"T","F",0,0,"T","T","reync001","pacit001","T","T",0,0,0,0,0,0,0,0,0,"","","",0,0,0,0,0,0,0,0,0,0,0,0,0,"dauer001","F","F","F","F",0,0,0,0,0,0,0,0,0,0,F,F,"1978BAL.EVA.regular.event.csv",4454
"BAL197808270","SEA",3,1,0,0,0,"",0,1,"skagd101","?","skagd101","?","honer001","?","honer001","?","paslk101","robeb101","cruzj002","steib001","reync001","stanl102","joner002","robel001","","","","43","T","F",2,9,2,"T","T",0,"F","F",1,"F","F",0,"F","F",4,"G","F","F","",0,0,"N",0,"N",0,"N",0,0,0,0,"43","","","","F","F","F","F","F","F","F","F","F","","","","F","F","F","F","F","","","","",0,3,0,0,4,0,0,0,0,19,"BAL","BAL","SEA",1,"T","F",1,0,0,8,0,"T","F",0,0,"T","T","belam101","dauer001","T","T",0,0,0,0,0,0,0,0,0,"","","",0,0,0,0,0,0,0,0,0,0,0,0,0,"cruzj002","F","F","F","F",0,0,0,0,0,0,0,0,0,0,F,F,"1978BAL.EVA.regular.event.csv",4455
"BAL197808270","SEA",3,1,1,0,0,"",0,1,"belam101","?","belam101","?","honer001","?","honer001","?","paslk101","robeb101","cruzj002","steib001","reync001","stanl102","joner002","robel001","","","","9","F","F",6,1,2,"T","T",0,"F","F",1,"F","F",0,"F","F",9,"F","F","F","",0,0,"N",0,"N",0,"N",0,0,0,0,"9","","","","F","F","F","F","F","F","F","F","F","","","","F","F","F","F","F","","","","",0,9,0,0,0,0,0,0,0,20,"BAL","BAL","SEA",1,"F","F",1,0,0,9,1,"T","F",0,0,"T","T","dauer001","singk001","T","T",0,0,0,0,0,0,0,0,0,"","","",0,0,0,0,0,0,0,0,0,0,0,0,0,"robel001","F","F","F","F",0,0,0,0,0,0,0,0,0,0,F,F,"1978BAL.EVA.regular.event.csv",4456
"BAL197808270","SEA",3,1,2,0,0,"",0,1,"dauer001","?","dauer001","?","honer001","?","honer001","?","paslk101","robeb101","cruzj002","steib001","reync001","stanl102","joner002","robel001","","","","8","F","F",4,2,2,"T","T",0,"F","F",1,"F","F",0,"F","F",8,"F","F","F","",0,0,"N",0,"N",0,"N",0,0,0,0,"8","","","","F","F","F","F","F","F","F","F","F","","","","F","F","F","F","F","","","","",0,8,0,0,0,0,0,0,0,21,"BAL","BAL","SEA",1,"F","T",1,0,0,10,2,"T","F",0,0,"T","T","singk001","murre001","T","T",0,0,0,0,0,0,0,0,0,"","","",0,0,0,0,0,0,0,0,0,0,0,0,0,"joner002","F","F","F","F",0,0,0,0,0,0,0,0,0,0,F,F,"1978BAL.EVA.regular.event.csv",4457
"BAL197808270","SEA",4,0,0,0,0,"",0,1,"reync001","?","reync001","?","mcgrs001","?","mcgrs001","?","skagd101","murre001","dauer001","decid001","belam101","moraa101","lopec101","singk001","","","","HR/8","T","F",6,2,23,"T","T",4,"F","F",0,"F","F",1,"F","F",0,"","F","F","8",0,0,"N",0,"N",0,"N",4,0,0,0,"","","","","F","F","F","F","F","F","F","F","F","","","","F","F","F","F","F","","","","",0,0,0,0,0,0,0,0,0,22,"BAL","SEA","BAL",0,"T","F",0,1,0,10,0,"T","F",0,0,"T","T","pacit001","robel001","T","T",0,0,0,0,0,0,0,0,0,"","","",0,0,0,0,0,0,0,0,0,0,0,0,1,"","F","F","F","F",4,0,0,0,0,0,0,0,0,0,F,F,"1978BAL.EVA.regular.event.csv",4458
"BAL197808270","SEA",4,0,0,0,0,"",1,1,"pacit001","?","pacit001","?","mcgrs001","?","mcgrs001","?","skagd101","murre001","dauer001","decid001","belam101","moraa101","lopec101","singk001","","","","3/FL","F","F",10,3,2,"T","T",0,"F","F",1,"F","F",0,"F","F",3,"F","F","T","",0,0,"N",0,"N",0,"N",0,0,0,0,"3","","","","F","F","F","F","F","F","F","F","F","","","","F","F","F","F","F","","","","",0,3,0,0,0,0,0,0,0,23,"BAL","SEA","BAL",0,"F","F",1,1,1,11,1,"T","F",0,0,"T","T","robel001","robeb101","T","T",0,0,0,0,0,0,0,0,0,"","","",0,0,0,0,0,0,0,0,0,0,0,0,0,"murre001","F","F","F","F",0,0,0,0,0,0,0,0,0,0,F,F,"1978BAL.EVA.regular.event.csv",4459
"BAL197808270","SEA",4,0,1,0,0,"",1,1,"robel001","?","robel001","?","mcgrs001","?","mcgrs001","?","skagd101","murre001","dauer001","decid001","belam101","moraa101","lopec101","singk001","","","","S8","F","F",9,4,20,"T","T",1,"F","F",0,"F","F",0,"F","F",8,"","F","F","",0,0,"N",0,"N",0,"N",1,0,0,0,"","","","","F","F","F","F","F","F","F","F","F","","","","F","F","F","F","F","","","","",0,0,0,0,0,0,0,0,0,24,"BAL","SEA","BAL",0,"F","F",1,1,1,12,2,"T","F",0,1,"T","T","robeb101","joner002","T","T",0,0,0,0,0,0,0,0,0,"","","",0,0,0,0,0,0,0,0,0,0,0,0,0,"lopec101","F","F","F","F",0,0,0,0,0,0,0,0,0,0,F,F,"1978BAL.EVA.regular.event.csv",4460
"BAL197808270","SEA",4,0,1,0,0,"",1,1,"robeb101","?","robeb101","?","mcgrs001","?","mcgrs001","?","skagd101","murre001","dauer001","decid001","belam101","moraa101","lopec101","singk001","robel001","","","4","F","F",3,5,2,"T","T",0,"F","F",1,"F","F",0,"F","F",4,"F","F","F","",0,0,"N",0,"N",0,"N",0,1,0,0,"4","","","","F","F","F","F","F","F","F","F","F","mcgrs001","","","F","F","F","F","F","","","","",0,4,0,0,0,0,0,0,0,25,"BAL","SEA","BAL",0,"F","F",1,1,1,13,3,"T","F",1,1,"T","T","joner002","stanl102","T","T",9,4,24,0,0,0,0,0,0,"skagd101","","",0,0,0,0,0,0,0,0,0,0,0,0,0,"dauer001","F","F","F","F",0,0,0,0,0,0,0,0,0,0,F,F,"1978BAL.EVA.regular.event.csv",4461
"BAL197808270","SEA",4,0,2,0,0,"",1,1,"joner002","?","joner002","?","mcgrs001","?","mcgrs001","?","skagd101","murre001","dauer001","decid001","belam101","moraa101","lopec101","singk001","robel001","","","S8/G.1-3","F","F",8,6,20,"T","T",1,"F","F",0,"F","F",0,"F","F",8,"G","F","F","",0,0,"N",0,"N",0,"N",1,3,0,0,"","","","","F","F","F","F","F","F","F","F","F","mcgrs001","","","F","F","F","F","F","","","","",0,0,0,0,0,0,0,0,0,26,"BAL","SEA","BAL",0,"F","F",1,1,1,14,4,"T","F",1,5,"T","T","stanl102","steib001","T","T",9,4,24,0,0,0,0,0,0,"skagd101","","",0,0,0,0,0,0,0,0,0,0,0,0,0,"lopec101","F","F","F","F",0,0,0,0,0,0,0,0,0,0,F,F,"1978BAL.EVA.regular.event.csv",4462
"BAL197808270","SEA",4,0,2,0,0,"",1,1,"stanl102","?","stanl102","?","mcgrs001","?","mcgrs001","?","skagd101","murre001","dauer001","decid001","belam101","moraa101","lopec101","singk001","joner002","","robel001","64(1)/FO","F","F",7,7,2,"T","T",0,"F","F",1,"F","F",0,"F","F",6,"G","F","F","",0,0,"N",0,"N",0,"N",1,0,0,3,"","64","","","F","F","F","F","F","F","F","F","F","mcgrs001","","mcgrs001","F","F","F","F","F","","","","",0,4,0,0,6,0,0,0,0,27,"BAL","SEA","BAL",0,"F","T",1,1,1,15,5,"T","F",5,5,"T","T","steib001","paslk101","T","T",8,6,26,0,0,0,9,4,24,"skagd101","","skagd101",0,0,0,0,0,0,0,0,0,0,0,0,0,"belam101","T","F","F","F",0,0,0,0,0,0,0,0,0,0,F,F,"1978BAL.EVA.regular.event.csv",4463
"BAL197808270","SEA",4,1,0,0,0,"",1,1,"singk001","?","singk001","?","honer001","?","honer001","?","paslk101","robeb101","cruzj002","steib001","reync001","stanl102","joner002","robel001","","","","53","T","F",9,3,2,"T","T",0,"F","F",1,"F","F",0,"F","F",5,"G","F","F","",0,0,"N",0,"N",0,"N",0,0,0,0,"53","","","","F","F","F","F","F","F","F","F","F","","","","F","F","F","F","F","","","","",0,3,0,0,5,0,0,0,0,28,"BAL","BAL","SEA",1,"T","F",1,1,0,11,0,"T","F",0,0,"T","T","murre001","may-l101","T","T",0,0,0,0,0,0,0,0,0,"","","",0,0,0,0,0,0,0,0,0,0,0,0,0,"steib001","F","F","F","F",0,0,0,0,0,0,0,0,0,0,F,F,"1978BAL.EVA.regular.event.csv",4464
"BAL197808270","SEA",4,1,1,0,0,"",1,1,"murre001","?","murre001","?","honer001","?","honer001","?","paslk101","robeb101","cruzj002","steib001","reync001","stanl102","joner002","robel001","","","","S7","F","F",3,4,20,"T","T",1,"F","F",0,"F","F",0,"F","F",7,"","F","F","",0,0,"N",0,"N",0,"N",1,0,0,0,"","","","","F","F","F","F","F","F","F","F","F","","","","F","F","F","F","F","","","","",0,0,0,0,0,0,0,0,0,29,"BAL","BAL","SEA",1,"F","F",1,1,0,12,1,"T","F",0,1,"T","T","may-l101","decid001","T","T",0,0,0,0,0,0,0,0,0,"","","",0,0,0,0,0,0,0,0,0,0,0,0,0,"stanl102","F","F","F","F",0,0,0,0,0,0,0,0,0,0,F,F,"1978BAL.EVA.regular.event.csv",4465
"BAL197808270","SEA",4,1,1,0,0,"",1,1,"may-l101","?","may-l101","?","honer001","?","honer001","?","paslk101","robeb101","cruzj002","steib001","reync001","stanl102","joner002","robel001","murre001","","","64(1)3/GDP","F","F",10,5,2,"T","T",0,"F","F",2,"T","F",0,"F","F",6,"G","F","F","",0,0,"N",0,"N",0,"N",0,0,0,0,"43","64","","","F","F","F","F","F","F","F","F","F","honer001","","","F","F","F","F","F","","","","",0,4,3,0,6,4,0,0,0,30,"BAL","BAL","SEA",1,"F","T",1,1,0,13,2,"T","F",1,0,"T","T","decid001","moraa101","T","T",3,4,29,0,0,0,0,0,0,"paslk101","","",0,0,0,0,0,0,0,0,0,0,0,0,0,"reync001","T","F","F","F",0,0,0,0,0,0,0,0,0,0,F,F,"1978BAL.EVA.regular.event.csv",4466
"BAL197808270","SEA",5,0,0,0,0,"",1,1,"steib001","?","steib001","?","mcgrs001","?","mcgrs001","?","skagd101","murre001","dauer001","decid001","belam101","moraa101","lopec101","singk001","","","","S7","T","F",5,8,20,"T","T",1,"F","F",0,"F","F",0,"F","F",7,"","F","F","",0,0,"N",0,"N",0,"N",1,0,0,0,"","","","","F","F","F","F","F","F","F","F","F","","","","F","F","F","F","F","","","","",0,0,0,0,0,0,0,0,0,31,"BAL","SEA","BAL",0,"T","F",1,1,0,16,0,"T","F",0,1,"T","T","paslk101","cruzj002","T","T",0,0,0,0,0,0,0,0,0,"","","",0,0,0,0,0,0,0,0,0,0,0,0,0,"moraa101","F","F","F","F",0,0,0,0,0,0,0,0,0,0,F,F,"1978BAL.EVA.regular.event.csv",4467
"BAL197808270","SEA",5,0,0,0,0,"",1,1,"paslk101","?","paslk101","?","mcgrs001","?","mcgrs001","?","skagd101","murre001","dauer001","decid001","belam101","moraa101","lopec101","singk001","steib001","","","34/SH.1-2","F","F",2,9,2,"T","F",0,"T","F",1,"F","F",0,"F","F",3,"G","T","F","",0,0,"N",0,"N",0,"N",0,2,0,0,"34","","","","F","F","F","F","F","F","F","F","F","mcgrs001","","","F","F","F","F","F","","","","",0,4,0,0,3,0,0,0,0,32,"BAL","SEA","BAL",0,"F","F",1,1,0,17,1,"T","F",1,2,"T","T","cruzj002","reync001","T","T",5,8,31,0,0,0,0,0,0,"skagd101","","",0,0,0,0,0,0,0,0,0,0,0,0,0,"murre001","F","F","F","F",0,0,0,0,0,0,0,0,0,0,F,F,"1978BAL.EVA.regular.event.csv",4468
"BAL197808270","SEA",5,0,1,0,0,"",1,1,"cruzj002","?","cruzj002","?","mcgrs001","?","mcgrs001","?","skagd101","murre001","dauer001","decid001","belam101","moraa101","lopec101","singk001","","steib001","","43.2-3","F","F",4,1,2,"T","T",0,"F","F",1,"F","F",0,"F","F",4,"G","F","F","",0,0,"N",0,"N",0,"N",0,0,3,0,"43","","","","F","F","F","F","F","F","F","F","F","","mcgrs001","","F","F","F","F","F","","","","",0,3,0,0,4,0,0,0,0,33,"BAL","SEA","BAL",0,"F","F",1,1,0,18,2,"T","F",2,4,"T","T","reync001","pacit001","T","T",0,0,0,5,8,31,0,0,0,"","skagd101","",0,0,0,0,0,0,0,0,0,0,0,0,0,"dauer001","F","F","F","F",0,0,0,0,0,0,0,0,0,0,F,F,"1978BAL.EVA.regular.event.csv",4469
"BAL197808270","SEA",5,0,2,0,0,"",1,1,"reync001","?","reync001","?","mcgrs001","?","mcgrs001","?","skagd101","murre001","dauer001","decid001","belam101","moraa101","lopec101","singk001","","","steib001","9","F","F",6,2,2,"T","T",0,"F","F",1,"F","F",0,"F","F",9,"F","F","F","",0,0,"N",0,"N",0,"N",0,0,0,3,"9","","","","F","F","F","F","F","F","F","F","F","","","mcgrs001","F","F","F","F","F","","","","",0,9,0,0,0,0,0,0,0,34,"BAL","SEA","BAL",0,"F","T",1,1,0,19,3,"T","F",4,4,"T","T","pacit001","robel001","T","T",0,0,0,0,0,0,5,8,31,"","","skagd101",0,0,0,0,0,0,0,0,0,0,0,0,0,"singk001","F","F","F","F",0,0,0,0,0,0,0,0,0,0,F,F,"1978BAL.EVA.regular.event.csv",4470
"BAL197808270","SEA",5,1,0,0,0,"",1,1,"decid001","?","decid001","?","honer001","?","honer001","?","paslk101","robeb101","cruzj002","steib001","reync001","stanl102","joner002","robel001","","","","8","T","F",5,6,2,"T","T",0,"F","F",1,"F","F",0,"F","F",8,"F","F","F","",0,0,"N",0,"N",0,"N",0,0,0,0,"8","","","","F","F","F","F","F","F","F","F","F","","","","F","F","F","F","F","","","","",0,8,0,0,0,0,0,0,0,35,"BAL","BAL","SEA",1,"T","F",1,1,0,14,0,"T","F",0,0,"T","T","moraa101","lopec101","T","T",0,0,0,0,0,0,0,0,0,"","","",0,0,0,0,0,0,0,0,0,0,0,0,0,"joner002","F","F","F","F",0,0,0,0,0,0,0,0,0,0,F,F,"1978BAL.EVA.regular.event.csv",4471
"BAL197808270","SEA",5,1,1,0,0,"",1,1,"moraa101","?","moraa101","?","honer001","?","honer001","?","paslk101","robeb101","cruzj002","steib001","reync001","stanl102","joner002","robel001","","","","63","F","F",7,7,2,"T","T",0,"F","F",1,"F","F",0,"F","F",6,"G","F","F","",0,0,"N",0,"N",0,"N",0,0,0,0,"63","","","","F","F","F","F","F","F","F","F","F","","","","F","F","F","F","F","","","","",0,3,0,0,6,0,0,0,0,36,"BAL","BAL","SEA",1,"F","F",1,1,0,15,1,"T","F",0,0,"T","T","lopec101","skagd101","T","T",0,0,0,0,0,0,0,0,0,"","","",0,0,0,0,0,0,0,0,0,0,0,0,0,"reync001","F","F","F","F",0,0,0,0,0,0,0,0,0,0,F,F,"1978BAL.EVA.regular.event.csv",4472
"BAL197808270","SEA",5,1,2,0,0,"",1,1,"lopec101","?","lopec101","?","honer001","?","honer001","?","paslk101","robeb101","cruzj002","steib001","reync001","stanl102","joner002","robel001","","","","K","F","F",8,8,3,"T","T",0,"F","F",1,"F","F",0,"F","F",0,"","F","F","",0,0,"N",0,"N",0,"N",0,0,0,0,"2","","","","F","F","F","F","F","F","F","F","F","","","","F","F","F","F","F","","","","",0,2,0,0,0,0,0,0,0,37,"BAL","BAL","SEA",1,"F","T",1,1,0,16,2,"T","F",0,0,"T","T","skagd101","belam101","T","T",0,0,0,0,0,0,0,0,0,"","","",0,0,0,0,0,0,0,0,0,0,0,0,0,"","F","F","F","F",0,0,0,0,0,0,0,0,0,0,F,F,"1978BAL.EVA.regular.event.csv",4473
"BAL197808270","SEA",6,0,0,0,0,"",1,1,"pacit001","?","pacit001","?","mcgrs001","?","mcgrs001","?","skagd101","murre001","dauer001","decid001","belam101","moraa101","lopec101","singk001","","","","9","T","F",10,3,2,"T","T",0,"F","F",1,"F","F",0,"F","F",9,"F","F","F","",0,0,"N",0,"N",0,"N",0,0,0,0,"9","","","","F","F","F","F","F","F","F","F","F","","","","F","F","F","F","F","","","","",0,9,0,0,0,0,0,0,0,38,"BAL","SEA","BAL",0,"T","F",1,1,0,20,0,"T","F",0,0,"T","T","robel001","robeb101","T","T",0,0,0,0,0,0,0,0,0,"","","",0,0,0,0,0,0,0,0,0,0,0,0,0,"singk001","F","F","F","F",0,0,0,0,0,0,0,0,0,0,F,F,"1978BAL.EVA.regular.event.csv",4474
"BAL197808270","SEA",6,0,1,0,0,"",1,1,"robel001","?","robel001","?","mcgrs001","?","mcgrs001","?","skagd101","murre001","dauer001","decid001","belam101","moraa101","lopec101","singk001","","","","63","F","F",9,4,2,"T","T",0,"F","F",1,"F","F",0,"F","F",6,"G","F","F","",0,0,"N",0,"N",0,"N",0,0,0,0,"63","","","","F","F","F","F","F","F","F","F","F","","","","F","F","F","F","F","","","","",0,3,0,0,6,0,0,0,0,39,"BAL","SEA","BAL",0,"F","F",1,1,0,21,1,"T","F",0,0,"T","T","robeb101","joner002","T","T",0,0,0,0,0,0,0,0,0,"","","",0,0,0,0,0,0,0,0,0,0,0,0,0,"belam101","F","F","F","F",0,0,0,0,0,0,0,0,0,0,F,F,"1978BAL.EVA.regular.event.csv",4475
"BAL197808270","SEA",6,0,2,0,0,"",1,1,"robeb101","?","robeb101","?","mcgrs001","?","mcgrs001","?","skagd101","murre001","dauer001","decid001","belam101","moraa101","lopec101","singk001","","","","7","F","F",3,5,2,"T","T",0,"F","F",1,"F","F",0,"F","F",7,"F","F","F","",0,0,"N",0,"N",0,"N",0,0,0,0,"7","","","","F","F","F","F","F","F","F","F","F","","","","F","F","F","F","F","","","","",0,7,0,0,0,0,0,0,0,40,"BAL","SEA","BAL",0,"F","T",1,1,0,22,2,"T","F",0,0,"T","T","joner002","stanl102","T","T",0,0,0,0,0,0,0,0,0,"","","",0,0,0,0,0,0,0,0,0,0,0,0,0,"moraa101","F","F","F","F",0,0,0,0,0,0,0,0,0,0,F,F,"1978BAL.EVA.regular.event.csv",4476
"BAL197808270","SEA",6,1,0,0,0,"",1,1,"skagd101","?","skagd101","?","honer001","?","honer001","?","paslk101","robeb101","cruzj002","steib001","reync001","stanl102","joner002","robel001","","","","1/P","T","F",2,9,2,"T","T",0,"F","F",1,"F","F",0,"F","F",1,"P","F","F","",0,0,"N",0,"N",0,"N",0,0,0,0,"1","","","","F","F","F","F","F","F","F","F","F","","","","F","F","F","F","F","","","","",0,1,0,0,0,0,0,0,0,41,"BAL","BAL","SEA",1,"T","F",1,1,0,17,0,"T","F",0,0,"T","T","belam101","dauer001","T","T",0,0,0,0,0,0,0,0,0,"","","",0,0,0,0,0,0,0,0,0,0,0,0,0,"honer001","F","F","F","F",0,0,0,0,0,0,0,0,0,0,F,F,"1978BAL.EVA.regular.event.csv",4477
"BAL197808270","SEA",6,1,1,0,0,"",1,1,"belam101","?","belam101","?","honer001","?","honer001","?","paslk101","robeb101","cruzj002","steib001","reync001","stanl102","joner002","robel001","","","","53","F","F",6,1,2,"T","T",0,"F","F",1,"F","F",0,"F","F",5,"G","F","F","",0,0,"N",0,"N",0,"N",0,0,0,0,"53","","","","F","F","F","F","F","F","F","F","F","","","","F","F","F","F","F","","","","",0,3,0,0,5,0,0,0,0,42,"BAL","BAL","SEA",1,"F","F",1,1,0,18,1,"T","F",0,0,"T","T","dauer001","singk001","T","T",0,0,0,0,0,0,0,0,0,"","","",0,0,0,0,0,0,0,0,0,0,0,0,0,"steib001","F","F","F","F",0,0,0,0,0,0,0,0,0,0,F,F,"1978BAL.EVA.regular.event.csv",4478
"BAL197808270","SEA",6,1,2,0,0,"",1,1,"dauer001","?","dauer001","?","honer001","?","honer001","?","paslk101","robeb101","cruzj002","steib001","reync001","stanl102","joner002","robel001","","","","63","F","F",4,2,2,"T","T",0,"F","F",1,"F","F",0,"F","F",6,"G","F","F","",0,0,"N",0,"N",0,"N",0,0,0,0,"63","","","","F","F","F","F","F","F","F","F","F","","","","F","F","F","F","F","","","","",0,3,0,0,6,0,0,0,0,43,"BAL","BAL","SEA",1,"F","T",1,1,0,19,2,"T","F",0,0,"T","T","singk001","murre001","T","T",0,0,0,0,0,0,0,0,0,"","","",0,0,0,0,0,0,0,0,0,0,0,0,0,"reync001","F","F","F","F",0,0,0,0,0,0,0,0,0,0,F,F,"1978BAL.EVA.regular.event.csv",4479
"BAL197808270","SEA",7,0,0,0,0,"",1,1,"joner002","?","joner002","?","mcgrs001","?","mcgrs001","?","skagd101","murre001","dauer001","decid001","belam101","moraa101","lopec101","singk001","","","","W","T","F",8,6,14,"T","F",0,"F","F",0,"F","F",0,"F","F",0,"","F","F","",0,0,"N",0,"N",0,"N",1,0,0,0,"","","","","F","F","F","F","F","F","F","F","F","","","","F","F","F","F","F","","","","",0,0,0,0,0,0,0,0,0,44,"BAL","SEA","BAL",0,"T","F",1,1,0,23,0,"T","F",0,1,"T","T","stanl102","steib001","T","T",0,0,0,0,0,0,0,0,0,"","","",0,0,0,0,0,0,0,0,0,0,0,0,0,"","F","F","F","F",4,0,0,0,2,0,0,0,0,0,F,F,"1978BAL.EVA.regular.event.csv",4480
"BAL197808270","SEA",7,0,0,0,0,"",1,1,"stanl102","?","stanl102","?","mcgrs001","?","mcgrs001","?","skagd101","murre001","dauer001","decid001","belam101","moraa101","lopec101","singk001","joner002","","","2/BG/BINT.1-1","F","F",7,7,2,"T","T",0,"F","F",1,"F","F",0,"F","F",2,"G","T","F","",0,0,"N",0,"N",0,"N",0,1,0,0,"2","","","","F","F","F","F","F","F","F","F","F","mcgrs001","","","F","F","F","F","F","","","","",0,2,0,0,0,0,0,0,0,45,"BAL","SEA","BAL",0,"F","F",1,1,0,24,1,"T","F",1,1,"T","T","steib001","paslk101","T","T",8,6,44,0,0,0,0,0,0,"skagd101","","",0,0,0,0,0,0,0,0,0,0,0,0,0,"skagd101","F","F","F","F",0,4,0,0,2,0,0,0,0,0,F,F,"1978BAL.EVA.regular.event.csv",4481
"BAL197808270","SEA",7,0,1,0,0,"",1,1,"steib001","?","steib001","?","mcgrs001","?","mcgrs001","?","skagd101","murre001","dauer001","decid001","belam101","moraa101","lopec101","singk001","joner002","","","S8.1-3","F","F",5,8,20,"T","T",1,"F","F",0,"F","F",0,"F","F",8,"","F","F","",0,0,"N",0,"N",0,"N",1,3,0,0,"","","","","F","F","F","F","F","F","F","F","F","mcgrs001","","","F","F","F","F","F","","","","",0,0,0,0,0,0,0,0,0,46,"BAL","SEA","BAL",0,"F","F",1,1,0,25,2,"T","F",1,5,"T","T","paslk101","cruzj002","T","T",8,6,44,0,0,0,0,0,0,"skagd101","","",0,0,0,0,0,0,0,0,0,0,0,0,0,"lopec101","F","F","F","F",4,4,0,0,2,0,0,0,0,0,F,F,"1978BAL.EVA.regular.event.csv",4482
"BAL197808270","SEA",7,0,1,0,0,"",1,1,"paslk101","?","paslk101","?","mcgrs001","?","mcgrs001","?","skagd101","murre001","dauer001","decid001","belam101","moraa101","lopec101","singk001","steib001","","joner002","S8.3-H;1-3","F","F",2,9,20,"T","T",1,"F","F",0,"F","F",1,"F","F",8,"","F","F","",0,0,"N",0,"N",0,"N",1,3,0,4,"","","","","F","F","F","F","F","F","F","F","F","mcgrs001","","mcgrs001","F","F","F","F","F","","","","",0,0,0,0,0,0,0,0,0,47,"BAL","SEA","BAL",0,"F","F",1,1,0,26,3,"T","F",5,5,"T","T","cruzj002","reync001","T","T",5,8,46,0,0,0,8,6,44,"skagd101","","skagd101",0,0,0,0,0,0,0,0,0,0,0,0,1,"lopec101","F","F","F","F",0,4,0,4,1,0,0,0,0,0,F,F,"1978BAL.EVA.regular.event.csv",4483
"BAL197808270","SEA",7,0,1,0,0,"",2,1,"cruzj002","?","cruzj002","?","mcgrs001","?","mcgrs001","?","skagd101","murre001","dauer001","decid001","belam101","moraa101","lopec101","singk001","paslk101","","steib001","9/SF.3-H","F","F",4,1,2,"T","F",0,"F","T",1,"F","F",1,"F","F",9,"F","F","F","",0,0,"N",0,"N",0,"N",0,1,0,4,"9","","","","F","F","F","F","F","F","F","F","F","mcgrs001","","mcgrs001","F","F","F","F","F","","","","",0,9,0,0,0,0,0,0,0,48,"BAL","SEA","BAL",0,"F","F",2,1,1,27,4,"T","F",5,1,"T","T","reync001","pacit001","T","T",2,9,47,0,0,0,5,8,46,"skagd101","","skagd101",0,0,0,0,0,0,0,0,0,0,0,0,1,"singk001","F","F","F","F",0,0,0,4,0,0,0,0,0,0,F,F,"1978BAL.EVA.regular.event.csv",4484
"BAL197808270","SEA",7,0,2,0,0,"",3,1,"reync001","?","reync001","?","mcgrs001","?","mcgrs001","?","skagd101","murre001","dauer001","decid001","belam101","moraa101","lopec101","singk001","paslk101","","","S8/G.1-3","F","F",6,2,20,"T","T",1,"F","F",0,"F","F",0,"F","F",8,"G","F","F","",0,0,"N",0,"N",0,"N",1,3,0,0,"","","","","F","F","F","F","F","F","F","F","F","mcgrs001","","","F","F","F","F","F","","","","",0,0,0,0,0,0,0,0,0,49,"BAL","SEA","BAL",0,"F","F",3,1,2,28,5,"T","F",1,5,"T","T","pacit001","robel001","T","T",2,9,47,0,0,0,0,0,0,"skagd101","","",0,0,0,0,0,0,0,0,0,0,0,0,0,"lopec101","F","F","F","F",0,0,0,0,0,0,0,0,0,0,F,F,"1978BAL.EVA.regular.event.csv",4485
"BAL197808270","SEA",7,0,2,0,0,"",3,1,"bochb001","?","bochb001","?","briln101","?","briln101","?","skagd101","murre001","dauer001","decid001","belam101","moraa101","lopec101","singk001","reync001","","paslk101","8","F","T",10,3,2,"T","T",0,"F","F",1,"F","F",0,"F","F",8,"F","F","F","",0,0,"N",0,"N",0,"N",0,1,0,3,"8","","","","F","F","F","F","F","F","F","F","F","mcgrs001","","mcgrs001","F","F","F","F","F","","","","pacit001",10,8,0,0,0,0,0,0,0,50,"BAL","SEA","BAL",0,"F","T",3,1,2,29,6,"T","F",5,5,"F","F","robel001","robeb101","F","F",6,2,49,0,0,0,2,9,47,"skagd101","","skagd101",0,0,0,0,0,0,0,0,0,0,0,0,0,"lopec101","F","F","F","F",0,0,0,0,0,0,0,0,0,0,F,F,"1978BAL.EVA.regular.event.csv",4486
"BAL197808270","SEA",7,1,0,0,0,"",3,1,"singk001","?","singk001","?","honer001","?","honer001","?","paslk101","robeb101","cruzj002","steib001","reync001","stanl102","joner002","robel001","","","","53","T","F",9,3,2,"T","T",0,"F","F",1,"F","F",0,"F","F",5,"G","F","F","",0,0,"N",0,"N",0,"N",0,0,0,0,"53","","","","F","F","F","F","F","F","F","F","F","","","","F","F","F","F","F","","","","",0,3,0,0,5,0,0,0,0,51,"BAL","BAL","SEA",1,"T","F",1,3,0,20,0,"T","F",0,0,"T","T","murre001","may-l101","T","T",0,0,0,0,0,0,0,0,0,"","","",0,0,0,0,0,0,0,0,0,0,0,0,0,"steib001","F","F","F","F",0,0,0,0,0,0,0,0,0,0,F,F,"1978BAL.EVA.regular.event.csv",4487
"BAL197808270","SEA",7,1,1,0,0,"",3,1,"murre001","?","murre001","?","honer001","?","honer001","?","paslk101","robeb101","cruzj002","steib001","reync001","stanl102","joner002","robel001","","","","W","F","F",3,4,14,"T","F",0,"F","F",0,"F","F",0,"F","F",0,"","F","F","",0,0,"N",0,"N",0,"N",1,0,0,0,"","","","","F","F","F","F","F","F","F","F","F","","","","F","F","F","F","F","","","","",0,0,0,0,0,0,0,0,0,52,"BAL","BAL","SEA",1,"F","F",1,3,0,21,1,"T","F",0,1,"T","T","may-l101","decid001","T","T",0,0,0,0,0,0,0,0,0,"","","",0,0,0,0,0,0,0,0,0,0,0,0,0,"","F","F","F","F",0,0,0,0,0,0,0,0,0,0,F,F,"1978BAL.EVA.regular.event.csv",4488
"BAL197808270","SEA",7,1,1,0,0,"",3,1,"may-l101","?","may-l101","?","honer001","?","honer001","?","paslk101","robeb101","cruzj002","steib001","reync001","stanl102","joner002","robel001","murre001","","","54(1)3/GDP","F","F",10,5,2,"T","T",0,"F","F",2,"T","F",0,"F","F",5,"G","F","F","",0,0,"N",0,"N",0,"N",0,0,0,0,"43","54","","","F","F","F","F","F","F","F","F","F","honer001","","","F","F","F","F","F","","","","",0,4,3,0,5,4,0,0,0,53,"BAL","BAL","SEA",1,"F","T",1,3,0,22,2,"T","F",1,0,"T","T","decid001","moraa101","T","T",3,4,52,0,0,0,0,0,0,"paslk101","","",0,0,0,0,0,0,0,0,0,0,0,0,0,"steib001","T","F","F","F",0,0,0,0,0,0,0,0,0,0,F,F,"1978BAL.EVA.regular.event.csv",4489
"BAL197808270","SEA",8,0,0,0,0,"",3,1,"robel001","?","robel001","?","briln101","?","briln101","?","skagd101","murre001","dauer001","decid001","belam101","moraa101","lopec101","singk001","","","","K","T","F",9,4,3,"T","T",0,"F","F",1,"F","F",0,"F","F",0,"","F","F","",0,0,"N",0,"N",0,"N",0,0,0,0,"2","","","","F","F","F","F","F","F","F","F","F","","","","F","F","F","F","F","","","","",0,2,0,0,0,0,0,0,0,54,"BAL","SEA","BAL",0,"T","F",3,1,0,30,0,"T","F",0,0,"T","T","robeb101","joner002","F","F",0,0,0,0,0,0,0,0,0,"","","",0,0,0,0,0,0,0,0,0,0,0,0,0,"","F","F","F","F",0,0,0,0,0,0,0,0,0,0,F,F,"1978BAL.EVA.regular.event.csv",4490
"BAL197808270","SEA",8,0,1,0,0,"",3,1,"robeb101","?","robeb101","?","briln101","?","briln101","?","skagd101","murre001","dauer001","decid001","belam101","moraa101","lopec101","singk001","","","","63","F","F",3,5,2,"T","T",0,"F","F",1,"F","F",0,"F","F",6,"G","F","F","",0,0,"N",0,"N",0,"N",0,0,0,0,"63","","","","F","F","F","F","F","F","F","F","F","","","","F","F","F","F","F","","","","",0,3,0,0,6,0,0,0,0,55,"BAL","SEA","BAL",0,"F","F",3,1,0,31,1,"T","F",0,0,"T","T","joner002","stanl102","F","F",0,0,0,0,0,0,0,0,0,"","","",0,0,0,0,0,0,0,0,0,0,0,0,0,"belam101","F","F","F","F",0,0,0,0,0,0,0,0,0,0,F,F,"1978BAL.EVA.regular.event.csv",4491
"BAL197808270","SEA",8,0,2,0,0,"",3,1,"joner002","?","joner002","?","briln101","?","briln101","?","skagd101","murre001","dauer001","decid001","belam101","moraa101","lopec101","singk001","","","","D7/78.BX3(765)","F","F",8,6,21,"T","T",2,"F","F",1,"F","F",0,"F","F",7,"","F","F","78",0,0,"N",0,"N",0,"N",0,0,0,0,"765","","","","F","F","F","F","F","F","F","F","F","","","","F","F","F","F","F","","","","",0,5,0,0,7,6,0,0,0,56,"BAL","SEA","BAL",0,"F","T",3,1,0,32,2,"T","F",0,0,"T","T","stanl102","steib001","F","F",0,0,0,0,0,0,0,0,0,"","","",0,0,0,0,0,0,0,0,0,0,0,0,0,"moraa101","F","F","F","F",0,0,0,0,0,0,0,0,0,0,F,F,"1978BAL.EVA.regular.event.csv",4492
"BAL197808270","SEA",8,1,0,0,0,"",3,1,"decid001","?","decid001","?","honer001","?","honer001","?","paslk101","meyed001","cruzj002","steib001","reync001","halej101","joner002","robel001","","","","W","T","F",5,6,14,"T","F",0,"F","F",0,"F","F",0,"F","F",0,"","F","F","",0,0,"N",0,"N",0,"N",1,0,0,0,"","","","","F","F","F","F","F","F","F","F","F","","","","F","F","F","F","F","","","","",0,0,0,0,0,0,0,0,0,57,"BAL","BAL","SEA",1,"T","F",1,3,0,23,0,"T","F",0,1,"T","T","moraa101","lopec101","T","T",0,0,0,0,0,0,0,0,0,"","","",0,0,0,0,0,0,0,0,0,0,0,0,0,"","F","F","F","F",5,0,0,0,1,0,0,0,0,0,F,F,"1978BAL.EVA.regular.event.csv",4493
"BAL197808270","SEA",8,1,0,0,0,"",3,1,"moraa101","?","moraa101","?","honer001","?","honer001","?","paslk101","meyed001","cruzj002","steib001","reync001","halej101","joner002","robel001","decid001","","","4/L.1-3(E3)","F","F",7,7,2,"T","T",0,"F","F",1,"F","F",0,"F","F",4,"L","F","F","",1,3,"F",0,"N",0,"N",0,3,0,0,"4","","","","F","F","F","F","F","F","F","F","F","honer001","","","F","F","F","F","F","","","","",0,4,0,0,0,0,0,0,0,58,"BAL","BAL","SEA",1,"F","F",1,3,0,24,1,"T","F",1,4,"T","T","lopec101","skagd101","T","T",5,6,57,0,0,0,0,0,0,"paslk101","","",0,0,0,0,0,0,0,0,0,0,0,0,0,"cruzj002","F","F","F","F",0,5,0,0,1,0,0,0,0,0,F,F,"1978BAL.EVA.regular.event.csv",4494
"BAL197808270","SEA",8,1,1,0,0,"",3,1,"lopec101","?","lopec101","?","honer001","?","honer001","?","paslk101","meyed001","cruzj002","steib001","reync001","halej101","joner002","robel001","","","decid001","8/SF.3-H(UR)","F","F",8,8,2,"T","F",0,"F","T",1,"F","F",1,"F","F",8,"F","F","F","",0,0,"N",0,"N",0,"N",0,0,0,5,"8","","","","F","F","F","F","F","F","F","F","F","","","honer001","F","F","F","F","F","","","","",0,8,0,0,0,0,0,0,0,59,"BAL","BAL","SEA",1,"F","F",1,3,0,25,2,"T","F",4,0,"T","T","skagd101","belam101","T","T",0,0,0,0,0,0,5,6,57,"","","paslk101",0,0,0,0,0,0,0,0,0,0,0,0,1,"joner002","F","F","F","F",0,0,0,5,0,0,0,0,0,0,F,F,"1978BAL.EVA.regular.event.csv",4495
"BAL197808270","SEA",8,1,2,0,0,"",3,2,"dempr001","?","dempr001","?","honer001","?","honer001","?","paslk101","meyed001","cruzj002","steib001","reync001","halej101","joner002","robel001","","","","S/89","F","T",11,9,20,"T","T",1,"F","F",0,"F","F",0,"F","F",0,"","F","F","89",0,0,"N",0,"N",0,"N",1,0,0,0,"","","","","F","F","F","F","F","F","F","F","F","","","","F","F","F","F","F","","","","skagd101",2,0,0,0,0,0,0,0,0,60,"BAL","BAL","SEA",1,"F","F",2,3,1,26,3,"T","F",0,1,"F","F","belam101","dauer001","T","T",0,0,0,0,0,0,0,0,0,"","","",0,0,0,0,0,0,0,0,0,0,0,0,0,"","F","F","F","F",1,0,0,0,0,0,0,0,0,0,F,F,"1978BAL.EVA.regular.event.csv",4496
"BAL197808270","SEA",8,1,2,0,0,"",3,2,"crowt101","?","crowt101","?","romoe101","?","romoe101","?","paslk101","meyed001","cruzj002","steib001","reync001","halej101","joner002","robel001","dempr001","","","3/G","F","T",11,1,2,"T","T",0,"F","F",1,"F","F",0,"F","F",3,"G","F","F","",0,0,"N",0,"N",0,"N",0,1,0,0,"3","","","","F","F","F","F","F","F","F","F","F","honer001","","","F","F","F","F","F","","","","belam101",6,3,0,0,0,0,0,0,0,61,"BAL","BAL","SEA",1,"F","T",2,3,1,27,4,"T","F",1,1,"F","F","dauer001","singk001","F","F",11,9,60,0,0,0,0,0,0,"paslk101","","",0,0,0,0,0,0,0,0,0,0,0,0,0,"meyed001","F","F","F","F",0,1,0,0,0,0,0,0,0,0,F,F,"1978BAL.EVA.regular.event.csv",4497
"BAL197808270","SEA",9,0,0,0,0,"",3,2,"meyed001","?","meyed001","?","briln101","?","briln101","?","dempr001","murre001","dauer001","decid001","smitb101","moraa101","lopec101","singk001","","","","6","T","F",3,7,2,"T","T",0,"F","F",1,"F","F",0,"F","F",6,"F","F","F","",0,0,"N",0,"N",0,"N",0,0,0,0,"6","","","","F","F","F","F","F","F","F","F","F","","","","F","F","F","F","F","","","","",0,6,0,0,0,0,0,0,0,62,"BAL","SEA","BAL",0,"T","F",3,2,0,33,0,"T","F",0,0,"F","F","steib001","paslk101","F","F",0,0,0,0,0,0,0,0,0,"","","",0,0,0,0,0,0,0,0,0,0,0,0,0,"smitb101","F","F","F","F",0,0,0,0,0,0,0,0,0,0,F,F,"1978BAL.EVA.regular.event.csv",4498
"BAL197808270","SEA",9,0,1,0,0,"",3,2,"steib001","?","steib001","?","briln101","?","briln101","?","dempr001","murre001","dauer001","decid001","smitb101","moraa101","lopec101","singk001","","","","63","F","F",5,8,2,"T","T",0,"F","F",1,"F","F",0,"F","F",6,"G","F","F","",0,0,"N",0,"N",0,"N",0,0,0,0,"63","","","","F","F","F","F","F","F","F","F","F","","","","F","F","F","F","F","","","","",0,3,0,0,6,0,0,0,0,63,"BAL","SEA","BAL",0,"F","F",3,2,0,34,1,"T","F",0,0,"T","T","paslk101","cruzj002","F","F",0,0,0,0,0,0,0,0,0,"","","",0,0,0,0,0,0,0,0,0,0,0,0,0,"smitb101","F","F","F","F",0,0,0,0,0,0,0,0,0,0,F,F,"1978BAL.EVA.regular.event.csv",4499
"BAL197808270","SEA",9,0,2,0,0,"",3,2,"paslk101","?","paslk101","?","briln101","?","briln101","?","dempr001","murre001","dauer001","decid001","smitb101","moraa101","lopec101","singk001","","","","7","F","F",2,9,2,"T","T",0,"F","F",1,"F","F",0,"F","F",7,"F","F","F","",0,0,"N",0,"N",0,"N",0,0,0,0,"7","","","","F","F","F","F","F","F","F","F","F","","","","F","F","F","F","F","","","","",0,7,0,0,0,0,0,0,0,64,"BAL","SEA","BAL",0,"F","T",3,2,0,35,2,"T","F",0,0,"T","T","cruzj002","reync001","F","F",0,0,0,0,0,0,0,0,0,"","","",0,0,0,0,0,0,0,0,0,0,0,0,0,"moraa101","F","F","F","F",0,0,0,0,0,0,0,0,0,0,F,F,"1978BAL.EVA.regular.event.csv",4500
"BAL197808270","SEA",9,1,0,0,0,"",3,2,"harll101","?","harll101","?","romoe101","?","romoe101","?","paslk101","meyed001","cruzj002","steib001","reync001","halej101","joner002","robel001","","","","4/P","T","T",11,2,2,"T","T",0,"F","F",1,"F","F",0,"F","F",4,"P","F","F","",0,0,"N",0,"N",0,"N",0,0,0,0,"4","","","","F","F","F","F","F","F","F","F","F","","","","F","F","F","F","F","","","","dauer001",4,4,0,0,0,0,0,0,0,65,"BAL","BAL","SEA",1,"T","F",2,3,0,28,0,"T","F",0,0,"F","F","singk001","murre001","F","F",0,0,0,0,0,0,0,0,0,"","","",0,0,0,0,0,0,0,0,0,0,0,0,0,"cruzj002","F","F","F","F",0,0,0,0,2,0,0,0,0,0,F,F,"1978BAL.EVA.regular.event.csv",4501
"BAL197808270","SEA",9,1,1,0,0,"",3,2,"singk001","?","singk001","?","romoe101","?","romoe101","?","paslk101","meyed001","cruzj002","steib001","reync001","halej101","joner002","robel001","","","","D7","F","F",9,3,21,"T","T",2,"F","F",0,"F","F",0,"F","F",7,"","F","F","",0,0,"N",0,"N",0,"N",2,0,0,0,"","","","","F","F","F","F","F","F","F","F","F","","","","F","F","F","F","F","","","","",0,0,0,0,0,0,0,0,0,66,"BAL","BAL","SEA",1,"F","F",2,3,0,29,1,"T","F",0,2,"T","T","murre001","may-l101","F","F",0,0,0,0,0,0,0,0,0,"","","",0,0,0,0,0,0,0,0,0,0,0,0,0,"halej101","F","F","F","F",4,0,0,0,2,0,0,0,0,0,F,F,"1978BAL.EVA.regular.event.csv",4502
"BAL197808270","SEA",9,1,1,0,0,"",3,2,"murre001","?","murre001","?","romoe101","?","romoe101","?","paslk101","meyed001","cruzj002","steib001","reync001","halej101","joner002","robel001","","andem101","","HR.2-H","F","F",3,4,23,"T","T",4,"F","F",0,"F","F",2,"F","F",0,"","F","F","",0,0,"N",0,"N",0,"N",4,0,4,0,"","","","","F","F","F","F","F","F","F","F","F","","romoe101","","F","T","F","T","F","","singk001","","",0,0,0,0,0,0,0,0,0,67,"BAL","BAL","SEA",1,"F","T",2,3,0,30,2,"T","F",2,0,"T","T","may-l101","decid001","F","F",0,0,0,0,3,66,0,0,0,"","paslk101","",0,0,0,0,0,0,0,0,0,0,0,0,2,"","F","F","F","F",4,0,4,0,0,0,0,0,0,0,F,F,"1978BAL.EVA.regular.event.csv",4503
"BAL197808280","OAK",1,0,0,0,0,"",0,0,"wallj101","?","wallj101","?","palmj001","?","palmj001","?","dempr001","murre001","dauer001","decid001","belam101","kellp101","harll101","singk001","","","","6","T","F",9,1,2,"T","T",0,"F","F",1,"F","F",0,"F","F",6,"F","F","F","",0,0,"N",0,"N",0,"N",0,0,0,0,"6","","","","F","F","F","F","F","F","F","F","F","","","","T","F","F","F","F","","","","",0,6,0,0,0,0,0,0,0,1,"BAL","OAK","BAL",0,"T","F",0,0,0,0,0,"T","F",0,0,"T","T","grosw001","reved101","T","T",0,0,0,0,0,0,0,0,0,"","","",0,0,0,0,0,0,0,0,0,0,0,0,0,"belam101","F","F","F","F",0,0,0,0,0,0,0,0,0,0,F,F,"1978BAL.EVA.regular.event.csv",4504
"BAL197808280","OAK",1,0,1,0,0,"",0,0,"grosw001","?","grosw001","?","palmj001","?","palmj001","?","dempr001","murre001","dauer001","decid001","belam101","kellp101","harll101","singk001","","","","S9/G","F","F",5,2,20,"T","T",1,"F","F",0,"F","F",0,"F","F",9,"G","F","F","",0,0,"N",0,"N",0,"N",1,0,0,0,"","","","","F","F","F","F","F","F","F","F","F","","","","F","F","F","F","F","","","","",0,0,0,0,0,0,0,0,0,2,"BAL","OAK","BAL",0,"F","F",0,0,0,1,1,"T","F",0,1,"T","T","reved101","cartr101","T","T",0,0,0,0,0,0,0,0,0,"","","",0,0,0,0,0,0,0,0,0,0,0,0,0,"singk001","F","F","F","F",0,0,0,0,0,0,0,0,0,0,F,F,"1978BAL.EVA.regular.event.csv",4505
"BAL197808280","OAK",1,0,1,0,0,"",0,0,"reved101","?","reved101","?","palmj001","?","palmj001","?","dempr001","murre001","dauer001","decid001","belam101","kellp101","harll101","singk001","grosw001","","","S8.1-2","F","F",3,3,20,"T","T",1,"F","F",0,"F","F",0,"F","F",8,"","F","F","",0,0,"N",0,"N",0,"N",1,2,0,0,"","","","","F","F","F","F","F","F","F","F","F","palmj001","","","F","F","F","F","F","","","","",0,0,0,0,0,0,0,0,0,3,"BAL","OAK","BAL",0,"F","F",0,0,0,2,2,"T","F",1,3,"T","T","cartr101","pagem001","T","T",5,2,2,0,0,0,0,0,0,"dempr001","","",0,0,0,0,0,0,0,0,0,0,0,0,0,"harll101","F","F","F","F",0,0,0,0,0,0,0,0,0,0,F,F,"1978BAL.EVA.regular.event.csv",4506
"BAL197808280","OAK",1,0,1,0,0,"",0,0,"cartr101","?","cartr101","?","palmj001","?","palmj001","?","dempr001","murre001","dauer001","decid001","belam101","kellp101","harll101","singk001","reved101","grosw001","","64(1)3/GDP","F","F",10,4,2,"T","T",0,"F","F",2,"T","F",0,"F","F",6,"G","F","F","",0,0,"N",0,"N",0,"N",0,0,2,0,"43","64","","","F","F","F","F","F","F","F","F","F","palmj001","palmj001","","F","F","F","F","F","","","","",0,4,3,0,6,4,0,0,0,4,"BAL","OAK","BAL",0,"F","T",0,0,0,3,3,"T","F",3,2,"T","T","pagem001","robib102","T","T",3,3,3,5,2,2,0,0,0,"dempr001","dempr001","",0,0,0,0,0,0,0,0,0,0,0,0,0,"belam101","T","F","F","F",0,0,0,0,0,0,0,0,0,0,F,F,"1978BAL.EVA.regular.event.csv",4507
"BAL197808280","OAK",1,1,0,0,0,"",0,0,"harll101","?","harll101","?","renks101","?","renks101","?","robib102","reved101","edwam101","grosw001","guerm101","pagem001","armat001","wallj101","","","","K/C","T","F",8,1,3,"T","T",0,"F","F",1,"F","F",0,"F","F",0,"","F","F","",0,0,"N",0,"N",0,"N",0,0,0,0,"2","","","","F","F","F","F","F","F","F","F","F","","","","F","F","F","F","F","","","","",0,2,0,0,0,0,0,0,0,5,"BAL","BAL","OAK",1,"T","F",0,0,0,0,0,"T","F",0,0,"T","T","kellp101","singk001","T","T",0,0,0,0,0,0,0,0,0,"","","",0,0,0,0,0,0,0,0,0,0,0,0,0,"","F","F","F","F",0,0,0,0,0,0,0,0,0,0,F,F,"1978BAL.EVA.regular.event.csv",4508
"BAL197808280","OAK",1,1,1,0,0,"",0,0,"kellp101","?","kellp101","?","renks101","?","renks101","?","robib102","reved101","edwam101","grosw001","guerm101","pagem001","armat001","wallj101","","","","8","F","F",7,2,2,"T","T",0,"F","F",1,"F","F",0,"F","F",8,"F","F","F","",0,0,"N",0,"N",0,"N",0,0,0,0,"8","","","","F","F","F","F","F","F","F","F","F","","","","F","F","F","F","F","","","","",0,8,0,0,0,0,0,0,0,6,"BAL","BAL","OAK",1,"F","F",0,0,0,1,1,"T","F",0,0,"T","T","singk001","murre001","T","T",0,0,0,0,0,0,0,0,0,"","","",0,0,0,0,0,0,0,0,0,0,0,0,0,"armat001","F","F","F","F",0,0,0,0,0,0,0,0,0,0,F,F,"1978BAL.EVA.regular.event.csv",4509
"BAL197808280","OAK",1,1,2,0,0,"",0,0,"singk001","?","singk001","?","renks101","?","renks101","?","robib102","reved101","edwam101","grosw001","guerm101","pagem001","armat001","wallj101","","","","9/L","F","F",9,3,2,"T","T",0,"F","F",1,"F","F",0,"F","F",9,"L","F","F","",0,0,"N",0,"N",0,"N",0,0,0,0,"9","","","","F","F","F","F","F","F","F","F","F","","","","F","F","F","F","F","","","","",0,9,0,0,0,0,0,0,0,7,"BAL","BAL","OAK",1,"F","T",0,0,0,2,2,"T","F",0,0,"T","T","murre001","decid001","T","T",0,0,0,0,0,0,0,0,0,"","","",0,0,0,0,0,0,0,0,0,0,0,0,0,"wallj101","F","F","F","F",0,0,0,0,0,0,0,0,0,0,F,F,"1978BAL.EVA.regular.event.csv",4510
"BAL197808280","OAK",2,0,0,0,0,"",0,0,"pagem001","?","pagem001","?","palmj001","?","palmj001","?","dempr001","murre001","dauer001","decid001","belam101","kellp101","harll101","singk001","","","","63","T","F",7,5,2,"T","T",0,"F","F",1,"F","F",0,"F","F",6,"G","F","F","",0,0,"N",0,"N",0,"N",0,0,0,0,"63","","","","F","F","F","F","F","F","F","F","F","","","","F","F","F","F","F","","","","",0,3,0,0,6,0,0,0,0,8,"BAL","OAK","BAL",0,"T","F",0,0,0,4,0,"T","F",0,0,"T","T","robib102","guerm101","T","T",0,0,0,0,0,0,0,0,0,"","","",0,0,0,0,0,0,0,0,0,0,0,0,0,"belam101","F","F","F","F",0,0,0,0,0,0,0,0,0,0,F,F,"1978BAL.EVA.regular.event.csv",4511
"BAL197808280","OAK",2,0,1,0,0,"",0,0,"robib102","?","robib102","?","palmj001","?","palmj001","?","dempr001","murre001","dauer001","decid001","belam101","kellp101","harll101","singk001","","","","8","F","F",2,6,2,"T","T",0,"F","F",1,"F","F",0,"F","F",8,"F","F","F","",0,0,"N",0,"N",0,"N",0,0,0,0,"8","","","","F","F","F","F","F","F","F","F","F","","","","F","F","F","F","F","","","","",0,8,0,0,0,0,0,0,0,9,"BAL","OAK","BAL",0,"F","F",0,0,0,5,1,"T","F",0,0,"T","T","guerm101","armat001","T","T",0,0,0,0,0,0,0,0,0,"","","",0,0,0,0,0,0,0,0,0,0,0,0,0,"harll101","F","F","F","F",0,0,0,0,0,0,0,0,0,0,F,F,"1978BAL.EVA.regular.event.csv",4512
"BAL197808280","OAK",2,0,2,0,0,"",0,0,"guerm101","?","guerm101","?","palmj001","?","palmj001","?","dempr001","murre001","dauer001","decid001","belam101","kellp101","harll101","singk001","","","","8","F","F",6,7,2,"T","T",0,"F","F",1,"F","F",0,"F","F",8,"F","F","F","",0,0,"N",0,"N",0,"N",0,0,0,0,"8","","","","F","F","F","F","F","F","F","F","F","","","","F","F","F","F","F","","","","",0,8,0,0,0,0,0,0,0,10,"BAL","OAK","BAL",0,"F","T",0,0,0,6,2,"T","F",0,0,"T","T","armat001","edwam101","T","T",0,0,0,0,0,0,0,0,0,"","","",0,0,0,0,0,0,0,0,0,0,0,0,0,"harll101","F","F","F","F",0,0,0,0,0,0,0,0,0,0,F,F,"1978BAL.EVA.regular.event.csv",4513
"BAL197808280","OAK",2,1,0,0,0,"",0,0,"murre001","?","murre001","?","renks101","?","renks101","?","robib102","reved101","edwam101","grosw001","guerm101","pagem001","armat001","wallj101","","","","W","T","F",3,4,14,"T","F",0,"F","F",0,"F","F",0,"F","F",0,"","F","F","",0,0,"N",0,"N",0,"N",1,0,0,0,"","","","","F","F","F","F","F","F","F","F","F","","","","F","F","F","F","F","","","","",0,0,0,0,0,0,0,0,0,11,"BAL","BAL","OAK",1,"T","F",0,0,0,3,0,"T","F",0,1,"T","T","decid001","may-l101","T","T",0,0,0,0,0,0,0,0,0,"","","",0,0,0,0,0,0,0,0,0,0,0,0,0,"","F","F","F","F",0,0,0,0,0,0,0,0,0,0,F,F,"1978BAL.EVA.regular.event.csv",4514
"BAL197808280","OAK",2,1,0,0,0,"",0,0,"decid001","?","decid001","?","renks101","?","renks101","?","robib102","reved101","edwam101","grosw001","guerm101","pagem001","armat001","wallj101","murre001","","","6","F","F",5,5,2,"T","T",0,"F","F",1,"F","F",0,"F","F",6,"F","F","F","",0,0,"N",0,"N",0,"N",0,1,0,0,"6","","","","F","F","F","F","F","F","F","F","F","renks101","","","F","F","F","F","F","","","","",0,6,0,0,0,0,0,0,0,12,"BAL","BAL","OAK",1,"F","F",0,0,0,4,1,"T","F",1,1,"T","T","may-l101","dempr001","T","T",3,4,11,0,0,0,0,0,0,"robib102","","",0,0,0,0,0,0,0,0,0,0,0,0,0,"guerm101","F","F","F","F",0,0,0,0,0,0,0,0,0,0,F,F,"1978BAL.EVA.regular.event.csv",4515
"BAL197808280","OAK",2,1,1,0,0,"",0,0,"may-l101","?","may-l101","?","renks101","?","renks101","?","robib102","reved101","edwam101","grosw001","guerm101","pagem001","armat001","wallj101","murre001","","","54(1)3/GDP","F","F",10,6,2,"T","T",0,"F","F",2,"T","F",0,"F","F",5,"G","F","F","",0,0,"N",0,"N",0,"N",0,0,0,0,"43","54","","","F","F","F","F","F","F","F","F","F","renks101","","","F","F","F","F","F","","","","",0,4,3,0,5,4,0,0,0,13,"BAL","BAL","OAK",1,"F","T",0,0,0,5,2,"T","F",1,0,"T","T","dempr001","dauer001","T","T",3,4,11,0,0,0,0,0,0,"robib102","","",0,0,0,0,0,0,0,0,0,0,0,0,0,"grosw001","T","F","F","F",0,0,0,0,0,0,0,0,0,0,F,F,"1978BAL.EVA.regular.event.csv",4516
"BAL197808280","OAK",3,0,0,0,0,"",0,0,"armat001","?","armat001","?","palmj001","?","palmj001","?","dempr001","murre001","dauer001","decid001","belam101","kellp101","harll101","singk001","","","","S7","T","F",8,8,20,"T","T",1,"F","F",0,"F","F",0,"F","F",7,"","F","F","",0,0,"N",0,"N",0,"N",1,0,0,0,"","","","","F","F","F","F","F","F","F","F","F","","","","F","F","F","F","F","","","","",0,0,0,0,0,0,0,0,0,14,"BAL","OAK","BAL",0,"T","F",0,0,0,7,0,"T","F",0,1,"T","T","edwam101","wallj101","T","T",0,0,0,0,0,0,0,0,0,"","","",0,0,0,0,0,0,0,0,0,0,0,0,0,"kellp101","F","F","F","F",0,0,0,0,0,0,0,0,0,0,F,F,"1978BAL.EVA.regular.event.csv",4517
"BAL197808280","OAK",3,0,0,0,0,"",0,0,"edwam101","?","edwam101","?","palmj001","?","palmj001","?","dempr001","murre001","dauer001","decid001","belam101","kellp101","harll101","singk001","armat001","","","13/SH.1-2","F","F",4,9,2,"T","F",0,"T","F",1,"F","F",0,"F","F",1,"G","T","F","",0,0,"N",0,"N",0,"N",0,2,0,0,"13","","","","F","F","F","F","F","F","F","F","F","palmj001","","","F","F","F","F","F","","","","",0,3,0,0,1,0,0,0,0,15,"BAL","OAK","BAL",0,"F","F",0,0,0,8,1,"T","F",1,2,"T","T","wallj101","grosw001","T","T",8,8,14,0,0,0,0,0,0,"dempr001","","",0,0,0,0,0,0,0,0,0,0,0,0,0,"palmj001","F","F","F","F",0,0,0,0,0,0,0,0,0,0,F,F,"1978BAL.EVA.regular.event.csv",4518
"BAL197808280","OAK",3,0,1,0,0,"",0,0,"wallj101","?","wallj101","?","palmj001","?","palmj001","?","dempr001","murre001","dauer001","decid001","belam101","kellp101","harll101","singk001","","armat001","","13","F","F",9,1,2,"T","T",0,"F","F",1,"F","F",0,"F","F",1,"G","F","F","",0,0,"N",0,"N",0,"N",0,0,2,0,"13","","","","F","F","F","F","F","F","F","F","F","","palmj001","","F","F","F","F","F","","","","",0,3,0,0,1,0,0,0,0,16,"BAL","OAK","BAL",0,"F","F",0,0,0,9,2,"T","F",2,2,"T","T","grosw001","reved101","T","T",0,0,0,8,8,14,0,0,0,"","dempr001","",0,0,0,0,0,0,0,0,0,0,0,0,0,"palmj001","F","F","F","F",0,0,0,0,0,0,0,0,0,0,F,F,"1978BAL.EVA.regular.event.csv",4519
"BAL197808280","OAK",3,0,2,0,0,"",0,0,"grosw001","?","grosw001","?","palmj001","?","palmj001","?","dempr001","murre001","dauer001","decid001","belam101","kellp101","harll101","singk001","","armat001","","K","F","F",5,2,3,"T","T",0,"F","F",1,"F","F",0,"F","F",0,"","F","F","",0,0,"N",0,"N",0,"N",0,0,2,0,"2","","","","F","F","F","F","F","F","F","F","F","","palmj001","","F","F","F","F","F","","","","",0,2,0,0,0,0,0,0,0,17,"BAL","OAK","BAL",0,"F","T",0,0,0,10,3,"T","F",2,2,"T","T","reved101","cartr101","T","T",0,0,0,8,8,14,0,0,0,"","dempr001","",0,0,0,0,0,0,0,0,0,0,0,0,0,"","F","F","F","F",0,0,0,0,0,0,0,0,0,0,F,F,"1978BAL.EVA.regular.event.csv",4520
"BAL197808280","OAK",3,1,0,0,0,"",0,0,"dempr001","?","dempr001","?","renks101","?","renks101","?","robib102","reved101","edwam101","grosw001","guerm101","pagem001","armat001","wallj101","","","","S9","T","F",2,7,20,"T","T",1,"F","F",0,"F","F",0,"F","F",9,"","F","F","",0,0,"N",0,"N",0,"N",1,0,0,0,"","","","","F","F","F","F","F","F","F","F","F","","","","F","F","F","F","F","","","","",0,0,0,0,0,0,0,0,0,18,"BAL","BAL","OAK",1,"T","F",0,0,0,6,0,"T","F",0,1,"T","T","dauer001","belam101","T","T",0,0,0,0,0,0,0,0,0,"","","",0,0,0,0,0,0,0,0,0,0,0,0,0,"wallj101","F","F","F","F",0,0,0,0,0,0,0,0,0,0,F,F,"1978BAL.EVA.regular.event.csv",4521
"BAL197808280","OAK",3,1,0,0,0,"",0,0,"dauer001","?","dauer001","?","renks101","?","renks101","?","robib102","reved101","edwam101","grosw001","guerm101","pagem001","armat001","wallj101","dempr001","","","64(1)3/GDP","F","F",4,8,2,"T","T",0,"F","F",2,"T","F",0,"F","F",6,"G","F","F","",0,0,"N",0,"N",0,"N",0,0,0,0,"43","64","","","F","F","F","F","F","F","F","F","F","renks101","","","F","F","F","F","F","","","","",0,4,3,0,6,4,0,0,0,19,"BAL","BAL","OAK",1,"F","F",0,0,0,7,1,"T","F",1,0,"T","T","belam101","harll101","T","T",2,7,18,0,0,0,0,0,0,"robib102","","",0,0,0,0,0,0,0,0,0,0,0,0,0,"guerm101","T","F","F","F",0,0,0,0,0,0,0,0,0,0,F,F,"1978BAL.EVA.regular.event.csv",4522
"BAL197808280","OAK",3,1,2,0,0,"",0,0,"belam101","?","belam101","?","renks101","?","renks101","?","robib102","reved101","edwam101","grosw001","guerm101","pagem001","armat001","wallj101","","","","W","F","F",6,9,14,"T","F",0,"F","F",0,"F","F",0,"F","F",0,"","F","F","",0,0,"N",0,"N",0,"N",1,0,0,0,"","","","","F","F","F","F","F","F","F","F","F","","","","F","F","F","F","F","","","","",0,0,0,0,0,0,0,0,0,20,"BAL","BAL","OAK",1,"F","F",0,0,0,8,2,"T","F",0,1,"T","T","harll101","kellp101","T","T",0,0,0,0,0,0,0,0,0,"","","",0,0,0,0,0,0,0,0,0,0,0,0,0,"","F","F","F","F",0,0,0,0,0,0,0,0,0,0,F,F,"1978BAL.EVA.regular.event.csv",4523
"BAL197808280","OAK",3,1,2,0,0,"",0,0,"harll101","?","harll101","?","renks101","?","renks101","?","robib102","reved101","edwam101","grosw001","guerm101","pagem001","armat001","wallj101","belam101","","","SB2.1-3(E2/TH2)","F","F",8,1,4,"F","F",0,"F","F",0,"F","F",0,"F","F",0,"","F","F","",1,2,"T",0,"N",0,"N",0,3,0,0,"","","","","T","F","F","F","F","F","F","F","F","renks101","","","F","F","F","F","F","","","","",0,0,0,0,0,0,0,0,0,21,"BAL","BAL","OAK",1,"F","F",0,0,0,9,3,"T","F",1,4,"T","T","kellp101","singk001","T","T",6,9,20,0,0,0,0,0,0,"robib102","","",0,0,0,0,0,0,0,0,0,0,0,0,0,"","F","F","F","F",0,0,0,0,0,0,0,0,0,0,F,F,"1978BAL.EVA.regular.event.csv",4524
"BAL197808280","OAK",3,1,2,0,0,"",0,0,"harll101","?","harll101","?","renks101","?","renks101","?","robib102","reved101","edwam101","grosw001","guerm101","pagem001","armat001","wallj101","","","belam101","8","F","F",8,1,2,"T","T",0,"F","F",1,"F","F",0,"F","F",8,"F","F","F","",0,0,"N",0,"N",0,"N",0,0,0,3,"8","","","","F","F","F","F","F","F","F","F","F","","","renks101","F","F","F","F","F","","","","",0,8,0,0,0,0,0,0,0,22,"BAL","BAL","OAK",1,"F","T",0,0,0,9,3,"F","F",4,4,"T","T","kellp101","singk001","T","T",0,0,0,0,0,0,6,9,20,"","","robib102",0,0,0,0,0,0,0,0,0,0,0,0,0,"armat001","F","F","F","F",0,0,0,0,0,0,0,0,0,0,F,F,"1978BAL.EVA.regular.event.csv",4525
"BAL197808280","OAK",4,0,0,0,0,"",0,0,"reved101","?","reved101","?","palmj001","?","palmj001","?","dempr001","murre001","dauer001","decid001","belam101","kellp101","harll101","singk001","","","","S8","T","F",3,3,20,"T","T",1,"F","F",0,"F","F",0,"F","F",8,"","F","F","",0,0,"N",0,"N",0,"N",1,0,0,0,"","","","","F","F","F","F","F","F","F","F","F","","","","F","F","F","F","F","","","","",0,0,0,0,0,0,0,0,0,23,"BAL","OAK","BAL",0,"T","F",0,0,0,11,0,"T","F",0,1,"T","T","cartr101","pagem001","T","T",0,0,0,0,0,0,0,0,0,"","","",0,0,0,0,0,0,0,0,0,0,0,0,0,"harll101","F","F","F","F",4,0,0,0,1,0,0,0,0,0,F,F,"1978BAL.EVA.regular.event.csv",4526
"BAL197808280","OAK",4,0,0,0,0,"",0,0,"cartr101","?","cartr101","?","palmj001","?","palmj001","?","dempr001","murre001","dauer001","decid001","belam101","kellp101","harll101","singk001","reved101","","","8","F","F",10,4,2,"T","T",0,"F","F",1,"F","F",0,"F","F",8,"F","F","F","",0,0,"N",0,"N",0,"N",0,1,0,0,"8","","","","F","F","F","F","F","F","F","F","F","palmj001","","","F","F","F","F","F","","","","",0,8,0,0,0,0,0,0,0,24,"BAL","OAK","BAL",0,"F","F",0,0,0,12,1,"T","F",1,1,"T","T","pagem001","robib102","T","T",3,3,23,0,0,0,0,0,0,"dempr001","","",0,0,0,0,0,0,0,0,0,0,0,0,0,"harll101","F","F","F","F",0,4,0,0,1,0,0,0,0,0,F,F,"1978BAL.EVA.regular.event.csv",4527
"BAL197808280","OAK",4,0,1,0,0,"",0,0,"pagem001","?","pagem001","?","palmj001","?","palmj001","?","dempr001","murre001","dauer001","decid001","belam101","kellp101","harll101","singk001","reved101","","","7","F","F",7,5,2,"T","T",0,"F","F",1,"F","F",0,"F","F",7,"F","F","F","",0,0,"N",0,"N",0,"N",0,1,0,0,"7","","","","F","F","F","F","F","F","F","F","F","palmj001","","","F","F","F","F","F","","","","",0,7,0,0,0,0,0,0,0,25,"BAL","OAK","BAL",0,"F","F",0,0,0,13,2,"T","F",1,1,"T","T","robib102","guerm101","T","T",3,3,23,0,0,0,0,0,0,"dempr001","","",0,0,0,0,0,0,0,0,0,0,0,0,0,"kellp101","F","F","F","F",0,4,0,0,1,0,0,0,0,0,F,F,"1978BAL.EVA.regular.event.csv",4528
"BAL197808280","OAK",4,0,2,0,0,"",0,0,"robib102","?","robib102","?","palmj001","?","palmj001","?","dempr001","murre001","dauer001","decid001","belam101","kellp101","harll101","singk001","reved101","","","S7.1-2","F","F",2,6,20,"T","T",1,"F","F",0,"F","F",0,"F","F",7,"","F","F","",0,0,"N",0,"N",0,"N",1,2,0,0,"","","","","F","F","F","F","F","F","F","F","F","palmj001","","","F","F","F","F","F","","","","",0,0,0,0,0,0,0,0,0,26,"BAL","OAK","BAL",0,"F","F",0,0,0,14,3,"T","F",1,3,"T","T","guerm101","armat001","T","T",3,3,23,0,0,0,0,0,0,"dempr001","","",0,0,0,0,0,0,0,0,0,0,0,0,0,"kellp101","F","F","F","F",0,4,0,0,1,0,0,0,0,0,F,F,"1978BAL.EVA.regular.event.csv",4529
"BAL197808280","OAK",4,0,2,0,0,"",0,0,"guerm101","?","guerm101","?","palmj001","?","palmj001","?","dempr001","murre001","dauer001","decid001","belam101","kellp101","harll101","singk001","robib102","reved101","","S9.2-H;1-3","F","F",6,7,20,"T","T",1,"F","F",0,"F","F",1,"F","F",9,"","F","F","",0,0,"N",0,"N",0,"N",1,3,4,0,"","","","","F","F","F","F","F","F","F","F","F","palmj001","palmj001","","F","F","F","F","F","","","","",0,0,0,0,0,0,0,0,0,27,"BAL","OAK","BAL",0,"F","F",0,0,0,15,4,"T","F",3,5,"T","T","armat001","edwam101","T","T",2,6,26,3,3,23,0,0,0,"dempr001","dempr001","",0,0,0,0,0,0,0,0,0,0,0,0,1,"singk001","F","F","F","F",0,0,4,0,0,0,0,0,0,0,F,F,"1978BAL.EVA.regular.event.csv",4530
"BAL197808280","OAK",4,0,2,0,0,"",1,0,"armat001","?","armat001","?","palmj001","?","palmj001","?","dempr001","murre001","dauer001","decid001","belam101","kellp101","harll101","singk001","guerm101","","robib102","8","F","F",8,8,2,"T","T",0,"F","F",1,"F","F",0,"F","F",8,"F","F","F","",0,0,"N",0,"N",0,"N",0,1,0,3,"8","","","","F","F","F","F","F","F","F","F","F","palmj001","","palmj001","F","F","F","F","F","","","","",0,8,0,0,0,0,0,0,0,28,"BAL","OAK","BAL",0,"F","T",1,0,1,16,5,"T","F",5,5,"T","T","edwam101","wallj101","T","T",6,7,27,0,0,0,2,6,26,"dempr001","","dempr001",0,0,0,0,0,0,0,0,0,0,0,0,0,"harll101","F","F","F","F",0,0,0,0,0,0,0,0,0,0,F,F,"1978BAL.EVA.regular.event.csv",4531
"BAL197808280","OAK",4,1,0,0,0,"",1,0,"kellp101","?","kellp101","?","renks101","?","renks101","?","robib102","reved101","edwam101","grosw001","guerm101","pagem001","armat001","wallj101","","","","3/L","T","F",7,2,2,"T","T",0,"F","F",1,"F","F",0,"F","F",3,"L","F","F","",0,0,"N",0,"N",0,"N",0,0,0,0,"3","","","","F","F","F","F","F","F","F","F","F","","","","F","F","F","F","F","","","","",0,3,0,0,0,0,0,0,0,29,"BAL","BAL","OAK",1,"T","F",0,1,0,10,0,"T","F",0,0,"T","T","singk001","murre001","T","T",0,0,0,0,0,0,0,0,0,"","","",0,0,0,0,0,0,0,0,0,0,0,0,0,"reved101","F","F","F","F",0,0,0,0,1,0,0,0,0,0,F,F,"1978BAL.EVA.regular.event.csv",4532
"BAL197808280","OAK",4,1,1,0,0,"",1,0,"singk001","?","singk001","?","renks101","?","renks101","?","robib102","reved101","edwam101","grosw001","guerm101","pagem001","armat001","wallj101","","","","HR/9","F","F",9,3,23,"T","T",4,"F","F",0,"F","F",1,"F","F",0,"","F","F","9",0,0,"N",0,"N",0,"N",4,0,0,0,"","","","","F","F","F","F","F","F","F","F","F","","","","F","F","F","F","F","","","","",0,0,0,0,0,0,0,0,0,30,"BAL","BAL","OAK",1,"F","F",0,1,0,11,1,"T","F",0,0,"T","T","murre001","decid001","T","T",0,0,0,0,0,0,0,0,0,"","","",0,0,0,0,0,0,0,0,0,0,0,0,1,"","F","F","F","F",4,0,0,0,0,0,0,0,0,0,F,F,"1978BAL.EVA.regular.event.csv",4533
"BAL197808280","OAK",4,1,1,0,0,"",1,1,"murre001","?","murre001","?","renks101","?","renks101","?","robib102","reved101","edwam101","grosw001","guerm101","pagem001","armat001","wallj101","","","","K","F","F",3,4,3,"T","T",0,"F","F",1,"F","F",0,"F","F",0,"","F","F","",0,0,"N",0,"N",0,"N",0,0,0,0,"2","","","","F","F","F","F","F","F","F","F","F","","","","F","F","F","F","F","","","","",0,2,0,0,0,0,0,0,0,31,"BAL","BAL","OAK",1,"F","F",1,1,1,12,2,"T","F",0,0,"T","T","decid001","may-l101","T","T",0,0,0,0,0,0,0,0,0,"","","",0,0,0,0,0,0,0,0,0,0,0,0,0,"","F","F","F","F",0,0,0,0,0,0,0,0,0,0,F,F,"1978BAL.EVA.regular.event.csv",4534
"BAL197808280","OAK",4,1,2,0,0,"",1,1,"decid001","?","decid001","?","renks101","?","renks101","?","robib102","reved101","edwam101","grosw001","guerm101","pagem001","armat001","wallj101","","","","S8/G","F","F",5,5,20,"T","T",1,"F","F",0,"F","F",0,"F","F",8,"G","F","F","",0,0,"N",0,"N",0,"N",1,0,0,0,"","","","","F","F","F","F","F","F","F","F","F","","","","F","F","F","F","F","","","","",0,0,0,0,0,0,0,0,0,32,"BAL","BAL","OAK",1,"F","F",1,1,1,13,3,"T","F",0,1,"T","T","may-l101","dempr001","T","T",0,0,0,0,0,0,0,0,0,"","","",0,0,0,0,0,0,0,0,0,0,0,0,0,"armat001","F","F","F","F",0,0,0,0,0,0,0,0,0,0,F,F,"1978BAL.EVA.regular.event.csv",4535
"BAL197808280","OAK",4,1,2,0,0,"",1,1,"may-l101","?","may-l101","?","renks101","?","renks101","?","robib102","reved101","edwam101","grosw001","guerm101","pagem001","armat001","wallj101","decid001","","","8","F","F",10,6,2,"T","T",0,"F","F",1,"F","F",0,"F","F",8,"F","F","F","",0,0,"N",0,"N",0,"N",0,1,0,0,"8","","","","F","F","F","F","F","F","F","F","F","renks101","","","F","F","F","F","F","","","","",0,8,0,0,0,0,0,0,0,33,"BAL","BAL","OAK",1,"F","T",1,1,1,14,4,"T","F",1,1,"T","T","dempr001","dauer001","T","T",5,5,32,0,0,0,0,0,0,"robib102","","",0,0,0,0,0,0,0,0,0,0,0,0,0,"armat001","F","F","F","F",0,0,0,0,0,0,0,0,0,0,F,F,"1978BAL.EVA.regular.event.csv",4536
"BAL197808280","OAK",5,0,0,0,0,"",1,1,"edwam101","?","edwam101","?","palmj001","?","palmj001","?","dempr001","murre001","dauer001","decid001","belam101","kellp101","harll101","singk001","","","","7","T","F",4,9,2,"T","T",0,"F","F",1,"F","F",0,"F","F",7,"F","F","F","",0,0,"N",0,"N",0,"N",0,0,0,0,"7","","","","F","F","F","F","F","F","F","F","F","","","","F","F","F","F","F","","","","",0,7,0,0,0,0,0,0,0,34,"BAL","OAK","BAL",0,"T","F",1,1,0,17,0,"T","F",0,0,"T","T","wallj101","grosw001","T","T",0,0,0,0,0,0,0,0,0,"","","",0,0,0,0,0,0,0,0,0,0,0,0,0,"kellp101","F","F","F","F",0,0,0,0,0,0,0,0,0,0,F,F,"1978BAL.EVA.regular.event.csv",4537
"BAL197808280","OAK",5,0,1,0,0,"",1,1,"wallj101","?","wallj101","?","palmj001","?","palmj001","?","dempr001","murre001","dauer001","decid001","belam101","kellp101","harll101","singk001","","","","K","F","F",9,1,3,"T","T",0,"F","F",1,"F","F",0,"F","F",0,"","F","F","",0,0,"N",0,"N",0,"N",0,0,0,0,"2","","","","F","F","F","F","F","F","F","F","F","","","","F","F","F","F","F","","","","",0,2,0,0,0,0,0,0,0,35,"BAL","OAK","BAL",0,"F","F",1,1,0,18,1,"T","F",0,0,"T","T","grosw001","reved101","T","T",0,0,0,0,0,0,0,0,0,"","","",0,0,0,0,0,0,0,0,0,0,0,0,0,"","F","F","F","F",0,0,0,0,0,0,0,0,0,0,F,F,"1978BAL.EVA.regular.event.csv",4538
"BAL197808280","OAK",5,0,2,0,0,"",1,1,"grosw001","?","grosw001","?","palmj001","?","palmj001","?","dempr001","murre001","dauer001","decid001","belam101","kellp101","harll101","singk001","","","","3/P","F","F",5,2,2,"T","T",0,"F","F",1,"F","F",0,"F","F",3,"P","F","F","",0,0,"N",0,"N",0,"N",0,0,0,0,"3","","","","F","F","F","F","F","F","F","F","F","","","","F","F","F","F","F","","","","",0,3,0,0,0,0,0,0,0,36,"BAL","OAK","BAL",0,"F","T",1,1,0,19,2,"T","F",0,0,"T","T","reved101","cartr101","T","T",0,0,0,0,0,0,0,0,0,"","","",0,0,0,0,0,0,0,0,0,0,0,0,0,"murre001","F","F","F","F",0,0,0,0,0,0,0,0,0,0,F,F,"1978BAL.EVA.regular.event.csv",4539
"BAL197808280","OAK",5,1,0,0,0,"",1,1,"dempr001","?","dempr001","?","renks101","?","renks101","?","robib102","reved101","edwam101","grosw001","guerm101","pagem001","armat001","wallj101","","","","6","T","F",2,7,2,"T","T",0,"F","F",1,"F","F",0,"F","F",6,"F","F","F","",0,0,"N",0,"N",0,"N",0,0,0,0,"6","","","","F","F","F","F","F","F","F","F","F","","","","F","F","F","F","F","","","","",0,6,0,0,0,0,0,0,0,37,"BAL","BAL","OAK",1,"T","F",1,1,0,15,0,"T","F",0,0,"T","T","dauer001","belam101","T","T",0,0,0,0,0,0,0,0,0,"","","",0,0,0,0,0,0,0,0,0,0,0,0,0,"guerm101","F","F","F","F",0,0,0,0,0,0,0,0,0,0,F,F,"1978BAL.EVA.regular.event.csv",4540
"BAL197808280","OAK",5,1,1,0,0,"",1,1,"dauer001","?","dauer001","?","renks101","?","renks101","?","robib102","reved101","edwam101","grosw001","guerm101","pagem001","armat001","wallj101","","","","E5","F","F",4,8,18,"T","T",0,"F","F",0,"F","F",0,"F","F",5,"G","F","F","",1,5,"F",0,"N",0,"N",1,0,0,0,"","","","","F","F","F","F","F","F","F","F","F","","","","F","F","F","F","F","","","","",0,0,0,0,0,0,0,0,0,38,"BAL","BAL","OAK",1,"F","F",1,1,0,16,1,"T","F",0,1,"T","T","belam101","harll101","T","T",0,0,0,0,0,0,0,0,0,"","","",0,0,0,0,0,0,0,0,0,0,0,0,0,"grosw001","F","F","F","T",0,0,0,0,0,0,0,0,0,0,F,F,"1978BAL.EVA.regular.event.csv",4541
"BAL197808280","OAK",5,1,1,0,0,"",1,1,"belam101","?","belam101","?","renks101","?","renks101","?","robib102","reved101","edwam101","grosw001","guerm101","pagem001","armat001","wallj101","dauer001","","","5/BP","F","F",6,9,2,"T","T",0,"F","F",1,"F","F",0,"F","F",5,"P","T","F","",0,0,"N",0,"N",0,"N",0,1,0,0,"5","","","","F","F","F","F","F","F","F","F","F","renks101","","","F","F","F","F","F","","","","",0,5,0,0,0,0,0,0,0,39,"BAL","BAL","OAK",1,"F","F",1,1,0,17,2,"T","F",1,1,"T","T","harll101","kellp101","T","T",4,8,38,0,0,0,0,0,0,"robib102","","",0,0,0,0,0,0,0,0,0,0,0,0,0,"grosw001","F","F","F","F",0,0,0,0,0,0,0,0,0,0,F,F,"1978BAL.EVA.regular.event.csv",4542
"BAL197808280","OAK",5,1,2,0,0,"",1,1,"harll101","?","harll101","?","renks101","?","renks101","?","robib102","reved101","edwam101","grosw001","guerm101","pagem001","armat001","wallj101","dauer001","","","K","F","F",8,1,3,"T","T",0,"F","F",1,"F","F",0,"F","F",0,"","F","F","",0,0,"N",0,"N",0,"N",0,1,0,0,"2","","","","F","F","F","F","F","F","F","F","F","renks101","","","F","F","F","F","F","","","","",0,2,0,0,0,0,0,0,0,40,"BAL","BAL","OAK",1,"F","T",1,1,0,18,3,"T","F",1,1,"T","T","kellp101","singk001","T","T",4,8,38,0,0,0,0,0,0,"robib102","","",0,0,0,0,0,0,0,0,0,0,0,0,0,"","F","F","F","F",0,0,0,0,0,0,0,0,0,0,F,F,"1978BAL.EVA.regular.event.csv",4543
"BAL197808280","OAK",6,0,0,0,0,"",1,1,"reved101","?","reved101","?","palmj001","?","palmj001","?","dempr001","murre001","dauer001","decid001","belam101","kellp101","harll101","singk001","","","","S7","T","F",3,3,20,"T","T",1,"F","F",0,"F","F",0,"F","F",7,"","F","F","",0,0,"N",0,"N",0,"N",1,0,0,0,"","","","","F","F","F","F","F","F","F","F","F","","","","F","F","F","F","F","","","","",0,0,0,0,0,0,0,0,0,41,"BAL","OAK","BAL",0,"T","F",1,1,0,20,0,"T","F",0,1,"T","T","cartr101","pagem001","T","T",0,0,0,0,0,0,0,0,0,"","","",0,0,0,0,0,0,0,0,0,0,0,0,0,"kellp101","F","F","F","F",4,0,0,0,2,0,0,0,0,0,F,F,"1978BAL.EVA.regular.event.csv",4544
"BAL197808280","OAK",6,0,0,0,0,"",1,1,"cartr101","?","cartr101","?","palmj001","?","palmj001","?","dempr001","murre001","dauer001","decid001","belam101","kellp101","harll101","singk001","reved101","","","HR.1-H","F","F",10,4,23,"T","T",4,"F","F",0,"F","F",2,"F","F",0,"","F","F","",0,0,"N",0,"N",0,"N",4,4,0,0,"","","","","F","F","F","F","F","F","F","F","F","palmj001","","","F","F","F","F","F","","","","",0,0,0,0,0,0,0,0,0,42,"BAL","OAK","BAL",0,"F","F",1,1,0,21,1,"T","F",1,0,"T","T","pagem001","robib102","T","T",3,3,41,0,0,0,0,0,0,"dempr001","","",0,0,0,0,0,0,0,0,0,0,0,0,2,"","F","F","F","F",4,4,0,0,0,0,0,0,0,0,F,F,"1978BAL.EVA.regular.event.csv",4545
"BAL197808280","OAK",6,0,0,0,0,"",3,1,"pagem001","?","pagem001","?","palmj001","?","palmj001","?","dempr001","murre001","dauer001","decid001","belam101","kellp101","harll101","singk001","","","","8","F","F",7,5,2,"T","T",0,"F","F",1,"F","F",0,"F","F",8,"F","F","F","",0,0,"N",0,"N",0,"N",0,0,0,0,"8","","","","F","F","F","F","F","F","F","F","F","","","","F","F","F","F","F","","","","",0,8,0,0,0,0,0,0,0,43,"BAL","OAK","BAL",0,"F","F",3,1,2,22,2,"T","F",0,0,"T","T","robib102","guerm101","T","T",0,0,0,0,0,0,0,0,0,"","","",0,0,0,0,0,0,0,0,0,0,0,0,0,"harll101","F","F","F","F",0,0,0,0,0,0,0,0,0,0,F,F,"1978BAL.EVA.regular.event.csv",4546
"BAL197808280","OAK",6,0,1,0,0,"",3,1,"robib102","?","robib102","?","palmj001","?","palmj001","?","dempr001","murre001","dauer001","decid001","belam101","kellp101","harll101","singk001","","","","S9","F","F",2,6,20,"T","T",1,"F","F",0,"F","F",0,"F","F",9,"","F","F","",0,0,"N",0,"N",0,"N",1,0,0,0,"","","","","F","F","F","F","F","F","F","F","F","","","","F","F","F","F","F","","","","",0,0,0,0,0,0,0,0,0,44,"BAL","OAK","BAL",0,"F","F",3,1,2,23,3,"T","F",0,1,"T","T","guerm101","armat001","T","T",0,0,0,0,0,0,0,0,0,"","","",0,0,0,0,0,0,0,0,0,0,0,0,0,"singk001","F","F","F","F",0,0,0,0,0,0,0,0,0,0,F,F,"1978BAL.EVA.regular.event.csv",4547
"BAL197808280","OAK",6,0,1,0,0,"",3,1,"guerm101","?","guerm101","?","palmj001","?","palmj001","?","dempr001","murre001","dauer001","decid001","belam101","kellp101","harll101","singk001","robib102","","","S7.1-2","F","F",6,7,20,"T","T",1,"F","F",0,"F","F",0,"F","F",7,"","F","F","",0,0,"N",0,"N",0,"N",1,2,0,0,"","","","","F","F","F","F","F","F","F","F","F","palmj001","","","F","F","F","F","F","","","","",0,0,0,0,0,0,0,0,0,45,"BAL","OAK","BAL",0,"F","F",3,1,2,24,4,"T","F",1,3,"T","T","armat001","edwam101","T","T",2,6,44,0,0,0,0,0,0,"dempr001","","",0,0,0,0,0,0,0,0,0,0,0,0,0,"kellp101","F","F","F","F",0,0,0,0,0,0,0,0,0,0,F,F,"1978BAL.EVA.regular.event.csv",4548
"BAL197808280","OAK",6,0,1,0,0,"",3,1,"armat001","?","armat001","?","palmj001","?","palmj001","?","dempr001","murre001","dauer001","decid001","belam101","kellp101","harll101","singk001","guerm101","robib102","","9.2-3","F","F",8,8,2,"T","T",0,"F","F",1,"F","F",0,"F","F",9,"F","F","F","",0,0,"N",0,"N",0,"N",0,1,3,0,"9","","","","F","F","F","F","F","F","F","F","F","palmj001","palmj001","","F","F","F","F","F","","","","",0,9,0,0,0,0,0,0,0,46,"BAL","OAK","BAL",0,"F","F",3,1,2,25,5,"T","F",3,5,"T","T","edwam101","wallj101","T","T",6,7,45,2,6,44,0,0,0,"dempr001","dempr001","",0,0,0,0,0,0,0,0,0,0,0,0,0,"singk001","F","F","F","F",0,0,0,0,0,0,0,0,0,0,F,F,"1978BAL.EVA.regular.event.csv",4549
"BAL197808280","OAK",6,0,2,0,0,"",3,1,"edwam101","?","edwam101","?","palmj001","?","palmj001","?","dempr001","murre001","dauer001","decid001","belam101","kellp101","harll101","singk001","guerm101","","robib102","64(1)/FO","F","F",4,9,2,"T","T",0,"F","F",1,"F","F",0,"F","F",6,"G","F","F","",0,0,"N",0,"N",0,"N",1,0,0,3,"","64","","","F","F","F","F","F","F","F","F","F","palmj001","","palmj001","F","F","F","F","F","","","","",0,4,0,0,6,0,0,0,0,47,"BAL","OAK","BAL",0,"F","T",3,1,2,26,6,"T","F",5,5,"T","T","wallj101","grosw001","T","T",6,7,45,0,0,0,2,6,44,"dempr001","","dempr001",0,0,0,0,0,0,0,0,0,0,0,0,0,"belam101","T","F","F","F",0,0,0,0,0,0,0,0,0,0,F,F,"1978BAL.EVA.regular.event.csv",4550
"BAL197808280","OAK",6,1,0,0,0,"",3,1,"kellp101","?","kellp101","?","renks101","?","renks101","?","robib102","reved101","edwam101","grosw001","guerm101","pagem001","armat001","wallj101","","","","W","T","F",7,2,14,"T","F",0,"F","F",0,"F","F",0,"F","F",0,"","F","F","",0,0,"N",0,"N",0,"N",1,0,0,0,"","","","","F","F","F","F","F","F","F","F","F","","","","F","F","F","F","F","","","","",0,0,0,0,0,0,0,0,0,48,"BAL","BAL","OAK",1,"T","F",1,3,0,19,0,"T","F",0,1,"T","T","singk001","murre001","T","T",0,0,0,0,0,0,0,0,0,"","","",0,0,0,0,0,0,0,0,0,0,0,0,0,"","F","F","F","F",4,0,0,0,2,0,0,0,0,0,F,F,"1978BAL.EVA.regular.event.csv",4551
"BAL197808280","OAK",6,1,0,0,0,"",3,1,"singk001","?","singk001","?","renks101","?","renks101","?","robib102","reved101","edwam101","grosw001","guerm101","pagem001","armat001","wallj101","kellp101","","","W.1-2","F","F",9,3,14,"T","F",0,"F","F",0,"F","F",0,"F","F",0,"","F","F","",0,0,"N",0,"N",0,"N",1,2,0,0,"","","","","F","F","F","F","F","F","F","F","F","renks101","","","F","F","F","F","F","","","","",0,0,0,0,0,0,0,0,0,49,"BAL","BAL","OAK",1,"F","F",1,3,0,20,1,"T","F",1,3,"T","T","murre001","decid001","T","T",7,2,48,0,0,0,0,0,0,"robib102","","",0,0,0,0,0,0,0,0,0,0,0,0,0,"","F","F","F","F",4,4,0,0,2,0,0,0,0,0,F,F,"1978BAL.EVA.regular.event.csv",4552
"BAL197808280","OAK",6,1,0,0,0,"",3,1,"murre001","?","murre001","?","renks101","?","renks101","?","robib102","reved101","edwam101","grosw001","guerm101","pagem001","armat001","wallj101","singk001","kellp101","","K","F","F",3,4,3,"T","T",0,"F","F",1,"F","F",0,"F","F",0,"","F","F","",0,0,"N",0,"N",0,"N",0,1,2,0,"2","","","","F","F","F","F","F","F","F","F","F","renks101","renks101","","F","F","F","F","F","","","","",0,2,0,0,0,0,0,0,0,50,"BAL","BAL","OAK",1,"F","F",1,3,0,21,2,"T","F",3,3,"T","T","decid001","may-l101","T","T",9,3,49,7,2,48,0,0,0,"robib102","robib102","",0,0,0,0,0,0,0,0,0,0,0,0,0,"","F","F","F","F",0,4,4,0,2,0,0,0,0,0,F,F,"1978BAL.EVA.regular.event.csv",4553
"BAL197808280","OAK",6,1,1,0,0,"",3,1,"decid001","?","decid001","?","renks101","?","renks101","?","robib102","reved101","edwam101","grosw001","guerm101","pagem001","armat001","wallj101","singk001","kellp101","","S6.2-3;1-2","F","F",5,5,20,"T","T",1,"F","F",0,"F","F",0,"F","F",6,"","F","F","",0,0,"N",0,"N",0,"N",1,2,3,0,"","","","","F","F","F","F","F","F","F","F","F","renks101","renks101","","F","F","F","F","F","","","","",0,0,0,0,0,0,0,0,0,51,"BAL","BAL","OAK",1,"F","F",1,3,0,22,3,"T","F",3,7,"T","T","may-l101","dempr001","T","T",9,3,49,7,2,48,0,0,0,"robib102","robib102","",0,0,0,0,0,0,0,0,0,0,0,0,0,"guerm101","F","F","F","F",0,4,4,0,2,0,0,0,0,0,F,F,"1978BAL.EVA.regular.event.csv",4554
"BAL197808280","OAK",6,1,1,0,0,"",3,1,"may-l101","?","may-l101","?","renks101","?","renks101","?","robib102","reved101","edwam101","grosw001","guerm101","pagem001","armat001","wallj101","decid001","singk001","kellp101","S7/G.3-H;2-H;1-2","F","F",10,6,20,"T","T",1,"F","F",0,"F","F",2,"F","F",7,"G","F","F","",0,0,"N",0,"N",0,"N",1,2,4,4,"","","","","F","F","F","F","F","F","F","F","F","renks101","renks101","renks101","F","F","F","F","F","","","","",0,0,0,0,0,0,0,0,0,52,"BAL","BAL","OAK",1,"F","F",1,3,0,23,4,"T","F",7,3,"T","T","dempr001","dauer001","T","T",5,5,51,9,3,49,7,2,48,"robib102","robib102","robib102",0,0,0,0,0,0,0,0,0,0,0,0,2,"pagem001","F","F","F","F",0,0,4,4,0,0,0,0,0,0,F,F,"1978BAL.EVA.regular.event.csv",4555
"BAL197808280","OAK",6,1,1,0,0,"",3,3,"dempr001","?","dempr001","?","renks101","?","renks101","?","robib102","reved101","edwam101","grosw001","guerm101","pagem001","armat001","wallj101","may-l101","decid001","","CS2(24).2-3","F","F",2,7,6,"F","F",0,"F","F",1,"F","F",0,"F","F",0,"","F","F","",0,0,"N",0,"N",0,"N",0,0,3,0,"","24","","","F","F","F","T","F","F","F","F","F","renks101","renks101","","F","F","F","F","F","","","","",0,4,0,0,2,0,0,0,0,53,"BAL","BAL","OAK",1,"F","F",3,3,2,24,5,"T","F",3,4,"T","T","dauer001","belam101","T","T",10,6,52,5,5,51,0,0,0,"robib102","robib102","",0,0,0,0,0,0,0,0,0,0,0,0,0,"","F","F","F","F",0,0,0,0,0,0,0,0,0,0,F,F,"1978BAL.EVA.regular.event.csv",4556
"BAL197808280","OAK",6,1,2,0,0,"",3,3,"dempr001","?","dempr001","?","renks101","?","renks101","?","robib102","reved101","edwam101","grosw001","guerm101","pagem001","armat001","wallj101","","","decid001","K","F","F",2,7,3,"T","T",0,"F","F",1,"F","F",0,"F","F",0,"","F","F","",0,0,"N",0,"N",0,"N",0,0,0,3,"2","","","","F","F","F","F","F","F","F","F","F","","","renks101","F","F","F","F","F","","","","",0,2,0,0,0,0,0,0,0,54,"BAL","BAL","OAK",1,"F","T",3,3,2,24,5,"F","F",4,4,"T","T","dauer001","belam101","T","T",0,0,0,0,0,0,5,5,51,"","","robib102",0,0,0,0,0,0,0,0,0,0,0,0,0,"","F","F","F","F",0,0,0,0,0,0,0,0,0,0,F,F,"1978BAL.EVA.regular.event.csv",4557
"BAL197808280","OAK",7,0,0,0,0,"",3,3,"wallj101","?","wallj101","?","palmj001","?","palmj001","?","dempr001","murre001","dauer001","decid001","belam101","kellp101","harll101","singk001","","","","K/C","T","F",9,1,3,"T","T",0,"F","F",1,"F","F",0,"F","F",0,"","F","F","",0,0,"N",0,"N",0,"N",0,0,0,0,"2","","","","F","F","F","F","F","F","F","F","F","","","","F","F","F","F","F","","","","",0,2,0,0,0,0,0,0,0,55,"BAL","OAK","BAL",0,"T","F",3,3,0,27,0,"T","F",0,0,"T","T","grosw001","reved101","T","T",0,0,0,0,0,0,0,0,0,"","","",0,0,0,0,0,0,0,0,0,0,0,0,0,"","F","F","F","F",0,0,0,0,0,0,0,0,0,0,F,F,"1978BAL.EVA.regular.event.csv",4558
"BAL197808280","OAK",7,0,1,0,0,"",3,3,"grosw001","?","grosw001","?","palmj001","?","palmj001","?","dempr001","murre001","dauer001","decid001","belam101","kellp101","harll101","singk001","","","","S8/G","F","F",5,2,20,"T","T",1,"F","F",0,"F","F",0,"F","F",8,"G","F","F","",0,0,"N",0,"N",0,"N",1,0,0,0,"","","","","F","F","F","F","F","F","F","F","F","","","","F","F","F","F","F","","","","",0,0,0,0,0,0,0,0,0,56,"BAL","OAK","BAL",0,"F","F",3,3,0,28,1,"T","F",0,1,"T","T","reved101","cartr101","T","T",0,0,0,0,0,0,0,0,0,"","","",0,0,0,0,0,0,0,0,0,0,0,0,0,"harll101","F","F","F","F",0,0,0,0,0,0,0,0,0,0,F,F,"1978BAL.EVA.regular.event.csv",4559
"BAL197808280","OAK",7,0,1,0,0,"",3,3,"reved101","?","reved101","?","palmj001","?","palmj001","?","dempr001","murre001","dauer001","decid001","belam101","kellp101","harll101","singk001","dilom001","","","CS2(26)","F","F",3,3,6,"F","F",0,"F","F",1,"F","F",0,"F","F",0,"","F","F","",0,0,"N",0,"N",0,"N",0,0,0,0,"","26","","","F","F","F","T","F","F","F","F","F","palmj001","","","F","F","T","F","F","grosw001","","","",0,6,0,0,2,0,0,0,0,57,"BAL","OAK","BAL",0,"F","F",3,3,0,29,2,"T","F",1,0,"T","T","cartr101","pagem001","T","T",0,2,56,0,0,0,0,0,0,"dempr001","","",0,0,0,0,0,0,0,0,0,0,0,0,0,"","F","F","F","F",0,0,0,0,0,0,0,0,0,0,F,F,"1978BAL.EVA.regular.event.csv",4560
"BAL197808280","OAK",7,0,2,0,0,"",3,3,"reved101","?","reved101","?","palmj001","?","palmj001","?","dempr001","murre001","dauer001","decid001","belam101","kellp101","harll101","singk001","","","","S","F","F",3,3,20,"T","T",1,"F","F",0,"F","F",0,"F","F",0,"","F","F","",0,0,"N",0,"N",0,"N",1,0,0,0,"","","","","F","F","F","F","F","F","F","F","F","","","","F","F","F","F","F","","","","",0,0,0,0,0,0,0,0,0,58,"BAL","OAK","BAL",0,"F","F",3,3,0,29,2,"F","F",0,1,"T","T","cartr101","pagem001","T","T",0,0,0,0,0,0,0,0,0,"","","",0,0,0,0,0,0,0,0,0,0,0,0,0,"","F","F","F","F",1,0,0,0,0,0,0,0,0,0,F,F,"1978BAL.EVA.regular.event.csv",4561
"BAL197808280","OAK",7,0,2,0,0,"",3,3,"cartr101","?","cartr101","?","palmj001","?","palmj001","?","dempr001","murre001","dauer001","decid001","belam101","kellp101","harll101","singk001","reved101","","","K","F","F",10,4,3,"T","T",0,"F","F",1,"F","F",0,"F","F",0,"","F","F","",0,0,"N",0,"N",0,"N",0,1,0,0,"2","","","","F","F","F","F","F","F","F","F","F","palmj001","","","F","F","F","F","F","","","","",0,2,0,0,0,0,0,0,0,59,"BAL","OAK","BAL",0,"F","T",3,3,0,30,3,"T","F",1,1,"T","T","pagem001","robib102","T","T",3,3,58,0,0,0,0,0,0,"dempr001","","",0,0,0,0,0,0,0,0,0,0,0,0,0,"","F","F","F","F",0,1,0,0,0,0,0,0,0,0,F,F,"1978BAL.EVA.regular.event.csv",4562
"BAL197808280","OAK",7,1,0,0,0,"",3,3,"dauer001","?","dauer001","?","renks101","?","renks101","?","robib102","reved101","edwam101","dunct101","guerm101","pagem001","armat001","wallj101","","","","8","T","F",4,8,2,"T","T",0,"F","F",1,"F","F",0,"F","F",8,"F","F","F","",0,0,"N",0,"N",0,"N",0,0,0,0,"8","","","","F","F","F","F","F","F","F","F","F","","","","F","F","F","F","F","","","","",0,8,0,0,0,0,0,0,0,60,"BAL","BAL","OAK",1,"T","F",3,3,0,25,0,"T","F",0,0,"T","T","belam101","harll101","T","T",0,0,0,0,0,0,0,0,0,"","","",0,0,0,0,0,0,0,0,0,0,0,0,0,"armat001","F","F","F","F",0,0,0,0,0,0,0,0,0,0,F,F,"1978BAL.EVA.regular.event.csv",4563
"BAL197808280","OAK",7,1,1,0,0,"",3,3,"belam101","?","belam101","?","renks101","?","renks101","?","robib102","reved101","edwam101","dunct101","guerm101","pagem001","armat001","wallj101","","","","HP","F","F",6,9,16,"T","F",0,"F","F",0,"F","F",0,"F","F",0,"","F","F","",0,0,"N",0,"N",0,"N",1,0,0,0,"","","","","F","F","F","F","F","F","F","F","F","","","","F","F","F","F","F","","","","",0,0,0,0,0,0,0,0,0,61,"BAL","BAL","OAK",1,"F","F",3,3,0,26,1,"T","F",0,1,"T","T","harll101","kellp101","T","T",0,0,0,0,0,0,0,0,0,"","","",0,0,0,0,0,0,0,0,0,0,0,0,0,"","F","F","F","F",1,0,0,0,0,0,0,0,0,0,F,F,"1978BAL.EVA.regular.event.csv",4564
"BAL197808280","OAK",7,1,1,0,0,"",3,3,"harll101","?","harll101","?","laceb001","?","laceb001","?","robib102","reved101","edwam101","dunct101","guerm101","pagem001","armat001","wallj101","belam101","","","K","F","F",8,1,3,"T","T",0,"F","F",1,"F","F",0,"F","F",0,"","F","F","",0,0,"N",0,"N",0,"N",0,1,0,0,"2","","","","F","F","F","F","F","F","F","F","F","renks101","","","F","F","F","F","F","","","","",0,2,0,0,0,0,0,0,0,62,"BAL","BAL","OAK",1,"F","F",3,3,0,27,2,"T","F",1,1,"T","T","kellp101","singk001","F","F",6,9,61,0,0,0,0,0,0,"robib102","","",0,0,0,0,0,0,0,0,0,0,0,0,0,"","F","F","F","F",0,1,0,0,0,0,0,0,0,0,F,F,"1978BAL.EVA.regular.event.csv",4565
"BAL197808280","OAK",7,1,2,0,0,"",3,3,"moraa101","?","moraa101","?","laceb001","?","laceb001","?","robib102","reved101","edwam101","dunct101","guerm101","pagem001","armat001","wallj101","belam101","","","8","F","T",11,2,2,"T","T",0,"F","F",1,"F","F",0,"F","F",8,"F","F","F","",0,0,"N",0,"N",0,"N",0,1,0,0,"8","","","","F","F","F","F","F","F","F","F","F","renks101","","","F","F","F","F","F","","","","kellp101",7,8,0,0,0,0,0,0,0,63,"BAL","BAL","OAK",1,"F","T",3,3,0,28,3,"T","F",1,1,"F","F","singk001","murre001","F","F",6,9,61,0,0,0,0,0,0,"robib102","","",0,0,0,0,0,0,0,0,0,0,0,0,0,"armat001","F","F","F","F",0,1,0,0,0,0,0,0,0,0,F,F,"1978BAL.EVA.regular.event.csv",4566
"BAL197808280","OAK",8,0,0,0,0,"",3,3,"pagem001","?","pagem001","?","palmj001","?","palmj001","?","dempr001","murre001","dauer001","decid001","belam101","moraa101","harll101","singk001","","","","43","T","F",7,5,2,"T","T",0,"F","F",1,"F","F",0,"F","F",4,"G","F","F","",0,0,"N",0,"N",0,"N",0,0,0,0,"43","","","","F","F","F","F","F","F","F","F","F","","","","F","F","F","F","F","","","","",0,3,0,0,4,0,0,0,0,64,"BAL","OAK","BAL",0,"T","F",3,3,0,31,0,"T","F",0,0,"T","T","robib102","guerm101","T","T",0,0,0,0,0,0,0,0,0,"","","",0,0,0,0,0,0,0,0,0,0,0,0,0,"dauer001","F","F","F","F",0,0,0,0,0,0,0,0,0,0,F,F,"1978BAL.EVA.regular.event.csv",4567
"BAL197808280","OAK",8,0,1,0,0,"",3,3,"robib102","?","robib102","?","palmj001","?","palmj001","?","dempr001","murre001","dauer001","decid001","belam101","moraa101","harll101","singk001","","","","43","F","F",2,6,2,"T","T",0,"F","F",1,"F","F",0,"F","F",4,"G","F","F","",0,0,"N",0,"N",0,"N",0,0,0,0,"43","","","","F","F","F","F","F","F","F","F","F","","","","F","F","F","F","F","","","","",0,3,0,0,4,0,0,0,0,65,"BAL","OAK","BAL",0,"F","F",3,3,0,32,1,"T","F",0,0,"T","T","guerm101","armat001","T","T",0,0,0,0,0,0,0,0,0,"","","",0,0,0,0,0,0,0,0,0,0,0,0,0,"dauer001","F","F","F","F",0,0,0,0,0,0,0,0,0,0,F,F,"1978BAL.EVA.regular.event.csv",4568
"BAL197808280","OAK",8,0,2,0,0,"",3,3,"guerm101","?","guerm101","?","palmj001","?","palmj001","?","dempr001","murre001","dauer001","decid001","belam101","moraa101","harll101","singk001","","","","9","F","F",6,7,2,"T","T",0,"F","F",1,"F","F",0,"F","F",9,"F","F","F","",0,0,"N",0,"N",0,"N",0,0,0,0,"9","","","","F","F","F","F","F","F","F","F","F","","","","F","F","F","F","F","","","","",0,9,0,0,0,0,0,0,0,66,"BAL","OAK","BAL",0,"F","T",3,3,0,33,2,"T","F",0,0,"T","T","armat001","edwam101","T","T",0,0,0,0,0,0,0,0,0,"","","",0,0,0,0,0,0,0,0,0,0,0,0,0,"singk001","F","F","F","F",0,0,0,0,0,0,0,0,0,0,F,F,"1978BAL.EVA.regular.event.csv",4569
"BAL197808280","OAK",8,1,0,0,0,"",3,3,"singk001","?","singk001","?","laceb001","?","laceb001","?","robib102","reved101","edwam101","dunct101","guerm101","pagem001","armat001","wallj101","","","","S7","T","F",9,3,20,"T","T",1,"F","F",0,"F","F",0,"F","F",7,"","F","F","",0,0,"N",0,"N",0,"N",1,0,0,0,"","","","","F","F","F","F","F","F","F","F","F","","","","F","F","F","F","F","","","","",0,0,0,0,0,0,0,0,0,67,"BAL","BAL","OAK",1,"T","F",3,3,0,29,0,"T","F",0,1,"T","T","murre001","decid001","F","F",0,0,0,0,0,0,0,0,0,"","","",0,0,0,0,0,0,0,0,0,0,0,0,0,"pagem001","F","F","F","F",4,0,0,0,4,0,0,0,0,0,F,F,"1978BAL.EVA.regular.event.csv",4570
"BAL197808280","OAK",8,1,0,0,0,"",3,3,"murre001","?","murre001","?","laceb001","?","laceb001","?","robib102","reved101","edwam101","dunct101","guerm101","pagem001","armat001","wallj101","lopec101","","","6","F","F",3,4,2,"T","T",0,"F","F",1,"F","F",0,"F","F",6,"F","F","F","",0,0,"N",0,"N",0,"N",0,1,0,0,"6","","","","F","F","F","F","F","F","F","F","F","laceb001","","","F","F","T","F","F","singk001","","","",0,6,0,0,0,0,0,0,0,68,"BAL","BAL","OAK",1,"F","F",3,3,0,30,1,"T","F",1,1,"T","T","decid001","may-l101","F","F",0,3,67,0,0,0,0,0,0,"robib102","","",0,0,0,0,0,0,0,0,0,0,0,0,0,"guerm101","F","F","F","F",0,4,0,0,4,0,0,0,0,0,F,F,"1978BAL.EVA.regular.event.csv",4571
"BAL197808280","OAK",8,1,1,0,0,"",3,3,"decid001","?","decid001","?","laceb001","?","laceb001","?","robib102","reved101","edwam101","dunct101","guerm101","pagem001","armat001","wallj101","lopec101","","","HR.1-H","F","F",5,5,23,"T","T",4,"F","F",0,"F","F",2,"F","F",0,"","F","F","",0,0,"N",0,"N",0,"N",4,4,0,0,"","","","","F","F","F","F","F","F","F","F","F","laceb001","","","F","F","F","F","F","","","","",0,0,0,0,0,0,0,0,0,69,"BAL","BAL","OAK",1,"F","F",3,3,0,31,2,"T","F",1,0,"T","T","may-l101","dempr001","F","F",0,3,67,0,0,0,0,0,0,"robib102","","",0,0,0,0,0,0,0,0,0,0,0,0,2,"","F","F","F","F",4,4,0,0,2,0,0,0,0,0,F,F,"1978BAL.EVA.regular.event.csv",4572
"BAL197808280","OAK",8,1,1,0,0,"",3,5,"may-l101","?","may-l101","?","laceb001","?","laceb001","?","robib102","reved101","edwam101","dunct101","guerm101","pagem001","armat001","wallj101","","","","43","F","F",10,6,2,"T","T",0,"F","F",1,"F","F",0,"F","F",4,"G","F","F","",0,0,"N",0,"N",0,"N",0,0,0,0,"43","","","","F","F","F","F","F","F","F","F","F","","","","F","F","F","F","F","","","","",0,3,0,0,4,0,0,0,0,70,"BAL","BAL","OAK",1,"F","F",5,3,2,32,3,"T","F",0,0,"T","T","dempr001","dauer001","F","F",0,0,0,0,0,0,0,0,0,"","","",0,0,0,0,0,0,0,0,0,0,0,0,0,"edwam101","F","F","F","F",0,0,0,0,2,0,0,0,0,0,F,F,"1978BAL.EVA.regular.event.csv",4573
"BAL197808280","OAK",8,1,2,0,0,"",3,5,"dempr001","?","dempr001","?","laceb001","?","laceb001","?","robib102","reved101","edwam101","dunct101","guerm101","pagem001","armat001","wallj101","","","","D","F","F",2,7,21,"T","T",2,"F","F",0,"F","F",0,"F","F",0,"","F","F","",0,0,"N",0,"N",0,"N",2,0,0,0,"","","","","F","F","F","F","F","F","F","F","F","","","","F","F","F","F","F","","","","",0,0,0,0,0,0,0,0,0,71,"BAL","BAL","OAK",1,"F","F",5,3,2,33,4,"T","F",0,2,"T","T","dauer001","belam101","F","F",0,0,0,0,0,0,0,0,0,"","","",0,0,0,0,0,0,0,0,0,0,0,0,0,"","F","F","F","F",4,0,0,0,2,0,0,0,0,0,F,F,"1978BAL.EVA.regular.event.csv",4574
"BAL197808280","OAK",8,1,2,0,0,"",3,5,"dauer001","?","dauer001","?","laceb001","?","laceb001","?","robib102","reved101","edwam101","dunct101","guerm101","pagem001","armat001","wallj101","","dempr001","","S8/G.2-H;B-2(THH)","F","F",4,8,20,"T","T",1,"F","F",0,"F","F",1,"F","F",8,"G","F","F","",0,0,"N",0,"N",0,"N",2,0,4,0,"","","","","F","F","F","F","F","F","F","F","F","","laceb001","","F","F","F","F","F","","","","",0,0,0,0,0,0,0,0,0,72,"BAL","BAL","OAK",1,"F","F",5,3,2,34,5,"T","F",2,2,"T","T","belam101","harll101","F","F",0,0,0,2,7,71,0,0,0,"","robib102","",0,0,0,0,0,0,0,0,0,0,0,0,1,"armat001","F","F","F","F",4,0,4,0,1,0,0,0,0,0,F,F,"1978BAL.EVA.regular.event.csv",4575
"BAL197808280","OAK",8,1,2,0,0,"",3,6,"belam101","?","belam101","?","laceb001","?","laceb001","?","robib102","reved101","edwam101","dunct101","guerm101","pagem001","armat001","wallj101","","dauer001","","S8.2-H","F","F",6,9,20,"T","T",1,"F","F",0,"F","F",1,"F","F",8,"","F","F","",0,0,"N",0,"N",0,"N",1,0,4,0,"","","","","F","F","F","F","F","F","F","F","F","","laceb001","","F","F","F","F","F","","","","",0,0,0,0,0,0,0,0,0,73,"BAL","BAL","OAK",1,"F","F",6,3,3,35,6,"T","F",2,1,"T","T","harll101","moraa101","F","F",0,0,0,4,8,72,0,0,0,"","robib102","",0,0,0,0,0,0,0,0,0,0,0,0,1,"armat001","F","F","F","F",1,0,4,0,0,0,0,0,0,0,F,F,"1978BAL.EVA.regular.event.csv",4576
"BAL197808280","OAK",8,1,2,0,0,"",3,7,"harll101","?","harll101","?","laceb001","?","laceb001","?","robib102","reved101","edwam101","dunct101","guerm101","pagem001","armat001","wallj101","belam101","","","K","F","F",8,1,3,"T","T",0,"F","F",1,"F","F",0,"F","F",0,"","F","F","",0,0,"N",0,"N",0,"N",0,1,0,0,"2","","","","F","F","F","F","F","F","F","F","F","laceb001","","","F","F","F","F","F","","","","",0,2,0,0,0,0,0,0,0,74,"BAL","BAL","OAK",1,"F","T",7,3,4,36,7,"T","F",1,1,"T","T","moraa101","lopec101","F","F",6,9,73,0,0,0,0,0,0,"robib102","","",0,0,0,0,0,0,0,0,0,0,0,0,0,"","F","F","F","F",0,1,0,0,0,0,0,0,0,0,F,F,"1978BAL.EVA.regular.event.csv",4577
"BAL197808280","OAK",9,0,0,0,0,"",3,7,"armat001","?","armat001","?","palmj001","?","palmj001","?","dempr001","murre001","dauer001","decid001","belam101","moraa101","harll101","lopec101","","","","K","T","F",8,8,3,"T","T",0,"F","F",1,"F","F",0,"F","F",0,"","F","F","",0,0,"N",0,"N",0,"N",0,0,0,0,"2","","","","F","F","F","F","F","F","F","F","F","","","","F","F","F","F","F","","","","",0,2,0,0,0,0,0,0,0,75,"BAL","OAK","BAL",0,"T","F",3,7,0,34,0,"T","F",0,0,"T","T","edwam101","wallj101","T","T",0,0,0,0,0,0,0,0,0,"","","",0,0,0,0,0,0,0,0,0,0,0,0,0,"","F","F","F","F",0,0,0,0,0,0,0,0,0,0,F,F,"1978BAL.EVA.regular.event.csv",4578
"BAL197808280","OAK",9,0,1,0,0,"",3,7,"edwam101","?","edwam101","?","palmj001","?","palmj001","?","dempr001","murre001","dauer001","decid001","belam101","moraa101","harll101","lopec101","","","","S7.B-2(E7)","F","F",4,9,20,"T","T",1,"F","F",0,"F","F",0,"F","F",7,"","F","F","",1,7,"F",0,"N",0,"N",2,0,0,0,"","","","","F","F","F","F","F","F","F","F","F","","","","F","F","F","F","F","","","","",0,0,0,0,0,0,0,0,0,76,"BAL","OAK","BAL",0,"F","F",3,7,0,35,1,"T","F",0,2,"T","T","wallj101","dunct101","T","T",0,0,0,0,0,0,0,0,0,"","","",0,0,0,0,0,0,0,0,0,0,0,0,0,"moraa101","F","F","F","F",2,0,0,0,0,0,0,0,0,0,F,F,"1978BAL.EVA.regular.event.csv",4579
"BAL197808280","OAK",9,0,1,0,0,"",3,7,"wallj101","?","wallj101","?","palmj001","?","palmj001","?","dempr001","murre001","dauer001","decid001","belam101","moraa101","harll101","lopec101","","edwam101","","K","F","F",9,1,3,"T","T",0,"F","F",1,"F","F",0,"F","F",0,"","F","F","",0,0,"N",0,"N",0,"N",0,0,2,0,"2","","","","F","F","F","F","F","F","F","F","F","","palmj001","","F","F","F","F","F","","","","",0,2,0,0,0,0,0,0,0,77,"BAL","OAK","BAL",0,"F","F",3,7,0,36,2,"T","F",2,2,"T","T","dunct101","reved101","T","T",0,0,0,4,9,76,0,0,0,"","dempr001","",0,0,0,0,0,0,0,0,0,0,0,0,0,"","F","F","F","F",0,0,2,0,0,0,0,0,0,0,F,F,"1978BAL.EVA.regular.event.csv",4580
"BAL197808280","OAK",9,0,2,0,0,"",3,7,"dunct101","?","dunct101","?","palmj001","?","palmj001","?","dempr001","murre001","dauer001","decid001","belam101","moraa101","harll101","lopec101","","edwam101","","9","F","F",5,2,2,"T","T",0,"F","F",1,"F","F",0,"F","F",9,"F","F","F","",0,0,"N",0,"N",0,"N",0,0,2,0,"9","","","","F","F","F","F","F","F","F","F","F","","palmj001","","F","T","F","F","F","","","","",0,9,0,0,0,0,0,0,0,78,"BAL","OAK","BAL",0,"F","T",3,7,0,37,3,"T","F",2,2,"F","F","reved101","cartr101","T","T",0,0,0,4,9,76,0,0,0,"","dempr001","",0,0,0,0,0,0,0,0,0,0,0,0,0,"lopec101","F","F","F","F",0,0,2,0,0,0,0,0,0,0,F,F,"1978BAL.EVA.regular.event.csv",4581
"BAL197808290","OAK",1,0,0,0,0,"",0,0,"alstd101","?","alstd101","?","martd001","?","martd001","?","dempr001","murre001","dauer001","decid001","belam101","kellp101","harll101","singk001","","","","9","T","F",9,1,2,"T","T",0,"F","F",1,"F","F",0,"F","F",9,"F","F","F","",0,0,"N",0,"N",0,"N",0,0,0,0,"9","","","","F","F","F","F","F","F","F","F","F","","","","T","F","F","F","F","","","","",0,9,0,0,0,0,0,0,0,1,"BAL","OAK","BAL",0,"T","F",0,0,0,0,0,"T","F",0,0,"T","T","grosw001","reved101","T","T",0,0,0,0,0,0,0,0,0,"","","",0,0,0,0,0,0,0,0,0,0,0,0,0,"singk001","F","F","F","F",0,0,0,0,0,0,0,0,0,0,F,F,"1978BAL.EVA.regular.event.csv",4582
"BAL197808290","OAK",1,0,1,0,0,"",0,0,"grosw001","?","grosw001","?","martd001","?","martd001","?","dempr001","murre001","dauer001","decid001","belam101","kellp101","harll101","singk001","","","","43","F","F",5,2,2,"T","T",0,"F","F",1,"F","F",0,"F","F",4,"G","F","F","",0,0,"N",0,"N",0,"N",0,0,0,0,"43","","","","F","F","F","F","F","F","F","F","F","","","","F","F","F","F","F","","","","",0,3,0,0,4,0,0,0,0,2,"BAL","OAK","BAL",0,"F","F",0,0,0,1,1,"T","F",0,0,"T","T","reved101","cartr101","T","T",0,0,0,0,0,0,0,0,0,"","","",0,0,0,0,0,0,0,0,0,0,0,0,0,"dauer001","F","F","F","F",0,0,0,0,0,0,0,0,0,0,F,F,"1978BAL.EVA.regular.event.csv",4583
"BAL197808290","OAK",1,0,2,0,0,"",0,0,"reved101","?","reved101","?","martd001","?","martd001","?","dempr001","murre001","dauer001","decid001","belam101","kellp101","harll101","singk001","","","","S9","F","F",3,3,20,"T","T",1,"F","F",0,"F","F",0,"F","F",9,"","F","F","",0,0,"N",0,"N",0,"N",1,0,0,0,"","","","","F","F","F","F","F","F","F","F","F","","","","F","F","F","F","F","","","","",0,0,0,0,0,0,0,0,0,3,"BAL","OAK","BAL",0,"F","F",0,0,0,2,2,"T","F",0,1,"T","T","cartr101","pagem001","T","T",0,0,0,0,0,0,0,0,0,"","","",0,0,0,0,0,0,0,0,0,0,0,0,0,"singk001","F","F","F","F",0,0,0,0,0,0,0,0,0,0,F,F,"1978BAL.EVA.regular.event.csv",4584
"BAL197808290","OAK",1,0,2,0,0,"",0,0,"cartr101","?","cartr101","?","martd001","?","martd001","?","dempr001","murre001","dauer001","decid001","belam101","kellp101","harll101","singk001","reved101","","","46(1)/FO","F","F",10,4,2,"T","T",0,"F","F",1,"F","F",0,"F","F",4,"G","F","F","",0,0,"N",0,"N",0,"N",1,0,0,0,"","46","","","F","F","F","F","F","F","F","F","F","martd001","","","F","F","F","F","F","","","","",0,6,0,0,4,0,0,0,0,4,"BAL","OAK","BAL",0,"F","T",0,0,0,3,3,"T","F",1,1,"T","T","pagem001","guerm101","T","T",3,3,3,0,0,0,0,0,0,"dempr001","","",0,0,0,0,0,0,0,0,0,0,0,0,0,"dauer001","T","F","F","F",0,0,0,0,0,0,0,0,0,0,F,F,"1978BAL.EVA.regular.event.csv",4585
"BAL197808290","OAK",1,1,0,0,0,"",0,0,"harll101","?","harll101","?","norrm101","?","norrm101","?","robib102","reved101","edwam101","grosw001","guerm101","pagem001","armat001","alstd101","","","","3/G","T","F",8,1,2,"T","T",0,"F","F",1,"F","F",0,"F","F",3,"G","F","F","",0,0,"N",0,"N",0,"N",0,0,0,0,"3","","","","F","F","F","F","F","F","F","F","F","","","","F","F","F","F","F","","","","",0,3,0,0,0,0,0,0,0,5,"BAL","BAL","OAK",1,"T","F",0,0,0,0,0,"T","F",0,0,"T","T","kellp101","singk001","T","T",0,0,0,0,0,0,0,0,0,"","","",0,0,0,0,0,0,0,0,0,0,0,0,0,"reved101","F","F","F","F",0,0,0,0,0,0,0,0,0,0,F,F,"1978BAL.EVA.regular.event.csv",4586
"BAL197808290","OAK",1,1,1,0,0,"",0,0,"kellp101","?","kellp101","?","norrm101","?","norrm101","?","robib102","reved101","edwam101","grosw001","guerm101","pagem001","armat001","alstd101","","","","W","F","F",7,2,14,"T","F",0,"F","F",0,"F","F",0,"F","F",0,"","F","F","",0,0,"N",0,"N",0,"N",1,0,0,0,"","","","","F","F","F","F","F","F","F","F","F","","","","F","F","F","F","F","","","","",0,0,0,0,0,0,0,0,0,6,"BAL","BAL","OAK",1,"F","F",0,0,0,1,1,"T","F",0,1,"T","T","singk001","murre001","T","T",0,0,0,0,0,0,0,0,0,"","","",0,0,0,0,0,0,0,0,0,0,0,0,0,"","F","F","F","F",0,0,0,0,0,0,0,0,0,0,F,F,"1978BAL.EVA.regular.event.csv",4587
"BAL197808290","OAK",1,1,1,0,0,"",0,0,"singk001","?","singk001","?","norrm101","?","norrm101","?","robib102","reved101","edwam101","grosw001","guerm101","pagem001","armat001","alstd101","kellp101","","","43.1-2","F","F",9,3,2,"T","T",0,"F","F",1,"F","F",0,"F","F",4,"G","F","F","",0,0,"N",0,"N",0,"N",0,2,0,0,"43","","","","F","F","F","F","F","F","F","F","F","norrm101","","","F","F","F","F","F","","","","",0,3,0,0,4,0,0,0,0,7,"BAL","BAL","OAK",1,"F","F",0,0,0,2,2,"T","F",1,2,"T","T","murre001","decid001","T","T",7,2,6,0,0,0,0,0,0,"robib102","","",0,0,0,0,0,0,0,0,0,0,0,0,0,"edwam101","F","F","F","F",0,0,0,0,0,0,0,0,0,0,F,F,"1978BAL.EVA.regular.event.csv",4588
"BAL197808290","OAK",1,1,2,0,0,"",0,0,"murre001","?","murre001","?","norrm101","?","norrm101","?","robib102","reved101","edwam101","grosw001","guerm101","pagem001","armat001","alstd101","","kellp101","","K","F","F",3,4,3,"T","T",0,"F","F",1,"F","F",0,"F","F",0,"","F","F","",0,0,"N",0,"N",0,"N",0,0,2,0,"2","","","","F","F","F","F","F","F","F","F","F","","norrm101","","F","F","F","F","F","","","","",0,2,0,0,0,0,0,0,0,8,"BAL","BAL","OAK",1,"F","T",0,0,0,3,3,"T","F",2,2,"T","T","decid001","may-l101","T","T",0,0,0,7,2,6,0,0,0,"","robib102","",0,0,0,0,0,0,0,0,0,0,0,0,0,"","F","F","F","F",0,0,0,0,0,0,0,0,0,0,F,F,"1978BAL.EVA.regular.event.csv",4589
"BAL197808290","OAK",2,0,0,0,0,"",0,0,"pagem001","?","pagem001","?","martd001","?","martd001","?","dempr001","murre001","dauer001","decid001","belam101","kellp101","harll101","singk001","","","","K","T","F",7,5,3,"T","T",0,"F","F",1,"F","F",0,"F","F",0,"","F","F","",0,0,"N",0,"N",0,"N",0,0,0,0,"2","","","","F","F","F","F","F","F","F","F","F","","","","F","F","F","F","F","","","","",0,2,0,0,0,0,0,0,0,9,"BAL","OAK","BAL",0,"T","F",0,0,0,4,0,"T","F",0,0,"T","T","guerm101","robib102","T","T",0,0,0,0,0,0,0,0,0,"","","",0,0,0,0,0,0,0,0,0,0,0,0,0,"","F","F","F","F",0,0,0,0,0,0,0,0,0,0,F,F,"1978BAL.EVA.regular.event.csv",4590
"BAL197808290","OAK",2,0,1,0,0,"",0,0,"guerm101","?","guerm101","?","martd001","?","martd001","?","dempr001","murre001","dauer001","decid001","belam101","kellp101","harll101","singk001","","","","S8","F","F",6,6,20,"T","T",1,"F","F",0,"F","F",0,"F","F",8,"","F","F","",0,0,"N",0,"N",0,"N",1,0,0,0,"","","","","F","F","F","F","F","F","F","F","F","","","","F","F","F","F","F","","","","",0,0,0,0,0,0,0,0,0,10,"BAL","OAK","BAL",0,"F","F",0,0,0,5,1,"T","F",0,1,"T","T","robib102","armat001","T","T",0,0,0,0,0,0,0,0,0,"","","",0,0,0,0,0,0,0,0,0,0,0,0,0,"harll101","F","F","F","F",0,0,0,0,0,0,0,0,0,0,F,F,"1978BAL.EVA.regular.event.csv",4591
"BAL197808290","OAK",2,0,1,0,0,"",0,0,"robib102","?","robib102","?","martd001","?","martd001","?","dempr001","murre001","dauer001","decid001","belam101","kellp101","harll101","singk001","guerm101","","","8","F","F",2,7,2,"T","T",0,"F","F",1,"F","F",0,"F","F",8,"F","F","F","",0,0,"N",0,"N",0,"N",0,1,0,0,"8","","","","F","F","F","F","F","F","F","F","F","martd001","","","F","F","F","F","F","","","","",0,8,0,0,0,0,0,0,0,11,"BAL","OAK","BAL",0,"F","F",0,0,0,6,2,"T","F",1,1,"T","T","armat001","edwam101","T","T",6,6,10,0,0,0,0,0,0,"dempr001","","",0,0,0,0,0,0,0,0,0,0,0,0,0,"harll101","F","F","F","F",0,0,0,0,0,0,0,0,0,0,F,F,"1978BAL.EVA.regular.event.csv",4592
"BAL197808290","OAK",2,0,2,0,0,"",0,0,"armat001","?","armat001","?","martd001","?","martd001","?","dempr001","murre001","dauer001","decid001","belam101","kellp101","harll101","singk001","guerm101","","","9","F","F",8,8,2,"T","T",0,"F","F",1,"F","F",0,"F","F",9,"F","F","F","",0,0,"N",0,"N",0,"N",0,1,0,0,"9","","","","F","F","F","F","F","F","F","F","F","martd001","","","F","F","F","F","F","","","","",0,9,0,0,0,0,0,0,0,12,"BAL","OAK","BAL",0,"F","T",0,0,0,7,3,"T","F",1,1,"T","T","edwam101","alstd101","T","T",6,6,10,0,0,0,0,0,0,"dempr001","","",0,0,0,0,0,0,0,0,0,0,0,0,0,"singk001","F","F","F","F",0,0,0,0,0,0,0,0,0,0,F,F,"1978BAL.EVA.regular.event.csv",4593
"BAL197808290","OAK",2,1,0,0,0,"",0,0,"decid001","?","decid001","?","norrm101","?","norrm101","?","robib102","reved101","edwam101","grosw001","guerm101","pagem001","armat001","alstd101","","","","K","T","F",5,5,3,"T","T",0,"F","F",1,"F","F",0,"F","F",0,"","F","F","",0,0,"N",0,"N",0,"N",0,0,0,0,"2","","","","F","F","F","F","F","F","F","F","F","","","","F","F","F","F","F","","","","",0,2,0,0,0,0,0,0,0,13,"BAL","BAL","OAK",1,"T","F",0,0,0,4,0,"T","F",0,0,"T","T","may-l101","dempr001","T","T",0,0,0,0,0,0,0,0,0,"","","",0,0,0,0,0,0,0,0,0,0,0,0,0,"","F","F","F","F",0,0,0,0,0,0,0,0,0,0,F,F,"1978BAL.EVA.regular.event.csv",4594
"BAL197808290","OAK",2,1,1,0,0,"",0,0,"may-l101","?","may-l101","?","norrm101","?","norrm101","?","robib102","reved101","edwam101","grosw001","guerm101","pagem001","armat001","alstd101","","","","4/L","F","F",10,6,2,"T","T",0,"F","F",1,"F","F",0,"F","F",4,"L","F","F","",0,0,"N",0,"N",0,"N",0,0,0,0,"4","","","","F","F","F","F","F","F","F","F","F","","","","F","F","F","F","F","","","","",0,4,0,0,0,0,0,0,0,14,"BAL","BAL","OAK",1,"F","F",0,0,0,5,1,"T","F",0,0,"T","T","dempr001","dauer001","T","T",0,0,0,0,0,0,0,0,0,"","","",0,0,0,0,0,0,0,0,0,0,0,0,0,"edwam101","F","F","F","F",0,0,0,0,0,0,0,0,0,0,F,F,"1978BAL.EVA.regular.event.csv",4595
"BAL197808290","OAK",2,1,2,0,0,"",0,0,"dempr001","?","dempr001","?","norrm101","?","norrm101","?","robib102","reved101","edwam101","grosw001","guerm101","pagem001","armat001","alstd101","","","","63","F","F",2,7,2,"T","T",0,"F","F",1,"F","F",0,"F","F",6,"G","F","F","",0,0,"N",0,"N",0,"N",0,0,0,0,"63","","","","F","F","F","F","F","F","F","F","F","","","","F","F","F","F","F","","","","",0,3,0,0,6,0,0,0,0,15,"BAL","BAL","OAK",1,"F","T",0,0,0,6,2,"T","F",0,0,"T","T","dauer001","belam101","T","T",0,0,0,0,0,0,0,0,0,"","","",0,0,0,0,0,0,0,0,0,0,0,0,0,"guerm101","F","F","F","F",0,0,0,0,0,0,0,0,0,0,F,F,"1978BAL.EVA.regular.event.csv",4596
"BAL197808290","OAK",3,0,0,0,0,"",0,0,"edwam101","?","edwam101","?","martd001","?","martd001","?","dempr001","murre001","dauer001","decid001","belam101","kellp101","harll101","singk001","","","","S9","T","F",4,9,20,"T","T",1,"F","F",0,"F","F",0,"F","F",9,"","F","F","",0,0,"N",0,"N",0,"N",1,0,0,0,"","","","","F","F","F","F","F","F","F","F","F","","","","F","F","F","F","F","","","","",0,0,0,0,0,0,0,0,0,16,"BAL","OAK","BAL",0,"T","F",0,0,0,8,0,"T","F",0,1,"T","T","alstd101","grosw001","T","T",0,0,0,0,0,0,0,0,0,"","","",0,0,0,0,0,0,0,0,0,0,0,0,0,"singk001","F","F","F","F",0,0,0,0,0,0,0,0,0,0,F,F,"1978BAL.EVA.regular.event.csv",4597
"BAL197808290","OAK",3,0,0,0,0,"",0,0,"alstd101","?","alstd101","?","martd001","?","martd001","?","dempr001","murre001","dauer001","decid001","belam101","kellp101","harll101","singk001","edwam101","","","1/BP","F","F",9,1,2,"T","T",0,"F","F",1,"F","F",0,"F","F",1,"P","T","F","",0,0,"N",0,"N",0,"N",0,1,0,0,"1","","","","F","F","F","F","F","F","F","F","F","martd001","","","F","F","F","F","F","","","","",0,1,0,0,0,0,0,0,0,17,"BAL","OAK","BAL",0,"F","F",0,0,0,9,1,"T","F",1,1,"T","T","grosw001","reved101","T","T",4,9,16,0,0,0,0,0,0,"dempr001","","",0,0,0,0,0,0,0,0,0,0,0,0,0,"martd001","F","F","F","F",0,0,0,0,0,0,0,0,0,0,F,F,"1978BAL.EVA.regular.event.csv",4598
"BAL197808290","OAK",3,0,1,0,0,"",0,0,"grosw001","?","grosw001","?","martd001","?","martd001","?","dempr001","murre001","dauer001","decid001","belam101","kellp101","harll101","singk001","edwam101","","","SB2","F","F",5,2,4,"F","F",0,"F","F",0,"F","F",0,"F","F",0,"","F","F","",0,0,"N",0,"N",0,"N",0,2,0,0,"","","","","T","F","F","F","F","F","F","F","F","martd001","","","F","F","F","F","F","","","","",0,0,0,0,0,0,0,0,0,18,"BAL","OAK","BAL",0,"F","F",0,0,0,10,2,"T","F",1,2,"T","T","reved101","cartr101","T","T",4,9,16,0,0,0,0,0,0,"dempr001","","",0,0,0,0,0,0,0,0,0,0,0,0,0,"","F","F","F","F",0,0,0,0,0,0,0,0,0,0,F,F,"1978BAL.EVA.regular.event.csv",4599
"BAL197808290","OAK",3,0,1,0,0,"",0,0,"grosw001","?","grosw001","?","martd001","?","martd001","?","dempr001","murre001","dauer001","decid001","belam101","kellp101","harll101","singk001","","edwam101","","K","F","F",5,2,3,"T","T",0,"F","F",1,"F","F",0,"F","F",0,"","F","F","",0,0,"N",0,"N",0,"N",0,0,2,0,"2","","","","F","F","F","F","F","F","F","F","F","","martd001","","F","F","F","F","F","","","","",0,2,0,0,0,0,0,0,0,19,"BAL","OAK","BAL",0,"F","F",0,0,0,10,2,"F","F",2,2,"T","T","reved101","cartr101","T","T",0,0,0,4,9,16,0,0,0,"","dempr001","",0,0,0,0,0,0,0,0,0,0,0,0,0,"","F","F","F","F",0,0,0,0,0,0,0,0,0,0,F,F,"1978BAL.EVA.regular.event.csv",4600
"BAL197808290","OAK",3,0,2,0,0,"",0,0,"reved101","?","reved101","?","martd001","?","martd001","?","dempr001","murre001","dauer001","decid001","belam101","kellp101","harll101","singk001","","edwam101","","7","F","F",3,3,2,"T","T",0,"F","F",1,"F","F",0,"F","F",7,"F","F","F","",0,0,"N",0,"N",0,"N",0,0,2,0,"7","","","","F","F","F","F","F","F","F","F","F","","martd001","","F","F","F","F","F","","","","",0,7,0,0,0,0,0,0,0,20,"BAL","OAK","BAL",0,"F","T",0,0,0,11,3,"T","F",2,2,"T","T","cartr101","pagem001","T","T",0,0,0,4,9,16,0,0,0,"","dempr001","",0,0,0,0,0,0,0,0,0,0,0,0,0,"kellp101","F","F","F","F",0,0,0,0,0,0,0,0,0,0,F,F,"1978BAL.EVA.regular.event.csv",4601
"BAL197808290","OAK",3,1,0,0,0,"",0,0,"dauer001","?","dauer001","?","norrm101","?","norrm101","?","robib102","reved101","edwam101","grosw001","guerm101","pagem001","armat001","alstd101","","","","S7/G","T","F",4,8,20,"T","T",1,"F","F",0,"F","F",0,"F","F",7,"G","F","F","",0,0,"N",0,"N",0,"N",1,0,0,0,"","","","","F","F","F","F","F","F","F","F","F","","","","F","F","F","F","F","","","","",0,0,0,0,0,0,0,0,0,21,"BAL","BAL","OAK",1,"T","F",0,0,0,7,0,"T","F",0,1,"T","T","belam101","harll101","T","T",0,0,0,0,0,0,0,0,0,"","","",0,0,0,0,0,0,0,0,0,0,0,0,0,"pagem001","F","F","F","F",4,0,0,0,4,0,0,0,0,0,F,F,"1978BAL.EVA.regular.event.csv",4602
"BAL197808290","OAK",3,1,0,0,0,"",0,0,"belam101","?","belam101","?","norrm101","?","norrm101","?","robib102","reved101","edwam101","grosw001","guerm101","pagem001","armat001","alstd101","dauer001","","","W.1-2","F","F",6,9,14,"T","F",0,"F","F",0,"F","F",0,"F","F",0,"","F","F","",0,0,"N",0,"N",0,"N",1,2,0,0,"","","","","F","F","F","F","F","F","F","F","F","norrm101","","","F","F","F","F","F","","","","",0,0,0,0,0,0,0,0,0,22,"BAL","BAL","OAK",1,"F","F",0,0,0,8,1,"T","F",1,3,"T","T","harll101","kellp101","T","T",4,8,21,0,0,0,0,0,0,"robib102","","",0,0,0,0,0,0,0,0,0,0,0,0,0,"","F","F","F","F",4,4,0,0,4,0,0,0,0,0,F,F,"1978BAL.EVA.regular.event.csv",4603
"BAL197808290","OAK",3,1,0,0,0,"",0,0,"harll101","?","harll101","?","norrm101","?","norrm101","?","robib102","reved101","edwam101","grosw001","guerm101","pagem001","armat001","alstd101","belam101","dauer001","","S1/BG.2-H(NR);1-3;B-2(E1/TH3)","F","F",8,1,20,"T","T",1,"F","F",0,"F","F",0,"F","F",1,"G","T","F","",1,1,"T",0,"N",0,"N",2,3,4,0,"","","","","F","F","F","F","F","F","F","F","F","norrm101","norrm101","","F","F","F","F","F","","","","",0,0,0,0,0,0,0,0,0,23,"BAL","BAL","OAK",1,"F","F",0,0,0,9,2,"T","F",3,6,"T","T","kellp101","singk001","T","T",6,9,22,4,8,21,0,0,0,"robib102","robib102","",0,0,0,0,0,0,0,0,0,0,0,0,1,"norrm101","F","F","F","F",4,4,4,0,3,0,0,0,0,0,F,F,"1978BAL.EVA.regular.event.csv",4604
"BAL197808290","OAK",3,1,0,0,0,"",0,1,"kellp101","?","kellp101","?","brobp101","?","brobp101","?","robib102","reved101","edwam101","grosw001","guerm101","pagem001","armat001","alstd101","","harll101","belam101","53","F","F",7,2,2,"T","T",0,"F","F",1,"F","F",0,"F","F",5,"G","F","F","",0,0,"N",0,"N",0,"N",0,0,2,3,"53","","","","F","F","F","F","F","F","F","F","F","","norrm101","norrm101","F","F","F","F","F","","","","",0,3,0,0,5,0,0,0,0,24,"BAL","BAL","OAK",1,"F","F",1,0,1,10,3,"T","F",6,6,"T","T","singk001","murre001","F","F",0,0,0,8,1,23,6,9,22,"","robib102","robib102",0,0,0,0,0,0,0,0,0,0,0,0,0,"grosw001","F","F","F","F",0,0,4,4,3,0,0,0,0,0,F,F,"1978BAL.EVA.regular.event.csv",4605
"BAL197808290","OAK",3,1,1,0,0,"",0,1,"singk001","?","singk001","?","brobp101","?","brobp101","?","robib102","reved101","edwam101","grosw001","guerm101","pagem001","armat001","alstd101","","harll101","belam101","S8.3-H;2-3","F","F",9,3,20,"T","T",1,"F","F",0,"F","F",1,"F","F",8,"","F","F","",0,0,"N",0,"N",0,"N",1,0,3,4,"","","","","F","F","F","F","F","F","F","F","F","","norrm101","norrm101","F","F","F","F","F","","","","",0,0,0,0,0,0,0,0,0,25,"BAL","BAL","OAK",1,"F","F",1,0,1,11,4,"T","F",6,5,"T","T","murre001","decid001","F","F",0,0,0,8,1,23,6,9,22,"","robib102","robib102",0,0,0,0,0,0,0,0,0,0,0,0,1,"armat001","F","F","F","F",4,0,4,4,2,0,0,0,0,0,F,F,"1978BAL.EVA.regular.event.csv",4606
"BAL197808290","OAK",3,1,1,0,0,"",0,2,"murre001","?","murre001","?","brobp101","?","brobp101","?","robib102","reved101","edwam101","grosw001","guerm101","pagem001","armat001","alstd101","singk001","","harll101","W.1-2","F","F",3,4,14,"T","F",0,"F","F",0,"F","F",0,"F","F",0,"","F","F","",0,0,"N",0,"N",0,"N",1,2,0,3,"","","","","F","F","F","F","F","F","F","F","F","brobp101","","norrm101","F","F","F","F","F","","","","",0,0,0,0,0,0,0,0,0,26,"BAL","BAL","OAK",1,"F","F",2,0,2,12,5,"T","F",5,7,"T","T","decid001","may-l101","F","F",9,3,25,0,0,0,8,1,23,"robib102","","robib102",0,0,0,0,0,0,0,0,0,0,0,0,0,"","F","F","F","F",0,4,0,4,2,0,0,0,0,0,F,F,"1978BAL.EVA.regular.event.csv",4607
"BAL197808290","OAK",3,1,1,0,0,"",0,2,"decid001","?","decid001","?","brobp101","?","brobp101","?","robib102","reved101","edwam101","grosw001","guerm101","pagem001","armat001","alstd101","murre001","singk001","harll101","4","F","F",5,5,2,"T","T",0,"F","F",1,"F","F",0,"F","F",4,"F","F","F","",0,0,"N",0,"N",0,"N",0,1,2,3,"4","","","","F","F","F","F","F","F","F","F","F","brobp101","brobp101","norrm101","F","F","F","F","F","","","","",0,4,0,0,0,0,0,0,0,27,"BAL","BAL","OAK",1,"F","F",2,0,2,13,6,"T","F",7,7,"T","T","may-l101","dempr001","F","F",3,4,26,9,3,25,8,1,23,"robib102","robib102","robib102",0,0,0,0,0,0,0,0,0,0,0,0,0,"edwam101","F","F","F","F",0,0,4,4,2,0,0,0,0,0,F,F,"1978BAL.EVA.regular.event.csv",4608
"BAL197808290","OAK",3,1,2,0,0,"",0,2,"may-l101","?","may-l101","?","brobp101","?","brobp101","?","robib102","reved101","edwam101","grosw001","guerm101","pagem001","armat001","alstd101","murre001","singk001","harll101","S7/G.3-H;2-H;1-2","F","F",10,6,20,"T","T",1,"F","F",0,"F","F",2,"F","F",7,"G","F","F","",0,0,"N",0,"N",0,"N",1,2,4,4,"","","","","F","F","F","F","F","F","F","F","F","brobp101","brobp101","norrm101","F","F","F","F","F","","","","",0,0,0,0,0,0,0,0,0,28,"BAL","BAL","OAK",1,"F","F",2,0,2,14,7,"T","F",7,3,"T","T","dempr001","dauer001","F","F",3,4,26,9,3,25,8,1,23,"robib102","robib102","robib102",0,0,0,0,0,0,0,0,0,0,0,0,2,"pagem001","F","F","F","F",0,0,4,4,0,0,0,0,0,0,F,F,"1978BAL.EVA.regular.event.csv",4609
"BAL197808290","OAK",3,1,2,0,0,"",0,4,"dempr001","?","dempr001","?","brobp101","?","brobp101","?","robib102","reved101","edwam101","grosw001","guerm101","pagem001","armat001","alstd101","may-l101","murre001","","K","F","F",2,7,3,"T","T",0,"F","F",1,"F","F",0,"F","F",0,"","F","F","",0,0,"N",0,"N",0,"N",0,1,2,0,"2","","","","F","F","F","F","F","F","F","F","F","brobp101","brobp101","","F","F","F","F","F","","","","",0,2,0,0,0,0,0,0,0,29,"BAL","BAL","OAK",1,"F","T",4,0,4,15,8,"T","F",3,3,"T","T","dauer001","belam101","F","F",10,6,28,3,4,26,0,0,0,"robib102","robib102","",0,0,0,0,0,0,0,0,0,0,0,0,0,"","F","F","F","F",0,0,0,0,0,0,0,0,0,0,F,F,"1978BAL.EVA.regular.event.csv",4610
"BAL197808290","OAK",4,0,0,0,0,"",0,4,"cartr101","?","cartr101","?","martd001","?","martd001","?","dempr001","murre001","dauer001","decid001","belam101","kellp101","harll101","singk001","","","","2/FL","T","F",10,4,2,"T","T",0,"F","F",1,"F","F",0,"F","F",2,"F","F","T","",0,0,"N",0,"N",0,"N",0,0,0,0,"2","","","","F","F","F","F","F","F","F","F","F","","","","F","F","F","F","F","","","","",0,2,0,0,0,0,0,0,0,30,"BAL","OAK","BAL",0,"T","F",0,4,0,12,0,"T","F",0,0,"T","T","pagem001","guerm101","T","T",0,0,0,0,0,0,0,0,0,"","","",0,0,0,0,0,0,0,0,0,0,0,0,0,"dempr001","F","F","F","F",0,0,0,0,0,0,0,0,0,0,F,F,"1978BAL.EVA.regular.event.csv",4611
"BAL197808290","OAK",4,0,1,0,0,"",0,4,"pagem001","?","pagem001","?","martd001","?","martd001","?","dempr001","murre001","dauer001","decid001","belam101","kellp101","harll101","singk001","","","","43","F","F",7,5,2,"T","T",0,"F","F",1,"F","F",0,"F","F",4,"G","F","F","",0,0,"N",0,"N",0,"N",0,0,0,0,"43","","","","F","F","F","F","F","F","F","F","F","","","","F","F","F","F","F","","","","",0,3,0,0,4,0,0,0,0,31,"BAL","OAK","BAL",0,"F","F",0,4,0,13,1,"T","F",0,0,"T","T","guerm101","robib102","T","T",0,0,0,0,0,0,0,0,0,"","","",0,0,0,0,0,0,0,0,0,0,0,0,0,"dauer001","F","F","F","F",0,0,0,0,0,0,0,0,0,0,F,F,"1978BAL.EVA.regular.event.csv",4612
"BAL197808290","OAK",4,0,2,0,0,"",0,4,"guerm101","?","guerm101","?","martd001","?","martd001","?","dempr001","murre001","dauer001","decid001","belam101","kellp101","harll101","singk001","","","","5/L","F","F",6,6,2,"T","T",0,"F","F",1,"F","F",0,"F","F",5,"L","F","F","",0,0,"N",0,"N",0,"N",0,0,0,0,"5","","","","F","F","F","F","F","F","F","F","F","","","","F","F","F","F","F","","","","",0,5,0,0,0,0,0,0,0,32,"BAL","OAK","BAL",0,"F","T",0,4,0,14,2,"T","F",0,0,"T","T","robib102","armat001","T","T",0,0,0,0,0,0,0,0,0,"","","",0,0,0,0,0,0,0,0,0,0,0,0,0,"decid001","F","F","F","F",0,0,0,0,0,0,0,0,0,0,F,F,"1978BAL.EVA.regular.event.csv",4613
"BAL197808290","OAK",4,1,0,0,0,"",0,4,"dauer001","?","dauer001","?","brobp101","?","brobp101","?","robib102","reved101","edwam101","grosw001","guerm101","pagem001","armat001","alstd101","","","","HR","T","F",4,8,23,"T","T",4,"F","F",0,"F","F",1,"F","F",0,"","F","F","",0,0,"N",0,"N",0,"N",4,0,0,0,"","","","","F","F","F","F","F","F","F","F","F","","","","F","F","F","F","F","","","","",0,0,0,0,0,0,0,0,0,33,"BAL","BAL","OAK",1,"T","F",4,0,0,16,0,"T","F",0,0,"T","T","belam101","harll101","F","F",0,0,0,0,0,0,0,0,0,"","","",0,0,0,0,0,0,0,0,0,0,0,0,1,"","F","F","F","F",4,0,0,0,1,0,0,0,0,0,F,F,"1978BAL.EVA.regular.event.csv",4614
"BAL197808290","OAK",4,1,0,0,0,"",0,5,"belam101","?","belam101","?","brobp101","?","brobp101","?","robib102","reved101","edwam101","grosw001","guerm101","pagem001","armat001","alstd101","","","","3/FL","F","F",6,9,2,"T","T",0,"F","F",1,"F","F",0,"F","F",3,"F","F","T","",0,0,"N",0,"N",0,"N",0,0,0,0,"3","","","","F","F","F","F","F","F","F","F","F","","","","F","F","F","F","F","","","","",0,3,0,0,0,0,0,0,0,34,"BAL","BAL","OAK",1,"F","F",5,0,1,17,1,"T","F",0,0,"T","T","harll101","kellp101","F","F",0,0,0,0,0,0,0,0,0,"","","",0,0,0,0,0,0,0,0,0,0,0,0,0,"reved101","F","F","F","F",0,0,0,0,1,0,0,0,0,0,F,F,"1978BAL.EVA.regular.event.csv",4615
"BAL197808290","OAK",4,1,1,0,0,"",0,5,"harll101","?","harll101","?","brobp101","?","brobp101","?","robib102","reved101","edwam101","grosw001","guerm101","pagem001","armat001","alstd101","","","","S9","F","F",8,1,20,"T","T",1,"F","F",0,"F","F",0,"F","F",9,"","F","F","",0,0,"N",0,"N",0,"N",1,0,0,0,"","","","","F","F","F","F","F","F","F","F","F","","","","F","F","F","F","F","","","","",0,0,0,0,0,0,0,0,0,35,"BAL","BAL","OAK",1,"F","F",5,0,1,18,2,"T","F",0,1,"T","T","kellp101","singk001","F","F",0,0,0,0,0,0,0,0,0,"","","",0,0,0,0,0,0,0,0,0,0,0,0,0,"alstd101","F","F","F","F",4,0,0,0,1,0,0,0,0,0,F,F,"1978BAL.EVA.regular.event.csv",4616
"BAL197808290","OAK",4,1,1,0,0,"",0,5,"kellp101","?","kellp101","?","brobp101","?","brobp101","?","robib102","reved101","edwam101","grosw001","guerm101","pagem001","armat001","alstd101","harll101","","","53.1-2","F","F",7,2,2,"T","T",0,"F","F",1,"F","F",0,"F","F",5,"G","F","F","",0,0,"N",0,"N",0,"N",0,2,0,0,"53","","","","F","F","F","F","F","F","F","F","F","brobp101","","","F","F","F","F","F","","","","",0,3,0,0,5,0,0,0,0,36,"BAL","BAL","OAK",1,"F","F",5,0,1,19,3,"T","F",1,2,"T","T","singk001","murre001","F","F",8,1,35,0,0,0,0,0,0,"robib102","","",0,0,0,0,0,0,0,0,0,0,0,0,0,"grosw001","F","F","F","F",0,4,0,0,1,0,0,0,0,0,F,F,"1978BAL.EVA.regular.event.csv",4617
"BAL197808290","OAK",4,1,2,0,0,"",0,5,"singk001","?","singk001","?","brobp101","?","brobp101","?","robib102","reved101","edwam101","grosw001","guerm101","pagem001","armat001","alstd101","","harll101","","S.2-H","F","F",9,3,20,"T","T",1,"F","F",0,"F","F",1,"F","F",0,"","F","F","",0,0,"N",0,"N",0,"N",1,0,4,0,"","","","","F","F","F","F","F","F","F","F","F","","brobp101","","F","F","F","F","F","","","","",0,0,0,0,0,0,0,0,0,37,"BAL","BAL","OAK",1,"F","F",5,0,1,20,4,"T","F",2,1,"T","T","murre001","decid001","F","F",0,0,0,8,1,35,0,0,0,"","robib102","",0,0,0,0,0,0,0,0,0,0,0,0,1,"","F","F","F","F",0,0,4,0,0,0,0,0,0,0,F,F,"1978BAL.EVA.regular.event.csv",4618
"BAL197808290","OAK",4,1,2,0,0,"",0,6,"murre001","?","murre001","?","brobp101","?","brobp101","?","robib102","reved101","edwam101","grosw001","guerm101","pagem001","armat001","alstd101","singk001","","","K","F","F",3,4,3,"T","T",0,"F","F",1,"F","F",0,"F","F",0,"","F","F","",0,0,"N",0,"N",0,"N",0,1,0,0,"2","","","","F","F","F","F","F","F","F","F","F","brobp101","","","F","F","F","F","F","","","","",0,2,0,0,0,0,0,0,0,38,"BAL","BAL","OAK",1,"F","T",6,0,2,21,5,"T","F",1,1,"T","T","decid001","may-l101","F","F",9,3,37,0,0,0,0,0,0,"robib102","","",0,0,0,0,0,0,0,0,0,0,0,0,0,"","F","F","F","F",0,0,0,0,0,0,0,0,0,0,F,F,"1978BAL.EVA.regular.event.csv",4619
"BAL197808290","OAK",5,0,0,0,0,"",0,6,"robib102","?","robib102","?","martd001","?","martd001","?","dempr001","murre001","dauer001","decid001","belam101","kellp101","harll101","singk001","","","","S7","T","F",2,7,20,"T","T",1,"F","F",0,"F","F",0,"F","F",7,"","F","F","",0,0,"N",0,"N",0,"N",1,0,0,0,"","","","","F","F","F","F","F","F","F","F","F","","","","F","F","F","F","F","","","","",0,0,0,0,0,0,0,0,0,39,"BAL","OAK","BAL",0,"T","F",0,6,0,15,0,"T","F",0,1,"T","T","armat001","edwam101","T","T",0,0,0,0,0,0,0,0,0,"","","",0,0,0,0,0,0,0,0,0,0,0,0,0,"kellp101","F","F","F","F",0,0,0,0,0,0,0,0,0,0,F,F,"1978BAL.EVA.regular.event.csv",4620
"BAL197808290","OAK",5,0,0,0,0,"",0,6,"armat001","?","armat001","?","martd001","?","martd001","?","dempr001","murre001","dauer001","decid001","belam101","kellp101","harll101","singk001","robib102","","","5/L","F","F",8,8,2,"T","T",0,"F","F",1,"F","F",0,"F","F",5,"L","F","F","",0,0,"N",0,"N",0,"N",0,1,0,0,"5","","","","F","F","F","F","F","F","F","F","F","martd001","","","F","F","F","F","F","","","","",0,5,0,0,0,0,0,0,0,40,"BAL","OAK","BAL",0,"F","F",0,6,0,16,1,"T","F",1,1,"T","T","edwam101","alstd101","T","T",2,7,39,0,0,0,0,0,0,"dempr001","","",0,0,0,0,0,0,0,0,0,0,0,0,0,"decid001","F","F","F","F",0,0,0,0,0,0,0,0,0,0,F,F,"1978BAL.EVA.regular.event.csv",4621
"BAL197808290","OAK",5,0,1,0,0,"",0,6,"edwam101","?","edwam101","?","martd001","?","martd001","?","dempr001","murre001","dauer001","decid001","belam101","kellp101","harll101","singk001","robib102","","","64(1)3/GDP","F","F",4,9,2,"T","T",0,"F","F",2,"T","F",0,"F","F",6,"G","F","F","",0,0,"N",0,"N",0,"N",0,0,0,0,"43","64","","","F","F","F","F","F","F","F","F","F","martd001","","","F","F","F","F","F","","","","",0,4,3,0,6,4,0,0,0,41,"BAL","OAK","BAL",0,"F","T",0,6,0,17,2,"T","F",1,0,"T","T","alstd101","grosw001","T","T",2,7,39,0,0,0,0,0,0,"dempr001","","",0,0,0,0,0,0,0,0,0,0,0,0,0,"belam101","T","F","F","F",0,0,0,0,0,0,0,0,0,0,F,F,"1978BAL.EVA.regular.event.csv",4622
"BAL197808290","OAK",5,1,0,0,0,"",0,6,"decid001","?","decid001","?","brobp101","?","brobp101","?","robib102","reved101","edwam101","grosw001","guerm101","pagem001","armat001","alstd101","","","","W","T","F",5,5,14,"T","F",0,"F","F",0,"F","F",0,"F","F",0,"","F","F","",0,0,"N",0,"N",0,"N",1,0,0,0,"","","","","F","F","F","F","F","F","F","F","F","","","","F","F","F","F","F","","","","",0,0,0,0,0,0,0,0,0,42,"BAL","BAL","OAK",1,"T","F",6,0,0,22,0,"T","F",0,1,"T","T","may-l101","dempr001","F","F",0,0,0,0,0,0,0,0,0,"","","",0,0,0,0,0,0,0,0,0,0,0,0,0,"","F","F","F","F",0,0,0,0,0,0,0,0,0,0,F,F,"1978BAL.EVA.regular.event.csv",4623
"BAL197808290","OAK",5,1,0,0,0,"",0,6,"may-l101","?","may-l101","?","brobp101","?","brobp101","?","robib102","reved101","edwam101","grosw001","guerm101","pagem001","armat001","alstd101","decid001","","","8/L","F","F",10,6,2,"T","T",0,"F","F",1,"F","F",0,"F","F",8,"L","F","F","",0,0,"N",0,"N",0,"N",0,1,0,0,"8","","","","F","F","F","F","F","F","F","F","F","brobp101","","","F","F","F","F","F","","","","",0,8,0,0,0,0,0,0,0,43,"BAL","BAL","OAK",1,"F","F",6,0,0,23,1,"T","F",1,1,"T","T","dempr001","dauer001","F","F",5,5,42,0,0,0,0,0,0,"robib102","","",0,0,0,0,0,0,0,0,0,0,0,0,0,"armat001","F","F","F","F",0,0,0,0,0,0,0,0,0,0,F,F,"1978BAL.EVA.regular.event.csv",4624
"BAL197808290","OAK",5,1,1,0,0,"",0,6,"dempr001","?","dempr001","?","brobp101","?","brobp101","?","robib102","reved101","edwam101","grosw001","guerm101","pagem001","armat001","alstd101","decid001","","","6","F","F",2,7,2,"T","T",0,"F","F",1,"F","F",0,"F","F",6,"F","F","F","",0,0,"N",0,"N",0,"N",0,1,0,0,"6","","","","F","F","F","F","F","F","F","F","F","brobp101","","","F","F","F","F","F","","","","",0,6,0,0,0,0,0,0,0,44,"BAL","BAL","OAK",1,"F","F",6,0,0,24,2,"T","F",1,1,"T","T","dauer001","belam101","F","F",5,5,42,0,0,0,0,0,0,"robib102","","",0,0,0,0,0,0,0,0,0,0,0,0,0,"guerm101","F","F","F","F",0,0,0,0,0,0,0,0,0,0,F,F,"1978BAL.EVA.regular.event.csv",4625
"BAL197808290","OAK",5,1,2,0,0,"",0,6,"dauer001","?","dauer001","?","brobp101","?","brobp101","?","robib102","reved101","edwam101","grosw001","guerm101","pagem001","armat001","alstd101","decid001","","","53","F","F",4,8,2,"T","T",0,"F","F",1,"F","F",0,"F","F",5,"G","F","F","",0,0,"N",0,"N",0,"N",0,1,0,0,"53","","","","F","F","F","F","F","F","F","F","F","brobp101","","","F","F","F","F","F","","","","",0,3,0,0,5,0,0,0,0,45,"BAL","BAL","OAK",1,"F","T",6,0,0,25,3,"T","F",1,1,"T","T","belam101","harll101","F","F",5,5,42,0,0,0,0,0,0,"robib102","","",0,0,0,0,0,0,0,0,0,0,0,0,0,"grosw001","F","F","F","F",0,0,0,0,0,0,0,0,0,0,F,F,"1978BAL.EVA.regular.event.csv",4626
"BAL197808290","OAK",6,0,0,0,0,"",0,6,"alstd101","?","alstd101","?","martd001","?","martd001","?","dempr001","murre001","dauer001","decid001","belam101","kellp101","harll101","singk001","","","","1/G","T","F",9,1,2,"T","T",0,"F","F",1,"F","F",0,"F","F",1,"G","F","F","",0,0,"N",0,"N",0,"N",0,0,0,0,"1","","","","F","F","F","F","F","F","F","F","F","","","","F","F","F","F","F","","","","",0,1,0,0,0,0,0,0,0,46,"BAL","OAK","BAL",0,"T","F",0,6,0,18,0,"T","F",0,0,"T","T","grosw001","reved101","T","T",0,0,0,0,0,0,0,0,0,"","","",0,0,0,0,0,0,0,0,0,0,0,0,0,"martd001","F","F","F","F",0,0,0,0,1,0,0,0,0,0,F,F,"1978BAL.EVA.regular.event.csv",4627
"BAL197808290","OAK",6,0,1,0,0,"",0,6,"grosw001","?","grosw001","?","martd001","?","martd001","?","dempr001","murre001","dauer001","decid001","belam101","kellp101","harll101","singk001","","","","HR/9","F","F",5,2,23,"T","T",4,"F","F",0,"F","F",1,"F","F",0,"","F","F","9",0,0,"N",0,"N",0,"N",4,0,0,0,"","","","","F","F","F","F","F","F","F","F","F","","","","F","F","F","F","F","","","","",0,0,0,0,0,0,0,0,0,47,"BAL","OAK","BAL",0,"F","F",0,6,0,19,1,"T","F",0,0,"T","T","reved101","cartr101","T","T",0,0,0,0,0,0,0,0,0,"","","",0,0,0,0,0,0,0,0,0,0,0,0,1,"","F","F","F","F",4,0,0,0,0,0,0,0,0,0,F,F,"1978BAL.EVA.regular.event.csv",4628
"BAL197808290","OAK",6,0,1,0,0,"",1,6,"reved101","?","reved101","?","martd001","?","martd001","?","dempr001","murre001","dauer001","decid001","belam101","kellp101","harll101","singk001","","","","8","F","F",3,3,2,"T","T",0,"F","F",1,"F","F",0,"F","F",8,"F","F","F","",0,0,"N",0,"N",0,"N",0,0,0,0,"8","","","","F","F","F","F","F","F","F","F","F","","","","F","F","F","F","F","","","","",0,8,0,0,0,0,0,0,0,48,"BAL","OAK","BAL",0,"F","F",1,6,1,20,2,"T","F",0,0,"T","T","cartr101","pagem001","T","T",0,0,0,0,0,0,0,0,0,"","","",0,0,0,0,0,0,0,0,0,0,0,0,0,"harll101","F","F","F","F",0,0,0,0,0,0,0,0,0,0,F,F,"1978BAL.EVA.regular.event.csv",4629
"BAL197808290","OAK",6,0,2,0,0,"",1,6,"cartr101","?","cartr101","?","martd001","?","martd001","?","dempr001","murre001","dauer001","decid001","belam101","kellp101","harll101","singk001","","","","K","F","F",10,4,3,"T","T",0,"F","F",1,"F","F",0,"F","F",0,"","F","F","",0,0,"N",0,"N",0,"N",0,0,0,0,"2","","","","F","F","F","F","F","F","F","F","F","","","","F","F","F","F","F","","","","",0,2,0,0,0,0,0,0,0,49,"BAL","OAK","BAL",0,"F","T",1,6,1,21,3,"T","F",0,0,"T","T","pagem001","guerm101","T","T",0,0,0,0,0,0,0,0,0,"","","",0,0,0,0,0,0,0,0,0,0,0,0,0,"","F","F","F","F",0,0,0,0,0,0,0,0,0,0,F,F,"1978BAL.EVA.regular.event.csv",4630
"BAL197808290","OAK",6,1,0,0,0,"",1,6,"belam101","?","belam101","?","sosae101","?","sosae101","?","robib102","reved101","edwam101","grosw001","guerm101","pagem001","armat001","alstd101","","","","K","T","F",6,9,3,"T","T",0,"F","F",1,"F","F",0,"F","F",0,"","F","F","",0,0,"N",0,"N",0,"N",0,0,0,0,"2","","","","F","F","F","F","F","F","F","F","F","","","","F","F","F","F","F","","","","",0,2,0,0,0,0,0,0,0,50,"BAL","BAL","OAK",1,"T","F",6,1,0,26,0,"T","F",0,0,"T","T","harll101","kellp101","F","F",0,0,0,0,0,0,0,0,0,"","","",0,0,0,0,0,0,0,0,0,0,0,0,0,"","F","F","F","F",0,0,0,0,0,0,0,0,0,0,F,F,"1978BAL.EVA.regular.event.csv",4631
"BAL197808290","OAK",6,1,1,0,0,"",1,6,"harll101","?","harll101","?","sosae101","?","sosae101","?","robib102","reved101","edwam101","grosw001","guerm101","pagem001","armat001","alstd101","","","","9","F","F",8,1,2,"T","T",0,"F","F",1,"F","F",0,"F","F",9,"F","F","F","",0,0,"N",0,"N",0,"N",0,0,0,0,"9","","","","F","F","F","F","F","F","F","F","F","","","","F","F","F","F","F","","","","",0,9,0,0,0,0,0,0,0,51,"BAL","BAL","OAK",1,"F","F",6,1,0,27,1,"T","F",0,0,"T","T","kellp101","singk001","F","F",0,0,0,0,0,0,0,0,0,"","","",0,0,0,0,0,0,0,0,0,0,0,0,0,"alstd101","F","F","F","F",0,0,0,0,0,0,0,0,0,0,F,F,"1978BAL.EVA.regular.event.csv",4632
"BAL197808290","OAK",6,1,2,0,0,"",1,6,"kellp101","?","kellp101","?","sosae101","?","sosae101","?","robib102","reved101","edwam101","grosw001","guerm101","pagem001","armat001","alstd101","","","","K","F","F",7,2,3,"T","T",0,"F","F",1,"F","F",0,"F","F",0,"","F","F","",0,0,"N",0,"N",0,"N",0,0,0,0,"2","","","","F","F","F","F","F","F","F","F","F","","","","F","F","F","F","F","","","","",0,2,0,0,0,0,0,0,0,52,"BAL","BAL","OAK",1,"F","T",6,1,0,28,2,"T","F",0,0,"T","T","singk001","murre001","F","F",0,0,0,0,0,0,0,0,0,"","","",0,0,0,0,0,0,0,0,0,0,0,0,0,"","F","F","F","F",0,0,0,0,0,0,0,0,0,0,F,F,"1978BAL.EVA.regular.event.csv",4633
"BAL197808290","OAK",7,0,0,0,0,"",1,6,"pagem001","?","pagem001","?","martd001","?","martd001","?","dempr001","murre001","dauer001","decid001","belam101","kellp101","harll101","singk001","","","","S8.B-2(E8)","T","F",7,5,20,"T","T",1,"F","F",0,"F","F",0,"F","F",8,"","F","F","",1,8,"F",0,"N",0,"N",2,0,0,0,"","","","","F","F","F","F","F","F","F","F","F","","","","F","F","F","F","F","","","","",0,0,0,0,0,0,0,0,0,53,"BAL","OAK","BAL",0,"T","F",1,6,0,22,0,"T","F",0,2,"T","T","guerm101","robib102","T","T",0,0,0,0,0,0,0,0,0,"","","",0,0,0,0,0,0,0,0,0,0,0,0,0,"harll101","F","F","F","F",0,0,0,0,0,0,0,0,0,0,F,F,"1978BAL.EVA.regular.event.csv",4634
"BAL197808290","OAK",7,0,0,0,0,"",1,6,"guerm101","?","guerm101","?","martd001","?","martd001","?","dempr001","murre001","dauer001","decid001","belam101","kellp101","harll101","singk001","","pagem001","","43.2-3","F","F",6,6,2,"T","T",0,"F","F",1,"F","F",0,"F","F",4,"G","F","F","",0,0,"N",0,"N",0,"N",0,0,3,0,"43","","","","F","F","F","F","F","F","F","F","F","","martd001","","F","F","F","F","F","","","","",0,3,0,0,4,0,0,0,0,54,"BAL","OAK","BAL",0,"F","F",1,6,0,23,1,"T","F",2,4,"T","T","robib102","armat001","T","T",0,0,0,7,5,53,0,0,0,"","dempr001","",0,0,0,0,0,0,0,0,0,0,0,0,0,"dauer001","F","F","F","F",0,0,0,0,0,0,0,0,0,0,F,F,"1978BAL.EVA.regular.event.csv",4635
"BAL197808290","OAK",7,0,1,0,0,"",1,6,"robib102","?","robib102","?","martd001","?","martd001","?","dempr001","murre001","dauer001","decid001","belam101","kellp101","harll101","singk001","","","pagem001","7","F","F",2,7,2,"T","T",0,"F","F",1,"F","F",0,"F","F",7,"F","F","F","",0,0,"N",0,"N",0,"N",0,0,0,3,"7","","","","F","F","F","F","F","F","F","F","F","","","martd001","F","F","F","F","F","","","","",0,7,0,0,0,0,0,0,0,55,"BAL","OAK","BAL",0,"F","F",1,6,0,24,2,"T","F",4,4,"T","T","armat001","edwam101","T","T",0,0,0,0,0,0,7,5,53,"","","dempr001",0,0,0,0,0,0,0,0,0,0,0,0,0,"kellp101","F","F","F","F",0,0,0,0,0,0,0,0,0,0,F,F,"1978BAL.EVA.regular.event.csv",4636
"BAL197808290","OAK",7,0,2,0,0,"",1,6,"armat001","?","armat001","?","martd001","?","martd001","?","dempr001","murre001","dauer001","decid001","belam101","kellp101","harll101","singk001","","","pagem001","K/C","F","F",8,8,3,"T","T",0,"F","F",1,"F","F",0,"F","F",0,"","F","F","",0,0,"N",0,"N",0,"N",0,0,0,3,"2","","","","F","F","F","F","F","F","F","F","F","","","martd001","F","F","F","F","F","","","","",0,2,0,0,0,0,0,0,0,56,"BAL","OAK","BAL",0,"F","T",1,6,0,25,3,"T","F",4,4,"T","T","edwam101","alstd101","T","T",0,0,0,0,0,0,7,5,53,"","","dempr001",0,0,0,0,0,0,0,0,0,0,0,0,0,"","F","F","F","F",0,0,0,0,0,0,0,0,0,0,F,F,"1978BAL.EVA.regular.event.csv",4637
"BAL197808290","OAK",7,1,0,0,0,"",1,6,"singk001","?","singk001","?","sosae101","?","sosae101","?","robib102","reved101","edwam101","grosw001","guerm101","pagem001","armat001","alstd101","","","","K","T","F",9,3,3,"T","T",0,"F","F",1,"F","F",0,"F","F",0,"","F","F","",0,0,"N",0,"N",0,"N",0,0,0,0,"2","","","","F","F","F","F","F","F","F","F","F","","","","F","F","F","F","F","","","","",0,2,0,0,0,0,0,0,0,57,"BAL","BAL","OAK",1,"T","F",6,1,0,29,0,"T","F",0,0,"T","T","murre001","decid001","F","F",0,0,0,0,0,0,0,0,0,"","","",0,0,0,0,0,0,0,0,0,0,0,0,0,"","F","F","F","F",0,0,0,0,0,0,0,0,0,0,F,F,"1978BAL.EVA.regular.event.csv",4638
"BAL197808290","OAK",7,1,1,0,0,"",1,6,"murre001","?","murre001","?","sosae101","?","sosae101","?","robib102","reved101","edwam101","grosw001","guerm101","pagem001","armat001","alstd101","","","","S9","F","F",3,4,20,"T","T",1,"F","F",0,"F","F",0,"F","F",9,"","F","F","",0,0,"N",0,"N",0,"N",1,0,0,0,"","","","","F","F","F","F","F","F","F","F","F","","","","F","F","F","F","F","","","","",0,0,0,0,0,0,0,0,0,58,"BAL","BAL","OAK",1,"F","F",6,1,0,30,1,"T","F",0,1,"T","T","decid001","may-l101","F","F",0,0,0,0,0,0,0,0,0,"","","",0,0,0,0,0,0,0,0,0,0,0,0,0,"alstd101","F","F","F","F",0,0,0,0,0,0,0,0,0,0,F,F,"1978BAL.EVA.regular.event.csv",4639
"BAL197808290","OAK",7,1,1,0,0,"",1,6,"decid001","?","decid001","?","sosae101","?","sosae101","?","robib102","reved101","edwam101","grosw001","guerm101","pagem001","armat001","alstd101","murre001","","","64(1)3/GDP","F","F",5,5,2,"T","T",0,"F","F",2,"T","F",0,"F","F",6,"G","F","F","",0,0,"N",0,"N",0,"N",0,0,0,0,"43","64","","","F","F","F","F","F","F","F","F","F","sosae101","","","F","F","F","F","F","","","","",0,4,3,0,6,4,0,0,0,59,"BAL","BAL","OAK",1,"F","T",6,1,0,31,2,"T","F",1,0,"T","T","may-l101","dempr001","F","F",3,4,58,0,0,0,0,0,0,"robib102","","",0,0,0,0,0,0,0,0,0,0,0,0,0,"guerm101","T","F","F","F",0,0,0,0,0,0,0,0,0,0,F,F,"1978BAL.EVA.regular.event.csv",4640
"BAL197808290","OAK",8,0,0,0,0,"",1,6,"edwam101","?","edwam101","?","martd001","?","martd001","?","dempr001","murre001","dauer001","decid001","belam101","kellp101","harll101","lopec101","","","","D7","T","F",4,9,21,"T","T",2,"F","F",0,"F","F",0,"F","F",7,"","F","F","",0,0,"N",0,"N",0,"N",2,0,0,0,"","","","","F","F","F","F","F","F","F","F","F","","","","F","F","F","F","F","","","","",0,0,0,0,0,0,0,0,0,60,"BAL","OAK","BAL",0,"T","F",1,6,0,26,0,"T","F",0,2,"T","T","alstd101","grosw001","T","T",0,0,0,0,0,0,0,0,0,"","","",0,0,0,0,0,0,0,0,0,0,0,0,0,"kellp101","F","F","F","F",0,0,0,0,0,0,0,0,0,0,F,F,"1978BAL.EVA.regular.event.csv",4641
"BAL197808290","OAK",8,0,0,0,0,"",1,6,"alstd101","?","alstd101","?","martd001","?","martd001","?","dempr001","murre001","dauer001","decid001","belam101","kellp101","harll101","lopec101","","edwam101","","7","F","F",9,1,2,"T","T",0,"F","F",1,"F","F",0,"F","F",7,"F","F","F","",0,0,"N",0,"N",0,"N",0,0,2,0,"7","","","","F","F","F","F","F","F","F","F","F","","martd001","","F","F","F","F","F","","","","",0,7,0,0,0,0,0,0,0,61,"BAL","OAK","BAL",0,"F","F",1,6,0,27,1,"T","F",2,2,"T","T","grosw001","reved101","T","T",0,0,0,4,9,60,0,0,0,"","dempr001","",0,0,0,0,0,0,0,0,0,0,0,0,0,"kellp101","F","F","F","F",0,0,0,0,0,0,0,0,0,0,F,F,"1978BAL.EVA.regular.event.csv",4642
"BAL197808290","OAK",8,0,1,0,0,"",1,6,"grosw001","?","grosw001","?","martd001","?","martd001","?","dempr001","murre001","dauer001","decid001","belam101","andem101","harll101","lopec101","","edwam101","","63","F","F",5,2,2,"T","T",0,"F","F",1,"F","F",0,"F","F",6,"G","F","F","",0,0,"N",0,"N",0,"N",0,0,2,0,"63","","","","F","F","F","F","F","F","F","F","F","","martd001","","F","F","F","F","F","","","","",0,3,0,0,6,0,0,0,0,62,"BAL","OAK","BAL",0,"F","F",1,6,0,28,2,"T","F",2,2,"T","T","reved101","cartr101","T","T",0,0,0,4,9,60,0,0,0,"","dempr001","",0,0,0,0,0,0,0,0,0,0,0,0,0,"belam101","F","F","F","F",0,0,0,0,0,0,0,0,0,0,F,F,"1978BAL.EVA.regular.event.csv",4643
"BAL197808290","OAK",8,0,2,0,0,"",1,6,"reved101","?","reved101","?","martd001","?","martd001","?","dempr001","murre001","dauer001","decid001","belam101","andem101","harll101","lopec101","","edwam101","","8","F","F",3,3,2,"T","T",0,"F","F",1,"F","F",0,"F","F",8,"F","F","F","",0,0,"N",0,"N",0,"N",0,0,2,0,"8","","","","F","F","F","F","F","F","F","F","F","","martd001","","F","F","F","F","F","","","","",0,8,0,0,0,0,0,0,0,63,"BAL","OAK","BAL",0,"F","T",1,6,0,29,3,"T","F",2,2,"T","T","cartr101","pagem001","T","T",0,0,0,4,9,60,0,0,0,"","dempr001","",0,0,0,0,0,0,0,0,0,0,0,0,0,"harll101","F","F","F","F",0,0,0,0,0,0,0,0,0,0,F,F,"1978BAL.EVA.regular.event.csv",4644
"BAL197808290","OAK",8,1,0,0,0,"",1,6,"may-l101","?","may-l101","?","sosae101","?","sosae101","?","robib102","reved101","edwam101","grosw001","guerm101","pagem001","armat001","alstd101","","","","K","T","F",10,6,3,"T","T",0,"F","F",1,"F","F",0,"F","F",0,"","F","F","",0,0,"N",0,"N",0,"N",0,0,0,0,"2","","","","F","F","F","F","F","F","F","F","F","","","","F","F","F","F","F","","","","",0,2,0,0,0,0,0,0,0,64,"BAL","BAL","OAK",1,"T","F",6,1,0,32,0,"T","F",0,0,"T","T","dempr001","dauer001","F","F",0,0,0,0,0,0,0,0,0,"","","",0,0,0,0,0,0,0,0,0,0,0,0,0,"","F","F","F","F",0,0,0,0,0,0,0,0,0,0,F,F,"1978BAL.EVA.regular.event.csv",4645
"BAL197808290","OAK",8,1,1,0,0,"",1,6,"dempr001","?","dempr001","?","sosae101","?","sosae101","?","robib102","reved101","edwam101","grosw001","guerm101","pagem001","armat001","alstd101","","","","W","F","F",2,7,14,"T","F",0,"F","F",0,"F","F",0,"F","F",0,"","F","F","",0,0,"N",0,"N",0,"N",1,0,0,0,"","","","","F","F","F","F","F","F","F","F","F","","","","F","F","F","F","F","","","","",0,0,0,0,0,0,0,0,0,65,"BAL","BAL","OAK",1,"F","F",6,1,0,33,1,"T","F",0,1,"T","T","dauer001","belam101","F","F",0,0,0,0,0,0,0,0,0,"","","",0,0,0,0,0,0,0,0,0,0,0,0,0,"","F","F","F","F",0,0,0,0,0,0,0,0,0,0,F,F,"1978BAL.EVA.regular.event.csv",4646
"BAL197808290","OAK",8,1,1,0,0,"",1,6,"dauer001","?","dauer001","?","sosae101","?","sosae101","?","robib102","reved101","edwam101","grosw001","guerm101","pagem001","armat001","alstd101","dempr001","","","54(1)3/GDP","F","F",4,8,2,"T","T",0,"F","F",2,"T","F",0,"F","F",5,"G","F","F","",0,0,"N",0,"N",0,"N",0,0,0,0,"43","54","","","F","F","F","F","F","F","F","F","F","sosae101","","","F","F","F","F","F","","","","",0,4,3,0,5,4,0,0,0,66,"BAL","BAL","OAK",1,"F","T",6,1,0,34,2,"T","F",1,0,"T","T","belam101","harll101","F","F",2,7,65,0,0,0,0,0,0,"robib102","","",0,0,0,0,0,0,0,0,0,0,0,0,0,"grosw001","T","F","F","F",0,0,0,0,0,0,0,0,0,0,F,F,"1978BAL.EVA.regular.event.csv",4647
"BAL197808290","OAK",9,0,0,0,0,"",1,6,"cartr101","?","cartr101","?","martd001","?","martd001","?","dempr001","murre001","dauer001","decid001","belam101","andem101","harll101","lopec101","","","","HR/8","T","F",10,4,23,"T","T",4,"F","F",0,"F","F",1,"F","F",0,"","F","F","8",0,0,"N",0,"N",0,"N",4,0,0,0,"","","","","F","F","F","F","F","F","F","F","F","","","","F","F","F","F","F","","","","",0,0,0,0,0,0,0,0,0,67,"BAL","OAK","BAL",0,"T","F",1,6,0,30,0,"T","F",0,0,"T","T","pagem001","guerm101","T","T",0,0,0,0,0,0,0,0,0,"","","",0,0,0,0,0,0,0,0,0,0,0,0,1,"","F","F","F","F",4,0,0,0,0,0,0,0,0,0,F,F,"1978BAL.EVA.regular.event.csv",4648
"BAL197808290","OAK",9,0,0,0,0,"",2,6,"pagem001","?","pagem001","?","martd001","?","martd001","?","dempr001","murre001","dauer001","decid001","belam101","andem101","harll101","lopec101","","","","5/FL","F","F",7,5,2,"T","T",0,"F","F",1,"F","F",0,"F","F",5,"F","F","T","",0,0,"N",0,"N",0,"N",0,0,0,0,"5","","","","F","F","F","F","F","F","F","F","F","","","","F","F","F","F","F","","","","",0,5,0,0,0,0,0,0,0,68,"BAL","OAK","BAL",0,"F","F",2,6,1,31,1,"T","F",0,0,"T","T","guerm101","robib102","T","T",0,0,0,0,0,0,0,0,0,"","","",0,0,0,0,0,0,0,0,0,0,0,0,0,"decid001","F","F","F","F",0,0,0,0,0,0,0,0,0,0,F,F,"1978BAL.EVA.regular.event.csv",4649
"BAL197808290","OAK",9,0,1,0,0,"",2,6,"guerm101","?","guerm101","?","martd001","?","martd001","?","dempr001","murre001","dauer001","decid001","belam101","andem101","harll101","lopec101","","","","8","F","F",6,6,2,"T","T",0,"F","F",1,"F","F",0,"F","F",8,"F","F","F","",0,0,"N",0,"N",0,"N",0,0,0,0,"8","","","","F","F","F","F","F","F","F","F","F","","","","F","F","F","F","F","","","","",0,8,0,0,0,0,0,0,0,69,"BAL","OAK","BAL",0,"F","F",2,6,1,32,2,"T","F",0,0,"T","T","robib102","armat001","T","T",0,0,0,0,0,0,0,0,0,"","","",0,0,0,0,0,0,0,0,0,0,0,0,0,"harll101","F","F","F","F",0,0,0,0,0,0,0,0,0,0,F,F,"1978BAL.EVA.regular.event.csv",4650
"BAL197808290","OAK",9,0,2,0,0,"",2,6,"robib102","?","robib102","?","martd001","?","martd001","?","dempr001","murre001","dauer001","decid001","belam101","andem101","harll101","lopec101","","","","43","F","F",2,7,2,"T","T",0,"F","F",1,"F","F",0,"F","F",4,"G","F","F","",0,0,"N",0,"N",0,"N",0,0,0,0,"43","","","","F","F","F","F","F","F","F","F","F","","","","F","T","F","F","F","","","","",0,3,0,0,4,0,0,0,0,70,"BAL","OAK","BAL",0,"F","T",2,6,1,33,3,"T","F",0,0,"T","T","armat001","edwam101","T","T",0,0,0,0,0,0,0,0,0,"","","",0,0,0,0,0,0,0,0,0,0,0,0,0,"dauer001","F","F","F","F",0,0,0,0,0,0,0,0,0,0,F,F,"1978BAL.EVA.regular.event.csv",4651
"BAL197808300","NYA",1,0,0,0,0,"",0,0,"blaip101","?","blaip101","?","flanm001","?","flanm001","?","dempr001","murre001","dauer001","decid001","belam101","moraa101","lopec101","singk001","","","","S/89","T","F",8,1,20,"T","T",1,"F","F",0,"F","F",0,"F","F",0,"","F","F","89",0,0,"N",0,"N",0,"N",1,0,0,0,"","","","","F","F","F","F","F","F","F","F","F","","","","T","F","F","F","F","","","","",0,0,0,0,0,0,0,0,0,1,"BAL","NYA","BAL",0,"T","F",0,0,0,0,0,"T","F",0,1,"T","T","randw001","munst101","T","T",0,0,0,0,0,0,0,0,0,"","","",0,0,0,0,0,0,0,0,0,0,0,0,0,"","F","F","F","F",4,0,0,0,1,0,0,0,0,0,F,F,"1978BAL.EVA.regular.event.csv",4652
"BAL197808300","NYA",1,0,0,0,0,"",0,0,"randw001","?","randw001","?","flanm001","?","flanm001","?","dempr001","murre001","dauer001","decid001","belam101","moraa101","lopec101","singk001","blaip101","","","S7.1-2","F","F",4,2,20,"T","T",1,"F","F",0,"F","F",0,"F","F",7,"","F","F","",0,0,"N",0,"N",0,"N",1,2,0,0,"","","","","F","F","F","F","F","F","F","F","F","flanm001","","","F","F","F","F","F","","","","",0,0,0,0,0,0,0,0,0,2,"BAL","NYA","BAL",0,"F","F",0,0,0,1,1,"T","F",1,3,"T","T","munst101","jackr001","T","T",8,1,1,0,0,0,0,0,0,"dempr001","","",0,0,0,0,0,0,0,0,0,0,0,0,0,"moraa101","F","F","F","F",0,4,0,0,1,0,0,0,0,0,F,F,"1978BAL.EVA.regular.event.csv",4653
"BAL197808300","NYA",1,0,0,0,0,"",0,0,"munst101","?","munst101","?","flanm001","?","flanm001","?","dempr001","murre001","dauer001","decid001","belam101","moraa101","lopec101","singk001","randw001","blaip101","","54(1)3/GDP.2-3","F","F",2,3,2,"T","T",0,"F","F",2,"T","F",0,"F","F",5,"G","F","F","",0,0,"N",0,"N",0,"N",0,0,3,0,"43","54","","","F","F","F","F","F","F","F","F","F","flanm001","flanm001","","F","F","F","F","F","","","","",0,4,3,0,5,4,0,0,0,3,"BAL","NYA","BAL",0,"F","F",0,0,0,2,2,"T","F",3,4,"T","T","jackr001","pinil001","T","T",4,2,2,8,1,1,0,0,0,"dempr001","dempr001","",0,0,0,0,0,0,0,0,0,0,0,0,0,"decid001","T","F","F","F",0,0,4,0,1,0,0,0,0,0,F,F,"1978BAL.EVA.regular.event.csv",4654
"BAL197808300","NYA",1,0,2,0,0,"",0,0,"jackr001","?","jackr001","?","flanm001","?","flanm001","?","dempr001","murre001","dauer001","decid001","belam101","moraa101","lopec101","singk001","","","blaip101","S.3-H","F","F",9,4,20,"T","T",1,"F","F",0,"F","F",1,"F","F",0,"","F","F","",0,0,"N",0,"N",0,"N",1,0,0,4,"","","","","F","F","F","F","F","F","F","F","F","","","flanm001","F","F","F","F","F","","","","",0,0,0,0,0,0,0,0,0,4,"BAL","NYA","BAL",0,"F","F",0,0,0,3,3,"T","F",4,1,"T","T","pinil001","nettg001","T","T",0,0,0,0,0,0,8,1,1,"","","dempr001",0,0,0,0,0,0,0,0,0,0,0,0,1,"","F","F","F","F",0,0,0,4,0,0,0,0,0,0,F,F,"1978BAL.EVA.regular.event.csv",4655
"BAL197808300","NYA",1,0,2,0,0,"",1,0,"pinil001","?","pinil001","?","flanm001","?","flanm001","?","dempr001","murre001","dauer001","decid001","belam101","moraa101","lopec101","singk001","jackr001","","","9","F","F",7,5,2,"T","T",0,"F","F",1,"F","F",0,"F","F",9,"F","F","F","",0,0,"N",0,"N",0,"N",0,1,0,0,"9","","","","F","F","F","F","F","F","F","F","F","flanm001","","","F","F","F","F","F","","","","",0,9,0,0,0,0,0,0,0,5,"BAL","NYA","BAL",0,"F","T",1,0,1,4,4,"T","F",1,1,"T","T","nettg001","chamc001","T","T",9,4,4,0,0,0,0,0,0,"dempr001","","",0,0,0,0,0,0,0,0,0,0,0,0,0,"singk001","F","F","F","F",0,0,0,0,0,0,0,0,0,0,F,F,"1978BAL.EVA.regular.event.csv",4656
"BAL197808300","NYA",1,1,0,0,0,"",1,0,"belam101","?","belam101","?","guidr001","?","guidr001","?","munst101","chamc001","randw001","nettg001","dentb001","pinil001","blaip101","jackr001","","","","8","T","F",6,1,2,"T","T",0,"F","F",1,"F","F",0,"F","F",8,"F","F","F","",0,0,"N",0,"N",0,"N",0,0,0,0,"8","","","","F","F","F","F","F","F","F","F","F","","","","F","F","F","F","F","","","","",0,8,0,0,0,0,0,0,0,6,"BAL","BAL","NYA",1,"T","F",0,1,0,0,0,"T","F",0,0,"T","T","singk001","decid001","T","T",0,0,0,0,0,0,0,0,0,"","","",0,0,0,0,0,0,0,0,0,0,0,0,0,"blaip101","F","F","F","F",0,0,0,0,0,0,0,0,0,0,F,F,"1978BAL.EVA.regular.event.csv",4657
"BAL197808300","NYA",1,1,1,0,0,"",1,0,"singk001","?","singk001","?","guidr001","?","guidr001","?","munst101","chamc001","randw001","nettg001","dentb001","pinil001","blaip101","jackr001","","","","K","F","F",9,2,3,"T","T",0,"F","F",1,"F","F",0,"F","F",0,"","F","F","",0,0,"N",0,"N",0,"N",0,0,0,0,"2","","","","F","F","F","F","F","F","F","F","F","","","","F","F","F","F","F","","","","",0,2,0,0,0,0,0,0,0,7,"BAL","BAL","NYA",1,"F","F",0,1,0,1,1,"T","F",0,0,"T","T","decid001","may-l101","T","T",0,0,0,0,0,0,0,0,0,"","","",0,0,0,0,0,0,0,0,0,0,0,0,0,"","F","F","F","F",0,0,0,0,0,0,0,0,0,0,F,F,"1978BAL.EVA.regular.event.csv",4658
"BAL197808300","NYA",1,1,2,0,0,"",1,0,"decid001","?","decid001","?","guidr001","?","guidr001","?","munst101","chamc001","randw001","nettg001","dentb001","pinil001","blaip101","jackr001","","","","2/FL","F","F",5,3,2,"T","T",0,"F","F",1,"F","F",0,"F","F",2,"F","F","T","",0,0,"N",0,"N",0,"N",0,0,0,0,"2","","","","F","F","F","F","F","F","F","F","F","","","","F","F","F","F","F","","","","",0,2,0,0,0,0,0,0,0,8,"BAL","BAL","NYA",1,"F","T",0,1,0,2,2,"T","F",0,0,"T","T","may-l101","murre001","T","T",0,0,0,0,0,0,0,0,0,"","","",0,0,0,0,0,0,0,0,0,0,0,0,0,"munst101","F","F","F","F",0,0,0,0,0,0,0,0,0,0,F,F,"1978BAL.EVA.regular.event.csv",4659
"BAL197808300","NYA",2,0,0,0,0,"",1,0,"nettg001","?","nettg001","?","flanm001","?","flanm001","?","dempr001","murre001","dauer001","decid001","belam101","moraa101","lopec101","singk001","","","","D9","T","F",5,6,21,"T","T",2,"F","F",0,"F","F",0,"F","F",9,"","F","F","",0,0,"N",0,"N",0,"N",2,0,0,0,"","","","","F","F","F","F","F","F","F","F","F","","","","F","F","F","F","F","","","","",0,0,0,0,0,0,0,0,0,9,"BAL","NYA","BAL",0,"T","F",1,0,0,5,0,"T","F",0,2,"T","T","chamc001","johnc001","T","T",0,0,0,0,0,0,0,0,0,"","","",0,0,0,0,0,0,0,0,0,0,0,0,0,"singk001","F","F","F","F",4,0,0,0,1,0,0,0,0,0,F,F,"1978BAL.EVA.regular.event.csv",4660
"BAL197808300","NYA",2,0,0,0,0,"",1,0,"chamc001","?","chamc001","?","flanm001","?","flanm001","?","dempr001","murre001","dauer001","decid001","belam101","moraa101","lopec101","singk001","","nettg001","","13","F","F",3,7,2,"T","T",0,"F","F",1,"F","F",0,"F","F",1,"G","F","F","",0,0,"N",0,"N",0,"N",0,0,2,0,"13","","","","F","F","F","F","F","F","F","F","F","","flanm001","","F","F","F","F","F","","","","",0,3,0,0,1,0,0,0,0,10,"BAL","NYA","BAL",0,"F","F",1,0,0,6,1,"T","F",2,2,"T","T","johnc001","dentb001","T","T",0,0,0,5,6,9,0,0,0,"","dempr001","",0,0,0,0,0,0,0,0,0,0,0,0,0,"flanm001","F","F","F","F",0,0,4,0,1,0,0,0,0,0,F,F,"1978BAL.EVA.regular.event.csv",4661
"BAL197808300","NYA",2,0,1,0,0,"",1,0,"johnc001","?","johnc001","?","flanm001","?","flanm001","?","dempr001","murre001","dauer001","decid001","belam101","moraa101","lopec101","singk001","","nettg001","","D7.2-H","F","F",10,8,21,"T","T",2,"F","F",0,"F","F",1,"F","F",7,"","F","F","",0,0,"N",0,"N",0,"N",2,0,4,0,"","","","","F","F","F","F","F","F","F","F","F","","flanm001","","F","F","F","F","F","","","","",0,0,0,0,0,0,0,0,0,11,"BAL","NYA","BAL",0,"F","F",1,0,0,7,2,"T","F",2,2,"T","T","dentb001","blaip101","T","T",0,0,0,5,6,9,0,0,0,"","dempr001","",0,0,0,0,0,0,0,0,0,0,0,0,1,"moraa101","F","F","F","F",0,0,4,0,0,0,0,0,0,0,F,F,"1978BAL.EVA.regular.event.csv",4662
"BAL197808300","NYA",2,0,1,0,0,"",2,0,"dentb001","?","dentb001","?","flanm001","?","flanm001","?","dempr001","murre001","dauer001","decid001","belam101","moraa101","lopec101","singk001","","johnc001","","9","F","F",6,9,2,"T","T",0,"F","F",1,"F","F",0,"F","F",9,"F","F","F","",0,0,"N",0,"N",0,"N",0,0,2,0,"9","","","","F","F","F","F","F","F","F","F","F","","flanm001","","F","F","F","F","F","","","","",0,9,0,0,0,0,0,0,0,12,"BAL","NYA","BAL",0,"F","F",2,0,1,8,3,"T","F",2,2,"T","T","blaip101","randw001","T","T",0,0,0,10,8,11,0,0,0,"","dempr001","",0,0,0,0,0,0,0,0,0,0,0,0,0,"singk001","F","F","F","F",0,0,0,0,0,0,0,0,0,0,F,F,"1978BAL.EVA.regular.event.csv",4663
"BAL197808300","NYA",2,0,2,0,0,"",2,0,"blaip101","?","blaip101","?","flanm001","?","flanm001","?","dempr001","murre001","dauer001","decid001","belam101","moraa101","lopec101","singk001","","johnc001","","K","F","F",8,1,3,"T","T",0,"F","F",1,"F","F",0,"F","F",0,"","F","F","",0,0,"N",0,"N",0,"N",0,0,2,0,"2","","","","F","F","F","F","F","F","F","F","F","","flanm001","","F","F","F","F","F","","","","",0,2,0,0,0,0,0,0,0,13,"BAL","NYA","BAL",0,"F","T",2,0,1,9,4,"T","F",2,2,"T","T","randw001","munst101","T","T",0,0,0,10,8,11,0,0,0,"","dempr001","",0,0,0,0,0,0,0,0,0,0,0,0,0,"","F","F","F","F",0,0,0,0,0,0,0,0,0,0,F,F,"1978BAL.EVA.regular.event.csv",4664
"BAL197808300","NYA",2,1,0,0,0,"",2,0,"may-l101","?","may-l101","?","guidr001","?","guidr001","?","munst101","chamc001","randw001","nettg001","dentb001","pinil001","blaip101","jackr001","","","","K","T","F",10,4,3,"T","T",0,"F","F",1,"F","F",0,"F","F",0,"","F","F","",0,0,"N",0,"N",0,"N",0,0,0,0,"2","","","","F","F","F","F","F","F","F","F","F","","","","F","F","F","F","F","","","","",0,2,0,0,0,0,0,0,0,14,"BAL","BAL","NYA",1,"T","F",0,2,0,3,0,"T","F",0,0,"T","T","murre001","moraa101","T","T",0,0,0,0,0,0,0,0,0,"","","",0,0,0,0,0,0,0,0,0,0,0,0,0,"","F","F","F","F",0,0,0,0,1,0,0,0,0,0,F,F,"1978BAL.EVA.regular.event.csv",4665
"BAL197808300","NYA",2,1,1,0,0,"",2,0,"murre001","?","murre001","?","guidr001","?","guidr001","?","munst101","chamc001","randw001","nettg001","dentb001","pinil001","blaip101","jackr001","","","","D9","F","F",3,5,21,"T","T",2,"F","F",0,"F","F",0,"F","F",9,"","F","F","",0,0,"N",0,"N",0,"N",2,0,0,0,"","","","","F","F","F","F","F","F","F","F","F","","","","F","F","F","F","F","","","","",0,0,0,0,0,0,0,0,0,15,"BAL","BAL","NYA",1,"F","F",0,2,0,4,1,"T","F",0,2,"T","T","moraa101","dempr001","T","T",0,0,0,0,0,0,0,0,0,"","","",0,0,0,0,0,0,0,0,0,0,0,0,0,"jackr001","F","F","F","F",4,0,0,0,1,0,0,0,0,0,F,F,"1978BAL.EVA.regular.event.csv",4666
"BAL197808300","NYA",2,1,1,0,0,"",2,0,"moraa101","?","moraa101","?","guidr001","?","guidr001","?","munst101","chamc001","randw001","nettg001","dentb001","pinil001","blaip101","jackr001","","murre001","","9","F","F",7,6,2,"T","T",0,"F","F",1,"F","F",0,"F","F",9,"F","F","F","",0,0,"N",0,"N",0,"N",0,0,2,0,"9","","","","F","F","F","F","F","F","F","F","F","","guidr001","","F","F","F","F","F","","","","",0,9,0,0,0,0,0,0,0,16,"BAL","BAL","NYA",1,"F","F",0,2,0,5,2,"T","F",2,2,"T","T","dempr001","dauer001","T","T",0,0,0,3,5,15,0,0,0,"","munst101","",0,0,0,0,0,0,0,0,0,0,0,0,0,"jackr001","F","F","F","F",0,0,4,0,1,0,0,0,0,0,F,F,"1978BAL.EVA.regular.event.csv",4667
"BAL197808300","NYA",2,1,2,0,0,"",2,0,"dempr001","?","dempr001","?","guidr001","?","guidr001","?","munst101","chamc001","randw001","nettg001","dentb001","pinil001","blaip101","jackr001","","murre001","","S7.2-H","F","F",2,7,20,"T","T",1,"F","F",0,"F","F",1,"F","F",7,"","F","F","",0,0,"N",0,"N",0,"N",1,0,4,0,"","","","","F","F","F","F","F","F","F","F","F","","guidr001","","F","F","F","F","F","","","","",0,0,0,0,0,0,0,0,0,17,"BAL","BAL","NYA",1,"F","F",0,2,0,6,3,"T","F",2,1,"T","T","dauer001","lopec101","T","T",0,0,0,3,5,15,0,0,0,"","munst101","",0,0,0,0,0,0,0,0,0,0,0,0,1,"pinil001","F","F","F","F",0,0,4,0,0,0,0,0,0,0,F,F,"1978BAL.EVA.regular.event.csv",4668
"BAL197808300","NYA",2,1,2,0,0,"",2,1,"dauer001","?","dauer001","?","guidr001","?","guidr001","?","munst101","chamc001","randw001","nettg001","dentb001","pinil001","blaip101","jackr001","dempr001","","","54(1)/FO","F","F",4,8,2,"T","T",0,"F","F",1,"F","F",0,"F","F",5,"G","F","F","",0,0,"N",0,"N",0,"N",1,0,0,0,"","54","","","F","F","F","F","F","F","F","F","F","guidr001","","","F","F","F","F","F","","","","",0,4,0,0,5,0,0,0,0,18,"BAL","BAL","NYA",1,"F","T",1,2,1,7,4,"T","F",1,1,"T","T","lopec101","belam101","T","T",2,7,17,0,0,0,0,0,0,"munst101","","",0,0,0,0,0,0,0,0,0,0,0,0,0,"nettg001","T","F","F","F",0,0,0,0,0,0,0,0,0,0,F,F,"1978BAL.EVA.regular.event.csv",4669
"BAL197808300","NYA",3,0,0,0,0,"",2,1,"randw001","?","randw001","?","flanm001","?","flanm001","?","dempr001","murre001","dauer001","decid001","belam101","moraa101","lopec101","singk001","","","","63","T","F",4,2,2,"T","T",0,"F","F",1,"F","F",0,"F","F",6,"G","F","F","",0,0,"N",0,"N",0,"N",0,0,0,0,"63","","","","F","F","F","F","F","F","F","F","F","","","","F","F","F","F","F","","","","",0,3,0,0,6,0,0,0,0,19,"BAL","NYA","BAL",0,"T","F",2,1,0,10,0,"T","F",0,0,"T","T","munst101","jackr001","T","T",0,0,0,0,0,0,0,0,0,"","","",0,0,0,0,0,0,0,0,0,0,0,0,0,"belam101","F","F","F","F",0,0,0,0,0,0,0,0,0,0,F,F,"1978BAL.EVA.regular.event.csv",4670
"BAL197808300","NYA",3,0,1,0,0,"",2,1,"munst101","?","munst101","?","flanm001","?","flanm001","?","dempr001","murre001","dauer001","decid001","belam101","moraa101","lopec101","singk001","","","","K","F","F",2,3,3,"T","T",0,"F","F",1,"F","F",0,"F","F",0,"","F","F","",0,0,"N",0,"N",0,"N",0,0,0,0,"2","","","","F","F","F","F","F","F","F","F","F","","","","F","F","F","F","F","","","","",0,2,0,0,0,0,0,0,0,20,"BAL","NYA","BAL",0,"F","F",2,1,0,11,1,"T","F",0,0,"T","T","jackr001","pinil001","T","T",0,0,0,0,0,0,0,0,0,"","","",0,0,0,0,0,0,0,0,0,0,0,0,0,"","F","F","F","F",0,0,0,0,0,0,0,0,0,0,F,F,"1978BAL.EVA.regular.event.csv",4671
"BAL197808300","NYA",3,0,2,0,0,"",2,1,"jackr001","?","jackr001","?","flanm001","?","flanm001","?","dempr001","murre001","dauer001","decid001","belam101","moraa101","lopec101","singk001","","","","S7/G","F","F",9,4,20,"T","T",1,"F","F",0,"F","F",0,"F","F",7,"G","F","F","",0,0,"N",0,"N",0,"N",1,0,0,0,"","","","","F","F","F","F","F","F","F","F","F","","","","F","F","F","F","F","","","","",0,0,0,0,0,0,0,0,0,21,"BAL","NYA","BAL",0,"F","F",2,1,0,12,2,"T","F",0,1,"T","T","pinil001","nettg001","T","T",0,0,0,0,0,0,0,0,0,"","","",0,0,0,0,0,0,0,0,0,0,0,0,0,"moraa101","F","F","F","F",0,0,0,0,0,0,0,0,0,0,F,F,"1978BAL.EVA.regular.event.csv",4672
"BAL197808300","NYA",3,0,2,0,0,"",2,1,"pinil001","?","pinil001","?","flanm001","?","flanm001","?","dempr001","murre001","dauer001","decid001","belam101","moraa101","lopec101","singk001","jackr001","","","D9.1-3","F","F",7,5,21,"T","T",2,"F","F",0,"F","F",0,"F","F",9,"","F","F","",0,0,"N",0,"N",0,"N",2,3,0,0,"","","","","F","F","F","F","F","F","F","F","F","flanm001","","","F","F","F","F","F","","","","",0,0,0,0,0,0,0,0,0,22,"BAL","NYA","BAL",0,"F","F",2,1,0,13,3,"T","F",1,6,"T","T","nettg001","chamc001","T","T",9,4,21,0,0,0,0,0,0,"dempr001","","",0,0,0,0,0,0,0,0,0,0,0,0,0,"singk001","F","F","F","F",0,0,0,0,0,0,0,0,0,0,F,F,"1978BAL.EVA.regular.event.csv",4673
"BAL197808300","NYA",3,0,2,0,0,"",2,1,"nettg001","?","nettg001","?","flanm001","?","flanm001","?","dempr001","murre001","dauer001","decid001","belam101","moraa101","lopec101","singk001","","pinil001","jackr001","9","F","F",5,6,2,"T","T",0,"F","F",1,"F","F",0,"F","F",9,"F","F","F","",0,0,"N",0,"N",0,"N",0,0,2,3,"9","","","","F","F","F","F","F","F","F","F","F","","flanm001","flanm001","F","F","F","F","F","","","","",0,9,0,0,0,0,0,0,0,23,"BAL","NYA","BAL",0,"F","T",2,1,0,14,4,"T","F",6,6,"T","T","chamc001","johnc001","T","T",0,0,0,7,5,22,9,4,21,"","dempr001","dempr001",0,0,0,0,0,0,0,0,0,0,0,0,0,"singk001","F","F","F","F",0,0,0,0,0,0,0,0,0,0,F,F,"1978BAL.EVA.regular.event.csv",4674
"BAL197808300","NYA",3,1,0,0,0,"",2,1,"lopec101","?","lopec101","?","guidr001","?","guidr001","?","munst101","chamc001","randw001","nettg001","dentb001","pinil001","blaip101","jackr001","","","","K","T","F",8,9,3,"T","T",0,"F","F",1,"F","F",0,"F","F",0,"","F","F","",0,0,"N",0,"N",0,"N",0,0,0,0,"2","","","","F","F","F","F","F","F","F","F","F","","","","F","F","F","F","F","","","","",0,2,0,0,0,0,0,0,0,24,"BAL","BAL","NYA",1,"T","F",1,2,0,8,0,"T","F",0,0,"T","T","belam101","singk001","T","T",0,0,0,0,0,0,0,0,0,"","","",0,0,0,0,0,0,0,0,0,0,0,0,0,"","F","F","F","F",0,0,0,0,2,0,0,0,0,0,F,F,"1978BAL.EVA.regular.event.csv",4675
"BAL197808300","NYA",3,1,1,0,0,"",2,1,"belam101","?","belam101","?","guidr001","?","guidr001","?","munst101","chamc001","randw001","nettg001","dentb001","pinil001","blaip101","jackr001","","","","K/C","F","F",6,1,3,"T","T",0,"F","F",1,"F","F",0,"F","F",0,"","F","F","",0,0,"N",0,"N",0,"N",0,0,0,0,"2","","","","F","F","F","F","F","F","F","F","F","","","","F","F","F","F","F","","","","",0,2,0,0,0,0,0,0,0,25,"BAL","BAL","NYA",1,"F","F",1,2,0,9,1,"T","F",0,0,"T","T","singk001","decid001","T","T",0,0,0,0,0,0,0,0,0,"","","",0,0,0,0,0,0,0,0,0,0,0,0,0,"","F","F","F","F",0,0,0,0,2,0,0,0,0,0,F,F,"1978BAL.EVA.regular.event.csv",4676
"BAL197808300","NYA",3,1,2,0,0,"",2,1,"singk001","?","singk001","?","guidr001","?","guidr001","?","munst101","chamc001","randw001","nettg001","dentb001","pinil001","blaip101","jackr001","","","","S8","F","F",9,2,20,"T","T",1,"F","F",0,"F","F",0,"F","F",8,"","F","F","",0,0,"N",0,"N",0,"N",1,0,0,0,"","","","","F","F","F","F","F","F","F","F","F","","","","F","F","F","F","F","","","","",0,0,0,0,0,0,0,0,0,26,"BAL","BAL","NYA",1,"F","F",1,2,0,10,2,"T","F",0,1,"T","T","decid001","may-l101","T","T",0,0,0,0,0,0,0,0,0,"","","",0,0,0,0,0,0,0,0,0,0,0,0,0,"blaip101","F","F","F","F",4,0,0,0,2,0,0,0,0,0,F,F,"1978BAL.EVA.regular.event.csv",4677
"BAL197808300","NYA",3,1,2,0,0,"",2,1,"decid001","?","decid001","?","guidr001","?","guidr001","?","munst101","chamc001","randw001","nettg001","dentb001","pinil001","blaip101","jackr001","singk001","","","HR.1-H","F","F",5,3,23,"T","T",4,"F","F",0,"F","F",2,"F","F",0,"","F","F","",0,0,"N",0,"N",0,"N",4,4,0,0,"","","","","F","F","F","F","F","F","F","F","F","guidr001","","","F","F","F","F","F","","","","",0,0,0,0,0,0,0,0,0,27,"BAL","BAL","NYA",1,"F","F",1,2,0,11,3,"T","F",1,0,"T","T","may-l101","murre001","T","T",9,2,26,0,0,0,0,0,0,"munst101","","",0,0,0,0,0,0,0,0,0,0,0,0,2,"","F","F","F","F",4,4,0,0,0,0,0,0,0,0,F,F,"1978BAL.EVA.regular.event.csv",4678
"BAL197808300","NYA",3,1,2,0,0,"",2,3,"may-l101","?","may-l101","?","guidr001","?","guidr001","?","munst101","chamc001","randw001","nettg001","dentb001","pinil001","blaip101","jackr001","","","","W","F","F",10,4,14,"T","F",0,"F","F",0,"F","F",0,"F","F",0,"","F","F","",0,0,"N",0,"N",0,"N",1,0,0,0,"","","","","F","F","F","F","F","F","F","F","F","","","","F","F","F","F","F","","","","",0,0,0,0,0,0,0,0,0,28,"BAL","BAL","NYA",1,"F","F",3,2,2,12,4,"T","F",0,1,"T","T","murre001","moraa101","T","T",0,0,0,0,0,0,0,0,0,"","","",0,0,0,0,0,0,0,0,0,0,0,0,0,"","F","F","F","F",0,0,0,0,0,0,0,0,0,0,F,F,"1978BAL.EVA.regular.event.csv",4679
"BAL197808300","NYA",3,1,2,0,0,"",2,3,"murre001","?","murre001","?","guidr001","?","guidr001","?","munst101","chamc001","randw001","nettg001","dentb001","pinil001","blaip101","jackr001","may-l101","","","3/FL","F","F",3,5,2,"T","T",0,"F","F",1,"F","F",0,"F","F",3,"F","F","T","",0,0,"N",0,"N",0,"N",0,1,0,0,"3","","","","F","F","F","F","F","F","F","F","F","guidr001","","","F","F","F","F","F","","","","",0,3,0,0,0,0,0,0,0,29,"BAL","BAL","NYA",1,"F","T",3,2,2,13,5,"T","F",1,1,"T","T","moraa101","dempr001","T","T",10,4,28,0,0,0,0,0,0,"munst101","","",0,0,0,0,0,0,0,0,0,0,0,0,0,"chamc001","F","F","F","F",0,0,0,0,0,0,0,0,0,0,F,F,"1978BAL.EVA.regular.event.csv",4680
"BAL197808300","NYA",4,0,0,0,0,"",2,3,"chamc001","?","chamc001","?","flanm001","?","flanm001","?","dempr001","murre001","dauer001","decid001","belam101","moraa101","lopec101","singk001","","","","S1/P.B-2(E1/TH1)","T","F",3,7,20,"T","T",1,"F","F",0,"F","F",0,"F","F",1,"P","F","F","",1,1,"T",0,"N",0,"N",2,0,0,0,"","","","","F","F","F","F","F","F","F","F","F","","","","F","F","F","F","F","","","","",0,0,0,0,0,0,0,0,0,30,"BAL","NYA","BAL",0,"T","F",2,3,0,15,0,"T","F",0,2,"T","T","johnc001","dentb001","T","T",0,0,0,0,0,0,0,0,0,"","","",0,0,0,0,0,0,0,0,0,0,0,0,0,"flanm001","F","F","F","F",0,0,0,0,0,0,0,0,0,0,F,F,"1978BAL.EVA.regular.event.csv",4681
"BAL197808300","NYA",4,0,0,0,0,"",2,3,"johnc001","?","johnc001","?","flanm001","?","flanm001","?","dempr001","murre001","dauer001","decid001","belam101","moraa101","lopec101","singk001","","chamc001","","5/FL","F","F",10,8,2,"T","T",0,"F","F",1,"F","F",0,"F","F",5,"F","F","T","",0,0,"N",0,"N",0,"N",0,0,2,0,"5","","","","F","F","F","F","F","F","F","F","F","","flanm001","","F","F","F","F","F","","","","",0,5,0,0,0,0,0,0,0,31,"BAL","NYA","BAL",0,"F","F",2,3,0,16,1,"T","F",2,2,"T","T","dentb001","blaip101","T","T",0,0,0,3,7,30,0,0,0,"","dempr001","",0,0,0,0,0,0,0,0,0,0,0,0,0,"decid001","F","F","F","F",0,0,0,0,0,0,0,0,0,0,F,F,"1978BAL.EVA.regular.event.csv",4682
"BAL197808300","NYA",4,0,1,0,0,"",2,3,"dentb001","?","dentb001","?","flanm001","?","flanm001","?","dempr001","murre001","dauer001","decid001","belam101","moraa101","lopec101","singk001","","chamc001","","53","F","F",6,9,2,"T","T",0,"F","F",1,"F","F",0,"F","F",5,"G","F","F","",0,0,"N",0,"N",0,"N",0,0,2,0,"53","","","","F","F","F","F","F","F","F","F","F","","flanm001","","F","F","F","F","F","","","","",0,3,0,0,5,0,0,0,0,32,"BAL","NYA","BAL",0,"F","F",2,3,0,17,2,"T","F",2,2,"T","T","blaip101","randw001","T","T",0,0,0,3,7,30,0,0,0,"","dempr001","",0,0,0,0,0,0,0,0,0,0,0,0,0,"decid001","F","F","F","F",0,0,0,0,0,0,0,0,0,0,F,F,"1978BAL.EVA.regular.event.csv",4683
"BAL197808300","NYA",4,0,2,0,0,"",2,3,"blaip101","?","blaip101","?","flanm001","?","flanm001","?","dempr001","murre001","dauer001","decid001","belam101","moraa101","lopec101","singk001","","chamc001","","63","F","F",8,1,2,"T","T",0,"F","F",1,"F","F",0,"F","F",6,"G","F","F","",0,0,"N",0,"N",0,"N",0,0,2,0,"63","","","","F","F","F","F","F","F","F","F","F","","flanm001","","F","F","F","F","F","","","","",0,3,0,0,6,0,0,0,0,33,"BAL","NYA","BAL",0,"F","T",2,3,0,18,3,"T","F",2,2,"T","T","randw001","munst101","T","T",0,0,0,3,7,30,0,0,0,"","dempr001","",0,0,0,0,0,0,0,0,0,0,0,0,0,"belam101","F","F","F","F",0,0,0,0,0,0,0,0,0,0,F,F,"1978BAL.EVA.regular.event.csv",4684
"BAL197808300","NYA",4,1,0,0,0,"",2,3,"moraa101","?","moraa101","?","guidr001","?","guidr001","?","munst101","chamc001","randw001","nettg001","dentb001","pinil001","blaip101","jackr001","","","","8","T","F",7,6,2,"T","T",0,"F","F",1,"F","F",0,"F","F",8,"F","F","F","",0,0,"N",0,"N",0,"N",0,0,0,0,"8","","","","F","F","F","F","F","F","F","F","F","","","","F","F","F","F","F","","","","",0,8,0,0,0,0,0,0,0,34,"BAL","BAL","NYA",1,"T","F",3,2,0,14,0,"T","F",0,0,"T","T","dempr001","dauer001","T","T",0,0,0,0,0,0,0,0,0,"","","",0,0,0,0,0,0,0,0,0,0,0,0,0,"blaip101","F","F","F","F",0,0,0,0,0,0,0,0,0,0,F,F,"1978BAL.EVA.regular.event.csv",4685
"BAL197808300","NYA",4,1,1,0,0,"",2,3,"dempr001","?","dempr001","?","guidr001","?","guidr001","?","munst101","chamc001","randw001","nettg001","dentb001","pinil001","blaip101","jackr001","","","","S8","F","F",2,7,20,"T","T",1,"F","F",0,"F","F",0,"F","F",8,"","F","F","",0,0,"N",0,"N",0,"N",1,0,0,0,"","","","","F","F","F","F","F","F","F","F","F","","","","F","F","F","F","F","","","","",0,0,0,0,0,0,0,0,0,35,"BAL","BAL","NYA",1,"F","F",3,2,0,15,1,"T","F",0,1,"T","T","dauer001","lopec101","T","T",0,0,0,0,0,0,0,0,0,"","","",0,0,0,0,0,0,0,0,0,0,0,0,0,"blaip101","F","F","F","F",0,0,0,0,0,0,0,0,0,0,F,F,"1978BAL.EVA.regular.event.csv",4686
"BAL197808300","NYA",4,1,1,0,0,"",2,3,"dauer001","?","dauer001","?","guidr001","?","guidr001","?","munst101","chamc001","randw001","nettg001","dentb001","pinil001","blaip101","jackr001","dempr001","","","64(1)/FO","F","F",4,8,2,"T","T",0,"F","F",1,"F","F",0,"F","F",6,"G","F","F","",0,0,"N",0,"N",0,"N",1,0,0,0,"","64","","","F","F","F","F","F","F","F","F","F","guidr001","","","F","F","F","F","F","","","","",0,4,0,0,6,0,0,0,0,36,"BAL","BAL","NYA",1,"F","F",3,2,0,16,2,"T","F",1,1,"T","T","lopec101","belam101","T","T",2,7,35,0,0,0,0,0,0,"munst101","","",0,0,0,0,0,0,0,0,0,0,0,0,0,"dentb001","T","F","F","F",0,0,0,0,0,0,0,0,0,0,F,F,"1978BAL.EVA.regular.event.csv",4687
"BAL197808300","NYA",4,1,2,0,0,"",2,3,"lopec101","?","lopec101","?","guidr001","?","guidr001","?","munst101","chamc001","randw001","nettg001","dentb001","pinil001","blaip101","jackr001","dauer001","","","K","F","F",8,9,3,"T","T",0,"F","F",1,"F","F",0,"F","F",0,"","F","F","",0,0,"N",0,"N",0,"N",0,1,0,0,"2","","","","F","F","F","F","F","F","F","F","F","guidr001","","","F","F","F","F","F","","","","",0,2,0,0,0,0,0,0,0,37,"BAL","BAL","NYA",1,"F","T",3,2,0,17,3,"T","F",1,1,"T","T","belam101","singk001","T","T",4,8,36,0,0,0,0,0,0,"munst101","","",0,0,0,0,0,0,0,0,0,0,0,0,0,"","F","F","F","F",0,0,0,0,0,0,0,0,0,0,F,F,"1978BAL.EVA.regular.event.csv",4688
"BAL197808300","NYA",5,0,0,0,0,"",2,3,"randw001","?","randw001","?","flanm001","?","flanm001","?","dempr001","murre001","dauer001","decid001","belam101","moraa101","lopec101","singk001","","","","S7/G","T","F",4,2,20,"T","T",1,"F","F",0,"F","F",0,"F","F",7,"G","F","F","",0,0,"N",0,"N",0,"N",1,0,0,0,"","","","","F","F","F","F","F","F","F","F","F","","","","F","F","F","F","F","","","","",0,0,0,0,0,0,0,0,0,38,"BAL","NYA","BAL",0,"T","F",2,3,0,19,0,"T","F",0,1,"T","T","munst101","jackr001","T","T",0,0,0,0,0,0,0,0,0,"","","",0,0,0,0,0,0,0,0,0,0,0,0,0,"moraa101","F","F","F","F",4,0,0,0,2,0,0,0,0,0,F,F,"1978BAL.EVA.regular.event.csv",4689
"BAL197808300","NYA",5,0,0,0,0,"",2,3,"munst101","?","munst101","?","flanm001","?","flanm001","?","dempr001","murre001","dauer001","decid001","belam101","moraa101","lopec101","singk001","randw001","","","63.1-2","F","F",2,3,2,"T","T",0,"F","F",1,"F","F",0,"F","F",6,"G","F","F","",0,0,"N",0,"N",0,"N",0,2,0,0,"63","","","","F","F","F","F","F","F","F","F","F","flanm001","","","F","F","F","F","F","","","","",0,3,0,0,6,0,0,0,0,39,"BAL","NYA","BAL",0,"F","F",2,3,0,20,1,"T","F",1,2,"T","T","jackr001","pinil001","T","T",4,2,38,0,0,0,0,0,0,"dempr001","","",0,0,0,0,0,0,0,0,0,0,0,0,0,"belam101","F","F","F","F",0,4,0,0,2,0,0,0,0,0,F,F,"1978BAL.EVA.regular.event.csv",4690
"BAL197808300","NYA",5,0,1,0,0,"",2,3,"jackr001","?","jackr001","?","flanm001","?","flanm001","?","dempr001","murre001","dauer001","decid001","belam101","moraa101","lopec101","singk001","","randw001","","K","F","F",9,4,3,"T","T",0,"F","F",1,"F","F",0,"F","F",0,"","F","F","",0,0,"N",0,"N",0,"N",0,0,2,0,"2","","","","F","F","F","F","F","F","F","F","F","","flanm001","","F","F","F","F","F","","","","",0,2,0,0,0,0,0,0,0,40,"BAL","NYA","BAL",0,"F","F",2,3,0,21,2,"T","F",2,2,"T","T","pinil001","nettg001","T","T",0,0,0,4,2,38,0,0,0,"","dempr001","",0,0,0,0,0,0,0,0,0,0,0,0,0,"","F","F","F","F",0,0,4,0,2,0,0,0,0,0,F,F,"1978BAL.EVA.regular.event.csv",4691
"BAL197808300","NYA",5,0,2,0,0,"",2,3,"pinil001","?","pinil001","?","flanm001","?","flanm001","?","dempr001","murre001","dauer001","decid001","belam101","moraa101","lopec101","singk001","","randw001","","D9.2-H","F","F",7,5,21,"T","T",2,"F","F",0,"F","F",1,"F","F",9,"","F","F","",0,0,"N",0,"N",0,"N",2,0,4,0,"","","","","F","F","F","F","F","F","F","F","F","","flanm001","","F","F","F","F","F","","","","",0,0,0,0,0,0,0,0,0,41,"BAL","NYA","BAL",0,"F","F",2,3,0,22,3,"T","F",2,2,"T","T","nettg001","chamc001","T","T",0,0,0,4,2,38,0,0,0,"","dempr001","",0,0,0,0,0,0,0,0,0,0,0,0,1,"singk001","F","F","F","F",4,0,4,0,1,0,0,0,0,0,F,F,"1978BAL.EVA.regular.event.csv",4692
"BAL197808300","NYA",5,0,2,0,0,"",3,3,"nettg001","?","nettg001","?","flanm001","?","flanm001","?","dempr001","murre001","dauer001","decid001","belam101","moraa101","lopec101","singk001","","pinil001","","S9.2-H","F","F",5,6,20,"T","T",1,"F","F",0,"F","F",1,"F","F",9,"","F","F","",0,0,"N",0,"N",0,"N",1,0,4,0,"","","","","F","F","F","F","F","F","F","F","F","","flanm001","","F","F","F","F","F","","","","",0,0,0,0,0,0,0,0,0,42,"BAL","NYA","BAL",0,"F","F",3,3,1,23,4,"T","F",2,1,"T","T","chamc001","johnc001","T","T",0,0,0,7,5,41,0,0,0,"","dempr001","",0,0,0,0,0,0,0,0,0,0,0,0,1,"singk001","F","F","F","F",0,0,4,0,0,0,0,0,0,0,F,F,"1978BAL.EVA.regular.event.csv",4693
"BAL197808300","NYA",5,0,2,0,0,"",4,3,"chamc001","?","chamc001","?","martt001","?","martt001","?","dempr001","murre001","dauer001","decid001","belam101","moraa101","lopec101","singk001","nettg001","","","S7.1-2","F","F",3,7,20,"T","T",1,"F","F",0,"F","F",0,"F","F",7,"","F","F","",0,0,"N",0,"N",0,"N",1,2,0,0,"","","","","F","F","F","F","F","F","F","F","F","flanm001","","","F","F","F","F","F","","","","",0,0,0,0,0,0,0,0,0,43,"BAL","NYA","BAL",0,"F","F",4,3,2,24,5,"T","F",1,3,"T","T","johnc001","dentb001","F","F",5,6,42,0,0,0,0,0,0,"dempr001","","",0,0,0,0,0,0,0,0,0,0,0,0,0,"moraa101","F","F","F","F",0,0,0,0,0,0,0,0,0,0,F,F,"1978BAL.EVA.regular.event.csv",4694
"BAL197808300","NYA",5,0,2,0,0,"",4,3,"johnc001","?","johnc001","?","martt001","?","martt001","?","dempr001","murre001","dauer001","decid001","belam101","moraa101","lopec101","singk001","chamc001","nettg001","","8","F","F",10,8,2,"T","T",0,"F","F",1,"F","F",0,"F","F",8,"F","F","F","",0,0,"N",0,"N",0,"N",0,1,2,0,"8","","","","F","F","F","F","F","F","F","F","F","martt001","flanm001","","F","F","F","F","F","","","","",0,8,0,0,0,0,0,0,0,44,"BAL","NYA","BAL",0,"F","T",4,3,2,25,6,"T","F",3,3,"T","T","dentb001","blaip101","F","F",3,7,43,5,6,42,0,0,0,"dempr001","dempr001","",0,0,0,0,0,0,0,0,0,0,0,0,0,"lopec101","F","F","F","F",0,0,0,0,0,0,0,0,0,0,F,F,"1978BAL.EVA.regular.event.csv",4695
"BAL197808300","NYA",5,1,0,0,0,"",4,3,"belam101","?","belam101","?","guidr001","?","guidr001","?","munst101","chamc001","randw001","nettg001","dentb001","pinil001","blaip101","jackr001","","","","K","T","F",6,1,3,"T","T",0,"F","F",1,"F","F",0,"F","F",0,"","F","F","",0,0,"N",0,"N",0,"N",0,0,0,0,"2","","","","F","F","F","F","F","F","F","F","F","","","","F","F","F","F","F","","","","",0,2,0,0,0,0,0,0,0,45,"BAL","BAL","NYA",1,"T","F",3,4,0,18,0,"T","F",0,0,"T","T","singk001","decid001","T","T",0,0,0,0,0,0,0,0,0,"","","",0,0,0,0,0,0,0,0,0,0,0,0,0,"","F","F","F","F",0,0,0,0,0,0,0,0,0,0,F,F,"1978BAL.EVA.regular.event.csv",4696
"BAL197808300","NYA",5,1,1,0,0,"",4,3,"singk001","?","singk001","?","guidr001","?","guidr001","?","munst101","chamc001","randw001","nettg001","dentb001","pinil001","blaip101","jackr001","","","","8","F","F",9,2,2,"T","T",0,"F","F",1,"F","F",0,"F","F",8,"F","F","F","",0,0,"N",0,"N",0,"N",0,0,0,0,"8","","","","F","F","F","F","F","F","F","F","F","","","","F","F","F","F","F","","","","",0,8,0,0,0,0,0,0,0,46,"BAL","BAL","NYA",1,"F","F",3,4,0,19,1,"T","F",0,0,"T","T","decid001","may-l101","T","T",0,0,0,0,0,0,0,0,0,"","","",0,0,0,0,0,0,0,0,0,0,0,0,0,"blaip101","F","F","F","F",0,0,0,0,0,0,0,0,0,0,F,F,"1978BAL.EVA.regular.event.csv",4697
"BAL197808300","NYA",5,1,2,0,0,"",4,3,"decid001","?","decid001","?","guidr001","?","guidr001","?","munst101","chamc001","randw001","nettg001","dentb001","pinil001","blaip101","jackr001","","","","S8","F","F",5,3,20,"T","T",1,"F","F",0,"F","F",0,"F","F",8,"","F","F","",0,0,"N",0,"N",0,"N",1,0,0,0,"","","","","F","F","F","F","F","F","F","F","F","","","","F","F","F","F","F","","","","",0,0,0,0,0,0,0,0,0,47,"BAL","BAL","NYA",1,"F","F",3,4,0,20,2,"T","F",0,1,"T","T","may-l101","murre001","T","T",0,0,0,0,0,0,0,0,0,"","","",0,0,0,0,0,0,0,0,0,0,0,0,0,"blaip101","F","F","F","F",0,0,0,0,0,0,0,0,0,0,F,F,"1978BAL.EVA.regular.event.csv",4698
"BAL197808300","NYA",5,1,2,0,0,"",4,3,"may-l101","?","may-l101","?","guidr001","?","guidr001","?","munst101","chamc001","randw001","nettg001","dentb001","pinil001","blaip101","jackr001","decid001","","","64(1)/FO","F","F",10,4,2,"T","T",0,"F","F",1,"F","F",0,"F","F",6,"G","F","F","",0,0,"N",0,"N",0,"N",1,0,0,0,"","64","","","F","F","F","F","F","F","F","F","F","guidr001","","","F","F","F","F","F","","","","",0,4,0,0,6,0,0,0,0,48,"BAL","BAL","NYA",1,"F","T",3,4,0,21,3,"T","F",1,1,"T","T","murre001","moraa101","T","T",5,3,47,0,0,0,0,0,0,"munst101","","",0,0,0,0,0,0,0,0,0,0,0,0,0,"dentb001","T","F","F","F",0,0,0,0,0,0,0,0,0,0,F,F,"1978BAL.EVA.regular.event.csv",4699
"BAL197808300","NYA",6,0,0,0,0,"",4,3,"dentb001","?","dentb001","?","martt001","?","martt001","?","dempr001","murre001","dauer001","decid001","belam101","moraa101","lopec101","singk001","","","","7","T","F",6,9,2,"T","T",0,"F","F",1,"F","F",0,"F","F",7,"F","F","F","",0,0,"N",0,"N",0,"N",0,0,0,0,"7","","","","F","F","F","F","F","F","F","F","F","","","","F","F","F","F","F","","","","",0,7,0,0,0,0,0,0,0,49,"BAL","NYA","BAL",0,"T","F",4,3,0,26,0,"T","F",0,0,"T","T","blaip101","randw001","F","F",0,0,0,0,0,0,0,0,0,"","","",0,0,0,0,0,0,0,0,0,0,0,0,0,"moraa101","F","F","F","F",0,0,0,0,0,0,0,0,0,0,F,F,"1978BAL.EVA.regular.event.csv",4700
"BAL197808300","NYA",6,0,1,0,0,"",4,3,"blaip101","?","blaip101","?","martt001","?","martt001","?","dempr001","murre001","dauer001","decid001","belam101","moraa101","lopec101","singk001","","","","43","F","F",8,1,2,"T","T",0,"F","F",1,"F","F",0,"F","F",4,"G","F","F","",0,0,"N",0,"N",0,"N",0,0,0,0,"43","","","","F","F","F","F","F","F","F","F","F","","","","F","F","F","F","F","","","","",0,3,0,0,4,0,0,0,0,50,"BAL","NYA","BAL",0,"F","F",4,3,0,27,1,"T","F",0,0,"T","T","randw001","munst101","F","F",0,0,0,0,0,0,0,0,0,"","","",0,0,0,0,0,0,0,0,0,0,0,0,0,"dauer001","F","F","F","F",0,0,0,0,0,0,0,0,0,0,F,F,"1978BAL.EVA.regular.event.csv",4701
"BAL197808300","NYA",6,0,2,0,0,"",4,3,"randw001","?","randw001","?","martt001","?","martt001","?","dempr001","murre001","dauer001","decid001","belam101","moraa101","lopec101","singk001","","","","W","F","F",4,2,14,"T","F",0,"F","F",0,"F","F",0,"F","F",0,"","F","F","",0,0,"N",0,"N",0,"N",1,0,0,0,"","","","","F","F","F","F","F","F","F","F","F","","","","F","F","F","F","F","","","","",0,0,0,0,0,0,0,0,0,51,"BAL","NYA","BAL",0,"F","F",4,3,0,28,2,"T","F",0,1,"T","T","munst101","jackr001","F","F",0,0,0,0,0,0,0,0,0,"","","",0,0,0,0,0,0,0,0,0,0,0,0,0,"","F","F","F","F",0,0,0,0,0,0,0,0,0,0,F,F,"1978BAL.EVA.regular.event.csv",4702
"BAL197808300","NYA",6,0,2,0,0,"",4,3,"munst101","?","munst101","?","martt001","?","martt001","?","dempr001","murre001","dauer001","decid001","belam101","moraa101","lopec101","singk001","randw001","","","S7.1-3","F","F",2,3,20,"T","T",1,"F","F",0,"F","F",0,"F","F",7,"","F","F","",0,0,"N",0,"N",0,"N",1,3,0,0,"","","","","F","F","F","F","F","F","F","F","F","martt001","","","F","F","F","F","F","","","","",0,0,0,0,0,0,0,0,0,52,"BAL","NYA","BAL",0,"F","F",4,3,0,29,3,"T","F",1,5,"T","T","jackr001","pinil001","F","F",4,2,51,0,0,0,0,0,0,"dempr001","","",0,0,0,0,0,0,0,0,0,0,0,0,0,"moraa101","F","F","F","F",0,0,0,0,0,0,0,0,0,0,F,F,"1978BAL.EVA.regular.event.csv",4703
"BAL197808300","NYA",6,0,2,0,0,"",4,3,"jackr001","?","jackr001","?","martt001","?","martt001","?","dempr001","murre001","dauer001","decid001","belam101","moraa101","lopec101","singk001","munst101","","randw001","K/C","F","F",9,4,3,"T","T",0,"F","F",1,"F","F",0,"F","F",0,"","F","F","",0,0,"N",0,"N",0,"N",0,1,0,3,"2","","","","F","F","F","F","F","F","F","F","F","martt001","","martt001","F","F","F","F","F","","","","",0,2,0,0,0,0,0,0,0,53,"BAL","NYA","BAL",0,"F","T",4,3,0,30,4,"T","F",5,5,"T","T","pinil001","nettg001","F","F",2,3,52,0,0,0,4,2,51,"dempr001","","dempr001",0,0,0,0,0,0,0,0,0,0,0,0,0,"","F","F","F","F",0,0,0,0,0,0,0,0,0,0,F,F,"1978BAL.EVA.regular.event.csv",4704
"BAL197808300","NYA",6,1,0,0,0,"",4,3,"murre001","?","murre001","?","guidr001","?","guidr001","?","munst101","chamc001","randw001","nettg001","dentb001","pinil001","blaip101","jackr001","","","","63","T","F",3,5,2,"T","T",0,"F","F",1,"F","F",0,"F","F",6,"G","F","F","",0,0,"N",0,"N",0,"N",0,0,0,0,"63","","","","F","F","F","F","F","F","F","F","F","","","","F","F","F","F","F","","","","",0,3,0,0,6,0,0,0,0,54,"BAL","BAL","NYA",1,"T","F",3,4,0,22,0,"T","F",0,0,"T","T","moraa101","dempr001","T","T",0,0,0,0,0,0,0,0,0,"","","",0,0,0,0,0,0,0,0,0,0,0,0,0,"dentb001","F","F","F","F",0,0,0,0,1,0,0,0,0,0,F,F,"1978BAL.EVA.regular.event.csv",4705
"BAL197808300","NYA",6,1,1,0,0,"",4,3,"moraa101","?","moraa101","?","guidr001","?","guidr001","?","munst101","chamc001","randw001","nettg001","dentb001","pinil001","blaip101","jackr001","","","","43","F","F",7,6,2,"T","T",0,"F","F",1,"F","F",0,"F","F",4,"G","F","F","",0,0,"N",0,"N",0,"N",0,0,0,0,"43","","","","F","F","F","F","F","F","F","F","F","","","","F","F","F","F","F","","","","",0,3,0,0,4,0,0,0,0,55,"BAL","BAL","NYA",1,"F","F",3,4,0,23,1,"T","F",0,0,"T","T","dempr001","dauer001","T","T",0,0,0,0,0,0,0,0,0,"","","",0,0,0,0,0,0,0,0,0,0,0,0,0,"randw001","F","F","F","F",0,0,0,0,1,0,0,0,0,0,F,F,"1978BAL.EVA.regular.event.csv",4706
"BAL197808300","NYA",6,1,2,0,0,"",4,3,"dempr001","?","dempr001","?","guidr001","?","guidr001","?","munst101","chamc001","randw001","nettg001","dentb001","pinil001","blaip101","jackr001","","","","HR/7","F","F",2,7,23,"T","T",4,"F","F",0,"F","F",1,"F","F",0,"","F","F","7",0,0,"N",0,"N",0,"N",4,0,0,0,"","","","","F","F","F","F","F","F","F","F","F","","","","F","F","F","F","F","","","","",0,0,0,0,0,0,0,0,0,56,"BAL","BAL","NYA",1,"F","F",3,4,0,24,2,"T","F",0,0,"T","T","dauer001","lopec101","T","T",0,0,0,0,0,0,0,0,0,"","","",0,0,0,0,0,0,0,0,0,0,0,0,1,"","F","F","F","F",4,0,0,0,0,0,0,0,0,0,F,F,"1978BAL.EVA.regular.event.csv",4707
"BAL197808300","NYA",6,1,2,0,0,"",4,4,"dauer001","?","dauer001","?","guidr001","?","guidr001","?","munst101","chamc001","randw001","nettg001","dentb001","pinil001","blaip101","jackr001","","","","7","F","F",4,8,2,"T","T",0,"F","F",1,"F","F",0,"F","F",7,"F","F","F","",0,0,"N",0,"N",0,"N",0,0,0,0,"7","","","","F","F","F","F","F","F","F","F","F","","","","F","F","F","F","F","","","","",0,7,0,0,0,0,0,0,0,57,"BAL","BAL","NYA",1,"F","T",4,4,1,25,3,"T","F",0,0,"T","T","lopec101","belam101","T","T",0,0,0,0,0,0,0,0,0,"","","",0,0,0,0,0,0,0,0,0,0,0,0,0,"pinil001","F","F","F","F",0,0,0,0,0,0,0,0,0,0,F,F,"1978BAL.EVA.regular.event.csv",4708
"BAL197808300","NYA",7,0,0,0,0,"",4,4,"pinil001","?","pinil001","?","martt001","?","martt001","?","dempr001","murre001","dauer001","decid001","belam101","moraa101","lopec101","singk001","","","","W","T","F",7,5,14,"T","F",0,"F","F",0,"F","F",0,"F","F",0,"","F","F","",0,0,"N",0,"N",0,"N",1,0,0,0,"","","","","F","F","F","F","F","F","F","F","F","","","","F","F","F","F","F","","","","",0,0,0,0,0,0,0,0,0,58,"BAL","NYA","BAL",0,"T","F",4,4,0,31,0,"T","F",0,1,"T","T","nettg001","chamc001","F","F",0,0,0,0,0,0,0,0,0,"","","",0,0,0,0,0,0,0,0,0,0,0,0,0,"","F","F","F","F",4,0,0,0,1,0,0,0,0,0,F,F,"1978BAL.EVA.regular.event.csv",4709
"BAL197808300","NYA",7,0,0,0,0,"",4,4,"nettg001","?","nettg001","?","martt001","?","martt001","?","dempr001","murre001","dauer001","decid001","belam101","moraa101","lopec101","singk001","pinil001","","","7","F","F",5,6,2,"T","T",0,"F","F",1,"F","F",0,"F","F",7,"F","F","F","",0,0,"N",0,"N",0,"N",0,1,0,0,"7","","","","F","F","F","F","F","F","F","F","F","martt001","","","F","F","F","F","F","","","","",0,7,0,0,0,0,0,0,0,59,"BAL","NYA","BAL",0,"F","F",4,4,0,32,1,"T","F",1,1,"T","T","chamc001","johnc001","F","F",7,5,58,0,0,0,0,0,0,"dempr001","","",0,0,0,0,0,0,0,0,0,0,0,0,0,"moraa101","F","F","F","F",0,4,0,0,1,0,0,0,0,0,F,F,"1978BAL.EVA.regular.event.csv",4710
"BAL197808300","NYA",7,0,1,0,0,"",4,4,"chamc001","?","chamc001","?","martt001","?","martt001","?","dempr001","murre001","dauer001","decid001","belam101","moraa101","lopec101","singk001","pinil001","","","S9.1-3","F","F",3,7,20,"T","T",1,"F","F",0,"F","F",0,"F","F",9,"","F","F","",0,0,"N",0,"N",0,"N",1,3,0,0,"","","","","F","F","F","F","F","F","F","F","F","martt001","","","F","F","F","F","F","","","","",0,0,0,0,0,0,0,0,0,60,"BAL","NYA","BAL",0,"F","F",4,4,0,33,2,"T","F",1,5,"T","T","johnc001","dentb001","F","F",7,5,58,0,0,0,0,0,0,"dempr001","","",0,0,0,0,0,0,0,0,0,0,0,0,0,"singk001","F","F","F","F",3,4,0,0,1,0,0,0,0,0,F,F,"1978BAL.EVA.regular.event.csv",4711
"BAL197808300","NYA",7,0,1,0,0,"",4,4,"johnc001","?","johnc001","?","martt001","?","martt001","?","dempr001","murre001","dauer001","decid001","belam101","moraa101","lopec101","singk001","chamc001","","pinil001","S8.3-H;1-2","F","F",10,8,20,"T","T",1,"F","F",0,"F","F",1,"F","F",8,"","F","F","",0,0,"N",0,"N",0,"N",1,2,0,4,"","","","","F","F","F","F","F","F","F","F","F","martt001","","martt001","F","F","F","F","F","","","","",0,0,0,0,0,0,0,0,0,61,"BAL","NYA","BAL",0,"F","F",4,4,0,34,3,"T","F",5,3,"T","T","dentb001","blaip101","F","F",3,7,60,0,0,0,7,5,58,"dempr001","","dempr001",0,0,0,0,0,0,0,0,0,0,0,0,1,"lopec101","F","F","F","F",2,3,0,4,0,0,0,0,0,0,F,F,"1978BAL.EVA.regular.event.csv",4712
"BAL197808300","NYA",7,0,1,0,0,"",5,4,"dentb001","?","dentb001","?","kerrj101","?","kerrj101","?","dempr001","murre001","dauer001","decid001","belam101","moraa101","lopec101","singk001","thomg101","chamc001","","34/SH.2-3;1-2","F","F",6,9,2,"T","F",0,"T","F",1,"F","F",0,"F","F",3,"G","T","F","",0,0,"N",0,"N",0,"N",0,2,3,0,"34","","","","F","F","F","F","F","F","F","F","F","martt001","martt001","","F","F","T","F","F","johnc001","","","",0,4,0,0,3,0,0,0,0,62,"BAL","NYA","BAL",0,"F","F",5,4,1,35,4,"T","F",3,6,"T","T","blaip101","randw001","F","F",10,8,61,3,7,60,0,0,0,"dempr001","dempr001","",0,0,0,0,0,0,0,0,0,0,0,0,0,"murre001","F","F","F","F",0,2,3,0,0,0,0,0,0,0,F,F,"1978BAL.EVA.regular.event.csv",4713
"BAL197808300","NYA",7,0,2,0,0,"",5,4,"rivem001","?","rivem001","?","kerrj101","?","kerrj101","?","dempr001","murre001","dauer001","decid001","belam101","moraa101","lopec101","singk001","","thomg101","chamc001","IW","F","T",11,1,15,"T","F",0,"F","F",0,"F","F",0,"F","F",0,"","F","F","",0,0,"N",0,"N",0,"N",1,0,2,3,"","","","","F","F","F","F","F","F","F","F","F","","martt001","martt001","F","F","F","F","F","","","","blaip101",8,0,0,0,0,0,0,0,0,63,"BAL","NYA","BAL",0,"F","F",5,4,1,36,5,"T","F",6,7,"F","F","randw001","munst101","F","F",0,0,0,10,8,61,3,7,60,"","dempr001","dempr001",0,0,0,0,0,0,0,0,0,0,0,0,0,"","F","F","F","F",1,0,2,3,0,0,0,0,0,0,F,F,"1978BAL.EVA.regular.event.csv",4714
"BAL197808300","NYA",7,0,2,0,0,"",5,4,"randw001","?","randw001","?","kerrj101","?","kerrj101","?","dempr001","murre001","dauer001","decid001","belam101","moraa101","lopec101","singk001","rivem001","thomg101","chamc001","63","F","F",4,2,2,"T","T",0,"F","F",1,"F","F",0,"F","F",6,"G","F","F","",0,0,"N",0,"N",0,"N",0,1,2,3,"63","","","","F","F","F","F","F","F","F","F","F","kerrj101","martt001","martt001","F","F","F","F","F","","","","",0,3,0,0,6,0,0,0,0,64,"BAL","NYA","BAL",0,"F","T",5,4,1,37,6,"T","F",7,7,"T","T","munst101","jackr001","F","F",0,1,63,10,8,61,3,7,60,"dempr001","dempr001","dempr001",0,0,0,0,0,0,0,0,0,0,0,0,0,"belam101","F","F","F","F",0,1,2,3,0,0,0,0,0,0,F,F,"1978BAL.EVA.regular.event.csv",4715
"BAL197808300","NYA",7,1,0,0,0,"",5,4,"lopec101","?","lopec101","?","guidr001","?","guidr001","?","munst101","chamc001","randw001","nettg001","dentb001","pinil001","rivem001","jackr001","","","","63","T","F",8,9,2,"T","T",0,"F","F",1,"F","F",0,"F","F",6,"G","F","F","",0,0,"N",0,"N",0,"N",0,0,0,0,"63","","","","F","F","F","F","F","F","F","F","F","","","","F","F","F","F","F","","","","",0,3,0,0,6,0,0,0,0,65,"BAL","BAL","NYA",1,"T","F",4,5,0,26,0,"T","F",0,0,"T","T","belam101","singk001","T","T",0,0,0,0,0,0,0,0,0,"","","",0,0,0,0,0,0,0,0,0,0,0,0,0,"dentb001","F","F","F","F",0,0,0,0,0,0,0,0,0,0,F,F,"1978BAL.EVA.regular.event.csv",4716
"BAL197808300","NYA",7,1,1,0,0,"",5,4,"belam101","?","belam101","?","guidr001","?","guidr001","?","munst101","chamc001","randw001","nettg001","dentb001","pinil001","rivem001","jackr001","","","","K/C","F","F",6,1,3,"T","T",0,"F","F",1,"F","F",0,"F","F",0,"","F","F","",0,0,"N",0,"N",0,"N",0,0,0,0,"2","","","","F","F","F","F","F","F","F","F","F","","","","F","F","F","F","F","","","","",0,2,0,0,0,0,0,0,0,66,"BAL","BAL","NYA",1,"F","F",4,5,0,27,1,"T","F",0,0,"T","T","singk001","decid001","T","T",0,0,0,0,0,0,0,0,0,"","","",0,0,0,0,0,0,0,0,0,0,0,0,0,"","F","F","F","F",0,0,0,0,0,0,0,0,0,0,F,F,"1978BAL.EVA.regular.event.csv",4717
"BAL197808300","NYA",7,1,2,0,0,"",5,4,"singk001","?","singk001","?","guidr001","?","guidr001","?","munst101","chamc001","randw001","nettg001","dentb001","pinil001","rivem001","jackr001","","","","K","F","F",9,2,3,"T","T",0,"F","F",1,"F","F",0,"F","F",0,"","F","F","",0,0,"N",0,"N",0,"N",0,0,0,0,"2","","","","F","F","F","F","F","F","F","F","F","","","","F","F","F","F","F","","","","",0,2,0,0,0,0,0,0,0,67,"BAL","BAL","NYA",1,"F","T",4,5,0,28,2,"T","F",0,0,"T","T","decid001","may-l101","T","T",0,0,0,0,0,0,0,0,0,"","","",0,0,0,0,0,0,0,0,0,0,0,0,0,"","F","F","F","F",0,0,0,0,0,0,0,0,0,0,F,F,"1978BAL.EVA.regular.event.csv",4718
"BAL197808300","NYA",8,0,0,0,0,"",5,4,"munst101","?","munst101","?","kerrj101","?","kerrj101","?","dempr001","murre001","dauer001","decid001","belam101","moraa101","lopec101","singk001","","","","13","T","F",2,3,2,"T","T",0,"F","F",1,"F","F",0,"F","F",1,"G","F","F","",0,0,"N",0,"N",0,"N",0,0,0,0,"13","","","","F","F","F","F","F","F","F","F","F","","","","F","F","F","F","F","","","","",0,3,0,0,1,0,0,0,0,68,"BAL","NYA","BAL",0,"T","F",5,4,0,38,0,"T","F",0,0,"T","T","jackr001","pinil001","F","F",0,0,0,0,0,0,0,0,0,"","","",0,0,0,0,0,0,0,0,0,0,0,0,0,"kerrj101","F","F","F","F",0,0,0,0,0,0,0,0,0,0,F,F,"1978BAL.EVA.regular.event.csv",4719
"BAL197808300","NYA",8,0,1,0,0,"",5,4,"jackr001","?","jackr001","?","kerrj101","?","kerrj101","?","dempr001","murre001","dauer001","decid001","belam101","moraa101","lopec101","singk001","","","","S8","F","F",9,4,20,"T","T",1,"F","F",0,"F","F",0,"F","F",8,"","F","F","",0,0,"N",0,"N",0,"N",1,0,0,0,"","","","","F","F","F","F","F","F","F","F","F","","","","F","F","F","F","F","","","","",0,0,0,0,0,0,0,0,0,69,"BAL","NYA","BAL",0,"F","F",5,4,0,39,1,"T","F",0,1,"T","T","pinil001","nettg001","F","F",0,0,0,0,0,0,0,0,0,"","","",0,0,0,0,0,0,0,0,0,0,0,0,0,"lopec101","F","F","F","F",0,0,0,0,0,0,0,0,0,0,F,F,"1978BAL.EVA.regular.event.csv",4720
"BAL197808300","NYA",8,0,1,0,0,"",5,4,"pinil001","?","pinil001","?","kerrj101","?","kerrj101","?","dempr001","murre001","dauer001","decid001","belam101","moraa101","lopec101","singk001","jackr001","","","64(1)3/GDP","F","F",7,5,2,"T","T",0,"F","F",2,"T","F",0,"F","F",6,"G","F","F","",0,0,"N",0,"N",0,"N",0,0,0,0,"43","64","","","F","F","F","F","F","F","F","F","F","kerrj101","","","F","F","F","F","F","","","","",0,4,3,0,6,4,0,0,0,70,"BAL","NYA","BAL",0,"F","T",5,4,0,40,2,"T","F",1,0,"T","T","nettg001","chamc001","F","F",9,4,69,0,0,0,0,0,0,"dempr001","","",0,0,0,0,0,0,0,0,0,0,0,0,0,"belam101","T","F","F","F",0,0,0,0,0,0,0,0,0,0,F,F,"1978BAL.EVA.regular.event.csv",4721
"BAL197808300","NYA",8,1,0,0,0,"",5,4,"decid001","?","decid001","?","gossr001","?","gossr001","?","munst101","chamc001","randw001","nettg001","dentb001","pinil001","rivem001","jackr001","","","","K/C","T","F",5,3,3,"T","T",0,"F","F",1,"F","F",0,"F","F",0,"","F","F","",0,0,"N",0,"N",0,"N",0,0,0,0,"2","","","","F","F","F","F","F","F","F","F","F","","","","F","F","F","F","F","","","","",0,2,0,0,0,0,0,0,0,71,"BAL","BAL","NYA",1,"T","F",4,5,0,29,0,"T","F",0,0,"T","T","may-l101","murre001","F","F",0,0,0,0,0,0,0,0,0,"","","",0,0,0,0,0,0,0,0,0,0,0,0,0,"","F","F","F","F",0,0,0,0,0,0,0,0,0,0,F,F,"1978BAL.EVA.regular.event.csv",4722
"BAL197808300","NYA",8,1,1,0,0,"",5,4,"may-l101","?","may-l101","?","gossr001","?","gossr001","?","munst101","chamc001","randw001","nettg001","dentb001","pinil001","rivem001","jackr001","","","","8","F","F",10,4,2,"T","T",0,"F","F",1,"F","F",0,"F","F",8,"F","F","F","",0,0,"N",0,"N",0,"N",0,0,0,0,"8","","","","F","F","F","F","F","F","F","F","F","","","","F","F","F","F","F","","","","",0,8,0,0,0,0,0,0,0,72,"BAL","BAL","NYA",1,"F","F",4,5,0,30,1,"T","F",0,0,"T","T","murre001","moraa101","F","F",0,0,0,0,0,0,0,0,0,"","","",0,0,0,0,0,0,0,0,0,0,0,0,0,"rivem001","F","F","F","F",0,0,0,0,0,0,0,0,0,0,F,F,"1978BAL.EVA.regular.event.csv",4723
"BAL197808300","NYA",8,1,2,0,0,"",5,4,"murre001","?","murre001","?","gossr001","?","gossr001","?","munst101","chamc001","randw001","nettg001","dentb001","pinil001","rivem001","jackr001","","","","3/G","F","F",3,5,2,"T","T",0,"F","F",1,"F","F",0,"F","F",3,"G","F","F","",0,0,"N",0,"N",0,"N",0,0,0,0,"3","","","","F","F","F","F","F","F","F","F","F","","","","F","F","F","F","F","","","","",0,3,0,0,0,0,0,0,0,73,"BAL","BAL","NYA",1,"F","T",4,5,0,31,2,"T","F",0,0,"T","T","moraa101","dempr001","F","F",0,0,0,0,0,0,0,0,0,"","","",0,0,0,0,0,0,0,0,0,0,0,0,0,"chamc001","F","F","F","F",0,0,0,0,0,0,0,0,0,0,F,F,"1978BAL.EVA.regular.event.csv",4724
"BAL197808300","NYA",9,0,0,0,0,"",5,4,"nettg001","?","nettg001","?","kerrj101","?","kerrj101","?","dempr001","murre001","dauer001","decid001","belam101","moraa101","lopec101","singk001","","","","9","T","F",5,6,2,"T","T",0,"F","F",1,"F","F",0,"F","F",9,"F","F","F","",0,0,"N",0,"N",0,"N",0,0,0,0,"9","","","","F","F","F","F","F","F","F","F","F","","","","F","F","F","F","F","","","","",0,9,0,0,0,0,0,0,0,74,"BAL","NYA","BAL",0,"T","F",5,4,0,41,0,"T","F",0,0,"T","T","chamc001","thomg101","F","F",0,0,0,0,0,0,0,0,0,"","","",0,0,0,0,0,0,0,0,0,0,0,0,0,"singk001","F","F","F","F",0,0,0,0,0,0,0,0,0,0,F,F,"1978BAL.EVA.regular.event.csv",4725
"BAL197808300","NYA",9,0,1,0,0,"",5,4,"chamc001","?","chamc001","?","kerrj101","?","kerrj101","?","dempr001","murre001","dauer001","decid001","belam101","moraa101","lopec101","singk001","","","","K","F","F",3,7,3,"T","T",0,"F","F",1,"F","F",0,"F","F",0,"","F","F","",0,0,"N",0,"N",0,"N",0,0,0,0,"2","","","","F","F","F","F","F","F","F","F","F","","","","F","F","F","F","F","","","","",0,2,0,0,0,0,0,0,0,75,"BAL","NYA","BAL",0,"F","F",5,4,0,42,1,"T","F",0,0,"T","T","thomg101","dentb001","F","F",0,0,0,0,0,0,0,0,0,"","","",0,0,0,0,0,0,0,0,0,0,0,0,0,"","F","F","F","F",0,0,0,0,0,0,0,0,0,0,F,F,"1978BAL.EVA.regular.event.csv",4726
"BAL197808300","NYA",9,0,2,0,0,"",5,4,"thomg101","?","thomg101","?","kerrj101","?","kerrj101","?","dempr001","murre001","dauer001","decid001","belam101","moraa101","lopec101","singk001","","","","K","F","F",10,8,3,"T","T",0,"F","F",1,"F","F",0,"F","F",0,"","F","F","",0,0,"N",0,"N",0,"N",0,0,0,0,"2","","","","F","F","F","F","F","F","F","F","F","","","","F","F","F","F","F","","","","",0,2,0,0,0,0,0,0,0,76,"BAL","NYA","BAL",0,"F","T",5,4,0,43,2,"T","F",0,0,"F","F","dentb001","rivem001","F","F",0,0,0,0,0,0,0,0,0,"","","",0,0,0,0,0,0,0,0,0,0,0,0,0,"","F","F","F","F",0,0,0,0,0,0,0,0,0,0,F,F,"1978BAL.EVA.regular.event.csv",4727
"BAL197808300","NYA",9,1,0,0,0,"",5,4,"kellp101","?","kellp101","?","gossr001","?","gossr001","?","munst101","chamc001","randw001","nettg001","dentb001","pinil001","rivem001","jackr001","","","","7","T","T",11,6,2,"T","T",0,"F","F",1,"F","F",0,"F","F",7,"F","F","F","",0,0,"N",0,"N",0,"N",0,0,0,0,"7","","","","F","F","F","F","F","F","F","F","F","","","","F","F","F","F","F","","","","moraa101",7,7,0,0,0,0,0,0,0,77,"BAL","BAL","NYA",1,"T","F",4,5,0,32,0,"T","F",0,0,"F","F","dempr001","dauer001","F","F",0,0,0,0,0,0,0,0,0,"","","",0,0,0,0,0,0,0,0,0,0,0,0,0,"pinil001","F","F","F","F",0,0,0,0,0,0,0,0,0,0,F,F,"1978BAL.EVA.regular.event.csv",4728
"BAL197808300","NYA",9,1,1,0,0,"",5,4,"dempr001","?","dempr001","?","gossr001","?","gossr001","?","munst101","chamc001","randw001","nettg001","dentb001","pinil001","rivem001","jackr001","","","","8","F","F",2,7,2,"T","T",0,"F","F",1,"F","F",0,"F","F",8,"F","F","F","",0,0,"N",0,"N",0,"N",0,0,0,0,"8","","","","F","F","F","F","F","F","F","F","F","","","","F","F","F","F","F","","","","",0,8,0,0,0,0,0,0,0,78,"BAL","BAL","NYA",1,"F","F",4,5,0,33,1,"T","F",0,0,"T","T","dauer001","lopec101","F","F",0,0,0,0,0,0,0,0,0,"","","",0,0,0,0,0,0,0,0,0,0,0,0,0,"rivem001","F","F","F","F",0,0,0,0,0,0,0,0,0,0,F,F,"1978BAL.EVA.regular.event.csv",4729
"BAL197808300","NYA",9,1,2,0,0,"",5,4,"crowt101","?","crowt101","?","gossr001","?","gossr001","?","munst101","chamc001","randw001","nettg001","dentb001","pinil001","rivem001","jackr001","","","","6","F","T",11,8,2,"T","T",0,"F","F",1,"F","F",0,"F","F",6,"F","F","F","",0,0,"N",0,"N",0,"N",0,0,0,0,"6","","","","F","F","F","F","F","F","F","F","F","","","","F","T","F","F","F","","","","dauer001",4,6,0,0,0,0,0,0,0,79,"BAL","BAL","NYA",1,"F","T",4,5,0,34,2,"T","F",0,0,"F","F","lopec101","belam101","F","F",0,0,0,0,0,0,0,0,0,"","","",0,0,0,0,0,0,0,0,0,0,0,0,0,"dentb001","F","F","F","F",0,0,0,0,0,0,0,0,0,0,F,F,"1978BAL.EVA.regular.event.csv",4730
"BAL197808310","NYA",1,0,0,0,0,"",0,0,"rivem001","?","rivem001","?","mcgrs001","?","mcgrs001","?","dempr001","murre001","smitb101","decid001","garck001","kellp101","harll101","singk001","","","","43","T","F",8,1,2,"T","T",0,"F","F",1,"F","F",0,"F","F",4,"G","F","F","",0,0,"N",0,"N",0,"N",0,0,0,0,"43","","","","F","F","F","F","F","F","F","F","F","","","","T","F","F","F","F","","","","",0,3,0,0,4,0,0,0,0,1,"BAL","NYA","BAL",0,"T","F",0,0,0,0,0,"T","F",0,0,"T","T","randw001","munst101","T","T",0,0,0,0,0,0,0,0,0,"","","",0,0,0,0,0,0,0,0,0,0,0,0,0,"smitb101","F","F","F","F",0,0,0,0,0,0,0,0,0,0,F,F,"1978BAL.EVA.regular.event.csv",4731
"BAL197808310","NYA",1,0,1,0,0,"",0,0,"randw001","?","randw001","?","mcgrs001","?","mcgrs001","?","dempr001","murre001","smitb101","decid001","garck001","kellp101","harll101","singk001","","","","3/FL","F","F",4,2,2,"T","T",0,"F","F",1,"F","F",0,"F","F",3,"F","F","T","",0,0,"N",0,"N",0,"N",0,0,0,0,"3","","","","F","F","F","F","F","F","F","F","F","","","","F","F","F","F","F","","","","",0,3,0,0,0,0,0,0,0,2,"BAL","NYA","BAL",0,"F","F",0,0,0,1,1,"T","F",0,0,"T","T","munst101","jackr001","T","T",0,0,0,0,0,0,0,0,0,"","","",0,0,0,0,0,0,0,0,0,0,0,0,0,"murre001","F","F","F","F",0,0,0,0,0,0,0,0,0,0,F,F,"1978BAL.EVA.regular.event.csv",4732
"BAL197808310","NYA",1,0,2,0,0,"",0,0,"munst101","?","munst101","?","mcgrs001","?","mcgrs001","?","dempr001","murre001","smitb101","decid001","garck001","kellp101","harll101","singk001","","","","63","F","F",2,3,2,"T","T",0,"F","F",1,"F","F",0,"F","F",6,"G","F","F","",0,0,"N",0,"N",0,"N",0,0,0,0,"63","","","","F","F","F","F","F","F","F","F","F","","","","F","F","F","F","F","","","","",0,3,0,0,6,0,0,0,0,3,"BAL","NYA","BAL",0,"F","T",0,0,0,2,2,"T","F",0,0,"T","T","jackr001","pinil001","T","T",0,0,0,0,0,0,0,0,0,"","","",0,0,0,0,0,0,0,0,0,0,0,0,0,"garck001","F","F","F","F",0,0,0,0,0,0,0,0,0,0,F,F,"1978BAL.EVA.regular.event.csv",4733
"BAL197808310","NYA",1,1,0,0,0,"",0,0,"harll101","?","harll101","?","tidrd001","?","tidrd001","?","munst101","chamc001","randw001","nettg001","dentb001","pinil001","rivem001","jackr001","","","","43","T","F",8,1,2,"T","T",0,"F","F",1,"F","F",0,"F","F",4,"G","F","F","",0,0,"N",0,"N",0,"N",0,0,0,0,"43","","","","F","F","F","F","F","F","F","F","F","","","","F","F","F","F","F","","","","",0,3,0,0,4,0,0,0,0,4,"BAL","BAL","NYA",1,"T","F",0,0,0,0,0,"T","F",0,0,"T","T","kellp101","singk001","T","T",0,0,0,0,0,0,0,0,0,"","","",0,0,0,0,0,0,0,0,0,0,0,0,0,"randw001","F","F","F","F",0,0,0,0,0,0,0,0,0,0,F,F,"1978BAL.EVA.regular.event.csv",4734
"BAL197808310","NYA",1,1,1,0,0,"",0,0,"kellp101","?","kellp101","?","tidrd001","?","tidrd001","?","munst101","chamc001","randw001","nettg001","dentb001","pinil001","rivem001","jackr001","","","","K/C","F","F",7,2,3,"T","T",0,"F","F",1,"F","F",0,"F","F",0,"","F","F","",0,0,"N",0,"N",0,"N",0,0,0,0,"2","","","","F","F","F","F","F","F","F","F","F","","","","F","F","F","F","F","","","","",0,2,0,0,0,0,0,0,0,5,"BAL","BAL","NYA",1,"F","F",0,0,0,1,1,"T","F",0,0,"T","T","singk001","murre001","T","T",0,0,0,0,0,0,0,0,0,"","","",0,0,0,0,0,0,0,0,0,0,0,0,0,"","F","F","F","F",0,0,0,0,0,0,0,0,0,0,F,F,"1978BAL.EVA.regular.event.csv",4735
"BAL197808310","NYA",1,1,2,0,0,"",0,0,"singk001","?","singk001","?","tidrd001","?","tidrd001","?","munst101","chamc001","randw001","nettg001","dentb001","pinil001","rivem001","jackr001","","","","S7","F","F",9,3,20,"T","T",1,"F","F",0,"F","F",0,"F","F",7,"","F","F","",0,0,"N",0,"N",0,"N",1,0,0,0,"","","","","F","F","F","F","F","F","F","F","F","","","","F","F","F","F","F","","","","",0,0,0,0,0,0,0,0,0,6,"BAL","BAL","NYA",1,"F","F",0,0,0,2,2,"T","F",0,1,"T","T","murre001","decid001","T","T",0,0,0,0,0,0,0,0,0,"","","",0,0,0,0,0,0,0,0,0,0,0,0,0,"pinil001","F","F","F","F",0,0,0,0,0,0,0,0,0,0,F,F,"1978BAL.EVA.regular.event.csv",4736
"BAL197808310","NYA",1,1,2,0,0,"",0,0,"murre001","?","murre001","?","tidrd001","?","tidrd001","?","munst101","chamc001","randw001","nettg001","dentb001","pinil001","rivem001","jackr001","singk001","","","46(1)/FO","F","F",3,4,2,"T","T",0,"F","F",1,"F","F",0,"F","F",4,"G","F","F","",0,0,"N",0,"N",0,"N",1,0,0,0,"","46","","","F","F","F","F","F","F","F","F","F","tidrd001","","","F","F","F","F","F","","","","",0,6,0,0,4,0,0,0,0,7,"BAL","BAL","NYA",1,"F","T",0,0,0,3,3,"T","F",1,1,"T","T","decid001","may-l101","T","T",9,3,6,0,0,0,0,0,0,"munst101","","",0,0,0,0,0,0,0,0,0,0,0,0,0,"randw001","T","F","F","F",0,0,0,0,0,0,0,0,0,0,F,F,"1978BAL.EVA.regular.event.csv",4737
"BAL197808310","NYA",2,0,0,0,0,"",0,0,"jackr001","?","jackr001","?","mcgrs001","?","mcgrs001","?","dempr001","murre001","smitb101","decid001","garck001","kellp101","harll101","singk001","","","","K","T","F",9,4,3,"T","T",0,"F","F",1,"F","F",0,"F","F",0,"","F","F","",0,0,"N",0,"N",0,"N",0,0,0,0,"2","","","","F","F","F","F","F","F","F","F","F","","","","F","F","F","F","F","","","","",0,2,0,0,0,0,0,0,0,8,"BAL","NYA","BAL",0,"T","F",0,0,0,3,0,"T","F",0,0,"T","T","pinil001","nettg001","T","T",0,0,0,0,0,0,0,0,0,"","","",0,0,0,0,0,0,0,0,0,0,0,0,0,"","F","F","F","F",0,0,0,0,0,0,0,0,0,0,F,F,"1978BAL.EVA.regular.event.csv",4738
"BAL197808310","NYA",2,0,1,0,0,"",0,0,"pinil001","?","pinil001","?","mcgrs001","?","mcgrs001","?","dempr001","murre001","smitb101","decid001","garck001","kellp101","harll101","singk001","","","","63","F","F",7,5,2,"T","T",0,"F","F",1,"F","F",0,"F","F",6,"G","F","F","",0,0,"N",0,"N",0,"N",0,0,0,0,"63","","","","F","F","F","F","F","F","F","F","F","","","","F","F","F","F","F","","","","",0,3,0,0,6,0,0,0,0,9,"BAL","NYA","BAL",0,"F","F",0,0,0,4,1,"T","F",0,0,"T","T","nettg001","chamc001","T","T",0,0,0,0,0,0,0,0,0,"","","",0,0,0,0,0,0,0,0,0,0,0,0,0,"garck001","F","F","F","F",0,0,0,0,0,0,0,0,0,0,F,F,"1978BAL.EVA.regular.event.csv",4739
"BAL197808310","NYA",2,0,2,0,0,"",0,0,"nettg001","?","nettg001","?","mcgrs001","?","mcgrs001","?","dempr001","murre001","smitb101","decid001","garck001","kellp101","harll101","singk001","","","","9","F","F",5,6,2,"T","T",0,"F","F",1,"F","F",0,"F","F",9,"F","F","F","",0,0,"N",0,"N",0,"N",0,0,0,0,"9","","","","F","F","F","F","F","F","F","F","F","","","","F","F","F","F","F","","","","",0,9,0,0,0,0,0,0,0,10,"BAL","NYA","BAL",0,"F","T",0,0,0,5,2,"T","F",0,0,"T","T","chamc001","johnc001","T","T",0,0,0,0,0,0,0,0,0,"","","",0,0,0,0,0,0,0,0,0,0,0,0,0,"singk001","F","F","F","F",0,0,0,0,0,0,0,0,0,0,F,F,"1978BAL.EVA.regular.event.csv",4740
"BAL197808310","NYA",2,1,0,0,0,"",0,0,"decid001","?","decid001","?","tidrd001","?","tidrd001","?","munst101","chamc001","randw001","nettg001","dentb001","pinil001","rivem001","jackr001","","","","E6","T","F",5,5,18,"T","T",0,"F","F",0,"F","F",0,"F","F",6,"G","F","F","",1,6,"F",0,"N",0,"N",1,0,0,0,"","","","","F","F","F","F","F","F","F","F","F","","","","F","F","F","F","F","","","","",0,0,0,0,0,0,0,0,0,11,"BAL","BAL","NYA",1,"T","F",0,0,0,4,0,"T","F",0,1,"T","T","may-l101","dempr001","T","T",0,0,0,0,0,0,0,0,0,"","","",0,0,0,0,0,0,0,0,0,0,0,0,0,"dentb001","F","F","F","T",5,0,0,0,2,0,0,0,0,0,F,F,"1978BAL.EVA.regular.event.csv",4741
"BAL197808310","NYA",2,1,0,0,0,"",0,0,"may-l101","?","may-l101","?","tidrd001","?","tidrd001","?","munst101","chamc001","randw001","nettg001","dentb001","pinil001","rivem001","jackr001","decid001","","","43.1-2","F","F",10,6,2,"T","T",0,"F","F",1,"F","F",0,"F","F",4,"G","F","F","",0,0,"N",0,"N",0,"N",0,2,0,0,"43","","","","F","F","F","F","F","F","F","F","F","tidrd001","","","F","F","F","F","F","","","","",0,3,0,0,4,0,0,0,0,12,"BAL","BAL","NYA",1,"F","F",0,0,0,5,1,"T","F",1,2,"T","T","dempr001","smitb101","T","T",5,5,11,0,0,0,0,0,0,"munst101","","",0,0,0,0,0,0,0,0,0,0,0,0,0,"randw001","F","F","F","F",0,5,0,0,2,0,0,0,0,0,F,F,"1978BAL.EVA.regular.event.csv",4742
"BAL197808310","NYA",2,1,1,0,0,"",0,0,"dempr001","?","dempr001","?","tidrd001","?","tidrd001","?","munst101","chamc001","randw001","nettg001","dentb001","pinil001","rivem001","jackr001","","decid001","","K","F","F",2,7,3,"T","T",0,"F","F",1,"F","F",0,"F","F",0,"","F","F","",0,0,"N",0,"N",0,"N",0,0,2,0,"2","","","","F","F","F","F","F","F","F","F","F","","tidrd001","","F","F","F","F","F","","","","",0,2,0,0,0,0,0,0,0,13,"BAL","BAL","NYA",1,"F","F",0,0,0,6,2,"T","F",2,2,"T","T","smitb101","garck001","T","T",0,0,0,5,5,11,0,0,0,"","munst101","",0,0,0,0,0,0,0,0,0,0,0,0,0,"","F","F","F","F",0,0,5,0,2,0,0,0,0,0,F,F,"1978BAL.EVA.regular.event.csv",4743
"BAL197808310","NYA",2,1,2,0,0,"",0,0,"smitb101","?","smitb101","?","tidrd001","?","tidrd001","?","munst101","chamc001","randw001","nettg001","dentb001","pinil001","rivem001","jackr001","","decid001","","S8.2-H(UR)","F","F",4,8,20,"T","T",1,"F","F",0,"F","F",1,"F","F",8,"","F","F","",0,0,"N",0,"N",0,"N",1,0,5,0,"","","","","F","F","F","F","F","F","F","F","F","","tidrd001","","F","F","F","F","F","","","","",0,0,0,0,0,0,0,0,0,14,"BAL","BAL","NYA",1,"F","F",0,0,0,7,3,"T","F",2,1,"T","T","garck001","harll101","T","T",0,0,0,5,5,11,0,0,0,"","munst101","",0,0,0,0,0,0,0,0,0,0,0,0,1,"rivem001","F","F","F","F",5,0,5,0,1,0,0,0,0,0,F,F,"1978BAL.EVA.regular.event.csv",4744
"BAL197808310","NYA",2,1,2,0,0,"",0,1,"garck001","?","garck001","?","tidrd001","?","tidrd001","?","munst101","chamc001","randw001","nettg001","dentb001","pinil001","rivem001","jackr001","smitb101","","","T/78.1-H(UR)","F","F",6,9,22,"T","T",3,"F","F",0,"F","F",1,"F","F",0,"","F","F","78",0,0,"N",0,"N",0,"N",3,5,0,0,"","","","","F","F","F","F","F","F","F","F","F","tidrd001","","","F","F","F","F","F","","","","",0,0,0,0,0,0,0,0,0,15,"BAL","BAL","NYA",1,"F","F",1,0,1,8,4,"T","F",1,4,"T","T","harll101","kellp101","T","T",4,8,14,0,0,0,0,0,0,"munst101","","",0,0,0,0,0,0,0,0,0,0,0,0,1,"","F","F","F","F",0,5,0,0,0,0,0,0,0,0,F,F,"1978BAL.EVA.regular.event.csv",4745
"BAL197808310","NYA",2,1,2,0,0,"",0,2,"harll101","?","harll101","?","tidrd001","?","tidrd001","?","munst101","chamc001","randw001","nettg001","dentb001","pinil001","rivem001","jackr001","","","garck001","53","F","F",8,1,2,"T","T",0,"F","F",1,"F","F",0,"F","F",5,"G","F","F","",0,0,"N",0,"N",0,"N",0,0,0,3,"53","","","","F","F","F","F","F","F","F","F","F","","","tidrd001","F","F","F","F","F","","","","",0,3,0,0,5,0,0,0,0,16,"BAL","BAL","NYA",1,"F","T",2,0,2,9,5,"T","F",4,4,"T","T","kellp101","singk001","T","T",0,0,0,0,0,0,6,9,15,"","","munst101",0,0,0,0,0,0,0,0,0,0,0,0,0,"nettg001","F","F","F","F",0,0,0,0,0,0,0,0,0,0,F,F,"1978BAL.EVA.regular.event.csv",4746
"BAL197808310","NYA",3,0,0,0,0,"",0,2,"chamc001","?","chamc001","?","mcgrs001","?","mcgrs001","?","dempr001","murre001","smitb101","decid001","garck001","kellp101","harll101","singk001","","","","3/G","T","F",3,7,2,"T","T",0,"F","F",1,"F","F",0,"F","F",3,"G","F","F","",0,0,"N",0,"N",0,"N",0,0,0,0,"3","","","","F","F","F","F","F","F","F","F","F","","","","F","F","F","F","F","","","","",0,3,0,0,0,0,0,0,0,17,"BAL","NYA","BAL",0,"T","F",0,2,0,6,0,"T","F",0,0,"T","T","johnc001","dentb001","T","T",0,0,0,0,0,0,0,0,0,"","","",0,0,0,0,0,0,0,0,0,0,0,0,0,"murre001","F","F","F","F",0,0,0,0,0,0,0,0,0,0,F,F,"1978BAL.EVA.regular.event.csv",4747
"BAL197808310","NYA",3,0,1,0,0,"",0,2,"johnc001","?","johnc001","?","mcgrs001","?","mcgrs001","?","dempr001","murre001","smitb101","decid001","garck001","kellp101","harll101","singk001","","","","6","F","F",10,8,2,"T","T",0,"F","F",1,"F","F",0,"F","F",6,"F","F","F","",0,0,"N",0,"N",0,"N",0,0,0,0,"6","","","","F","F","F","F","F","F","F","F","F","","","","F","F","F","F","F","","","","",0,6,0,0,0,0,0,0,0,18,"BAL","NYA","BAL",0,"F","F",0,2,0,7,1,"T","F",0,0,"T","T","dentb001","rivem001","T","T",0,0,0,0,0,0,0,0,0,"","","",0,0,0,0,0,0,0,0,0,0,0,0,0,"garck001","F","F","F","F",0,0,0,0,0,0,0,0,0,0,F,F,"1978BAL.EVA.regular.event.csv",4748
"BAL197808310","NYA",3,0,2,0,0,"",0,2,"dentb001","?","dentb001","?","mcgrs001","?","mcgrs001","?","dempr001","murre001","smitb101","decid001","garck001","kellp101","harll101","singk001","","","","7","F","F",6,9,2,"T","T",0,"F","F",1,"F","F",0,"F","F",7,"F","F","F","",0,0,"N",0,"N",0,"N",0,0,0,0,"7","","","","F","F","F","F","F","F","F","F","F","","","","F","F","F","F","F","","","","",0,7,0,0,0,0,0,0,0,19,"BAL","NYA","BAL",0,"F","T",0,2,0,8,2,"T","F",0,0,"T","T","rivem001","randw001","T","T",0,0,0,0,0,0,0,0,0,"","","",0,0,0,0,0,0,0,0,0,0,0,0,0,"kellp101","F","F","F","F",0,0,0,0,0,0,0,0,0,0,F,F,"1978BAL.EVA.regular.event.csv",4749
"BAL197808310","NYA",3,1,0,0,0,"",0,2,"kellp101","?","kellp101","?","tidrd001","?","tidrd001","?","munst101","chamc001","randw001","nettg001","dentb001","pinil001","rivem001","jackr001","","","","3/L","T","F",7,2,2,"T","T",0,"F","F",1,"F","F",0,"F","F",3,"L","F","F","",0,0,"N",0,"N",0,"N",0,0,0,0,"3","","","","F","F","F","F","F","F","F","F","F","","","","F","F","F","F","F","","","","",0,3,0,0,0,0,0,0,0,20,"BAL","BAL","NYA",1,"T","F",2,0,0,10,0,"T","F",0,0,"T","T","singk001","murre001","T","T",0,0,0,0,0,0,0,0,0,"","","",0,0,0,0,0,0,0,0,0,0,0,0,0,"chamc001","F","F","F","F",0,0,0,0,0,0,0,0,0,0,F,F,"1978BAL.EVA.regular.event.csv",4750
"BAL197808310","NYA",3,1,1,0,0,"",0,2,"singk001","?","singk001","?","tidrd001","?","tidrd001","?","munst101","chamc001","randw001","nettg001","dentb001","pinil001","rivem001","jackr001","","","","K/C","F","F",9,3,3,"T","T",0,"F","F",1,"F","F",0,"F","F",0,"","F","F","",0,0,"N",0,"N",0,"N",0,0,0,0,"2","","","","F","F","F","F","F","F","F","F","F","","","","F","F","F","F","F","","","","",0,2,0,0,0,0,0,0,0,21,"BAL","BAL","NYA",1,"F","F",2,0,0,11,1,"T","F",0,0,"T","T","murre001","decid001","T","T",0,0,0,0,0,0,0,0,0,"","","",0,0,0,0,0,0,0,0,0,0,0,0,0,"","F","F","F","F",0,0,0,0,0,0,0,0,0,0,F,F,"1978BAL.EVA.regular.event.csv",4751
"BAL197808310","NYA",3,1,2,0,0,"",0,2,"murre001","?","murre001","?","tidrd001","?","tidrd001","?","munst101","chamc001","randw001","nettg001","dentb001","pinil001","rivem001","jackr001","","","","W","F","F",3,4,14,"T","F",0,"F","F",0,"F","F",0,"F","F",0,"","F","F","",0,0,"N",0,"N",0,"N",1,0,0,0,"","","","","F","F","F","F","F","F","F","F","F","","","","F","F","F","F","F","","","","",0,0,0,0,0,0,0,0,0,22,"BAL","BAL","NYA",1,"F","F",2,0,0,12,2,"T","F",0,1,"T","T","decid001","may-l101","T","T",0,0,0,0,0,0,0,0,0,"","","",0,0,0,0,0,0,0,0,0,0,0,0,0,"","F","F","F","F",0,0,0,0,0,0,0,0,0,0,F,F,"1978BAL.EVA.regular.event.csv",4752
"BAL197808310","NYA",3,1,2,0,0,"",0,2,"decid001","?","decid001","?","tidrd001","?","tidrd001","?","munst101","chamc001","randw001","nettg001","dentb001","pinil001","rivem001","jackr001","murre001","","","5/L","F","F",5,5,2,"T","T",0,"F","F",1,"F","F",0,"F","F",5,"L","F","F","",0,0,"N",0,"N",0,"N",0,1,0,0,"5","","","","F","F","F","F","F","F","F","F","F","tidrd001","","","F","F","F","F","F","","","","",0,5,0,0,0,0,0,0,0,23,"BAL","BAL","NYA",1,"F","T",2,0,0,13,3,"T","F",1,1,"T","T","may-l101","dempr001","T","T",3,4,22,0,0,0,0,0,0,"munst101","","",0,0,0,0,0,0,0,0,0,0,0,0,0,"nettg001","F","F","F","F",0,0,0,0,0,0,0,0,0,0,F,F,"1978BAL.EVA.regular.event.csv",4753
"BAL197808310","NYA",4,0,0,0,0,"",0,2,"rivem001","?","rivem001","?","mcgrs001","?","mcgrs001","?","dempr001","murre001","smitb101","decid001","garck001","kellp101","harll101","singk001","","","","8","T","F",8,1,2,"T","T",0,"F","F",1,"F","F",0,"F","F",8,"F","F","F","",0,0,"N",0,"N",0,"N",0,0,0,0,"8","","","","F","F","F","F","F","F","F","F","F","","","","F","F","F","F","F","","","","",0,8,0,0,0,0,0,0,0,24,"BAL","NYA","BAL",0,"T","F",0,2,0,9,0,"T","F",0,0,"T","T","randw001","munst101","T","T",0,0,0,0,0,0,0,0,0,"","","",0,0,0,0,0,0,0,0,0,0,0,0,0,"harll101","F","F","F","F",0,0,0,0,0,0,0,0,0,0,F,F,"1978BAL.EVA.regular.event.csv",4754
"BAL197808310","NYA",4,0,1,0,0,"",0,2,"randw001","?","randw001","?","mcgrs001","?","mcgrs001","?","dempr001","murre001","smitb101","decid001","garck001","kellp101","harll101","singk001","","","","63","F","F",4,2,2,"T","T",0,"F","F",1,"F","F",0,"F","F",6,"G","F","F","",0,0,"N",0,"N",0,"N",0,0,0,0,"63","","","","F","F","F","F","F","F","F","F","F","","","","F","F","F","F","F","","","","",0,3,0,0,6,0,0,0,0,25,"BAL","NYA","BAL",0,"F","F",0,2,0,10,1,"T","F",0,0,"T","T","munst101","jackr001","T","T",0,0,0,0,0,0,0,0,0,"","","",0,0,0,0,0,0,0,0,0,0,0,0,0,"garck001","F","F","F","F",0,0,0,0,0,0,0,0,0,0,F,F,"1978BAL.EVA.regular.event.csv",4755
"BAL197808310","NYA",4,0,2,0,0,"",0,2,"munst101","?","munst101","?","mcgrs001","?","mcgrs001","?","dempr001","murre001","smitb101","decid001","garck001","kellp101","harll101","singk001","","","","4","F","F",2,3,2,"T","T",0,"F","F",1,"F","F",0,"F","F",4,"F","F","F","",0,0,"N",0,"N",0,"N",0,0,0,0,"4","","","","F","F","F","F","F","F","F","F","F","","","","F","F","F","F","F","","","","",0,4,0,0,0,0,0,0,0,26,"BAL","NYA","BAL",0,"F","T",0,2,0,11,2,"T","F",0,0,"T","T","jackr001","pinil001","T","T",0,0,0,0,0,0,0,0,0,"","","",0,0,0,0,0,0,0,0,0,0,0,0,0,"smitb101","F","F","F","F",0,0,0,0,0,0,0,0,0,0,F,F,"1978BAL.EVA.regular.event.csv",4756
"BAL197808310","NYA",4,1,0,0,0,"",0,2,"may-l101","?","may-l101","?","tidrd001","?","tidrd001","?","munst101","chamc001","randw001","nettg001","dentb001","pinil001","rivem001","jackr001","","","","S8","T","F",10,6,20,"T","T",1,"F","F",0,"F","F",0,"F","F",8,"","F","F","",0,0,"N",0,"N",0,"N",1,0,0,0,"","","","","F","F","F","F","F","F","F","F","F","","","","F","F","F","F","F","","","","",0,0,0,0,0,0,0,0,0,27,"BAL","BAL","NYA",1,"T","F",2,0,0,14,0,"T","F",0,1,"T","T","dempr001","smitb101","T","T",0,0,0,0,0,0,0,0,0,"","","",0,0,0,0,0,0,0,0,0,0,0,0,0,"rivem001","F","F","F","F",0,0,0,0,0,0,0,0,0,0,F,F,"1978BAL.EVA.regular.event.csv",4757
"BAL197808310","NYA",4,1,0,0,0,"",0,2,"dempr001","?","dempr001","?","tidrd001","?","tidrd001","?","munst101","chamc001","randw001","nettg001","dentb001","pinil001","rivem001","jackr001","may-l101","","","5(B)53(1)/LDP","F","F",2,7,2,"T","T",0,"F","F",2,"T","F",0,"F","F",5,"L","F","F","",0,0,"N",0,"N",0,"N",0,0,0,0,"5","53","","","F","F","F","F","F","F","F","F","F","tidrd001","","","F","F","F","F","F","","","","",0,5,3,0,5,0,0,0,0,28,"BAL","BAL","NYA",1,"F","F",2,0,0,15,1,"T","F",1,0,"T","T","smitb101","garck001","T","T",10,6,27,0,0,0,0,0,0,"munst101","","",0,0,0,0,0,0,0,0,0,0,0,0,0,"nettg001","F","F","F","F",0,0,0,0,0,0,0,0,0,0,F,F,"1978BAL.EVA.regular.event.csv",4758
"BAL197808310","NYA",4,1,2,0,0,"",0,2,"smitb101","?","smitb101","?","tidrd001","?","tidrd001","?","munst101","chamc001","randw001","nettg001","dentb001","pinil001","rivem001","jackr001","","","","HP","F","F",4,8,16,"T","F",0,"F","F",0,"F","F",0,"F","F",0,"","F","F","",0,0,"N",0,"N",0,"N",1,0,0,0,"","","","","F","F","F","F","F","F","F","F","F","","","","F","F","F","F","F","","","","",0,0,0,0,0,0,0,0,0,29,"BAL","BAL","NYA",1,"F","F",2,0,0,16,2,"T","F",0,1,"T","T","garck001","harll101","T","T",0,0,0,0,0,0,0,0,0,"","","",0,0,0,0,0,0,0,0,0,0,0,0,0,"","F","F","F","F",0,0,0,0,0,0,0,0,0,0,F,F,"1978BAL.EVA.regular.event.csv",4759
"BAL197808310","NYA",4,1,2,0,0,"",0,2,"garck001","?","garck001","?","tidrd001","?","tidrd001","?","munst101","chamc001","randw001","nettg001","dentb001","pinil001","rivem001","jackr001","smitb101","","","K","F","F",6,9,3,"T","T",0,"F","F",1,"F","F",0,"F","F",0,"","F","F","",0,0,"N",0,"N",0,"N",0,1,0,0,"2","","","","F","F","F","F","F","F","F","F","F","tidrd001","","","F","F","F","F","F","","","","",0,2,0,0,0,0,0,0,0,30,"BAL","BAL","NYA",1,"F","T",2,0,0,17,3,"T","F",1,1,"T","T","harll101","kellp101","T","T",4,8,29,0,0,0,0,0,0,"munst101","","",0,0,0,0,0,0,0,0,0,0,0,0,0,"","F","F","F","F",0,0,0,0,0,0,0,0,0,0,F,F,"1978BAL.EVA.regular.event.csv",4760
"BAL197808310","NYA",5,0,0,0,0,"",0,2,"jackr001","?","jackr001","?","mcgrs001","?","mcgrs001","?","dempr001","murre001","smitb101","decid001","garck001","kellp101","harll101","singk001","","","","S9/G","T","F",9,4,20,"T","T",1,"F","F",0,"F","F",0,"F","F",9,"G","F","F","",0,0,"N",0,"N",0,"N",1,0,0,0,"","","","","F","F","F","F","F","F","F","F","F","","","","F","F","F","F","F","","","","",0,0,0,0,0,0,0,0,0,31,"BAL","NYA","BAL",0,"T","F",0,2,0,12,0,"T","F",0,1,"T","T","pinil001","nettg001","T","T",0,0,0,0,0,0,0,0,0,"","","",0,0,0,0,0,0,0,0,0,0,0,0,0,"singk001","F","F","F","F",0,0,0,0,0,0,0,0,0,0,F,F,"1978BAL.EVA.regular.event.csv",4761
"BAL197808310","NYA",5,0,0,0,0,"",0,2,"pinil001","?","pinil001","?","mcgrs001","?","mcgrs001","?","dempr001","murre001","smitb101","decid001","garck001","kellp101","harll101","singk001","jackr001","","","46(1)3/GDP","F","F",7,5,2,"T","T",0,"F","F",2,"T","F",0,"F","F",4,"G","F","F","",0,0,"N",0,"N",0,"N",0,0,0,0,"63","46","","","F","F","F","F","F","F","F","F","F","mcgrs001","","","F","F","F","F","F","","","","",0,6,3,0,4,6,0,0,0,32,"BAL","NYA","BAL",0,"F","F",0,2,0,13,1,"T","F",1,0,"T","T","nettg001","chamc001","T","T",9,4,31,0,0,0,0,0,0,"dempr001","","",0,0,0,0,0,0,0,0,0,0,0,0,0,"smitb101","T","F","F","F",0,0,0,0,0,0,0,0,0,0,F,F,"1978BAL.EVA.regular.event.csv",4762
"BAL197808310","NYA",5,0,2,0,0,"",0,2,"nettg001","?","nettg001","?","mcgrs001","?","mcgrs001","?","dempr001","murre001","smitb101","decid001","garck001","kellp101","harll101","singk001","","","","HP","F","F",5,6,16,"T","F",0,"F","F",0,"F","F",0,"F","F",0,"","F","F","",0,0,"N",0,"N",0,"N",1,0,0,0,"","","","","F","F","F","F","F","F","F","F","F","","","","F","F","F","F","F","","","","",0,0,0,0,0,0,0,0,0,33,"BAL","NYA","BAL",0,"F","F",0,2,0,14,2,"T","F",0,1,"T","T","chamc001","johnc001","T","T",0,0,0,0,0,0,0,0,0,"","","",0,0,0,0,0,0,0,0,0,0,0,0,0,"","F","F","F","F",0,0,0,0,0,0,0,0,0,0,F,F,"1978BAL.EVA.regular.event.csv",4763
"BAL197808310","NYA",5,0,2,0,0,"",0,2,"chamc001","?","chamc001","?","mcgrs001","?","mcgrs001","?","dempr001","murre001","smitb101","decid001","garck001","kellp101","harll101","singk001","nettg001","","","K","F","F",3,7,3,"T","T",0,"F","F",1,"F","F",0,"F","F",0,"","F","F","",0,0,"N",0,"N",0,"N",0,1,0,0,"2","","","","F","F","F","F","F","F","F","F","F","mcgrs001","","","F","F","F","F","F","","","","",0,2,0,0,0,0,0,0,0,34,"BAL","NYA","BAL",0,"F","T",0,2,0,15,3,"T","F",1,1,"T","T","johnc001","dentb001","T","T",5,6,33,0,0,0,0,0,0,"dempr001","","",0,0,0,0,0,0,0,0,0,0,0,0,0,"","F","F","F","F",0,0,0,0,0,0,0,0,0,0,F,F,"1978BAL.EVA.regular.event.csv",4764
"BAL197808310","NYA",5,1,0,0,0,"",0,2,"harll101","?","harll101","?","tidrd001","?","tidrd001","?","munst101","chamc001","randw001","nettg001","dentb001","pinil001","rivem001","jackr001","","","","K","T","F",8,1,3,"T","T",0,"F","F",1,"F","F",0,"F","F",0,"","F","F","",0,0,"N",0,"N",0,"N",0,0,0,0,"2","","","","F","F","F","F","F","F","F","F","F","","","","F","F","F","F","F","","","","",0,2,0,0,0,0,0,0,0,35,"BAL","BAL","NYA",1,"T","F",2,0,0,18,0,"T","F",0,0,"T","T","kellp101","singk001","T","T",0,0,0,0,0,0,0,0,0,"","","",0,0,0,0,0,0,0,0,0,0,0,0,0,"","F","F","F","F",0,0,0,0,0,0,0,0,0,0,F,F,"1978BAL.EVA.regular.event.csv",4765
"BAL197808310","NYA",5,1,1,0,0,"",0,2,"kellp101","?","kellp101","?","tidrd001","?","tidrd001","?","munst101","chamc001","randw001","nettg001","dentb001","pinil001","rivem001","jackr001","","","","7","F","F",7,2,2,"T","T",0,"F","F",1,"F","F",0,"F","F",7,"F","F","F","",0,0,"N",0,"N",0,"N",0,0,0,0,"7","","","","F","F","F","F","F","F","F","F","F","","","","F","F","F","F","F","","","","",0,7,0,0,0,0,0,0,0,36,"BAL","BAL","NYA",1,"F","F",2,0,0,19,1,"T","F",0,0,"T","T","singk001","murre001","T","T",0,0,0,0,0,0,0,0,0,"","","",0,0,0,0,0,0,0,0,0,0,0,0,0,"pinil001","F","F","F","F",0,0,0,0,0,0,0,0,0,0,F,F,"1978BAL.EVA.regular.event.csv",4766
"BAL197808310","NYA",5,1,2,0,0,"",0,2,"singk001","?","singk001","?","tidrd001","?","tidrd001","?","munst101","chamc001","randw001","nettg001","dentb001","pinil001","rivem001","jackr001","","","","S7","F","F",9,3,20,"T","T",1,"F","F",0,"F","F",0,"F","F",7,"","F","F","",0,0,"N",0,"N",0,"N",1,0,0,0,"","","","","F","F","F","F","F","F","F","F","F","","","","F","F","F","F","F","","","","",0,0,0,0,0,0,0,0,0,37,"BAL","BAL","NYA",1,"F","F",2,0,0,20,2,"T","F",0,1,"T","T","murre001","decid001","T","T",0,0,0,0,0,0,0,0,0,"","","",0,0,0,0,0,0,0,0,0,0,0,0,0,"pinil001","F","F","F","F",0,0,0,0,0,0,0,0,0,0,F,F,"1978BAL.EVA.regular.event.csv",4767
"BAL197808310","NYA",5,1,2,0,0,"",0,2,"murre001","?","murre001","?","tidrd001","?","tidrd001","?","munst101","chamc001","randw001","nettg001","dentb001","pinil001","rivem001","jackr001","singk001","","","WP.1-2","F","F",3,4,9,"F","F",0,"F","F",0,"F","F",0,"T","F",0,"","F","F","",0,0,"N",0,"N",0,"N",0,2,0,0,"","","","","F","F","F","F","F","F","F","F","F","tidrd001","","","F","F","F","F","F","","","","",0,0,0,0,0,0,0,0,0,38,"BAL","BAL","NYA",1,"F","F",2,0,0,21,3,"T","F",1,2,"T","T","decid001","may-l101","T","T",9,3,37,0,0,0,0,0,0,"munst101","","",0,0,0,0,0,0,0,0,0,0,0,0,0,"","F","F","F","F",0,0,0,0,0,0,0,0,0,0,F,F,"1978BAL.EVA.regular.event.csv",4768
"BAL197808310","NYA",5,1,2,0,0,"",0,2,"murre001","?","murre001","?","tidrd001","?","tidrd001","?","munst101","chamc001","randw001","nettg001","dentb001","pinil001","rivem001","jackr001","","singk001","","WP.2-3","F","F",3,4,9,"F","F",0,"F","F",0,"F","F",0,"T","F",0,"","F","F","",0,0,"N",0,"N",0,"N",0,0,3,0,"","","","","F","F","F","F","F","F","F","F","F","","tidrd001","","F","F","F","F","F","","","","",0,0,0,0,0,0,0,0,0,39,"BAL","BAL","NYA",1,"F","F",2,0,0,21,3,"F","F",2,4,"T","T","decid001","may-l101","T","T",0,0,0,9,3,37,0,0,0,"","munst101","",0,0,0,0,0,0,0,0,0,0,0,0,0,"","F","F","F","F",0,0,0,0,0,0,0,0,0,0,F,F,"1978BAL.EVA.regular.event.csv",4769
"BAL197808310","NYA",5,1,2,0,0,"",0,2,"murre001","?","murre001","?","tidrd001","?","tidrd001","?","munst101","chamc001","randw001","nettg001","dentb001","pinil001","rivem001","jackr001","","","singk001","K","F","F",3,4,3,"T","T",0,"F","F",1,"F","F",0,"F","F",0,"","F","F","",0,0,"N",0,"N",0,"N",0,0,0,3,"2","","","","F","F","F","F","F","F","F","F","F","","","tidrd001","F","F","F","F","F","","","","",0,2,0,0,0,0,0,0,0,40,"BAL","BAL","NYA",1,"F","T",2,0,0,21,3,"F","F",4,4,"T","T","decid001","may-l101","T","T",0,0,0,0,0,0,9,3,37,"","","munst101",0,0,0,0,0,0,0,0,0,0,0,0,0,"","F","F","F","F",0,0,0,0,0,0,0,0,0,0,F,F,"1978BAL.EVA.regular.event.csv",4770
"BAL197808310","NYA",6,0,0,0,0,"",0,2,"johnc001","?","johnc001","?","mcgrs001","?","mcgrs001","?","dempr001","murre001","smitb101","decid001","garck001","kellp101","harll101","singk001","","","","S5","T","F",10,8,20,"T","T",1,"F","F",0,"F","F",0,"F","F",5,"","F","F","",0,0,"N",0,"N",0,"N",1,0,0,0,"","","","","F","F","F","F","F","F","F","F","F","","","","F","F","F","F","F","","","","",0,0,0,0,0,0,0,0,0,41,"BAL","NYA","BAL",0,"T","F",0,2,0,16,0,"T","F",0,1,"T","T","dentb001","rivem001","T","T",0,0,0,0,0,0,0,0,0,"","","",0,0,0,0,0,0,0,0,0,0,0,0,0,"decid001","F","F","F","F",4,0,0,0,3,0,0,0,0,0,F,F,"1978BAL.EVA.regular.event.csv",4771
"BAL197808310","NYA",6,0,0,0,0,"",0,2,"dentb001","?","dentb001","?","mcgrs001","?","mcgrs001","?","dempr001","murre001","smitb101","decid001","garck001","kellp101","harll101","singk001","johnc001","","","D7.1-H","F","F",6,9,21,"T","T",2,"F","F",0,"F","F",1,"F","F",7,"","F","F","",0,0,"N",0,"N",0,"N",2,4,0,0,"","","","","F","F","F","F","F","F","F","F","F","mcgrs001","","","F","F","F","F","F","","","","",0,0,0,0,0,0,0,0,0,42,"BAL","NYA","BAL",0,"F","F",0,2,0,17,1,"T","F",1,2,"T","T","rivem001","randw001","T","T",10,8,41,0,0,0,0,0,0,"dempr001","","",0,0,0,0,0,0,0,0,0,0,0,0,1,"kellp101","F","F","F","F",4,4,0,0,2,0,0,0,0,0,F,F,"1978BAL.EVA.regular.event.csv",4772
"BAL197808310","NYA",6,0,0,0,0,"",1,2,"rivem001","?","rivem001","?","mcgrs001","?","mcgrs001","?","dempr001","murre001","smitb101","decid001","garck001","kellp101","harll101","singk001","","dentb001","","PO2(E1).2-3","F","F",8,1,8,"F","F",0,"F","F",0,"F","F",0,"F","F",0,"","F","F","",1,1,"T",0,"N",0,"N",0,0,3,0,"","","E1","","F","F","F","F","F","F","F","T","F","","mcgrs001","","F","F","F","F","F","","","","",0,0,0,0,0,0,0,0,0,43,"BAL","NYA","BAL",0,"F","F",1,2,1,18,2,"T","F",2,4,"T","T","randw001","munst101","T","T",0,0,0,6,9,42,0,0,0,"","dempr001","",0,0,0,0,0,0,0,0,0,0,0,0,0,"","F","F","F","F",0,0,4,0,2,0,0,0,0,0,F,F,"1978BAL.EVA.regular.event.csv",4773
"BAL197808310","NYA",6,0,0,0,0,"",1,2,"rivem001","?","rivem001","?","mcgrs001","?","mcgrs001","?","dempr001","murre001","smitb101","decid001","garck001","kellp101","harll101","singk001","","","dentb001","D9.3-H","F","F",8,1,21,"T","T",2,"F","F",0,"F","F",1,"F","F",9,"","F","F","",0,0,"N",0,"N",0,"N",2,0,0,4,"","","","","F","F","F","F","F","F","F","F","F","","","mcgrs001","F","F","F","F","F","","","","",0,0,0,0,0,0,0,0,0,44,"BAL","NYA","BAL",0,"F","F",1,2,1,18,2,"F","F",4,2,"T","T","randw001","munst101","T","T",0,0,0,0,0,0,6,9,42,"","","dempr001",0,0,0,0,0,0,0,0,0,0,0,0,1,"singk001","F","F","F","F",5,0,0,4,1,0,0,0,0,0,F,F,"1978BAL.EVA.regular.event.csv",4774
"BAL197808310","NYA",6,0,0,0,0,"",2,2,"randw001","?","randw001","?","mcgrs001","?","mcgrs001","?","dempr001","murre001","smitb101","decid001","garck001","kellp101","harll101","singk001","","rivem001","","54/SH.2-3","F","F",4,2,2,"T","F",0,"T","F",1,"F","F",0,"F","F",5,"G","T","F","",0,0,"N",0,"N",0,"N",0,0,3,0,"54","","","","F","F","F","F","F","F","F","F","F","","mcgrs001","","F","F","F","F","F","","","","",0,4,0,0,5,0,0,0,0,45,"BAL","NYA","BAL",0,"F","F",2,2,2,19,3,"T","F",2,4,"T","T","munst101","jackr001","T","T",0,0,0,8,1,44,0,0,0,"","dempr001","",0,0,0,0,0,0,0,0,0,0,0,0,0,"decid001","F","F","F","F",0,0,5,0,1,0,0,0,0,0,F,F,"1978BAL.EVA.regular.event.csv",4775
"BAL197808310","NYA",6,0,1,0,0,"",2,2,"munst101","?","munst101","?","mcgrs001","?","mcgrs001","?","dempr001","murre001","smitb101","decid001","garck001","kellp101","harll101","singk001","","","rivem001","PO3(E5).3-H(NR)(UR)","F","F",2,3,8,"F","F",0,"F","F",0,"F","F",0,"F","F",0,"","F","F","",1,5,"D",0,"N",0,"N",0,0,0,5,"","","","E5","F","F","F","F","F","F","F","F","T","","","mcgrs001","F","F","F","F","F","","","","",0,0,0,0,0,0,0,0,0,46,"BAL","NYA","BAL",0,"F","F",2,2,2,20,4,"T","F",4,0,"T","T","jackr001","pinil001","T","T",0,0,0,0,0,0,8,1,44,"","","dempr001",0,0,0,0,0,0,0,0,0,0,0,0,1,"","F","F","F","F",0,0,0,5,0,0,0,0,0,0,F,F,"1978BAL.EVA.regular.event.csv",4776
"BAL197808310","NYA",6,0,1,0,0,"",3,2,"munst101","?","munst101","?","mcgrs001","?","mcgrs001","?","dempr001","murre001","smitb101","decid001","garck001","kellp101","harll101","singk001","","","","63","F","F",2,3,2,"T","T",0,"F","F",1,"F","F",0,"F","F",6,"G","F","F","",0,0,"N",0,"N",0,"N",0,0,0,0,"63","","","","F","F","F","F","F","F","F","F","F","","","","F","F","F","F","F","","","","",0,3,0,0,6,0,0,0,0,47,"BAL","NYA","BAL",0,"F","F",3,2,3,20,4,"F","F",0,0,"T","T","jackr001","pinil001","T","T",0,0,0,0,0,0,0,0,0,"","","",0,0,0,0,0,0,0,0,0,0,0,0,0,"garck001","F","F","F","F",0,0,0,0,0,0,0,0,0,0,F,F,"1978BAL.EVA.regular.event.csv",4777
"BAL197808310","NYA",6,0,2,0,0,"",3,2,"jackr001","?","jackr001","?","mcgrs001","?","mcgrs001","?","dempr001","murre001","smitb101","decid001","garck001","kellp101","harll101","singk001","","","","K","F","F",9,4,3,"T","T",0,"F","F",1,"F","F",0,"F","F",0,"","F","F","",0,0,"N",0,"N",0,"N",0,0,0,0,"2","","","","F","F","F","F","F","F","F","F","F","","","","F","F","F","F","F","","","","",0,2,0,0,0,0,0,0,0,48,"BAL","NYA","BAL",0,"F","T",3,2,3,21,5,"T","F",0,0,"T","T","pinil001","nettg001","T","T",0,0,0,0,0,0,0,0,0,"","","",0,0,0,0,0,0,0,0,0,0,0,0,0,"","F","F","F","F",0,0,0,0,0,0,0,0,0,0,F,F,"1978BAL.EVA.regular.event.csv",4778
"BAL197808310","NYA",6,1,0,0,0,"",3,2,"decid001","?","decid001","?","tidrd001","?","tidrd001","?","munst101","chamc001","randw001","nettg001","dentb001","pinil001","rivem001","jackr001","","","","43","T","F",5,5,2,"T","T",0,"F","F",1,"F","F",0,"F","F",4,"G","F","F","",0,0,"N",0,"N",0,"N",0,0,0,0,"43","","","","F","F","F","F","F","F","F","F","F","","","","F","F","F","F","F","","","","",0,3,0,0,4,0,0,0,0,49,"BAL","BAL","NYA",1,"T","F",2,3,0,22,0,"T","F",0,0,"T","T","may-l101","dempr001","T","T",0,0,0,0,0,0,0,0,0,"","","",0,0,0,0,0,0,0,0,0,0,0,0,0,"randw001","F","F","F","F",0,0,0,0,0,0,0,0,0,0,F,F,"1978BAL.EVA.regular.event.csv",4779
"BAL197808310","NYA",6,1,1,0,0,"",3,2,"may-l101","?","may-l101","?","tidrd001","?","tidrd001","?","munst101","chamc001","randw001","nettg001","dentb001","pinil001","rivem001","jackr001","","","","63","F","F",10,6,2,"T","T",0,"F","F",1,"F","F",0,"F","F",6,"G","F","F","",0,0,"N",0,"N",0,"N",0,0,0,0,"63","","","","F","F","F","F","F","F","F","F","F","","","","F","F","F","F","F","","","","",0,3,0,0,6,0,0,0,0,50,"BAL","BAL","NYA",1,"F","F",2,3,0,23,1,"T","F",0,0,"T","T","dempr001","smitb101","T","T",0,0,0,0,0,0,0,0,0,"","","",0,0,0,0,0,0,0,0,0,0,0,0,0,"dentb001","F","F","F","F",0,0,0,0,0,0,0,0,0,0,F,F,"1978BAL.EVA.regular.event.csv",4780
"BAL197808310","NYA",6,1,2,0,0,"",3,2,"dempr001","?","dempr001","?","tidrd001","?","tidrd001","?","munst101","chamc001","randw001","nettg001","dentb001","pinil001","rivem001","jackr001","","","","8","F","F",2,7,2,"T","T",0,"F","F",1,"F","F",0,"F","F",8,"F","F","F","",0,0,"N",0,"N",0,"N",0,0,0,0,"8","","","","F","F","F","F","F","F","F","F","F","","","","F","F","F","F","F","","","","",0,8,0,0,0,0,0,0,0,51,"BAL","BAL","NYA",1,"F","T",2,3,0,24,2,"T","F",0,0,"T","T","smitb101","garck001","T","T",0,0,0,0,0,0,0,0,0,"","","",0,0,0,0,0,0,0,0,0,0,0,0,0,"rivem001","F","F","F","F",0,0,0,0,0,0,0,0,0,0,F,F,"1978BAL.EVA.regular.event.csv",4781
"BAL197808310","NYA",7,0,0,0,0,"",3,2,"pinil001","?","pinil001","?","mcgrs001","?","mcgrs001","?","dempr001","murre001","smitb101","decid001","garck001","kellp101","harll101","singk001","","","","HR/7","T","F",7,5,23,"T","T",4,"F","F",0,"F","F",1,"F","F",0,"","F","F","7",0,0,"N",0,"N",0,"N",4,0,0,0,"","","","","F","F","F","F","F","F","F","F","F","","","","F","F","F","F","F","","","","",0,0,0,0,0,0,0,0,0,52,"BAL","NYA","BAL",0,"T","F",3,2,0,22,0,"T","F",0,0,"T","T","nettg001","chamc001","T","T",0,0,0,0,0,0,0,0,0,"","","",0,0,0,0,0,0,0,0,0,0,0,0,1,"","F","F","F","F",4,0,0,0,0,0,0,0,0,0,F,F,"1978BAL.EVA.regular.event.csv",4782
"BAL197808310","NYA",7,0,0,0,0,"",4,2,"nettg001","?","nettg001","?","mcgrs001","?","mcgrs001","?","dempr001","murre001","smitb101","decid001","garck001","kellp101","harll101","singk001","","","","8","F","F",5,6,2,"T","T",0,"F","F",1,"F","F",0,"F","F",8,"F","F","F","",0,0,"N",0,"N",0,"N",0,0,0,0,"8","","","","F","F","F","F","F","F","F","F","F","","","","F","F","F","F","F","","","","",0,8,0,0,0,0,0,0,0,53,"BAL","NYA","BAL",0,"F","F",4,2,1,23,1,"T","F",0,0,"T","T","chamc001","johnc001","T","T",0,0,0,0,0,0,0,0,0,"","","",0,0,0,0,0,0,0,0,0,0,0,0,0,"harll101","F","F","F","F",0,0,0,0,0,0,0,0,0,0,F,F,"1978BAL.EVA.regular.event.csv",4783
"BAL197808310","NYA",7,0,1,0,0,"",4,2,"chamc001","?","chamc001","?","mcgrs001","?","mcgrs001","?","dempr001","murre001","smitb101","decid001","garck001","kellp101","harll101","singk001","","","","43","F","F",3,7,2,"T","T",0,"F","F",1,"F","F",0,"F","F",4,"G","F","F","",0,0,"N",0,"N",0,"N",0,0,0,0,"43","","","","F","F","F","F","F","F","F","F","F","","","","F","F","F","F","F","","","","",0,3,0,0,4,0,0,0,0,54,"BAL","NYA","BAL",0,"F","F",4,2,1,24,2,"T","F",0,0,"T","T","johnc001","dentb001","T","T",0,0,0,0,0,0,0,0,0,"","","",0,0,0,0,0,0,0,0,0,0,0,0,0,"smitb101","F","F","F","F",0,0,0,0,0,0,0,0,0,0,F,F,"1978BAL.EVA.regular.event.csv",4784
"BAL197808310","NYA",7,0,2,0,0,"",4,2,"johnc001","?","johnc001","?","mcgrs001","?","mcgrs001","?","dempr001","murre001","smitb101","decid001","garck001","kellp101","harll101","singk001","","","","7","F","F",10,8,2,"T","T",0,"F","F",1,"F","F",0,"F","F",7,"F","F","F","",0,0,"N",0,"N",0,"N",0,0,0,0,"7","","","","F","F","F","F","F","F","F","F","F","","","","F","F","F","F","F","","","","",0,7,0,0,0,0,0,0,0,55,"BAL","NYA","BAL",0,"F","T",4,2,1,25,3,"T","F",0,0,"T","T","dentb001","rivem001","T","T",0,0,0,0,0,0,0,0,0,"","","",0,0,0,0,0,0,0,0,0,0,0,0,0,"kellp101","F","F","F","F",0,0,0,0,0,0,0,0,0,0,F,F,"1978BAL.EVA.regular.event.csv",4785
"BAL197808310","NYA",7,1,0,0,0,"",4,2,"smitb101","?","smitb101","?","tidrd001","?","tidrd001","?","munst101","chamc001","randw001","nettg001","dentb001","pinil001","rivem001","jackr001","","","","7","T","F",4,8,2,"T","T",0,"F","F",1,"F","F",0,"F","F",7,"F","F","F","",0,0,"N",0,"N",0,"N",0,0,0,0,"7","","","","F","F","F","F","F","F","F","F","F","","","","F","F","F","F","F","","","","",0,7,0,0,0,0,0,0,0,56,"BAL","BAL","NYA",1,"T","F",2,4,0,25,0,"T","F",0,0,"T","T","garck001","harll101","T","T",0,0,0,0,0,0,0,0,0,"","","",0,0,0,0,0,0,0,0,0,0,0,0,0,"pinil001","F","F","F","F",0,0,0,0,0,0,0,0,0,0,F,F,"1978BAL.EVA.regular.event.csv",4786
"BAL197808310","NYA",7,1,1,0,0,"",4,2,"garck001","?","garck001","?","tidrd001","?","tidrd001","?","munst101","chamc001","randw001","nettg001","dentb001","pinil001","rivem001","jackr001","","","","S","F","F",6,9,20,"T","T",1,"F","F",0,"F","F",0,"F","F",0,"","F","F","",0,0,"N",0,"N",0,"N",1,0,0,0,"","","","","F","F","F","F","F","F","F","F","F","","","","F","F","F","F","F","","","","",0,0,0,0,0,0,0,0,0,57,"BAL","BAL","NYA",1,"F","F",2,4,0,26,1,"T","F",0,1,"T","T","harll101","kellp101","T","T",0,0,0,0,0,0,0,0,0,"","","",0,0,0,0,0,0,0,0,0,0,0,0,0,"","F","F","F","F",0,0,0,0,0,0,0,0,0,0,F,F,"1978BAL.EVA.regular.event.csv",4787
"BAL197808310","NYA",7,1,1,0,0,"",4,2,"harll101","?","harll101","?","tidrd001","?","tidrd001","?","munst101","chamc001","randw001","nettg001","dentb001","pinil001","rivem001","jackr001","garck001","","","8","F","F",8,1,2,"T","T",0,"F","F",1,"F","F",0,"F","F",8,"F","F","F","",0,0,"N",0,"N",0,"N",0,1,0,0,"8","","","","F","F","F","F","F","F","F","F","F","tidrd001","","","F","F","F","F","F","","","","",0,8,0,0,0,0,0,0,0,58,"BAL","BAL","NYA",1,"F","F",2,4,0,27,2,"T","F",1,1,"T","T","kellp101","singk001","T","T",6,9,57,0,0,0,0,0,0,"munst101","","",0,0,0,0,0,0,0,0,0,0,0,0,0,"rivem001","F","F","F","F",0,0,0,0,0,0,0,0,0,0,F,F,"1978BAL.EVA.regular.event.csv",4788
"BAL197808310","NYA",7,1,2,0,0,"",4,2,"kellp101","?","kellp101","?","tidrd001","?","tidrd001","?","munst101","chamc001","randw001","nettg001","dentb001","pinil001","rivem001","jackr001","garck001","","","S8/G.1-2","F","F",7,2,20,"T","T",1,"F","F",0,"F","F",0,"F","F",8,"G","F","F","",0,0,"N",0,"N",0,"N",1,2,0,0,"","","","","F","F","F","F","F","F","F","F","F","tidrd001","","","F","F","F","F","F","","","","",0,0,0,0,0,0,0,0,0,59,"BAL","BAL","NYA",1,"F","F",2,4,0,28,3,"T","F",1,3,"T","T","singk001","murre001","T","T",6,9,57,0,0,0,0,0,0,"munst101","","",0,0,0,0,0,0,0,0,0,0,0,0,0,"rivem001","F","F","F","F",0,0,0,0,0,0,0,0,0,0,F,F,"1978BAL.EVA.regular.event.csv",4789
"BAL197808310","NYA",7,1,2,0,0,"",4,2,"singk001","?","singk001","?","lyles101","?","lyles101","?","munst101","chamc001","randw001","nettg001","dentb001","pinil001","rivem001","jackr001","kellp101","garck001","","K","F","F",9,3,3,"T","T",0,"F","F",1,"F","F",0,"F","F",0,"","F","F","",0,0,"N",0,"N",0,"N",0,1,2,0,"2","","","","F","F","F","F","F","F","F","F","F","tidrd001","tidrd001","","F","F","F","F","F","","","","",0,2,0,0,0,0,0,0,0,60,"BAL","BAL","NYA",1,"F","T",2,4,0,29,4,"T","F",3,3,"T","T","murre001","decid001","F","F",7,2,59,6,9,57,0,0,0,"munst101","munst101","",0,0,0,0,0,0,0,0,0,0,0,0,0,"","F","F","F","F",0,0,0,0,0,0,0,0,0,0,F,F,"1978BAL.EVA.regular.event.csv",4790
"BAL197808310","NYA",8,0,0,0,0,"",4,2,"dentb001","?","dentb001","?","mcgrs001","?","mcgrs001","?","dempr001","murre001","smitb101","decid001","garck001","kellp101","harll101","singk001","","","","5/L","T","F",6,9,2,"T","T",0,"F","F",1,"F","F",0,"F","F",5,"L","F","F","",0,0,"N",0,"N",0,"N",0,0,0,0,"5","","","","F","F","F","F","F","F","F","F","F","","","","F","F","F","F","F","","","","",0,5,0,0,0,0,0,0,0,61,"BAL","NYA","BAL",0,"T","F",4,2,0,26,0,"T","F",0,0,"T","T","rivem001","randw001","T","T",0,0,0,0,0,0,0,0,0,"","","",0,0,0,0,0,0,0,0,0,0,0,0,0,"decid001","F","F","F","F",0,0,0,0,0,0,0,0,0,0,F,F,"1978BAL.EVA.regular.event.csv",4791
"BAL197808310","NYA",8,0,1,0,0,"",4,2,"rivem001","?","rivem001","?","mcgrs001","?","mcgrs001","?","dempr001","murre001","smitb101","decid001","garck001","kellp101","harll101","singk001","","","","6/FL","F","F",8,1,2,"T","T",0,"F","F",1,"F","F",0,"F","F",6,"F","F","T","",0,0,"N",0,"N",0,"N",0,0,0,0,"6","","","","F","F","F","F","F","F","F","F","F","","","","F","F","F","F","F","","","","",0,6,0,0,0,0,0,0,0,62,"BAL","NYA","BAL",0,"F","F",4,2,0,27,1,"T","F",0,0,"T","T","randw001","munst101","T","T",0,0,0,0,0,0,0,0,0,"","","",0,0,0,0,0,0,0,0,0,0,0,0,0,"garck001","F","F","F","F",0,0,0,0,0,0,0,0,0,0,F,F,"1978BAL.EVA.regular.event.csv",4792
"BAL197808310","NYA",8,0,2,0,0,"",4,2,"randw001","?","randw001","?","mcgrs001","?","mcgrs001","?","dempr001","murre001","smitb101","decid001","garck001","kellp101","harll101","singk001","","","","W","F","F",4,2,14,"T","F",0,"F","F",0,"F","F",0,"F","F",0,"","F","F","",0,0,"N",0,"N",0,"N",1,0,0,0,"","","","","F","F","F","F","F","F","F","F","F","","","","F","F","F","F","F","","","","",0,0,0,0,0,0,0,0,0,63,"BAL","NYA","BAL",0,"F","F",4,2,0,28,2,"T","F",0,1,"T","T","munst101","jackr001","T","T",0,0,0,0,0,0,0,0,0,"","","",0,0,0,0,0,0,0,0,0,0,0,0,0,"","F","F","F","F",0,0,0,0,0,0,0,0,0,0,F,F,"1978BAL.EVA.regular.event.csv",4793
"BAL197808310","NYA",8,0,2,0,0,"",4,2,"munst101","?","munst101","?","mcgrs001","?","mcgrs001","?","dempr001","murre001","smitb101","decid001","garck001","kellp101","harll101","singk001","randw001","","","K","F","F",2,3,3,"T","T",0,"F","F",1,"F","F",0,"F","F",0,"","F","F","",0,0,"N",0,"N",0,"N",0,1,0,0,"2","","","","F","F","F","F","F","F","F","F","F","mcgrs001","","","F","F","F","F","F","","","","",0,2,0,0,0,0,0,0,0,64,"BAL","NYA","BAL",0,"F","T",4,2,0,29,3,"T","F",1,1,"T","T","jackr001","pinil001","T","T",4,2,63,0,0,0,0,0,0,"dempr001","","",0,0,0,0,0,0,0,0,0,0,0,0,0,"","F","F","F","F",0,0,0,0,0,0,0,0,0,0,F,F,"1978BAL.EVA.regular.event.csv",4794
"BAL197808310","NYA",8,1,0,0,0,"",4,2,"murre001","?","murre001","?","lyles101","?","lyles101","?","munst101","chamc001","randw001","nettg001","dentb001","pinil001","rivem001","jackr001","","","","63","T","F",3,4,2,"T","T",0,"F","F",1,"F","F",0,"F","F",6,"G","F","F","",0,0,"N",0,"N",0,"N",0,0,0,0,"63","","","","F","F","F","F","F","F","F","F","F","","","","F","F","F","F","F","","","","",0,3,0,0,6,0,0,0,0,65,"BAL","BAL","NYA",1,"T","F",2,4,0,30,0,"T","F",0,0,"T","T","decid001","may-l101","F","F",0,0,0,0,0,0,0,0,0,"","","",0,0,0,0,0,0,0,0,0,0,0,0,0,"dentb001","F","F","F","F",0,0,0,0,0,0,0,0,0,0,F,F,"1978BAL.EVA.regular.event.csv",4795
"BAL197808310","NYA",8,1,1,0,0,"",4,2,"decid001","?","decid001","?","lyles101","?","lyles101","?","munst101","chamc001","randw001","nettg001","dentb001","pinil001","rivem001","jackr001","","","","K","F","F",5,5,3,"T","T",0,"F","F",1,"F","F",0,"F","F",0,"","F","F","",0,0,"N",0,"N",0,"N",0,0,0,0,"2","","","","F","F","F","F","F","F","F","F","F","","","","F","F","F","F","F","","","","",0,2,0,0,0,0,0,0,0,66,"BAL","BAL","NYA",1,"F","F",2,4,0,31,1,"T","F",0,0,"T","T","may-l101","dempr001","F","F",0,0,0,0,0,0,0,0,0,"","","",0,0,0,0,0,0,0,0,0,0,0,0,0,"","F","F","F","F",0,0,0,0,0,0,0,0,0,0,F,F,"1978BAL.EVA.regular.event.csv",4796
"BAL197808310","NYA",8,1,2,0,0,"",4,2,"may-l101","?","may-l101","?","lyles101","?","lyles101","?","munst101","chamc001","randw001","nettg001","dentb001","pinil001","rivem001","jackr001","","","","S5","F","F",10,6,20,"T","T",1,"F","F",0,"F","F",0,"F","F",5,"","F","F","",0,0,"N",0,"N",0,"N",1,0,0,0,"","","","","F","F","F","F","F","F","F","F","F","","","","F","F","F","F","F","","","","",0,0,0,0,0,0,0,0,0,67,"BAL","BAL","NYA",1,"F","F",2,4,0,32,2,"T","F",0,1,"T","T","dempr001","smitb101","F","F",0,0,0,0,0,0,0,0,0,"","","",0,0,0,0,0,0,0,0,0,0,0,0,0,"nettg001","F","F","F","F",2,0,0,0,0,0,0,0,0,0,F,F,"1978BAL.EVA.regular.event.csv",4797
"BAL197808310","NYA",8,1,2,0,0,"",4,2,"dempr001","?","dempr001","?","lyles101","?","lyles101","?","munst101","chamc001","randw001","nettg001","dentb001","pinil001","rivem001","jackr001","may-l101","","","S7.1-2","F","F",2,7,20,"T","T",1,"F","F",0,"F","F",0,"F","F",7,"","F","F","",0,0,"N",0,"N",0,"N",1,2,0,0,"","","","","F","F","F","F","F","F","F","F","F","lyles101","","","F","F","F","F","F","","","","",0,0,0,0,0,0,0,0,0,68,"BAL","BAL","NYA",1,"F","F",2,4,0,33,3,"T","F",1,3,"T","T","smitb101","garck001","F","F",10,6,67,0,0,0,0,0,0,"munst101","","",0,0,0,0,0,0,0,0,0,0,0,0,0,"pinil001","F","F","F","F",0,2,0,0,0,0,0,0,0,0,F,F,"1978BAL.EVA.regular.event.csv",4798
"BAL197808310","NYA",8,1,2,0,0,"",4,2,"moraa101","?","moraa101","?","lyles101","?","lyles101","?","munst101","chamc001","randw001","nettg001","dentb001","pinil001","rivem001","jackr001","dempr001","may-l101","","54(1)/FO","F","T",11,8,2,"T","T",0,"F","F",1,"F","F",0,"F","F",5,"G","F","F","",0,0,"N",0,"N",0,"N",1,0,2,0,"","54","","","F","F","F","F","F","F","F","F","F","lyles101","lyles101","","F","F","F","F","F","","","","smitb101",4,4,0,0,5,0,0,0,0,69,"BAL","BAL","NYA",1,"F","T",2,4,0,34,4,"T","F",3,3,"F","F","garck001","harll101","F","F",2,7,68,10,6,67,0,0,0,"munst101","munst101","",0,0,0,0,0,0,0,0,0,0,0,0,0,"nettg001","T","F","F","F",1,0,2,0,0,0,0,0,0,0,F,F,"1978BAL.EVA.regular.event.csv",4799
"BAL197808310","NYA",9,0,0,0,0,"",4,2,"jackr001","?","jackr001","?","mcgrs001","?","mcgrs001","?","dempr001","murre001","garck001","decid001","belam101","kellp101","harll101","singk001","","","","43","T","F",9,4,2,"T","T",0,"F","F",1,"F","F",0,"F","F",4,"G","F","F","",0,0,"N",0,"N",0,"N",0,0,0,0,"43","","","","F","F","F","F","F","F","F","F","F","","","","F","F","F","F","F","","","","",0,3,0,0,4,0,0,0,0,70,"BAL","NYA","BAL",0,"T","F",4,2,0,30,0,"T","F",0,0,"T","T","pinil001","nettg001","T","T",0,0,0,0,0,0,0,0,0,"","","",0,0,0,0,0,0,0,0,0,0,0,0,0,"garck001","F","F","F","F",0,0,0,0,2,0,0,0,0,0,F,F,"1978BAL.EVA.regular.event.csv",4800
"BAL197808310","NYA",9,0,1,0,0,"",4,2,"pinil001","?","pinil001","?","mcgrs001","?","mcgrs001","?","dempr001","murre001","garck001","decid001","belam101","kellp101","harll101","singk001","","","","S8","F","F",7,5,20,"T","T",1,"F","F",0,"F","F",0,"F","F",8,"","F","F","",0,0,"N",0,"N",0,"N",1,0,0,0,"","","","","F","F","F","F","F","F","F","F","F","","","","F","F","F","F","F","","","","",0,0,0,0,0,0,0,0,0,71,"BAL","NYA","BAL",0,"F","F",4,2,0,31,1,"T","F",0,1,"T","T","nettg001","chamc001","T","T",0,0,0,0,0,0,0,0,0,"","","",0,0,0,0,0,0,0,0,0,0,0,0,0,"harll101","F","F","F","F",4,0,0,0,2,0,0,0,0,0,F,F,"1978BAL.EVA.regular.event.csv",4801
"BAL197808310","NYA",9,0,1,0,0,"",4,2,"nettg001","?","nettg001","?","mcgrs001","?","mcgrs001","?","dempr001","murre001","garck001","decid001","belam101","kellp101","harll101","singk001","pinil001","","","S8.1-3;B-2(TH3)","F","F",5,6,20,"T","T",1,"F","F",0,"F","F",0,"F","F",8,"","F","F","",0,0,"N",0,"N",0,"N",2,3,0,0,"","","","","F","F","F","F","F","F","F","F","F","mcgrs001","","","F","F","F","F","F","","","","",0,0,0,0,0,0,0,0,0,72,"BAL","NYA","BAL",0,"F","F",4,2,0,32,2,"T","F",1,6,"T","T","chamc001","johnc001","T","T",7,5,71,0,0,0,0,0,0,"dempr001","","",0,0,0,0,0,0,0,0,0,0,0,0,0,"harll101","F","F","F","F",4,4,0,0,2,0,0,0,0,0,F,F,"1978BAL.EVA.regular.event.csv",4802
"BAL197808310","NYA",9,0,1,0,0,"",4,2,"chamc001","?","chamc001","?","stand101","?","stand101","?","dempr001","murre001","garck001","decid001","belam101","kellp101","harll101","singk001","","nettg001","pinil001","IW","F","F",3,7,15,"T","F",0,"F","F",0,"F","F",0,"F","F",0,"","F","F","",0,0,"N",0,"N",0,"N",1,0,2,3,"","","","","F","F","F","F","F","F","F","F","F","","mcgrs001","mcgrs001","F","F","F","F","F","","","","",0,0,0,0,0,0,0,0,0,73,"BAL","NYA","BAL",0,"F","F",4,2,0,33,3,"T","F",6,7,"T","T","johnc001","dentb001","F","F",0,0,0,5,6,72,7,5,71,"","dempr001","dempr001",0,0,0,0,0,0,0,0,0,0,0,0,0,"","F","F","F","F",0,0,4,4,2,0,0,0,0,0,F,F,"1978BAL.EVA.regular.event.csv",4803
"BAL197808310","NYA",9,0,1,0,0,"",4,2,"spenj101","?","spenj101","?","stand101","?","stand101","?","dempr001","murre001","garck001","decid001","belam101","kellp101","harll101","singk001","chamc001","nettg001","pinil001","9/SF.3-H;2-3","F","T",10,8,2,"T","F",0,"F","T",1,"F","F",1,"F","F",9,"F","F","F","",0,0,"N",0,"N",0,"N",0,1,3,4,"9","","","","F","F","F","F","F","F","F","F","F","stand101","mcgrs001","mcgrs001","F","F","F","F","F","","","","johnc001",10,9,0,0,0,0,0,0,0,74,"BAL","NYA","BAL",0,"F","F",4,2,0,34,4,"T","F",7,5,"F","F","dentb001","rivem001","F","F",3,7,73,5,6,72,7,5,71,"dempr001","dempr001","dempr001",0,0,0,0,0,0,0,0,0,0,0,0,1,"singk001","F","F","F","F",0,0,4,4,1,0,0,0,0,0,F,F,"1978BAL.EVA.regular.event.csv",4804
"BAL197808310","NYA",9,0,2,0,0,"",5,2,"dentb001","?","dentb001","?","stand101","?","stand101","?","dempr001","murre001","garck001","decid001","belam101","kellp101","harll101","singk001","chamc001","","nettg001","S8.3-H;1-2","F","F",6,9,20,"T","T",1,"F","F",0,"F","F",1,"F","F",8,"","F","F","",0,0,"N",0,"N",0,"N",1,2,0,4,"","","","","F","F","F","F","F","F","F","F","F","stand101","","mcgrs001","F","F","F","F","F","","","","",0,0,0,0,0,0,0,0,0,75,"BAL","NYA","BAL",0,"F","F",5,2,1,35,5,"T","F",5,3,"T","T","rivem001","randw001","F","F",3,7,73,0,0,0,5,6,72,"dempr001","","dempr001",0,0,0,0,0,0,0,0,0,0,0,0,1,"harll101","F","F","F","F",0,0,0,4,0,0,0,0,0,0,F,F,"1978BAL.EVA.regular.event.csv",4805
"BAL197808310","NYA",9,0,2,0,0,"",6,2,"rivem001","?","rivem001","?","stand101","?","stand101","?","dempr001","murre001","garck001","decid001","belam101","kellp101","harll101","singk001","dentb001","chamc001","","WP.2-3;1-2","F","F",8,1,9,"F","F",0,"F","F",0,"F","F",0,"T","F",0,"","F","F","",0,0,"N",0,"N",0,"N",0,2,3,0,"","","","","F","F","F","F","F","F","F","F","F","stand101","stand101","","F","F","F","F","F","","","","",0,0,0,0,0,0,0,0,0,76,"BAL","NYA","BAL",0,"F","F",6,2,2,36,6,"T","F",3,6,"T","T","randw001","munst101","F","F",6,9,75,3,7,73,0,0,0,"dempr001","dempr001","",0,0,0,0,0,0,0,0,0,0,0,0,0,"","F","F","F","F",0,0,0,0,0,0,0,0,0,0,F,F,"1978BAL.EVA.regular.event.csv",4806
"BAL197808310","NYA",9,0,2,0,0,"",6,2,"rivem001","?","rivem001","?","stand101","?","stand101","?","dempr001","murre001","garck001","decid001","belam101","kellp101","harll101","singk001","","dentb001","chamc001","IW","F","F",8,1,15,"T","F",0,"F","F",0,"F","F",0,"F","F",0,"","F","F","",0,0,"N",0,"N",0,"N",1,0,2,3,"","","","","F","F","F","F","F","F","F","F","F","","stand101","stand101","F","F","F","F","F","","","","",0,0,0,0,0,0,0,0,0,77,"BAL","NYA","BAL",0,"F","F",6,2,2,36,6,"F","F",6,7,"T","T","randw001","munst101","F","F",0,0,0,6,9,75,3,7,73,"","dempr001","dempr001",0,0,0,0,0,0,0,0,0,0,0,0,0,"","F","F","F","F",0,0,0,0,0,0,0,0,0,0,F,F,"1978BAL.EVA.regular.event.csv",4807
"BAL197808310","NYA",9,0,2,0,0,"",6,2,"randw001","?","randw001","?","stand101","?","stand101","?","dempr001","murre001","garck001","decid001","belam101","kellp101","harll101","singk001","rivem001","dentb001","chamc001","8","F","F",4,2,2,"T","T",0,"F","F",1,"F","F",0,"F","F",8,"F","F","F","",0,0,"N",0,"N",0,"N",0,1,2,3,"8","","","","F","F","F","F","F","F","F","F","F","stand101","stand101","stand101","F","F","F","F","F","","","","",0,8,0,0,0,0,0,0,0,78,"BAL","NYA","BAL",0,"F","T",6,2,2,37,7,"T","F",7,7,"T","T","munst101","jackr001","F","F",8,1,77,6,9,75,3,7,73,"dempr001","dempr001","dempr001",0,0,0,0,0,0,0,0,0,0,0,0,0,"harll101","F","F","F","F",0,0,0,0,0,0,0,0,0,0,F,F,"1978BAL.EVA.regular.event.csv",4808
"BAL197808310","NYA",9,1,0,0,0,"",6,2,"garck001","?","garck001","?","lyles101","?","lyles101","?","munst101","chamc001","randw001","nettg001","dentb001","pinil001","rivem001","jackr001","","","","S8","T","F",4,9,20,"T","T",1,"F","F",0,"F","F",0,"F","F",8,"","F","F","",0,0,"N",0,"N",0,"N",1,0,0,0,"","","","","F","F","F","F","F","F","F","F","F","","","","F","F","F","F","F","","","","",0,0,0,0,0,0,0,0,0,79,"BAL","BAL","NYA",1,"T","F",2,6,0,35,0,"T","F",0,1,"T","T","harll101","kellp101","F","F",0,0,0,0,0,0,0,0,0,"","","",0,0,0,0,0,0,0,0,0,0,0,0,0,"rivem001","F","F","F","F",3,0,0,0,0,0,0,0,0,0,F,F,"1978BAL.EVA.regular.event.csv",4809
"BAL197808310","NYA",9,1,0,0,0,"",6,2,"dauer001","?","dauer001","?","lyles101","?","lyles101","?","munst101","chamc001","randw001","nettg001","dentb001","pinil001","rivem001","jackr001","garck001","","","S7.1-2","F","T",11,1,20,"T","T",1,"F","F",0,"F","F",0,"F","F",7,"","F","F","",0,0,"N",0,"N",0,"N",1,2,0,0,"","","","","F","F","F","F","F","F","F","F","F","lyles101","","","F","F","F","F","F","","","","harll101",8,0,0,0,0,0,0,0,0,80,"BAL","BAL","NYA",1,"F","F",2,6,0,36,1,"T","F",1,3,"F","F","kellp101","singk001","F","F",4,9,79,0,0,0,0,0,0,"munst101","","",0,0,0,0,0,0,0,0,0,0,0,0,0,"pinil001","F","F","F","F",0,3,0,0,0,0,0,0,0,0,F,F,"1978BAL.EVA.regular.event.csv",4810
"BAL197808310","NYA",9,1,0,0,0,"",6,2,"andem101","?","andem101","?","lyles101","?","lyles101","?","munst101","chamc001","randw001","nettg001","dentb001","pinil001","rivem001","jackr001","dauer001","garck001","","64(1)/FO.2-3","F","T",11,2,2,"T","T",0,"F","F",1,"F","F",0,"F","F",6,"G","F","F","",0,0,"N",0,"N",0,"N",1,0,3,0,"","64","","","F","F","F","F","F","F","F","F","F","lyles101","lyles101","","F","F","F","F","F","","","","kellp101",7,4,0,0,6,0,0,0,0,81,"BAL","BAL","NYA",1,"F","F",2,6,0,37,2,"T","F",3,5,"F","F","singk001","murre001","F","F",11,1,80,4,9,79,0,0,0,"munst101","munst101","",0,0,0,0,0,0,0,0,0,0,0,0,0,"dentb001","T","F","F","F",1,0,3,0,0,0,0,0,0,0,F,F,"1978BAL.EVA.regular.event.csv",4811
"BAL197808310","NYA",9,1,1,0,0,"",6,2,"singk001","?","singk001","?","lyles101","?","lyles101","?","munst101","chamc001","randw001","nettg001","dentb001","pinil001","rivem001","jackr001","andem101","","garck001","9","F","F",9,3,2,"T","T",0,"F","F",1,"F","F",0,"F","F",9,"F","F","F","",0,0,"N",0,"N",0,"N",0,1,0,3,"9","","","","F","F","F","F","F","F","F","F","F","lyles101","","lyles101","F","F","F","F","F","","","","",0,9,0,0,0,0,0,0,0,82,"BAL","BAL","NYA",1,"F","F",2,6,0,38,3,"T","F",5,5,"T","T","murre001","decid001","F","F",0,2,81,0,0,0,4,9,79,"munst101","","munst101",0,0,0,0,0,0,0,0,0,0,0,0,0,"jackr001","F","F","F","F",0,1,0,3,0,0,0,0,0,0,F,F,"1978BAL.EVA.regular.event.csv",4812
"BAL197808310","NYA",9,1,2,0,0,"",6,2,"murre001","?","murre001","?","lyles101","?","lyles101","?","munst101","chamc001","randw001","nettg001","dentb001","pinil001","rivem001","jackr001","andem101","","garck001","3/G","F","F",3,4,2,"T","T",0,"F","F",1,"F","F",0,"F","F",3,"G","F","F","",0,0,"N",0,"N",0,"N",0,1,0,3,"3","","","","F","F","F","F","F","F","F","F","F","lyles101","","lyles101","F","T","F","F","F","","","","",0,3,0,0,0,0,0,0,0,83,"BAL","BAL","NYA",1,"F","T",2,6,0,39,4,"T","F",5,5,"T","T","decid001","may-l101","F","F",0,2,81,0,0,0,4,9,79,"munst101","","munst101",0,0,0,0,0,0,0,0,0,0,0,0,0,"chamc001","F","F","F","F",0,1,0,3,0,0,0,0,0,0,F,F,"1978BAL.EVA.regular.event.csv",4813
"BAL197809011","CHA",1,0,0,0,0,"",0,0,"washc001","?","washc001","?","palmj001","?","palmj001","?","dempr001","murre001","smitb101","decid001","garck001","kellp101","harll101","singk001","","","","9","T","F",7,1,2,"T","T",0,"F","F",1,"F","F",0,"F","F",9,"F","F","F","",0,0,"N",0,"N",0,"N",0,0,0,0,"9","","","","F","F","F","F","F","F","F","F","F","","","","T","F","F","F","F","","","","",0,9,0,0,0,0,0,0,0,1,"BAL","CHA","BAL",0,"T","F",0,0,0,0,0,"T","F",0,0,"T","T","kessd101","squim001","T","T",0,0,0,0,0,0,0,0,0,"","","",0,0,0,0,0,0,0,0,0,0,0,0,0,"singk001","F","F","F","F",0,0,0,0,0,0,0,0,0,0,F,F,"1978BAL.EVA.regular.event.csv",4814
"BAL197809011","CHA",1,0,1,0,0,"",0,0,"kessd101","?","kessd101","?","palmj001","?","palmj001","?","dempr001","murre001","smitb101","decid001","garck001","kellp101","harll101","singk001","","","","13","F","F",6,2,2,"T","T",0,"F","F",1,"F","F",0,"F","F",1,"G","F","F","",0,0,"N",0,"N",0,"N",0,0,0,0,"13","","","","F","F","F","F","F","F","F","F","F","","","","F","F","F","F","F","","","","",0,3,0,0,1,0,0,0,0,2,"BAL","CHA","BAL",0,"F","F",0,0,0,1,1,"T","F",0,0,"T","T","squim001","johnl101","T","T",0,0,0,0,0,0,0,0,0,"","","",0,0,0,0,0,0,0,0,0,0,0,0,0,"palmj001","F","F","F","F",0,0,0,0,0,0,0,0,0,0,F,F,"1978BAL.EVA.regular.event.csv",4815
"BAL197809011","CHA",1,0,2,0,0,"",0,0,"squim001","?","squim001","?","palmj001","?","palmj001","?","dempr001","murre001","smitb101","decid001","garck001","kellp101","harll101","singk001","","","","43","F","F",3,3,2,"T","T",0,"F","F",1,"F","F",0,"F","F",4,"G","F","F","",0,0,"N",0,"N",0,"N",0,0,0,0,"43","","","","F","F","F","F","F","F","F","F","F","","","","F","F","F","F","F","","","","",0,3,0,0,4,0,0,0,0,3,"BAL","CHA","BAL",0,"F","T",0,0,0,2,2,"T","F",0,0,"T","T","johnl101","ortaj001","T","T",0,0,0,0,0,0,0,0,0,"","","",0,0,0,0,0,0,0,0,0,0,0,0,0,"smitb101","F","F","F","F",0,0,0,0,0,0,0,0,0,0,F,F,"1978BAL.EVA.regular.event.csv",4816
"BAL197809011","CHA",1,1,0,0,0,"",0,0,"harll101","?","harll101","?","stons101","?","stons101","?","nahob001","squim001","ortaj001","sodee101","kessd101","washc001","boslt001","lemoc001","","","","13","T","F",8,1,2,"T","T",0,"F","F",1,"F","F",0,"F","F",1,"G","F","F","",0,0,"N",0,"N",0,"N",0,0,0,0,"13","","","","F","F","F","F","F","F","F","F","F","","","","F","F","F","F","F","","","","",0,3,0,0,1,0,0,0,0,4,"BAL","BAL","CHA",1,"T","F",0,0,0,0,0,"T","F",0,0,"T","T","kellp101","singk001","T","T",0,0,0,0,0,0,0,0,0,"","","",0,0,0,0,0,0,0,0,0,0,0,0,0,"stons101","F","F","F","F",0,0,0,0,0,0,0,0,0,0,F,F,"1978BAL.EVA.regular.event.csv",4817
"BAL197809011","CHA",1,1,1,0,0,"",0,0,"kellp101","?","kellp101","?","stons101","?","stons101","?","nahob001","squim001","ortaj001","sodee101","kessd101","washc001","boslt001","lemoc001","","","","9","F","F",7,2,2,"T","T",0,"F","F",1,"F","F",0,"F","F",9,"F","F","F","",0,0,"N",0,"N",0,"N",0,0,0,0,"9","","","","F","F","F","F","F","F","F","F","F","","","","F","F","F","F","F","","","","",0,9,0,0,0,0,0,0,0,5,"BAL","BAL","CHA",1,"F","F",0,0,0,1,1,"T","F",0,0,"T","T","singk001","murre001","T","T",0,0,0,0,0,0,0,0,0,"","","",0,0,0,0,0,0,0,0,0,0,0,0,0,"lemoc001","F","F","F","F",0,0,0,0,0,0,0,0,0,0,F,F,"1978BAL.EVA.regular.event.csv",4818
"BAL197809011","CHA",1,1,2,0,0,"",0,0,"singk001","?","singk001","?","stons101","?","stons101","?","nahob001","squim001","ortaj001","sodee101","kessd101","washc001","boslt001","lemoc001","","","","3/G","F","F",9,3,2,"T","T",0,"F","F",1,"F","F",0,"F","F",3,"G","F","F","",0,0,"N",0,"N",0,"N",0,0,0,0,"3","","","","F","F","F","F","F","F","F","F","F","","","","F","F","F","F","F","","","","",0,3,0,0,0,0,0,0,0,6,"BAL","BAL","CHA",1,"F","T",0,0,0,2,2,"T","F",0,0,"T","T","murre001","decid001","T","T",0,0,0,0,0,0,0,0,0,"","","",0,0,0,0,0,0,0,0,0,0,0,0,0,"squim001","F","F","F","F",0,0,0,0,0,0,0,0,0,0,F,F,"1978BAL.EVA.regular.event.csv",4819
"BAL197809011","CHA",2,0,0,0,0,"",0,0,"johnl101","?","johnl101","?","palmj001","?","palmj001","?","dempr001","murre001","smitb101","decid001","garck001","kellp101","harll101","singk001","","","","3","T","F",10,4,2,"T","T",0,"F","F",1,"F","F",0,"F","F",3,"F","F","F","",0,0,"N",0,"N",0,"N",0,0,0,0,"3","","","","F","F","F","F","F","F","F","F","F","","","","F","F","F","F","F","","","","",0,3,0,0,0,0,0,0,0,7,"BAL","CHA","BAL",0,"T","F",0,0,0,3,0,"T","F",0,0,"T","T","ortaj001","lemoc001","T","T",0,0,0,0,0,0,0,0,0,"","","",0,0,0,0,0,0,0,0,0,0,0,0,0,"murre001","F","F","F","F",0,0,0,0,0,0,0,0,0,0,F,F,"1978BAL.EVA.regular.event.csv",4820
"BAL197809011","CHA",2,0,1,0,0,"",0,0,"ortaj001","?","ortaj001","?","palmj001","?","palmj001","?","dempr001","murre001","smitb101","decid001","garck001","kellp101","harll101","singk001","","","","63","F","F",4,5,2,"T","T",0,"F","F",1,"F","F",0,"F","F",6,"G","F","F","",0,0,"N",0,"N",0,"N",0,0,0,0,"63","","","","F","F","F","F","F","F","F","F","F","","","","F","F","F","F","F","","","","",0,3,0,0,6,0,0,0,0,8,"BAL","CHA","BAL",0,"F","F",0,0,0,4,1,"T","F",0,0,"T","T","lemoc001","sodee101","T","T",0,0,0,0,0,0,0,0,0,"","","",0,0,0,0,0,0,0,0,0,0,0,0,0,"garck001","F","F","F","F",0,0,0,0,0,0,0,0,0,0,F,F,"1978BAL.EVA.regular.event.csv",4821
"BAL197809011","CHA",2,0,2,0,0,"",0,0,"lemoc001","?","lemoc001","?","palmj001","?","palmj001","?","dempr001","murre001","smitb101","decid001","garck001","kellp101","harll101","singk001","","","","S7","F","F",9,6,20,"T","T",1,"F","F",0,"F","F",0,"F","F",7,"","F","F","",0,0,"N",0,"N",0,"N",1,0,0,0,"","","","","F","F","F","F","F","F","F","F","F","","","","F","F","F","F","F","","","","",0,0,0,0,0,0,0,0,0,9,"BAL","CHA","BAL",0,"F","F",0,0,0,5,2,"T","F",0,1,"T","T","sodee101","boslt001","T","T",0,0,0,0,0,0,0,0,0,"","","",0,0,0,0,0,0,0,0,0,0,0,0,0,"kellp101","F","F","F","F",0,0,0,0,0,0,0,0,0,0,F,F,"1978BAL.EVA.regular.event.csv",4822
"BAL197809011","CHA",2,0,2,0,0,"",0,0,"sodee101","?","sodee101","?","palmj001","?","palmj001","?","dempr001","murre001","smitb101","decid001","garck001","kellp101","harll101","singk001","lemoc001","","","64(1)/FO","F","F",5,7,2,"T","T",0,"F","F",1,"F","F",0,"F","F",6,"G","F","F","",0,0,"N",0,"N",0,"N",1,0,0,0,"","64","","","F","F","F","F","F","F","F","F","F","palmj001","","","F","F","F","F","F","","","","",0,4,0,0,6,0,0,0,0,10,"BAL","CHA","BAL",0,"F","T",0,0,0,6,3,"T","F",1,1,"T","T","boslt001","nahob001","T","T",9,6,9,0,0,0,0,0,0,"dempr001","","",0,0,0,0,0,0,0,0,0,0,0,0,0,"garck001","T","F","F","F",0,0,0,0,0,0,0,0,0,0,F,F,"1978BAL.EVA.regular.event.csv",4823
"BAL197809011","CHA",2,1,0,0,0,"",0,0,"murre001","?","murre001","?","stons101","?","stons101","?","nahob001","squim001","ortaj001","sodee101","kessd101","washc001","boslt001","lemoc001","","","","7","T","F",3,4,2,"T","T",0,"F","F",1,"F","F",0,"F","F",7,"F","F","F","",0,0,"N",0,"N",0,"N",0,0,0,0,"7","","","","F","F","F","F","F","F","F","F","F","","","","F","F","F","F","F","","","","",0,7,0,0,0,0,0,0,0,11,"BAL","BAL","CHA",1,"T","F",0,0,0,3,0,"T","F",0,0,"T","T","decid001","crowt101","T","T",0,0,0,0,0,0,0,0,0,"","","",0,0,0,0,0,0,0,0,0,0,0,0,0,"washc001","F","F","F","F",0,0,0,0,0,0,0,0,0,0,F,F,"1978BAL.EVA.regular.event.csv",4824
"BAL197809011","CHA",2,1,1,0,0,"",0,0,"decid001","?","decid001","?","stons101","?","stons101","?","nahob001","squim001","ortaj001","sodee101","kessd101","washc001","boslt001","lemoc001","","","","8","F","F",5,5,2,"T","T",0,"F","F",1,"F","F",0,"F","F",8,"F","F","F","",0,0,"N",0,"N",0,"N",0,0,0,0,"8","","","","F","F","F","F","F","F","F","F","F","","","","F","F","F","F","F","","","","",0,8,0,0,0,0,0,0,0,12,"BAL","BAL","CHA",1,"F","F",0,0,0,4,1,"T","F",0,0,"T","T","crowt101","dempr001","T","T",0,0,0,0,0,0,0,0,0,"","","",0,0,0,0,0,0,0,0,0,0,0,0,0,"boslt001","F","F","F","F",0,0,0,0,0,0,0,0,0,0,F,F,"1978BAL.EVA.regular.event.csv",4825
"BAL197809011","CHA",2,1,2,0,0,"",0,0,"crowt101","?","crowt101","?","stons101","?","stons101","?","nahob001","squim001","ortaj001","sodee101","kessd101","washc001","boslt001","lemoc001","","","","K","F","F",10,6,3,"T","T",0,"F","F",1,"F","F",0,"F","F",0,"","F","F","",0,0,"N",0,"N",0,"N",0,0,0,0,"2","","","","F","F","F","F","F","F","F","F","F","","","","F","F","F","F","F","","","","",0,2,0,0,0,0,0,0,0,13,"BAL","BAL","CHA",1,"F","T",0,0,0,5,2,"T","F",0,0,"T","T","dempr001","smitb101","T","T",0,0,0,0,0,0,0,0,0,"","","",0,0,0,0,0,0,0,0,0,0,0,0,0,"","F","F","F","F",0,0,0,0,0,0,0,0,0,0,F,F,"1978BAL.EVA.regular.event.csv",4826
"BAL197809011","CHA",3,0,0,0,0,"",0,0,"boslt001","?","boslt001","?","palmj001","?","palmj001","?","dempr001","murre001","smitb101","decid001","garck001","kellp101","harll101","singk001","","","","S/BG","T","F",8,8,20,"T","T",1,"F","F",0,"F","F",0,"F","F",0,"G","T","F","",0,0,"N",0,"N",0,"N",1,0,0,0,"","","","","F","F","F","F","F","F","F","F","F","","","","F","F","F","F","F","","","","",0,0,0,0,0,0,0,0,0,14,"BAL","CHA","BAL",0,"T","F",0,0,0,7,0,"T","F",0,1,"T","T","nahob001","washc001","T","T",0,0,0,0,0,0,0,0,0,"","","",0,0,0,0,0,0,0,0,0,0,0,0,0,"","F","F","F","F",0,0,0,0,0,0,0,0,0,0,F,F,"1978BAL.EVA.regular.event.csv",4827
"BAL197809011","CHA",3,0,0,0,0,"",0,0,"nahob001","?","nahob001","?","palmj001","?","palmj001","?","dempr001","murre001","smitb101","decid001","garck001","kellp101","harll101","singk001","boslt001","","","53/SH.1-2","F","F",2,9,2,"T","F",0,"T","F",1,"F","F",0,"F","F",5,"G","T","F","",0,0,"N",0,"N",0,"N",0,2,0,0,"53","","","","F","F","F","F","F","F","F","F","F","palmj001","","","F","F","F","F","F","","","","",0,3,0,0,5,0,0,0,0,15,"BAL","CHA","BAL",0,"F","F",0,0,0,8,1,"T","F",1,2,"T","T","washc001","kessd101","T","T",8,8,14,0,0,0,0,0,0,"dempr001","","",0,0,0,0,0,0,0,0,0,0,0,0,0,"decid001","F","F","F","F",0,0,0,0,0,0,0,0,0,0,F,F,"1978BAL.EVA.regular.event.csv",4828
"BAL197809011","CHA",3,0,1,0,0,"",0,0,"washc001","?","washc001","?","palmj001","?","palmj001","?","dempr001","murre001","smitb101","decid001","garck001","kellp101","harll101","singk001","","boslt001","","S1.2-3#","F","F",7,1,20,"T","T",1,"F","F",0,"F","F",0,"F","F",1,"","F","F","",0,0,"N",0,"N",0,"N",1,0,3,0,"","","","","F","F","F","F","F","F","F","F","F","","palmj001","","F","F","F","F","F","","","","",0,0,0,0,0,0,0,0,0,16,"BAL","CHA","BAL",0,"F","F",0,0,0,9,2,"T","F",2,5,"T","T","kessd101","squim001","T","T",0,0,0,8,8,14,0,0,0,"","dempr001","",0,0,0,0,0,0,0,0,0,0,0,0,0,"palmj001","F","F","F","F",0,0,0,0,0,0,0,0,0,0,F,T,"1978BAL.EVA.regular.event.csv",4829
"BAL197809011","CHA",3,0,1,0,0,"",0,0,"kessd101","?","kessd101","?","palmj001","?","palmj001","?","dempr001","murre001","smitb101","decid001","garck001","kellp101","harll101","singk001","washc001","","boslt001","CS2(26)#","F","F",6,2,6,"F","F",0,"F","F",1,"F","F",0,"F","F",0,"","F","F","",0,0,"N",0,"N",0,"N",0,0,0,3,"","26","","","F","F","F","T","F","F","F","F","F","palmj001","","palmj001","F","F","F","F","F","","","","",0,6,0,0,2,0,0,0,0,17,"BAL","CHA","BAL",0,"F","F",0,0,0,10,3,"T","F",5,4,"T","T","squim001","johnl101","T","T",7,1,16,0,0,0,8,8,14,"dempr001","","dempr001",0,0,0,0,0,0,0,0,0,0,0,0,0,"","F","F","F","F",0,0,0,0,0,0,0,0,0,0,F,T,"1978BAL.EVA.regular.event.csv",4830
"BAL197809011","CHA",3,0,2,0,0,"",0,0,"kessd101","?","kessd101","?","palmj001","?","palmj001","?","dempr001","murre001","smitb101","decid001","garck001","kellp101","harll101","singk001","","","boslt001","7","F","F",6,2,2,"T","T",0,"F","F",1,"F","F",0,"F","F",7,"F","F","F","",0,0,"N",0,"N",0,"N",0,0,0,3,"7","","","","F","F","F","F","F","F","F","F","F","","","palmj001","F","F","F","F","F","","","","",0,7,0,0,0,0,0,0,0,18,"BAL","CHA","BAL",0,"F","T",0,0,0,10,3,"F","F",4,4,"T","T","squim001","johnl101","T","T",0,0,0,0,0,0,8,8,14,"","","dempr001",0,0,0,0,0,0,0,0,0,0,0,0,0,"kellp101","F","F","F","F",0,0,0,0,0,0,0,0,0,0,F,F,"1978BAL.EVA.regular.event.csv",4831
"BAL197809011","CHA",3,1,0,0,0,"",0,0,"dempr001","?","dempr001","?","stons101","?","stons101","?","nahob001","squim001","ortaj001","sodee101","kessd101","washc001","boslt001","lemoc001","","","","53","T","F",2,7,2,"T","T",0,"F","F",1,"F","F",0,"F","F",5,"G","F","F","",0,0,"N",0,"N",0,"N",0,0,0,0,"53","","","","F","F","F","F","F","F","F","F","F","","","","F","F","F","F","F","","","","",0,3,0,0,5,0,0,0,0,19,"BAL","BAL","CHA",1,"T","F",0,0,0,6,0,"T","F",0,0,"T","T","smitb101","garck001","T","T",0,0,0,0,0,0,0,0,0,"","","",0,0,0,0,0,0,0,0,0,0,0,0,0,"sodee101","F","F","F","F",0,0,0,0,2,0,0,0,0,0,F,F,"1978BAL.EVA.regular.event.csv",4832
"BAL197809011","CHA",3,1,1,0,0,"",0,0,"smitb101","?","smitb101","?","stons101","?","stons101","?","nahob001","squim001","ortaj001","sodee101","kessd101","washc001","boslt001","lemoc001","","","","D/89","F","F",4,8,21,"T","T",2,"F","F",0,"F","F",0,"F","F",0,"","F","F","89",0,0,"N",0,"N",0,"N",2,0,0,0,"","","","","F","F","F","F","F","F","F","F","F","","","","F","F","F","F","F","","","","",0,0,0,0,0,0,0,0,0,20,"BAL","BAL","CHA",1,"F","F",0,0,0,7,1,"T","F",0,2,"T","T","garck001","harll101","T","T",0,0,0,0,0,0,0,0,0,"","","",0,0,0,0,0,0,0,0,0,0,0,0,0,"","F","F","F","F",4,0,0,0,2,0,0,0,0,0,F,F,"1978BAL.EVA.regular.event.csv",4833
"BAL197809011","CHA",3,1,1,0,0,"",0,0,"garck001","?","garck001","?","stons101","?","stons101","?","nahob001","squim001","ortaj001","sodee101","kessd101","washc001","boslt001","lemoc001","","smitb101","","K","F","F",6,9,3,"T","T",0,"F","F",1,"F","F",0,"F","F",0,"","F","F","",0,0,"N",0,"N",0,"N",0,0,2,0,"2","","","","F","F","F","F","F","F","F","F","F","","stons101","","F","F","F","F","F","","","","",0,2,0,0,0,0,0,0,0,21,"BAL","BAL","CHA",1,"F","F",0,0,0,8,2,"T","F",2,2,"T","T","harll101","kellp101","T","T",0,0,0,4,8,20,0,0,0,"","nahob001","",0,0,0,0,0,0,0,0,0,0,0,0,0,"","F","F","F","F",0,0,4,0,2,0,0,0,0,0,F,F,"1978BAL.EVA.regular.event.csv",4834
"BAL197809011","CHA",3,1,2,0,0,"",0,0,"harll101","?","harll101","?","stons101","?","stons101","?","nahob001","squim001","ortaj001","sodee101","kessd101","washc001","boslt001","lemoc001","","smitb101","","HR.2-H","F","F",8,1,23,"T","T",4,"F","F",0,"F","F",2,"F","F",0,"","F","F","",0,0,"N",0,"N",0,"N",4,0,4,0,"","","","","F","F","F","F","F","F","F","F","F","","stons101","","F","F","F","F","F","","","","",0,0,0,0,0,0,0,0,0,22,"BAL","BAL","CHA",1,"F","F",0,0,0,9,3,"T","F",2,0,"T","T","kellp101","singk001","T","T",0,0,0,4,8,20,0,0,0,"","nahob001","",0,0,0,0,0,0,0,0,0,0,0,0,2,"","F","F","F","F",4,0,4,0,0,0,0,0,0,0,F,F,"1978BAL.EVA.regular.event.csv",4835
"BAL197809011","CHA",3,1,2,0,0,"",0,2,"kellp101","?","kellp101","?","stons101","?","stons101","?","nahob001","squim001","ortaj001","sodee101","kessd101","washc001","boslt001","lemoc001","","","","S/BG","F","F",7,2,20,"T","T",1,"F","F",0,"F","F",0,"F","F",0,"G","T","F","",0,0,"N",0,"N",0,"N",1,0,0,0,"","","","","F","F","F","F","F","F","F","F","F","","","","F","F","F","F","F","","","","",0,0,0,0,0,0,0,0,0,23,"BAL","BAL","CHA",1,"F","F",2,0,2,10,4,"T","F",0,1,"T","T","singk001","murre001","T","T",0,0,0,0,0,0,0,0,0,"","","",0,0,0,0,0,0,0,0,0,0,0,0,0,"","F","F","F","F",0,0,0,0,0,0,0,0,0,0,F,F,"1978BAL.EVA.regular.event.csv",4836
"BAL197809011","CHA",3,1,2,0,0,"",0,2,"singk001","?","singk001","?","stons101","?","stons101","?","nahob001","squim001","ortaj001","sodee101","kessd101","washc001","boslt001","lemoc001","kellp101","","","CS2(26)","F","F",9,3,6,"F","F",0,"F","F",1,"F","F",0,"F","F",0,"","F","F","",0,0,"N",0,"N",0,"N",0,0,0,0,"","26","","","F","F","F","T","F","F","F","F","F","stons101","","","F","F","F","F","F","","","","",0,6,0,0,2,0,0,0,0,24,"BAL","BAL","CHA",1,"F","T",2,0,2,11,5,"T","T",1,0,"T","T","murre001","decid001","T","T",7,2,23,0,0,0,0,0,0,"nahob001","","",0,0,0,0,0,0,0,0,0,0,0,0,0,"","F","F","F","F",0,0,0,0,0,0,0,0,0,0,F,F,"1978BAL.EVA.regular.event.csv",4837
"BAL197809011","CHA",4,0,0,0,0,"",0,2,"squim001","?","squim001","?","palmj001","?","palmj001","?","dempr001","murre001","smitb101","decid001","garck001","kellp101","harll101","singk001","","","","6/L","T","F",3,3,2,"T","T",0,"F","F",1,"F","F",0,"F","F",6,"L","F","F","",0,0,"N",0,"N",0,"N",0,0,0,0,"6","","","","F","F","F","F","F","F","F","F","F","","","","F","F","F","F","F","","","","",0,6,0,0,0,0,0,0,0,25,"BAL","CHA","BAL",0,"T","F",0,2,0,11,0,"T","F",0,0,"T","T","johnl101","ortaj001","T","T",0,0,0,0,0,0,0,0,0,"","","",0,0,0,0,0,0,0,0,0,0,0,0,0,"garck001","F","F","F","F",0,0,0,0,0,0,0,0,0,0,F,F,"1978BAL.EVA.regular.event.csv",4838
"BAL197809011","CHA",4,0,1,0,0,"",0,2,"johnl101","?","johnl101","?","palmj001","?","palmj001","?","dempr001","murre001","smitb101","decid001","garck001","kellp101","harll101","singk001","","","","S8","F","F",10,4,20,"T","T",1,"F","F",0,"F","F",0,"F","F",8,"","F","F","",0,0,"N",0,"N",0,"N",1,0,0,0,"","","","","F","F","F","F","F","F","F","F","F","","","","F","F","F","F","F","","","","",0,0,0,0,0,0,0,0,0,26,"BAL","CHA","BAL",0,"F","F",0,2,0,12,1,"T","F",0,1,"T","T","ortaj001","lemoc001","T","T",0,0,0,0,0,0,0,0,0,"","","",0,0,0,0,0,0,0,0,0,0,0,0,0,"harll101","F","F","F","F",0,0,0,0,0,0,0,0,0,0,F,F,"1978BAL.EVA.regular.event.csv",4839
"BAL197809011","CHA",4,0,1,0,0,"",0,2,"ortaj001","?","ortaj001","?","palmj001","?","palmj001","?","dempr001","murre001","smitb101","decid001","garck001","kellp101","harll101","singk001","johnl101","","","8","F","F",4,5,2,"T","T",0,"F","F",1,"F","F",0,"F","F",8,"F","F","F","",0,0,"N",0,"N",0,"N",0,1,0,0,"8","","","","F","F","F","F","F","F","F","F","F","palmj001","","","F","F","F","F","F","","","","",0,8,0,0,0,0,0,0,0,27,"BAL","CHA","BAL",0,"F","F",0,2,0,13,2,"T","F",1,1,"T","T","lemoc001","sodee101","T","T",10,4,26,0,0,0,0,0,0,"dempr001","","",0,0,0,0,0,0,0,0,0,0,0,0,0,"harll101","F","F","F","F",0,0,0,0,0,0,0,0,0,0,F,F,"1978BAL.EVA.regular.event.csv",4840
"BAL197809011","CHA",4,0,2,0,0,"",0,2,"lemoc001","?","lemoc001","?","palmj001","?","palmj001","?","dempr001","murre001","smitb101","decid001","garck001","kellp101","harll101","singk001","johnl101","","","K","F","F",9,6,3,"T","T",0,"F","F",1,"F","F",0,"F","F",0,"","F","F","",0,0,"N",0,"N",0,"N",0,1,0,0,"2","","","","F","F","F","F","F","F","F","F","F","palmj001","","","F","F","F","F","F","","","","",0,2,0,0,0,0,0,0,0,28,"BAL","CHA","BAL",0,"F","T",0,2,0,14,3,"T","F",1,1,"T","T","sodee101","boslt001","T","T",10,4,26,0,0,0,0,0,0,"dempr001","","",0,0,0,0,0,0,0,0,0,0,0,0,0,"","F","F","F","F",0,0,0,0,0,0,0,0,0,0,F,F,"1978BAL.EVA.regular.event.csv",4841
"BAL197809011","CHA",4,1,0,0,0,"",0,2,"singk001","?","singk001","?","stons101","?","stons101","?","nahob001","squim001","ortaj001","sodee101","kessd101","washc001","boslt001","lemoc001","","","","K/C","T","F",9,3,3,"T","T",0,"F","F",1,"F","F",0,"F","F",0,"","F","F","",0,0,"N",0,"N",0,"N",0,0,0,0,"2","","","","F","F","F","F","F","F","F","F","F","","","","F","F","F","F","F","","","","",0,2,0,0,0,0,0,0,0,29,"BAL","BAL","CHA",1,"T","F",2,0,0,11,0,"T","F",0,0,"T","T","murre001","decid001","T","T",0,0,0,0,0,0,0,0,0,"","","",0,0,0,0,0,0,0,0,0,0,0,0,0,"","F","F","F","F",0,0,0,0,1,0,0,0,0,0,F,F,"1978BAL.EVA.regular.event.csv",4842
"BAL197809011","CHA",4,1,1,0,0,"",0,2,"murre001","?","murre001","?","stons101","?","stons101","?","nahob001","squim001","ortaj001","sodee101","kessd101","washc001","boslt001","lemoc001","","","","S9","F","F",3,4,20,"T","T",1,"F","F",0,"F","F",0,"F","F",9,"","F","F","",0,0,"N",0,"N",0,"N",1,0,0,0,"","","","","F","F","F","F","F","F","F","F","F","","","","F","F","F","F","F","","","","",0,0,0,0,0,0,0,0,0,30,"BAL","BAL","CHA",1,"F","F",2,0,0,12,1,"T","F",0,1,"T","T","decid001","crowt101","T","T",0,0,0,0,0,0,0,0,0,"","","",0,0,0,0,0,0,0,0,0,0,0,0,0,"lemoc001","F","F","F","F",4,0,0,0,1,0,0,0,0,0,F,F,"1978BAL.EVA.regular.event.csv",4843
"BAL197809011","CHA",4,1,1,0,0,"",0,2,"decid001","?","decid001","?","stons101","?","stons101","?","nahob001","squim001","ortaj001","sodee101","kessd101","washc001","boslt001","lemoc001","murre001","","","WP.1-2","F","F",5,5,9,"F","F",0,"F","F",0,"F","F",0,"T","F",0,"","F","F","",0,0,"N",0,"N",0,"N",0,2,0,0,"","","","","F","F","F","F","F","F","F","F","F","stons101","","","F","F","F","F","F","","","","",0,0,0,0,0,0,0,0,0,31,"BAL","BAL","CHA",1,"F","F",2,0,0,13,2,"T","F",1,2,"T","T","crowt101","dempr001","T","T",3,4,30,0,0,0,0,0,0,"nahob001","","",0,0,0,0,0,0,0,0,0,0,0,0,0,"","F","F","F","F",0,4,0,0,1,0,0,0,0,0,F,F,"1978BAL.EVA.regular.event.csv",4844
"BAL197809011","CHA",4,1,1,0,0,"",0,2,"decid001","?","decid001","?","stons101","?","stons101","?","nahob001","squim001","ortaj001","sodee101","kessd101","washc001","boslt001","lemoc001","","murre001","","K","F","F",5,5,3,"T","T",0,"F","F",1,"F","F",0,"F","F",0,"","F","F","",0,0,"N",0,"N",0,"N",0,0,2,0,"2","","","","F","F","F","F","F","F","F","F","F","","stons101","","F","F","F","F","F","","","","",0,2,0,0,0,0,0,0,0,32,"BAL","BAL","CHA",1,"F","F",2,0,0,13,2,"F","F",2,2,"T","T","crowt101","dempr001","T","T",0,0,0,3,4,30,0,0,0,"","nahob001","",0,0,0,0,0,0,0,0,0,0,0,0,0,"","F","F","F","F",0,0,4,0,1,0,0,0,0,0,F,F,"1978BAL.EVA.regular.event.csv",4845
"BAL197809011","CHA",4,1,2,0,0,"",0,2,"crowt101","?","crowt101","?","stons101","?","stons101","?","nahob001","squim001","ortaj001","sodee101","kessd101","washc001","boslt001","lemoc001","","murre001","","S9.2-H","F","F",10,6,20,"T","T",1,"F","F",0,"F","F",1,"F","F",9,"","F","F","",0,0,"N",0,"N",0,"N",1,0,4,0,"","","","","F","F","F","F","F","F","F","F","F","","stons101","","F","F","F","F","F","","","","",0,0,0,0,0,0,0,0,0,33,"BAL","BAL","CHA",1,"F","F",2,0,0,14,3,"T","F",2,1,"T","T","dempr001","smitb101","T","T",0,0,0,3,4,30,0,0,0,"","nahob001","",0,0,0,0,0,0,0,0,0,0,0,0,1,"lemoc001","F","F","F","F",0,0,4,0,0,0,0,0,0,0,F,F,"1978BAL.EVA.regular.event.csv",4846
"BAL197809011","CHA",4,1,2,0,0,"",0,3,"dempr001","?","dempr001","?","stons101","?","stons101","?","nahob001","squim001","ortaj001","sodee101","kessd101","washc001","boslt001","lemoc001","crowt101","","","64(1)/FO","F","F",2,7,2,"T","T",0,"F","F",1,"F","F",0,"F","F",6,"G","F","F","",0,0,"N",0,"N",0,"N",1,0,0,0,"","64","","","F","F","F","F","F","F","F","F","F","stons101","","","F","F","F","F","F","","","","",0,4,0,0,6,0,0,0,0,34,"BAL","BAL","CHA",1,"F","T",3,0,1,15,4,"T","F",1,1,"T","T","smitb101","garck001","T","T",10,6,33,0,0,0,0,0,0,"nahob001","","",0,0,0,0,0,0,0,0,0,0,0,0,0,"kessd101","T","F","F","F",0,0,0,0,0,0,0,0,0,0,F,F,"1978BAL.EVA.regular.event.csv",4847
"BAL197809011","CHA",5,0,0,0,0,"",0,3,"sodee101","?","sodee101","?","palmj001","?","palmj001","?","dempr001","murre001","smitb101","decid001","garck001","kellp101","harll101","singk001","","","","D9","T","F",5,7,21,"T","T",2,"F","F",0,"F","F",0,"F","F",9,"","F","F","",0,0,"N",0,"N",0,"N",2,0,0,0,"","","","","F","F","F","F","F","F","F","F","F","","","","F","F","F","F","F","","","","",0,0,0,0,0,0,0,0,0,35,"BAL","CHA","BAL",0,"T","F",0,3,0,15,0,"T","F",0,2,"T","T","boslt001","nahob001","T","T",0,0,0,0,0,0,0,0,0,"","","",0,0,0,0,0,0,0,0,0,0,0,0,0,"singk001","F","F","F","F",0,0,0,0,0,0,0,0,0,0,F,F,"1978BAL.EVA.regular.event.csv",4848
"BAL197809011","CHA",5,0,0,0,0,"",0,3,"boslt001","?","boslt001","?","palmj001","?","palmj001","?","dempr001","murre001","smitb101","decid001","garck001","kellp101","harll101","singk001","","sodee101","","9.2-3","F","F",8,8,2,"T","T",0,"F","F",1,"F","F",0,"F","F",9,"F","F","F","",0,0,"N",0,"N",0,"N",0,0,3,0,"9","","","","F","F","F","F","F","F","F","F","F","","palmj001","","F","F","F","F","F","","","","",0,9,0,0,0,0,0,0,0,36,"BAL","CHA","BAL",0,"F","F",0,3,0,16,1,"T","F",2,4,"T","T","nahob001","washc001","T","T",0,0,0,5,7,35,0,0,0,"","dempr001","",0,0,0,0,0,0,0,0,0,0,0,0,0,"singk001","F","F","F","F",0,0,0,0,0,0,0,0,0,0,F,F,"1978BAL.EVA.regular.event.csv",4849
"BAL197809011","CHA",5,0,1,0,0,"",0,3,"nahob001","?","nahob001","?","palmj001","?","palmj001","?","dempr001","murre001","smitb101","decid001","garck001","kellp101","harll101","singk001","","","sodee101","53","F","F",2,9,2,"T","T",0,"F","F",1,"F","F",0,"F","F",5,"G","F","F","",0,0,"N",0,"N",0,"N",0,0,0,3,"53","","","","F","F","F","F","F","F","F","F","F","","","palmj001","F","F","F","F","F","","","","",0,3,0,0,5,0,0,0,0,37,"BAL","CHA","BAL",0,"F","F",0,3,0,17,2,"T","F",4,4,"T","T","washc001","kessd101","T","T",0,0,0,0,0,0,5,7,35,"","","dempr001",0,0,0,0,0,0,0,0,0,0,0,0,0,"decid001","F","F","F","F",0,0,0,0,0,0,0,0,0,0,F,F,"1978BAL.EVA.regular.event.csv",4850
"BAL197809011","CHA",5,0,2,0,0,"",0,3,"washc001","?","washc001","?","palmj001","?","palmj001","?","dempr001","murre001","smitb101","decid001","garck001","kellp101","harll101","singk001","","","sodee101","K","F","F",7,1,3,"T","T",0,"F","F",1,"F","F",0,"F","F",0,"","F","F","",0,0,"N",0,"N",0,"N",0,0,0,3,"2","","","","F","F","F","F","F","F","F","F","F","","","palmj001","F","F","F","F","F","","","","",0,2,0,0,0,0,0,0,0,38,"BAL","CHA","BAL",0,"F","T",0,3,0,18,3,"T","F",4,4,"T","T","kessd101","squim001","T","T",0,0,0,0,0,0,5,7,35,"","","dempr001",0,0,0,0,0,0,0,0,0,0,0,0,0,"","F","F","F","F",0,0,0,0,0,0,0,0,0,0,F,F,"1978BAL.EVA.regular.event.csv",4851
"BAL197809011","CHA",5,1,0,0,0,"",0,3,"smitb101","?","smitb101","?","stons101","?","stons101","?","nahob001","squim001","ortaj001","sodee101","kessd101","washc001","boslt001","lemoc001","","","","S9","T","F",4,8,20,"T","T",1,"F","F",0,"F","F",0,"F","F",9,"","F","F","",0,0,"N",0,"N",0,"N",1,0,0,0,"","","","","F","F","F","F","F","F","F","F","F","","","","F","F","F","F","F","","","","",0,0,0,0,0,0,0,0,0,39,"BAL","BAL","CHA",1,"T","F",3,0,0,16,0,"T","F",0,1,"T","T","garck001","harll101","T","T",0,0,0,0,0,0,0,0,0,"","","",0,0,0,0,0,0,0,0,0,0,0,0,0,"lemoc001","F","F","F","F",0,0,0,0,0,0,0,0,0,0,F,F,"1978BAL.EVA.regular.event.csv",4852
"BAL197809011","CHA",5,1,0,0,0,"",0,3,"garck001","?","garck001","?","stons101","?","stons101","?","nahob001","squim001","ortaj001","sodee101","kessd101","washc001","boslt001","lemoc001","smitb101","","","9","F","F",6,9,2,"T","T",0,"F","F",1,"F","F",0,"F","F",9,"F","F","F","",0,0,"N",0,"N",0,"N",0,1,0,0,"9","","","","F","F","F","F","F","F","F","F","F","stons101","","","F","F","F","F","F","","","","",0,9,0,0,0,0,0,0,0,40,"BAL","BAL","CHA",1,"F","F",3,0,0,17,1,"T","F",1,1,"T","T","harll101","kellp101","T","T",4,8,39,0,0,0,0,0,0,"nahob001","","",0,0,0,0,0,0,0,0,0,0,0,0,0,"lemoc001","F","F","F","F",0,0,0,0,0,0,0,0,0,0,F,F,"1978BAL.EVA.regular.event.csv",4853
"BAL197809011","CHA",5,1,1,0,0,"",0,3,"harll101","?","harll101","?","stons101","?","stons101","?","nahob001","squim001","ortaj001","sodee101","kessd101","washc001","boslt001","lemoc001","smitb101","","","S9/G.1X3(95)","F","F",8,1,20,"T","T",1,"F","F",1,"F","F",0,"F","F",9,"G","F","F","",0,0,"N",0,"N",0,"N",1,0,0,0,"","95","","","F","F","F","F","F","F","F","F","F","stons101","","","F","F","F","F","F","","","","",0,5,0,0,9,0,0,0,0,41,"BAL","BAL","CHA",1,"F","F",3,0,0,18,2,"T","F",1,1,"T","T","kellp101","singk001","T","T",4,8,39,0,0,0,0,0,0,"nahob001","","",0,0,0,0,0,0,0,0,0,0,0,0,0,"lemoc001","F","F","F","F",0,0,0,0,0,0,0,0,0,0,F,F,"1978BAL.EVA.regular.event.csv",4854
"BAL197809011","CHA",5,1,2,0,0,"",0,3,"kellp101","?","kellp101","?","stons101","?","stons101","?","nahob001","squim001","ortaj001","sodee101","kessd101","washc001","boslt001","lemoc001","harll101","","","D9.1-3","F","F",7,2,21,"T","T",2,"F","F",0,"F","F",0,"F","F",9,"","F","F","",0,0,"N",0,"N",0,"N",2,3,0,0,"","","","","F","F","F","F","F","F","F","F","F","stons101","","","F","F","F","F","F","","","","",0,0,0,0,0,0,0,0,0,42,"BAL","BAL","CHA",1,"F","F",3,0,0,19,3,"T","F",1,6,"T","T","singk001","murre001","T","T",8,1,41,0,0,0,0,0,0,"nahob001","","",0,0,0,0,0,0,0,0,0,0,0,0,0,"lemoc001","F","F","F","F",0,0,0,0,0,0,0,0,0,0,F,F,"1978BAL.EVA.regular.event.csv",4855
"BAL197809011","CHA",5,1,2,0,0,"",0,3,"singk001","?","singk001","?","stons101","?","stons101","?","nahob001","squim001","ortaj001","sodee101","kessd101","washc001","boslt001","lemoc001","","kellp101","harll101","8","F","F",9,3,2,"T","T",0,"F","F",1,"F","F",0,"F","F",8,"F","F","F","",0,0,"N",0,"N",0,"N",0,0,2,3,"8","","","","F","F","F","F","F","F","F","F","F","","stons101","stons101","F","F","F","F","F","","","","",0,8,0,0,0,0,0,0,0,43,"BAL","BAL","CHA",1,"F","T",3,0,0,20,4,"T","F",6,6,"T","T","murre001","decid001","T","T",0,0,0,7,2,42,8,1,41,"","nahob001","nahob001",0,0,0,0,0,0,0,0,0,0,0,0,0,"boslt001","F","F","F","F",0,0,0,0,0,0,0,0,0,0,F,F,"1978BAL.EVA.regular.event.csv",4856
"BAL197809011","CHA",6,0,0,0,0,"",0,3,"kessd101","?","kessd101","?","palmj001","?","palmj001","?","dempr001","murre001","smitb101","decid001","garck001","kellp101","harll101","singk001","","","","7","T","F",6,2,2,"T","T",0,"F","F",1,"F","F",0,"F","F",7,"F","F","F","",0,0,"N",0,"N",0,"N",0,0,0,0,"7","","","","F","F","F","F","F","F","F","F","F","","","","F","F","F","F","F","","","","",0,7,0,0,0,0,0,0,0,44,"BAL","CHA","BAL",0,"T","F",0,3,0,19,0,"T","F",0,0,"T","T","squim001","johnl101","T","T",0,0,0,0,0,0,0,0,0,"","","",0,0,0,0,0,0,0,0,0,0,0,0,0,"kellp101","F","F","F","F",0,0,0,0,0,0,0,0,0,0,F,F,"1978BAL.EVA.regular.event.csv",4857
"BAL197809011","CHA",6,0,1,0,0,"",0,3,"squim001","?","squim001","?","palmj001","?","palmj001","?","dempr001","murre001","smitb101","decid001","garck001","kellp101","harll101","singk001","","","","W","F","F",3,3,14,"T","F",0,"F","F",0,"F","F",0,"F","F",0,"","F","F","",0,0,"N",0,"N",0,"N",1,0,0,0,"","","","","F","F","F","F","F","F","F","F","F","","","","F","F","F","F","F","","","","",0,0,0,0,0,0,0,0,0,45,"BAL","CHA","BAL",0,"F","F",0,3,0,20,1,"T","F",0,1,"T","T","johnl101","ortaj001","T","T",0,0,0,0,0,0,0,0,0,"","","",0,0,0,0,0,0,0,0,0,0,0,0,0,"","F","F","F","F",0,0,0,0,0,0,0,0,0,0,F,F,"1978BAL.EVA.regular.event.csv",4858
"BAL197809011","CHA",6,0,1,0,0,"",0,3,"johnl101","?","johnl101","?","palmj001","?","palmj001","?","dempr001","murre001","smitb101","decid001","garck001","kellp101","harll101","singk001","squim001","","","8.1-2","F","F",10,4,2,"T","T",0,"F","F",1,"F","F",0,"F","F",8,"F","F","F","",0,0,"N",0,"N",0,"N",0,2,0,0,"8","","","","F","F","F","F","F","F","F","F","F","palmj001","","","F","F","F","F","F","","","","",0,8,0,0,0,0,0,0,0,46,"BAL","CHA","BAL",0,"F","F",0,3,0,21,2,"T","F",1,2,"T","T","ortaj001","lemoc001","T","T",3,3,45,0,0,0,0,0,0,"dempr001","","",0,0,0,0,0,0,0,0,0,0,0,0,0,"harll101","F","F","F","F",0,0,0,0,0,0,0,0,0,0,F,F,"1978BAL.EVA.regular.event.csv",4859
"BAL197809011","CHA",6,0,2,0,0,"",0,3,"ortaj001","?","ortaj001","?","palmj001","?","palmj001","?","dempr001","murre001","smitb101","decid001","garck001","kellp101","harll101","singk001","","squim001","","W","F","F",4,5,14,"T","F",0,"F","F",0,"F","F",0,"F","F",0,"","F","F","",0,0,"N",0,"N",0,"N",1,0,2,0,"","","","","F","F","F","F","F","F","F","F","F","","palmj001","","F","F","F","F","F","","","","",0,0,0,0,0,0,0,0,0,47,"BAL","CHA","BAL",0,"F","F",0,3,0,22,3,"T","F",2,3,"T","T","lemoc001","sodee101","T","T",0,0,0,3,3,45,0,0,0,"","dempr001","",0,0,0,0,0,0,0,0,0,0,0,0,0,"","F","F","F","F",0,0,0,0,0,0,0,0,0,0,F,F,"1978BAL.EVA.regular.event.csv",4860
"BAL197809011","CHA",6,0,2,0,0,"",0,3,"lemoc001","?","lemoc001","?","palmj001","?","palmj001","?","dempr001","murre001","smitb101","decid001","garck001","kellp101","harll101","singk001","ortaj001","squim001","","W.2-3;1-2","F","F",9,6,14,"T","F",0,"F","F",0,"F","F",0,"F","F",0,"","F","F","",0,0,"N",0,"N",0,"N",1,2,3,0,"","","","","F","F","F","F","F","F","F","F","F","palmj001","palmj001","","F","F","F","F","F","","","","",0,0,0,0,0,0,0,0,0,48,"BAL","CHA","BAL",0,"F","F",0,3,0,23,4,"T","F",3,7,"T","T","sodee101","boslt001","T","T",4,5,47,3,3,45,0,0,0,"dempr001","dempr001","",0,0,0,0,0,0,0,0,0,0,0,0,0,"","F","F","F","F",0,0,0,0,0,0,0,0,0,0,F,F,"1978BAL.EVA.regular.event.csv",4861
"BAL197809011","CHA",6,0,2,0,0,"",0,3,"sodee101","?","sodee101","?","palmj001","?","palmj001","?","dempr001","murre001","smitb101","decid001","garck001","kellp101","harll101","singk001","lemoc001","ortaj001","squim001","3/FL","F","F",5,7,2,"T","T",0,"F","F",1,"F","F",0,"F","F",3,"F","F","T","",0,0,"N",0,"N",0,"N",0,1,2,3,"3","","","","F","F","F","F","F","F","F","F","F","palmj001","palmj001","palmj001","F","F","F","F","F","","","","",0,3,0,0,0,0,0,0,0,49,"BAL","CHA","BAL",0,"F","T",0,3,0,24,5,"T","F",7,7,"T","T","boslt001","nahob001","T","T",9,6,48,4,5,47,3,3,45,"dempr001","dempr001","dempr001",0,0,0,0,0,0,0,0,0,0,0,0,0,"murre001","F","F","F","F",0,0,0,0,0,0,0,0,0,0,F,F,"1978BAL.EVA.regular.event.csv",4862
"BAL197809011","CHA",6,1,0,0,0,"",0,3,"murre001","?","murre001","?","stons101","?","stons101","?","nahob001","squim001","ortaj001","sodee101","kessd101","washc001","boslt001","lemoc001","","","","K","T","F",3,4,3,"T","T",0,"F","F",1,"F","F",0,"F","F",0,"","F","F","",0,0,"N",0,"N",0,"N",0,0,0,0,"2","","","","F","F","F","F","F","F","F","F","F","","","","F","F","F","F","F","","","","",0,2,0,0,0,0,0,0,0,50,"BAL","BAL","CHA",1,"T","F",3,0,0,21,0,"T","F",0,0,"T","T","decid001","crowt101","T","T",0,0,0,0,0,0,0,0,0,"","","",0,0,0,0,0,0,0,0,0,0,0,0,0,"","F","F","F","F",0,0,0,0,0,0,0,0,0,0,F,F,"1978BAL.EVA.regular.event.csv",4863
"BAL197809011","CHA",6,1,1,0,0,"",0,3,"decid001","?","decid001","?","stons101","?","stons101","?","nahob001","squim001","ortaj001","sodee101","kessd101","washc001","boslt001","lemoc001","","","","W","F","F",5,5,14,"T","F",0,"F","F",0,"F","F",0,"F","F",0,"","F","F","",0,0,"N",0,"N",0,"N",1,0,0,0,"","","","","F","F","F","F","F","F","F","F","F","","","","F","F","F","F","F","","","","",0,0,0,0,0,0,0,0,0,51,"BAL","BAL","CHA",1,"F","F",3,0,0,22,1,"T","F",0,1,"T","T","crowt101","dempr001","T","T",0,0,0,0,0,0,0,0,0,"","","",0,0,0,0,0,0,0,0,0,0,0,0,0,"","F","F","F","F",0,0,0,0,0,0,0,0,0,0,F,F,"1978BAL.EVA.regular.event.csv",4864
"BAL197809011","CHA",6,1,1,0,0,"",0,3,"crowt101","?","crowt101","?","stons101","?","stons101","?","nahob001","squim001","ortaj001","sodee101","kessd101","washc001","boslt001","lemoc001","decid001","","","8","F","F",10,6,2,"T","T",0,"F","F",1,"F","F",0,"F","F",8,"F","F","F","",0,0,"N",0,"N",0,"N",0,1,0,0,"8","","","","F","F","F","F","F","F","F","F","F","stons101","","","F","F","F","F","F","","","","",0,8,0,0,0,0,0,0,0,52,"BAL","BAL","CHA",1,"F","F",3,0,0,23,2,"T","F",1,1,"T","T","dempr001","smitb101","T","T",5,5,51,0,0,0,0,0,0,"nahob001","","",0,0,0,0,0,0,0,0,0,0,0,0,0,"boslt001","F","F","F","F",0,0,0,0,0,0,0,0,0,0,F,F,"1978BAL.EVA.regular.event.csv",4865
"BAL197809011","CHA",6,1,2,0,0,"",0,3,"dempr001","?","dempr001","?","stons101","?","stons101","?","nahob001","squim001","ortaj001","sodee101","kessd101","washc001","boslt001","lemoc001","decid001","","","43","F","F",2,7,2,"T","T",0,"F","F",1,"F","F",0,"F","F",4,"G","F","F","",0,0,"N",0,"N",0,"N",0,1,0,0,"43","","","","F","F","F","F","F","F","F","F","F","stons101","","","F","F","F","F","F","","","","",0,3,0,0,4,0,0,0,0,53,"BAL","BAL","CHA",1,"F","T",3,0,0,24,3,"T","F",1,1,"T","T","smitb101","garck001","T","T",5,5,51,0,0,0,0,0,0,"nahob001","","",0,0,0,0,0,0,0,0,0,0,0,0,0,"ortaj001","F","F","F","F",0,0,0,0,0,0,0,0,0,0,F,F,"1978BAL.EVA.regular.event.csv",4866
"BAL197809011","CHA",7,0,0,0,0,"",0,3,"boslt001","?","boslt001","?","palmj001","?","palmj001","?","dempr001","murre001","smitb101","decid001","garck001","kellp101","harll101","singk001","","","","31","T","F",8,8,2,"T","T",0,"F","F",1,"F","F",0,"F","F",3,"G","F","F","",0,0,"N",0,"N",0,"N",0,0,0,0,"31","","","","F","F","F","F","F","F","F","F","F","","","","F","F","F","F","F","","","","",0,1,0,0,3,0,0,0,0,54,"BAL","CHA","BAL",0,"T","F",0,3,0,25,0,"T","F",0,0,"T","T","nahob001","washc001","T","T",0,0,0,0,0,0,0,0,0,"","","",0,0,0,0,0,0,0,0,0,0,0,0,0,"murre001","F","F","F","F",0,0,0,0,0,0,0,0,0,0,F,F,"1978BAL.EVA.regular.event.csv",4867
"BAL197809011","CHA",7,0,1,0,0,"",0,3,"nahob001","?","nahob001","?","palmj001","?","palmj001","?","dempr001","murre001","smitb101","decid001","garck001","kellp101","harll101","singk001","","","","8","F","F",2,9,2,"T","T",0,"F","F",1,"F","F",0,"F","F",8,"F","F","F","",0,0,"N",0,"N",0,"N",0,0,0,0,"8","","","","F","F","F","F","F","F","F","F","F","","","","F","F","F","F","F","","","","",0,8,0,0,0,0,0,0,0,55,"BAL","CHA","BAL",0,"F","F",0,3,0,26,1,"T","F",0,0,"T","T","washc001","kessd101","T","T",0,0,0,0,0,0,0,0,0,"","","",0,0,0,0,0,0,0,0,0,0,0,0,0,"harll101","F","F","F","F",0,0,0,0,0,0,0,0,0,0,F,F,"1978BAL.EVA.regular.event.csv",4868
"BAL197809011","CHA",7,0,2,0,0,"",0,3,"washc001","?","washc001","?","palmj001","?","palmj001","?","dempr001","murre001","smitb101","decid001","garck001","kellp101","harll101","singk001","","","","7","F","F",7,1,2,"T","T",0,"F","F",1,"F","F",0,"F","F",7,"F","F","F","",0,0,"N",0,"N",0,"N",0,0,0,0,"7","","","","F","F","F","F","F","F","F","F","F","","","","F","F","F","F","F","","","","",0,7,0,0,0,0,0,0,0,56,"BAL","CHA","BAL",0,"F","T",0,3,0,27,2,"T","F",0,0,"T","T","kessd101","squim001","T","T",0,0,0,0,0,0,0,0,0,"","","",0,0,0,0,0,0,0,0,0,0,0,0,0,"kellp101","F","F","F","F",0,0,0,0,0,0,0,0,0,0,F,F,"1978BAL.EVA.regular.event.csv",4869
"BAL197809011","CHA",7,1,0,0,0,"",0,3,"smitb101","?","smitb101","?","stons101","?","stons101","?","nahob001","squim001","ortaj001","sodee101","kessd101","washc001","boslt001","lemoc001","","","","W","T","F",4,8,14,"T","F",0,"F","F",0,"F","F",0,"F","F",0,"","F","F","",0,0,"N",0,"N",0,"N",1,0,0,0,"","","","","F","F","F","F","F","F","F","F","F","","","","F","F","F","F","F","","","","",0,0,0,0,0,0,0,0,0,57,"BAL","BAL","CHA",1,"T","F",3,0,0,25,0,"T","F",0,1,"T","T","garck001","harll101","T","T",0,0,0,0,0,0,0,0,0,"","","",0,0,0,0,0,0,0,0,0,0,0,0,0,"","F","F","F","F",0,0,0,0,0,0,0,0,0,0,F,F,"1978BAL.EVA.regular.event.csv",4870
"BAL197809011","CHA",7,1,0,0,0,"",0,3,"garck001","?","garck001","?","stons101","?","stons101","?","nahob001","squim001","ortaj001","sodee101","kessd101","washc001","boslt001","lemoc001","smitb101","","","14/SH.1-2","F","F",6,9,2,"T","F",0,"T","F",1,"F","F",0,"F","F",1,"G","T","F","",0,0,"N",0,"N",0,"N",0,2,0,0,"14","","","","F","F","F","F","F","F","F","F","F","stons101","","","F","F","F","F","F","","","","",0,4,0,0,1,0,0,0,0,58,"BAL","BAL","CHA",1,"F","F",3,0,0,26,1,"T","F",1,2,"T","T","harll101","kellp101","T","T",4,8,57,0,0,0,0,0,0,"nahob001","","",0,0,0,0,0,0,0,0,0,0,0,0,0,"stons101","F","F","F","F",0,0,0,0,0,0,0,0,0,0,F,F,"1978BAL.EVA.regular.event.csv",4871
"BAL197809011","CHA",7,1,1,0,0,"",0,3,"harll101","?","harll101","?","stons101","?","stons101","?","nahob001","squim001","ortaj001","sodee101","kessd101","washc001","boslt001","lemoc001","","smitb101","","4(B)6(2)/LDP","F","F",8,1,2,"T","T",0,"F","F",2,"T","F",0,"F","F",4,"L","F","F","",0,0,"N",0,"N",0,"N",0,0,0,0,"4","","46","","F","F","F","F","F","F","F","F","F","","stons101","","F","F","F","F","F","","","","",0,4,6,0,4,0,0,0,0,59,"BAL","BAL","CHA",1,"F","T",3,0,0,27,2,"T","F",2,0,"T","T","kellp101","singk001","T","T",0,0,0,4,8,57,0,0,0,"","nahob001","",0,0,0,0,0,0,0,0,0,0,0,0,0,"ortaj001","F","F","F","F",0,0,0,0,0,0,0,0,0,0,F,F,"1978BAL.EVA.regular.event.csv",4872
"BAL197809011","CHA",8,0,0,0,0,"",0,3,"kessd101","?","kessd101","?","palmj001","?","palmj001","?","dempr001","murre001","smitb101","decid001","belam101","kellp101","harll101","singk001","","","","S9","T","F",6,2,20,"T","T",1,"F","F",0,"F","F",0,"F","F",9,"","F","F","",0,0,"N",0,"N",0,"N",1,0,0,0,"","","","","F","F","F","F","F","F","F","F","F","","","","F","F","F","F","F","","","","",0,0,0,0,0,0,0,0,0,60,"BAL","CHA","BAL",0,"T","F",0,3,0,28,0,"T","F",0,1,"T","T","squim001","johnl101","T","T",0,0,0,0,0,0,0,0,0,"","","",0,0,0,0,0,0,0,0,0,0,0,0,0,"singk001","F","F","F","F",0,0,0,0,0,0,0,0,0,0,F,F,"1978BAL.EVA.regular.event.csv",4873
"BAL197809011","CHA",8,0,0,0,0,"",0,3,"squim001","?","squim001","?","palmj001","?","palmj001","?","dempr001","murre001","smitb101","decid001","belam101","kellp101","harll101","singk001","kessd101","","","D7.1-3","F","F",3,3,21,"T","T",2,"F","F",0,"F","F",0,"F","F",7,"","F","F","",0,0,"N",0,"N",0,"N",2,3,0,0,"","","","","F","F","F","F","F","F","F","F","F","palmj001","","","F","F","F","F","F","","","","",0,0,0,0,0,0,0,0,0,61,"BAL","CHA","BAL",0,"F","F",0,3,0,29,1,"T","F",1,6,"T","T","johnl101","ortaj001","T","T",6,2,60,0,0,0,0,0,0,"dempr001","","",0,0,0,0,0,0,0,0,0,0,0,0,0,"kellp101","F","F","F","F",0,0,0,0,0,0,0,0,0,0,F,F,"1978BAL.EVA.regular.event.csv",4874
"BAL197809011","CHA",8,0,0,0,0,"",0,3,"johnl101","?","johnl101","?","stand101","?","stand101","?","dempr001","murre001","smitb101","decid001","belam101","kellp101","harll101","singk001","","squim001","kessd101","43/DP.3XH(35)","F","F",10,4,2,"T","T",0,"F","F",2,"T","F",0,"F","F",4,"G","F","F","",0,0,"N",0,"N",0,"N",0,0,2,0,"43","","","35","F","F","F","F","F","F","F","F","F","","palmj001","palmj001","F","F","F","F","F","","","","",0,3,5,0,4,3,0,0,0,62,"BAL","CHA","BAL",0,"F","F",0,3,0,30,2,"T","F",6,2,"T","T","ortaj001","lemoc001","F","F",0,0,0,3,3,61,6,2,60,"","dempr001","dempr001",0,0,0,0,0,0,0,0,0,0,0,0,0,"smitb101","F","F","F","F",0,0,0,0,0,0,0,0,0,0,F,F,"1978BAL.EVA.regular.event.csv",4875
"BAL197809011","CHA",8,0,2,0,0,"",0,3,"ortaj001","?","ortaj001","?","stand101","?","stand101","?","dempr001","murre001","smitb101","decid001","belam101","kellp101","harll101","singk001","","squim001","","63","F","F",4,5,2,"T","T",0,"F","F",1,"F","F",0,"F","F",6,"G","F","F","",0,0,"N",0,"N",0,"N",0,0,2,0,"63","","","","F","F","F","F","F","F","F","F","F","","palmj001","","F","F","F","F","F","","","","",0,3,0,0,6,0,0,0,0,63,"BAL","CHA","BAL",0,"F","T",0,3,0,31,3,"T","F",2,2,"T","T","lemoc001","sodee101","F","F",0,0,0,3,3,61,0,0,0,"","dempr001","",0,0,0,0,0,0,0,0,0,0,0,0,0,"belam101","F","F","F","F",0,0,0,0,0,0,0,0,0,0,F,F,"1978BAL.EVA.regular.event.csv",4876
"BAL197809011","CHA",8,1,0,0,0,"",0,3,"kellp101","?","kellp101","?","stons101","?","stons101","?","nahob001","squim001","ortaj001","sodee101","kessd101","washc001","boslt001","lemoc001","","","","3/G","T","F",7,2,2,"T","T",0,"F","F",1,"F","F",0,"F","F",3,"G","F","F","",0,0,"N",0,"N",0,"N",0,0,0,0,"3","","","","F","F","F","F","F","F","F","F","F","","","","F","F","F","F","F","","","","",0,3,0,0,0,0,0,0,0,64,"BAL","BAL","CHA",1,"T","F",3,0,0,28,0,"T","F",0,0,"T","T","singk001","murre001","T","T",0,0,0,0,0,0,0,0,0,"","","",0,0,0,0,0,0,0,0,0,0,0,0,0,"squim001","F","F","F","F",0,0,0,0,0,0,0,0,0,0,F,F,"1978BAL.EVA.regular.event.csv",4877
"BAL197809011","CHA",8,1,1,0,0,"",0,3,"singk001","?","singk001","?","stons101","?","stons101","?","nahob001","squim001","ortaj001","sodee101","kessd101","washc001","boslt001","lemoc001","","","","7","F","F",9,3,2,"T","T",0,"F","F",1,"F","F",0,"F","F",7,"F","F","F","",0,0,"N",0,"N",0,"N",0,0,0,0,"7","","","","F","F","F","F","F","F","F","F","F","","","","F","F","F","F","F","","","","",0,7,0,0,0,0,0,0,0,65,"BAL","BAL","CHA",1,"F","F",3,0,0,29,1,"T","F",0,0,"T","T","murre001","decid001","T","T",0,0,0,0,0,0,0,0,0,"","","",0,0,0,0,0,0,0,0,0,0,0,0,0,"washc001","F","F","F","F",0,0,0,0,0,0,0,0,0,0,F,F,"1978BAL.EVA.regular.event.csv",4878
"BAL197809011","CHA",8,1,2,0,0,"",0,3,"murre001","?","murre001","?","stons101","?","stons101","?","nahob001","squim001","ortaj001","sodee101","kessd101","washc001","boslt001","lemoc001","","","","9","F","F",3,4,2,"T","T",0,"F","F",1,"F","F",0,"F","F",9,"F","F","F","",0,0,"N",0,"N",0,"N",0,0,0,0,"9","","","","F","F","F","F","F","F","F","F","F","","","","F","F","F","F","F","","","","",0,9,0,0,0,0,0,0,0,66,"BAL","BAL","CHA",1,"F","T",3,0,0,30,2,"T","F",0,0,"T","T","decid001","crowt101","T","T",0,0,0,0,0,0,0,0,0,"","","",0,0,0,0,0,0,0,0,0,0,0,0,0,"lemoc001","F","F","F","F",0,0,0,0,0,0,0,0,0,0,F,F,"1978BAL.EVA.regular.event.csv",4879
"BAL197809011","CHA",9,0,0,0,0,"",0,3,"lemoc001","?","lemoc001","?","stand101","?","stand101","?","dempr001","murre001","smitb101","decid001","belam101","andem101","harll101","lopec101","","","","K","T","F",9,6,3,"T","T",0,"F","F",1,"F","F",0,"F","F",0,"","F","F","",0,0,"N",0,"N",0,"N",0,0,0,0,"2","","","","F","F","F","F","F","F","F","F","F","","","","F","F","F","F","F","","","","",0,2,0,0,0,0,0,0,0,67,"BAL","CHA","BAL",0,"T","F",0,3,0,32,0,"T","F",0,0,"T","T","sodee101","boslt001","F","F",0,0,0,0,0,0,0,0,0,"","","",0,0,0,0,0,0,0,0,0,0,0,0,0,"","F","F","F","F",0,0,0,0,0,0,0,0,0,0,F,F,"1978BAL.EVA.regular.event.csv",4880
"BAL197809011","CHA",9,0,1,0,0,"",0,3,"sodee101","?","sodee101","?","stand101","?","stand101","?","dempr001","murre001","smitb101","decid001","belam101","andem101","harll101","lopec101","","","","5/P","F","F",5,7,2,"T","T",0,"F","F",1,"F","F",0,"F","F",5,"P","F","F","",0,0,"N",0,"N",0,"N",0,0,0,0,"5","","","","F","F","F","F","F","F","F","F","F","","","","F","F","F","F","F","","","","",0,5,0,0,0,0,0,0,0,68,"BAL","CHA","BAL",0,"F","F",0,3,0,33,1,"T","F",0,0,"T","T","boslt001","nahob001","F","F",0,0,0,0,0,0,0,0,0,"","","",0,0,0,0,0,0,0,0,0,0,0,0,0,"decid001","F","F","F","F",0,0,0,0,0,0,0,0,0,0,F,F,"1978BAL.EVA.regular.event.csv",4881
"BAL197809011","CHA",9,0,2,0,0,"",0,3,"boslt001","?","boslt001","?","stand101","?","stand101","?","dempr001","murre001","smitb101","decid001","belam101","andem101","harll101","lopec101","","","","13","F","F",8,8,2,"T","T",0,"F","F",1,"F","F",0,"F","F",1,"G","F","F","",0,0,"N",0,"N",0,"N",0,0,0,0,"13","","","","F","F","F","F","F","F","F","F","F","","","","F","T","F","F","F","","","","",0,3,0,0,1,0,0,0,0,69,"BAL","CHA","BAL",0,"F","T",0,3,0,34,2,"T","F",0,0,"T","T","nahob001","washc001","F","F",0,0,0,0,0,0,0,0,0,"","","",0,0,0,0,0,0,0,0,0,0,0,0,0,"stand101","F","F","F","F",0,0,0,0,0,0,0,0,0,0,F,F,"1978BAL.EVA.regular.event.csv",4882
"BAL197809012","CHA",1,0,0,0,0,"",0,0,"washc001","?","washc001","?","stews001","?","stews001","?","skagd101","murre001","dauer001","decid001","belam101","moraa101","lopec101","andem101","","","","S8","T","F",7,1,20,"T","T",1,"F","F",0,"F","F",0,"F","F",8,"","F","F","",0,0,"N",0,"N",0,"N",1,0,0,0,"","","","","F","F","F","F","F","F","F","F","F","","","","T","F","F","F","F","","","","",0,0,0,0,0,0,0,0,0,1,"BAL","CHA","BAL",0,"T","F",0,0,0,0,0,"T","F",0,1,"T","T","pryog001","squim001","T","T",0,0,0,0,0,0,0,0,0,"","","",0,0,0,0,0,0,0,0,0,0,0,0,0,"lopec101","F","F","F","F",0,0,0,0,0,0,0,0,0,0,F,F,"1978BAL.EVA.regular.event.csv",4883
"BAL197809012","CHA",1,0,0,0,0,"",0,0,"pryog001","?","pryog001","?","stews001","?","stews001","?","skagd101","murre001","dauer001","decid001","belam101","moraa101","lopec101","andem101","washc001","","","CS2(24)","F","F",6,2,6,"F","F",0,"F","F",1,"F","F",0,"F","F",0,"","F","F","",0,0,"N",0,"N",0,"N",0,0,0,0,"","24","","","F","F","F","T","F","F","F","F","F","stews001","","","F","F","F","F","F","","","","",0,4,0,0,2,0,0,0,0,2,"BAL","CHA","BAL",0,"F","F",0,0,0,1,1,"T","F",1,0,"T","T","squim001","blomr101","T","T",7,1,1,0,0,0,0,0,0,"skagd101","","",0,0,0,0,0,0,0,0,0,0,0,0,0,"","F","F","F","F",0,0,0,0,0,0,0,0,0,0,F,F,"1978BAL.EVA.regular.event.csv",4884
"BAL197809012","CHA",1,0,1,0,0,"",0,0,"pryog001","?","pryog001","?","stews001","?","stews001","?","skagd101","murre001","dauer001","decid001","belam101","moraa101","lopec101","andem101","","","","3E1.B-1","F","F",6,2,2,"T","T",0,"F","F",0,"F","F",0,"F","F",3,"G","F","F","",1,1,"D",0,"N",0,"N",1,0,0,0,"3E1","","","","F","F","F","F","F","F","F","F","F","","","","F","F","F","F","F","","","","",0,0,0,0,3,0,0,0,0,3,"BAL","CHA","BAL",0,"F","F",0,0,0,1,1,"F","F",0,1,"T","T","squim001","blomr101","T","T",0,0,0,0,0,0,0,0,0,"","","",0,0,0,0,0,0,0,0,0,0,0,0,0,"murre001","F","F","F","T",0,0,0,0,0,0,0,0,0,0,F,F,"1978BAL.EVA.regular.event.csv",4885
"BAL197809012","CHA",1,0,1,0,0,"",0,0,"squim001","?","squim001","?","stews001","?","stews001","?","skagd101","murre001","dauer001","decid001","belam101","moraa101","lopec101","andem101","pryog001","","","31.1-2","F","F",3,3,2,"T","T",0,"F","F",1,"F","F",0,"F","F",3,"G","F","F","",0,0,"N",0,"N",0,"N",0,2,0,0,"31","","","","F","F","F","F","F","F","F","F","F","stews001","","","F","F","F","F","F","","","","",0,1,0,0,3,0,0,0,0,4,"BAL","CHA","BAL",0,"F","F",0,0,0,2,2,"T","F",1,2,"T","T","blomr101","ortaj001","T","T",6,2,3,0,0,0,0,0,0,"skagd101","","",0,0,0,0,0,0,0,0,0,0,0,0,0,"murre001","F","F","F","F",0,0,0,0,0,0,0,0,0,0,F,F,"1978BAL.EVA.regular.event.csv",4886
"BAL197809012","CHA",1,0,2,0,0,"",0,0,"blomr101","?","blomr101","?","stews001","?","stews001","?","skagd101","murre001","dauer001","decid001","belam101","moraa101","lopec101","andem101","","pryog001","","WP.2-3","F","F",10,4,9,"F","F",0,"F","F",0,"F","F",0,"T","F",0,"","F","F","",0,0,"N",0,"N",0,"N",0,0,3,0,"","","","","F","F","F","F","F","F","F","F","F","","stews001","","F","F","F","F","F","","","","",0,0,0,0,0,0,0,0,0,5,"BAL","CHA","BAL",0,"F","F",0,0,0,3,3,"T","F",2,4,"T","T","ortaj001","lemoc001","T","T",0,0,0,6,2,3,0,0,0,"","skagd101","",0,0,0,0,0,0,0,0,0,0,0,0,0,"","F","F","F","F",0,0,0,0,0,0,0,0,0,0,F,F,"1978BAL.EVA.regular.event.csv",4887
"BAL197809012","CHA",1,0,2,0,0,"",0,0,"blomr101","?","blomr101","?","stews001","?","stews001","?","skagd101","murre001","dauer001","decid001","belam101","moraa101","lopec101","andem101","","","pryog001","9","F","F",10,4,2,"T","T",0,"F","F",1,"F","F",0,"F","F",9,"F","F","F","",0,0,"N",0,"N",0,"N",0,0,0,3,"9","","","","F","F","F","F","F","F","F","F","F","","","stews001","F","F","F","F","F","","","","",0,9,0,0,0,0,0,0,0,6,"BAL","CHA","BAL",0,"F","T",0,0,0,3,3,"F","F",4,4,"T","T","ortaj001","lemoc001","T","T",0,0,0,0,0,0,6,2,3,"","","skagd101",0,0,0,0,0,0,0,0,0,0,0,0,0,"andem101","F","F","F","F",0,0,0,0,0,0,0,0,0,0,F,F,"1978BAL.EVA.regular.event.csv",4888
"BAL197809012","CHA",1,1,0,0,0,"",0,0,"belam101","?","belam101","?","baumr101","?","baumr101","?","colbm101","squim001","ortaj001","bellk101","pryog001","washc001","boslt001","lemoc001","","","","W","T","F",6,1,14,"T","F",0,"F","F",0,"F","F",0,"F","F",0,"","F","F","",0,0,"N",0,"N",0,"N",1,0,0,0,"","","","","F","F","F","F","F","F","F","F","F","","","","F","F","F","F","F","","","","",0,0,0,0,0,0,0,0,0,7,"BAL","BAL","CHA",1,"T","F",0,0,0,0,0,"T","F",0,1,"T","T","dauer001","decid001","T","T",0,0,0,0,0,0,0,0,0,"","","",0,0,0,0,0,0,0,0,0,0,0,0,0,"","F","F","F","F",4,0,0,0,4,0,0,0,0,0,F,F,"1978BAL.EVA.regular.event.csv",4889
"BAL197809012","CHA",1,1,0,0,0,"",0,0,"dauer001","?","dauer001","?","baumr101","?","baumr101","?","colbm101","squim001","ortaj001","bellk101","pryog001","washc001","boslt001","lemoc001","belam101","","","D/89.1-H","F","F",4,2,21,"T","T",2,"F","F",0,"F","F",1,"F","F",0,"","F","F","89",0,0,"N",0,"N",0,"N",2,4,0,0,"","","","","F","F","F","F","F","F","F","F","F","baumr101","","","F","F","F","F","F","","","","",0,0,0,0,0,0,0,0,0,8,"BAL","BAL","CHA",1,"F","F",0,0,0,1,1,"T","F",1,2,"T","T","decid001","murre001","T","T",6,1,7,0,0,0,0,0,0,"colbm101","","",0,0,0,0,0,0,0,0,0,0,0,0,1,"","F","F","F","F",4,4,0,0,3,0,0,0,0,0,F,F,"1978BAL.EVA.regular.event.csv",4890
"BAL197809012","CHA",1,1,0,0,0,"",0,1,"decid001","?","decid001","?","baumr101","?","baumr101","?","colbm101","squim001","ortaj001","bellk101","pryog001","washc001","boslt001","lemoc001","","dauer001","","S7.2-3;B-2(THH)","F","F",5,3,20,"T","T",1,"F","F",0,"F","F",0,"F","F",7,"","F","F","",0,0,"N",0,"N",0,"N",2,0,3,0,"","","","","F","F","F","F","F","F","F","F","F","","baumr101","","F","F","F","F","F","","","","",0,0,0,0,0,0,0,0,0,9,"BAL","BAL","CHA",1,"F","F",1,0,1,2,2,"T","F",2,6,"T","T","murre001","may-l101","T","T",0,0,0,4,2,8,0,0,0,"","colbm101","",0,0,0,0,0,0,0,0,0,0,0,0,0,"washc001","F","F","F","F",4,0,4,0,3,0,0,0,0,0,F,F,"1978BAL.EVA.regular.event.csv",4891
"BAL197809012","CHA",1,1,0,0,0,"",0,1,"murre001","?","murre001","?","baumr101","?","baumr101","?","colbm101","squim001","ortaj001","bellk101","pryog001","washc001","boslt001","lemoc001","","decid001","dauer001","9/SF.3-H;2-3","F","F",3,4,2,"T","F",0,"F","T",1,"F","F",1,"F","F",9,"F","F","F","",0,0,"N",0,"N",0,"N",0,0,3,4,"9","","","","F","F","F","F","F","F","F","F","F","","baumr101","baumr101","F","F","F","F","F","","","","",0,9,0,0,0,0,0,0,0,10,"BAL","BAL","CHA",1,"F","F",1,0,1,3,3,"T","F",6,4,"T","T","may-l101","moraa101","T","T",0,0,0,5,3,9,4,2,8,"","colbm101","colbm101",0,0,0,0,0,0,0,0,0,0,0,0,1,"lemoc001","F","F","F","F",0,0,4,4,2,0,0,0,0,0,F,F,"1978BAL.EVA.regular.event.csv",4892
"BAL197809012","CHA",1,1,1,0,0,"",0,2,"may-l101","?","may-l101","?","baumr101","?","baumr101","?","colbm101","squim001","ortaj001","bellk101","pryog001","washc001","boslt001","lemoc001","","","decid001","HR.3-H","F","F",10,5,23,"T","T",4,"F","F",0,"F","F",2,"F","F",0,"","F","F","",0,0,"N",0,"N",0,"N",4,0,0,4,"","","","","F","F","F","F","F","F","F","F","F","","","baumr101","F","F","F","F","F","","","","",0,0,0,0,0,0,0,0,0,11,"BAL","BAL","CHA",1,"F","F",2,0,2,4,4,"T","F",4,0,"T","T","moraa101","andem101","T","T",0,0,0,0,0,0,5,3,9,"","","colbm101",0,0,0,0,0,0,0,0,0,0,0,0,2,"","F","F","F","F",4,0,0,4,0,0,0,0,0,0,F,F,"1978BAL.EVA.regular.event.csv",4893
"BAL197809012","CHA",1,1,1,0,0,"",0,4,"moraa101","?","moraa101","?","baumr101","?","baumr101","?","colbm101","squim001","ortaj001","bellk101","pryog001","washc001","boslt001","lemoc001","","","","K","F","F",7,6,3,"T","T",0,"F","F",1,"F","F",0,"F","F",0,"","F","F","",0,0,"N",0,"N",0,"N",0,0,0,0,"2","","","","F","F","F","F","F","F","F","F","F","","","","F","F","F","F","F","","","","",0,2,0,0,0,0,0,0,0,12,"BAL","BAL","CHA",1,"F","F",4,0,4,5,5,"T","F",0,0,"T","T","andem101","lopec101","T","T",0,0,0,0,0,0,0,0,0,"","","",0,0,0,0,0,0,0,0,0,0,0,0,0,"","F","F","F","F",0,0,0,0,0,0,0,0,0,0,F,F,"1978BAL.EVA.regular.event.csv",4894
"BAL197809012","CHA",1,1,2,0,0,"",0,4,"andem101","?","andem101","?","baumr101","?","baumr101","?","colbm101","squim001","ortaj001","bellk101","pryog001","washc001","boslt001","lemoc001","","","","S","F","F",9,7,20,"T","T",1,"F","F",0,"F","F",0,"F","F",0,"","F","F","",0,0,"N",0,"N",0,"N",1,0,0,0,"","","","","F","F","F","F","F","F","F","F","F","","","","F","F","F","F","F","","","","",0,0,0,0,0,0,0,0,0,13,"BAL","BAL","CHA",1,"F","F",4,0,4,6,6,"T","F",0,1,"T","T","lopec101","skagd101","T","T",0,0,0,0,0,0,0,0,0,"","","",0,0,0,0,0,0,0,0,0,0,0,0,0,"","F","F","F","F",0,0,0,0,0,0,0,0,0,0,F,F,"1978BAL.EVA.regular.event.csv",4895
"BAL197809012","CHA",1,1,2,0,0,"",0,4,"lopec101","?","lopec101","?","baumr101","?","baumr101","?","colbm101","squim001","ortaj001","bellk101","pryog001","washc001","boslt001","lemoc001","andem101","","","S.1-3","F","F",8,8,20,"T","T",1,"F","F",0,"F","F",0,"F","F",0,"","F","F","",0,0,"N",0,"N",0,"N",1,3,0,0,"","","","","F","F","F","F","F","F","F","F","F","baumr101","","","F","F","F","F","F","","","","",0,0,0,0,0,0,0,0,0,14,"BAL","BAL","CHA",1,"F","F",4,0,4,7,7,"T","F",1,5,"T","T","skagd101","belam101","T","T",9,7,13,0,0,0,0,0,0,"colbm101","","",0,0,0,0,0,0,0,0,0,0,0,0,0,"","F","F","F","F",0,0,0,0,0,0,0,0,0,0,F,F,"1978BAL.EVA.regular.event.csv",4896
"BAL197809012","CHA",1,1,2,0,0,"",0,4,"skagd101","?","skagd101","?","schur101","?","schur101","?","colbm101","squim001","ortaj001","bellk101","pryog001","washc001","boslt001","lemoc001","lopec101","","andem101","64(1)/FO","F","F",2,9,2,"T","T",0,"F","F",1,"F","F",0,"F","F",6,"G","F","F","",0,0,"N",0,"N",0,"N",1,0,0,3,"","64","","","F","F","F","F","F","F","F","F","F","baumr101","","baumr101","F","F","F","F","F","","","","",0,4,0,0,6,0,0,0,0,15,"BAL","BAL","CHA",1,"F","T",4,0,4,8,8,"T","F",5,5,"T","T","belam101","dauer001","F","F",8,8,14,0,0,0,9,7,13,"colbm101","","colbm101",0,0,0,0,0,0,0,0,0,0,0,0,0,"pryog001","T","F","F","F",0,0,0,0,0,0,0,0,0,0,F,F,"1978BAL.EVA.regular.event.csv",4897
"BAL197809012","CHA",2,0,0,0,0,"",0,4,"ortaj001","?","ortaj001","?","stews001","?","stews001","?","skagd101","murre001","dauer001","decid001","belam101","moraa101","lopec101","andem101","","","","K","T","F",4,5,3,"T","T",0,"F","F",1,"F","F",0,"F","F",0,"","F","F","",0,0,"N",0,"N",0,"N",0,0,0,0,"2","","","","F","F","F","F","F","F","F","F","F","","","","F","F","F","F","F","","","","",0,2,0,0,0,0,0,0,0,16,"BAL","CHA","BAL",0,"T","F",0,4,0,4,0,"T","F",0,0,"T","T","lemoc001","boslt001","T","T",0,0,0,0,0,0,0,0,0,"","","",0,0,0,0,0,0,0,0,0,0,0,0,0,"","F","F","F","F",0,0,0,0,0,0,0,0,0,0,F,F,"1978BAL.EVA.regular.event.csv",4898
"BAL197809012","CHA",2,0,1,0,0,"",0,4,"lemoc001","?","lemoc001","?","stews001","?","stews001","?","skagd101","murre001","dauer001","decid001","belam101","moraa101","lopec101","andem101","","","","K","F","F",9,6,3,"T","T",0,"F","F",1,"F","F",0,"F","F",0,"","F","F","",0,0,"N",0,"N",0,"N",0,0,0,0,"2","","","","F","F","F","F","F","F","F","F","F","","","","F","F","F","F","F","","","","",0,2,0,0,0,0,0,0,0,17,"BAL","CHA","BAL",0,"F","F",0,4,0,5,1,"T","F",0,0,"T","T","boslt001","colbm101","T","T",0,0,0,0,0,0,0,0,0,"","","",0,0,0,0,0,0,0,0,0,0,0,0,0,"","F","F","F","F",0,0,0,0,0,0,0,0,0,0,F,F,"1978BAL.EVA.regular.event.csv",4899
"BAL197809012","CHA",2,0,2,0,0,"",0,4,"boslt001","?","boslt001","?","stews001","?","stews001","?","skagd101","murre001","dauer001","decid001","belam101","moraa101","lopec101","andem101","","","","K","F","F",8,7,3,"T","T",0,"F","F",1,"F","F",0,"F","F",0,"","F","F","",0,0,"N",0,"N",0,"N",0,0,0,0,"2","","","","F","F","F","F","F","F","F","F","F","","","","F","F","F","F","F","","","","",0,2,0,0,0,0,0,0,0,18,"BAL","CHA","BAL",0,"F","T",0,4,0,6,2,"T","F",0,0,"T","T","colbm101","bellk101","T","T",0,0,0,0,0,0,0,0,0,"","","",0,0,0,0,0,0,0,0,0,0,0,0,0,"","F","F","F","F",0,0,0,0,0,0,0,0,0,0,F,F,"1978BAL.EVA.regular.event.csv",4900
"BAL197809012","CHA",2,1,0,0,0,"",0,4,"belam101","?","belam101","?","schur101","?","schur101","?","colbm101","squim001","ortaj001","bellk101","pryog001","washc001","boslt001","lemoc001","","","","S8","T","F",6,1,20,"T","T",1,"F","F",0,"F","F",0,"F","F",8,"","F","F","",0,0,"N",0,"N",0,"N",1,0,0,0,"","","","","F","F","F","F","F","F","F","F","F","","","","F","F","F","F","F","","","","",0,0,0,0,0,0,0,0,0,19,"BAL","BAL","CHA",1,"T","F",4,0,0,9,0,"T","F",0,1,"T","T","dauer001","decid001","F","F",0,0,0,0,0,0,0,0,0,"","","",0,0,0,0,0,0,0,0,0,0,0,0,0,"boslt001","F","F","F","F",4,0,0,0,3,0,0,0,0,0,F,F,"1978BAL.EVA.regular.event.csv",4901
"BAL197809012","CHA",2,1,0,0,0,"",0,4,"dauer001","?","dauer001","?","schur101","?","schur101","?","colbm101","squim001","ortaj001","bellk101","pryog001","washc001","boslt001","lemoc001","belam101","","","53.1-2","F","F",4,2,2,"T","T",0,"F","F",1,"F","F",0,"F","F",5,"G","F","F","",0,0,"N",0,"N",0,"N",0,2,0,0,"53","","","","F","F","F","F","F","F","F","F","F","schur101","","","F","F","F","F","F","","","","",0,3,0,0,5,0,0,0,0,20,"BAL","BAL","CHA",1,"F","F",4,0,0,10,1,"T","F",1,2,"T","T","decid001","murre001","F","F",6,1,19,0,0,0,0,0,0,"colbm101","","",0,0,0,0,0,0,0,0,0,0,0,0,0,"bellk101","F","F","F","F",0,4,0,0,3,0,0,0,0,0,F,F,"1978BAL.EVA.regular.event.csv",4902
"BAL197809012","CHA",2,1,1,0,0,"",0,4,"decid001","?","decid001","?","schur101","?","schur101","?","colbm101","squim001","ortaj001","bellk101","pryog001","washc001","boslt001","lemoc001","","belam101","","W","F","F",5,3,14,"T","F",0,"F","F",0,"F","F",0,"F","F",0,"","F","F","",0,0,"N",0,"N",0,"N",1,0,2,0,"","","","","F","F","F","F","F","F","F","F","F","","schur101","","F","F","F","F","F","","","","",0,0,0,0,0,0,0,0,0,21,"BAL","BAL","CHA",1,"F","F",4,0,0,11,2,"T","F",2,3,"T","T","murre001","may-l101","F","F",0,0,0,6,1,19,0,0,0,"","colbm101","",0,0,0,0,0,0,0,0,0,0,0,0,0,"","F","F","F","F",4,0,4,0,3,0,0,0,0,0,F,F,"1978BAL.EVA.regular.event.csv",4903
"BAL197809012","CHA",2,1,1,0,0,"",0,4,"murre001","?","murre001","?","schur101","?","schur101","?","colbm101","squim001","ortaj001","bellk101","pryog001","washc001","boslt001","lemoc001","decid001","belam101","","HR.2-H;1-H","F","F",3,4,23,"T","T",4,"F","F",0,"F","F",3,"F","F",0,"","F","F","",0,0,"N",0,"N",0,"N",4,4,4,0,"","","","","F","F","F","F","F","F","F","F","F","schur101","schur101","","F","F","F","F","F","","","","",0,0,0,0,0,0,0,0,0,22,"BAL","BAL","CHA",1,"F","F",4,0,0,12,3,"T","F",3,0,"T","T","may-l101","moraa101","F","F",5,3,21,6,1,19,0,0,0,"colbm101","colbm101","",0,0,0,0,0,0,0,0,0,0,0,0,3,"","F","F","F","F",4,4,4,0,0,0,0,0,0,0,F,F,"1978BAL.EVA.regular.event.csv",4904
"BAL197809012","CHA",2,1,1,0,0,"",0,7,"may-l101","?","may-l101","?","schur101","?","schur101","?","colbm101","squim001","ortaj001","bellk101","pryog001","washc001","boslt001","lemoc001","","","","53","F","F",10,5,2,"T","T",0,"F","F",1,"F","F",0,"F","F",5,"G","F","F","",0,0,"N",0,"N",0,"N",0,0,0,0,"53","","","","F","F","F","F","F","F","F","F","F","","","","F","F","F","F","F","","","","",0,3,0,0,5,0,0,0,0,23,"BAL","BAL","CHA",1,"F","F",7,0,3,13,4,"T","F",0,0,"T","T","moraa101","andem101","F","F",0,0,0,0,0,0,0,0,0,"","","",0,0,0,0,0,0,0,0,0,0,0,0,0,"bellk101","F","F","F","F",0,0,0,0,0,0,0,0,0,0,F,F,"1978BAL.EVA.regular.event.csv",4905
"BAL197809012","CHA",2,1,2,0,0,"",0,7,"moraa101","?","moraa101","?","schur101","?","schur101","?","colbm101","squim001","ortaj001","bellk101","pryog001","washc001","boslt001","lemoc001","","","","K","F","F",7,6,3,"T","T",0,"F","F",1,"F","F",0,"F","F",0,"","F","F","",0,0,"N",0,"N",0,"N",0,0,0,0,"2","","","","F","F","F","F","F","F","F","F","F","","","","F","F","F","F","F","","","","",0,2,0,0,0,0,0,0,0,24,"BAL","BAL","CHA",1,"F","T",7,0,3,14,5,"T","F",0,0,"T","T","andem101","lopec101","F","F",0,0,0,0,0,0,0,0,0,"","","",0,0,0,0,0,0,0,0,0,0,0,0,0,"","F","F","F","F",0,0,0,0,0,0,0,0,0,0,F,F,"1978BAL.EVA.regular.event.csv",4906
"BAL197809012","CHA",3,0,0,0,0,"",0,7,"colbm101","?","colbm101","?","stews001","?","stews001","?","skagd101","murre001","dauer001","decid001","belam101","moraa101","lopec101","andem101","","","","K/C","T","F",2,8,3,"T","T",0,"F","F",1,"F","F",0,"F","F",0,"","F","F","",0,0,"N",0,"N",0,"N",0,0,0,0,"2","","","","F","F","F","F","F","F","F","F","F","","","","F","F","F","F","F","","","","",0,2,0,0,0,0,0,0,0,25,"BAL","CHA","BAL",0,"T","F",0,7,0,7,0,"T","F",0,0,"T","T","bellk101","washc001","T","T",0,0,0,0,0,0,0,0,0,"","","",0,0,0,0,0,0,0,0,0,0,0,0,0,"","F","F","F","F",0,0,0,0,0,0,0,0,0,0,F,F,"1978BAL.EVA.regular.event.csv",4907
"BAL197809012","CHA",3,0,1,0,0,"",0,7,"bellk101","?","bellk101","?","stews001","?","stews001","?","skagd101","murre001","dauer001","decid001","belam101","moraa101","lopec101","andem101","","","","K/C","F","F",5,9,3,"T","T",0,"F","F",1,"F","F",0,"F","F",0,"","F","F","",0,0,"N",0,"N",0,"N",0,0,0,0,"2","","","","F","F","F","F","F","F","F","F","F","","","","F","F","F","F","F","","","","",0,2,0,0,0,0,0,0,0,26,"BAL","CHA","BAL",0,"F","F",0,7,0,8,1,"T","F",0,0,"T","T","washc001","pryog001","T","T",0,0,0,0,0,0,0,0,0,"","","",0,0,0,0,0,0,0,0,0,0,0,0,0,"","F","F","F","F",0,0,0,0,0,0,0,0,0,0,F,F,"1978BAL.EVA.regular.event.csv",4908
"BAL197809012","CHA",3,0,2,0,0,"",0,7,"washc001","?","washc001","?","stews001","?","stews001","?","skagd101","murre001","dauer001","decid001","belam101","moraa101","lopec101","andem101","","","","K","F","F",7,1,3,"T","T",0,"F","F",1,"F","F",0,"F","F",0,"","F","F","",0,0,"N",0,"N",0,"N",0,0,0,0,"2","","","","F","F","F","F","F","F","F","F","F","","","","F","F","F","F","F","","","","",0,2,0,0,0,0,0,0,0,27,"BAL","CHA","BAL",0,"F","T",0,7,0,9,2,"T","F",0,0,"T","T","pryog001","squim001","T","T",0,0,0,0,0,0,0,0,0,"","","",0,0,0,0,0,0,0,0,0,0,0,0,0,"","F","F","F","F",0,0,0,0,0,0,0,0,0,0,F,F,"1978BAL.EVA.regular.event.csv",4909
"BAL197809012","CHA",3,1,0,0,0,"",0,7,"andem101","?","andem101","?","schur101","?","schur101","?","colbm101","squim001","ortaj001","bellk101","pryog001","washc001","boslt001","lemoc001","","","","43","T","F",9,7,2,"T","T",0,"F","F",1,"F","F",0,"F","F",4,"G","F","F","",0,0,"N",0,"N",0,"N",0,0,0,0,"43","","","","F","F","F","F","F","F","F","F","F","","","","F","F","F","F","F","","","","",0,3,0,0,4,0,0,0,0,28,"BAL","BAL","CHA",1,"T","F",7,0,0,15,0,"T","F",0,0,"T","T","lopec101","skagd101","F","F",0,0,0,0,0,0,0,0,0,"","","",0,0,0,0,0,0,0,0,0,0,0,0,0,"ortaj001","F","F","F","F",0,0,0,0,1,0,0,0,0,0,F,F,"1978BAL.EVA.regular.event.csv",4910
"BAL197809012","CHA",3,1,1,0,0,"",0,7,"lopec101","?","lopec101","?","schur101","?","schur101","?","colbm101","squim001","ortaj001","bellk101","pryog001","washc001","boslt001","lemoc001","","","","S5.B-2(E5/TH1)","F","F",8,8,20,"T","T",1,"F","F",0,"F","F",0,"F","F",5,"","F","F","",1,5,"T",0,"N",0,"N",2,0,0,0,"","","","","F","F","F","F","F","F","F","F","F","","","","F","F","F","F","F","","","","",0,0,0,0,0,0,0,0,0,29,"BAL","BAL","CHA",1,"F","F",7,0,0,16,1,"T","F",0,2,"T","T","skagd101","belam101","F","F",0,0,0,0,0,0,0,0,0,"","","",0,0,0,0,0,0,0,0,0,0,0,0,0,"bellk101","F","F","F","F",5,0,0,0,1,0,0,0,0,0,F,F,"1978BAL.EVA.regular.event.csv",4911
"BAL197809012","CHA",3,1,1,0,0,"",0,7,"skagd101","?","skagd101","?","schur101","?","schur101","?","colbm101","squim001","ortaj001","bellk101","pryog001","washc001","boslt001","lemoc001","","lopec101","","8","F","F",2,9,2,"T","T",0,"F","F",1,"F","F",0,"F","F",8,"F","F","F","",0,0,"N",0,"N",0,"N",0,0,2,0,"8","","","","F","F","F","F","F","F","F","F","F","","schur101","","F","F","F","F","F","","","","",0,8,0,0,0,0,0,0,0,30,"BAL","BAL","CHA",1,"F","F",7,0,0,17,2,"T","F",2,2,"T","T","belam101","dauer001","F","F",0,0,0,8,8,29,0,0,0,"","colbm101","",0,0,0,0,0,0,0,0,0,0,0,0,0,"boslt001","F","F","F","F",0,0,5,0,1,0,0,0,0,0,F,F,"1978BAL.EVA.regular.event.csv",4912
"BAL197809012","CHA",3,1,2,0,0,"",0,7,"belam101","?","belam101","?","schur101","?","schur101","?","colbm101","squim001","ortaj001","bellk101","pryog001","washc001","boslt001","lemoc001","","lopec101","","S8.2-H(UR)","F","F",6,1,20,"T","T",1,"F","F",0,"F","F",1,"F","F",8,"","F","F","",0,0,"N",0,"N",0,"N",1,0,5,0,"","","","","F","F","F","F","F","F","F","F","F","","schur101","","F","F","F","F","F","","","","",0,0,0,0,0,0,0,0,0,31,"BAL","BAL","CHA",1,"F","F",7,0,0,18,3,"T","F",2,1,"T","T","dauer001","decid001","F","F",0,0,0,8,8,29,0,0,0,"","colbm101","",0,0,0,0,0,0,0,0,0,0,0,0,1,"boslt001","F","F","F","F",0,0,5,0,0,0,0,0,0,0,F,F,"1978BAL.EVA.regular.event.csv",4913
"BAL197809012","CHA",3,1,2,0,0,"",0,8,"dauer001","?","dauer001","?","schur101","?","schur101","?","colbm101","squim001","ortaj001","bellk101","pryog001","washc001","boslt001","lemoc001","belam101","","","W.1-2","F","F",4,2,14,"T","F",0,"F","F",0,"F","F",0,"F","F",0,"","F","F","",0,0,"N",0,"N",0,"N",1,2,0,0,"","","","","F","F","F","F","F","F","F","F","F","schur101","","","F","F","F","F","F","","","","",0,0,0,0,0,0,0,0,0,32,"BAL","BAL","CHA",1,"F","F",8,0,1,19,4,"T","F",1,3,"T","T","decid001","murre001","F","F",6,1,31,0,0,0,0,0,0,"colbm101","","",0,0,0,0,0,0,0,0,0,0,0,0,0,"","F","F","F","F",0,0,0,0,0,0,0,0,0,0,F,F,"1978BAL.EVA.regular.event.csv",4914
"BAL197809012","CHA",3,1,2,0,0,"",0,8,"decid001","?","decid001","?","schur101","?","schur101","?","colbm101","squim001","ortaj001","bellk101","pryog001","washc001","boslt001","lemoc001","dauer001","belam101","","6/L","F","F",5,3,2,"T","T",0,"F","F",1,"F","F",0,"F","F",6,"L","F","F","",0,0,"N",0,"N",0,"N",0,1,2,0,"6","","","","F","F","F","F","F","F","F","F","F","schur101","schur101","","F","F","F","F","F","","","","",0,6,0,0,0,0,0,0,0,33,"BAL","BAL","CHA",1,"F","T",8,0,1,20,5,"T","F",3,3,"T","T","murre001","may-l101","F","F",4,2,32,6,1,31,0,0,0,"colbm101","colbm101","",0,0,0,0,0,0,0,0,0,0,0,0,0,"pryog001","F","F","F","F",0,0,0,0,0,0,0,0,0,0,F,F,"1978BAL.EVA.regular.event.csv",4915
"BAL197809012","CHA",4,0,0,0,0,"",0,8,"pryog001","?","pryog001","?","stews001","?","stews001","?","skagd101","murre001","dauer001","decid001","belam101","moraa101","lopec101","andem101","","","","K","T","F",6,2,3,"T","T",0,"F","F",1,"F","F",0,"F","F",0,"","F","F","",0,0,"N",0,"N",0,"N",0,0,0,0,"2","","","","F","F","F","F","F","F","F","F","F","","","","F","F","F","F","F","","","","",0,2,0,0,0,0,0,0,0,34,"BAL","CHA","BAL",0,"T","F",0,8,0,10,0,"T","F",0,0,"T","T","squim001","blomr101","T","T",0,0,0,0,0,0,0,0,0,"","","",0,0,0,0,0,0,0,0,0,0,0,0,0,"","F","F","F","F",0,0,0,0,0,0,0,0,0,0,F,F,"1978BAL.EVA.regular.event.csv",4916
"BAL197809012","CHA",4,0,1,0,0,"",0,8,"squim001","?","squim001","?","stews001","?","stews001","?","skagd101","murre001","dauer001","decid001","belam101","moraa101","lopec101","andem101","","","","7","F","F",3,3,2,"T","T",0,"F","F",1,"F","F",0,"F","F",7,"F","F","F","",0,0,"N",0,"N",0,"N",0,0,0,0,"7","","","","F","F","F","F","F","F","F","F","F","","","","F","F","F","F","F","","","","",0,7,0,0,0,0,0,0,0,35,"BAL","CHA","BAL",0,"F","F",0,8,0,11,1,"T","F",0,0,"T","T","blomr101","ortaj001","T","T",0,0,0,0,0,0,0,0,0,"","","",0,0,0,0,0,0,0,0,0,0,0,0,0,"moraa101","F","F","F","F",0,0,0,0,0,0,0,0,0,0,F,F,"1978BAL.EVA.regular.event.csv",4917
"BAL197809012","CHA",4,0,2,0,0,"",0,8,"blomr101","?","blomr101","?","stews001","?","stews001","?","skagd101","murre001","dauer001","decid001","belam101","moraa101","lopec101","andem101","","","","9","F","F",10,4,2,"T","T",0,"F","F",1,"F","F",0,"F","F",9,"F","F","F","",0,0,"N",0,"N",0,"N",0,0,0,0,"9","","","","F","F","F","F","F","F","F","F","F","","","","F","F","F","F","F","","","","",0,9,0,0,0,0,0,0,0,36,"BAL","CHA","BAL",0,"F","T",0,8,0,12,2,"T","F",0,0,"T","T","ortaj001","lemoc001","T","T",0,0,0,0,0,0,0,0,0,"","","",0,0,0,0,0,0,0,0,0,0,0,0,0,"andem101","F","F","F","F",0,0,0,0,0,0,0,0,0,0,F,F,"1978BAL.EVA.regular.event.csv",4918
"BAL197809012","CHA",4,1,0,0,0,"",0,8,"murre001","?","murre001","?","schur101","?","schur101","?","colbm101","squim001","ortaj001","bellk101","pryog001","washc001","boslt001","lemoc001","","","","K","T","F",3,4,3,"T","T",0,"F","F",1,"F","F",0,"F","F",0,"","F","F","",0,0,"N",0,"N",0,"N",0,0,0,0,"2","","","","F","F","F","F","F","F","F","F","F","","","","F","F","F","F","F","","","","",0,2,0,0,0,0,0,0,0,37,"BAL","BAL","CHA",1,"T","F",8,0,0,21,0,"T","F",0,0,"T","T","may-l101","moraa101","F","F",0,0,0,0,0,0,0,0,0,"","","",0,0,0,0,0,0,0,0,0,0,0,0,0,"","F","F","F","F",0,0,0,0,0,0,0,0,0,0,F,F,"1978BAL.EVA.regular.event.csv",4919
"BAL197809012","CHA",4,1,1,0,0,"",0,8,"may-l101","?","may-l101","?","schur101","?","schur101","?","colbm101","squim001","ortaj001","bellk101","pryog001","washc001","boslt001","lemoc001","","","","W","F","F",10,5,14,"T","F",0,"F","F",0,"F","F",0,"F","F",0,"","F","F","",0,0,"N",0,"N",0,"N",1,0,0,0,"","","","","F","F","F","F","F","F","F","F","F","","","","F","F","F","F","F","","","","",0,0,0,0,0,0,0,0,0,38,"BAL","BAL","CHA",1,"F","F",8,0,0,22,1,"T","F",0,1,"T","T","moraa101","andem101","F","F",0,0,0,0,0,0,0,0,0,"","","",0,0,0,0,0,0,0,0,0,0,0,0,0,"","F","F","F","F",0,0,0,0,0,0,0,0,0,0,F,F,"1978BAL.EVA.regular.event.csv",4920
"BAL197809012","CHA",4,1,1,0,0,"",0,8,"moraa101","?","moraa101","?","schur101","?","schur101","?","colbm101","squim001","ortaj001","bellk101","pryog001","washc001","boslt001","lemoc001","may-l101","","","54(1)3/GDP","F","F",7,6,2,"T","T",0,"F","F",2,"T","F",0,"F","F",5,"G","F","F","",0,0,"N",0,"N",0,"N",0,0,0,0,"43","54","","","F","F","F","F","F","F","F","F","F","schur101","","","F","F","F","F","F","","","","",0,4,3,0,5,4,0,0,0,39,"BAL","BAL","CHA",1,"F","T",8,0,0,23,2,"T","F",1,0,"T","T","andem101","lopec101","F","F",10,5,38,0,0,0,0,0,0,"colbm101","","",0,0,0,0,0,0,0,0,0,0,0,0,0,"bellk101","T","F","F","F",0,0,0,0,0,0,0,0,0,0,F,F,"1978BAL.EVA.regular.event.csv",4921
"BAL197809012","CHA",5,0,0,0,0,"",0,8,"ortaj001","?","ortaj001","?","stews001","?","stews001","?","skagd101","murre001","dauer001","decid001","belam101","moraa101","lopec101","andem101","","","","K","T","F",4,5,3,"T","T",0,"F","F",1,"F","F",0,"F","F",0,"","F","F","",0,0,"N",0,"N",0,"N",0,0,0,0,"2","","","","F","F","F","F","F","F","F","F","F","","","","F","F","F","F","F","","","","",0,2,0,0,0,0,0,0,0,40,"BAL","CHA","BAL",0,"T","F",0,8,0,13,0,"T","F",0,0,"T","T","lemoc001","boslt001","T","T",0,0,0,0,0,0,0,0,0,"","","",0,0,0,0,0,0,0,0,0,0,0,0,0,"","F","F","F","F",0,0,0,0,0,0,0,0,0,0,F,F,"1978BAL.EVA.regular.event.csv",4922
"BAL197809012","CHA",5,0,1,0,0,"",0,8,"lemoc001","?","lemoc001","?","stews001","?","stews001","?","skagd101","murre001","dauer001","decid001","belam101","moraa101","lopec101","andem101","","","","7","F","F",9,6,2,"T","T",0,"F","F",1,"F","F",0,"F","F",7,"F","F","F","",0,0,"N",0,"N",0,"N",0,0,0,0,"7","","","","F","F","F","F","F","F","F","F","F","","","","F","F","F","F","F","","","","",0,7,0,0,0,0,0,0,0,41,"BAL","CHA","BAL",0,"F","F",0,8,0,14,1,"T","F",0,0,"T","T","boslt001","colbm101","T","T",0,0,0,0,0,0,0,0,0,"","","",0,0,0,0,0,0,0,0,0,0,0,0,0,"moraa101","F","F","F","F",0,0,0,0,0,0,0,0,0,0,F,F,"1978BAL.EVA.regular.event.csv",4923
"BAL197809012","CHA",5,0,2,0,0,"",0,8,"boslt001","?","boslt001","?","stews001","?","stews001","?","skagd101","murre001","dauer001","decid001","belam101","moraa101","lopec101","andem101","","","","S7.B-2(E7)#","F","F",8,7,20,"T","T",1,"F","F",0,"F","F",0,"F","F",7,"","F","F","",1,7,"F",0,"N",0,"N",2,0,0,0,"","","","","F","F","F","F","F","F","F","F","F","","","","F","F","F","F","F","","","","",0,0,0,0,0,0,0,0,0,42,"BAL","CHA","BAL",0,"F","F",0,8,0,15,2,"T","F",0,2,"T","T","colbm101","bellk101","T","T",0,0,0,0,0,0,0,0,0,"","","",0,0,0,0,0,0,0,0,0,0,0,0,0,"moraa101","F","F","F","F",0,0,0,0,0,0,0,0,0,0,F,T,"1978BAL.EVA.regular.event.csv",4924
"BAL197809012","CHA",5,0,2,0,0,"",0,8,"colbm101","?","colbm101","?","stews001","?","stews001","?","skagd101","murre001","dauer001","decid001","belam101","moraa101","lopec101","andem101","","boslt001","","FC5.2X3(5)#","F","F",2,8,19,"T","T",0,"F","F",1,"F","F",0,"F","F",5,"G","F","F","",0,0,"N",0,"N",0,"N",1,0,0,0,"","","5","","F","F","F","F","F","F","F","F","F","","stews001","","F","F","F","F","F","","","","",0,5,0,0,0,0,0,0,0,43,"BAL","CHA","BAL",0,"F","T",0,8,0,16,3,"T","F",2,1,"T","T","bellk101","washc001","T","T",0,0,0,8,7,42,0,0,0,"","skagd101","",0,0,0,0,0,0,0,0,0,0,0,0,0,"decid001","F","F","F","F",1,0,0,0,0,0,0,0,0,0,F,T,"1978BAL.EVA.regular.event.csv",4925
"BAL197809012","CHA",5,1,0,0,0,"",0,8,"andem101","?","andem101","?","schur101","?","schur101","?","colbm101","squim001","edenm101","bellk101","pryog001","washc001","boslt001","lemoc001","","","","T8","T","F",9,7,22,"T","T",3,"F","F",0,"F","F",0,"F","F",8,"","F","F","",0,0,"N",0,"N",0,"N",3,0,0,0,"","","","","F","F","F","F","F","F","F","F","F","","","","F","F","F","F","F","","","","",0,0,0,0,0,0,0,0,0,44,"BAL","BAL","CHA",1,"T","F",8,0,0,24,0,"T","F",0,4,"T","T","lopec101","skagd101","F","F",0,0,0,0,0,0,0,0,0,"","","",0,0,0,0,0,0,0,0,0,0,0,0,0,"boslt001","F","F","F","F",4,0,0,0,1,0,0,0,0,0,F,F,"1978BAL.EVA.regular.event.csv",4926
"BAL197809012","CHA",5,1,0,0,0,"",0,8,"lopec101","?","lopec101","?","schur101","?","schur101","?","colbm101","squim001","edenm101","bellk101","pryog001","washc001","boslt001","lemoc001","","","andem101","D7.3-H","F","F",8,8,21,"T","T",2,"F","F",0,"F","F",1,"F","F",7,"","F","F","",0,0,"N",0,"N",0,"N",2,0,0,4,"","","","","F","F","F","F","F","F","F","F","F","","","schur101","F","F","F","F","F","","","","",0,0,0,0,0,0,0,0,0,45,"BAL","BAL","CHA",1,"F","F",8,0,0,25,1,"T","F",4,2,"T","T","skagd101","belam101","F","F",0,0,0,0,0,0,9,7,44,"","","colbm101",0,0,0,0,0,0,0,0,0,0,0,0,1,"washc001","F","F","F","F",0,0,0,4,0,0,0,0,0,0,F,F,"1978BAL.EVA.regular.event.csv",4927
"BAL197809012","CHA",5,1,0,0,0,"",0,9,"skagd101","?","skagd101","?","schur101","?","schur101","?","colbm101","squim001","edenm101","bellk101","pryog001","washc001","boslt001","lemoc001","","lopec101","","53","F","F",2,9,2,"T","T",0,"F","F",1,"F","F",0,"F","F",5,"G","F","F","",0,0,"N",0,"N",0,"N",0,0,2,0,"53","","","","F","F","F","F","F","F","F","F","F","","schur101","","F","F","F","F","F","","","","",0,3,0,0,5,0,0,0,0,46,"BAL","BAL","CHA",1,"F","F",9,0,1,26,2,"T","F",2,2,"T","T","belam101","dauer001","F","F",0,0,0,8,8,45,0,0,0,"","colbm101","",0,0,0,0,0,0,0,0,0,0,0,0,0,"bellk101","F","F","F","F",0,0,0,0,0,0,0,0,0,0,F,F,"1978BAL.EVA.regular.event.csv",4928
"BAL197809012","CHA",5,1,1,0,0,"",0,9,"belam101","?","belam101","?","schur101","?","schur101","?","colbm101","squim001","edenm101","bellk101","pryog001","washc001","boslt001","lemoc001","","lopec101","","HP","F","F",6,1,16,"T","F",0,"F","F",0,"F","F",0,"F","F",0,"","F","F","",0,0,"N",0,"N",0,"N",1,0,2,0,"","","","","F","F","F","F","F","F","F","F","F","","schur101","","F","F","F","F","F","","","","",0,0,0,0,0,0,0,0,0,47,"BAL","BAL","CHA",1,"F","F",9,0,1,27,3,"T","F",2,3,"T","T","dauer001","decid001","F","F",0,0,0,8,8,45,0,0,0,"","colbm101","",0,0,0,0,0,0,0,0,0,0,0,0,0,"","F","F","F","F",0,0,0,0,0,0,0,0,0,0,F,F,"1978BAL.EVA.regular.event.csv",4929
"BAL197809012","CHA",5,1,1,0,0,"",0,9,"dauer001","?","dauer001","?","schur101","?","schur101","?","colbm101","squim001","edenm101","bellk101","pryog001","washc001","boslt001","lemoc001","belam101","lopec101","","54(1)3/GDP","F","F",4,2,2,"T","T",0,"F","F",2,"T","F",0,"F","F",5,"G","F","F","",0,0,"N",0,"N",0,"N",0,0,2,0,"43","54","","","F","F","F","F","F","F","F","F","F","schur101","schur101","","F","F","F","F","F","","","","",0,4,3,0,5,4,0,0,0,48,"BAL","BAL","CHA",1,"F","T",9,0,1,28,4,"T","F",3,2,"T","T","decid001","murre001","F","F",6,1,47,8,8,45,0,0,0,"colbm101","colbm101","",0,0,0,0,0,0,0,0,0,0,0,0,0,"bellk101","T","F","F","F",0,0,0,0,0,0,0,0,0,0,F,F,"1978BAL.EVA.regular.event.csv",4930
"BAL197809012","CHA",6,0,0,0,0,"",0,9,"bellk101","?","bellk101","?","stews001","?","stews001","?","skagd101","murre001","dauer001","decid001","belam101","moraa101","lopec101","andem101","","","","K/C","T","F",5,9,3,"T","T",0,"F","F",1,"F","F",0,"F","F",0,"","F","F","",0,0,"N",0,"N",0,"N",0,0,0,0,"2","","","","F","F","F","F","F","F","F","F","F","","","","F","F","F","F","F","","","","",0,2,0,0,0,0,0,0,0,49,"BAL","CHA","BAL",0,"T","F",0,9,0,17,0,"T","F",0,0,"T","T","washc001","pryog001","T","T",0,0,0,0,0,0,0,0,0,"","","",0,0,0,0,0,0,0,0,0,0,0,0,0,"","F","F","F","F",0,0,0,0,2,0,0,0,0,0,F,F,"1978BAL.EVA.regular.event.csv",4931
"BAL197809012","CHA",6,0,1,0,0,"",0,9,"washc001","?","washc001","?","stews001","?","stews001","?","skagd101","murre001","dauer001","decid001","belam101","moraa101","lopec101","andem101","","","","S4","F","F",7,1,20,"T","T",1,"F","F",0,"F","F",0,"F","F",4,"","F","F","",0,0,"N",0,"N",0,"N",1,0,0,0,"","","","","F","F","F","F","F","F","F","F","F","","","","F","F","F","F","F","","","","",0,0,0,0,0,0,0,0,0,50,"BAL","CHA","BAL",0,"F","F",0,9,0,18,1,"T","F",0,1,"T","T","pryog001","squim001","T","T",0,0,0,0,0,0,0,0,0,"","","",0,0,0,0,0,0,0,0,0,0,0,0,0,"dauer001","F","F","F","F",4,0,0,0,2,0,0,0,0,0,F,F,"1978BAL.EVA.regular.event.csv",4932
"BAL197809012","CHA",6,0,1,0,0,"",0,9,"pryog001","?","pryog001","?","stews001","?","stews001","?","skagd101","murre001","dauer001","decid001","belam101","moraa101","lopec101","andem101","washc001","","","S9.1-2","F","F",6,2,20,"T","T",1,"F","F",0,"F","F",0,"F","F",9,"","F","F","",0,0,"N",0,"N",0,"N",1,2,0,0,"","","","","F","F","F","F","F","F","F","F","F","stews001","","","F","F","F","F","F","","","","",0,0,0,0,0,0,0,0,0,51,"BAL","CHA","BAL",0,"F","F",0,9,0,19,2,"T","F",1,3,"T","T","squim001","blomr101","T","T",7,1,50,0,0,0,0,0,0,"skagd101","","",0,0,0,0,0,0,0,0,0,0,0,0,0,"andem101","F","F","F","F",4,4,0,0,2,0,0,0,0,0,F,F,"1978BAL.EVA.regular.event.csv",4933
"BAL197809012","CHA",6,0,1,0,0,"",0,9,"squim001","?","squim001","?","stews001","?","stews001","?","skagd101","murre001","dauer001","decid001","belam101","moraa101","lopec101","andem101","pryog001","washc001","","S9.2-3;1-2","F","F",3,3,20,"T","T",1,"F","F",0,"F","F",0,"F","F",9,"","F","F","",0,0,"N",0,"N",0,"N",1,2,3,0,"","","","","F","F","F","F","F","F","F","F","F","stews001","stews001","","F","F","F","F","F","","","","",0,0,0,0,0,0,0,0,0,52,"BAL","CHA","BAL",0,"F","F",0,9,0,20,3,"T","F",3,7,"T","T","blomr101","edenm101","T","T",6,2,51,7,1,50,0,0,0,"skagd101","skagd101","",0,0,0,0,0,0,0,0,0,0,0,0,0,"andem101","F","F","F","F",0,4,4,0,2,0,0,0,0,0,F,F,"1978BAL.EVA.regular.event.csv",4934
"BAL197809012","CHA",6,0,1,0,0,"",0,9,"blomr101","?","blomr101","?","stews001","?","stews001","?","skagd101","murre001","dauer001","decid001","belam101","moraa101","lopec101","andem101","squim001","pryog001","washc001","S8.3-H;2-H;1-3","F","F",10,4,20,"T","T",1,"F","F",0,"F","F",2,"F","F",8,"","F","F","",0,0,"N",0,"N",0,"N",1,3,4,4,"","","","","F","F","F","F","F","F","F","F","F","stews001","stews001","stews001","F","F","F","F","F","","","","",0,0,0,0,0,0,0,0,0,53,"BAL","CHA","BAL",0,"F","F",0,9,0,21,4,"T","F",7,5,"T","T","edenm101","lemoc001","T","T",3,3,52,6,2,51,7,1,50,"skagd101","skagd101","skagd101",0,0,0,0,0,0,0,0,0,0,0,0,2,"lopec101","F","F","F","F",0,0,4,4,0,0,0,0,0,0,F,F,"1978BAL.EVA.regular.event.csv",4935
"BAL197809012","CHA",6,0,1,0,0,"",2,9,"edenm101","?","edenm101","?","kerrj101","?","kerrj101","?","skagd101","murre001","dauer001","decid001","belam101","moraa101","lopec101","andem101","blomr101","","squim001","FC5.3XH(52);1-2;B-1","F","F",4,5,19,"T","T",0,"F","F",1,"F","F",0,"F","F",5,"G","F","F","",0,0,"N",0,"N",0,"N",1,2,0,0,"","","","52","F","F","F","F","F","F","F","F","F","stews001","","stews001","F","F","F","F","F","","","","",0,2,0,0,5,0,0,0,0,54,"BAL","CHA","BAL",0,"F","F",2,9,2,22,5,"T","F",5,3,"F","F","lemoc001","boslt001","F","F",10,4,53,0,0,0,3,3,52,"skagd101","","skagd101",0,0,0,0,0,0,0,0,0,0,0,0,0,"decid001","F","F","F","F",1,0,0,0,0,0,0,0,0,0,F,F,"1978BAL.EVA.regular.event.csv",4936
"BAL197809012","CHA",6,0,2,0,0,"",2,9,"lemoc001","?","lemoc001","?","kerrj101","?","kerrj101","?","skagd101","murre001","dauer001","decid001","belam101","moraa101","lopec101","andem101","edenm101","blomr101","","5(2)/FO","F","F",9,6,2,"T","T",0,"F","F",1,"F","F",0,"F","F",5,"G","F","F","",0,0,"N",0,"N",0,"N",1,1,0,0,"","","5","","F","F","F","F","F","F","F","F","F","stews001","stews001","","F","F","F","F","F","","","","",0,5,0,0,0,0,0,0,0,55,"BAL","CHA","BAL",0,"F","T",2,9,2,23,6,"T","F",3,1,"T","T","boslt001","colbm101","F","F",4,5,54,10,4,53,0,0,0,"skagd101","skagd101","",0,0,0,0,0,0,0,0,0,0,0,0,0,"decid001","F","T","F","F",1,1,0,0,0,0,0,0,0,0,F,F,"1978BAL.EVA.regular.event.csv",4937
"BAL197809012","CHA",6,1,0,0,0,"",2,9,"smitb101","?","smitb101","?","willj102","?","willj102","?","colbm101","squim001","edenm101","bellk101","pryog001","washc001","boslt001","lemoc001","","","","63","T","T",11,3,2,"T","T",0,"F","F",1,"F","F",0,"F","F",6,"G","F","F","",0,0,"N",0,"N",0,"N",0,0,0,0,"63","","","","F","F","F","F","F","F","F","F","F","","","","F","F","F","F","F","","","","decid001",5,3,0,0,6,0,0,0,0,56,"BAL","BAL","CHA",1,"T","F",9,2,0,29,0,"T","F",0,0,"F","F","murre001","may-l101","F","F",0,0,0,0,0,0,0,0,0,"","","",0,0,0,0,0,0,0,0,0,0,0,0,0,"pryog001","F","F","F","F",0,0,0,0,0,0,0,0,0,0,F,F,"1978BAL.EVA.regular.event.csv",4938
"BAL197809012","CHA",6,1,1,0,0,"",2,9,"murre001","?","murre001","?","willj102","?","willj102","?","colbm101","squim001","edenm101","bellk101","pryog001","washc001","boslt001","lemoc001","","","","7","F","F",3,4,2,"T","T",0,"F","F",1,"F","F",0,"F","F",7,"F","F","F","",0,0,"N",0,"N",0,"N",0,0,0,0,"7","","","","F","F","F","F","F","F","F","F","F","","","","F","F","F","F","F","","","","",0,7,0,0,0,0,0,0,0,57,"BAL","BAL","CHA",1,"F","F",9,2,0,30,1,"T","F",0,0,"T","T","may-l101","moraa101","F","F",0,0,0,0,0,0,0,0,0,"","","",0,0,0,0,0,0,0,0,0,0,0,0,0,"washc001","F","F","F","F",0,0,0,0,0,0,0,0,0,0,F,F,"1978BAL.EVA.regular.event.csv",4939
"BAL197809012","CHA",6,1,2,0,0,"",2,9,"may-l101","?","may-l101","?","willj102","?","willj102","?","colbm101","squim001","edenm101","bellk101","pryog001","washc001","boslt001","lemoc001","","","","7","F","F",10,5,2,"T","T",0,"F","F",1,"F","F",0,"F","F",7,"F","F","F","",0,0,"N",0,"N",0,"N",0,0,0,0,"7","","","","F","F","F","F","F","F","F","F","F","","","","F","F","F","F","F","","","","",0,7,0,0,0,0,0,0,0,58,"BAL","BAL","CHA",1,"F","T",9,2,0,31,2,"T","F",0,0,"T","T","moraa101","andem101","F","F",0,0,0,0,0,0,0,0,0,"","","",0,0,0,0,0,0,0,0,0,0,0,0,0,"washc001","F","F","F","F",0,0,0,0,0,0,0,0,0,0,F,F,"1978BAL.EVA.regular.event.csv",4940
"BAL197809012","CHA",7,0,0,0,0,"",2,9,"boslt001","?","boslt001","?","kerrj101","?","kerrj101","?","skagd101","murre001","smitb101","dauer001","belam101","moraa101","lopec101","andem101","","","","K","T","F",8,7,3,"T","T",0,"F","F",1,"F","F",0,"F","F",0,"","F","F","",0,0,"N",0,"N",0,"N",0,0,0,0,"2","","","","F","F","F","F","F","F","F","F","F","","","","F","F","F","F","F","","","","",0,2,0,0,0,0,0,0,0,59,"BAL","CHA","BAL",0,"T","F",2,9,0,24,0,"T","F",0,0,"T","T","colbm101","bellk101","F","F",0,0,0,0,0,0,0,0,0,"","","",0,0,0,0,0,0,0,0,0,0,0,0,0,"","F","F","F","F",0,0,0,0,0,0,0,0,0,0,F,F,"1978BAL.EVA.regular.event.csv",4941
"BAL197809012","CHA",7,0,1,0,0,"",2,9,"colbm101","?","colbm101","?","kerrj101","?","kerrj101","?","skagd101","murre001","smitb101","dauer001","belam101","moraa101","lopec101","andem101","","","","K","F","F",2,8,3,"T","T",0,"F","F",1,"F","F",0,"F","F",0,"","F","F","",0,0,"N",0,"N",0,"N",0,0,0,0,"2","","","","F","F","F","F","F","F","F","F","F","","","","F","F","F","F","F","","","","",0,2,0,0,0,0,0,0,0,60,"BAL","CHA","BAL",0,"F","F",2,9,0,25,1,"T","F",0,0,"T","T","bellk101","washc001","F","F",0,0,0,0,0,0,0,0,0,"","","",0,0,0,0,0,0,0,0,0,0,0,0,0,"","F","F","F","F",0,0,0,0,0,0,0,0,0,0,F,F,"1978BAL.EVA.regular.event.csv",4942
"BAL197809012","CHA",7,0,2,0,0,"",2,9,"bellk101","?","bellk101","?","kerrj101","?","kerrj101","?","skagd101","murre001","smitb101","dauer001","belam101","moraa101","lopec101","andem101","","","","53","F","F",5,9,2,"T","T",0,"F","F",1,"F","F",0,"F","F",5,"G","F","F","",0,0,"N",0,"N",0,"N",0,0,0,0,"53","","","","F","F","F","F","F","F","F","F","F","","","","F","F","F","F","F","","","","",0,3,0,0,5,0,0,0,0,61,"BAL","CHA","BAL",0,"F","T",2,9,0,26,2,"T","F",0,0,"T","T","washc001","pryog001","F","F",0,0,0,0,0,0,0,0,0,"","","",0,0,0,0,0,0,0,0,0,0,0,0,0,"dauer001","F","F","F","F",0,0,0,0,0,0,0,0,0,0,F,F,"1978BAL.EVA.regular.event.csv",4943
"BAL197809012","CHA",7,1,0,0,0,"",2,9,"moraa101","?","moraa101","?","willj102","?","willj102","?","colbm101","squim001","edenm101","bellk101","pryog001","washc001","boslt001","lemoc001","","","","3","T","F",7,6,2,"T","T",0,"F","F",1,"F","F",0,"F","F",3,"F","F","F","",0,0,"N",0,"N",0,"N",0,0,0,0,"3","","","","F","F","F","F","F","F","F","F","F","","","","F","F","F","F","F","","","","",0,3,0,0,0,0,0,0,0,62,"BAL","BAL","CHA",1,"T","F",9,2,0,32,0,"T","F",0,0,"T","T","andem101","lopec101","F","F",0,0,0,0,0,0,0,0,0,"","","",0,0,0,0,0,0,0,0,0,0,0,0,0,"squim001","F","F","F","F",0,0,0,0,0,0,0,0,0,0,F,F,"1978BAL.EVA.regular.event.csv",4944
"BAL197809012","CHA",7,1,1,0,0,"",2,9,"andem101","?","andem101","?","willj102","?","willj102","?","colbm101","squim001","edenm101","bellk101","pryog001","washc001","boslt001","lemoc001","","","","53","F","F",9,7,2,"T","T",0,"F","F",1,"F","F",0,"F","F",5,"G","F","F","",0,0,"N",0,"N",0,"N",0,0,0,0,"53","","","","F","F","F","F","F","F","F","F","F","","","","F","F","F","F","F","","","","",0,3,0,0,5,0,0,0,0,63,"BAL","BAL","CHA",1,"F","F",9,2,0,33,1,"T","F",0,0,"T","T","lopec101","skagd101","F","F",0,0,0,0,0,0,0,0,0,"","","",0,0,0,0,0,0,0,0,0,0,0,0,0,"bellk101","F","F","F","F",0,0,0,0,0,0,0,0,0,0,F,F,"1978BAL.EVA.regular.event.csv",4945
"BAL197809012","CHA",7,1,2,0,0,"",2,9,"harll101","?","harll101","?","willj102","?","willj102","?","colbm101","squim001","edenm101","bellk101","pryog001","washc001","boslt001","lemoc001","","","","3/G","F","T",11,8,2,"T","T",0,"F","F",1,"F","F",0,"F","F",3,"G","F","F","",0,0,"N",0,"N",0,"N",0,0,0,0,"3","","","","F","F","F","F","F","F","F","F","F","","","","F","F","F","F","F","","","","lopec101",8,3,0,0,0,0,0,0,0,64,"BAL","BAL","CHA",1,"F","T",9,2,0,34,2,"T","F",0,0,"F","F","skagd101","belam101","F","F",0,0,0,0,0,0,0,0,0,"","","",0,0,0,0,0,0,0,0,0,0,0,0,0,"squim001","F","F","F","F",0,0,0,0,0,0,0,0,0,0,F,F,"1978BAL.EVA.regular.event.csv",4946
"BAL197809012","CHA",8,0,0,0,0,"",2,9,"washc001","?","washc001","?","kerrj101","?","kerrj101","?","skagd101","murre001","smitb101","dauer001","belam101","moraa101","harll101","andem101","","","","K","T","F",7,1,3,"T","T",0,"F","F",1,"F","F",0,"F","F",0,"","F","F","",0,0,"N",0,"N",0,"N",0,0,0,0,"2","","","","F","F","F","F","F","F","F","F","F","","","","F","F","F","F","F","","","","",0,2,0,0,0,0,0,0,0,65,"BAL","CHA","BAL",0,"T","F",2,9,0,27,0,"T","F",0,0,"T","T","pryog001","squim001","F","F",0,0,0,0,0,0,0,0,0,"","","",0,0,0,0,0,0,0,0,0,0,0,0,0,"","F","F","F","F",0,0,0,0,0,0,0,0,0,0,F,F,"1978BAL.EVA.regular.event.csv",4947
"BAL197809012","CHA",8,0,1,0,0,"",2,9,"pryog001","?","pryog001","?","kerrj101","?","kerrj101","?","skagd101","murre001","smitb101","dauer001","belam101","moraa101","harll101","andem101","","","","13","F","F",6,2,2,"T","T",0,"F","F",1,"F","F",0,"F","F",1,"G","F","F","",0,0,"N",0,"N",0,"N",0,0,0,0,"13","","","","F","F","F","F","F","F","F","F","F","","","","F","F","F","F","F","","","","",0,3,0,0,1,0,0,0,0,66,"BAL","CHA","BAL",0,"F","F",2,9,0,28,1,"T","F",0,0,"T","T","squim001","blomr101","F","F",0,0,0,0,0,0,0,0,0,"","","",0,0,0,0,0,0,0,0,0,0,0,0,0,"kerrj101","F","F","F","F",0,0,0,0,0,0,0,0,0,0,F,F,"1978BAL.EVA.regular.event.csv",4948
"BAL197809012","CHA",8,0,2,0,0,"",2,9,"squim001","?","squim001","?","kerrj101","?","kerrj101","?","skagd101","murre001","smitb101","dauer001","belam101","moraa101","harll101","andem101","","","","K","F","F",3,3,3,"T","T",0,"F","F",1,"F","F",0,"F","F",0,"","F","F","",0,0,"N",0,"N",0,"N",0,0,0,0,"2","","","","F","F","F","F","F","F","F","F","F","","","","F","F","F","F","F","","","","",0,2,0,0,0,0,0,0,0,67,"BAL","CHA","BAL",0,"F","T",2,9,0,29,2,"T","F",0,0,"T","T","blomr101","edenm101","F","F",0,0,0,0,0,0,0,0,0,"","","",0,0,0,0,0,0,0,0,0,0,0,0,0,"","F","F","F","F",0,0,0,0,0,0,0,0,0,0,F,F,"1978BAL.EVA.regular.event.csv",4949
"BAL197809012","CHA",8,1,0,0,0,"",2,9,"skagd101","?","skagd101","?","hintr101","?","hintr101","?","colbm101","squim001","edenm101","bellk101","pryog001","washc001","boslt001","lemoc001","","","","K","T","F",2,9,3,"T","T",0,"F","F",1,"F","F",0,"F","F",0,"","F","F","",0,0,"N",0,"N",0,"N",0,0,0,0,"2","","","","F","F","F","F","F","F","F","F","F","","","","F","F","F","F","F","","","","",0,2,0,0,0,0,0,0,0,68,"BAL","BAL","CHA",1,"T","F",9,2,0,35,0,"T","F",0,0,"T","T","belam101","dauer001","F","F",0,0,0,0,0,0,0,0,0,"","","",0,0,0,0,0,0,0,0,0,0,0,0,0,"","F","F","F","F",0,0,0,0,0,0,0,0,0,0,F,F,"1978BAL.EVA.regular.event.csv",4950
"BAL197809012","CHA",8,1,1,0,0,"",2,9,"belam101","?","belam101","?","hintr101","?","hintr101","?","colbm101","squim001","edenm101","bellk101","pryog001","washc001","boslt001","lemoc001","","","","K","F","F",6,1,3,"T","T",0,"F","F",1,"F","F",0,"F","F",0,"","F","F","",0,0,"N",0,"N",0,"N",0,0,0,0,"2","","","","F","F","F","F","F","F","F","F","F","","","","F","F","F","F","F","","","","",0,2,0,0,0,0,0,0,0,69,"BAL","BAL","CHA",1,"F","F",9,2,0,36,1,"T","F",0,0,"T","T","dauer001","smitb101","F","F",0,0,0,0,0,0,0,0,0,"","","",0,0,0,0,0,0,0,0,0,0,0,0,0,"","F","F","F","F",0,0,0,0,0,0,0,0,0,0,F,F,"1978BAL.EVA.regular.event.csv",4951
"BAL197809012","CHA",8,1,2,0,0,"",2,9,"dauer001","?","dauer001","?","hintr101","?","hintr101","?","colbm101","squim001","edenm101","bellk101","pryog001","washc001","boslt001","lemoc001","","","","6","F","F",5,2,2,"T","T",0,"F","F",1,"F","F",0,"F","F",6,"F","F","F","",0,0,"N",0,"N",0,"N",0,0,0,0,"6","","","","F","F","F","F","F","F","F","F","F","","","","F","F","F","F","F","","","","",0,6,0,0,0,0,0,0,0,70,"BAL","BAL","CHA",1,"F","T",9,2,0,37,2,"T","F",0,0,"T","T","smitb101","murre001","F","F",0,0,0,0,0,0,0,0,0,"","","",0,0,0,0,0,0,0,0,0,0,0,0,0,"pryog001","F","F","F","F",0,0,0,0,0,0,0,0,0,0,F,F,"1978BAL.EVA.regular.event.csv",4952
"BAL197809012","CHA",9,0,0,0,0,"",2,9,"blomr101","?","blomr101","?","kerrj101","?","kerrj101","?","skagd101","murre001","smitb101","dauer001","belam101","moraa101","harll101","andem101","","","","D?","T","F",10,4,21,"T","T",2,"F","F",0,"F","F",0,"F","F",0,"","F","F","",0,0,"N",0,"N",0,"N",2,0,0,0,"","","","","F","F","F","F","F","F","F","F","F","","","","F","F","F","F","F","","","","",0,0,0,0,0,0,0,0,0,71,"BAL","CHA","BAL",0,"T","F",2,9,0,30,0,"T","F",0,2,"T","T","edenm101","lemoc001","F","F",0,0,0,0,0,0,0,0,0,"","","",0,0,0,0,0,0,0,0,0,0,0,0,0,"","F","F","F","F",4,0,0,0,1,0,0,0,0,0,F,F,"1978BAL.EVA.regular.event.csv",4953
"BAL197809012","CHA",9,0,0,0,0,"",2,9,"edenm101","?","edenm101","?","kerrj101","?","kerrj101","?","skagd101","murre001","smitb101","dauer001","belam101","moraa101","harll101","andem101","","torrr101","","31.2-3","F","F",4,5,2,"T","T",0,"F","F",1,"F","F",0,"F","F",3,"G","F","F","",0,0,"N",0,"N",0,"N",0,0,3,0,"31","","","","F","F","F","F","F","F","F","F","F","","kerrj101","","F","F","F","T","F","","blomr101","","",0,1,0,0,3,0,0,0,0,72,"BAL","CHA","BAL",0,"F","F",2,9,0,31,1,"T","F",2,4,"F","F","lemoc001","boslt001","F","F",0,0,0,10,4,71,0,0,0,"","skagd101","",0,0,0,0,0,0,0,0,0,0,0,0,0,"murre001","F","F","F","F",0,0,4,0,1,0,0,0,0,0,F,F,"1978BAL.EVA.regular.event.csv",4954
"BAL197809012","CHA",9,0,1,0,0,"",2,9,"lemoc001","?","lemoc001","?","kerrj101","?","kerrj101","?","skagd101","murre001","smitb101","dauer001","belam101","moraa101","harll101","andem101","","","torrr101","WP.3-H#","F","F",9,6,9,"F","F",0,"F","F",0,"F","F",0,"T","F",0,"","F","F","",0,0,"N",0,"N",0,"N",0,0,0,4,"","","","","F","F","F","F","F","F","F","F","F","","","kerrj101","F","F","F","F","F","","","","",0,0,0,0,0,0,0,0,0,73,"BAL","CHA","BAL",0,"F","F",2,9,0,32,2,"T","F",4,0,"T","T","boslt001","colbm101","F","F",0,0,0,0,0,0,10,4,71,"","","skagd101",0,0,0,0,0,0,0,0,0,0,0,0,1,"","F","F","F","F",0,0,0,4,0,0,0,0,0,0,F,T,"1978BAL.EVA.regular.event.csv",4955
"BAL197809012","CHA",9,0,1,0,0,"",3,9,"lemoc001","?","lemoc001","?","kerrj101","?","kerrj101","?","skagd101","murre001","smitb101","dauer001","belam101","moraa101","harll101","andem101","","","","K","F","F",9,6,3,"T","T",0,"F","F",1,"F","F",0,"F","F",0,"","F","F","",0,0,"N",0,"N",0,"N",0,0,0,0,"2","","","","F","F","F","F","F","F","F","F","F","","","","F","F","F","F","F","","","","",0,2,0,0,0,0,0,0,0,74,"BAL","CHA","BAL",0,"F","F",3,9,1,32,2,"F","F",0,0,"T","T","boslt001","colbm101","F","F",0,0,0,0,0,0,0,0,0,"","","",0,0,0,0,0,0,0,0,0,0,0,0,0,"","F","F","F","F",0,0,0,0,0,0,0,0,0,0,F,F,"1978BAL.EVA.regular.event.csv",4956
"BAL197809012","CHA",9,0,2,0,0,"",3,9,"boslt001","?","boslt001","?","kerrj101","?","kerrj101","?","skagd101","murre001","smitb101","dauer001","belam101","moraa101","harll101","andem101","","","","9","F","F",8,7,2,"T","T",0,"F","F",1,"F","F",0,"F","F",9,"F","F","F","",0,0,"N",0,"N",0,"N",0,0,0,0,"9","","","","F","F","F","F","F","F","F","F","F","","","","F","T","F","F","F","","","","",0,9,0,0,0,0,0,0,0,75,"BAL","CHA","BAL",0,"F","T",3,9,1,33,3,"T","F",0,0,"T","T","colbm101","bellk101","F","F",0,0,0,0,0,0,0,0,0,"","","",0,0,0,0,0,0,0,0,0,0,0,0,0,"andem101","F","F","F","F",0,0,0,0,0,0,0,0,0,0,F,F,"1978BAL.EVA.regular.event.csv",4957
"BAL197809021","CHA",1,0,0,0,0,"",0,0,"washc001","?","washc001","?","martd001","?","martd001","?","dempr001","murre001","dauer001","decid001","belam101","moraa101","lopec101","singk001","","","","S8","T","F",7,1,20,"T","T",1,"F","F",0,"F","F",0,"F","F",8,"","F","F","",0,0,"N",0,"N",0,"N",1,0,0,0,"","","","","F","F","F","F","F","F","F","F","F","","","","T","F","F","F","F","","","","",0,0,0,0,0,0,0,0,0,1,"BAL","CHA","BAL",0,"T","F",0,0,0,0,0,"T","F",0,1,"T","T","kessd101","squim001","T","T",0,0,0,0,0,0,0,0,0,"","","",0,0,0,0,0,0,0,0,0,0,0,0,0,"lopec101","F","F","F","F",0,0,0,0,0,0,0,0,0,0,F,F,"1978BAL.EVA.regular.event.csv",4958
"BAL197809021","CHA",1,0,0,0,0,"",0,0,"kessd101","?","kessd101","?","martd001","?","martd001","?","dempr001","murre001","dauer001","decid001","belam101","moraa101","lopec101","singk001","washc001","","","4(1)3/GDP","F","F",6,2,2,"T","T",0,"F","F",2,"T","F",0,"F","F",4,"G","F","F","",0,0,"N",0,"N",0,"N",0,0,0,0,"43","4","","","F","F","F","F","F","F","F","F","F","martd001","","","F","F","F","F","F","","","","",0,4,3,0,4,0,0,0,0,2,"BAL","CHA","BAL",0,"F","F",0,0,0,1,1,"T","F",1,0,"T","T","squim001","johnl101","T","T",7,1,1,0,0,0,0,0,0,"dempr001","","",0,0,0,0,0,0,0,0,0,0,0,0,0,"dauer001","T","F","F","F",0,0,0,0,0,0,0,0,0,0,F,F,"1978BAL.EVA.regular.event.csv",4959
"BAL197809021","CHA",1,0,2,0,0,"",0,0,"squim001","?","squim001","?","martd001","?","martd001","?","dempr001","murre001","dauer001","decid001","belam101","moraa101","lopec101","singk001","","","","W","F","F",3,3,14,"T","F",0,"F","F",0,"F","F",0,"F","F",0,"","F","F","",0,0,"N",0,"N",0,"N",1,0,0,0,"","","","","F","F","F","F","F","F","F","F","F","","","","F","F","F","F","F","","","","",0,0,0,0,0,0,0,0,0,3,"BAL","CHA","BAL",0,"F","F",0,0,0,2,2,"T","F",0,1,"T","T","johnl101","molib101","T","T",0,0,0,0,0,0,0,0,0,"","","",0,0,0,0,0,0,0,0,0,0,0,0,0,"","F","F","F","F",0,0,0,0,0,0,0,0,0,0,F,F,"1978BAL.EVA.regular.event.csv",4960
"BAL197809021","CHA",1,0,2,0,0,"",0,0,"johnl101","?","johnl101","?","martd001","?","martd001","?","dempr001","murre001","dauer001","decid001","belam101","moraa101","lopec101","singk001","squim001","","","9","F","F",10,4,2,"T","T",0,"F","F",1,"F","F",0,"F","F",9,"F","F","F","",0,0,"N",0,"N",0,"N",0,1,0,0,"9","","","","F","F","F","F","F","F","F","F","F","martd001","","","F","F","F","F","F","","","","",0,9,0,0,0,0,0,0,0,4,"BAL","CHA","BAL",0,"F","T",0,0,0,3,3,"T","F",1,1,"T","T","molib101","sodee101","T","T",3,3,3,0,0,0,0,0,0,"dempr001","","",0,0,0,0,0,0,0,0,0,0,0,0,0,"singk001","F","F","F","F",0,0,0,0,0,0,0,0,0,0,F,F,"1978BAL.EVA.regular.event.csv",4961
"BAL197809021","CHA",1,1,0,0,0,"",0,0,"belam101","?","belam101","?","kravk101","?","kravk101","?","colbm101","squim001","pryog001","sodee101","kessd101","washc001","boslt001","molib101","","","","W","T","F",6,1,14,"T","F",0,"F","F",0,"F","F",0,"F","F",0,"","F","F","",0,0,"N",0,"N",0,"N",1,0,0,0,"","","","","F","F","F","F","F","F","F","F","F","","","","F","F","F","F","F","","","","",0,0,0,0,0,0,0,0,0,5,"BAL","BAL","CHA",1,"T","F",0,0,0,0,0,"T","F",0,1,"T","T","dauer001","singk001","T","T",0,0,0,0,0,0,0,0,0,"","","",0,0,0,0,0,0,0,0,0,0,0,0,0,"","F","F","F","F",0,0,0,0,0,0,0,0,0,0,F,F,"1978BAL.EVA.regular.event.csv",4962
"BAL197809021","CHA",1,1,0,0,0,"",0,0,"dauer001","?","dauer001","?","kravk101","?","kravk101","?","colbm101","squim001","pryog001","sodee101","kessd101","washc001","boslt001","molib101","belam101","","","6","F","F",4,2,2,"T","T",0,"F","F",1,"F","F",0,"F","F",6,"F","F","F","",0,0,"N",0,"N",0,"N",0,1,0,0,"6","","","","F","F","F","F","F","F","F","F","F","kravk101","","","F","F","F","F","F","","","","",0,6,0,0,0,0,0,0,0,6,"BAL","BAL","CHA",1,"F","F",0,0,0,1,1,"T","F",1,1,"T","T","singk001","murre001","T","T",6,1,5,0,0,0,0,0,0,"colbm101","","",0,0,0,0,0,0,0,0,0,0,0,0,0,"kessd101","F","F","F","F",0,0,0,0,0,0,0,0,0,0,F,F,"1978BAL.EVA.regular.event.csv",4963
"BAL197809021","CHA",1,1,1,0,0,"",0,0,"singk001","?","singk001","?","kravk101","?","kravk101","?","colbm101","squim001","pryog001","sodee101","kessd101","washc001","boslt001","molib101","belam101","","","K/C","F","F",9,3,3,"T","T",0,"F","F",1,"F","F",0,"F","F",0,"","F","F","",0,0,"N",0,"N",0,"N",0,1,0,0,"2","","","","F","F","F","F","F","F","F","F","F","kravk101","","","F","F","F","F","F","","","","",0,2,0,0,0,0,0,0,0,7,"BAL","BAL","CHA",1,"F","F",0,0,0,2,2,"T","F",1,1,"T","T","murre001","decid001","T","T",6,1,5,0,0,0,0,0,0,"colbm101","","",0,0,0,0,0,0,0,0,0,0,0,0,0,"","F","F","F","F",0,0,0,0,0,0,0,0,0,0,F,F,"1978BAL.EVA.regular.event.csv",4964
"BAL197809021","CHA",1,1,2,0,0,"",0,0,"murre001","?","murre001","?","kravk101","?","kravk101","?","colbm101","squim001","pryog001","sodee101","kessd101","washc001","boslt001","molib101","belam101","","","8","F","F",3,4,2,"T","T",0,"F","F",1,"F","F",0,"F","F",8,"F","F","F","",0,0,"N",0,"N",0,"N",0,1,0,0,"8","","","","F","F","F","F","F","F","F","F","F","kravk101","","","F","F","F","F","F","","","","",0,8,0,0,0,0,0,0,0,8,"BAL","BAL","CHA",1,"F","T",0,0,0,3,3,"T","F",1,1,"T","T","decid001","may-l101","T","T",6,1,5,0,0,0,0,0,0,"colbm101","","",0,0,0,0,0,0,0,0,0,0,0,0,0,"boslt001","F","F","F","F",0,0,0,0,0,0,0,0,0,0,F,F,"1978BAL.EVA.regular.event.csv",4965
"BAL197809021","CHA",2,0,0,0,0,"",0,0,"molib101","?","molib101","?","martd001","?","martd001","?","dempr001","murre001","dauer001","decid001","belam101","moraa101","lopec101","singk001","","","","S9","T","F",9,5,20,"T","T",1,"F","F",0,"F","F",0,"F","F",9,"","F","F","",0,0,"N",0,"N",0,"N",1,0,0,0,"","","","","F","F","F","F","F","F","F","F","F","","","","F","F","F","F","F","","","","",0,0,0,0,0,0,0,0,0,9,"BAL","CHA","BAL",0,"T","F",0,0,0,4,0,"T","F",0,1,"T","T","sodee101","boslt001","T","T",0,0,0,0,0,0,0,0,0,"","","",0,0,0,0,0,0,0,0,0,0,0,0,0,"singk001","F","F","F","F",4,0,0,0,2,0,0,0,0,0,F,F,"1978BAL.EVA.regular.event.csv",4966
"BAL197809021","CHA",2,0,0,0,0,"",0,0,"sodee101","?","sodee101","?","martd001","?","martd001","?","dempr001","murre001","dauer001","decid001","belam101","moraa101","lopec101","singk001","molib101","","","9","F","F",5,6,2,"T","T",0,"F","F",1,"F","F",0,"F","F",9,"F","F","F","",0,0,"N",0,"N",0,"N",0,1,0,0,"9","","","","F","F","F","F","F","F","F","F","F","martd001","","","F","F","F","F","F","","","","",0,9,0,0,0,0,0,0,0,10,"BAL","CHA","BAL",0,"F","F",0,0,0,5,1,"T","F",1,1,"T","T","boslt001","pryog001","T","T",9,5,9,0,0,0,0,0,0,"dempr001","","",0,0,0,0,0,0,0,0,0,0,0,0,0,"singk001","F","F","F","F",0,4,0,0,2,0,0,0,0,0,F,F,"1978BAL.EVA.regular.event.csv",4967
"BAL197809021","CHA",2,0,1,0,0,"",0,0,"boslt001","?","boslt001","?","martd001","?","martd001","?","dempr001","murre001","dauer001","decid001","belam101","moraa101","lopec101","singk001","molib101","","","HR.1-H","F","F",8,7,23,"T","T",4,"F","F",0,"F","F",2,"F","F",0,"","F","F","",0,0,"N",0,"N",0,"N",4,4,0,0,"","","","","F","F","F","F","F","F","F","F","F","martd001","","","F","F","F","F","F","","","","",0,0,0,0,0,0,0,0,0,11,"BAL","CHA","BAL",0,"F","F",0,0,0,6,2,"T","F",1,0,"T","T","pryog001","colbm101","T","T",9,5,9,0,0,0,0,0,0,"dempr001","","",0,0,0,0,0,0,0,0,0,0,0,0,2,"","F","F","F","F",4,4,0,0,0,0,0,0,0,0,F,F,"1978BAL.EVA.regular.event.csv",4968
"BAL197809021","CHA",2,0,1,0,0,"",2,0,"pryog001","?","pryog001","?","martd001","?","martd001","?","dempr001","murre001","dauer001","decid001","belam101","moraa101","lopec101","singk001","","","","9","F","F",4,8,2,"T","T",0,"F","F",1,"F","F",0,"F","F",9,"F","F","F","",0,0,"N",0,"N",0,"N",0,0,0,0,"9","","","","F","F","F","F","F","F","F","F","F","","","","F","F","F","F","F","","","","",0,9,0,0,0,0,0,0,0,12,"BAL","CHA","BAL",0,"F","F",2,0,2,7,3,"T","F",0,0,"T","T","colbm101","washc001","T","T",0,0,0,0,0,0,0,0,0,"","","",0,0,0,0,0,0,0,0,0,0,0,0,0,"singk001","F","F","F","F",0,0,0,0,0,0,0,0,0,0,F,F,"1978BAL.EVA.regular.event.csv",4969
"BAL197809021","CHA",2,0,2,0,0,"",2,0,"colbm101","?","colbm101","?","martd001","?","martd001","?","dempr001","murre001","dauer001","decid001","belam101","moraa101","lopec101","singk001","","","","53","F","F",2,9,2,"T","T",0,"F","F",1,"F","F",0,"F","F",5,"G","F","F","",0,0,"N",0,"N",0,"N",0,0,0,0,"53","","","","F","F","F","F","F","F","F","F","F","","","","F","F","F","F","F","","","","",0,3,0,0,5,0,0,0,0,13,"BAL","CHA","BAL",0,"F","T",2,0,2,8,4,"T","F",0,0,"T","T","washc001","kessd101","T","T",0,0,0,0,0,0,0,0,0,"","","",0,0,0,0,0,0,0,0,0,0,0,0,0,"decid001","F","F","F","F",0,0,0,0,0,0,0,0,0,0,F,F,"1978BAL.EVA.regular.event.csv",4970
"BAL197809021","CHA",2,1,0,0,0,"",2,0,"decid001","?","decid001","?","kravk101","?","kravk101","?","colbm101","squim001","pryog001","sodee101","kessd101","washc001","boslt001","molib101","","","","W","T","F",5,5,14,"T","F",0,"F","F",0,"F","F",0,"F","F",0,"","F","F","",0,0,"N",0,"N",0,"N",1,0,0,0,"","","","","F","F","F","F","F","F","F","F","F","","","","F","F","F","F","F","","","","",0,0,0,0,0,0,0,0,0,14,"BAL","BAL","CHA",1,"T","F",0,2,0,4,0,"T","F",0,1,"T","T","may-l101","moraa101","T","T",0,0,0,0,0,0,0,0,0,"","","",0,0,0,0,0,0,0,0,0,0,0,0,0,"","F","F","F","F",4,0,0,0,2,0,0,0,0,0,F,F,"1978BAL.EVA.regular.event.csv",4971
"BAL197809021","CHA",2,1,0,0,0,"",2,0,"may-l101","?","may-l101","?","kravk101","?","kravk101","?","colbm101","squim001","pryog001","sodee101","kessd101","washc001","boslt001","molib101","decid001","","","K","F","F",10,6,3,"T","T",0,"F","F",1,"F","F",0,"F","F",0,"","F","F","",0,0,"N",0,"N",0,"N",0,1,0,0,"2","","","","F","F","F","F","F","F","F","F","F","kravk101","","","F","F","F","F","F","","","","",0,2,0,0,0,0,0,0,0,15,"BAL","BAL","CHA",1,"F","F",0,2,0,5,1,"T","F",1,1,"T","T","moraa101","dempr001","T","T",5,5,14,0,0,0,0,0,0,"colbm101","","",0,0,0,0,0,0,0,0,0,0,0,0,0,"","F","F","F","F",0,4,0,0,2,0,0,0,0,0,F,F,"1978BAL.EVA.regular.event.csv",4972
"BAL197809021","CHA",2,1,1,0,0,"",2,0,"moraa101","?","moraa101","?","kravk101","?","kravk101","?","colbm101","squim001","pryog001","sodee101","kessd101","washc001","boslt001","molib101","decid001","","","HR/7.1-H","F","F",7,7,23,"T","T",4,"F","F",0,"F","F",2,"F","F",0,"","F","F","7",0,0,"N",0,"N",0,"N",4,4,0,0,"","","","","F","F","F","F","F","F","F","F","F","kravk101","","","F","F","F","F","F","","","","",0,0,0,0,0,0,0,0,0,16,"BAL","BAL","CHA",1,"F","F",0,2,0,6,2,"T","F",1,0,"T","T","dempr001","lopec101","T","T",5,5,14,0,0,0,0,0,0,"colbm101","","",0,0,0,0,0,0,0,0,0,0,0,0,2,"","F","F","F","F",4,4,0,0,0,0,0,0,0,0,F,F,"1978BAL.EVA.regular.event.csv",4973
"BAL197809021","CHA",2,1,1,0,0,"",2,2,"dempr001","?","dempr001","?","kravk101","?","kravk101","?","colbm101","squim001","pryog001","sodee101","kessd101","washc001","boslt001","molib101","","","","4","F","F",2,8,2,"T","T",0,"F","F",1,"F","F",0,"F","F",4,"F","F","F","",0,0,"N",0,"N",0,"N",0,0,0,0,"4","","","","F","F","F","F","F","F","F","F","F","","","","F","F","F","F","F","","","","",0,4,0,0,0,0,0,0,0,17,"BAL","BAL","CHA",1,"F","F",2,2,2,7,3,"T","F",0,0,"T","T","lopec101","belam101","T","T",0,0,0,0,0,0,0,0,0,"","","",0,0,0,0,0,0,0,0,0,0,0,0,0,"pryog001","F","F","F","F",0,0,0,0,0,0,0,0,0,0,F,F,"1978BAL.EVA.regular.event.csv",4974
"BAL197809021","CHA",2,1,2,0,0,"",2,2,"lopec101","?","lopec101","?","kravk101","?","kravk101","?","colbm101","squim001","pryog001","sodee101","kessd101","washc001","boslt001","molib101","","","","4","F","F",8,9,2,"T","T",0,"F","F",1,"F","F",0,"F","F",4,"F","F","F","",0,0,"N",0,"N",0,"N",0,0,0,0,"4","","","","F","F","F","F","F","F","F","F","F","","","","F","F","F","F","F","","","","",0,4,0,0,0,0,0,0,0,18,"BAL","BAL","CHA",1,"F","T",2,2,2,8,4,"T","F",0,0,"T","T","belam101","dauer001","T","T",0,0,0,0,0,0,0,0,0,"","","",0,0,0,0,0,0,0,0,0,0,0,0,0,"pryog001","F","F","F","F",0,0,0,0,0,0,0,0,0,0,F,F,"1978BAL.EVA.regular.event.csv",4975
"BAL197809021","CHA",3,0,0,0,0,"",2,2,"washc001","?","washc001","?","martd001","?","martd001","?","dempr001","murre001","dauer001","decid001","belam101","moraa101","lopec101","singk001","","","","63","T","F",7,1,2,"T","T",0,"F","F",1,"F","F",0,"F","F",6,"G","F","F","",0,0,"N",0,"N",0,"N",0,0,0,0,"63","","","","F","F","F","F","F","F","F","F","F","","","","F","F","F","F","F","","","","",0,3,0,0,6,0,0,0,0,19,"BAL","CHA","BAL",0,"T","F",2,2,0,9,0,"T","F",0,0,"T","T","kessd101","squim001","T","T",0,0,0,0,0,0,0,0,0,"","","",0,0,0,0,0,0,0,0,0,0,0,0,0,"belam101","F","F","F","F",0,0,0,0,0,0,0,0,0,0,F,F,"1978BAL.EVA.regular.event.csv",4976
"BAL197809021","CHA",3,0,1,0,0,"",2,2,"kessd101","?","kessd101","?","martd001","?","martd001","?","dempr001","murre001","dauer001","decid001","belam101","moraa101","lopec101","singk001","","","","43","F","F",6,2,2,"T","T",0,"F","F",1,"F","F",0,"F","F",4,"G","F","F","",0,0,"N",0,"N",0,"N",0,0,0,0,"43","","","","F","F","F","F","F","F","F","F","F","","","","F","F","F","F","F","","","","",0,3,0,0,4,0,0,0,0,20,"BAL","CHA","BAL",0,"F","F",2,2,0,10,1,"T","F",0,0,"T","T","squim001","johnl101","T","T",0,0,0,0,0,0,0,0,0,"","","",0,0,0,0,0,0,0,0,0,0,0,0,0,"dauer001","F","F","F","F",0,0,0,0,0,0,0,0,0,0,F,F,"1978BAL.EVA.regular.event.csv",4977
"BAL197809021","CHA",3,0,2,0,0,"",2,2,"squim001","?","squim001","?","martd001","?","martd001","?","dempr001","murre001","dauer001","decid001","belam101","moraa101","lopec101","singk001","","","","63","F","F",3,3,2,"T","T",0,"F","F",1,"F","F",0,"F","F",6,"G","F","F","",0,0,"N",0,"N",0,"N",0,0,0,0,"63","","","","F","F","F","F","F","F","F","F","F","","","","F","F","F","F","F","","","","",0,3,0,0,6,0,0,0,0,21,"BAL","CHA","BAL",0,"F","T",2,2,0,11,2,"T","F",0,0,"T","T","johnl101","molib101","T","T",0,0,0,0,0,0,0,0,0,"","","",0,0,0,0,0,0,0,0,0,0,0,0,0,"belam101","F","F","F","F",0,0,0,0,0,0,0,0,0,0,F,F,"1978BAL.EVA.regular.event.csv",4978
"BAL197809021","CHA",3,1,0,0,0,"",2,2,"belam101","?","belam101","?","kravk101","?","kravk101","?","colbm101","squim001","pryog001","sodee101","kessd101","washc001","boslt001","molib101","","","","K","T","F",6,1,3,"T","T",0,"F","F",1,"F","F",0,"F","F",0,"","F","F","",0,0,"N",0,"N",0,"N",0,0,0,0,"2","","","","F","F","F","F","F","F","F","F","F","","","","F","F","F","F","F","","","","",0,2,0,0,0,0,0,0,0,22,"BAL","BAL","CHA",1,"T","F",2,2,0,9,0,"T","F",0,0,"T","T","dauer001","singk001","T","T",0,0,0,0,0,0,0,0,0,"","","",0,0,0,0,0,0,0,0,0,0,0,0,0,"","F","F","F","F",0,0,0,0,1,0,0,0,0,0,F,F,"1978BAL.EVA.regular.event.csv",4979
"BAL197809021","CHA",3,1,1,0,0,"",2,2,"dauer001","?","dauer001","?","kravk101","?","kravk101","?","colbm101","squim001","pryog001","sodee101","kessd101","washc001","boslt001","molib101","","","","43","F","F",4,2,2,"T","T",0,"F","F",1,"F","F",0,"F","F",4,"G","F","F","",0,0,"N",0,"N",0,"N",0,0,0,0,"43","","","","F","F","F","F","F","F","F","F","F","","","","F","F","F","F","F","","","","",0,3,0,0,4,0,0,0,0,23,"BAL","BAL","CHA",1,"F","F",2,2,0,10,1,"T","F",0,0,"T","T","singk001","murre001","T","T",0,0,0,0,0,0,0,0,0,"","","",0,0,0,0,0,0,0,0,0,0,0,0,0,"pryog001","F","F","F","F",0,0,0,0,1,0,0,0,0,0,F,F,"1978BAL.EVA.regular.event.csv",4980
"BAL197809021","CHA",3,1,2,0,0,"",2,2,"singk001","?","singk001","?","kravk101","?","kravk101","?","colbm101","squim001","pryog001","sodee101","kessd101","washc001","boslt001","molib101","","","","HR","F","F",9,3,23,"T","T",4,"F","F",0,"F","F",1,"F","F",0,"","F","F","",0,0,"N",0,"N",0,"N",4,0,0,0,"","","","","F","F","F","F","F","F","F","F","F","","","","F","F","F","F","F","","","","",0,0,0,0,0,0,0,0,0,24,"BAL","BAL","CHA",1,"F","F",2,2,0,11,2,"T","F",0,0,"T","T","murre001","decid001","T","T",0,0,0,0,0,0,0,0,0,"","","",0,0,0,0,0,0,0,0,0,0,0,0,1,"","F","F","F","F",4,0,0,0,0,0,0,0,0,0,F,F,"1978BAL.EVA.regular.event.csv",4981
"BAL197809021","CHA",3,1,2,0,0,"",2,3,"murre001","?","murre001","?","kravk101","?","kravk101","?","colbm101","squim001","pryog001","sodee101","kessd101","washc001","boslt001","molib101","","","","S7","F","F",3,4,20,"T","T",1,"F","F",0,"F","F",0,"F","F",7,"","F","F","",0,0,"N",0,"N",0,"N",1,0,0,0,"","","","","F","F","F","F","F","F","F","F","F","","","","F","F","F","F","F","","","","",0,0,0,0,0,0,0,0,0,25,"BAL","BAL","CHA",1,"F","F",3,2,1,12,3,"T","F",0,1,"T","T","decid001","may-l101","T","T",0,0,0,0,0,0,0,0,0,"","","",0,0,0,0,0,0,0,0,0,0,0,0,0,"washc001","F","F","F","F",0,0,0,0,0,0,0,0,0,0,F,F,"1978BAL.EVA.regular.event.csv",4982
"BAL197809021","CHA",3,1,2,0,0,"",2,3,"decid001","?","decid001","?","kravk101","?","kravk101","?","colbm101","squim001","pryog001","sodee101","kessd101","washc001","boslt001","molib101","murre001","","","54(1)/FO","F","F",5,5,2,"T","T",0,"F","F",1,"F","F",0,"F","F",5,"G","F","F","",0,0,"N",0,"N",0,"N",1,0,0,0,"","54","","","F","F","F","F","F","F","F","F","F","kravk101","","","F","F","F","F","F","","","","",0,4,0,0,5,0,0,0,0,26,"BAL","BAL","CHA",1,"F","T",3,2,1,13,4,"T","F",1,1,"T","T","may-l101","moraa101","T","T",3,4,25,0,0,0,0,0,0,"colbm101","","",0,0,0,0,0,0,0,0,0,0,0,0,0,"sodee101","T","F","F","F",0,0,0,0,0,0,0,0,0,0,F,F,"1978BAL.EVA.regular.event.csv",4983
"BAL197809021","CHA",4,0,0,0,0,"",2,3,"johnl101","?","johnl101","?","martd001","?","martd001","?","dempr001","murre001","dauer001","decid001","belam101","moraa101","lopec101","singk001","","","","8","T","F",10,4,2,"T","T",0,"F","F",1,"F","F",0,"F","F",8,"F","F","F","",0,0,"N",0,"N",0,"N",0,0,0,0,"8","","","","F","F","F","F","F","F","F","F","F","","","","F","F","F","F","F","","","","",0,8,0,0,0,0,0,0,0,27,"BAL","CHA","BAL",0,"T","F",2,3,0,12,0,"T","F",0,0,"T","T","molib101","sodee101","T","T",0,0,0,0,0,0,0,0,0,"","","",0,0,0,0,0,0,0,0,0,0,0,0,0,"lopec101","F","F","F","F",0,0,0,0,0,0,0,0,0,0,F,F,"1978BAL.EVA.regular.event.csv",4984
"BAL197809021","CHA",4,0,1,0,0,"",2,3,"molib101","?","molib101","?","martd001","?","martd001","?","dempr001","murre001","dauer001","decid001","belam101","moraa101","lopec101","singk001","","","","S?","F","F",9,5,20,"T","T",1,"F","F",0,"F","F",0,"F","F",0,"","F","F","",0,0,"N",0,"N",0,"N",1,0,0,0,"","","","","F","F","F","F","F","F","F","F","F","","","","F","F","F","F","F","","","","",0,0,0,0,0,0,0,0,0,28,"BAL","CHA","BAL",0,"F","F",2,3,0,13,1,"T","F",0,1,"T","T","sodee101","boslt001","T","T",0,0,0,0,0,0,0,0,0,"","","",0,0,0,0,0,0,0,0,0,0,0,0,0,"","F","F","F","F",0,0,0,0,0,0,0,0,0,0,F,F,"1978BAL.EVA.regular.event.csv",4985
"BAL197809021","CHA",4,0,1,0,0,"",2,3,"sodee101","?","sodee101","?","martd001","?","martd001","?","dempr001","murre001","dauer001","decid001","belam101","moraa101","lopec101","singk001","molib101","","","SB2#","F","F",5,6,4,"F","F",0,"F","F",0,"F","F",0,"F","F",0,"","F","F","",0,0,"N",0,"N",0,"N",0,2,0,0,"","","","","T","F","F","F","F","F","F","F","F","martd001","","","F","F","F","F","F","","","","",0,0,0,0,0,0,0,0,0,29,"BAL","CHA","BAL",0,"F","F",2,3,0,14,2,"T","F",1,2,"T","T","boslt001","pryog001","T","T",9,5,28,0,0,0,0,0,0,"dempr001","","",0,0,0,0,0,0,0,0,0,0,0,0,0,"","F","F","F","F",0,0,0,0,0,0,0,0,0,0,F,T,"1978BAL.EVA.regular.event.csv",4986
"BAL197809021","CHA",4,0,1,0,0,"",2,3,"sodee101","?","sodee101","?","martd001","?","martd001","?","dempr001","murre001","dauer001","decid001","belam101","moraa101","lopec101","singk001","","molib101","","8","F","F",5,6,2,"T","T",0,"F","F",1,"F","F",0,"F","F",8,"F","F","F","",0,0,"N",0,"N",0,"N",0,0,2,0,"8","","","","F","F","F","F","F","F","F","F","F","","martd001","","F","F","F","F","F","","","","",0,8,0,0,0,0,0,0,0,30,"BAL","CHA","BAL",0,"F","F",2,3,0,14,2,"F","F",2,2,"T","T","boslt001","pryog001","T","T",0,0,0,9,5,28,0,0,0,"","dempr001","",0,0,0,0,0,0,0,0,0,0,0,0,0,"lopec101","F","F","F","F",0,0,0,0,0,0,0,0,0,0,F,F,"1978BAL.EVA.regular.event.csv",4987
"BAL197809021","CHA",4,0,2,0,0,"",2,3,"boslt001","?","boslt001","?","martd001","?","martd001","?","dempr001","murre001","dauer001","decid001","belam101","moraa101","lopec101","singk001","","molib101","","8","F","F",8,7,2,"T","T",0,"F","F",1,"F","F",0,"F","F",8,"F","F","F","",0,0,"N",0,"N",0,"N",0,0,2,0,"8","","","","F","F","F","F","F","F","F","F","F","","martd001","","F","F","F","F","F","","","","",0,8,0,0,0,0,0,0,0,31,"BAL","CHA","BAL",0,"F","T",2,3,0,15,3,"T","F",2,2,"T","T","pryog001","colbm101","T","T",0,0,0,9,5,28,0,0,0,"","dempr001","",0,0,0,0,0,0,0,0,0,0,0,0,0,"lopec101","F","F","F","F",0,0,0,0,0,0,0,0,0,0,F,F,"1978BAL.EVA.regular.event.csv",4988
"BAL197809021","CHA",4,1,0,0,0,"",2,3,"may-l101","?","may-l101","?","kravk101","?","kravk101","?","colbm101","squim001","pryog001","sodee101","kessd101","washc001","boslt001","molib101","","","","K","T","F",10,6,3,"T","T",0,"F","F",1,"F","F",0,"F","F",0,"","F","F","",0,0,"N",0,"N",0,"N",0,0,0,0,"2","","","","F","F","F","F","F","F","F","F","F","","","","F","F","F","F","F","","","","",0,2,0,0,0,0,0,0,0,32,"BAL","BAL","CHA",1,"T","F",3,2,0,14,0,"T","F",0,0,"T","T","moraa101","dempr001","T","T",0,0,0,0,0,0,0,0,0,"","","",0,0,0,0,0,0,0,0,0,0,0,0,0,"","F","F","F","F",0,0,0,0,1,0,0,0,0,0,F,F,"1978BAL.EVA.regular.event.csv",4989
"BAL197809021","CHA",4,1,1,0,0,"",2,3,"moraa101","?","moraa101","?","kravk101","?","kravk101","?","colbm101","squim001","pryog001","sodee101","kessd101","washc001","boslt001","molib101","","","","HR/7","F","F",7,7,23,"T","T",4,"F","F",0,"F","F",1,"F","F",0,"","F","F","7",0,0,"N",0,"N",0,"N",4,0,0,0,"","","","","F","F","F","F","F","F","F","F","F","","","","F","F","F","F","F","","","","",0,0,0,0,0,0,0,0,0,33,"BAL","BAL","CHA",1,"F","F",3,2,0,15,1,"T","F",0,0,"T","T","dempr001","lopec101","T","T",0,0,0,0,0,0,0,0,0,"","","",0,0,0,0,0,0,0,0,0,0,0,0,1,"","F","F","F","F",4,0,0,0,0,0,0,0,0,0,F,F,"1978BAL.EVA.regular.event.csv",4990
"BAL197809021","CHA",4,1,1,0,0,"",2,4,"dempr001","?","dempr001","?","kravk101","?","kravk101","?","colbm101","squim001","pryog001","sodee101","kessd101","washc001","boslt001","molib101","","","","S4","F","F",2,8,20,"T","T",1,"F","F",0,"F","F",0,"F","F",4,"","F","F","",0,0,"N",0,"N",0,"N",1,0,0,0,"","","","","F","F","F","F","F","F","F","F","F","","","","F","F","F","F","F","","","","",0,0,0,0,0,0,0,0,0,34,"BAL","BAL","CHA",1,"F","F",4,2,1,16,2,"T","F",0,1,"T","T","lopec101","belam101","T","T",0,0,0,0,0,0,0,0,0,"","","",0,0,0,0,0,0,0,0,0,0,0,0,0,"pryog001","F","F","F","F",0,0,0,0,0,0,0,0,0,0,F,F,"1978BAL.EVA.regular.event.csv",4991
"BAL197809021","CHA",4,1,1,0,0,"",2,4,"lopec101","?","lopec101","?","kravk101","?","kravk101","?","colbm101","squim001","pryog001","sodee101","kessd101","washc001","boslt001","molib101","dempr001","","","S?.1-2","F","F",8,9,20,"T","T",1,"F","F",0,"F","F",0,"F","F",0,"","F","F","",0,0,"N",0,"N",0,"N",1,2,0,0,"","","","","F","F","F","F","F","F","F","F","F","kravk101","","","F","F","F","F","F","","","","",0,0,0,0,0,0,0,0,0,35,"BAL","BAL","CHA",1,"F","F",4,2,1,17,3,"T","F",1,3,"T","T","belam101","dauer001","T","T",2,8,34,0,0,0,0,0,0,"colbm101","","",0,0,0,0,0,0,0,0,0,0,0,0,0,"","F","F","F","F",0,0,0,0,0,0,0,0,0,0,F,F,"1978BAL.EVA.regular.event.csv",4992
"BAL197809021","CHA",4,1,1,0,0,"",2,4,"belam101","?","belam101","?","kravk101","?","kravk101","?","colbm101","squim001","pryog001","sodee101","kessd101","washc001","boslt001","molib101","lopec101","dempr001","","8","F","F",6,1,2,"T","T",0,"F","F",1,"F","F",0,"F","F",8,"F","F","F","",0,0,"N",0,"N",0,"N",0,1,2,0,"8","","","","F","F","F","F","F","F","F","F","F","kravk101","kravk101","","F","F","F","F","F","","","","",0,8,0,0,0,0,0,0,0,36,"BAL","BAL","CHA",1,"F","F",4,2,1,18,4,"T","F",3,3,"T","T","dauer001","singk001","T","T",8,9,35,2,8,34,0,0,0,"colbm101","colbm101","",0,0,0,0,0,0,0,0,0,0,0,0,0,"boslt001","F","F","F","F",0,0,0,0,0,0,0,0,0,0,F,F,"1978BAL.EVA.regular.event.csv",4993
"BAL197809021","CHA",4,1,2,0,0,"",2,4,"dauer001","?","dauer001","?","kravk101","?","kravk101","?","colbm101","squim001","pryog001","sodee101","kessd101","washc001","boslt001","molib101","lopec101","dempr001","","7/L","F","F",4,2,2,"T","T",0,"F","F",1,"F","F",0,"F","F",7,"L","F","F","",0,0,"N",0,"N",0,"N",0,1,2,0,"7","","","","F","F","F","F","F","F","F","F","F","kravk101","kravk101","","F","F","F","F","F","","","","",0,7,0,0,0,0,0,0,0,37,"BAL","BAL","CHA",1,"F","T",4,2,1,19,5,"T","F",3,3,"T","T","singk001","murre001","T","T",8,9,35,2,8,34,0,0,0,"colbm101","colbm101","",0,0,0,0,0,0,0,0,0,0,0,0,0,"washc001","F","F","F","F",0,0,0,0,0,0,0,0,0,0,F,F,"1978BAL.EVA.regular.event.csv",4994
"BAL197809021","CHA",5,0,0,0,0,"",2,4,"pryog001","?","pryog001","?","martd001","?","martd001","?","dempr001","murre001","dauer001","decid001","belam101","moraa101","lopec101","singk001","","","","8","T","F",4,8,2,"T","T",0,"F","F",1,"F","F",0,"F","F",8,"F","F","F","",0,0,"N",0,"N",0,"N",0,0,0,0,"8","","","","F","F","F","F","F","F","F","F","F","","","","F","F","F","F","F","","","","",0,8,0,0,0,0,0,0,0,38,"BAL","CHA","BAL",0,"T","F",2,4,0,16,0,"T","F",0,0,"T","T","colbm101","washc001","T","T",0,0,0,0,0,0,0,0,0,"","","",0,0,0,0,0,0,0,0,0,0,0,0,0,"lopec101","F","F","F","F",0,0,0,0,0,0,0,0,0,0,F,F,"1978BAL.EVA.regular.event.csv",4995
"BAL197809021","CHA",5,0,1,0,0,"",2,4,"colbm101","?","colbm101","?","martd001","?","martd001","?","dempr001","murre001","dauer001","decid001","belam101","moraa101","lopec101","singk001","","","","8","F","F",2,9,2,"T","T",0,"F","F",1,"F","F",0,"F","F",8,"F","F","F","",0,0,"N",0,"N",0,"N",0,0,0,0,"8","","","","F","F","F","F","F","F","F","F","F","","","","F","F","F","F","F","","","","",0,8,0,0,0,0,0,0,0,39,"BAL","CHA","BAL",0,"F","F",2,4,0,17,1,"T","F",0,0,"T","T","washc001","kessd101","T","T",0,0,0,0,0,0,0,0,0,"","","",0,0,0,0,0,0,0,0,0,0,0,0,0,"lopec101","F","F","F","F",0,0,0,0,0,0,0,0,0,0,F,F,"1978BAL.EVA.regular.event.csv",4996
"BAL197809021","CHA",5,0,2,0,0,"",2,4,"washc001","?","washc001","?","martd001","?","martd001","?","dempr001","murre001","dauer001","decid001","belam101","moraa101","lopec101","singk001","","","","43","F","F",7,1,2,"T","T",0,"F","F",1,"F","F",0,"F","F",4,"G","F","F","",0,0,"N",0,"N",0,"N",0,0,0,0,"43","","","","F","F","F","F","F","F","F","F","F","","","","F","F","F","F","F","","","","",0,3,0,0,4,0,0,0,0,40,"BAL","CHA","BAL",0,"F","T",2,4,0,18,2,"T","F",0,0,"T","T","kessd101","squim001","T","T",0,0,0,0,0,0,0,0,0,"","","",0,0,0,0,0,0,0,0,0,0,0,0,0,"dauer001","F","F","F","F",0,0,0,0,0,0,0,0,0,0,F,F,"1978BAL.EVA.regular.event.csv",4997
"BAL197809021","CHA",5,1,0,0,0,"",2,4,"singk001","?","singk001","?","kravk101","?","kravk101","?","colbm101","squim001","pryog001","sodee101","kessd101","washc001","boslt001","molib101","","","","K/C","T","F",9,3,3,"T","T",0,"F","F",1,"F","F",0,"F","F",0,"","F","F","",0,0,"N",0,"N",0,"N",0,0,0,0,"2","","","","F","F","F","F","F","F","F","F","F","","","","F","F","F","F","F","","","","",0,2,0,0,0,0,0,0,0,41,"BAL","BAL","CHA",1,"T","F",4,2,0,20,0,"T","F",0,0,"T","T","murre001","decid001","T","T",0,0,0,0,0,0,0,0,0,"","","",0,0,0,0,0,0,0,0,0,0,0,0,0,"","F","F","F","F",0,0,0,0,0,0,0,0,0,0,F,F,"1978BAL.EVA.regular.event.csv",4998
"BAL197809021","CHA",5,1,1,0,0,"",2,4,"murre001","?","murre001","?","kravk101","?","kravk101","?","colbm101","squim001","pryog001","sodee101","kessd101","washc001","boslt001","molib101","","","","S8","F","F",3,4,20,"T","T",1,"F","F",0,"F","F",0,"F","F",8,"","F","F","",0,0,"N",0,"N",0,"N",1,0,0,0,"","","","","F","F","F","F","F","F","F","F","F","","","","F","F","F","F","F","","","","",0,0,0,0,0,0,0,0,0,42,"BAL","BAL","CHA",1,"F","F",4,2,0,21,1,"T","F",0,1,"T","T","decid001","may-l101","T","T",0,0,0,0,0,0,0,0,0,"","","",0,0,0,0,0,0,0,0,0,0,0,0,0,"boslt001","F","F","F","F",0,0,0,0,0,0,0,0,0,0,F,F,"1978BAL.EVA.regular.event.csv",4999
"BAL197809021","CHA",5,1,1,0,0,"",2,4,"decid001","?","decid001","?","kravk101","?","kravk101","?","colbm101","squim001","pryog001","sodee101","kessd101","washc001","boslt001","molib101","murre001","","","W.1-2","F","F",5,5,14,"T","F",0,"F","F",0,"F","F",0,"F","F",0,"","F","F","",0,0,"N",0,"N",0,"N",1,2,0,0,"","","","","F","F","F","F","F","F","F","F","F","kravk101","","","F","F","F","F","F","","","","",0,0,0,0,0,0,0,0,0,43,"BAL","BAL","CHA",1,"F","F",4,2,0,22,2,"T","F",1,3,"T","T","may-l101","moraa101","T","T",3,4,42,0,0,0,0,0,0,"colbm101","","",0,0,0,0,0,0,0,0,0,0,0,0,0,"","F","F","F","F",0,0,0,0,0,0,0,0,0,0,F,F,"1978BAL.EVA.regular.event.csv",5000
"BAL197809021","CHA",5,1,1,0,0,"",2,4,"may-l101","?","may-l101","?","kravk101","?","kravk101","?","colbm101","squim001","pryog001","sodee101","kessd101","washc001","boslt001","molib101","decid001","murre001","","POCS3(15).1-2","F","F",10,6,8,"F","F",0,"F","F",1,"F","F",0,"F","F",0,"","F","F","",0,0,"N",0,"N",0,"N",0,2,0,0,"","","15","","F","F","F","F","T","F","F","T","F","kravk101","kravk101","","F","F","F","F","F","","","","",0,5,0,0,1,0,0,0,0,44,"BAL","BAL","CHA",1,"F","F",4,2,0,23,3,"T","F",3,2,"T","T","moraa101","dempr001","T","T",5,5,43,3,4,42,0,0,0,"colbm101","colbm101","",0,0,0,0,0,0,0,0,0,0,0,0,0,"","F","F","F","F",0,0,0,0,0,0,0,0,0,0,F,F,"1978BAL.EVA.regular.event.csv",5001
"BAL197809021","CHA",5,1,2,0,0,"",2,4,"may-l101","?","may-l101","?","kravk101","?","kravk101","?","colbm101","squim001","pryog001","sodee101","kessd101","washc001","boslt001","molib101","","decid001","","K","F","F",10,6,3,"T","T",0,"F","F",1,"F","F",0,"F","F",0,"","F","F","",0,0,"N",0,"N",0,"N",0,0,2,0,"2","","","","F","F","F","F","F","F","F","F","F","","kravk101","","F","F","F","F","F","","","","",0,2,0,0,0,0,0,0,0,45,"BAL","BAL","CHA",1,"F","T",4,2,0,23,3,"F","F",2,2,"T","T","moraa101","dempr001","T","T",0,0,0,5,5,43,0,0,0,"","colbm101","",0,0,0,0,0,0,0,0,0,0,0,0,0,"","F","F","F","F",0,0,0,0,0,0,0,0,0,0,F,F,"1978BAL.EVA.regular.event.csv",5002
"BAL197809021","CHA",6,0,0,0,0,"",2,4,"kessd101","?","kessd101","?","martd001","?","martd001","?","dempr001","murre001","dauer001","decid001","belam101","moraa101","lopec101","singk001","","","","3/G","T","F",6,2,2,"T","T",0,"F","F",1,"F","F",0,"F","F",3,"G","F","F","",0,0,"N",0,"N",0,"N",0,0,0,0,"3","","","","F","F","F","F","F","F","F","F","F","","","","F","F","F","F","F","","","","",0,3,0,0,0,0,0,0,0,46,"BAL","CHA","BAL",0,"T","F",2,4,0,19,0,"T","F",0,0,"T","T","squim001","johnl101","T","T",0,0,0,0,0,0,0,0,0,"","","",0,0,0,0,0,0,0,0,0,0,0,0,0,"murre001","F","F","F","F",0,0,0,0,0,0,0,0,0,0,F,F,"1978BAL.EVA.regular.event.csv",5003
"BAL197809021","CHA",6,0,1,0,0,"",2,4,"squim001","?","squim001","?","martd001","?","martd001","?","dempr001","murre001","dauer001","decid001","belam101","moraa101","lopec101","singk001","","","","S7","F","F",3,3,20,"T","T",1,"F","F",0,"F","F",0,"F","F",7,"","F","F","",0,0,"N",0,"N",0,"N",1,0,0,0,"","","","","F","F","F","F","F","F","F","F","F","","","","F","F","F","F","F","","","","",0,0,0,0,0,0,0,0,0,47,"BAL","CHA","BAL",0,"F","F",2,4,0,20,1,"T","F",0,1,"T","T","johnl101","molib101","T","T",0,0,0,0,0,0,0,0,0,"","","",0,0,0,0,0,0,0,0,0,0,0,0,0,"moraa101","F","F","F","F",0,0,0,0,0,0,0,0,0,0,F,F,"1978BAL.EVA.regular.event.csv",5004
"BAL197809021","CHA",6,0,1,0,0,"",2,4,"johnl101","?","johnl101","?","martd001","?","martd001","?","dempr001","murre001","dauer001","decid001","belam101","moraa101","lopec101","singk001","squim001","","","54(1)3/GDP","F","F",10,4,2,"T","T",0,"F","F",2,"T","F",0,"F","F",5,"G","F","F","",0,0,"N",0,"N",0,"N",0,0,0,0,"43","54","","","F","F","F","F","F","F","F","F","F","martd001","","","F","F","F","F","F","","","","",0,4,3,0,5,4,0,0,0,48,"BAL","CHA","BAL",0,"F","T",2,4,0,21,2,"T","F",1,0,"T","T","molib101","sodee101","T","T",3,3,47,0,0,0,0,0,0,"dempr001","","",0,0,0,0,0,0,0,0,0,0,0,0,0,"decid001","T","F","F","F",0,0,0,0,0,0,0,0,0,0,F,F,"1978BAL.EVA.regular.event.csv",5005
"BAL197809021","CHA",6,1,0,0,0,"",2,4,"moraa101","?","moraa101","?","kravk101","?","kravk101","?","colbm101","squim001","pryog001","sodee101","kessd101","washc001","boslt001","molib101","","","","W","T","F",7,7,14,"T","F",0,"F","F",0,"F","F",0,"F","F",0,"","F","F","",0,0,"N",0,"N",0,"N",1,0,0,0,"","","","","F","F","F","F","F","F","F","F","F","","","","F","F","F","F","F","","","","",0,0,0,0,0,0,0,0,0,49,"BAL","BAL","CHA",1,"T","F",4,2,0,24,0,"T","F",0,1,"T","T","dempr001","lopec101","T","T",0,0,0,0,0,0,0,0,0,"","","",0,0,0,0,0,0,0,0,0,0,0,0,0,"","F","F","F","F",4,0,0,0,5,0,0,0,0,0,F,F,"1978BAL.EVA.regular.event.csv",5006
"BAL197809021","CHA",6,1,0,0,0,"",2,4,"dempr001","?","dempr001","?","kravk101","?","kravk101","?","colbm101","squim001","pryog001","sodee101","kessd101","washc001","boslt001","molib101","moraa101","","","3/BP","F","F",2,8,2,"T","T",0,"F","F",1,"F","F",0,"F","F",3,"P","T","F","",0,0,"N",0,"N",0,"N",0,1,0,0,"3","","","","F","F","F","F","F","F","F","F","F","kravk101","","","F","F","F","F","F","","","","",0,3,0,0,0,0,0,0,0,50,"BAL","BAL","CHA",1,"F","F",4,2,0,25,1,"T","F",1,1,"T","T","lopec101","belam101","T","T",7,7,49,0,0,0,0,0,0,"colbm101","","",0,0,0,0,0,0,0,0,0,0,0,0,0,"squim001","F","F","F","F",0,4,0,0,5,0,0,0,0,0,F,F,"1978BAL.EVA.regular.event.csv",5007
"BAL197809021","CHA",6,1,1,0,0,"",2,4,"lopec101","?","lopec101","?","kravk101","?","kravk101","?","colbm101","squim001","pryog001","sodee101","kessd101","washc001","boslt001","molib101","moraa101","","","HR.1-H","F","F",8,9,23,"T","T",4,"F","F",0,"F","F",2,"F","F",0,"","F","F","",0,0,"N",0,"N",0,"N",4,4,0,0,"","","","","F","F","F","F","F","F","F","F","F","kravk101","","","F","F","F","F","F","","","","",0,0,0,0,0,0,0,0,0,51,"BAL","BAL","CHA",1,"F","F",4,2,0,26,2,"T","F",1,0,"T","T","belam101","dauer001","T","T",7,7,49,0,0,0,0,0,0,"colbm101","","",0,0,0,0,0,0,0,0,0,0,0,0,2,"","F","F","F","F",4,4,0,0,3,0,0,0,0,0,F,F,"1978BAL.EVA.regular.event.csv",5008
"BAL197809021","CHA",6,1,1,0,0,"",2,6,"belam101","?","belam101","?","willj102","?","willj102","?","colbm101","squim001","pryog001","sodee101","kessd101","washc001","boslt001","molib101","","","","S9","F","F",6,1,20,"T","T",1,"F","F",0,"F","F",0,"F","F",9,"","F","F","",0,0,"N",0,"N",0,"N",1,0,0,0,"","","","","F","F","F","F","F","F","F","F","F","","","","F","F","F","F","F","","","","",0,0,0,0,0,0,0,0,0,52,"BAL","BAL","CHA",1,"F","F",6,2,2,27,3,"T","F",0,1,"T","T","dauer001","singk001","F","F",0,0,0,0,0,0,0,0,0,"","","",0,0,0,0,0,0,0,0,0,0,0,0,0,"molib101","F","F","F","F",4,0,0,0,3,0,0,0,0,0,F,F,"1978BAL.EVA.regular.event.csv",5009
"BAL197809021","CHA",6,1,1,0,0,"",2,6,"dauer001","?","dauer001","?","willj102","?","willj102","?","colbm101","squim001","pryog001","sodee101","kessd101","washc001","boslt001","molib101","belam101","","","S7.1-2","F","F",4,2,20,"T","T",1,"F","F",0,"F","F",0,"F","F",7,"","F","F","",0,0,"N",0,"N",0,"N",1,2,0,0,"","","","","F","F","F","F","F","F","F","F","F","willj102","","","F","F","F","F","F","","","","",0,0,0,0,0,0,0,0,0,53,"BAL","BAL","CHA",1,"F","F",6,2,2,28,4,"T","F",1,3,"T","T","singk001","murre001","F","F",6,1,52,0,0,0,0,0,0,"colbm101","","",0,0,0,0,0,0,0,0,0,0,0,0,0,"washc001","F","F","F","F",4,4,0,0,3,0,0,0,0,0,F,F,"1978BAL.EVA.regular.event.csv",5010
"BAL197809021","CHA",6,1,1,0,0,"",2,6,"singk001","?","singk001","?","willj102","?","willj102","?","colbm101","squim001","pryog001","sodee101","kessd101","washc001","boslt001","molib101","dauer001","belam101","","7","F","F",9,3,2,"T","T",0,"F","F",1,"F","F",0,"F","F",7,"F","F","F","",0,0,"N",0,"N",0,"N",0,1,2,0,"7","","","","F","F","F","F","F","F","F","F","F","willj102","willj102","","F","F","F","F","F","","","","",0,7,0,0,0,0,0,0,0,54,"BAL","BAL","CHA",1,"F","F",6,2,2,29,5,"T","F",3,3,"T","T","murre001","decid001","F","F",4,2,53,6,1,52,0,0,0,"colbm101","colbm101","",0,0,0,0,0,0,0,0,0,0,0,0,0,"washc001","F","F","F","F",0,4,4,0,3,0,0,0,0,0,F,F,"1978BAL.EVA.regular.event.csv",5011
"BAL197809021","CHA",6,1,2,0,0,"",2,6,"murre001","?","murre001","?","willj102","?","willj102","?","colbm101","squim001","pryog001","sodee101","kessd101","washc001","boslt001","molib101","dauer001","belam101","","S9.2-H;1-2","F","F",3,4,20,"T","T",1,"F","F",0,"F","F",1,"F","F",9,"","F","F","",0,0,"N",0,"N",0,"N",1,2,4,0,"","","","","F","F","F","F","F","F","F","F","F","willj102","willj102","","F","F","F","F","F","","","","",0,0,0,0,0,0,0,0,0,55,"BAL","BAL","CHA",1,"F","F",6,2,2,30,6,"T","F",3,3,"T","T","decid001","may-l101","F","F",4,2,53,6,1,52,0,0,0,"colbm101","colbm101","",0,0,0,0,0,0,0,0,0,0,0,0,1,"molib101","F","F","F","F",4,4,4,0,2,0,0,0,0,0,F,F,"1978BAL.EVA.regular.event.csv",5012
"BAL197809021","CHA",6,1,2,0,0,"",2,7,"decid001","?","decid001","?","willj102","?","willj102","?","colbm101","squim001","pryog001","sodee101","kessd101","washc001","boslt001","molib101","murre001","dauer001","","D7.2-H;1-H","F","F",5,5,21,"T","T",2,"F","F",0,"F","F",2,"F","F",7,"","F","F","",0,0,"N",0,"N",0,"N",2,4,4,0,"","","","","F","F","F","F","F","F","F","F","F","willj102","willj102","","F","F","F","F","F","","","","",0,0,0,0,0,0,0,0,0,56,"BAL","BAL","CHA",1,"F","F",7,2,3,31,7,"T","F",3,2,"T","T","may-l101","moraa101","F","F",3,4,55,4,2,53,0,0,0,"colbm101","colbm101","",0,0,0,0,0,0,0,0,0,0,0,0,2,"washc001","F","F","F","F",2,4,4,0,0,0,0,0,0,0,F,F,"1978BAL.EVA.regular.event.csv",5013
"BAL197809021","CHA",6,1,2,0,0,"",2,9,"may-l101","?","may-l101","?","willj102","?","willj102","?","colbm101","squim001","pryog001","sodee101","kessd101","washc001","boslt001","molib101","","decid001","","K","F","F",10,6,3,"T","T",0,"F","F",1,"F","F",0,"F","F",0,"","F","F","",0,0,"N",0,"N",0,"N",0,0,2,0,"2","","","","F","F","F","F","F","F","F","F","F","","willj102","","F","F","F","F","F","","","","",0,2,0,0,0,0,0,0,0,57,"BAL","BAL","CHA",1,"F","T",9,2,5,32,8,"T","F",2,2,"T","T","moraa101","dempr001","F","F",0,0,0,5,5,56,0,0,0,"","colbm101","",0,0,0,0,0,0,0,0,0,0,0,0,0,"","F","F","F","F",0,0,2,0,0,0,0,0,0,0,F,F,"1978BAL.EVA.regular.event.csv",5014
"BAL197809021","CHA",7,0,0,0,0,"",2,9,"molib101","?","molib101","?","martd001","?","martd001","?","dempr001","murre001","smitb101","dauer001","belam101","moraa101","harll101","lopec101","","","","D?","T","F",9,5,21,"T","T",2,"F","F",0,"F","F",0,"F","F",0,"","F","F","",0,0,"N",0,"N",0,"N",2,0,0,0,"","","","","F","F","F","F","F","F","F","F","F","","","","F","F","F","F","F","","","","",0,0,0,0,0,0,0,0,0,58,"BAL","CHA","BAL",0,"T","F",2,9,0,22,0,"T","F",0,2,"T","T","sodee101","boslt001","T","T",0,0,0,0,0,0,0,0,0,"","","",0,0,0,0,0,0,0,0,0,0,0,0,0,"","F","F","F","F",4,0,0,0,2,0,0,0,0,0,F,F,"1978BAL.EVA.regular.event.csv",5015
"BAL197809021","CHA",7,0,0,0,0,"",2,9,"sodee101","?","sodee101","?","martd001","?","martd001","?","dempr001","murre001","smitb101","dauer001","belam101","moraa101","harll101","lopec101","","molib101","","HR.2-H","F","F",5,6,23,"T","T",4,"F","F",0,"F","F",2,"F","F",0,"","F","F","",0,0,"N",0,"N",0,"N",4,0,4,0,"","","","","F","F","F","F","F","F","F","F","F","","martd001","","F","F","F","F","F","","","","",0,0,0,0,0,0,0,0,0,59,"BAL","CHA","BAL",0,"F","F",2,9,0,23,1,"T","F",2,0,"T","T","boslt001","pryog001","T","T",0,0,0,9,5,58,0,0,0,"","dempr001","",0,0,0,0,0,0,0,0,0,0,0,0,2,"","F","F","F","F",4,0,4,0,0,0,0,0,0,0,F,F,"1978BAL.EVA.regular.event.csv",5016
"BAL197809021","CHA",7,0,0,0,0,"",4,9,"boslt001","?","boslt001","?","martd001","?","martd001","?","dempr001","murre001","smitb101","dauer001","belam101","moraa101","harll101","lopec101","","","","K","F","F",8,7,3,"T","T",0,"F","F",1,"F","F",0,"F","F",0,"","F","F","",0,0,"N",0,"N",0,"N",0,0,0,0,"2","","","","F","F","F","F","F","F","F","F","F","","","","F","F","F","F","F","","","","",0,2,0,0,0,0,0,0,0,60,"BAL","CHA","BAL",0,"F","F",4,9,2,24,2,"T","F",0,0,"T","T","pryog001","colbm101","T","T",0,0,0,0,0,0,0,0,0,"","","",0,0,0,0,0,0,0,0,0,0,0,0,0,"","F","F","F","F",0,0,0,0,0,0,0,0,0,0,F,F,"1978BAL.EVA.regular.event.csv",5017
"BAL197809021","CHA",7,0,1,0,0,"",4,9,"pryog001","?","pryog001","?","martd001","?","martd001","?","dempr001","murre001","smitb101","dauer001","belam101","moraa101","harll101","lopec101","","","","8","F","F",4,8,2,"T","T",0,"F","F",1,"F","F",0,"F","F",8,"F","F","F","",0,0,"N",0,"N",0,"N",0,0,0,0,"8","","","","F","F","F","F","F","F","F","F","F","","","","F","F","F","F","F","","","","",0,8,0,0,0,0,0,0,0,61,"BAL","CHA","BAL",0,"F","F",4,9,2,25,3,"T","F",0,0,"T","T","colbm101","washc001","T","T",0,0,0,0,0,0,0,0,0,"","","",0,0,0,0,0,0,0,0,0,0,0,0,0,"harll101","F","F","F","F",0,0,0,0,0,0,0,0,0,0,F,F,"1978BAL.EVA.regular.event.csv",5018
"BAL197809021","CHA",7,0,2,0,0,"",4,9,"colbm101","?","colbm101","?","martd001","?","martd001","?","dempr001","murre001","smitb101","dauer001","belam101","moraa101","harll101","lopec101","","","","K","F","F",2,9,3,"T","T",0,"F","F",1,"F","F",0,"F","F",0,"","F","F","",0,0,"N",0,"N",0,"N",0,0,0,0,"2","","","","F","F","F","F","F","F","F","F","F","","","","F","F","F","F","F","","","","",0,2,0,0,0,0,0,0,0,62,"BAL","CHA","BAL",0,"F","T",4,9,2,26,4,"T","F",0,0,"T","T","washc001","kessd101","T","T",0,0,0,0,0,0,0,0,0,"","","",0,0,0,0,0,0,0,0,0,0,0,0,0,"","F","F","F","F",0,0,0,0,0,0,0,0,0,0,F,F,"1978BAL.EVA.regular.event.csv",5019
"BAL197809021","CHA",7,1,0,0,0,"",4,9,"moraa101","?","moraa101","?","torrp101","?","torrp101","?","colbm101","squim001","pryog001","bellk101","kessd101","washc001","boslt001","molib101","","","","8","T","F",7,7,2,"T","T",0,"F","F",1,"F","F",0,"F","F",8,"F","F","F","",0,0,"N",0,"N",0,"N",0,0,0,0,"8","","","","F","F","F","F","F","F","F","F","F","","","","F","F","F","F","F","","","","",0,8,0,0,0,0,0,0,0,63,"BAL","BAL","CHA",1,"T","F",9,4,0,33,0,"T","F",0,0,"T","T","dempr001","lopec101","F","F",0,0,0,0,0,0,0,0,0,"","","",0,0,0,0,0,0,0,0,0,0,0,0,0,"boslt001","F","F","F","F",0,0,0,0,0,0,0,0,0,0,F,F,"1978BAL.EVA.regular.event.csv",5020
"BAL197809021","CHA",7,1,1,0,0,"",4,9,"dempr001","?","dempr001","?","torrp101","?","torrp101","?","colbm101","squim001","pryog001","bellk101","kessd101","washc001","boslt001","molib101","","","","8","F","F",2,8,2,"T","T",0,"F","F",1,"F","F",0,"F","F",8,"F","F","F","",0,0,"N",0,"N",0,"N",0,0,0,0,"8","","","","F","F","F","F","F","F","F","F","F","","","","F","F","F","F","F","","","","",0,8,0,0,0,0,0,0,0,64,"BAL","BAL","CHA",1,"F","F",9,4,0,34,1,"T","F",0,0,"T","T","lopec101","belam101","F","F",0,0,0,0,0,0,0,0,0,"","","",0,0,0,0,0,0,0,0,0,0,0,0,0,"boslt001","F","F","F","F",0,0,0,0,0,0,0,0,0,0,F,F,"1978BAL.EVA.regular.event.csv",5021
"BAL197809021","CHA",7,1,2,0,0,"",4,9,"lopec101","?","lopec101","?","torrp101","?","torrp101","?","colbm101","squim001","pryog001","bellk101","kessd101","washc001","boslt001","molib101","","","","5/L","F","F",9,9,2,"T","T",0,"F","F",1,"F","F",0,"F","F",5,"L","F","F","",0,0,"N",0,"N",0,"N",0,0,0,0,"5","","","","F","F","F","F","F","F","F","F","F","","","","F","F","F","F","F","","","","",0,5,0,0,0,0,0,0,0,65,"BAL","BAL","CHA",1,"F","T",9,4,0,35,2,"T","F",0,0,"T","T","belam101","dauer001","F","F",0,0,0,0,0,0,0,0,0,"","","",0,0,0,0,0,0,0,0,0,0,0,0,0,"bellk101","F","F","F","F",0,0,0,0,0,0,0,0,0,0,F,F,"1978BAL.EVA.regular.event.csv",5022
"BAL197809021","CHA",8,0,0,0,0,"",4,9,"washc001","?","washc001","?","martd001","?","martd001","?","dempr001","murre001","smitb101","dauer001","belam101","andem101","harll101","lopec101","","","","31","T","F",7,1,2,"T","T",0,"F","F",1,"F","F",0,"F","F",3,"G","F","F","",0,0,"N",0,"N",0,"N",0,0,0,0,"31","","","","F","F","F","F","F","F","F","F","F","","","","F","F","F","F","F","","","","",0,1,0,0,3,0,0,0,0,66,"BAL","CHA","BAL",0,"T","F",4,9,0,27,0,"T","F",0,0,"T","T","kessd101","squim001","T","T",0,0,0,0,0,0,0,0,0,"","","",0,0,0,0,0,0,0,0,0,0,0,0,0,"murre001","F","F","F","F",0,0,0,0,0,0,0,0,0,0,F,F,"1978BAL.EVA.regular.event.csv",5023
"BAL197809021","CHA",8,0,1,0,0,"",4,9,"kessd101","?","kessd101","?","martd001","?","martd001","?","dempr001","murre001","smitb101","dauer001","belam101","andem101","harll101","lopec101","","","","S7","F","F",6,2,20,"T","T",1,"F","F",0,"F","F",0,"F","F",7,"","F","F","",0,0,"N",0,"N",0,"N",1,0,0,0,"","","","","F","F","F","F","F","F","F","F","F","","","","F","F","F","F","F","","","","",0,0,0,0,0,0,0,0,0,67,"BAL","CHA","BAL",0,"F","F",4,9,0,28,1,"T","F",0,1,"T","T","squim001","johnl101","T","T",0,0,0,0,0,0,0,0,0,"","","",0,0,0,0,0,0,0,0,0,0,0,0,0,"andem101","F","F","F","F",2,0,0,0,0,0,0,0,0,0,F,F,"1978BAL.EVA.regular.event.csv",5024
"BAL197809021","CHA",8,0,1,0,0,"",4,9,"squim001","?","squim001","?","martd001","?","martd001","?","dempr001","murre001","smitb101","dauer001","belam101","andem101","harll101","lopec101","edenm101","","","S7.1-2","F","F",3,3,20,"T","T",1,"F","F",0,"F","F",0,"F","F",7,"","F","F","",0,0,"N",0,"N",0,"N",1,2,0,0,"","","","","F","F","F","F","F","F","F","F","F","martd001","","","F","F","T","F","F","kessd101","","","",0,0,0,0,0,0,0,0,0,68,"BAL","CHA","BAL",0,"F","F",4,9,0,29,2,"T","F",1,3,"T","T","johnl101","molib101","T","T",0,2,67,0,0,0,0,0,0,"dempr001","","",0,0,0,0,0,0,0,0,0,0,0,0,0,"andem101","F","F","F","F",0,2,0,0,0,0,0,0,0,0,F,F,"1978BAL.EVA.regular.event.csv",5025
"BAL197809021","CHA",8,0,1,0,0,"",4,9,"johnl101","?","johnl101","?","martd001","?","martd001","?","dempr001","murre001","smitb101","dauer001","belam101","andem101","harll101","lopec101","squim001","edenm101","","64(1)3/GDP","F","F",10,4,2,"T","T",0,"F","F",2,"T","F",0,"F","F",6,"G","F","F","",0,0,"N",0,"N",0,"N",0,0,2,0,"43","64","","","F","F","F","F","F","F","F","F","F","martd001","martd001","","F","F","F","F","F","","","","",0,4,3,0,6,4,0,0,0,69,"BAL","CHA","BAL",0,"F","T",4,9,0,30,3,"T","F",3,2,"T","T","molib101","bellk101","T","T",3,3,68,0,2,67,0,0,0,"dempr001","dempr001","",0,0,0,0,0,0,0,0,0,0,0,0,0,"belam101","T","F","F","F",0,0,2,0,0,0,0,0,0,0,F,F,"1978BAL.EVA.regular.event.csv",5026
"BAL197809021","CHA",8,1,0,0,0,"",4,9,"belam101","?","belam101","?","torrp101","?","torrp101","?","colbm101","squim001","edenm101","bellk101","pryog001","washc001","boslt001","molib101","","","","S9","T","F",6,1,20,"T","T",1,"F","F",0,"F","F",0,"F","F",9,"","F","F","",0,0,"N",0,"N",0,"N",1,0,0,0,"","","","","F","F","F","F","F","F","F","F","F","","","","F","F","F","F","F","","","","",0,0,0,0,0,0,0,0,0,70,"BAL","BAL","CHA",1,"T","F",9,4,0,36,0,"T","F",0,1,"T","T","dauer001","harll101","F","F",0,0,0,0,0,0,0,0,0,"","","",0,0,0,0,0,0,0,0,0,0,0,0,0,"molib101","F","F","F","F",0,0,0,0,0,0,0,0,0,0,F,F,"1978BAL.EVA.regular.event.csv",5027
"BAL197809021","CHA",8,1,0,0,0,"",4,9,"dauer001","?","dauer001","?","torrp101","?","torrp101","?","colbm101","squim001","edenm101","bellk101","pryog001","washc001","boslt001","molib101","belam101","","","54(1)3/GDP","F","F",5,2,2,"T","T",0,"F","F",2,"T","F",0,"F","F",5,"G","F","F","",0,0,"N",0,"N",0,"N",0,0,0,0,"43","54","","","F","F","F","F","F","F","F","F","F","torrp101","","","F","F","F","F","F","","","","",0,4,3,0,5,4,0,0,0,71,"BAL","BAL","CHA",1,"F","F",9,4,0,37,1,"T","F",1,0,"T","T","harll101","murre001","F","F",6,1,70,0,0,0,0,0,0,"colbm101","","",0,0,0,0,0,0,0,0,0,0,0,0,0,"bellk101","T","F","F","F",0,0,0,0,0,0,0,0,0,0,F,F,"1978BAL.EVA.regular.event.csv",5028
"BAL197809021","CHA",8,1,2,0,0,"",4,9,"harll101","?","harll101","?","torrp101","?","torrp101","?","colbm101","squim001","edenm101","bellk101","pryog001","washc001","boslt001","molib101","","","","8","F","F",8,3,2,"T","T",0,"F","F",1,"F","F",0,"F","F",8,"F","F","F","",0,0,"N",0,"N",0,"N",0,0,0,0,"8","","","","F","F","F","F","F","F","F","F","F","","","","F","F","F","F","F","","","","",0,8,0,0,0,0,0,0,0,72,"BAL","BAL","CHA",1,"F","T",9,4,0,38,2,"T","F",0,0,"F","F","murre001","smitb101","F","F",0,0,0,0,0,0,0,0,0,"","","",0,0,0,0,0,0,0,0,0,0,0,0,0,"boslt001","F","F","F","F",0,0,0,0,0,0,0,0,0,0,F,F,"1978BAL.EVA.regular.event.csv",5029
"BAL197809021","CHA",9,0,0,0,0,"",4,9,"molib101","?","molib101","?","martd001","?","martd001","?","dempr001","murre001","smitb101","dauer001","belam101","andem101","harll101","lopec101","","","","43","T","F",9,5,2,"T","T",0,"F","F",1,"F","F",0,"F","F",4,"G","F","F","",0,0,"N",0,"N",0,"N",0,0,0,0,"43","","","","F","F","F","F","F","F","F","F","F","","","","F","F","F","F","F","","","","",0,3,0,0,4,0,0,0,0,73,"BAL","CHA","BAL",0,"T","F",4,9,0,31,0,"T","F",0,0,"T","T","bellk101","boslt001","T","T",0,0,0,0,0,0,0,0,0,"","","",0,0,0,0,0,0,0,0,0,0,0,0,0,"smitb101","F","F","F","F",0,0,0,0,0,0,0,0,0,0,F,F,"1978BAL.EVA.regular.event.csv",5030
"BAL197809021","CHA",9,0,1,0,0,"",4,9,"bellk101","?","bellk101","?","martd001","?","martd001","?","dempr001","murre001","smitb101","dauer001","belam101","andem101","harll101","lopec101","","","","8","F","F",5,6,2,"T","T",0,"F","F",1,"F","F",0,"F","F",8,"F","F","F","",0,0,"N",0,"N",0,"N",0,0,0,0,"8","","","","F","F","F","F","F","F","F","F","F","","","","F","F","F","F","F","","","","",0,8,0,0,0,0,0,0,0,74,"BAL","CHA","BAL",0,"F","F",4,9,0,32,1,"T","F",0,0,"F","F","boslt001","pryog001","T","T",0,0,0,0,0,0,0,0,0,"","","",0,0,0,0,0,0,0,0,0,0,0,0,0,"harll101","F","F","F","F",0,0,0,0,0,0,0,0,0,0,F,F,"1978BAL.EVA.regular.event.csv",5031
"BAL197809021","CHA",9,0,2,0,0,"",4,9,"boslt001","?","boslt001","?","martd001","?","martd001","?","dempr001","murre001","smitb101","dauer001","belam101","andem101","harll101","lopec101","","","","S7","F","F",8,7,20,"T","T",1,"F","F",0,"F","F",0,"F","F",7,"","F","F","",0,0,"N",0,"N",0,"N",1,0,0,0,"","","","","F","F","F","F","F","F","F","F","F","","","","F","F","F","F","F","","","","",0,0,0,0,0,0,0,0,0,75,"BAL","CHA","BAL",0,"F","F",4,9,0,33,2,"T","F",0,1,"T","T","pryog001","colbm101","T","T",0,0,0,0,0,0,0,0,0,"","","",0,0,0,0,0,0,0,0,0,0,0,0,0,"andem101","F","F","F","F",1,0,0,0,0,0,0,0,0,0,F,F,"1978BAL.EVA.regular.event.csv",5032
"BAL197809021","CHA",9,0,2,0,0,"",4,9,"pryog001","?","pryog001","?","martd001","?","martd001","?","dempr001","murre001","smitb101","dauer001","belam101","andem101","harll101","lopec101","boslt001","","","63","F","F",6,8,2,"T","T",0,"F","F",1,"F","F",0,"F","F",6,"G","F","F","",0,0,"N",0,"N",0,"N",0,1,0,0,"63","","","","F","F","F","F","F","F","F","F","F","martd001","","","F","T","F","F","F","","","","",0,3,0,0,6,0,0,0,0,76,"BAL","CHA","BAL",0,"F","T",4,9,0,34,3,"T","F",1,1,"T","T","colbm101","washc001","T","T",8,7,75,0,0,0,0,0,0,"dempr001","","",0,0,0,0,0,0,0,0,0,0,0,0,0,"belam101","F","F","F","F",0,1,0,0,0,0,0,0,0,0,F,F,"1978BAL.EVA.regular.event.csv",5033
"BAL197809022","CHA",1,0,0,0,0,"",0,0,"molib101","?","molib101","?","fordd101","?","fordd101","?","skagd101","murre001","smitb101","decid001","garck001","moraa101","harll101","kellp101","","","","31","T","F",10,1,2,"T","T",0,"F","F",1,"F","F",0,"F","F",3,"G","F","F","",0,0,"N",0,"N",0,"N",0,0,0,0,"31","","","","F","F","F","F","F","F","F","F","F","","","","T","F","F","F","F","","","","",0,1,0,0,3,0,0,0,0,1,"BAL","CHA","BAL",0,"T","F",0,0,0,0,0,"T","F",0,0,"T","T","kessd101","squim001","T","T",0,0,0,0,0,0,0,0,0,"","","",0,0,0,0,0,0,0,0,0,0,0,0,0,"murre001","F","F","F","F",0,0,0,0,0,0,0,0,0,0,F,F,"1978BAL.EVA.regular.event.csv",5034
"BAL197809022","CHA",1,0,1,0,0,"",0,0,"kessd101","?","kessd101","?","fordd101","?","fordd101","?","skagd101","murre001","smitb101","decid001","garck001","moraa101","harll101","kellp101","","","","7","F","F",6,2,2,"T","T",0,"F","F",1,"F","F",0,"F","F",7,"F","F","F","",0,0,"N",0,"N",0,"N",0,0,0,0,"7","","","","F","F","F","F","F","F","F","F","F","","","","F","F","F","F","F","","","","",0,7,0,0,0,0,0,0,0,2,"BAL","CHA","BAL",0,"F","F",0,0,0,1,1,"T","F",0,0,"T","T","squim001","lemoc001","T","T",0,0,0,0,0,0,0,0,0,"","","",0,0,0,0,0,0,0,0,0,0,0,0,0,"moraa101","F","F","F","F",0,0,0,0,0,0,0,0,0,0,F,F,"1978BAL.EVA.regular.event.csv",5035
"BAL197809022","CHA",1,0,2,0,0,"",0,0,"squim001","?","squim001","?","fordd101","?","fordd101","?","skagd101","murre001","smitb101","decid001","garck001","moraa101","harll101","kellp101","","","","W","F","F",3,3,14,"T","F",0,"F","F",0,"F","F",0,"F","F",0,"","F","F","",0,0,"N",0,"N",0,"N",1,0,0,0,"","","","","F","F","F","F","F","F","F","F","F","","","","F","F","F","F","F","","","","",0,0,0,0,0,0,0,0,0,3,"BAL","CHA","BAL",0,"F","F",0,0,0,2,2,"T","F",0,1,"T","T","lemoc001","washc001","T","T",0,0,0,0,0,0,0,0,0,"","","",0,0,0,0,0,0,0,0,0,0,0,0,0,"","F","F","F","F",0,0,0,0,0,0,0,0,0,0,F,F,"1978BAL.EVA.regular.event.csv",5036
"BAL197809022","CHA",1,0,2,0,0,"",0,0,"lemoc001","?","lemoc001","?","fordd101","?","fordd101","?","skagd101","murre001","smitb101","decid001","garck001","moraa101","harll101","kellp101","squim001","","","SB2","F","F",9,4,4,"F","F",0,"F","F",0,"F","F",0,"F","F",0,"","F","F","",0,0,"N",0,"N",0,"N",0,2,0,0,"","","","","T","F","F","F","F","F","F","F","F","fordd101","","","F","F","F","F","F","","","","",0,0,0,0,0,0,0,0,0,4,"BAL","CHA","BAL",0,"F","F",0,0,0,3,3,"T","F",1,2,"T","T","washc001","boslt001","T","T",3,3,3,0,0,0,0,0,0,"skagd101","","",0,0,0,0,0,0,0,0,0,0,0,0,0,"","F","F","F","F",0,0,0,0,0,0,0,0,0,0,F,F,"1978BAL.EVA.regular.event.csv",5037
"BAL197809022","CHA",1,0,2,0,0,"",0,0,"lemoc001","?","lemoc001","?","fordd101","?","fordd101","?","skagd101","murre001","smitb101","decid001","garck001","moraa101","harll101","kellp101","","squim001","","3/G","F","F",9,4,2,"T","T",0,"F","F",1,"F","F",0,"F","F",3,"G","F","F","",0,0,"N",0,"N",0,"N",0,0,2,0,"3","","","","F","F","F","F","F","F","F","F","F","","fordd101","","F","F","F","F","F","","","","",0,3,0,0,0,0,0,0,0,5,"BAL","CHA","BAL",0,"F","T",0,0,0,3,3,"F","F",2,2,"T","T","washc001","boslt001","T","T",0,0,0,3,3,3,0,0,0,"","skagd101","",0,0,0,0,0,0,0,0,0,0,0,0,0,"murre001","F","F","F","F",0,0,0,0,0,0,0,0,0,0,F,F,"1978BAL.EVA.regular.event.csv",5038
"BAL197809022","CHA",1,1,0,0,0,"",0,0,"harll101","?","harll101","?","kucej101","?","kucej101","?","nahob001","squim001","pryog001","sodee101","kessd101","washc001","boslt001","lemoc001","","","","E3.B-1","T","F",8,1,18,"T","T",0,"F","F",0,"F","F",0,"F","F",3,"G","F","F","",1,3,"F",0,"N",0,"N",1,0,0,0,"","","","","F","F","F","F","F","F","F","F","F","","","","F","F","F","F","F","","","","",0,0,0,0,0,0,0,0,0,6,"BAL","BAL","CHA",1,"T","F",0,0,0,0,0,"T","F",0,1,"T","T","kellp101","singk001","T","T",0,0,0,0,0,0,0,0,0,"","","",0,0,0,0,0,0,0,0,0,0,0,0,0,"squim001","F","F","F","T",5,0,0,0,1,0,0,0,0,0,F,F,"1978BAL.EVA.regular.event.csv",5039
"BAL197809022","CHA",1,1,0,0,0,"",0,0,"kellp101","?","kellp101","?","kucej101","?","kucej101","?","nahob001","squim001","pryog001","sodee101","kessd101","washc001","boslt001","lemoc001","harll101","","","S9.1-3","F","F",9,2,20,"T","T",1,"F","F",0,"F","F",0,"F","F",9,"","F","F","",0,0,"N",0,"N",0,"N",1,3,0,0,"","","","","F","F","F","F","F","F","F","F","F","kucej101","","","F","F","F","F","F","","","","",0,0,0,0,0,0,0,0,0,7,"BAL","BAL","CHA",1,"F","F",0,0,0,1,1,"T","F",1,5,"T","T","singk001","murre001","T","T",8,1,6,0,0,0,0,0,0,"nahob001","","",0,0,0,0,0,0,0,0,0,0,0,0,0,"lemoc001","F","F","F","F",0,5,0,0,1,0,0,0,0,0,F,F,"1978BAL.EVA.regular.event.csv",5040
"BAL197809022","CHA",1,1,0,0,0,"",0,0,"singk001","?","singk001","?","kucej101","?","kucej101","?","nahob001","squim001","pryog001","sodee101","kessd101","washc001","boslt001","lemoc001","kellp101","","harll101","SB2","F","F",10,3,4,"F","F",0,"F","F",0,"F","F",0,"F","F",0,"","F","F","",0,0,"N",0,"N",0,"N",0,2,0,3,"","","","","T","F","F","F","F","F","F","F","F","kucej101","","kucej101","F","F","F","F","F","","","","",0,0,0,0,0,0,0,0,0,8,"BAL","BAL","CHA",1,"F","F",0,0,0,2,2,"T","F",5,6,"T","T","murre001","decid001","T","T",9,2,7,0,0,0,8,1,6,"nahob001","","nahob001",0,0,0,0,0,0,0,0,0,0,0,0,0,"","F","F","F","F",0,0,0,5,1,0,0,0,0,0,F,F,"1978BAL.EVA.regular.event.csv",5041
"BAL197809022","CHA",1,1,0,0,0,"",0,0,"singk001","?","singk001","?","kucej101","?","kucej101","?","nahob001","squim001","pryog001","sodee101","kessd101","washc001","boslt001","lemoc001","","kellp101","harll101","K","F","F",10,3,3,"T","T",0,"F","F",1,"F","F",0,"F","F",0,"","F","F","",0,0,"N",0,"N",0,"N",0,0,2,3,"2","","","","F","F","F","F","F","F","F","F","F","","kucej101","kucej101","F","F","F","F","F","","","","",0,2,0,0,0,0,0,0,0,9,"BAL","BAL","CHA",1,"F","F",0,0,0,2,2,"F","F",6,6,"T","T","murre001","decid001","T","T",0,0,0,9,2,7,8,1,6,"","nahob001","nahob001",0,0,0,0,0,0,0,0,0,0,0,0,0,"","F","F","F","F",0,0,0,5,1,0,0,0,0,0,F,F,"1978BAL.EVA.regular.event.csv",5042
"BAL197809022","CHA",1,1,1,0,0,"",0,0,"murre001","?","murre001","?","kucej101","?","kucej101","?","nahob001","squim001","pryog001","sodee101","kessd101","washc001","boslt001","lemoc001","","kellp101","harll101","43.3-H(UR)","F","F",3,4,2,"T","T",0,"F","F",1,"F","F",1,"F","F",4,"G","F","F","",0,0,"N",0,"N",0,"N",0,0,2,5,"43","","","","F","F","F","F","F","F","F","F","F","","kucej101","kucej101","F","F","F","F","F","","","","",0,3,0,0,4,0,0,0,0,10,"BAL","BAL","CHA",1,"F","F",0,0,0,3,3,"T","F",6,2,"T","T","decid001","moraa101","T","T",0,0,0,9,2,7,8,1,6,"","nahob001","nahob001",0,0,0,0,0,0,0,0,0,0,0,0,1,"pryog001","F","F","F","F",0,0,0,5,0,0,0,0,0,0,F,F,"1978BAL.EVA.regular.event.csv",5043
"BAL197809022","CHA",1,1,2,0,0,"",0,1,"decid001","?","decid001","?","kucej101","?","kucej101","?","nahob001","squim001","pryog001","sodee101","kessd101","washc001","boslt001","lemoc001","","kellp101","","K","F","F",5,5,3,"T","T",0,"F","F",1,"F","F",0,"F","F",0,"","F","F","",0,0,"N",0,"N",0,"N",0,0,2,0,"2","","","","F","F","F","F","F","F","F","F","F","","kucej101","","F","F","F","F","F","","","","",0,2,0,0,0,0,0,0,0,11,"BAL","BAL","CHA",1,"F","T",1,0,1,4,4,"T","F",2,2,"T","T","moraa101","garck001","T","T",0,0,0,9,2,7,0,0,0,"","nahob001","",0,0,0,0,0,0,0,0,0,0,0,0,0,"","F","F","F","F",0,0,0,0,0,0,0,0,0,0,F,F,"1978BAL.EVA.regular.event.csv",5044
"BAL197809022","CHA",2,0,0,0,0,"",0,1,"washc001","?","washc001","?","fordd101","?","fordd101","?","skagd101","murre001","smitb101","decid001","garck001","moraa101","harll101","kellp101","","","","63","T","F",7,5,2,"T","T",0,"F","F",1,"F","F",0,"F","F",6,"G","F","F","",0,0,"N",0,"N",0,"N",0,0,0,0,"63","","","","F","F","F","F","F","F","F","F","F","","","","F","F","F","F","F","","","","",0,3,0,0,6,0,0,0,0,12,"BAL","CHA","BAL",0,"T","F",0,1,0,4,0,"T","F",0,0,"T","T","boslt001","sodee101","T","T",0,0,0,0,0,0,0,0,0,"","","",0,0,0,0,0,0,0,0,0,0,0,0,0,"garck001","F","F","F","F",0,0,0,0,0,0,0,0,0,0,F,F,"1978BAL.EVA.regular.event.csv",5045
"BAL197809022","CHA",2,0,1,0,0,"",0,1,"boslt001","?","boslt001","?","fordd101","?","fordd101","?","skagd101","murre001","smitb101","decid001","garck001","moraa101","harll101","kellp101","","","","S8","F","F",8,6,20,"T","T",1,"F","F",0,"F","F",0,"F","F",8,"","F","F","",0,0,"N",0,"N",0,"N",1,0,0,0,"","","","","F","F","F","F","F","F","F","F","F","","","","F","F","F","F","F","","","","",0,0,0,0,0,0,0,0,0,13,"BAL","CHA","BAL",0,"F","F",0,1,0,5,1,"T","F",0,1,"T","T","sodee101","pryog001","T","T",0,0,0,0,0,0,0,0,0,"","","",0,0,0,0,0,0,0,0,0,0,0,0,0,"harll101","F","F","F","F",0,0,0,0,0,0,0,0,0,0,F,F,"1978BAL.EVA.regular.event.csv",5046
"BAL197809022","CHA",2,0,1,0,0,"",0,1,"sodee101","?","sodee101","?","fordd101","?","fordd101","?","skagd101","murre001","smitb101","decid001","garck001","moraa101","harll101","kellp101","boslt001","","","S8.1-2","F","F",5,7,20,"T","T",1,"F","F",0,"F","F",0,"F","F",8,"","F","F","",0,0,"N",0,"N",0,"N",1,2,0,0,"","","","","F","F","F","F","F","F","F","F","F","fordd101","","","F","F","F","F","F","","","","",0,0,0,0,0,0,0,0,0,14,"BAL","CHA","BAL",0,"F","F",0,1,0,6,2,"T","F",1,3,"T","T","pryog001","nahob001","T","T",8,6,13,0,0,0,0,0,0,"skagd101","","",0,0,0,0,0,0,0,0,0,0,0,0,0,"harll101","F","F","F","F",0,0,0,0,0,0,0,0,0,0,F,F,"1978BAL.EVA.regular.event.csv",5047
"BAL197809022","CHA",2,0,1,0,0,"",0,1,"pryog001","?","pryog001","?","fordd101","?","fordd101","?","skagd101","murre001","smitb101","decid001","garck001","moraa101","harll101","kellp101","sodee101","boslt001","","S8.2X3(864);1-2","F","F",4,8,20,"T","T",1,"F","F",1,"F","F",0,"F","F",8,"","F","F","",0,0,"N",0,"N",0,"N",1,2,0,0,"","","864","","F","F","F","F","F","F","F","F","F","fordd101","fordd101","","F","F","F","F","F","","","","",0,4,0,0,8,6,0,0,0,15,"BAL","CHA","BAL",0,"F","F",0,1,0,7,3,"T","F",3,3,"T","T","nahob001","molib101","T","T",5,7,14,8,6,13,0,0,0,"skagd101","skagd101","",0,0,0,0,0,0,0,0,0,0,0,0,0,"harll101","F","F","F","F",0,0,0,0,0,0,0,0,0,0,F,F,"1978BAL.EVA.regular.event.csv",5048
"BAL197809022","CHA",2,0,2,0,0,"",0,1,"nahob001","?","nahob001","?","fordd101","?","fordd101","?","skagd101","murre001","smitb101","decid001","garck001","moraa101","harll101","kellp101","pryog001","sodee101","","8/L","F","F",2,9,2,"T","T",0,"F","F",1,"F","F",0,"F","F",8,"L","F","F","",0,0,"N",0,"N",0,"N",0,1,2,0,"8","","","","F","F","F","F","F","F","F","F","F","fordd101","fordd101","","F","F","F","F","F","","","","",0,8,0,0,0,0,0,0,0,16,"BAL","CHA","BAL",0,"F","T",0,1,0,8,4,"T","F",3,3,"T","T","molib101","kessd101","T","T",4,8,15,5,7,14,0,0,0,"skagd101","skagd101","",0,0,0,0,0,0,0,0,0,0,0,0,0,"harll101","F","F","F","F",0,0,0,0,0,0,0,0,0,0,F,F,"1978BAL.EVA.regular.event.csv",5049
"BAL197809022","CHA",2,1,0,0,0,"",0,1,"moraa101","?","moraa101","?","kucej101","?","kucej101","?","nahob001","squim001","pryog001","sodee101","kessd101","washc001","boslt001","lemoc001","","","","7","T","F",7,6,2,"T","T",0,"F","F",1,"F","F",0,"F","F",7,"F","F","F","",0,0,"N",0,"N",0,"N",0,0,0,0,"7","","","","F","F","F","F","F","F","F","F","F","","","","F","F","F","F","F","","","","",0,7,0,0,0,0,0,0,0,17,"BAL","BAL","CHA",1,"T","F",1,0,0,5,0,"T","F",0,0,"T","T","garck001","smitb101","T","T",0,0,0,0,0,0,0,0,0,"","","",0,0,0,0,0,0,0,0,0,0,0,0,0,"washc001","F","F","F","F",0,0,0,0,0,0,0,0,0,0,F,F,"1978BAL.EVA.regular.event.csv",5050
"BAL197809022","CHA",2,1,1,0,0,"",0,1,"garck001","?","garck001","?","kucej101","?","kucej101","?","nahob001","squim001","pryog001","sodee101","kessd101","washc001","boslt001","lemoc001","","","","7/7D","F","F",6,7,2,"T","T",0,"F","F",1,"F","F",0,"F","F",7,"F","F","F","7D",0,0,"N",0,"N",0,"N",0,0,0,0,"7","","","","F","F","F","F","F","F","F","F","F","","","","F","F","F","F","F","","","","",0,7,0,0,0,0,0,0,0,18,"BAL","BAL","CHA",1,"F","F",1,0,0,6,1,"T","F",0,0,"T","T","smitb101","skagd101","T","T",0,0,0,0,0,0,0,0,0,"","","",0,0,0,0,0,0,0,0,0,0,0,0,0,"washc001","F","F","F","F",0,0,0,0,0,0,0,0,0,0,F,F,"1978BAL.EVA.regular.event.csv",5051
"BAL197809022","CHA",2,1,2,0,0,"",0,1,"smitb101","?","smitb101","?","kucej101","?","kucej101","?","nahob001","squim001","pryog001","sodee101","kessd101","washc001","boslt001","lemoc001","","","","S7","F","F",4,8,20,"T","T",1,"F","F",0,"F","F",0,"F","F",7,"","F","F","",0,0,"N",0,"N",0,"N",1,0,0,0,"","","","","F","F","F","F","F","F","F","F","F","","","","F","F","F","F","F","","","","",0,0,0,0,0,0,0,0,0,19,"BAL","BAL","CHA",1,"F","F",1,0,0,7,2,"T","F",0,1,"T","T","skagd101","harll101","T","T",0,0,0,0,0,0,0,0,0,"","","",0,0,0,0,0,0,0,0,0,0,0,0,0,"washc001","F","F","F","F",0,0,0,0,0,0,0,0,0,0,F,F,"1978BAL.EVA.regular.event.csv",5052
"BAL197809022","CHA",2,1,2,0,0,"",0,1,"skagd101","?","skagd101","?","kucej101","?","kucej101","?","nahob001","squim001","pryog001","sodee101","kessd101","washc001","boslt001","lemoc001","smitb101","","","3/FL","F","F",2,9,2,"T","T",0,"F","F",1,"F","F",0,"F","F",3,"F","F","T","",0,0,"N",0,"N",0,"N",0,1,0,0,"3","","","","F","F","F","F","F","F","F","F","F","kucej101","","","F","F","F","F","F","","","","",0,3,0,0,0,0,0,0,0,20,"BAL","BAL","CHA",1,"F","T",1,0,0,8,3,"T","F",1,1,"T","T","harll101","kellp101","T","T",4,8,19,0,0,0,0,0,0,"nahob001","","",0,0,0,0,0,0,0,0,0,0,0,0,0,"squim001","F","F","F","F",0,0,0,0,0,0,0,0,0,0,F,F,"1978BAL.EVA.regular.event.csv",5053
"BAL197809022","CHA",3,0,0,0,0,"",0,1,"molib101","?","molib101","?","fordd101","?","fordd101","?","skagd101","murre001","smitb101","decid001","garck001","moraa101","harll101","kellp101","","","","43","T","F",10,1,2,"T","T",0,"F","F",1,"F","F",0,"F","F",4,"G","F","F","",0,0,"N",0,"N",0,"N",0,0,0,0,"43","","","","F","F","F","F","F","F","F","F","F","","","","F","F","F","F","F","","","","",0,3,0,0,4,0,0,0,0,21,"BAL","CHA","BAL",0,"T","F",0,1,0,9,0,"T","F",0,0,"T","T","kessd101","squim001","T","T",0,0,0,0,0,0,0,0,0,"","","",0,0,0,0,0,0,0,0,0,0,0,0,0,"smitb101","F","F","F","F",0,0,0,0,0,0,0,0,0,0,F,F,"1978BAL.EVA.regular.event.csv",5054
"BAL197809022","CHA",3,0,1,0,0,"",0,1,"kessd101","?","kessd101","?","fordd101","?","fordd101","?","skagd101","murre001","smitb101","decid001","garck001","moraa101","harll101","kellp101","","","","53","F","F",6,2,2,"T","T",0,"F","F",1,"F","F",0,"F","F",5,"G","F","F","",0,0,"N",0,"N",0,"N",0,0,0,0,"53","","","","F","F","F","F","F","F","F","F","F","","","","F","F","F","F","F","","","","",0,3,0,0,5,0,0,0,0,22,"BAL","CHA","BAL",0,"F","F",0,1,0,10,1,"T","F",0,0,"T","T","squim001","lemoc001","T","T",0,0,0,0,0,0,0,0,0,"","","",0,0,0,0,0,0,0,0,0,0,0,0,0,"decid001","F","F","F","F",0,0,0,0,0,0,0,0,0,0,F,F,"1978BAL.EVA.regular.event.csv",5055
"BAL197809022","CHA",3,0,2,0,0,"",0,1,"squim001","?","squim001","?","fordd101","?","fordd101","?","skagd101","murre001","smitb101","decid001","garck001","moraa101","harll101","kellp101","","","","K","F","F",3,3,3,"T","T",0,"F","F",1,"F","F",0,"F","F",0,"","F","F","",0,0,"N",0,"N",0,"N",0,0,0,0,"2","","","","F","F","F","F","F","F","F","F","F","","","","F","F","F","F","F","","","","",0,2,0,0,0,0,0,0,0,23,"BAL","CHA","BAL",0,"F","T",0,1,0,11,2,"T","F",0,0,"T","T","lemoc001","washc001","T","T",0,0,0,0,0,0,0,0,0,"","","",0,0,0,0,0,0,0,0,0,0,0,0,0,"","F","F","F","F",0,0,0,0,0,0,0,0,0,0,F,F,"1978BAL.EVA.regular.event.csv",5056
"BAL197809022","CHA",3,1,0,0,0,"",0,1,"harll101","?","harll101","?","kucej101","?","kucej101","?","nahob001","squim001","pryog001","sodee101","kessd101","washc001","boslt001","lemoc001","","","","9","T","F",8,1,2,"T","T",0,"F","F",1,"F","F",0,"F","F",9,"F","F","F","",0,0,"N",0,"N",0,"N",0,0,0,0,"9","","","","F","F","F","F","F","F","F","F","F","","","","F","F","F","F","F","","","","",0,9,0,0,0,0,0,0,0,24,"BAL","BAL","CHA",1,"T","F",1,0,0,9,0,"T","F",0,0,"T","T","kellp101","singk001","T","T",0,0,0,0,0,0,0,0,0,"","","",0,0,0,0,0,0,0,0,0,0,0,0,0,"lemoc001","F","F","F","F",0,0,0,0,0,0,0,0,0,0,F,F,"1978BAL.EVA.regular.event.csv",5057
"BAL197809022","CHA",3,1,1,0,0,"",0,1,"kellp101","?","kellp101","?","kucej101","?","kucej101","?","nahob001","squim001","pryog001","sodee101","kessd101","washc001","boslt001","lemoc001","","","","43","F","F",9,2,2,"T","T",0,"F","F",1,"F","F",0,"F","F",4,"G","F","F","",0,0,"N",0,"N",0,"N",0,0,0,0,"43","","","","F","F","F","F","F","F","F","F","F","","","","F","F","F","F","F","","","","",0,3,0,0,4,0,0,0,0,25,"BAL","BAL","CHA",1,"F","F",1,0,0,10,1,"T","F",0,0,"T","T","singk001","murre001","T","T",0,0,0,0,0,0,0,0,0,"","","",0,0,0,0,0,0,0,0,0,0,0,0,0,"pryog001","F","F","F","F",0,0,0,0,0,0,0,0,0,0,F,F,"1978BAL.EVA.regular.event.csv",5058
"BAL197809022","CHA",3,1,2,0,0,"",0,1,"singk001","?","singk001","?","kucej101","?","kucej101","?","nahob001","squim001","pryog001","sodee101","kessd101","washc001","boslt001","lemoc001","","","","W","F","F",10,3,14,"T","F",0,"F","F",0,"F","F",0,"F","F",0,"","F","F","",0,0,"N",0,"N",0,"N",1,0,0,0,"","","","","F","F","F","F","F","F","F","F","F","","","","F","F","F","F","F","","","","",0,0,0,0,0,0,0,0,0,26,"BAL","BAL","CHA",1,"F","F",1,0,0,11,2,"T","F",0,1,"T","T","murre001","decid001","T","T",0,0,0,0,0,0,0,0,0,"","","",0,0,0,0,0,0,0,0,0,0,0,0,0,"","F","F","F","F",0,0,0,0,0,0,0,0,0,0,F,F,"1978BAL.EVA.regular.event.csv",5059
"BAL197809022","CHA",3,1,2,0,0,"",0,1,"murre001","?","murre001","?","kucej101","?","kucej101","?","nahob001","squim001","pryog001","sodee101","kessd101","washc001","boslt001","lemoc001","singk001","","","43","F","F",3,4,2,"T","T",0,"F","F",1,"F","F",0,"F","F",4,"G","F","F","",0,0,"N",0,"N",0,"N",0,1,0,0,"43","","","","F","F","F","F","F","F","F","F","F","kucej101","","","F","F","F","F","F","","","","",0,3,0,0,4,0,0,0,0,27,"BAL","BAL","CHA",1,"F","T",1,0,0,12,3,"T","F",1,1,"T","T","decid001","moraa101","T","T",10,3,26,0,0,0,0,0,0,"nahob001","","",0,0,0,0,0,0,0,0,0,0,0,0,0,"pryog001","F","F","F","F",0,0,0,0,0,0,0,0,0,0,F,F,"1978BAL.EVA.regular.event.csv",5060
"BAL197809022","CHA",4,0,0,0,0,"",0,1,"lemoc001","?","lemoc001","?","fordd101","?","fordd101","?","skagd101","murre001","smitb101","decid001","garck001","moraa101","harll101","kellp101","","","","6/L","T","F",9,4,2,"T","T",0,"F","F",1,"F","F",0,"F","F",6,"L","F","F","",0,0,"N",0,"N",0,"N",0,0,0,0,"6","","","","F","F","F","F","F","F","F","F","F","","","","F","F","F","F","F","","","","",0,6,0,0,0,0,0,0,0,28,"BAL","CHA","BAL",0,"T","F",0,1,0,12,0,"T","F",0,0,"T","T","washc001","boslt001","T","T",0,0,0,0,0,0,0,0,0,"","","",0,0,0,0,0,0,0,0,0,0,0,0,0,"garck001","F","F","F","F",0,0,0,0,0,0,0,0,0,0,F,F,"1978BAL.EVA.regular.event.csv",5061
"BAL197809022","CHA",4,0,1,0,0,"",0,1,"washc001","?","washc001","?","fordd101","?","fordd101","?","skagd101","murre001","smitb101","decid001","garck001","moraa101","harll101","kellp101","","","","31","F","F",7,5,2,"T","T",0,"F","F",1,"F","F",0,"F","F",3,"G","F","F","",0,0,"N",0,"N",0,"N",0,0,0,0,"31","","","","F","F","F","F","F","F","F","F","F","","","","F","F","F","F","F","","","","",0,1,0,0,3,0,0,0,0,29,"BAL","CHA","BAL",0,"F","F",0,1,0,13,1,"T","F",0,0,"T","T","boslt001","sodee101","T","T",0,0,0,0,0,0,0,0,0,"","","",0,0,0,0,0,0,0,0,0,0,0,0,0,"murre001","F","F","F","F",0,0,0,0,0,0,0,0,0,0,F,F,"1978BAL.EVA.regular.event.csv",5062
"BAL197809022","CHA",4,0,2,0,0,"",0,1,"boslt001","?","boslt001","?","fordd101","?","fordd101","?","skagd101","murre001","smitb101","decid001","garck001","moraa101","harll101","kellp101","","","","7","F","F",8,6,2,"T","T",0,"F","F",1,"F","F",0,"F","F",7,"F","F","F","",0,0,"N",0,"N",0,"N",0,0,0,0,"7","","","","F","F","F","F","F","F","F","F","F","","","","F","F","F","F","F","","","","",0,7,0,0,0,0,0,0,0,30,"BAL","CHA","BAL",0,"F","T",0,1,0,14,2,"T","F",0,0,"T","T","sodee101","pryog001","T","T",0,0,0,0,0,0,0,0,0,"","","",0,0,0,0,0,0,0,0,0,0,0,0,0,"moraa101","F","F","F","F",0,0,0,0,0,0,0,0,0,0,F,F,"1978BAL.EVA.regular.event.csv",5063
"BAL197809022","CHA",4,1,0,0,0,"",0,1,"decid001","?","decid001","?","kucej101","?","kucej101","?","nahob001","squim001","pryog001","sodee101","kessd101","washc001","boslt001","lemoc001","","","","53","T","F",5,5,2,"T","T",0,"F","F",1,"F","F",0,"F","F",5,"G","F","F","",0,0,"N",0,"N",0,"N",0,0,0,0,"53","","","","F","F","F","F","F","F","F","F","F","","","","F","F","F","F","F","","","","",0,3,0,0,5,0,0,0,0,31,"BAL","BAL","CHA",1,"T","F",1,0,0,13,0,"T","F",0,0,"T","T","moraa101","garck001","T","T",0,0,0,0,0,0,0,0,0,"","","",0,0,0,0,0,0,0,0,0,0,0,0,0,"sodee101","F","F","F","F",0,0,0,0,0,0,0,0,0,0,F,F,"1978BAL.EVA.regular.event.csv",5064
"BAL197809022","CHA",4,1,1,0,0,"",0,1,"moraa101","?","moraa101","?","kucej101","?","kucej101","?","nahob001","squim001","pryog001","sodee101","kessd101","washc001","boslt001","lemoc001","","","","K","F","F",7,6,3,"T","T",0,"F","F",1,"F","F",0,"F","F",0,"","F","F","",0,0,"N",0,"N",0,"N",0,0,0,0,"2","","","","F","F","F","F","F","F","F","F","F","","","","F","F","F","F","F","","","","",0,2,0,0,0,0,0,0,0,32,"BAL","BAL","CHA",1,"F","F",1,0,0,14,1,"T","F",0,0,"T","T","garck001","smitb101","T","T",0,0,0,0,0,0,0,0,0,"","","",0,0,0,0,0,0,0,0,0,0,0,0,0,"","F","F","F","F",0,0,0,0,0,0,0,0,0,0,F,F,"1978BAL.EVA.regular.event.csv",5065
"BAL197809022","CHA",4,1,2,0,0,"",0,1,"garck001","?","garck001","?","kucej101","?","kucej101","?","nahob001","squim001","pryog001","sodee101","kessd101","washc001","boslt001","lemoc001","","","","13","F","F",6,7,2,"T","T",0,"F","F",1,"F","F",0,"F","F",1,"G","F","F","",0,0,"N",0,"N",0,"N",0,0,0,0,"13","","","","F","F","F","F","F","F","F","F","F","","","","F","F","F","F","F","","","","",0,3,0,0,1,0,0,0,0,33,"BAL","BAL","CHA",1,"F","T",1,0,0,15,2,"T","F",0,0,"T","T","smitb101","skagd101","T","T",0,0,0,0,0,0,0,0,0,"","","",0,0,0,0,0,0,0,0,0,0,0,0,0,"kucej101","F","F","F","F",0,0,0,0,0,0,0,0,0,0,F,F,"1978BAL.EVA.regular.event.csv",5066
"BAL197809022","CHA",5,0,0,0,0,"",0,1,"sodee101","?","sodee101","?","fordd101","?","fordd101","?","skagd101","murre001","smitb101","decid001","garck001","moraa101","harll101","kellp101","","","","7","T","F",5,7,2,"T","T",0,"F","F",1,"F","F",0,"F","F",7,"F","F","F","",0,0,"N",0,"N",0,"N",0,0,0,0,"7","","","","F","F","F","F","F","F","F","F","F","","","","F","F","F","F","F","","","","",0,7,0,0,0,0,0,0,0,34,"BAL","CHA","BAL",0,"T","F",0,1,0,15,0,"T","F",0,0,"T","T","pryog001","nahob001","T","T",0,0,0,0,0,0,0,0,0,"","","",0,0,0,0,0,0,0,0,0,0,0,0,0,"moraa101","F","F","F","F",0,0,0,0,0,0,0,0,0,0,F,F,"1978BAL.EVA.regular.event.csv",5067
"BAL197809022","CHA",5,0,1,0,0,"",0,1,"pryog001","?","pryog001","?","fordd101","?","fordd101","?","skagd101","murre001","smitb101","decid001","garck001","moraa101","harll101","kellp101","","","","S8","F","F",4,8,20,"T","T",1,"F","F",0,"F","F",0,"F","F",8,"","F","F","",0,0,"N",0,"N",0,"N",1,0,0,0,"","","","","F","F","F","F","F","F","F","F","F","","","","F","F","F","F","F","","","","",0,0,0,0,0,0,0,0,0,35,"BAL","CHA","BAL",0,"F","F",0,1,0,16,1,"T","F",0,1,"T","T","nahob001","molib101","T","T",0,0,0,0,0,0,0,0,0,"","","",0,0,0,0,0,0,0,0,0,0,0,0,0,"harll101","F","F","F","F",0,0,0,0,0,0,0,0,0,0,F,F,"1978BAL.EVA.regular.event.csv",5068
"BAL197809022","CHA",5,0,1,0,0,"",0,1,"nahob001","?","nahob001","?","fordd101","?","fordd101","?","skagd101","murre001","smitb101","decid001","garck001","moraa101","harll101","kellp101","pryog001","","","CS2(26)","F","F",2,9,6,"F","F",0,"F","F",1,"F","F",0,"F","F",0,"","F","F","",0,0,"N",0,"N",0,"N",0,0,0,0,"","26","","","F","F","F","T","F","F","F","F","F","fordd101","","","F","F","F","F","F","","","","",0,6,0,0,2,0,0,0,0,36,"BAL","CHA","BAL",0,"F","F",0,1,0,17,2,"T","F",1,0,"T","T","molib101","kessd101","T","T",4,8,35,0,0,0,0,0,0,"skagd101","","",0,0,0,0,0,0,0,0,0,0,0,0,0,"","F","F","F","F",0,0,0,0,0,0,0,0,0,0,F,F,"1978BAL.EVA.regular.event.csv",5069
"BAL197809022","CHA",5,0,2,0,0,"",0,1,"nahob001","?","nahob001","?","fordd101","?","fordd101","?","skagd101","murre001","smitb101","decid001","garck001","moraa101","harll101","kellp101","","","","K","F","F",2,9,3,"T","T",0,"F","F",1,"F","F",0,"F","F",0,"","F","F","",0,0,"N",0,"N",0,"N",0,0,0,0,"2","","","","F","F","F","F","F","F","F","F","F","","","","F","F","F","F","F","","","","",0,2,0,0,0,0,0,0,0,37,"BAL","CHA","BAL",0,"F","T",0,1,0,17,2,"F","F",0,0,"T","T","molib101","kessd101","T","T",0,0,0,0,0,0,0,0,0,"","","",0,0,0,0,0,0,0,0,0,0,0,0,0,"","F","F","F","F",0,0,0,0,0,0,0,0,0,0,F,F,"1978BAL.EVA.regular.event.csv",5070
"BAL197809022","CHA",5,1,0,0,0,"",0,1,"smitb101","?","smitb101","?","kucej101","?","kucej101","?","nahob001","squim001","pryog001","sodee101","kessd101","washc001","boslt001","lemoc001","","","","W","T","F",4,8,14,"T","F",0,"F","F",0,"F","F",0,"F","F",0,"","F","F","",0,0,"N",0,"N",0,"N",1,0,0,0,"","","","","F","F","F","F","F","F","F","F","F","","","","F","F","F","F","F","","","","",0,0,0,0,0,0,0,0,0,38,"BAL","BAL","CHA",1,"T","F",1,0,0,16,0,"T","F",0,1,"T","T","skagd101","harll101","T","T",0,0,0,0,0,0,0,0,0,"","","",0,0,0,0,0,0,0,0,0,0,0,0,0,"","F","F","F","F",0,0,0,0,0,0,0,0,0,0,F,F,"1978BAL.EVA.regular.event.csv",5071
"BAL197809022","CHA",5,1,0,0,0,"",0,1,"skagd101","?","skagd101","?","kucej101","?","kucej101","?","nahob001","squim001","pryog001","sodee101","kessd101","washc001","boslt001","lemoc001","smitb101","","","PB.1-2","F","F",2,9,10,"F","F",0,"F","F",0,"F","F",0,"F","T",0,"","F","F","",0,0,"N",0,"N",0,"N",0,2,0,0,"","","","","F","F","F","F","F","F","F","F","F","kucej101","","","F","F","F","F","F","","","","",0,0,0,0,0,0,0,0,0,39,"BAL","BAL","CHA",1,"F","F",1,0,0,17,1,"T","F",1,2,"T","T","harll101","kellp101","T","T",4,8,38,0,0,0,0,0,0,"nahob001","","",0,0,0,0,0,0,0,0,0,0,0,0,0,"","F","F","F","F",0,0,0,0,0,0,0,0,0,0,F,F,"1978BAL.EVA.regular.event.csv",5072
"BAL197809022","CHA",5,1,0,0,0,"",0,1,"skagd101","?","skagd101","?","kucej101","?","kucej101","?","nahob001","squim001","pryog001","sodee101","kessd101","washc001","boslt001","lemoc001","","smitb101","","FC1.2X3(16);B-1","F","F",2,9,19,"T","T",0,"F","F",1,"F","F",0,"F","F",1,"G","F","F","",0,0,"N",0,"N",0,"N",1,0,0,0,"","","16","","F","F","F","F","F","F","F","F","F","","kucej101","","F","F","F","F","F","","","","",0,6,0,0,1,0,0,0,0,40,"BAL","BAL","CHA",1,"F","F",1,0,0,17,1,"F","F",2,1,"T","T","harll101","kellp101","T","T",0,0,0,4,8,38,0,0,0,"","nahob001","",0,0,0,0,0,0,0,0,0,0,0,0,0,"kucej101","F","F","F","F",0,0,0,0,0,0,0,0,0,0,F,F,"1978BAL.EVA.regular.event.csv",5073
"BAL197809022","CHA",5,1,1,0,0,"",0,1,"harll101","?","harll101","?","kucej101","?","kucej101","?","nahob001","squim001","pryog001","sodee101","kessd101","washc001","boslt001","lemoc001","skagd101","","","K","F","F",8,1,3,"T","T",0,"F","F",1,"F","F",0,"F","F",0,"","F","F","",0,0,"N",0,"N",0,"N",0,1,0,0,"2","","","","F","F","F","F","F","F","F","F","F","kucej101","","","F","F","F","F","F","","","","",0,2,0,0,0,0,0,0,0,41,"BAL","BAL","CHA",1,"F","F",1,0,0,18,2,"T","F",1,1,"T","T","kellp101","singk001","T","T",2,9,40,0,0,0,0,0,0,"nahob001","","",0,0,0,0,0,0,0,0,0,0,0,0,0,"","F","F","F","F",0,0,0,0,0,0,0,0,0,0,F,F,"1978BAL.EVA.regular.event.csv",5074
"BAL197809022","CHA",5,1,2,0,0,"",0,1,"kellp101","?","kellp101","?","kucej101","?","kucej101","?","nahob001","squim001","pryog001","sodee101","kessd101","washc001","boslt001","lemoc001","skagd101","","","K/C","F","F",9,2,3,"T","T",0,"F","F",1,"F","F",0,"F","F",0,"","F","F","",0,0,"N",0,"N",0,"N",0,1,0,0,"2","","","","F","F","F","F","F","F","F","F","F","kucej101","","","F","F","F","F","F","","","","",0,2,0,0,0,0,0,0,0,42,"BAL","BAL","CHA",1,"F","T",1,0,0,19,3,"T","F",1,1,"T","T","singk001","murre001","T","T",2,9,40,0,0,0,0,0,0,"nahob001","","",0,0,0,0,0,0,0,0,0,0,0,0,0,"","F","F","F","F",0,0,0,0,0,0,0,0,0,0,F,F,"1978BAL.EVA.regular.event.csv",5075
"BAL197809022","CHA",6,0,0,0,0,"",0,1,"molib101","?","molib101","?","fordd101","?","fordd101","?","skagd101","murre001","smitb101","decid001","garck001","moraa101","harll101","kellp101","","","","43","T","F",10,1,2,"T","T",0,"F","F",1,"F","F",0,"F","F",4,"G","F","F","",0,0,"N",0,"N",0,"N",0,0,0,0,"43","","","","F","F","F","F","F","F","F","F","F","","","","F","F","F","F","F","","","","",0,3,0,0,4,0,0,0,0,43,"BAL","CHA","BAL",0,"T","F",0,1,0,18,0,"T","F",0,0,"T","T","kessd101","squim001","T","T",0,0,0,0,0,0,0,0,0,"","","",0,0,0,0,0,0,0,0,0,0,0,0,0,"smitb101","F","F","F","F",0,0,0,0,0,0,0,0,0,0,F,F,"1978BAL.EVA.regular.event.csv",5076
"BAL197809022","CHA",6,0,1,0,0,"",0,1,"kessd101","?","kessd101","?","fordd101","?","fordd101","?","skagd101","murre001","smitb101","decid001","garck001","moraa101","harll101","kellp101","","","","8/8D","F","F",6,2,2,"T","T",0,"F","F",1,"F","F",0,"F","F",8,"F","F","F","8D",0,0,"N",0,"N",0,"N",0,0,0,0,"8","","","","F","F","F","F","F","F","F","F","F","","","","F","F","F","F","F","","","","",0,8,0,0,0,0,0,0,0,44,"BAL","CHA","BAL",0,"F","F",0,1,0,19,1,"T","F",0,0,"T","T","squim001","lemoc001","T","T",0,0,0,0,0,0,0,0,0,"","","",0,0,0,0,0,0,0,0,0,0,0,0,0,"harll101","F","F","F","F",0,0,0,0,0,0,0,0,0,0,F,F,"1978BAL.EVA.regular.event.csv",5077
"BAL197809022","CHA",6,0,2,0,0,"",0,1,"squim001","?","squim001","?","fordd101","?","fordd101","?","skagd101","murre001","smitb101","decid001","garck001","moraa101","harll101","kellp101","","","","43","F","F",3,3,2,"T","T",0,"F","F",1,"F","F",0,"F","F",4,"G","F","F","",0,0,"N",0,"N",0,"N",0,0,0,0,"43","","","","F","F","F","F","F","F","F","F","F","","","","F","F","F","F","F","","","","",0,3,0,0,4,0,0,0,0,45,"BAL","CHA","BAL",0,"F","T",0,1,0,20,2,"T","F",0,0,"T","T","lemoc001","washc001","T","T",0,0,0,0,0,0,0,0,0,"","","",0,0,0,0,0,0,0,0,0,0,0,0,0,"smitb101","F","F","F","F",0,0,0,0,0,0,0,0,0,0,F,F,"1978BAL.EVA.regular.event.csv",5078
"BAL197809022","CHA",6,1,0,0,0,"",0,1,"singk001","?","singk001","?","kucej101","?","kucej101","?","nahob001","squim001","pryog001","sodee101","kessd101","washc001","boslt001","lemoc001","","","","S8","T","F",10,3,20,"T","T",1,"F","F",0,"F","F",0,"F","F",8,"","F","F","",0,0,"N",0,"N",0,"N",1,0,0,0,"","","","","F","F","F","F","F","F","F","F","F","","","","F","F","F","F","F","","","","",0,0,0,0,0,0,0,0,0,46,"BAL","BAL","CHA",1,"T","F",1,0,0,20,0,"T","F",0,1,"T","T","murre001","decid001","T","T",0,0,0,0,0,0,0,0,0,"","","",0,0,0,0,0,0,0,0,0,0,0,0,0,"boslt001","F","F","F","F",0,0,0,0,0,0,0,0,0,0,F,F,"1978BAL.EVA.regular.event.csv",5079
"BAL197809022","CHA",6,1,0,0,0,"",0,1,"murre001","?","murre001","?","kucej101","?","kucej101","?","nahob001","squim001","pryog001","sodee101","kessd101","washc001","boslt001","lemoc001","singk001","","","7","F","F",3,4,2,"T","T",0,"F","F",1,"F","F",0,"F","F",7,"F","F","F","",0,0,"N",0,"N",0,"N",0,1,0,0,"7","","","","F","F","F","F","F","F","F","F","F","kucej101","","","F","F","F","F","F","","","","",0,7,0,0,0,0,0,0,0,47,"BAL","BAL","CHA",1,"F","F",1,0,0,21,1,"T","F",1,1,"T","T","decid001","moraa101","T","T",10,3,46,0,0,0,0,0,0,"nahob001","","",0,0,0,0,0,0,0,0,0,0,0,0,0,"washc001","F","F","F","F",0,0,0,0,0,0,0,0,0,0,F,F,"1978BAL.EVA.regular.event.csv",5080
"BAL197809022","CHA",6,1,1,0,0,"",0,1,"decid001","?","decid001","?","kucej101","?","kucej101","?","nahob001","squim001","pryog001","sodee101","kessd101","washc001","boslt001","lemoc001","singk001","","","9","F","F",5,5,2,"T","T",0,"F","F",1,"F","F",0,"F","F",9,"F","F","F","",0,0,"N",0,"N",0,"N",0,1,0,0,"9","","","","F","F","F","F","F","F","F","F","F","kucej101","","","F","F","F","F","F","","","","",0,9,0,0,0,0,0,0,0,48,"BAL","BAL","CHA",1,"F","F",1,0,0,22,2,"T","F",1,1,"T","T","moraa101","garck001","T","T",10,3,46,0,0,0,0,0,0,"nahob001","","",0,0,0,0,0,0,0,0,0,0,0,0,0,"lemoc001","F","F","F","F",0,0,0,0,0,0,0,0,0,0,F,F,"1978BAL.EVA.regular.event.csv",5081
"BAL197809022","CHA",6,1,2,0,0,"",0,1,"moraa101","?","moraa101","?","kucej101","?","kucej101","?","nahob001","squim001","pryog001","sodee101","kessd101","washc001","boslt001","lemoc001","singk001","","","K","F","F",7,6,3,"T","T",0,"F","F",1,"F","F",0,"F","F",0,"","F","F","",0,0,"N",0,"N",0,"N",0,1,0,0,"2","","","","F","F","F","F","F","F","F","F","F","kucej101","","","F","F","F","F","F","","","","",0,2,0,0,0,0,0,0,0,49,"BAL","BAL","CHA",1,"F","T",1,0,0,23,3,"T","F",1,1,"T","T","garck001","smitb101","T","T",10,3,46,0,0,0,0,0,0,"nahob001","","",0,0,0,0,0,0,0,0,0,0,0,0,0,"","F","F","F","F",0,0,0,0,0,0,0,0,0,0,F,F,"1978BAL.EVA.regular.event.csv",5082
"BAL197809022","CHA",7,0,0,0,0,"",0,1,"lemoc001","?","lemoc001","?","fordd101","?","fordd101","?","skagd101","murre001","smitb101","decid001","garck001","moraa101","harll101","kellp101","","","","53","T","F",9,4,2,"T","T",0,"F","F",1,"F","F",0,"F","F",5,"G","F","F","",0,0,"N",0,"N",0,"N",0,0,0,0,"53","","","","F","F","F","F","F","F","F","F","F","","","","F","F","F","F","F","","","","",0,3,0,0,5,0,0,0,0,50,"BAL","CHA","BAL",0,"T","F",0,1,0,21,0,"T","F",0,0,"T","T","washc001","boslt001","T","T",0,0,0,0,0,0,0,0,0,"","","",0,0,0,0,0,0,0,0,0,0,0,0,0,"decid001","F","F","F","F",0,0,0,0,0,0,0,0,0,0,F,F,"1978BAL.EVA.regular.event.csv",5083
"BAL197809022","CHA",7,0,1,0,0,"",0,1,"washc001","?","washc001","?","fordd101","?","fordd101","?","skagd101","murre001","smitb101","decid001","garck001","moraa101","harll101","kellp101","","","","8","F","F",7,5,2,"T","T",0,"F","F",1,"F","F",0,"F","F",8,"F","F","F","",0,0,"N",0,"N",0,"N",0,0,0,0,"8","","","","F","F","F","F","F","F","F","F","F","","","","F","F","F","F","F","","","","",0,8,0,0,0,0,0,0,0,51,"BAL","CHA","BAL",0,"F","F",0,1,0,22,1,"T","F",0,0,"T","T","boslt001","sodee101","T","T",0,0,0,0,0,0,0,0,0,"","","",0,0,0,0,0,0,0,0,0,0,0,0,0,"harll101","F","F","F","F",0,0,0,0,0,0,0,0,0,0,F,F,"1978BAL.EVA.regular.event.csv",5084
"BAL197809022","CHA",7,0,2,0,0,"",0,1,"boslt001","?","boslt001","?","fordd101","?","fordd101","?","skagd101","murre001","smitb101","decid001","garck001","moraa101","harll101","kellp101","","","","7","F","F",8,6,2,"T","T",0,"F","F",1,"F","F",0,"F","F",7,"F","F","F","",0,0,"N",0,"N",0,"N",0,0,0,0,"7","","","","F","F","F","F","F","F","F","F","F","","","","F","F","F","F","F","","","","",0,7,0,0,0,0,0,0,0,52,"BAL","CHA","BAL",0,"F","T",0,1,0,23,2,"T","F",0,0,"T","T","sodee101","pryog001","T","T",0,0,0,0,0,0,0,0,0,"","","",0,0,0,0,0,0,0,0,0,0,0,0,0,"moraa101","F","F","F","F",0,0,0,0,0,0,0,0,0,0,F,F,"1978BAL.EVA.regular.event.csv",5085
"BAL197809022","CHA",7,1,0,0,0,"",0,1,"garck001","?","garck001","?","kucej101","?","kucej101","?","nahob001","squim001","pryog001","sodee101","kessd101","washc001","boslt001","lemoc001","","","","7","T","F",6,7,2,"T","T",0,"F","F",1,"F","F",0,"F","F",7,"F","F","F","",0,0,"N",0,"N",0,"N",0,0,0,0,"7","","","","F","F","F","F","F","F","F","F","F","","","","F","F","F","F","F","","","","",0,7,0,0,0,0,0,0,0,53,"BAL","BAL","CHA",1,"T","F",1,0,0,24,0,"T","F",0,0,"T","T","smitb101","skagd101","T","T",0,0,0,0,0,0,0,0,0,"","","",0,0,0,0,0,0,0,0,0,0,0,0,0,"washc001","F","F","F","F",0,0,0,0,0,0,0,0,0,0,F,F,"1978BAL.EVA.regular.event.csv",5086
"BAL197809022","CHA",7,1,1,0,0,"",0,1,"smitb101","?","smitb101","?","kucej101","?","kucej101","?","nahob001","squim001","pryog001","sodee101","kessd101","washc001","boslt001","lemoc001","","","","W","F","F",4,8,14,"T","F",0,"F","F",0,"F","F",0,"F","F",0,"","F","F","",0,0,"N",0,"N",0,"N",1,0,0,0,"","","","","F","F","F","F","F","F","F","F","F","","","","F","F","F","F","F","","","","",0,0,0,0,0,0,0,0,0,54,"BAL","BAL","CHA",1,"F","F",1,0,0,25,1,"T","F",0,1,"T","T","skagd101","harll101","T","T",0,0,0,0,0,0,0,0,0,"","","",0,0,0,0,0,0,0,0,0,0,0,0,0,"","F","F","F","F",0,0,0,0,0,0,0,0,0,0,F,F,"1978BAL.EVA.regular.event.csv",5087
"BAL197809022","CHA",7,1,1,0,0,"",0,1,"skagd101","?","skagd101","?","kucej101","?","kucej101","?","nahob001","squim001","pryog001","sodee101","kessd101","washc001","boslt001","lemoc001","smitb101","","","43.1-2","F","F",2,9,2,"T","T",0,"F","F",1,"F","F",0,"F","F",4,"G","F","F","",0,0,"N",0,"N",0,"N",0,2,0,0,"43","","","","F","F","F","F","F","F","F","F","F","kucej101","","","F","F","F","F","F","","","","",0,3,0,0,4,0,0,0,0,55,"BAL","BAL","CHA",1,"F","F",1,0,0,26,2,"T","F",1,2,"T","T","harll101","kellp101","T","T",4,8,54,0,0,0,0,0,0,"nahob001","","",0,0,0,0,0,0,0,0,0,0,0,0,0,"pryog001","F","F","F","F",0,0,0,0,0,0,0,0,0,0,F,F,"1978BAL.EVA.regular.event.csv",5088
"BAL197809022","CHA",7,1,2,0,0,"",0,1,"harll101","?","harll101","?","kucej101","?","kucej101","?","nahob001","squim001","pryog001","sodee101","kessd101","washc001","boslt001","lemoc001","","smitb101","","43","F","F",8,1,2,"T","T",0,"F","F",1,"F","F",0,"F","F",4,"G","F","F","",0,0,"N",0,"N",0,"N",0,0,2,0,"43","","","","F","F","F","F","F","F","F","F","F","","kucej101","","F","F","F","F","F","","","","",0,3,0,0,4,0,0,0,0,56,"BAL","BAL","CHA",1,"F","T",1,0,0,27,3,"T","F",2,2,"T","T","kellp101","singk001","T","T",0,0,0,4,8,54,0,0,0,"","nahob001","",0,0,0,0,0,0,0,0,0,0,0,0,0,"pryog001","F","F","F","F",0,0,0,0,0,0,0,0,0,0,F,F,"1978BAL.EVA.regular.event.csv",5089
"BAL197809022","CHA",8,0,0,0,0,"",0,1,"sodee101","?","sodee101","?","fordd101","?","fordd101","?","skagd101","murre001","smitb101","decid001","garck001","moraa101","harll101","kellp101","","","","3/FL","T","F",5,7,2,"T","T",0,"F","F",1,"F","F",0,"F","F",3,"F","F","T","",0,0,"N",0,"N",0,"N",0,0,0,0,"3","","","","F","F","F","F","F","F","F","F","F","","","","F","F","F","F","F","","","","",0,3,0,0,0,0,0,0,0,57,"BAL","CHA","BAL",0,"T","F",0,1,0,24,0,"T","F",0,0,"T","T","pryog001","nahob001","T","T",0,0,0,0,0,0,0,0,0,"","","",0,0,0,0,0,0,0,0,0,0,0,0,0,"murre001","F","F","F","F",0,0,0,0,0,0,0,0,0,0,F,F,"1978BAL.EVA.regular.event.csv",5090
"BAL197809022","CHA",8,0,1,0,0,"",0,1,"pryog001","?","pryog001","?","fordd101","?","fordd101","?","skagd101","murre001","smitb101","decid001","garck001","moraa101","harll101","kellp101","","","","S7","F","F",4,8,20,"T","T",1,"F","F",0,"F","F",0,"F","F",7,"","F","F","",0,0,"N",0,"N",0,"N",1,0,0,0,"","","","","F","F","F","F","F","F","F","F","F","","","","F","F","F","F","F","","","","",0,0,0,0,0,0,0,0,0,58,"BAL","CHA","BAL",0,"F","F",0,1,0,25,1,"T","F",0,1,"T","T","nahob001","molib101","T","T",0,0,0,0,0,0,0,0,0,"","","",0,0,0,0,0,0,0,0,0,0,0,0,0,"moraa101","F","F","F","F",2,0,0,0,0,0,0,0,0,0,F,F,"1978BAL.EVA.regular.event.csv",5091
"BAL197809022","CHA",8,0,1,0,0,"",0,1,"torrr101","?","torrr101","?","fordd101","?","fordd101","?","skagd101","murre001","smitb101","decid001","garck001","moraa101","harll101","kellp101","pryog001","","","SB2#","F","T",11,9,4,"F","F",0,"F","F",0,"F","F",0,"F","F",0,"","F","F","",0,0,"N",0,"N",0,"N",0,2,0,0,"","","","","T","F","F","F","F","F","F","F","F","fordd101","","","F","F","F","F","F","","","","nahob001",2,0,0,0,0,0,0,0,0,59,"BAL","CHA","BAL",0,"F","F",0,1,0,26,2,"T","F",1,2,"F","F","molib101","kessd101","T","T",4,8,58,0,0,0,0,0,0,"skagd101","","",0,0,0,0,0,0,0,0,0,0,0,0,0,"","F","F","F","F",0,2,0,0,0,0,0,0,0,0,F,T,"1978BAL.EVA.regular.event.csv",5092
"BAL197809022","CHA",8,0,1,0,0,"",0,1,"torrr101","?","torrr101","?","fordd101","?","fordd101","?","skagd101","murre001","smitb101","decid001","garck001","moraa101","harll101","kellp101","","pryog001","","5/P","F","T",11,9,2,"T","T",0,"F","F",1,"F","F",0,"F","F",5,"P","F","F","",0,0,"N",0,"N",0,"N",0,0,2,0,"5","","","","F","F","F","F","F","F","F","F","F","","fordd101","","F","F","F","F","F","","","","nahob001",2,5,0,0,0,0,0,0,0,60,"BAL","CHA","BAL",0,"F","F",0,1,0,26,2,"F","F",2,2,"F","F","molib101","kessd101","T","T",0,0,0,4,8,58,0,0,0,"","skagd101","",0,0,0,0,0,0,0,0,0,0,0,0,0,"decid001","F","F","F","F",0,0,2,0,0,0,0,0,0,0,F,F,"1978BAL.EVA.regular.event.csv",5093
"BAL197809022","CHA",8,0,2,0,0,"",0,1,"molib101","?","molib101","?","fordd101","?","fordd101","?","skagd101","murre001","smitb101","decid001","garck001","moraa101","harll101","kellp101","","pryog001","","5","F","F",10,1,2,"T","T",0,"F","F",1,"F","F",0,"F","F",5,"F","F","F","",0,0,"N",0,"N",0,"N",0,0,2,0,"5","","","","F","F","F","F","F","F","F","F","F","","fordd101","","F","F","F","F","F","","","","",0,5,0,0,0,0,0,0,0,61,"BAL","CHA","BAL",0,"F","T",0,1,0,27,3,"T","F",2,2,"T","T","kessd101","squim001","T","T",0,0,0,4,8,58,0,0,0,"","skagd101","",0,0,0,0,0,0,0,0,0,0,0,0,0,"decid001","F","F","F","F",0,0,2,0,0,0,0,0,0,0,F,F,"1978BAL.EVA.regular.event.csv",5094
"BAL197809022","CHA",8,1,0,0,0,"",0,1,"kellp101","?","kellp101","?","kucej101","?","kucej101","?","colbm101","squim001","pryog001","sodee101","kessd101","washc001","boslt001","lemoc001","","","","W","T","F",9,2,14,"T","F",0,"F","F",0,"F","F",0,"F","F",0,"","F","F","",0,0,"N",0,"N",0,"N",1,0,0,0,"","","","","F","F","F","F","F","F","F","F","F","","","","F","F","F","F","F","","","","",0,0,0,0,0,0,0,0,0,62,"BAL","BAL","CHA",1,"T","F",1,0,0,28,0,"T","F",0,1,"T","T","singk001","murre001","T","T",0,0,0,0,0,0,0,0,0,"","","",0,0,0,0,0,0,0,0,0,0,0,0,0,"","F","F","F","F",0,0,0,0,0,0,0,0,0,0,F,F,"1978BAL.EVA.regular.event.csv",5095
"BAL197809022","CHA",8,1,0,0,0,"",0,1,"singk001","?","singk001","?","kucej101","?","kucej101","?","colbm101","squim001","pryog001","sodee101","kessd101","washc001","boslt001","lemoc001","kellp101","","","6(1)/FO","F","F",10,3,2,"T","T",0,"F","F",1,"F","F",0,"F","F",6,"G","F","F","",0,0,"N",0,"N",0,"N",1,0,0,0,"","6","","","F","F","F","F","F","F","F","F","F","kucej101","","","F","F","F","F","F","","","","",0,6,0,0,0,0,0,0,0,63,"BAL","BAL","CHA",1,"F","F",1,0,0,29,1,"T","F",1,1,"T","T","murre001","decid001","T","T",9,2,62,0,0,0,0,0,0,"colbm101","","",0,0,0,0,0,0,0,0,0,0,0,0,0,"kessd101","T","F","F","F",1,0,0,0,0,0,0,0,0,0,F,F,"1978BAL.EVA.regular.event.csv",5096
"BAL197809022","CHA",8,1,1,0,0,"",0,1,"murre001","?","murre001","?","kucej101","?","kucej101","?","colbm101","squim001","pryog001","sodee101","kessd101","washc001","boslt001","lemoc001","singk001","","","7","F","F",3,4,2,"T","T",0,"F","F",1,"F","F",0,"F","F",7,"F","F","F","",0,0,"N",0,"N",0,"N",0,1,0,0,"7","","","","F","F","F","F","F","F","F","F","F","kucej101","","","F","F","F","F","F","","","","",0,7,0,0,0,0,0,0,0,64,"BAL","BAL","CHA",1,"F","F",1,0,0,30,2,"T","F",1,1,"T","T","decid001","moraa101","T","T",10,3,63,0,0,0,0,0,0,"colbm101","","",0,0,0,0,0,0,0,0,0,0,0,0,0,"washc001","F","F","F","F",0,1,0,0,0,0,0,0,0,0,F,F,"1978BAL.EVA.regular.event.csv",5097
"BAL197809022","CHA",8,1,2,0,0,"",0,1,"decid001","?","decid001","?","kucej101","?","kucej101","?","colbm101","squim001","pryog001","sodee101","kessd101","washc001","boslt001","lemoc001","singk001","","","6/P","F","F",5,5,2,"T","T",0,"F","F",1,"F","F",0,"F","F",6,"P","F","F","",0,0,"N",0,"N",0,"N",0,1,0,0,"6","","","","F","F","F","F","F","F","F","F","F","kucej101","","","F","F","F","F","F","","","","",0,6,0,0,0,0,0,0,0,65,"BAL","BAL","CHA",1,"F","T",1,0,0,31,3,"T","F",1,1,"T","T","moraa101","garck001","T","T",10,3,63,0,0,0,0,0,0,"colbm101","","",0,0,0,0,0,0,0,0,0,0,0,0,0,"kessd101","F","F","F","F",0,1,0,0,0,0,0,0,0,0,F,F,"1978BAL.EVA.regular.event.csv",5098
"BAL197809022","CHA",9,0,0,0,0,"",0,1,"kessd101","?","kessd101","?","fordd101","?","fordd101","?","skagd101","murre001","smitb101","decid001","garck001","andem101","harll101","lopec101","","","","9","T","F",6,2,2,"T","T",0,"F","F",1,"F","F",0,"F","F",9,"F","F","F","",0,0,"N",0,"N",0,"N",0,0,0,0,"9","","","","F","F","F","F","F","F","F","F","F","","","","F","F","F","F","F","","","","",0,9,0,0,0,0,0,0,0,66,"BAL","CHA","BAL",0,"T","F",0,1,0,28,0,"T","F",0,0,"T","T","squim001","lemoc001","T","T",0,0,0,0,0,0,0,0,0,"","","",0,0,0,0,0,0,0,0,0,0,0,0,0,"lopec101","F","F","F","F",0,0,0,0,0,0,0,0,0,0,F,F,"1978BAL.EVA.regular.event.csv",5099
"BAL197809022","CHA",9,0,1,0,0,"",0,1,"squim001","?","squim001","?","fordd101","?","fordd101","?","skagd101","murre001","smitb101","decid001","garck001","andem101","harll101","lopec101","","","","S4","F","F",3,3,20,"T","T",1,"F","F",0,"F","F",0,"F","F",4,"","F","F","",0,0,"N",0,"N",0,"N",1,0,0,0,"","","","","F","F","F","F","F","F","F","F","F","","","","F","F","F","F","F","","","","",0,0,0,0,0,0,0,0,0,67,"BAL","CHA","BAL",0,"F","F",0,1,0,29,1,"T","F",0,1,"T","T","lemoc001","washc001","T","T",0,0,0,0,0,0,0,0,0,"","","",0,0,0,0,0,0,0,0,0,0,0,0,0,"smitb101","F","F","F","F",3,0,0,0,0,0,0,0,0,0,F,F,"1978BAL.EVA.regular.event.csv",5100
"BAL197809022","CHA",9,0,1,0,0,"",0,1,"lemoc001","?","lemoc001","?","fordd101","?","fordd101","?","skagd101","murre001","smitb101","decid001","garck001","andem101","harll101","lopec101","squim001","","","S9.1-3","F","F",9,4,20,"T","T",1,"F","F",0,"F","F",0,"F","F",9,"","F","F","",0,0,"N",0,"N",0,"N",1,3,0,0,"","","","","F","F","F","F","F","F","F","F","F","fordd101","","","F","F","F","F","F","","","","",0,0,0,0,0,0,0,0,0,68,"BAL","CHA","BAL",0,"F","F",0,1,0,30,2,"T","F",1,5,"T","T","washc001","boslt001","T","T",3,3,67,0,0,0,0,0,0,"skagd101","","",0,0,0,0,0,0,0,0,0,0,0,0,0,"lopec101","F","F","F","F",0,3,0,0,0,0,0,0,0,0,F,F,"1978BAL.EVA.regular.event.csv",5101
"BAL197809022","CHA",9,0,1,0,0,"",0,1,"johnl101","?","johnl101","?","martt001","?","martt001","?","skagd101","murre001","smitb101","decid001","garck001","andem101","harll101","lopec101","lemoc001","","squim001","64(1)3/GDP","F","T",11,5,2,"T","T",0,"F","F",2,"T","F",0,"F","F",6,"G","F","F","",0,0,"N",0,"N",0,"N",0,0,0,3,"43","64","","","F","F","F","F","F","F","F","F","F","fordd101","","fordd101","F","T","F","F","F","","","","washc001",7,4,3,0,6,4,0,0,0,69,"BAL","CHA","BAL",0,"F","T",0,1,0,31,3,"T","F",5,4,"F","F","boslt001","sodee101","F","F",9,4,68,0,0,0,3,3,67,"skagd101","","skagd101",0,0,0,0,0,0,0,0,0,0,0,0,0,"garck001","T","F","F","F",0,0,0,3,0,0,0,0,0,0,F,F,"1978BAL.EVA.regular.event.csv",5102
"BAL197809030","CHA",1,0,0,0,0,"",0,0,"torrr101","?","torrr101","?","flanm001","?","flanm001","?","dempr001","murre001","dauer001","decid001","belam101","moraa101","lopec101","singk001","","","","7","T","F",7,1,2,"T","T",0,"F","F",1,"F","F",0,"F","F",7,"F","F","F","",0,0,"N",0,"N",0,"N",0,0,0,0,"7","","","","F","F","F","F","F","F","F","F","F","","","","T","F","F","F","F","","","","",0,7,0,0,0,0,0,0,0,1,"BAL","CHA","BAL",0,"T","F",0,0,0,0,0,"T","F",0,0,"T","T","kessd101","lemoc001","T","T",0,0,0,0,0,0,0,0,0,"","","",0,0,0,0,0,0,0,0,0,0,0,0,0,"moraa101","F","F","F","F",0,0,0,0,0,0,0,0,0,0,F,F,"1978BAL.EVA.regular.event.csv",5103
"BAL197809030","CHA",1,0,1,0,0,"",0,0,"kessd101","?","kessd101","?","flanm001","?","flanm001","?","dempr001","murre001","dauer001","decid001","belam101","moraa101","lopec101","singk001","","","","63","F","F",6,2,2,"T","T",0,"F","F",1,"F","F",0,"F","F",6,"G","F","F","",0,0,"N",0,"N",0,"N",0,0,0,0,"63","","","","F","F","F","F","F","F","F","F","F","","","","F","F","F","F","F","","","","",0,3,0,0,6,0,0,0,0,2,"BAL","CHA","BAL",0,"F","F",0,0,0,1,1,"T","F",0,0,"T","T","lemoc001","johnl101","T","T",0,0,0,0,0,0,0,0,0,"","","",0,0,0,0,0,0,0,0,0,0,0,0,0,"belam101","F","F","F","F",0,0,0,0,0,0,0,0,0,0,F,F,"1978BAL.EVA.regular.event.csv",5104
"BAL197809030","CHA",1,0,2,0,0,"",0,0,"lemoc001","?","lemoc001","?","flanm001","?","flanm001","?","dempr001","murre001","dauer001","decid001","belam101","moraa101","lopec101","singk001","","","","53","F","F",9,3,2,"T","T",0,"F","F",1,"F","F",0,"F","F",5,"G","F","F","",0,0,"N",0,"N",0,"N",0,0,0,0,"53","","","","F","F","F","F","F","F","F","F","F","","","","F","F","F","F","F","","","","",0,3,0,0,5,0,0,0,0,3,"BAL","CHA","BAL",0,"F","T",0,0,0,2,2,"T","F",0,0,"T","T","johnl101","sodee101","T","T",0,0,0,0,0,0,0,0,0,"","","",0,0,0,0,0,0,0,0,0,0,0,0,0,"decid001","F","F","F","F",0,0,0,0,0,0,0,0,0,0,F,F,"1978BAL.EVA.regular.event.csv",5105
"BAL197809030","CHA",1,1,0,0,0,"",0,0,"belam101","?","belam101","?","wortr101","?","wortr101","?","colbm101","squim001","pryog001","sodee101","kessd101","torrr101","boslt001","lemoc001","","","","63","T","F",6,1,2,"T","T",0,"F","F",1,"F","F",0,"F","F",6,"G","F","F","",0,0,"N",0,"N",0,"N",0,0,0,0,"63","","","","F","F","F","F","F","F","F","F","F","","","","F","F","F","F","F","","","","",0,3,0,0,6,0,0,0,0,4,"BAL","BAL","CHA",1,"T","F",0,0,0,0,0,"T","F",0,0,"T","T","dauer001","singk001","T","T",0,0,0,0,0,0,0,0,0,"","","",0,0,0,0,0,0,0,0,0,0,0,0,0,"kessd101","F","F","F","F",0,0,0,0,0,0,0,0,0,0,F,F,"1978BAL.EVA.regular.event.csv",5106
"BAL197809030","CHA",1,1,1,0,0,"",0,0,"dauer001","?","dauer001","?","wortr101","?","wortr101","?","colbm101","squim001","pryog001","sodee101","kessd101","torrr101","boslt001","lemoc001","","","","D/89","F","F",4,2,21,"T","T",2,"F","F",0,"F","F",0,"F","F",0,"","F","F","89",0,0,"N",0,"N",0,"N",2,0,0,0,"","","","","F","F","F","F","F","F","F","F","F","","","","F","F","F","F","F","","","","",0,0,0,0,0,0,0,0,0,5,"BAL","BAL","CHA",1,"F","F",0,0,0,1,1,"T","F",0,2,"T","T","singk001","murre001","T","T",0,0,0,0,0,0,0,0,0,"","","",0,0,0,0,0,0,0,0,0,0,0,0,0,"","F","F","F","F",0,0,0,0,0,0,0,0,0,0,F,F,"1978BAL.EVA.regular.event.csv",5107
"BAL197809030","CHA",1,1,1,0,0,"",0,0,"singk001","?","singk001","?","wortr101","?","wortr101","?","colbm101","squim001","pryog001","sodee101","kessd101","torrr101","boslt001","lemoc001","","dauer001","","8","F","F",9,3,2,"T","T",0,"F","F",1,"F","F",0,"F","F",8,"F","F","F","",0,0,"N",0,"N",0,"N",0,0,2,0,"8","","","","F","F","F","F","F","F","F","F","F","","wortr101","","F","F","F","F","F","","","","",0,8,0,0,0,0,0,0,0,6,"BAL","BAL","CHA",1,"F","F",0,0,0,2,2,"T","F",2,2,"T","T","murre001","decid001","T","T",0,0,0,4,2,5,0,0,0,"","colbm101","",0,0,0,0,0,0,0,0,0,0,0,0,0,"boslt001","F","F","F","F",0,0,0,0,0,0,0,0,0,0,F,F,"1978BAL.EVA.regular.event.csv",5108
"BAL197809030","CHA",1,1,2,0,0,"",0,0,"murre001","?","murre001","?","wortr101","?","wortr101","?","colbm101","squim001","pryog001","sodee101","kessd101","torrr101","boslt001","lemoc001","","dauer001","","9","F","F",3,4,2,"T","T",0,"F","F",1,"F","F",0,"F","F",9,"F","F","F","",0,0,"N",0,"N",0,"N",0,0,2,0,"9","","","","F","F","F","F","F","F","F","F","F","","wortr101","","F","F","F","F","F","","","","",0,9,0,0,0,0,0,0,0,7,"BAL","BAL","CHA",1,"F","T",0,0,0,3,3,"T","F",2,2,"T","T","decid001","may-l101","T","T",0,0,0,4,2,5,0,0,0,"","colbm101","",0,0,0,0,0,0,0,0,0,0,0,0,0,"lemoc001","F","F","F","F",0,0,0,0,0,0,0,0,0,0,F,F,"1978BAL.EVA.regular.event.csv",5109
"BAL197809030","CHA",2,0,0,0,0,"",0,0,"johnl101","?","johnl101","?","flanm001","?","flanm001","?","dempr001","murre001","dauer001","decid001","belam101","moraa101","lopec101","singk001","","","","S7","T","F",10,4,20,"T","T",1,"F","F",0,"F","F",0,"F","F",7,"","F","F","",0,0,"N",0,"N",0,"N",1,0,0,0,"","","","","F","F","F","F","F","F","F","F","F","","","","F","F","F","F","F","","","","",0,0,0,0,0,0,0,0,0,8,"BAL","CHA","BAL",0,"T","F",0,0,0,3,0,"T","F",0,1,"T","T","sodee101","squim001","T","T",0,0,0,0,0,0,0,0,0,"","","",0,0,0,0,0,0,0,0,0,0,0,0,0,"moraa101","F","F","F","F",0,0,0,0,0,0,0,0,0,0,F,F,"1978BAL.EVA.regular.event.csv",5110
"BAL197809030","CHA",2,0,0,0,0,"",0,0,"sodee101","?","sodee101","?","flanm001","?","flanm001","?","dempr001","murre001","dauer001","decid001","belam101","moraa101","lopec101","singk001","johnl101","","","64(1)3/GDP","F","F",5,5,2,"T","T",0,"F","F",2,"T","F",0,"F","F",6,"G","F","F","",0,0,"N",0,"N",0,"N",0,0,0,0,"43","64","","","F","F","F","F","F","F","F","F","F","flanm001","","","F","F","F","F","F","","","","",0,4,3,0,6,4,0,0,0,9,"BAL","CHA","BAL",0,"F","F",0,0,0,4,1,"T","F",1,0,"T","T","squim001","boslt001","T","T",10,4,8,0,0,0,0,0,0,"dempr001","","",0,0,0,0,0,0,0,0,0,0,0,0,0,"belam101","T","F","F","F",0,0,0,0,0,0,0,0,0,0,F,F,"1978BAL.EVA.regular.event.csv",5111
"BAL197809030","CHA",2,0,2,0,0,"",0,0,"squim001","?","squim001","?","flanm001","?","flanm001","?","dempr001","murre001","dauer001","decid001","belam101","moraa101","lopec101","singk001","","","","K","F","F",3,6,3,"T","T",0,"F","F",1,"F","F",0,"F","F",0,"","F","F","",0,0,"N",0,"N",0,"N",0,0,0,0,"2","","","","F","F","F","F","F","F","F","F","F","","","","F","F","F","F","F","","","","",0,2,0,0,0,0,0,0,0,10,"BAL","CHA","BAL",0,"F","T",0,0,0,5,2,"T","F",0,0,"T","T","boslt001","pryog001","T","T",0,0,0,0,0,0,0,0,0,"","","",0,0,0,0,0,0,0,0,0,0,0,0,0,"","F","F","F","F",0,0,0,0,0,0,0,0,0,0,F,F,"1978BAL.EVA.regular.event.csv",5112
"BAL197809030","CHA",2,1,0,0,0,"",0,0,"decid001","?","decid001","?","wortr101","?","wortr101","?","colbm101","squim001","pryog001","sodee101","kessd101","torrr101","boslt001","lemoc001","","","","W","T","F",5,5,14,"T","F",0,"F","F",0,"F","F",0,"F","F",0,"","F","F","",0,0,"N",0,"N",0,"N",1,0,0,0,"","","","","F","F","F","F","F","F","F","F","F","","","","F","F","F","F","F","","","","",0,0,0,0,0,0,0,0,0,11,"BAL","BAL","CHA",1,"T","F",0,0,0,4,0,"T","F",0,1,"T","T","may-l101","moraa101","T","T",0,0,0,0,0,0,0,0,0,"","","",0,0,0,0,0,0,0,0,0,0,0,0,0,"","F","F","F","F",4,0,0,0,1,0,0,0,0,0,F,F,"1978BAL.EVA.regular.event.csv",5113
"BAL197809030","CHA",2,1,0,0,0,"",0,0,"may-l101","?","may-l101","?","wortr101","?","wortr101","?","colbm101","squim001","pryog001","sodee101","kessd101","torrr101","boslt001","lemoc001","decid001","","","S8.1-2","F","F",10,6,20,"T","T",1,"F","F",0,"F","F",0,"F","F",8,"","F","F","",0,0,"N",0,"N",0,"N",1,2,0,0,"","","","","F","F","F","F","F","F","F","F","F","wortr101","","","F","F","F","F","F","","","","",0,0,0,0,0,0,0,0,0,12,"BAL","BAL","CHA",1,"F","F",0,0,0,5,1,"T","F",1,3,"T","T","moraa101","dempr001","T","T",5,5,11,0,0,0,0,0,0,"colbm101","","",0,0,0,0,0,0,0,0,0,0,0,0,0,"boslt001","F","F","F","F",0,4,0,0,1,0,0,0,0,0,F,F,"1978BAL.EVA.regular.event.csv",5114
"BAL197809030","CHA",2,1,0,0,0,"",0,0,"moraa101","?","moraa101","?","wortr101","?","wortr101","?","colbm101","squim001","pryog001","sodee101","kessd101","torrr101","boslt001","lemoc001","may-l101","decid001","","3/FL","F","F",7,7,2,"T","T",0,"F","F",1,"F","F",0,"F","F",3,"F","F","T","",0,0,"N",0,"N",0,"N",0,1,2,0,"3","","","","F","F","F","F","F","F","F","F","F","wortr101","wortr101","","F","F","F","F","F","","","","",0,3,0,0,0,0,0,0,0,13,"BAL","BAL","CHA",1,"F","F",0,0,0,6,2,"T","F",3,3,"T","T","dempr001","lopec101","T","T",10,6,12,5,5,11,0,0,0,"colbm101","colbm101","",0,0,0,0,0,0,0,0,0,0,0,0,0,"squim001","F","F","F","F",0,0,4,0,1,0,0,0,0,0,F,F,"1978BAL.EVA.regular.event.csv",5115
"BAL197809030","CHA",2,1,1,0,0,"",0,0,"dempr001","?","dempr001","?","wortr101","?","wortr101","?","colbm101","squim001","pryog001","sodee101","kessd101","torrr101","boslt001","lemoc001","may-l101","decid001","","7/L","F","F",2,8,2,"T","T",0,"F","F",1,"F","F",0,"F","F",7,"L","F","F","",0,0,"N",0,"N",0,"N",0,1,2,0,"7","","","","F","F","F","F","F","F","F","F","F","wortr101","wortr101","","F","F","F","F","F","","","","",0,7,0,0,0,0,0,0,0,14,"BAL","BAL","CHA",1,"F","F",0,0,0,7,3,"T","F",3,3,"T","T","lopec101","belam101","T","T",10,6,12,5,5,11,0,0,0,"colbm101","colbm101","",0,0,0,0,0,0,0,0,0,0,0,0,0,"torrr101","F","F","F","F",0,0,4,0,1,0,0,0,0,0,F,F,"1978BAL.EVA.regular.event.csv",5116
"BAL197809030","CHA",2,1,2,0,0,"",0,0,"lopec101","?","lopec101","?","wortr101","?","wortr101","?","colbm101","squim001","pryog001","sodee101","kessd101","torrr101","boslt001","lemoc001","may-l101","decid001","","S8.2-H;1-2","F","F",8,9,20,"T","T",1,"F","F",0,"F","F",1,"F","F",8,"","F","F","",0,0,"N",0,"N",0,"N",1,2,4,0,"","","","","F","F","F","F","F","F","F","F","F","wortr101","wortr101","","F","F","F","F","F","","","","",0,0,0,0,0,0,0,0,0,15,"BAL","BAL","CHA",1,"F","F",0,0,0,8,4,"T","F",3,3,"T","T","belam101","dauer001","T","T",10,6,12,5,5,11,0,0,0,"colbm101","colbm101","",0,0,0,0,0,0,0,0,0,0,0,0,1,"boslt001","F","F","F","F",0,0,4,0,0,0,0,0,0,0,F,F,"1978BAL.EVA.regular.event.csv",5117
"BAL197809030","CHA",2,1,2,0,0,"",0,1,"belam101","?","belam101","?","wortr101","?","wortr101","?","colbm101","squim001","pryog001","sodee101","kessd101","torrr101","boslt001","lemoc001","lopec101","may-l101","","K","F","F",6,1,3,"T","T",0,"F","F",1,"F","F",0,"F","F",0,"","F","F","",0,0,"N",0,"N",0,"N",0,1,2,0,"2","","","","F","F","F","F","F","F","F","F","F","wortr101","wortr101","","F","F","F","F","F","","","","",0,2,0,0,0,0,0,0,0,16,"BAL","BAL","CHA",1,"F","T",1,0,1,9,5,"T","F",3,3,"T","T","dauer001","singk001","T","T",8,9,15,10,6,12,0,0,0,"colbm101","colbm101","",0,0,0,0,0,0,0,0,0,0,0,0,0,"","F","F","F","F",0,0,0,0,0,0,0,0,0,0,F,F,"1978BAL.EVA.regular.event.csv",5118
"BAL197809030","CHA",3,0,0,0,0,"",0,1,"boslt001","?","boslt001","?","flanm001","?","flanm001","?","dempr001","murre001","dauer001","decid001","belam101","moraa101","lopec101","singk001","","","","3/G","T","F",8,7,2,"T","T",0,"F","F",1,"F","F",0,"F","F",3,"G","F","F","",0,0,"N",0,"N",0,"N",0,0,0,0,"3","","","","F","F","F","F","F","F","F","F","F","","","","F","F","F","F","F","","","","",0,3,0,0,0,0,0,0,0,17,"BAL","CHA","BAL",0,"T","F",0,1,0,6,0,"T","F",0,0,"T","T","pryog001","colbm101","T","T",0,0,0,0,0,0,0,0,0,"","","",0,0,0,0,0,0,0,0,0,0,0,0,0,"murre001","F","F","F","F",0,0,0,0,0,0,0,0,0,0,F,F,"1978BAL.EVA.regular.event.csv",5119
"BAL197809030","CHA",3,0,1,0,0,"",0,1,"pryog001","?","pryog001","?","flanm001","?","flanm001","?","dempr001","murre001","dauer001","decid001","belam101","moraa101","lopec101","singk001","","","","2/FL","F","F",4,8,2,"T","T",0,"F","F",1,"F","F",0,"F","F",2,"F","F","T","",0,0,"N",0,"N",0,"N",0,0,0,0,"2","","","","F","F","F","F","F","F","F","F","F","","","","F","F","F","F","F","","","","",0,2,0,0,0,0,0,0,0,18,"BAL","CHA","BAL",0,"F","F",0,1,0,7,1,"T","F",0,0,"T","T","colbm101","torrr101","T","T",0,0,0,0,0,0,0,0,0,"","","",0,0,0,0,0,0,0,0,0,0,0,0,0,"dempr001","F","F","F","F",0,0,0,0,0,0,0,0,0,0,F,F,"1978BAL.EVA.regular.event.csv",5120
"BAL197809030","CHA",3,0,2,0,0,"",0,1,"colbm101","?","colbm101","?","flanm001","?","flanm001","?","dempr001","murre001","dauer001","decid001","belam101","moraa101","lopec101","singk001","","","","S7","F","F",2,9,20,"T","T",1,"F","F",0,"F","F",0,"F","F",7,"","F","F","",0,0,"N",0,"N",0,"N",1,0,0,0,"","","","","F","F","F","F","F","F","F","F","F","","","","F","F","F","F","F","","","","",0,0,0,0,0,0,0,0,0,19,"BAL","CHA","BAL",0,"F","F",0,1,0,8,2,"T","F",0,1,"T","T","torrr101","kessd101","T","T",0,0,0,0,0,0,0,0,0,"","","",0,0,0,0,0,0,0,0,0,0,0,0,0,"moraa101","F","F","F","F",0,0,0,0,0,0,0,0,0,0,F,F,"1978BAL.EVA.regular.event.csv",5121
"BAL197809030","CHA",3,0,2,0,0,"",0,1,"torrr101","?","torrr101","?","flanm001","?","flanm001","?","dempr001","murre001","dauer001","decid001","belam101","moraa101","lopec101","singk001","colbm101","","","W.1-2","F","F",7,1,14,"T","F",0,"F","F",0,"F","F",0,"F","F",0,"","F","F","",0,0,"N",0,"N",0,"N",1,2,0,0,"","","","","F","F","F","F","F","F","F","F","F","flanm001","","","F","F","F","F","F","","","","",0,0,0,0,0,0,0,0,0,20,"BAL","CHA","BAL",0,"F","F",0,1,0,9,3,"T","F",1,3,"T","T","kessd101","lemoc001","T","T",2,9,19,0,0,0,0,0,0,"dempr001","","",0,0,0,0,0,0,0,0,0,0,0,0,0,"","F","F","F","F",0,0,0,0,0,0,0,0,0,0,F,F,"1978BAL.EVA.regular.event.csv",5122
"BAL197809030","CHA",3,0,2,0,0,"",0,1,"kessd101","?","kessd101","?","flanm001","?","flanm001","?","dempr001","murre001","dauer001","decid001","belam101","moraa101","lopec101","singk001","torrr101","colbm101","","63","F","F",6,2,2,"T","T",0,"F","F",1,"F","F",0,"F","F",6,"G","F","F","",0,0,"N",0,"N",0,"N",0,1,2,0,"63","","","","F","F","F","F","F","F","F","F","F","flanm001","flanm001","","F","F","F","F","F","","","","",0,3,0,0,6,0,0,0,0,21,"BAL","CHA","BAL",0,"F","T",0,1,0,10,4,"T","F",3,3,"T","T","lemoc001","johnl101","T","T",7,1,20,2,9,19,0,0,0,"dempr001","dempr001","",0,0,0,0,0,0,0,0,0,0,0,0,0,"belam101","F","F","F","F",0,0,0,0,0,0,0,0,0,0,F,F,"1978BAL.EVA.regular.event.csv",5123
"BAL197809030","CHA",3,1,0,0,0,"",0,1,"dauer001","?","dauer001","?","wortr101","?","wortr101","?","colbm101","squim001","pryog001","sodee101","kessd101","torrr101","boslt001","lemoc001","","","","S8","T","F",4,2,20,"T","T",1,"F","F",0,"F","F",0,"F","F",8,"","F","F","",0,0,"N",0,"N",0,"N",1,0,0,0,"","","","","F","F","F","F","F","F","F","F","F","","","","F","F","F","F","F","","","","",0,0,0,0,0,0,0,0,0,22,"BAL","BAL","CHA",1,"T","F",1,0,0,10,0,"T","F",0,1,"T","T","singk001","murre001","T","T",0,0,0,0,0,0,0,0,0,"","","",0,0,0,0,0,0,0,0,0,0,0,0,0,"boslt001","F","F","F","F",0,0,0,0,0,0,0,0,0,0,F,F,"1978BAL.EVA.regular.event.csv",5124
"BAL197809030","CHA",3,1,0,0,0,"",0,1,"singk001","?","singk001","?","wortr101","?","wortr101","?","colbm101","squim001","pryog001","sodee101","kessd101","torrr101","boslt001","lemoc001","dauer001","","","9","F","F",9,3,2,"T","T",0,"F","F",1,"F","F",0,"F","F",9,"F","F","F","",0,0,"N",0,"N",0,"N",0,1,0,0,"9","","","","F","F","F","F","F","F","F","F","F","wortr101","","","F","F","F","F","F","","","","",0,9,0,0,0,0,0,0,0,23,"BAL","BAL","CHA",1,"F","F",1,0,0,11,1,"T","F",1,1,"T","T","murre001","decid001","T","T",4,2,22,0,0,0,0,0,0,"colbm101","","",0,0,0,0,0,0,0,0,0,0,0,0,0,"lemoc001","F","F","F","F",0,0,0,0,0,0,0,0,0,0,F,F,"1978BAL.EVA.regular.event.csv",5125
"BAL197809030","CHA",3,1,1,0,0,"",0,1,"murre001","?","murre001","?","wortr101","?","wortr101","?","colbm101","squim001","pryog001","sodee101","kessd101","torrr101","boslt001","lemoc001","dauer001","","","64(1)3/GDP","F","F",3,4,2,"T","T",0,"F","F",2,"T","F",0,"F","F",6,"G","F","F","",0,0,"N",0,"N",0,"N",0,0,0,0,"43","64","","","F","F","F","F","F","F","F","F","F","wortr101","","","F","F","F","F","F","","","","",0,4,3,0,6,4,0,0,0,24,"BAL","BAL","CHA",1,"F","T",1,0,0,12,2,"T","F",1,0,"T","T","decid001","may-l101","T","T",4,2,22,0,0,0,0,0,0,"colbm101","","",0,0,0,0,0,0,0,0,0,0,0,0,0,"kessd101","T","F","F","F",0,0,0,0,0,0,0,0,0,0,F,F,"1978BAL.EVA.regular.event.csv",5126
"BAL197809030","CHA",4,0,0,0,0,"",0,1,"lemoc001","?","lemoc001","?","flanm001","?","flanm001","?","dempr001","murre001","dauer001","decid001","belam101","moraa101","lopec101","singk001","","","","S8","T","F",9,3,20,"T","T",1,"F","F",0,"F","F",0,"F","F",8,"","F","F","",0,0,"N",0,"N",0,"N",1,0,0,0,"","","","","F","F","F","F","F","F","F","F","F","","","","F","F","F","F","F","","","","",0,0,0,0,0,0,0,0,0,25,"BAL","CHA","BAL",0,"T","F",0,1,0,11,0,"T","F",0,1,"T","T","johnl101","sodee101","T","T",0,0,0,0,0,0,0,0,0,"","","",0,0,0,0,0,0,0,0,0,0,0,0,0,"lopec101","F","F","F","F",0,0,0,0,1,0,0,0,0,0,F,F,"1978BAL.EVA.regular.event.csv",5127
"BAL197809030","CHA",4,0,0,0,0,"",0,1,"johnl101","?","johnl101","?","flanm001","?","flanm001","?","dempr001","murre001","dauer001","decid001","belam101","moraa101","lopec101","singk001","lemoc001","","","POCS2(13614)","F","F",10,4,8,"F","F",0,"F","F",1,"F","F",0,"F","F",0,"","F","F","",0,0,"N",0,"N",0,"N",0,0,0,0,"","13614","","","F","F","F","T","F","F","T","F","F","flanm001","","","F","F","F","F","F","","","","",0,4,0,0,1,3,6,0,0,26,"BAL","CHA","BAL",0,"F","F",0,1,0,12,1,"T","F",1,0,"T","T","sodee101","squim001","T","T",9,3,25,0,0,0,0,0,0,"dempr001","","",0,0,0,0,0,0,0,0,0,0,0,0,0,"","F","F","F","F",0,0,0,0,1,0,0,0,0,0,F,F,"1978BAL.EVA.regular.event.csv",5128
"BAL197809030","CHA",4,0,1,0,0,"",0,1,"johnl101","?","johnl101","?","flanm001","?","flanm001","?","dempr001","murre001","dauer001","decid001","belam101","moraa101","lopec101","singk001","","","","D?","F","F",10,4,21,"T","T",2,"F","F",0,"F","F",0,"F","F",0,"","F","F","",0,0,"N",0,"N",0,"N",2,0,0,0,"","","","","F","F","F","F","F","F","F","F","F","","","","F","F","F","F","F","","","","",0,0,0,0,0,0,0,0,0,27,"BAL","CHA","BAL",0,"F","F",0,1,0,12,1,"F","F",0,2,"T","T","sodee101","squim001","T","T",0,0,0,0,0,0,0,0,0,"","","",0,0,0,0,0,0,0,0,0,0,0,0,0,"","F","F","F","F",4,0,0,0,1,0,0,0,0,0,F,F,"1978BAL.EVA.regular.event.csv",5129
"BAL197809030","CHA",4,0,1,0,0,"",0,1,"sodee101","?","sodee101","?","flanm001","?","flanm001","?","dempr001","murre001","dauer001","decid001","belam101","moraa101","lopec101","singk001","","johnl101","","43.2-3","F","F",5,5,2,"T","T",0,"F","F",1,"F","F",0,"F","F",4,"G","F","F","",0,0,"N",0,"N",0,"N",0,0,3,0,"43","","","","F","F","F","F","F","F","F","F","F","","flanm001","","F","F","F","F","F","","","","",0,3,0,0,4,0,0,0,0,28,"BAL","CHA","BAL",0,"F","F",0,1,0,13,2,"T","F",2,4,"T","T","squim001","boslt001","T","T",0,0,0,10,4,27,0,0,0,"","dempr001","",0,0,0,0,0,0,0,0,0,0,0,0,0,"dauer001","F","F","F","F",0,0,4,0,1,0,0,0,0,0,F,F,"1978BAL.EVA.regular.event.csv",5130
"BAL197809030","CHA",4,0,2,0,0,"",0,1,"squim001","?","squim001","?","flanm001","?","flanm001","?","dempr001","murre001","dauer001","decid001","belam101","moraa101","lopec101","singk001","","","johnl101","S3.3-H","F","F",3,6,20,"T","T",1,"F","F",0,"F","F",1,"F","F",3,"","F","F","",0,0,"N",0,"N",0,"N",1,0,0,4,"","","","","F","F","F","F","F","F","F","F","F","","","flanm001","F","F","F","F","F","","","","",0,0,0,0,0,0,0,0,0,29,"BAL","CHA","BAL",0,"F","F",0,1,0,14,3,"T","F",4,1,"T","T","boslt001","pryog001","T","T",0,0,0,0,0,0,10,4,27,"","","dempr001",0,0,0,0,0,0,0,0,0,0,0,0,1,"murre001","F","F","F","F",0,0,0,4,0,0,0,0,0,0,F,F,"1978BAL.EVA.regular.event.csv",5131
"BAL197809030","CHA",4,0,2,0,0,"",1,1,"boslt001","?","boslt001","?","flanm001","?","flanm001","?","dempr001","murre001","dauer001","decid001","belam101","moraa101","lopec101","singk001","squim001","","","SB2","F","F",8,7,4,"F","F",0,"F","F",0,"F","F",0,"F","F",0,"","F","F","",0,0,"N",0,"N",0,"N",0,2,0,0,"","","","","T","F","F","F","F","F","F","F","F","flanm001","","","F","F","F","F","F","","","","",0,0,0,0,0,0,0,0,0,30,"BAL","CHA","BAL",0,"F","F",1,1,1,15,4,"T","F",1,2,"T","T","pryog001","colbm101","T","T",3,6,29,0,0,0,0,0,0,"dempr001","","",0,0,0,0,0,0,0,0,0,0,0,0,0,"","F","F","F","F",0,0,0,0,0,0,0,0,0,0,F,F,"1978BAL.EVA.regular.event.csv",5132
"BAL197809030","CHA",4,0,2,0,0,"",1,1,"boslt001","?","boslt001","?","flanm001","?","flanm001","?","dempr001","murre001","dauer001","decid001","belam101","moraa101","lopec101","singk001","","squim001","","43","F","F",8,7,2,"T","T",0,"F","F",1,"F","F",0,"F","F",4,"G","F","F","",0,0,"N",0,"N",0,"N",0,0,2,0,"43","","","","F","F","F","F","F","F","F","F","F","","flanm001","","F","F","F","F","F","","","","",0,3,0,0,4,0,0,0,0,31,"BAL","CHA","BAL",0,"F","T",1,1,1,15,4,"F","F",2,2,"T","T","pryog001","colbm101","T","T",0,0,0,3,6,29,0,0,0,"","dempr001","",0,0,0,0,0,0,0,0,0,0,0,0,0,"dauer001","F","F","F","F",0,0,0,0,0,0,0,0,0,0,F,F,"1978BAL.EVA.regular.event.csv",5133
"BAL197809030","CHA",4,1,0,0,0,"",1,1,"decid001","?","decid001","?","wortr101","?","wortr101","?","colbm101","squim001","pryog001","sodee101","kessd101","torrr101","boslt001","lemoc001","","","","7","T","F",5,5,2,"T","T",0,"F","F",1,"F","F",0,"F","F",7,"F","F","F","",0,0,"N",0,"N",0,"N",0,0,0,0,"7","","","","F","F","F","F","F","F","F","F","F","","","","F","F","F","F","F","","","","",0,7,0,0,0,0,0,0,0,32,"BAL","BAL","CHA",1,"T","F",1,1,0,13,0,"T","F",0,0,"T","T","may-l101","moraa101","T","T",0,0,0,0,0,0,0,0,0,"","","",0,0,0,0,0,0,0,0,0,0,0,0,0,"torrr101","F","F","F","F",0,0,0,0,0,0,0,0,0,0,F,F,"1978BAL.EVA.regular.event.csv",5134
"BAL197809030","CHA",4,1,1,0,0,"",1,1,"may-l101","?","may-l101","?","wortr101","?","wortr101","?","colbm101","squim001","pryog001","sodee101","kessd101","torrr101","boslt001","lemoc001","","","","D7","F","F",10,6,21,"T","T",2,"F","F",0,"F","F",0,"F","F",7,"","F","F","",0,0,"N",0,"N",0,"N",2,0,0,0,"","","","","F","F","F","F","F","F","F","F","F","","","","F","F","F","F","F","","","","",0,0,0,0,0,0,0,0,0,33,"BAL","BAL","CHA",1,"F","F",1,1,0,14,1,"T","F",0,2,"T","T","moraa101","dempr001","T","T",0,0,0,0,0,0,0,0,0,"","","",0,0,0,0,0,0,0,0,0,0,0,0,0,"torrr101","F","F","F","F",0,0,0,0,0,0,0,0,0,0,F,F,"1978BAL.EVA.regular.event.csv",5135
"BAL197809030","CHA",4,1,1,0,0,"",1,1,"moraa101","?","moraa101","?","wortr101","?","wortr101","?","colbm101","squim001","pryog001","sodee101","kessd101","torrr101","boslt001","lemoc001","","may-l101","","W","F","F",7,7,14,"T","F",0,"F","F",0,"F","F",0,"F","F",0,"","F","F","",0,0,"N",0,"N",0,"N",1,0,2,0,"","","","","F","F","F","F","F","F","F","F","F","","wortr101","","F","F","F","F","F","","","","",0,0,0,0,0,0,0,0,0,34,"BAL","BAL","CHA",1,"F","F",1,1,0,15,2,"T","F",2,3,"T","T","dempr001","lopec101","T","T",0,0,0,10,6,33,0,0,0,"","colbm101","",0,0,0,0,0,0,0,0,0,0,0,0,0,"","F","F","F","F",0,0,0,0,0,0,0,0,0,0,F,F,"1978BAL.EVA.regular.event.csv",5136
"BAL197809030","CHA",4,1,1,0,0,"",1,1,"dempr001","?","dempr001","?","wortr101","?","wortr101","?","colbm101","squim001","pryog001","sodee101","kessd101","torrr101","boslt001","lemoc001","moraa101","may-l101","","8","F","F",2,8,2,"T","T",0,"F","F",1,"F","F",0,"F","F",8,"F","F","F","",0,0,"N",0,"N",0,"N",0,1,2,0,"8","","","","F","F","F","F","F","F","F","F","F","wortr101","wortr101","","F","F","F","F","F","","","","",0,8,0,0,0,0,0,0,0,35,"BAL","BAL","CHA",1,"F","F",1,1,0,16,3,"T","F",3,3,"T","T","lopec101","belam101","T","T",7,7,34,10,6,33,0,0,0,"colbm101","colbm101","",0,0,0,0,0,0,0,0,0,0,0,0,0,"boslt001","F","F","F","F",0,0,0,0,0,0,0,0,0,0,F,F,"1978BAL.EVA.regular.event.csv",5137
"BAL197809030","CHA",4,1,2,0,0,"",1,1,"lopec101","?","lopec101","?","wortr101","?","wortr101","?","colbm101","squim001","pryog001","sodee101","kessd101","torrr101","boslt001","lemoc001","moraa101","may-l101","","54(1)/FO","F","F",8,9,2,"T","T",0,"F","F",1,"F","F",0,"F","F",5,"G","F","F","",0,0,"N",0,"N",0,"N",1,0,2,0,"","54","","","F","F","F","F","F","F","F","F","F","wortr101","wortr101","","F","F","F","F","F","","","","",0,4,0,0,5,0,0,0,0,36,"BAL","BAL","CHA",1,"F","T",1,1,0,17,4,"T","F",3,3,"T","T","belam101","dauer001","T","T",7,7,34,10,6,33,0,0,0,"colbm101","colbm101","",0,0,0,0,0,0,0,0,0,0,0,0,0,"sodee101","T","F","F","F",0,0,0,0,0,0,0,0,0,0,F,F,"1978BAL.EVA.regular.event.csv",5138
"BAL197809030","CHA",5,0,0,0,0,"",1,1,"pryog001","?","pryog001","?","flanm001","?","flanm001","?","dempr001","murre001","dauer001","decid001","belam101","moraa101","lopec101","singk001","","","","8","T","F",4,8,2,"T","T",0,"F","F",1,"F","F",0,"F","F",8,"F","F","F","",0,0,"N",0,"N",0,"N",0,0,0,0,"8","","","","F","F","F","F","F","F","F","F","F","","","","F","F","F","F","F","","","","",0,8,0,0,0,0,0,0,0,37,"BAL","CHA","BAL",0,"T","F",1,1,0,16,0,"T","F",0,0,"T","T","colbm101","torrr101","T","T",0,0,0,0,0,0,0,0,0,"","","",0,0,0,0,0,0,0,0,0,0,0,0,0,"lopec101","F","F","F","F",0,0,0,0,0,0,0,0,0,0,F,F,"1978BAL.EVA.regular.event.csv",5139
"BAL197809030","CHA",5,0,1,0,0,"",1,1,"colbm101","?","colbm101","?","flanm001","?","flanm001","?","dempr001","murre001","dauer001","decid001","belam101","moraa101","lopec101","singk001","","","","K","F","F",2,9,3,"T","T",0,"F","F",1,"F","F",0,"F","F",0,"","F","F","",0,0,"N",0,"N",0,"N",0,0,0,0,"2","","","","F","F","F","F","F","F","F","F","F","","","","F","F","F","F","F","","","","",0,2,0,0,0,0,0,0,0,38,"BAL","CHA","BAL",0,"F","F",1,1,0,17,1,"T","F",0,0,"T","T","torrr101","kessd101","T","T",0,0,0,0,0,0,0,0,0,"","","",0,0,0,0,0,0,0,0,0,0,0,0,0,"","F","F","F","F",0,0,0,0,0,0,0,0,0,0,F,F,"1978BAL.EVA.regular.event.csv",5140
"BAL197809030","CHA",5,0,2,0,0,"",1,1,"torrr101","?","torrr101","?","flanm001","?","flanm001","?","dempr001","murre001","dauer001","decid001","belam101","moraa101","lopec101","singk001","","","","8","F","F",7,1,2,"T","T",0,"F","F",1,"F","F",0,"F","F",8,"F","F","F","",0,0,"N",0,"N",0,"N",0,0,0,0,"8","","","","F","F","F","F","F","F","F","F","F","","","","F","F","F","F","F","","","","",0,8,0,0,0,0,0,0,0,39,"BAL","CHA","BAL",0,"F","T",1,1,0,18,2,"T","F",0,0,"T","T","kessd101","lemoc001","T","T",0,0,0,0,0,0,0,0,0,"","","",0,0,0,0,0,0,0,0,0,0,0,0,0,"lopec101","F","F","F","F",0,0,0,0,0,0,0,0,0,0,F,F,"1978BAL.EVA.regular.event.csv",5141
"BAL197809030","CHA",5,1,0,0,0,"",1,1,"belam101","?","belam101","?","wortr101","?","wortr101","?","colbm101","squim001","pryog001","sodee101","kessd101","torrr101","boslt001","lemoc001","","","","9","T","F",6,1,2,"T","T",0,"F","F",1,"F","F",0,"F","F",9,"F","F","F","",0,0,"N",0,"N",0,"N",0,0,0,0,"9","","","","F","F","F","F","F","F","F","F","F","","","","F","F","F","F","F","","","","",0,9,0,0,0,0,0,0,0,40,"BAL","BAL","CHA",1,"T","F",1,1,0,18,0,"T","F",0,0,"T","T","dauer001","singk001","T","T",0,0,0,0,0,0,0,0,0,"","","",0,0,0,0,0,0,0,0,0,0,0,0,0,"lemoc001","F","F","F","F",0,0,0,0,0,0,0,0,0,0,F,F,"1978BAL.EVA.regular.event.csv",5142
"BAL197809030","CHA",5,1,1,0,0,"",1,1,"dauer001","?","dauer001","?","wortr101","?","wortr101","?","colbm101","squim001","pryog001","sodee101","kessd101","torrr101","boslt001","lemoc001","","","","13","F","F",4,2,2,"T","T",0,"F","F",1,"F","F",0,"F","F",1,"G","F","F","",0,0,"N",0,"N",0,"N",0,0,0,0,"13","","","","F","F","F","F","F","F","F","F","F","","","","F","F","F","F","F","","","","",0,3,0,0,1,0,0,0,0,41,"BAL","BAL","CHA",1,"F","F",1,1,0,19,1,"T","F",0,0,"T","T","singk001","murre001","T","T",0,0,0,0,0,0,0,0,0,"","","",0,0,0,0,0,0,0,0,0,0,0,0,0,"wortr101","F","F","F","F",0,0,0,0,0,0,0,0,0,0,F,F,"1978BAL.EVA.regular.event.csv",5143
"BAL197809030","CHA",5,1,2,0,0,"",1,1,"singk001","?","singk001","?","wortr101","?","wortr101","?","colbm101","squim001","pryog001","sodee101","kessd101","torrr101","boslt001","lemoc001","","","","K","F","F",9,3,3,"T","T",0,"F","F",1,"F","F",0,"F","F",0,"","F","F","",0,0,"N",0,"N",0,"N",0,0,0,0,"2","","","","F","F","F","F","F","F","F","F","F","","","","F","F","F","F","F","","","","",0,2,0,0,0,0,0,0,0,42,"BAL","BAL","CHA",1,"F","T",1,1,0,20,2,"T","F",0,0,"T","T","murre001","decid001","T","T",0,0,0,0,0,0,0,0,0,"","","",0,0,0,0,0,0,0,0,0,0,0,0,0,"","F","F","F","F",0,0,0,0,0,0,0,0,0,0,F,F,"1978BAL.EVA.regular.event.csv",5144
"BAL197809030","CHA",6,0,0,0,0,"",1,1,"kessd101","?","kessd101","?","flanm001","?","flanm001","?","dempr001","murre001","dauer001","decid001","belam101","moraa101","lopec101","singk001","","","","8","T","F",6,2,2,"T","T",0,"F","F",1,"F","F",0,"F","F",8,"F","F","F","",0,0,"N",0,"N",0,"N",0,0,0,0,"8","","","","F","F","F","F","F","F","F","F","F","","","","F","F","F","F","F","","","","",0,8,0,0,0,0,0,0,0,43,"BAL","CHA","BAL",0,"T","F",1,1,0,19,0,"T","F",0,0,"T","T","lemoc001","johnl101","T","T",0,0,0,0,0,0,0,0,0,"","","",0,0,0,0,0,0,0,0,0,0,0,0,0,"lopec101","F","F","F","F",0,0,0,0,0,0,0,0,0,0,F,F,"1978BAL.EVA.regular.event.csv",5145
"BAL197809030","CHA",6,0,1,0,0,"",1,1,"lemoc001","?","lemoc001","?","flanm001","?","flanm001","?","dempr001","murre001","dauer001","decid001","belam101","moraa101","lopec101","singk001","","","","8","F","F",9,3,2,"T","T",0,"F","F",1,"F","F",0,"F","F",8,"F","F","F","",0,0,"N",0,"N",0,"N",0,0,0,0,"8","","","","F","F","F","F","F","F","F","F","F","","","","F","F","F","F","F","","","","",0,8,0,0,0,0,0,0,0,44,"BAL","CHA","BAL",0,"F","F",1,1,0,20,1,"T","F",0,0,"T","T","johnl101","sodee101","T","T",0,0,0,0,0,0,0,0,0,"","","",0,0,0,0,0,0,0,0,0,0,0,0,0,"lopec101","F","F","F","F",0,0,0,0,0,0,0,0,0,0,F,F,"1978BAL.EVA.regular.event.csv",5146
"BAL197809030","CHA",6,0,2,0,0,"",1,1,"johnl101","?","johnl101","?","flanm001","?","flanm001","?","dempr001","murre001","dauer001","decid001","belam101","moraa101","lopec101","singk001","","","","6","F","F",10,4,2,"T","T",0,"F","F",1,"F","F",0,"F","F",6,"F","F","F","",0,0,"N",0,"N",0,"N",0,0,0,0,"6","","","","F","F","F","F","F","F","F","F","F","","","","F","F","F","F","F","","","","",0,6,0,0,0,0,0,0,0,45,"BAL","CHA","BAL",0,"F","T",1,1,0,21,2,"T","F",0,0,"T","T","sodee101","squim001","T","T",0,0,0,0,0,0,0,0,0,"","","",0,0,0,0,0,0,0,0,0,0,0,0,0,"belam101","F","F","F","F",0,0,0,0,0,0,0,0,0,0,F,F,"1978BAL.EVA.regular.event.csv",5147
"BAL197809030","CHA",6,1,0,0,0,"",1,1,"murre001","?","murre001","?","wortr101","?","wortr101","?","colbm101","squim001","pryog001","sodee101","kessd101","torrr101","boslt001","lemoc001","","","","9","T","F",3,4,2,"T","T",0,"F","F",1,"F","F",0,"F","F",9,"F","F","F","",0,0,"N",0,"N",0,"N",0,0,0,0,"9","","","","F","F","F","F","F","F","F","F","F","","","","F","F","F","F","F","","","","",0,9,0,0,0,0,0,0,0,46,"BAL","BAL","CHA",1,"T","F",1,1,0,21,0,"T","F",0,0,"T","T","decid001","may-l101","T","T",0,0,0,0,0,0,0,0,0,"","","",0,0,0,0,0,0,0,0,0,0,0,0,0,"lemoc001","F","F","F","F",0,0,0,0,0,0,0,0,0,0,F,F,"1978BAL.EVA.regular.event.csv",5148
"BAL197809030","CHA",6,1,1,0,0,"",1,1,"decid001","?","decid001","?","wortr101","?","wortr101","?","colbm101","squim001","pryog001","sodee101","kessd101","torrr101","boslt001","lemoc001","","","","W","F","F",5,5,14,"T","F",0,"F","F",0,"F","F",0,"F","F",0,"","F","F","",0,0,"N",0,"N",0,"N",1,0,0,0,"","","","","F","F","F","F","F","F","F","F","F","","","","F","F","F","F","F","","","","",0,0,0,0,0,0,0,0,0,47,"BAL","BAL","CHA",1,"F","F",1,1,0,22,1,"T","F",0,1,"T","T","may-l101","moraa101","T","T",0,0,0,0,0,0,0,0,0,"","","",0,0,0,0,0,0,0,0,0,0,0,0,0,"","F","F","F","F",0,0,0,0,0,0,0,0,0,0,F,F,"1978BAL.EVA.regular.event.csv",5149
"BAL197809030","CHA",6,1,1,0,0,"",1,1,"may-l101","?","may-l101","?","wortr101","?","wortr101","?","colbm101","squim001","pryog001","sodee101","kessd101","torrr101","boslt001","lemoc001","decid001","","","POCS2(1343)","F","F",10,6,8,"F","F",0,"F","F",1,"F","F",0,"F","F",0,"","F","F","",0,0,"N",0,"N",0,"N",0,0,0,0,"","1343","","","F","F","F","T","F","F","T","F","F","wortr101","","","F","F","F","F","F","","","","",0,3,0,0,1,3,4,0,0,48,"BAL","BAL","CHA",1,"F","F",1,1,0,23,2,"T","F",1,0,"T","T","moraa101","dempr001","T","T",5,5,47,0,0,0,0,0,0,"colbm101","","",0,0,0,0,0,0,0,0,0,0,0,0,0,"","F","F","F","F",0,0,0,0,0,0,0,0,0,0,F,F,"1978BAL.EVA.regular.event.csv",5150
"BAL197809030","CHA",6,1,2,0,0,"",1,1,"may-l101","?","may-l101","?","wortr101","?","wortr101","?","colbm101","squim001","pryog001","sodee101","kessd101","torrr101","boslt001","lemoc001","","","","8","F","F",10,6,2,"T","T",0,"F","F",1,"F","F",0,"F","F",8,"F","F","F","",0,0,"N",0,"N",0,"N",0,0,0,0,"8","","","","F","F","F","F","F","F","F","F","F","","","","F","F","F","F","F","","","","",0,8,0,0,0,0,0,0,0,49,"BAL","BAL","CHA",1,"F","T",1,1,0,23,2,"F","F",0,0,"T","T","moraa101","dempr001","T","T",0,0,0,0,0,0,0,0,0,"","","",0,0,0,0,0,0,0,0,0,0,0,0,0,"boslt001","F","F","F","F",0,0,0,0,0,0,0,0,0,0,F,F,"1978BAL.EVA.regular.event.csv",5151
"BAL197809030","CHA",7,0,0,0,0,"",1,1,"sodee101","?","sodee101","?","flanm001","?","flanm001","?","dempr001","murre001","dauer001","decid001","belam101","moraa101","lopec101","singk001","","","","43","T","F",5,5,2,"T","T",0,"F","F",1,"F","F",0,"F","F",4,"G","F","F","",0,0,"N",0,"N",0,"N",0,0,0,0,"43","","","","F","F","F","F","F","F","F","F","F","","","","F","F","F","F","F","","","","",0,3,0,0,4,0,0,0,0,50,"BAL","CHA","BAL",0,"T","F",1,1,0,22,0,"T","F",0,0,"T","T","squim001","boslt001","T","T",0,0,0,0,0,0,0,0,0,"","","",0,0,0,0,0,0,0,0,0,0,0,0,0,"dauer001","F","F","F","F",0,0,0,0,0,0,0,0,0,0,F,F,"1978BAL.EVA.regular.event.csv",5152
"BAL197809030","CHA",7,0,1,0,0,"",1,1,"squim001","?","squim001","?","flanm001","?","flanm001","?","dempr001","murre001","dauer001","decid001","belam101","moraa101","lopec101","singk001","","","","13","F","F",3,6,2,"T","T",0,"F","F",1,"F","F",0,"F","F",1,"G","F","F","",0,0,"N",0,"N",0,"N",0,0,0,0,"13","","","","F","F","F","F","F","F","F","F","F","","","","F","F","F","F","F","","","","",0,3,0,0,1,0,0,0,0,51,"BAL","CHA","BAL",0,"F","F",1,1,0,23,1,"T","F",0,0,"T","T","boslt001","pryog001","T","T",0,0,0,0,0,0,0,0,0,"","","",0,0,0,0,0,0,0,0,0,0,0,0,0,"flanm001","F","F","F","F",0,0,0,0,0,0,0,0,0,0,F,F,"1978BAL.EVA.regular.event.csv",5153
"BAL197809030","CHA",7,0,2,0,0,"",1,1,"boslt001","?","boslt001","?","flanm001","?","flanm001","?","dempr001","murre001","dauer001","decid001","belam101","moraa101","lopec101","singk001","","","","8","F","F",8,7,2,"T","T",0,"F","F",1,"F","F",0,"F","F",8,"F","F","F","",0,0,"N",0,"N",0,"N",0,0,0,0,"8","","","","F","F","F","F","F","F","F","F","F","","","","F","F","F","F","F","","","","",0,8,0,0,0,0,0,0,0,52,"BAL","CHA","BAL",0,"F","T",1,1,0,24,2,"T","F",0,0,"T","T","pryog001","colbm101","T","T",0,0,0,0,0,0,0,0,0,"","","",0,0,0,0,0,0,0,0,0,0,0,0,0,"lopec101","F","F","F","F",0,0,0,0,0,0,0,0,0,0,F,F,"1978BAL.EVA.regular.event.csv",5154
"BAL197809030","CHA",7,1,0,0,0,"",1,1,"moraa101","?","moraa101","?","wortr101","?","wortr101","?","colbm101","squim001","pryog001","sodee101","kessd101","torrr101","boslt001","lemoc001","","","","E9.B-2","T","F",7,7,18,"T","T",0,"F","F",0,"F","F",0,"F","F",9,"F","F","F","",1,9,"F",0,"N",0,"N",2,0,0,0,"","","","","F","F","F","F","F","F","F","F","F","","","","F","F","F","F","F","","","","",0,0,0,0,0,0,0,0,0,53,"BAL","BAL","CHA",1,"T","F",1,1,0,24,0,"T","F",0,2,"T","T","dempr001","lopec101","T","T",0,0,0,0,0,0,0,0,0,"","","",0,0,0,0,0,0,0,0,0,0,0,0,0,"lemoc001","F","F","F","T",0,0,0,0,0,0,0,0,0,0,F,F,"1978BAL.EVA.regular.event.csv",5155
"BAL197809030","CHA",7,1,0,0,0,"",1,1,"dempr001","?","dempr001","?","wortr101","?","wortr101","?","colbm101","squim001","pryog001","sodee101","kessd101","torrr101","boslt001","lemoc001","","moraa101","","9","F","F",2,8,2,"T","T",0,"F","F",1,"F","F",0,"F","F",9,"F","F","F","",0,0,"N",0,"N",0,"N",0,0,2,0,"9","","","","F","F","F","F","F","F","F","F","F","","wortr101","","F","F","F","F","F","","","","",0,9,0,0,0,0,0,0,0,54,"BAL","BAL","CHA",1,"F","F",1,1,0,25,1,"T","F",2,2,"T","T","lopec101","belam101","T","T",0,0,0,7,7,53,0,0,0,"","colbm101","",0,0,0,0,0,0,0,0,0,0,0,0,0,"lemoc001","F","F","F","F",0,0,0,0,0,0,0,0,0,0,F,F,"1978BAL.EVA.regular.event.csv",5156
"BAL197809030","CHA",7,1,1,0,0,"",1,1,"lopec101","?","lopec101","?","wortr101","?","wortr101","?","colbm101","squim001","pryog001","sodee101","kessd101","torrr101","boslt001","lemoc001","","moraa101","","9","F","F",8,9,2,"T","T",0,"F","F",1,"F","F",0,"F","F",9,"F","F","F","",0,0,"N",0,"N",0,"N",0,0,2,0,"9","","","","F","F","F","F","F","F","F","F","F","","wortr101","","F","F","F","F","F","","","","",0,9,0,0,0,0,0,0,0,55,"BAL","BAL","CHA",1,"F","F",1,1,0,26,2,"T","F",2,2,"T","T","belam101","dauer001","T","T",0,0,0,7,7,53,0,0,0,"","colbm101","",0,0,0,0,0,0,0,0,0,0,0,0,0,"lemoc001","F","F","F","F",0,0,0,0,0,0,0,0,0,0,F,F,"1978BAL.EVA.regular.event.csv",5157
"BAL197809030","CHA",7,1,2,0,0,"",1,1,"belam101","?","belam101","?","wortr101","?","wortr101","?","colbm101","squim001","pryog001","sodee101","kessd101","torrr101","boslt001","lemoc001","","moraa101","","9","F","F",6,1,2,"T","T",0,"F","F",1,"F","F",0,"F","F",9,"F","F","F","",0,0,"N",0,"N",0,"N",0,0,2,0,"9","","","","F","F","F","F","F","F","F","F","F","","wortr101","","F","F","F","F","F","","","","",0,9,0,0,0,0,0,0,0,56,"BAL","BAL","CHA",1,"F","T",1,1,0,27,3,"T","F",2,2,"T","T","dauer001","singk001","T","T",0,0,0,7,7,53,0,0,0,"","colbm101","",0,0,0,0,0,0,0,0,0,0,0,0,0,"lemoc001","F","F","F","F",0,0,0,0,0,0,0,0,0,0,F,F,"1978BAL.EVA.regular.event.csv",5158
"BAL197809030","CHA",8,0,0,0,0,"",1,1,"pryog001","?","pryog001","?","flanm001","?","flanm001","?","dempr001","murre001","dauer001","decid001","belam101","moraa101","lopec101","singk001","","","","63","T","F",4,8,2,"T","T",0,"F","F",1,"F","F",0,"F","F",6,"G","F","F","",0,0,"N",0,"N",0,"N",0,0,0,0,"63","","","","F","F","F","F","F","F","F","F","F","","","","F","F","F","F","F","","","","",0,3,0,0,6,0,0,0,0,57,"BAL","CHA","BAL",0,"T","F",1,1,0,25,0,"T","F",0,0,"T","T","colbm101","torrr101","T","T",0,0,0,0,0,0,0,0,0,"","","",0,0,0,0,0,0,0,0,0,0,0,0,0,"belam101","F","F","F","F",0,0,0,0,0,0,0,0,0,0,F,F,"1978BAL.EVA.regular.event.csv",5159
"BAL197809030","CHA",8,0,1,0,0,"",1,1,"colbm101","?","colbm101","?","flanm001","?","flanm001","?","dempr001","murre001","dauer001","decid001","belam101","moraa101","lopec101","singk001","","","","63","F","F",2,9,2,"T","T",0,"F","F",1,"F","F",0,"F","F",6,"G","F","F","",0,0,"N",0,"N",0,"N",0,0,0,0,"63","","","","F","F","F","F","F","F","F","F","F","","","","F","F","F","F","F","","","","",0,3,0,0,6,0,0,0,0,58,"BAL","CHA","BAL",0,"F","F",1,1,0,26,1,"T","F",0,0,"T","T","torrr101","kessd101","T","T",0,0,0,0,0,0,0,0,0,"","","",0,0,0,0,0,0,0,0,0,0,0,0,0,"belam101","F","F","F","F",0,0,0,0,0,0,0,0,0,0,F,F,"1978BAL.EVA.regular.event.csv",5160
"BAL197809030","CHA",8,0,2,0,0,"",1,1,"torrr101","?","torrr101","?","flanm001","?","flanm001","?","dempr001","murre001","dauer001","decid001","belam101","moraa101","lopec101","singk001","","","","8","F","F",7,1,2,"T","T",0,"F","F",1,"F","F",0,"F","F",8,"F","F","F","",0,0,"N",0,"N",0,"N",0,0,0,0,"8","","","","F","F","F","F","F","F","F","F","F","","","","F","F","F","F","F","","","","",0,8,0,0,0,0,0,0,0,59,"BAL","CHA","BAL",0,"F","T",1,1,0,27,2,"T","F",0,0,"T","T","kessd101","lemoc001","T","T",0,0,0,0,0,0,0,0,0,"","","",0,0,0,0,0,0,0,0,0,0,0,0,0,"lopec101","F","F","F","F",0,0,0,0,0,0,0,0,0,0,F,F,"1978BAL.EVA.regular.event.csv",5161
"BAL197809030","CHA",8,1,0,0,0,"",1,1,"dauer001","?","dauer001","?","wortr101","?","wortr101","?","colbm101","squim001","pryog001","sodee101","kessd101","torrr101","boslt001","lemoc001","","","","S6","T","F",4,2,20,"T","T",1,"F","F",0,"F","F",0,"F","F",6,"","F","F","",0,0,"N",0,"N",0,"N",1,0,0,0,"","","","","F","F","F","F","F","F","F","F","F","","","","F","F","F","F","F","","","","",0,0,0,0,0,0,0,0,0,60,"BAL","BAL","CHA",1,"T","F",1,1,0,28,0,"T","F",0,1,"T","T","singk001","murre001","T","T",0,0,0,0,0,0,0,0,0,"","","",0,0,0,0,0,0,0,0,0,0,0,0,0,"kessd101","F","F","F","F",3,0,0,0,0,0,0,0,0,0,F,F,"1978BAL.EVA.regular.event.csv",5162
"BAL197809030","CHA",8,1,0,0,0,"",1,1,"singk001","?","singk001","?","wortr101","?","wortr101","?","colbm101","squim001","pryog001","sodee101","kessd101","torrr101","boslt001","lemoc001","dauer001","","","WP.1-2#","F","F",9,3,9,"F","F",0,"F","F",0,"F","F",0,"T","F",0,"","F","F","",0,0,"N",0,"N",0,"N",0,2,0,0,"","","","","F","F","F","F","F","F","F","F","F","wortr101","","","F","F","F","F","F","","","","",0,0,0,0,0,0,0,0,0,61,"BAL","BAL","CHA",1,"F","F",1,1,0,29,1,"T","F",1,2,"T","T","murre001","decid001","T","T",4,2,60,0,0,0,0,0,0,"colbm101","","",0,0,0,0,0,0,0,0,0,0,0,0,0,"","F","F","F","F",0,3,0,0,0,0,0,0,0,0,F,T,"1978BAL.EVA.regular.event.csv",5163
"BAL197809030","CHA",8,1,0,0,0,"",1,1,"singk001","?","singk001","?","wortr101","?","wortr101","?","colbm101","squim001","pryog001","sodee101","kessd101","torrr101","boslt001","lemoc001","","dauer001","","K","F","F",9,3,3,"T","T",0,"F","F",1,"F","F",0,"F","F",0,"","F","F","",0,0,"N",0,"N",0,"N",0,0,2,0,"2","","","","F","F","F","F","F","F","F","F","F","","wortr101","","F","F","F","F","F","","","","",0,2,0,0,0,0,0,0,0,62,"BAL","BAL","CHA",1,"F","F",1,1,0,29,1,"F","F",2,2,"T","T","murre001","decid001","T","T",0,0,0,4,2,60,0,0,0,"","colbm101","",0,0,0,0,0,0,0,0,0,0,0,0,0,"","F","F","F","F",0,0,3,0,0,0,0,0,0,0,F,F,"1978BAL.EVA.regular.event.csv",5164
"BAL197809030","CHA",8,1,1,0,0,"",1,1,"murre001","?","murre001","?","wortr101","?","wortr101","?","colbm101","squim001","pryog001","sodee101","kessd101","torrr101","boslt001","lemoc001","","dauer001","","K","F","F",3,4,3,"T","T",0,"F","F",1,"F","F",0,"F","F",0,"","F","F","",0,0,"N",0,"N",0,"N",0,0,2,0,"2","","","","F","F","F","F","F","F","F","F","F","","wortr101","","F","F","F","F","F","","","","",0,2,0,0,0,0,0,0,0,63,"BAL","BAL","CHA",1,"F","F",1,1,0,30,2,"T","F",2,2,"T","T","decid001","may-l101","T","T",0,0,0,4,2,60,0,0,0,"","colbm101","",0,0,0,0,0,0,0,0,0,0,0,0,0,"","F","F","F","F",0,0,3,0,0,0,0,0,0,0,F,F,"1978BAL.EVA.regular.event.csv",5165
"BAL197809030","CHA",8,1,2,0,0,"",1,1,"decid001","?","decid001","?","wortr101","?","wortr101","?","colbm101","squim001","pryog001","sodee101","kessd101","torrr101","boslt001","lemoc001","","dauer001","","W","F","F",5,5,14,"T","F",0,"F","F",0,"F","F",0,"F","F",0,"","F","F","",0,0,"N",0,"N",0,"N",1,0,2,0,"","","","","F","F","F","F","F","F","F","F","F","","wortr101","","F","F","F","F","F","","","","",0,0,0,0,0,0,0,0,0,64,"BAL","BAL","CHA",1,"F","F",1,1,0,31,3,"T","F",2,3,"T","T","may-l101","moraa101","T","T",0,0,0,4,2,60,0,0,0,"","colbm101","",0,0,0,0,0,0,0,0,0,0,0,0,0,"","F","F","F","F",2,0,3,0,0,0,0,0,0,0,F,F,"1978BAL.EVA.regular.event.csv",5166
"BAL197809030","CHA",8,1,2,0,0,"",1,1,"may-l101","?","may-l101","?","wortr101","?","wortr101","?","colbm101","squim001","pryog001","sodee101","kessd101","torrr101","boslt001","lemoc001","decid001","dauer001","","W.2-3;1-2","F","F",10,6,14,"T","F",0,"F","F",0,"F","F",0,"F","F",0,"","F","F","",0,0,"N",0,"N",0,"N",1,2,3,0,"","","","","F","F","F","F","F","F","F","F","F","wortr101","wortr101","","F","F","F","F","F","","","","",0,0,0,0,0,0,0,0,0,65,"BAL","BAL","CHA",1,"F","F",1,1,0,32,4,"T","F",3,7,"T","T","moraa101","dempr001","T","T",5,5,64,4,2,60,0,0,0,"colbm101","colbm101","",0,0,0,0,0,0,0,0,0,0,0,0,0,"","F","F","F","F",0,2,3,0,0,0,0,0,0,0,F,F,"1978BAL.EVA.regular.event.csv",5167
"BAL197809030","CHA",8,1,2,0,0,"",1,1,"crowt101","?","crowt101","?","lagrl101","?","lagrl101","?","colbm101","squim001","pryog001","sodee101","kessd101","torrr101","boslt001","lemoc001","may-l101","decid001","dauer001","46(1)/FO","F","T",11,7,2,"T","T",0,"F","F",1,"F","F",0,"F","F",4,"G","F","F","",0,0,"N",0,"N",0,"N",1,0,2,3,"","46","","","F","F","F","F","F","F","F","F","F","wortr101","wortr101","wortr101","F","F","F","F","F","","","","moraa101",7,6,0,0,4,0,0,0,0,66,"BAL","BAL","CHA",1,"F","T",1,1,0,33,5,"T","F",7,7,"F","F","dempr001","lopec101","F","F",10,6,65,5,5,64,4,2,60,"colbm101","colbm101","colbm101",0,0,0,0,0,0,0,0,0,0,0,0,0,"pryog001","T","F","F","F",1,0,2,3,0,0,0,0,0,0,F,F,"1978BAL.EVA.regular.event.csv",5168
"BAL197809030","CHA",9,0,0,0,0,"",1,1,"kessd101","?","kessd101","?","flanm001","?","flanm001","?","dempr001","murre001","dauer001","decid001","belam101","andem101","lopec101","singk001","","","","53","T","F",6,2,2,"T","T",0,"F","F",1,"F","F",0,"F","F",5,"G","F","F","",0,0,"N",0,"N",0,"N",0,0,0,0,"53","","","","F","F","F","F","F","F","F","F","F","","","","F","F","F","F","F","","","","",0,3,0,0,5,0,0,0,0,67,"BAL","CHA","BAL",0,"T","F",1,1,0,28,0,"T","F",0,0,"T","T","lemoc001","johnl101","T","T",0,0,0,0,0,0,0,0,0,"","","",0,0,0,0,0,0,0,0,0,0,0,0,0,"decid001","F","F","F","F",0,0,0,0,3,0,0,0,0,0,F,F,"1978BAL.EVA.regular.event.csv",5169
"BAL197809030","CHA",9,0,1,0,0,"",1,1,"lemoc001","?","lemoc001","?","flanm001","?","flanm001","?","dempr001","murre001","dauer001","decid001","belam101","andem101","lopec101","singk001","","","","43","F","F",9,3,2,"T","T",0,"F","F",1,"F","F",0,"F","F",4,"G","F","F","",0,0,"N",0,"N",0,"N",0,0,0,0,"43","","","","F","F","F","F","F","F","F","F","F","","","","F","F","F","F","F","","","","",0,3,0,0,4,0,0,0,0,68,"BAL","CHA","BAL",0,"F","F",1,1,0,29,1,"T","F",0,0,"T","T","johnl101","sodee101","T","T",0,0,0,0,0,0,0,0,0,"","","",0,0,0,0,0,0,0,0,0,0,0,0,0,"dauer001","F","F","F","F",0,0,0,0,3,0,0,0,0,0,F,F,"1978BAL.EVA.regular.event.csv",5170
"BAL197809030","CHA",9,0,2,0,0,"",1,1,"johnl101","?","johnl101","?","flanm001","?","flanm001","?","dempr001","murre001","dauer001","decid001","belam101","andem101","lopec101","singk001","","","","S9","F","F",10,4,20,"T","T",1,"F","F",0,"F","F",0,"F","F",9,"","F","F","",0,0,"N",0,"N",0,"N",1,0,0,0,"","","","","F","F","F","F","F","F","F","F","F","","","","F","F","F","F","F","","","","",0,0,0,0,0,0,0,0,0,69,"BAL","CHA","BAL",0,"F","F",1,1,0,30,2,"T","F",0,1,"T","T","sodee101","squim001","T","T",0,0,0,0,0,0,0,0,0,"","","",0,0,0,0,0,0,0,0,0,0,0,0,0,"singk001","F","F","F","F",4,0,0,0,3,0,0,0,0,0,F,F,"1978BAL.EVA.regular.event.csv",5171
"BAL197809030","CHA",9,0,2,0,0,"",1,1,"sodee101","?","sodee101","?","flanm001","?","flanm001","?","dempr001","murre001","dauer001","decid001","belam101","andem101","lopec101","singk001","johnl101","","","S8.1-3","F","F",5,5,20,"T","T",1,"F","F",0,"F","F",0,"F","F",8,"","F","F","",0,0,"N",0,"N",0,"N",1,3,0,0,"","","","","F","F","F","F","F","F","F","F","F","flanm001","","","F","F","F","F","F","","","","",0,0,0,0,0,0,0,0,0,70,"BAL","CHA","BAL",0,"F","F",1,1,0,31,3,"T","F",1,5,"T","T","squim001","boslt001","T","T",10,4,69,0,0,0,0,0,0,"dempr001","","",0,0,0,0,0,0,0,0,0,0,0,0,0,"lopec101","F","F","F","F",4,4,0,0,3,0,0,0,0,0,F,F,"1978BAL.EVA.regular.event.csv",5172
"BAL197809030","CHA",9,0,2,0,0,"",1,1,"nordw101","?","nordw101","?","flanm001","?","flanm001","?","dempr001","murre001","dauer001","decid001","belam101","andem101","lopec101","singk001","bellk101","","johnl101","HR/7.3-H;1-H","F","T",11,6,23,"T","T",4,"F","F",0,"F","F",3,"F","F",0,"","F","F","7",0,0,"N",0,"N",0,"N",4,4,0,4,"","","","","F","F","F","F","F","F","F","F","F","flanm001","","flanm001","F","F","T","F","F","sodee101","","","squim001",3,0,0,0,0,0,0,0,0,71,"BAL","CHA","BAL",0,"F","F",1,1,0,32,4,"T","F",5,0,"F","F","boslt001","pryog001","T","T",12,5,70,0,0,0,10,4,69,"dempr001","","dempr001",0,0,0,0,0,0,0,0,0,0,0,0,3,"","F","F","F","F",4,4,0,4,0,0,0,0,0,0,F,F,"1978BAL.EVA.regular.event.csv",5173
"BAL197809030","CHA",9,0,2,0,0,"",4,1,"boslt001","?","boslt001","?","flanm001","?","flanm001","?","dempr001","murre001","dauer001","decid001","belam101","andem101","lopec101","singk001","","","","63","F","F",8,7,2,"T","T",0,"F","F",1,"F","F",0,"F","F",6,"G","F","F","",0,0,"N",0,"N",0,"N",0,0,0,0,"63","","","","F","F","F","F","F","F","F","F","F","","","","F","F","F","F","F","","","","",0,3,0,0,6,0,0,0,0,72,"BAL","CHA","BAL",0,"F","T",4,1,3,33,5,"T","F",0,0,"T","T","pryog001","colbm101","T","T",0,0,0,0,0,0,0,0,0,"","","",0,0,0,0,0,0,0,0,0,0,0,0,0,"belam101","F","F","F","F",0,0,0,0,0,0,0,0,0,0,F,F,"1978BAL.EVA.regular.event.csv",5174
"BAL197809030","CHA",9,1,0,0,0,"",4,1,"dempr001","?","dempr001","?","lagrl101","?","lagrl101","?","colbm101","nahob001","pryog001","bellk101","kessd101","torrr101","boslt001","lemoc001","","","","3/G","T","F",2,8,2,"T","T",0,"F","F",1,"F","F",0,"F","F",3,"G","F","F","",0,0,"N",0,"N",0,"N",0,0,0,0,"3","","","","F","F","F","F","F","F","F","F","F","","","","F","F","F","F","F","","","","",0,3,0,0,0,0,0,0,0,73,"BAL","BAL","CHA",1,"T","F",1,4,0,34,0,"T","F",0,0,"T","T","lopec101","belam101","F","F",0,0,0,0,0,0,0,0,0,"","","",0,0,0,0,0,0,0,0,0,0,0,0,0,"nahob001","F","F","F","F",0,0,0,0,1,0,0,0,0,0,F,F,"1978BAL.EVA.regular.event.csv",5175
"BAL197809030","CHA",9,1,1,0,0,"",4,1,"kellp101","?","kellp101","?","lagrl101","?","lagrl101","?","colbm101","nahob001","pryog001","bellk101","kessd101","torrr101","boslt001","lemoc001","","","","HR/9","F","T",11,9,23,"T","T",4,"F","F",0,"F","F",1,"F","F",0,"","F","F","9",0,0,"N",0,"N",0,"N",4,0,0,0,"","","","","F","F","F","F","F","F","F","F","F","","","","F","F","F","F","F","","","","lopec101",8,0,0,0,0,0,0,0,0,74,"BAL","BAL","CHA",1,"F","F",1,4,0,35,1,"T","F",0,0,"F","F","belam101","dauer001","F","F",0,0,0,0,0,0,0,0,0,"","","",0,0,0,0,0,0,0,0,0,0,0,0,1,"","F","F","F","F",4,0,0,0,0,0,0,0,0,0,F,F,"1978BAL.EVA.regular.event.csv",5176
"BAL197809030","CHA",9,1,1,0,0,"",4,2,"harll101","?","harll101","?","lagrl101","?","lagrl101","?","colbm101","nahob001","pryog001","bellk101","kessd101","torrr101","boslt001","lemoc001","","","","7","F","T",11,1,2,"T","T",0,"F","F",1,"F","F",0,"F","F",7,"F","F","F","",0,0,"N",0,"N",0,"N",0,0,0,0,"7","","","","F","F","F","F","F","F","F","F","F","","","","F","F","F","F","F","","","","belam101",6,7,0,0,0,0,0,0,0,75,"BAL","BAL","CHA",1,"F","F",2,4,1,36,2,"T","F",0,0,"F","F","dauer001","singk001","F","F",0,0,0,0,0,0,0,0,0,"","","",0,0,0,0,0,0,0,0,0,0,0,0,0,"torrr101","F","F","F","F",0,0,0,0,0,0,0,0,0,0,F,F,"1978BAL.EVA.regular.event.csv",5177
"BAL197809030","CHA",9,1,2,0,0,"",4,2,"hende103","?","hende103","?","lagrl101","?","lagrl101","?","colbm101","nahob001","pryog001","bellk101","kessd101","torrr101","boslt001","lemoc001","","","","9","F","T",11,2,2,"T","T",0,"F","F",1,"F","F",0,"F","F",9,"F","F","F","",0,0,"N",0,"N",0,"N",0,0,0,0,"9","","","","F","F","F","F","F","F","F","F","F","","","","F","T","F","F","F","","","","dauer001",4,9,0,0,0,0,0,0,0,76,"BAL","BAL","CHA",1,"F","T",2,4,1,37,3,"T","F",0,0,"F","F","singk001","murre001","F","F",0,0,0,0,0,0,0,0,0,"","","",0,0,0,0,0,0,0,0,0,0,0,0,0,"lemoc001","F","F","F","F",0,0,0,0,0,0,0,0,0,0,F,F,"1978BAL.EVA.regular.event.csv",5178
"BAL197809040","BOS",1,0,0,0,0,"",0,0,"burlr001","?","burlr001","?","mcgrs001","?","mcgrs001","?","dempr001","murre001","smitb101","decid001","garck001","kellp101","harll101","singk001","","","","S7","T","F",6,1,20,"T","T",1,"F","F",0,"F","F",0,"F","F",7,"","F","F","",0,0,"N",0,"N",0,"N",1,0,0,0,"","","","","F","F","F","F","F","F","F","F","F","","","","T","F","F","F","F","","","","",0,0,0,0,0,0,0,0,0,1,"BAL","BOS","BAL",0,"T","F",0,0,0,0,0,"T","F",0,1,"T","T","lynnf001","ricej001","T","T",0,0,0,0,0,0,0,0,0,"","","",0,0,0,0,0,0,0,0,0,0,0,0,0,"kellp101","F","F","F","F",4,0,0,0,3,0,0,0,0,0,F,F,"1978BAL.EVA.regular.event.csv",5179
"BAL197809040","BOS",1,0,0,0,0,"",0,0,"lynnf001","?","lynnf001","?","mcgrs001","?","mcgrs001","?","dempr001","murre001","smitb101","decid001","garck001","kellp101","harll101","singk001","burlr001","","","D9.1-3","F","F",8,2,21,"T","T",2,"F","F",0,"F","F",0,"F","F",9,"","F","F","",0,0,"N",0,"N",0,"N",2,3,0,0,"","","","","F","F","F","F","F","F","F","F","F","mcgrs001","","","F","F","F","F","F","","","","",0,0,0,0,0,0,0,0,0,2,"BAL","BOS","BAL",0,"F","F",0,0,0,1,1,"T","F",1,6,"T","T","ricej001","yastc101","T","T",6,1,1,0,0,0,0,0,0,"dempr001","","",0,0,0,0,0,0,0,0,0,0,0,0,0,"singk001","F","F","F","F",4,4,0,0,3,0,0,0,0,0,F,F,"1978BAL.EVA.regular.event.csv",5180
"BAL197809040","BOS",1,0,0,0,0,"",0,0,"ricej001","?","ricej001","?","mcgrs001","?","mcgrs001","?","dempr001","murre001","smitb101","decid001","garck001","kellp101","harll101","singk001","","lynnf001","burlr001","HR/7.3-H;2-H","F","F",7,3,23,"T","T",4,"F","F",0,"F","F",3,"F","F",0,"","F","F","7",0,0,"N",0,"N",0,"N",4,0,4,4,"","","","","F","F","F","F","F","F","F","F","F","","mcgrs001","mcgrs001","F","F","F","F","F","","","","",0,0,0,0,0,0,0,0,0,3,"BAL","BOS","BAL",0,"F","F",0,0,0,2,2,"T","F",6,0,"T","T","yastc101","fiskc001","T","T",0,0,0,8,2,2,6,1,1,"","dempr001","dempr001",0,0,0,0,0,0,0,0,0,0,0,0,3,"","F","F","F","F",4,0,4,4,0,0,0,0,0,0,F,F,"1978BAL.EVA.regular.event.csv",5181
"BAL197809040","BOS",1,0,0,0,0,"",3,0,"yastc101","?","yastc101","?","mcgrs001","?","mcgrs001","?","dempr001","murre001","smitb101","decid001","garck001","kellp101","harll101","singk001","","","","9/9D","F","F",10,4,2,"T","T",0,"F","F",1,"F","F",0,"F","F",9,"F","F","F","9D",0,0,"N",0,"N",0,"N",0,0,0,0,"9","","","","F","F","F","F","F","F","F","F","F","","","","F","F","F","F","F","","","","",0,9,0,0,0,0,0,0,0,4,"BAL","BOS","BAL",0,"F","F",3,0,3,3,3,"T","F",0,0,"T","T","fiskc001","evand002","T","T",0,0,0,0,0,0,0,0,0,"","","",0,0,0,0,0,0,0,0,0,0,0,0,0,"singk001","F","F","F","F",0,0,0,0,0,0,0,0,0,0,F,F,"1978BAL.EVA.regular.event.csv",5182
"BAL197809040","BOS",1,0,1,0,0,"",3,0,"fiskc001","?","fiskc001","?","mcgrs001","?","mcgrs001","?","dempr001","murre001","smitb101","decid001","garck001","kellp101","harll101","singk001","","","","53","F","F",2,5,2,"T","T",0,"F","F",1,"F","F",0,"F","F",5,"G","F","F","",0,0,"N",0,"N",0,"N",0,0,0,0,"53","","","","F","F","F","F","F","F","F","F","F","","","","F","F","F","F","F","","","","",0,3,0,0,5,0,0,0,0,5,"BAL","BOS","BAL",0,"F","F",3,0,3,4,4,"T","F",0,0,"T","T","evand002","scotg102","T","T",0,0,0,0,0,0,0,0,0,"","","",0,0,0,0,0,0,0,0,0,0,0,0,0,"decid001","F","F","F","F",0,0,0,0,0,0,0,0,0,0,F,F,"1978BAL.EVA.regular.event.csv",5183
"BAL197809040","BOS",1,0,2,0,0,"",3,0,"evand002","?","evand002","?","mcgrs001","?","mcgrs001","?","dempr001","murre001","smitb101","decid001","garck001","kellp101","harll101","singk001","","","","8","F","F",9,6,2,"T","T",0,"F","F",1,"F","F",0,"F","F",8,"F","F","F","",0,0,"N",0,"N",0,"N",0,0,0,0,"8","","","","F","F","F","F","F","F","F","F","F","","","","F","F","F","F","F","","","","",0,8,0,0,0,0,0,0,0,6,"BAL","BOS","BAL",0,"F","T",3,0,3,5,5,"T","F",0,0,"T","T","scotg102","hobsb101","T","T",0,0,0,0,0,0,0,0,0,"","","",0,0,0,0,0,0,0,0,0,0,0,0,0,"harll101","F","F","F","F",0,0,0,0,0,0,0,0,0,0,F,F,"1978BAL.EVA.regular.event.csv",5184
"BAL197809040","BOS",1,1,0,0,0,"",3,0,"harll101","?","harll101","?","ecked001","?","ecked001","?","fiskc001","scotg102","dufff101","hobsb101","burlr001","ricej001","lynnf001","evand002","","","","HR/9","T","F",8,1,23,"T","T",4,"F","F",0,"F","F",1,"F","F",0,"","F","F","9",0,0,"N",0,"N",0,"N",4,0,0,0,"","","","","F","F","F","F","F","F","F","F","F","","","","F","F","F","F","F","","","","",0,0,0,0,0,0,0,0,0,7,"BAL","BAL","BOS",1,"T","F",0,3,0,0,0,"T","F",0,0,"T","T","kellp101","singk001","T","T",0,0,0,0,0,0,0,0,0,"","","",0,0,0,0,0,0,0,0,0,0,0,0,1,"","F","F","F","F",4,0,0,0,1,0,0,0,0,0,F,F,"1978BAL.EVA.regular.event.csv",5185
"BAL197809040","BOS",1,1,0,0,0,"",3,1,"kellp101","?","kellp101","?","ecked001","?","ecked001","?","fiskc001","scotg102","dufff101","hobsb101","burlr001","ricej001","lynnf001","evand002","","","","K/C","F","F",7,2,3,"T","T",0,"F","F",1,"F","F",0,"F","F",0,"","F","F","",0,0,"N",0,"N",0,"N",0,0,0,0,"2","","","","F","F","F","F","F","F","F","F","F","","","","F","F","F","F","F","","","","",0,2,0,0,0,0,0,0,0,8,"BAL","BAL","BOS",1,"F","F",1,3,1,1,1,"T","F",0,0,"T","T","singk001","murre001","T","T",0,0,0,0,0,0,0,0,0,"","","",0,0,0,0,0,0,0,0,0,0,0,0,0,"","F","F","F","F",0,0,0,0,1,0,0,0,0,0,F,F,"1978BAL.EVA.regular.event.csv",5186
"BAL197809040","BOS",1,1,1,0,0,"",3,1,"singk001","?","singk001","?","ecked001","?","ecked001","?","fiskc001","scotg102","dufff101","hobsb101","burlr001","ricej001","lynnf001","evand002","","","","W","F","F",9,3,14,"T","F",0,"F","F",0,"F","F",0,"F","F",0,"","F","F","",0,0,"N",0,"N",0,"N",1,0,0,0,"","","","","F","F","F","F","F","F","F","F","F","","","","F","F","F","F","F","","","","",0,0,0,0,0,0,0,0,0,9,"BAL","BAL","BOS",1,"F","F",1,3,1,2,2,"T","F",0,1,"T","T","murre001","may-l101","T","T",0,0,0,0,0,0,0,0,0,"","","",0,0,0,0,0,0,0,0,0,0,0,0,0,"","F","F","F","F",5,0,0,0,1,0,0,0,0,0,F,F,"1978BAL.EVA.regular.event.csv",5187
"BAL197809040","BOS",1,1,1,0,0,"",3,1,"murre001","?","murre001","?","ecked001","?","ecked001","?","fiskc001","scotg102","dufff101","hobsb101","burlr001","ricej001","lynnf001","evand002","singk001","","","D9.1-3","F","F",3,4,21,"T","T",2,"F","F",0,"F","F",0,"F","F",9,"","F","F","",0,0,"N",0,"N",0,"N",2,3,0,0,"","","","","F","F","F","F","F","F","F","F","F","ecked001","","","F","F","F","F","F","","","","",0,0,0,0,0,0,0,0,0,10,"BAL","BAL","BOS",1,"F","F",1,3,1,3,3,"T","F",1,6,"T","T","may-l101","decid001","T","T",9,3,9,0,0,0,0,0,0,"fiskc001","","",0,0,0,0,0,0,0,0,0,0,0,0,0,"evand002","F","F","F","F",0,5,0,0,1,0,0,0,0,0,F,F,"1978BAL.EVA.regular.event.csv",5188
"BAL197809040","BOS",1,1,1,0,0,"",3,1,"may-l101","?","may-l101","?","ecked001","?","ecked001","?","fiskc001","scotg102","dufff101","hobsb101","burlr001","ricej001","lynnf001","evand002","","murre001","singk001","E9/F.3-H(NR)(UR);B-1","F","F",10,5,18,"T","T",0,"F","F",0,"F","F",0,"F","F",9,"F","F","F","",1,9,"F",0,"N",0,"N",1,0,2,5,"","","","","F","F","F","F","F","F","F","F","F","","ecked001","ecked001","F","F","F","F","F","","","","",0,0,0,0,0,0,0,0,0,11,"BAL","BAL","BOS",1,"F","F",1,3,1,4,4,"T","F",6,3,"T","T","decid001","smitb101","T","T",0,0,0,3,4,10,9,3,9,"","fiskc001","fiskc001",0,0,0,0,0,0,0,0,0,0,0,0,1,"evand002","F","F","F","T",0,0,0,5,0,0,0,0,0,0,F,F,"1978BAL.EVA.regular.event.csv",5189
"BAL197809040","BOS",1,1,1,0,0,"",3,2,"decid001","?","decid001","?","ecked001","?","ecked001","?","fiskc001","scotg102","dufff101","hobsb101","burlr001","ricej001","lynnf001","evand002","may-l101","murre001","","K","F","F",5,6,3,"T","T",0,"F","F",1,"F","F",0,"F","F",0,"","F","F","",0,0,"N",0,"N",0,"N",0,1,2,0,"2","","","","F","F","F","F","F","F","F","F","F","ecked001","ecked001","","F","F","F","F","F","","","","",0,2,0,0,0,0,0,0,0,12,"BAL","BAL","BOS",1,"F","F",2,3,2,5,5,"T","F",3,3,"T","T","smitb101","dempr001","T","T",10,5,11,3,4,10,0,0,0,"fiskc001","fiskc001","",0,0,0,0,0,0,0,0,0,0,0,0,0,"","F","F","F","F",0,0,0,0,0,0,0,0,0,0,F,F,"1978BAL.EVA.regular.event.csv",5190
"BAL197809040","BOS",1,1,2,0,0,"",3,2,"smitb101","?","smitb101","?","ecked001","?","ecked001","?","fiskc001","scotg102","dufff101","hobsb101","burlr001","ricej001","lynnf001","evand002","may-l101","murre001","","43","F","F",4,7,2,"T","T",0,"F","F",1,"F","F",0,"F","F",4,"G","F","F","",0,0,"N",0,"N",0,"N",0,1,2,0,"43","","","","F","F","F","F","F","F","F","F","F","ecked001","ecked001","","F","F","F","F","F","","","","",0,3,0,0,4,0,0,0,0,13,"BAL","BAL","BOS",1,"F","T",2,3,2,6,6,"T","F",3,3,"T","T","dempr001","garck001","T","T",10,5,11,3,4,10,0,0,0,"fiskc001","fiskc001","",0,0,0,0,0,0,0,0,0,0,0,0,0,"dufff101","F","F","F","F",0,0,0,0,0,0,0,0,0,0,F,F,"1978BAL.EVA.regular.event.csv",5191
"BAL197809040","BOS",2,0,0,0,0,"",3,2,"scotg102","?","scotg102","?","mcgrs001","?","mcgrs001","?","dempr001","murre001","smitb101","decid001","garck001","kellp101","harll101","singk001","","","","53","T","F",3,7,2,"T","T",0,"F","F",1,"F","F",0,"F","F",5,"G","F","F","",0,0,"N",0,"N",0,"N",0,0,0,0,"53","","","","F","F","F","F","F","F","F","F","F","","","","F","F","F","F","F","","","","",0,3,0,0,5,0,0,0,0,14,"BAL","BOS","BAL",0,"T","F",3,2,0,6,0,"T","F",0,0,"T","T","hobsb101","dufff101","T","T",0,0,0,0,0,0,0,0,0,"","","",0,0,0,0,0,0,0,0,0,0,0,0,0,"decid001","F","F","F","F",0,0,0,0,0,0,0,0,0,0,F,F,"1978BAL.EVA.regular.event.csv",5192
"BAL197809040","BOS",2,0,1,0,0,"",3,2,"hobsb101","?","hobsb101","?","mcgrs001","?","mcgrs001","?","dempr001","murre001","smitb101","decid001","garck001","kellp101","harll101","singk001","","","","K","F","F",5,8,3,"T","T",0,"F","F",1,"F","F",0,"F","F",0,"","F","F","",0,0,"N",0,"N",0,"N",0,0,0,0,"2","","","","F","F","F","F","F","F","F","F","F","","","","F","F","F","F","F","","","","",0,2,0,0,0,0,0,0,0,15,"BAL","BOS","BAL",0,"F","F",3,2,0,7,1,"T","F",0,0,"T","T","dufff101","burlr001","T","T",0,0,0,0,0,0,0,0,0,"","","",0,0,0,0,0,0,0,0,0,0,0,0,0,"","F","F","F","F",0,0,0,0,0,0,0,0,0,0,F,F,"1978BAL.EVA.regular.event.csv",5193
"BAL197809040","BOS",2,0,2,0,0,"",3,2,"dufff101","?","dufff101","?","mcgrs001","?","mcgrs001","?","dempr001","murre001","smitb101","decid001","garck001","kellp101","harll101","singk001","","","","63","F","F",4,9,2,"T","T",0,"F","F",1,"F","F",0,"F","F",6,"G","F","F","",0,0,"N",0,"N",0,"N",0,0,0,0,"63","","","","F","F","F","F","F","F","F","F","F","","","","F","F","F","F","F","","","","",0,3,0,0,6,0,0,0,0,16,"BAL","BOS","BAL",0,"F","T",3,2,0,8,2,"T","F",0,0,"T","T","burlr001","lynnf001","T","T",0,0,0,0,0,0,0,0,0,"","","",0,0,0,0,0,0,0,0,0,0,0,0,0,"garck001","F","F","F","F",0,0,0,0,0,0,0,0,0,0,F,F,"1978BAL.EVA.regular.event.csv",5194
"BAL197809040","BOS",2,1,0,0,0,"",3,2,"dempr001","?","dempr001","?","ecked001","?","ecked001","?","fiskc001","scotg102","dufff101","hobsb101","burlr001","ricej001","lynnf001","evand002","","","","7","T","F",2,8,2,"T","T",0,"F","F",1,"F","F",0,"F","F",7,"F","F","F","",0,0,"N",0,"N",0,"N",0,0,0,0,"7","","","","F","F","F","F","F","F","F","F","F","","","","F","F","F","F","F","","","","",0,7,0,0,0,0,0,0,0,17,"BAL","BAL","BOS",1,"T","F",2,3,0,7,0,"T","F",0,0,"T","T","garck001","harll101","T","T",0,0,0,0,0,0,0,0,0,"","","",0,0,0,0,0,0,0,0,0,0,0,0,0,"ricej001","F","F","F","F",0,0,0,0,0,0,0,0,0,0,F,F,"1978BAL.EVA.regular.event.csv",5195
"BAL197809040","BOS",2,1,1,0,0,"",3,2,"garck001","?","garck001","?","ecked001","?","ecked001","?","fiskc001","scotg102","dufff101","hobsb101","burlr001","ricej001","lynnf001","evand002","","","","K","F","F",6,9,3,"T","T",0,"F","F",1,"F","F",0,"F","F",0,"","F","F","",0,0,"N",0,"N",0,"N",0,0,0,0,"2","","","","F","F","F","F","F","F","F","F","F","","","","F","F","F","F","F","","","","",0,2,0,0,0,0,0,0,0,18,"BAL","BAL","BOS",1,"F","F",2,3,0,8,1,"T","F",0,0,"T","T","harll101","kellp101","T","T",0,0,0,0,0,0,0,0,0,"","","",0,0,0,0,0,0,0,0,0,0,0,0,0,"","F","F","F","F",0,0,0,0,0,0,0,0,0,0,F,F,"1978BAL.EVA.regular.event.csv",5196
"BAL197809040","BOS",2,1,2,0,0,"",3,2,"harll101","?","harll101","?","ecked001","?","ecked001","?","fiskc001","scotg102","dufff101","hobsb101","burlr001","ricej001","lynnf001","evand002","","","","8","F","F",8,1,2,"T","T",0,"F","F",1,"F","F",0,"F","F",8,"F","F","F","",0,0,"N",0,"N",0,"N",0,0,0,0,"8","","","","F","F","F","F","F","F","F","F","F","","","","F","F","F","F","F","","","","",0,8,0,0,0,0,0,0,0,19,"BAL","BAL","BOS",1,"F","T",2,3,0,9,2,"T","F",0,0,"T","T","kellp101","singk001","T","T",0,0,0,0,0,0,0,0,0,"","","",0,0,0,0,0,0,0,0,0,0,0,0,0,"lynnf001","F","F","F","F",0,0,0,0,0,0,0,0,0,0,F,F,"1978BAL.EVA.regular.event.csv",5197
"BAL197809040","BOS",3,0,0,0,0,"",3,2,"burlr001","?","burlr001","?","mcgrs001","?","mcgrs001","?","dempr001","murre001","smitb101","decid001","garck001","kellp101","harll101","singk001","","","","3/FL","T","F",6,1,2,"T","T",0,"F","F",1,"F","F",0,"F","F",3,"F","F","T","",0,0,"N",0,"N",0,"N",0,0,0,0,"3","","","","F","F","F","F","F","F","F","F","F","","","","F","F","F","F","F","","","","",0,3,0,0,0,0,0,0,0,20,"BAL","BOS","BAL",0,"T","F",3,2,0,9,0,"T","F",0,0,"T","T","lynnf001","ricej001","T","T",0,0,0,0,0,0,0,0,0,"","","",0,0,0,0,0,0,0,0,0,0,0,0,0,"murre001","F","F","F","F",0,0,0,0,0,0,0,0,0,0,F,F,"1978BAL.EVA.regular.event.csv",5198
"BAL197809040","BOS",3,0,1,0,0,"",3,2,"lynnf001","?","lynnf001","?","mcgrs001","?","mcgrs001","?","dempr001","murre001","smitb101","decid001","garck001","kellp101","harll101","singk001","","","","9","F","F",8,2,2,"T","T",0,"F","F",1,"F","F",0,"F","F",9,"F","F","F","",0,0,"N",0,"N",0,"N",0,0,0,0,"9","","","","F","F","F","F","F","F","F","F","F","","","","F","F","F","F","F","","","","",0,9,0,0,0,0,0,0,0,21,"BAL","BOS","BAL",0,"F","F",3,2,0,10,1,"T","F",0,0,"T","T","ricej001","yastc101","T","T",0,0,0,0,0,0,0,0,0,"","","",0,0,0,0,0,0,0,0,0,0,0,0,0,"singk001","F","F","F","F",0,0,0,0,0,0,0,0,0,0,F,F,"1978BAL.EVA.regular.event.csv",5199
"BAL197809040","BOS",3,0,2,0,0,"",3,2,"ricej001","?","ricej001","?","mcgrs001","?","mcgrs001","?","dempr001","murre001","smitb101","decid001","garck001","kellp101","harll101","singk001","","","","63","F","F",7,3,2,"T","T",0,"F","F",1,"F","F",0,"F","F",6,"G","F","F","",0,0,"N",0,"N",0,"N",0,0,0,0,"63","","","","F","F","F","F","F","F","F","F","F","","","","F","F","F","F","F","","","","",0,3,0,0,6,0,0,0,0,22,"BAL","BOS","BAL",0,"F","T",3,2,0,11,2,"T","F",0,0,"T","T","yastc101","fiskc001","T","T",0,0,0,0,0,0,0,0,0,"","","",0,0,0,0,0,0,0,0,0,0,0,0,0,"garck001","F","F","F","F",0,0,0,0,0,0,0,0,0,0,F,F,"1978BAL.EVA.regular.event.csv",5200
"BAL197809040","BOS",3,1,0,0,0,"",3,2,"kellp101","?","kellp101","?","ecked001","?","ecked001","?","fiskc001","scotg102","dufff101","hobsb101","burlr001","ricej001","lynnf001","evand002","","","","K","T","F",7,2,3,"T","T",0,"F","F",1,"F","F",0,"F","F",0,"","F","F","",0,0,"N",0,"N",0,"N",0,0,0,0,"2","","","","F","F","F","F","F","F","F","F","F","","","","F","F","F","F","F","","","","",0,2,0,0,0,0,0,0,0,23,"BAL","BAL","BOS",1,"T","F",2,3,0,10,0,"T","F",0,0,"T","T","singk001","murre001","T","T",0,0,0,0,0,0,0,0,0,"","","",0,0,0,0,0,0,0,0,0,0,0,0,0,"","F","F","F","F",0,0,0,0,0,0,0,0,0,0,F,F,"1978BAL.EVA.regular.event.csv",5201
"BAL197809040","BOS",3,1,1,0,0,"",3,2,"singk001","?","singk001","?","ecked001","?","ecked001","?","fiskc001","scotg102","dufff101","hobsb101","burlr001","ricej001","lynnf001","evand002","","","","3/FL","F","F",9,3,2,"T","T",0,"F","F",1,"F","F",0,"F","F",3,"F","F","T","",0,0,"N",0,"N",0,"N",0,0,0,0,"3","","","","F","F","F","F","F","F","F","F","F","","","","F","F","F","F","F","","","","",0,3,0,0,0,0,0,0,0,24,"BAL","BAL","BOS",1,"F","F",2,3,0,11,1,"T","F",0,0,"T","T","murre001","may-l101","T","T",0,0,0,0,0,0,0,0,0,"","","",0,0,0,0,0,0,0,0,0,0,0,0,0,"scotg102","F","F","F","F",0,0,0,0,0,0,0,0,0,0,F,F,"1978BAL.EVA.regular.event.csv",5202
"BAL197809040","BOS",3,1,2,0,0,"",3,2,"murre001","?","murre001","?","ecked001","?","ecked001","?","fiskc001","scotg102","dufff101","hobsb101","burlr001","ricej001","lynnf001","evand002","","","","43","F","F",3,4,2,"T","T",0,"F","F",1,"F","F",0,"F","F",4,"G","F","F","",0,0,"N",0,"N",0,"N",0,0,0,0,"43","","","","F","F","F","F","F","F","F","F","F","","","","F","F","F","F","F","","","","",0,3,0,0,4,0,0,0,0,25,"BAL","BAL","BOS",1,"F","T",2,3,0,12,2,"T","F",0,0,"T","T","may-l101","decid001","T","T",0,0,0,0,0,0,0,0,0,"","","",0,0,0,0,0,0,0,0,0,0,0,0,0,"dufff101","F","F","F","F",0,0,0,0,0,0,0,0,0,0,F,F,"1978BAL.EVA.regular.event.csv",5203
"BAL197809040","BOS",4,0,0,0,0,"",3,2,"yastc101","?","yastc101","?","mcgrs001","?","mcgrs001","?","dempr001","murre001","smitb101","decid001","garck001","kellp101","harll101","singk001","","","","3/G","T","F",10,4,2,"T","T",0,"F","F",1,"F","F",0,"F","F",3,"G","F","F","",0,0,"N",0,"N",0,"N",0,0,0,0,"3","","","","F","F","F","F","F","F","F","F","F","","","","F","F","F","F","F","","","","",0,3,0,0,0,0,0,0,0,26,"BAL","BOS","BAL",0,"T","F",3,2,0,12,0,"T","F",0,0,"T","T","fiskc001","evand002","T","T",0,0,0,0,0,0,0,0,0,"","","",0,0,0,0,0,0,0,0,0,0,0,0,0,"murre001","F","F","F","F",0,0,0,0,0,0,0,0,0,0,F,F,"1978BAL.EVA.regular.event.csv",5204
"BAL197809040","BOS",4,0,1,0,0,"",3,2,"fiskc001","?","fiskc001","?","mcgrs001","?","mcgrs001","?","dempr001","murre001","smitb101","decid001","garck001","kellp101","harll101","singk001","","","","2/FL","F","F",2,5,2,"T","T",0,"F","F",1,"F","F",0,"F","F",2,"F","F","T","",0,0,"N",0,"N",0,"N",0,0,0,0,"2","","","","F","F","F","F","F","F","F","F","F","","","","F","F","F","F","F","","","","",0,2,0,0,0,0,0,0,0,27,"BAL","BOS","BAL",0,"F","F",3,2,0,13,1,"T","F",0,0,"T","T","evand002","scotg102","T","T",0,0,0,0,0,0,0,0,0,"","","",0,0,0,0,0,0,0,0,0,0,0,0,0,"dempr001","F","F","F","F",0,0,0,0,0,0,0,0,0,0,F,F,"1978BAL.EVA.regular.event.csv",5205
"BAL197809040","BOS",4,0,2,0,0,"",3,2,"evand002","?","evand002","?","mcgrs001","?","mcgrs001","?","dempr001","murre001","smitb101","decid001","garck001","kellp101","harll101","singk001","","","","K/C","F","F",9,6,3,"T","T",0,"F","F",1,"F","F",0,"F","F",0,"","F","F","",0,0,"N",0,"N",0,"N",0,0,0,0,"2","","","","F","F","F","F","F","F","F","F","F","","","","F","F","F","F","F","","","","",0,2,0,0,0,0,0,0,0,28,"BAL","BOS","BAL",0,"F","T",3,2,0,14,2,"T","F",0,0,"T","T","scotg102","hobsb101","T","T",0,0,0,0,0,0,0,0,0,"","","",0,0,0,0,0,0,0,0,0,0,0,0,0,"","F","F","F","F",0,0,0,0,0,0,0,0,0,0,F,F,"1978BAL.EVA.regular.event.csv",5206
"BAL197809040","BOS",4,1,0,0,0,"",3,2,"may-l101","?","may-l101","?","ecked001","?","ecked001","?","fiskc001","scotg102","dufff101","hobsb101","burlr001","ricej001","lynnf001","evand002","","","","S7","T","F",10,5,20,"T","T",1,"F","F",0,"F","F",0,"F","F",7,"","F","F","",0,0,"N",0,"N",0,"N",1,0,0,0,"","","","","F","F","F","F","F","F","F","F","F","","","","F","F","F","F","F","","","","",0,0,0,0,0,0,0,0,0,29,"BAL","BAL","BOS",1,"T","F",2,3,0,13,0,"T","F",0,1,"T","T","decid001","smitb101","T","T",0,0,0,0,0,0,0,0,0,"","","",0,0,0,0,0,0,0,0,0,0,0,0,0,"ricej001","F","F","F","F",0,0,0,0,0,0,0,0,0,0,F,F,"1978BAL.EVA.regular.event.csv",5207
"BAL197809040","BOS",4,1,0,0,0,"",3,2,"decid001","?","decid001","?","ecked001","?","ecked001","?","fiskc001","scotg102","dufff101","hobsb101","burlr001","ricej001","lynnf001","evand002","may-l101","","","K/C","F","F",5,6,3,"T","T",0,"F","F",1,"F","F",0,"F","F",0,"","F","F","",0,0,"N",0,"N",0,"N",0,1,0,0,"2","","","","F","F","F","F","F","F","F","F","F","ecked001","","","F","F","F","F","F","","","","",0,2,0,0,0,0,0,0,0,30,"BAL","BAL","BOS",1,"F","F",2,3,0,14,1,"T","F",1,1,"T","T","smitb101","dempr001","T","T",10,5,29,0,0,0,0,0,0,"fiskc001","","",0,0,0,0,0,0,0,0,0,0,0,0,0,"","F","F","F","F",0,0,0,0,0,0,0,0,0,0,F,F,"1978BAL.EVA.regular.event.csv",5208
"BAL197809040","BOS",4,1,1,0,0,"",3,2,"smitb101","?","smitb101","?","ecked001","?","ecked001","?","fiskc001","scotg102","dufff101","hobsb101","burlr001","ricej001","lynnf001","evand002","may-l101","","","S6.1-2","F","F",4,7,20,"T","T",1,"F","F",0,"F","F",0,"F","F",6,"","F","F","",0,0,"N",0,"N",0,"N",1,2,0,0,"","","","","F","F","F","F","F","F","F","F","F","ecked001","","","F","F","F","F","F","","","","",0,0,0,0,0,0,0,0,0,31,"BAL","BAL","BOS",1,"F","F",2,3,0,15,2,"T","F",1,3,"T","T","dempr001","garck001","T","T",10,5,29,0,0,0,0,0,0,"fiskc001","","",0,0,0,0,0,0,0,0,0,0,0,0,0,"burlr001","F","F","F","F",0,0,0,0,0,0,0,0,0,0,F,F,"1978BAL.EVA.regular.event.csv",5209
"BAL197809040","BOS",4,1,1,0,0,"",3,2,"dempr001","?","dempr001","?","ecked001","?","ecked001","?","fiskc001","scotg102","dufff101","hobsb101","burlr001","ricej001","lynnf001","evand002","smitb101","may-l101","","54(1)3/GDP","F","F",2,8,2,"T","T",0,"F","F",2,"T","F",0,"F","F",5,"G","F","F","",0,0,"N",0,"N",0,"N",0,0,2,0,"43","54","","","F","F","F","F","F","F","F","F","F","ecked001","ecked001","","F","F","F","F","F","","","","",0,4,3,0,5,4,0,0,0,32,"BAL","BAL","BOS",1,"F","T",2,3,0,16,3,"T","F",3,2,"T","T","garck001","harll101","T","T",4,7,31,10,5,29,0,0,0,"fiskc001","fiskc001","",0,0,0,0,0,0,0,0,0,0,0,0,0,"hobsb101","T","F","F","F",0,0,0,0,0,0,0,0,0,0,F,F,"1978BAL.EVA.regular.event.csv",5210
"BAL197809040","BOS",5,0,0,0,0,"",3,2,"scotg102","?","scotg102","?","mcgrs001","?","mcgrs001","?","dempr001","murre001","smitb101","decid001","garck001","kellp101","harll101","singk001","","","","9/9D","T","F",3,7,2,"T","T",0,"F","F",1,"F","F",0,"F","F",9,"F","F","F","9D",0,0,"N",0,"N",0,"N",0,0,0,0,"9","","","","F","F","F","F","F","F","F","F","F","","","","F","F","F","F","F","","","","",0,9,0,0,0,0,0,0,0,33,"BAL","BOS","BAL",0,"T","F",3,2,0,15,0,"T","F",0,0,"T","T","hobsb101","dufff101","T","T",0,0,0,0,0,0,0,0,0,"","","",0,0,0,0,0,0,0,0,0,0,0,0,0,"singk001","F","F","F","F",0,0,0,0,0,0,0,0,0,0,F,F,"1978BAL.EVA.regular.event.csv",5211
"BAL197809040","BOS",5,0,1,0,0,"",3,2,"hobsb101","?","hobsb101","?","mcgrs001","?","mcgrs001","?","dempr001","murre001","smitb101","decid001","garck001","kellp101","harll101","singk001","","","","53","F","F",5,8,2,"T","T",0,"F","F",1,"F","F",0,"F","F",5,"G","F","F","",0,0,"N",0,"N",0,"N",0,0,0,0,"53","","","","F","F","F","F","F","F","F","F","F","","","","F","F","F","F","F","","","","",0,3,0,0,5,0,0,0,0,34,"BAL","BOS","BAL",0,"F","F",3,2,0,16,1,"T","F",0,0,"T","T","dufff101","burlr001","T","T",0,0,0,0,0,0,0,0,0,"","","",0,0,0,0,0,0,0,0,0,0,0,0,0,"decid001","F","F","F","F",0,0,0,0,0,0,0,0,0,0,F,F,"1978BAL.EVA.regular.event.csv",5212
"BAL197809040","BOS",5,0,2,0,0,"",3,2,"dufff101","?","dufff101","?","mcgrs001","?","mcgrs001","?","dempr001","murre001","smitb101","decid001","garck001","kellp101","harll101","singk001","","","","8","F","F",4,9,2,"T","T",0,"F","F",1,"F","F",0,"F","F",8,"F","F","F","",0,0,"N",0,"N",0,"N",0,0,0,0,"8","","","","F","F","F","F","F","F","F","F","F","","","","F","F","F","F","F","","","","",0,8,0,0,0,0,0,0,0,35,"BAL","BOS","BAL",0,"F","T",3,2,0,17,2,"T","F",0,0,"T","T","burlr001","lynnf001","T","T",0,0,0,0,0,0,0,0,0,"","","",0,0,0,0,0,0,0,0,0,0,0,0,0,"harll101","F","F","F","F",0,0,0,0,0,0,0,0,0,0,F,F,"1978BAL.EVA.regular.event.csv",5213
"BAL197809040","BOS",5,1,0,0,0,"",3,2,"garck001","?","garck001","?","ecked001","?","ecked001","?","fiskc001","scotg102","dufff101","hobsb101","burlr001","ricej001","lynnf001","evand002","","","","K","T","F",6,9,3,"T","T",0,"F","F",1,"F","F",0,"F","F",0,"","F","F","",0,0,"N",0,"N",0,"N",0,0,0,0,"2","","","","F","F","F","F","F","F","F","F","F","","","","F","F","F","F","F","","","","",0,2,0,0,0,0,0,0,0,36,"BAL","BAL","BOS",1,"T","F",2,3,0,17,0,"T","F",0,0,"T","T","harll101","kellp101","T","T",0,0,0,0,0,0,0,0,0,"","","",0,0,0,0,0,0,0,0,0,0,0,0,0,"","F","F","F","F",0,0,0,0,0,0,0,0,0,0,F,F,"1978BAL.EVA.regular.event.csv",5214
"BAL197809040","BOS",5,1,1,0,0,"",3,2,"harll101","?","harll101","?","ecked001","?","ecked001","?","fiskc001","scotg102","dufff101","hobsb101","burlr001","ricej001","lynnf001","evand002","","","","43","F","F",8,1,2,"T","T",0,"F","F",1,"F","F",0,"F","F",4,"G","F","F","",0,0,"N",0,"N",0,"N",0,0,0,0,"43","","","","F","F","F","F","F","F","F","F","F","","","","F","F","F","F","F","","","","",0,3,0,0,4,0,0,0,0,37,"BAL","BAL","BOS",1,"F","F",2,3,0,18,1,"T","F",0,0,"T","T","kellp101","singk001","T","T",0,0,0,0,0,0,0,0,0,"","","",0,0,0,0,0,0,0,0,0,0,0,0,0,"dufff101","F","F","F","F",0,0,0,0,0,0,0,0,0,0,F,F,"1978BAL.EVA.regular.event.csv",5215
"BAL197809040","BOS",5,1,2,0,0,"",3,2,"kellp101","?","kellp101","?","ecked001","?","ecked001","?","fiskc001","scotg102","dufff101","hobsb101","burlr001","ricej001","lynnf001","evand002","","","","K","F","F",7,2,3,"T","T",0,"F","F",1,"F","F",0,"F","F",0,"","F","F","",0,0,"N",0,"N",0,"N",0,0,0,0,"2","","","","F","F","F","F","F","F","F","F","F","","","","F","F","F","F","F","","","","",0,2,0,0,0,0,0,0,0,38,"BAL","BAL","BOS",1,"F","T",2,3,0,19,2,"T","F",0,0,"T","T","singk001","murre001","T","T",0,0,0,0,0,0,0,0,0,"","","",0,0,0,0,0,0,0,0,0,0,0,0,0,"","F","F","F","F",0,0,0,0,0,0,0,0,0,0,F,F,"1978BAL.EVA.regular.event.csv",5216
"BAL197809040","BOS",6,0,0,0,0,"",3,2,"burlr001","?","burlr001","?","mcgrs001","?","mcgrs001","?","dempr001","murre001","smitb101","decid001","garck001","kellp101","harll101","singk001","","","","K","T","F",6,1,3,"T","T",0,"F","F",1,"F","F",0,"F","F",0,"","F","F","",0,0,"N",0,"N",0,"N",0,0,0,0,"2","","","","F","F","F","F","F","F","F","F","F","","","","F","F","F","F","F","","","","",0,2,0,0,0,0,0,0,0,39,"BAL","BOS","BAL",0,"T","F",3,2,0,18,0,"T","F",0,0,"T","T","lynnf001","ricej001","T","T",0,0,0,0,0,0,0,0,0,"","","",0,0,0,0,0,0,0,0,0,0,0,0,0,"","F","F","F","F",0,0,0,0,0,0,0,0,0,0,F,F,"1978BAL.EVA.regular.event.csv",5217
"BAL197809040","BOS",6,0,1,0,0,"",3,2,"lynnf001","?","lynnf001","?","mcgrs001","?","mcgrs001","?","dempr001","murre001","smitb101","decid001","garck001","kellp101","harll101","singk001","","","","13","F","F",8,2,2,"T","T",0,"F","F",1,"F","F",0,"F","F",1,"G","F","F","",0,0,"N",0,"N",0,"N",0,0,0,0,"13","","","","F","F","F","F","F","F","F","F","F","","","","F","F","F","F","F","","","","",0,3,0,0,1,0,0,0,0,40,"BAL","BOS","BAL",0,"F","F",3,2,0,19,1,"T","F",0,0,"T","T","ricej001","yastc101","T","T",0,0,0,0,0,0,0,0,0,"","","",0,0,0,0,0,0,0,0,0,0,0,0,0,"mcgrs001","F","F","F","F",0,0,0,0,0,0,0,0,0,0,F,F,"1978BAL.EVA.regular.event.csv",5218
"BAL197809040","BOS",6,0,2,0,0,"",3,2,"ricej001","?","ricej001","?","mcgrs001","?","mcgrs001","?","dempr001","murre001","smitb101","decid001","garck001","kellp101","harll101","singk001","","","","3/G","F","F",7,3,2,"T","T",0,"F","F",1,"F","F",0,"F","F",3,"G","F","F","",0,0,"N",0,"N",0,"N",0,0,0,0,"3","","","","F","F","F","F","F","F","F","F","F","","","","F","F","F","F","F","","","","",0,3,0,0,0,0,0,0,0,41,"BAL","BOS","BAL",0,"F","T",3,2,0,20,2,"T","F",0,0,"T","T","yastc101","fiskc001","T","T",0,0,0,0,0,0,0,0,0,"","","",0,0,0,0,0,0,0,0,0,0,0,0,0,"murre001","F","F","F","F",0,0,0,0,0,0,0,0,0,0,F,F,"1978BAL.EVA.regular.event.csv",5219
"BAL197809040","BOS",6,1,0,0,0,"",3,2,"singk001","?","singk001","?","ecked001","?","ecked001","?","fiskc001","scotg102","dufff101","hobsb101","burlr001","ricej001","lynnf001","evand002","","","","S","T","F",9,3,20,"T","T",1,"F","F",0,"F","F",0,"F","F",0,"","F","F","",0,0,"N",0,"N",0,"N",1,0,0,0,"","","","","F","F","F","F","F","F","F","F","F","","","","F","F","F","F","F","","","","",0,0,0,0,0,0,0,0,0,42,"BAL","BAL","BOS",1,"T","F",2,3,0,20,0,"T","F",0,1,"T","T","murre001","may-l101","T","T",0,0,0,0,0,0,0,0,0,"","","",0,0,0,0,0,0,0,0,0,0,0,0,0,"","F","F","F","F",4,0,0,0,2,0,0,0,0,0,F,F,"1978BAL.EVA.regular.event.csv",5220
"BAL197809040","BOS",6,1,0,0,0,"",3,2,"murre001","?","murre001","?","ecked001","?","ecked001","?","fiskc001","scotg102","dufff101","hobsb101","burlr001","ricej001","lynnf001","evand002","singk001","","","S6.1-2","F","F",3,4,20,"T","T",1,"F","F",0,"F","F",0,"F","F",6,"","F","F","",0,0,"N",0,"N",0,"N",1,2,0,0,"","","","","F","F","F","F","F","F","F","F","F","ecked001","","","F","F","F","F","F","","","","",0,0,0,0,0,0,0,0,0,43,"BAL","BAL","BOS",1,"F","F",2,3,0,21,1,"T","F",1,3,"T","T","may-l101","decid001","T","T",9,3,42,0,0,0,0,0,0,"fiskc001","","",0,0,0,0,0,0,0,0,0,0,0,0,0,"burlr001","F","F","F","F",4,4,0,0,2,0,0,0,0,0,F,F,"1978BAL.EVA.regular.event.csv",5221
"BAL197809040","BOS",6,1,0,0,0,"",3,2,"may-l101","?","may-l101","?","ecked001","?","ecked001","?","fiskc001","scotg102","dufff101","hobsb101","burlr001","ricej001","lynnf001","evand002","murre001","singk001","","D7.2-H;1-H","F","F",10,5,21,"T","T",2,"F","F",0,"F","F",2,"F","F",7,"","F","F","",0,0,"N",0,"N",0,"N",2,4,4,0,"","","","","F","F","F","F","F","F","F","F","F","ecked001","ecked001","","F","F","F","F","F","","","","",0,0,0,0,0,0,0,0,0,44,"BAL","BAL","BOS",1,"F","F",2,3,0,22,2,"T","F",3,2,"T","T","decid001","smitb101","T","T",3,4,43,9,3,42,0,0,0,"fiskc001","fiskc001","",0,0,0,0,0,0,0,0,0,0,0,0,2,"ricej001","F","F","F","F",2,4,4,0,0,0,0,0,0,0,F,F,"1978BAL.EVA.regular.event.csv",5222
"BAL197809040","BOS",6,1,0,0,0,"",3,4,"decid001","?","decid001","?","ecked001","?","ecked001","?","fiskc001","scotg102","dufff101","hobsb101","burlr001","ricej001","lynnf001","evand002","","may-l101","","K/C","F","F",5,6,3,"T","T",0,"F","F",1,"F","F",0,"F","F",0,"","F","F","",0,0,"N",0,"N",0,"N",0,0,2,0,"2","","","","F","F","F","F","F","F","F","F","F","","ecked001","","F","F","F","F","F","","","","",0,2,0,0,0,0,0,0,0,45,"BAL","BAL","BOS",1,"F","F",4,3,2,23,3,"T","F",2,2,"T","T","smitb101","dempr001","T","T",0,0,0,10,5,44,0,0,0,"","fiskc001","",0,0,0,0,0,0,0,0,0,0,0,0,0,"","F","F","F","F",0,0,2,0,0,0,0,0,0,0,F,F,"1978BAL.EVA.regular.event.csv",5223
"BAL197809040","BOS",6,1,1,0,0,"",3,4,"smitb101","?","smitb101","?","ecked001","?","ecked001","?","fiskc001","scotg102","dufff101","hobsb101","burlr001","ricej001","lynnf001","evand002","","may-l101","","IW","F","F",4,7,15,"T","F",0,"F","F",0,"F","F",0,"F","F",0,"","F","F","",0,0,"N",0,"N",0,"N",1,0,2,0,"","","","","F","F","F","F","F","F","F","F","F","","ecked001","","F","F","F","F","F","","","","",0,0,0,0,0,0,0,0,0,46,"BAL","BAL","BOS",1,"F","F",4,3,2,24,4,"T","F",2,3,"T","T","dempr001","garck001","T","T",0,0,0,10,5,44,0,0,0,"","fiskc001","",0,0,0,0,0,0,0,0,0,0,0,0,0,"","F","F","F","F",1,0,2,0,0,0,0,0,0,0,F,F,"1978BAL.EVA.regular.event.csv",5224
"BAL197809040","BOS",6,1,1,0,0,"",3,4,"dempr001","?","dempr001","?","ecked001","?","ecked001","?","fiskc001","scotg102","dufff101","hobsb101","burlr001","ricej001","lynnf001","evand002","smitb101","may-l101","","K","F","F",2,8,3,"T","T",0,"F","F",1,"F","F",0,"F","F",0,"","F","F","",0,0,"N",0,"N",0,"N",0,1,2,0,"2","","","","F","F","F","F","F","F","F","F","F","ecked001","ecked001","","F","F","F","F","F","","","","",0,2,0,0,0,0,0,0,0,47,"BAL","BAL","BOS",1,"F","F",4,3,2,25,5,"T","F",3,3,"T","T","garck001","harll101","T","T",4,7,46,10,5,44,0,0,0,"fiskc001","fiskc001","",0,0,0,0,0,0,0,0,0,0,0,0,0,"","F","F","F","F",0,1,2,0,0,0,0,0,0,0,F,F,"1978BAL.EVA.regular.event.csv",5225
"BAL197809040","BOS",6,1,2,0,0,"",3,4,"bumba001","?","bumba001","?","ecked001","?","ecked001","?","fiskc001","scotg102","dufff101","hobsb101","burlr001","ricej001","lynnf001","evand002","smitb101","may-l101","","1/G","F","T",11,9,2,"T","T",0,"F","F",1,"F","F",0,"F","F",1,"G","F","F","",0,0,"N",0,"N",0,"N",0,1,2,0,"1","","","","F","F","F","F","F","F","F","F","F","ecked001","ecked001","","F","F","F","F","F","","","","garck001",6,1,0,0,0,0,0,0,0,48,"BAL","BAL","BOS",1,"F","T",4,3,2,26,6,"T","F",3,3,"F","F","harll101","kellp101","T","T",4,7,46,10,5,44,0,0,0,"fiskc001","fiskc001","",0,0,0,0,0,0,0,0,0,0,0,0,0,"ecked001","F","F","F","F",0,1,2,0,0,0,0,0,0,0,F,F,"1978BAL.EVA.regular.event.csv",5226
"BAL197809040","BOS",7,0,0,0,0,"",3,4,"yastc101","?","yastc101","?","mcgrs001","?","mcgrs001","?","dempr001","murre001","smitb101","decid001","belam101","kellp101","harll101","singk001","","","","43","T","F",10,4,2,"T","T",0,"F","F",1,"F","F",0,"F","F",4,"G","F","F","",0,0,"N",0,"N",0,"N",0,0,0,0,"43","","","","F","F","F","F","F","F","F","F","F","","","","F","F","F","F","F","","","","",0,3,0,0,4,0,0,0,0,49,"BAL","BOS","BAL",0,"T","F",3,4,0,21,0,"T","F",0,0,"T","T","fiskc001","evand002","T","T",0,0,0,0,0,0,0,0,0,"","","",0,0,0,0,0,0,0,0,0,0,0,0,0,"smitb101","F","F","F","F",0,0,0,0,0,0,0,0,0,0,F,F,"1978BAL.EVA.regular.event.csv",5227
"BAL197809040","BOS",7,0,1,0,0,"",3,4,"fiskc001","?","fiskc001","?","mcgrs001","?","mcgrs001","?","dempr001","murre001","smitb101","decid001","belam101","kellp101","harll101","singk001","","","","43","F","F",2,5,2,"T","T",0,"F","F",1,"F","F",0,"F","F",4,"G","F","F","",0,0,"N",0,"N",0,"N",0,0,0,0,"43","","","","F","F","F","F","F","F","F","F","F","","","","F","F","F","F","F","","","","",0,3,0,0,4,0,0,0,0,50,"BAL","BOS","BAL",0,"F","F",3,4,0,22,1,"T","F",0,0,"T","T","evand002","scotg102","T","T",0,0,0,0,0,0,0,0,0,"","","",0,0,0,0,0,0,0,0,0,0,0,0,0,"smitb101","F","F","F","F",0,0,0,0,0,0,0,0,0,0,F,F,"1978BAL.EVA.regular.event.csv",5228
"BAL197809040","BOS",7,0,2,0,0,"",3,4,"evand002","?","evand002","?","mcgrs001","?","mcgrs001","?","dempr001","murre001","smitb101","decid001","belam101","kellp101","harll101","singk001","","","","K","F","F",9,6,3,"T","T",0,"F","F",1,"F","F",0,"F","F",0,"","F","F","",0,0,"N",0,"N",0,"N",0,0,0,0,"2","","","","F","F","F","F","F","F","F","F","F","","","","F","F","F","F","F","","","","",0,2,0,0,0,0,0,0,0,51,"BAL","BOS","BAL",0,"F","T",3,4,0,23,2,"T","F",0,0,"T","T","scotg102","hobsb101","T","T",0,0,0,0,0,0,0,0,0,"","","",0,0,0,0,0,0,0,0,0,0,0,0,0,"","F","F","F","F",0,0,0,0,0,0,0,0,0,0,F,F,"1978BAL.EVA.regular.event.csv",5229
"BAL197809040","BOS",7,1,0,0,0,"",3,4,"harll101","?","harll101","?","ecked001","?","ecked001","?","fiskc001","scotg102","dufff101","hobsb101","burlr001","ricej001","lynnf001","evand002","","","","S9.B-2(E9)","T","F",8,1,20,"T","T",1,"F","F",0,"F","F",0,"F","F",9,"","F","F","",1,9,"F",0,"N",0,"N",2,0,0,0,"","","","","F","F","F","F","F","F","F","F","F","","","","F","F","F","F","F","","","","",0,0,0,0,0,0,0,0,0,52,"BAL","BAL","BOS",1,"T","F",4,3,0,27,0,"T","F",0,2,"T","T","kellp101","singk001","T","T",0,0,0,0,0,0,0,0,0,"","","",0,0,0,0,0,0,0,0,0,0,0,0,0,"evand002","F","F","F","F",0,0,0,0,1,0,0,0,0,0,F,F,"1978BAL.EVA.regular.event.csv",5230
"BAL197809040","BOS",7,1,0,0,0,"",3,4,"kellp101","?","kellp101","?","ecked001","?","ecked001","?","fiskc001","scotg102","dufff101","hobsb101","burlr001","ricej001","lynnf001","evand002","","harll101","","S9.2XH(92);B-2(THH)","F","F",7,2,20,"T","T",1,"F","F",1,"F","F",0,"F","F",9,"","F","F","",0,0,"N",0,"N",0,"N",2,0,0,0,"","","92","","F","F","F","F","F","F","F","F","F","","ecked001","","F","F","F","F","F","","","","",0,2,0,0,9,0,0,0,0,53,"BAL","BAL","BOS",1,"F","F",4,3,0,28,1,"T","F",2,2,"T","T","singk001","murre001","T","T",0,0,0,8,1,52,0,0,0,"","fiskc001","",0,0,0,0,0,0,0,0,0,0,0,0,0,"evand002","F","F","F","F",4,0,0,0,1,0,0,0,0,0,F,F,"1978BAL.EVA.regular.event.csv",5231
"BAL197809040","BOS",7,1,1,0,0,"",3,4,"singk001","?","singk001","?","hassa001","?","hassa001","?","fiskc001","scotg102","dufff101","hobsb101","burlr001","ricej001","lynnf001","evand002","","kellp101","","63.2-3","F","F",9,3,2,"T","T",0,"F","F",1,"F","F",0,"F","F",6,"G","F","F","",0,0,"N",0,"N",0,"N",0,0,3,0,"63","","","","F","F","F","F","F","F","F","F","F","","ecked001","","F","F","F","F","F","","","","",0,3,0,0,6,0,0,0,0,54,"BAL","BAL","BOS",1,"F","F",4,3,0,29,2,"T","F",2,4,"T","T","murre001","may-l101","F","F",0,0,0,7,2,53,0,0,0,"","fiskc001","",0,0,0,0,0,0,0,0,0,0,0,0,0,"burlr001","F","F","F","F",0,0,4,0,1,0,0,0,0,0,F,F,"1978BAL.EVA.regular.event.csv",5232
"BAL197809040","BOS",7,1,2,0,0,"",3,4,"murre001","?","murre001","?","hassa001","?","hassa001","?","fiskc001","scotg102","dufff101","hobsb101","burlr001","ricej001","lynnf001","evand002","","","kellp101","S8.3-H","F","F",3,4,20,"T","T",1,"F","F",0,"F","F",1,"F","F",8,"","F","F","",0,0,"N",0,"N",0,"N",1,0,0,4,"","","","","F","F","F","F","F","F","F","F","F","","","ecked001","F","F","F","F","F","","","","",0,0,0,0,0,0,0,0,0,55,"BAL","BAL","BOS",1,"F","F",4,3,0,30,3,"T","F",4,1,"T","T","may-l101","decid001","F","F",0,0,0,0,0,0,7,2,53,"","","fiskc001",0,0,0,0,0,0,0,0,0,0,0,0,1,"lynnf001","F","F","F","F",1,0,0,4,0,0,0,0,0,0,F,F,"1978BAL.EVA.regular.event.csv",5233
"BAL197809040","BOS",7,1,2,0,0,"",3,5,"may-l101","?","may-l101","?","hassa001","?","hassa001","?","fiskc001","scotg102","dufff101","hobsb101","burlr001","ricej001","lynnf001","evand002","murre001","","","7","F","F",10,5,2,"T","T",0,"F","F",1,"F","F",0,"F","F",7,"F","F","F","",0,0,"N",0,"N",0,"N",0,1,0,0,"7","","","","F","F","F","F","F","F","F","F","F","hassa001","","","F","F","F","F","F","","","","",0,7,0,0,0,0,0,0,0,56,"BAL","BAL","BOS",1,"F","T",5,3,1,31,4,"T","F",1,1,"T","T","decid001","smitb101","F","F",3,4,55,0,0,0,0,0,0,"fiskc001","","",0,0,0,0,0,0,0,0,0,0,0,0,0,"ricej001","F","F","F","F",0,1,0,0,0,0,0,0,0,0,F,F,"1978BAL.EVA.regular.event.csv",5234
"BAL197809040","BOS",8,0,0,0,0,"",3,5,"scotg102","?","scotg102","?","mcgrs001","?","mcgrs001","?","dempr001","murre001","smitb101","decid001","belam101","kellp101","harll101","lopec101","","","","8","T","F",3,7,2,"T","T",0,"F","F",1,"F","F",0,"F","F",8,"F","F","F","",0,0,"N",0,"N",0,"N",0,0,0,0,"8","","","","F","F","F","F","F","F","F","F","F","","","","F","F","F","F","F","","","","",0,8,0,0,0,0,0,0,0,57,"BAL","BOS","BAL",0,"T","F",3,5,0,24,0,"T","F",0,0,"T","T","hobsb101","dufff101","T","T",0,0,0,0,0,0,0,0,0,"","","",0,0,0,0,0,0,0,0,0,0,0,0,0,"harll101","F","F","F","F",0,0,0,0,0,0,0,0,0,0,F,F,"1978BAL.EVA.regular.event.csv",5235
"BAL197809040","BOS",8,0,1,0,0,"",3,5,"hobsb101","?","hobsb101","?","mcgrs001","?","mcgrs001","?","dempr001","murre001","smitb101","decid001","belam101","kellp101","harll101","lopec101","","","","9/FL","F","F",5,8,2,"T","T",0,"F","F",1,"F","F",0,"F","F",9,"F","F","T","",0,0,"N",0,"N",0,"N",0,0,0,0,"9","","","","F","F","F","F","F","F","F","F","F","","","","F","F","F","F","F","","","","",0,9,0,0,0,0,0,0,0,58,"BAL","BOS","BAL",0,"F","F",3,5,0,25,1,"T","F",0,0,"T","T","dufff101","burlr001","T","T",0,0,0,0,0,0,0,0,0,"","","",0,0,0,0,0,0,0,0,0,0,0,0,0,"lopec101","F","F","F","F",0,0,0,0,0,0,0,0,0,0,F,F,"1978BAL.EVA.regular.event.csv",5236
"BAL197809040","BOS",8,0,2,0,0,"",3,5,"dufff101","?","dufff101","?","mcgrs001","?","mcgrs001","?","dempr001","murre001","smitb101","decid001","belam101","kellp101","harll101","lopec101","","","","S8","F","F",4,9,20,"T","T",1,"F","F",0,"F","F",0,"F","F",8,"","F","F","",0,0,"N",0,"N",0,"N",1,0,0,0,"","","","","F","F","F","F","F","F","F","F","F","","","","F","F","F","F","F","","","","",0,0,0,0,0,0,0,0,0,59,"BAL","BOS","BAL",0,"F","F",3,5,0,26,2,"T","F",0,1,"T","T","burlr001","lynnf001","T","T",0,0,0,0,0,0,0,0,0,"","","",0,0,0,0,0,0,0,0,0,0,0,0,0,"harll101","F","F","F","F",0,0,0,0,0,0,0,0,0,0,F,F,"1978BAL.EVA.regular.event.csv",5237
"BAL197809040","BOS",8,0,2,0,0,"",3,5,"burlr001","?","burlr001","?","mcgrs001","?","mcgrs001","?","dempr001","murre001","smitb101","decid001","belam101","kellp101","harll101","lopec101","dufff101","","","5/L","F","F",6,1,2,"T","T",0,"F","F",1,"F","F",0,"F","F",5,"L","F","F","",0,0,"N",0,"N",0,"N",0,1,0,0,"5","","","","F","F","F","F","F","F","F","F","F","mcgrs001","","","F","F","F","F","F","","","","",0,5,0,0,0,0,0,0,0,60,"BAL","BOS","BAL",0,"F","T",3,5,0,27,3,"T","F",1,1,"T","T","lynnf001","ricej001","T","T",4,9,59,0,0,0,0,0,0,"dempr001","","",0,0,0,0,0,0,0,0,0,0,0,0,0,"decid001","F","F","F","F",0,0,0,0,0,0,0,0,0,0,F,F,"1978BAL.EVA.regular.event.csv",5238
"BAL197809040","BOS",8,1,0,0,0,"",3,5,"decid001","?","decid001","?","hassa001","?","hassa001","?","fiskc001","scotg102","dufff101","hobsb101","burlr001","ricej001","lynnf001","evand002","","","","K","T","F",5,6,3,"T","T",0,"F","F",1,"F","F",0,"F","F",0,"","F","F","",0,0,"N",0,"N",0,"N",0,0,0,0,"2","","","","F","F","F","F","F","F","F","F","F","","","","F","F","F","F","F","","","","",0,2,0,0,0,0,0,0,0,61,"BAL","BAL","BOS",1,"T","F",5,3,0,32,0,"T","F",0,0,"T","T","smitb101","dempr001","F","F",0,0,0,0,0,0,0,0,0,"","","",0,0,0,0,0,0,0,0,0,0,0,0,0,"","F","F","F","F",0,0,0,0,0,0,0,0,0,0,F,F,"1978BAL.EVA.regular.event.csv",5239
"BAL197809040","BOS",8,1,1,0,0,"",3,5,"smitb101","?","smitb101","?","hassa001","?","hassa001","?","fiskc001","scotg102","dufff101","hobsb101","burlr001","ricej001","lynnf001","evand002","","","","S6","F","F",4,7,20,"T","T",1,"F","F",0,"F","F",0,"F","F",6,"","F","F","",0,0,"N",0,"N",0,"N",1,0,0,0,"","","","","F","F","F","F","F","F","F","F","F","","","","F","F","F","F","F","","","","",0,0,0,0,0,0,0,0,0,62,"BAL","BAL","BOS",1,"F","F",5,3,0,33,1,"T","F",0,1,"T","T","dempr001","belam101","F","F",0,0,0,0,0,0,0,0,0,"","","",0,0,0,0,0,0,0,0,0,0,0,0,0,"burlr001","F","F","F","F",3,0,0,0,0,0,0,0,0,0,F,F,"1978BAL.EVA.regular.event.csv",5240
"BAL197809040","BOS",8,1,1,0,0,"",3,5,"dempr001","?","dempr001","?","hassa001","?","hassa001","?","fiskc001","scotg102","dufff101","hobsb101","burlr001","ricej001","lynnf001","evand002","smitb101","","","53.1-2","F","F",2,8,2,"T","T",0,"F","F",1,"F","F",0,"F","F",5,"G","F","F","",0,0,"N",0,"N",0,"N",0,2,0,0,"53","","","","F","F","F","F","F","F","F","F","F","hassa001","","","F","F","F","F","F","","","","",0,3,0,0,5,0,0,0,0,63,"BAL","BAL","BOS",1,"F","F",5,3,0,34,2,"T","F",1,2,"T","T","belam101","harll101","F","F",4,7,62,0,0,0,0,0,0,"fiskc001","","",0,0,0,0,0,0,0,0,0,0,0,0,0,"hobsb101","F","F","F","F",0,3,0,0,0,0,0,0,0,0,F,F,"1978BAL.EVA.regular.event.csv",5241
"BAL197809040","BOS",8,1,2,0,0,"",3,5,"belam101","?","belam101","?","hassa001","?","hassa001","?","fiskc001","scotg102","dufff101","hobsb101","burlr001","ricej001","lynnf001","evand002","","smitb101","","IW","F","F",6,9,15,"T","F",0,"F","F",0,"F","F",0,"F","F",0,"","F","F","",0,0,"N",0,"N",0,"N",1,0,2,0,"","","","","F","F","F","F","F","F","F","F","F","","hassa001","","F","F","F","F","F","","","","",0,0,0,0,0,0,0,0,0,64,"BAL","BAL","BOS",1,"F","F",5,3,0,35,3,"T","F",2,3,"F","F","harll101","kellp101","F","F",0,0,0,4,7,62,0,0,0,"","fiskc001","",0,0,0,0,0,0,0,0,0,0,0,0,0,"","F","F","F","F",2,0,3,0,0,0,0,0,0,0,F,F,"1978BAL.EVA.regular.event.csv",5242
"BAL197809040","BOS",8,1,2,0,0,"",3,5,"harll101","?","harll101","?","hassa001","?","hassa001","?","fiskc001","scotg102","dufff101","hobsb101","burlr001","ricej001","lynnf001","evand002","belam101","smitb101","","S5.2-3;1-2#","F","F",8,1,20,"T","T",1,"F","F",0,"F","F",0,"F","F",5,"","F","F","",0,0,"N",0,"N",0,"N",1,2,3,0,"","","","","F","F","F","F","F","F","F","F","F","hassa001","hassa001","","F","F","F","F","F","","","","",0,0,0,0,0,0,0,0,0,65,"BAL","BAL","BOS",1,"F","F",5,3,0,36,4,"T","F",3,7,"T","T","kellp101","lopec101","F","F",6,9,64,4,7,62,0,0,0,"fiskc001","fiskc001","",0,0,0,0,0,0,0,0,0,0,0,0,0,"hobsb101","F","F","F","F",1,2,3,0,0,0,0,0,0,0,F,T,"1978BAL.EVA.regular.event.csv",5243
"BAL197809040","BOS",8,1,2,0,0,"",3,5,"crowt101","?","crowt101","?","dragd101","?","dragd101","?","fiskc001","scotg102","dufff101","hobsb101","burlr001","ricej001","lynnf001","evand002","harll101","belam101","smitb101","41","F","T",11,2,2,"T","T",0,"F","F",1,"F","F",0,"F","F",4,"G","F","F","",0,0,"N",0,"N",0,"N",0,1,2,3,"41","","","","F","F","F","F","F","F","F","F","F","hassa001","hassa001","hassa001","F","F","F","F","F","","","","moraa101",11,1,0,0,4,0,0,0,0,66,"BAL","BAL","BOS",1,"F","T",5,3,0,37,5,"T","F",7,7,"F","F","lopec101","murre001","F","F",8,1,65,6,9,64,4,7,62,"fiskc001","fiskc001","fiskc001",0,0,0,0,0,0,0,0,0,0,0,0,0,"dufff101","F","F","F","F",0,1,2,3,0,0,0,0,0,0,F,F,"1978BAL.EVA.regular.event.csv",5244
"BAL197809040","BOS",9,0,0,0,0,"",3,5,"lynnf001","?","lynnf001","?","mcgrs001","?","mcgrs001","?","dempr001","murre001","smitb101","decid001","belam101","andem101","harll101","lopec101","","","","9","T","F",8,2,2,"T","T",0,"F","F",1,"F","F",0,"F","F",9,"F","F","F","",0,0,"N",0,"N",0,"N",0,0,0,0,"9","","","","F","F","F","F","F","F","F","F","F","","","","F","F","F","F","F","","","","",0,9,0,0,0,0,0,0,0,67,"BAL","BOS","BAL",0,"T","F",3,5,0,28,0,"T","F",0,0,"T","T","ricej001","yastc101","T","T",0,0,0,0,0,0,0,0,0,"","","",0,0,0,0,0,0,0,0,0,0,0,0,0,"lopec101","F","F","F","F",0,0,0,0,0,0,0,0,0,0,F,F,"1978BAL.EVA.regular.event.csv",5245
"BAL197809040","BOS",9,0,1,0,0,"",3,5,"ricej001","?","ricej001","?","mcgrs001","?","mcgrs001","?","dempr001","murre001","smitb101","decid001","belam101","andem101","harll101","lopec101","","","","63","F","F",7,3,2,"T","T",0,"F","F",1,"F","F",0,"F","F",6,"G","F","F","",0,0,"N",0,"N",0,"N",0,0,0,0,"63","","","","F","F","F","F","F","F","F","F","F","","","","F","F","F","F","F","","","","",0,3,0,0,6,0,0,0,0,68,"BAL","BOS","BAL",0,"F","F",3,5,0,29,1,"T","F",0,0,"T","T","yastc101","fiskc001","T","T",0,0,0,0,0,0,0,0,0,"","","",0,0,0,0,0,0,0,0,0,0,0,0,0,"belam101","F","F","F","F",0,0,0,0,0,0,0,0,0,0,F,F,"1978BAL.EVA.regular.event.csv",5246
"BAL197809040","BOS",9,0,2,0,0,"",3,5,"yastc101","?","yastc101","?","mcgrs001","?","mcgrs001","?","dempr001","murre001","smitb101","decid001","belam101","andem101","harll101","lopec101","","","","S8","F","F",10,4,20,"T","T",1,"F","F",0,"F","F",0,"F","F",8,"","F","F","",0,0,"N",0,"N",0,"N",1,0,0,0,"","","","","F","F","F","F","F","F","F","F","F","","","","F","F","F","F","F","","","","",0,0,0,0,0,0,0,0,0,69,"BAL","BOS","BAL",0,"F","F",3,5,0,30,2,"T","F",0,1,"T","T","fiskc001","evand002","T","T",0,0,0,0,0,0,0,0,0,"","","",0,0,0,0,0,0,0,0,0,0,0,0,0,"harll101","F","F","F","F",2,0,0,0,0,0,0,0,0,0,F,F,"1978BAL.EVA.regular.event.csv",5247
"BAL197809040","BOS",9,0,2,0,0,"",3,5,"fiskc001","?","fiskc001","?","mcgrs001","?","mcgrs001","?","dempr001","murre001","smitb101","decid001","belam101","andem101","harll101","lopec101","yastc101","","","S.1-2","F","F",2,5,20,"T","T",1,"F","F",0,"F","F",0,"F","F",0,"","F","F","",0,0,"N",0,"N",0,"N",1,2,0,0,"","","","","F","F","F","F","F","F","F","F","F","mcgrs001","","","F","F","F","F","F","","","","",0,0,0,0,0,0,0,0,0,70,"BAL","BOS","BAL",0,"F","F",3,5,0,31,3,"T","F",1,3,"T","T","evand002","scotg102","T","T",10,4,69,0,0,0,0,0,0,"dempr001","","",0,0,0,0,0,0,0,0,0,0,0,0,0,"","F","F","F","F",0,2,0,0,0,0,0,0,0,0,F,F,"1978BAL.EVA.regular.event.csv",5248
"BAL197809040","BOS",9,0,2,0,0,"",3,5,"evand002","?","evand002","?","stand101","?","stand101","?","dempr001","murre001","smitb101","decid001","belam101","andem101","harll101","lopec101","fiskc001","yastc101","","PO1(13)","F","F",9,6,8,"F","F",0,"F","F",1,"F","F",0,"F","F",0,"","F","F","",0,0,"N",0,"N",0,"N",0,0,2,0,"","13","","","F","F","F","F","F","F","T","F","F","mcgrs001","mcgrs001","","F","T","F","F","F","","","","",0,3,0,0,1,0,0,0,0,71,"BAL","BOS","BAL",0,"F","T",3,5,0,32,4,"T","T",3,2,"T","T","scotg102","hobsb101","F","F",2,5,70,10,4,69,0,0,0,"dempr001","dempr001","",0,0,0,0,0,0,0,0,0,0,0,0,0,"","F","F","F","F",0,0,2,0,0,0,0,0,0,0,F,F,"1978BAL.EVA.regular.event.csv",5249
"BAL197809050","BOS",1,0,0,0,0,"",0,0,"burlr001","?","burlr001","?","palmj001","?","palmj001","?","dempr001","murre001","dauer001","decid001","garck001","moraa101","lopec101","singk001","","","","9","T","F",6,1,2,"T","T",0,"F","F",1,"F","F",0,"F","F",9,"F","F","F","",0,0,"N",0,"N",0,"N",0,0,0,0,"9","","","","F","F","F","F","F","F","F","F","F","","","","T","F","F","F","F","","","","",0,9,0,0,0,0,0,0,0,1,"BAL","BOS","BAL",0,"T","F",0,0,0,0,0,"T","F",0,0,"T","T","lynnf001","ricej001","T","T",0,0,0,0,0,0,0,0,0,"","","",0,0,0,0,0,0,0,0,0,0,0,0,0,"singk001","F","F","F","F",0,0,0,0,0,0,0,0,0,0,F,F,"1978BAL.EVA.regular.event.csv",5250
"BAL197809050","BOS",1,0,1,0,0,"",0,0,"lynnf001","?","lynnf001","?","palmj001","?","palmj001","?","dempr001","murre001","dauer001","decid001","garck001","moraa101","lopec101","singk001","","","","S9","F","F",8,2,20,"T","T",1,"F","F",0,"F","F",0,"F","F",9,"","F","F","",0,0,"N",0,"N",0,"N",1,0,0,0,"","","","","F","F","F","F","F","F","F","F","F","","","","F","F","F","F","F","","","","",0,0,0,0,0,0,0,0,0,2,"BAL","BOS","BAL",0,"F","F",0,0,0,1,1,"T","F",0,1,"T","T","ricej001","yastc101","T","T",0,0,0,0,0,0,0,0,0,"","","",0,0,0,0,0,0,0,0,0,0,0,0,0,"singk001","F","F","F","F",0,0,0,0,0,0,0,0,0,0,F,F,"1978BAL.EVA.regular.event.csv",5251
"BAL197809050","BOS",1,0,1,0,0,"",0,0,"ricej001","?","ricej001","?","palmj001","?","palmj001","?","dempr001","murre001","dauer001","decid001","garck001","moraa101","lopec101","singk001","lynnf001","","","K","F","F",7,3,3,"T","T",0,"F","F",1,"F","F",0,"F","F",0,"","F","F","",0,0,"N",0,"N",0,"N",0,1,0,0,"2","","","","F","F","F","F","F","F","F","F","F","palmj001","","","F","F","F","F","F","","","","",0,2,0,0,0,0,0,0,0,3,"BAL","BOS","BAL",0,"F","F",0,0,0,2,2,"T","F",1,1,"T","T","yastc101","fiskc001","T","T",8,2,2,0,0,0,0,0,0,"dempr001","","",0,0,0,0,0,0,0,0,0,0,0,0,0,"","F","F","F","F",0,0,0,0,0,0,0,0,0,0,F,F,"1978BAL.EVA.regular.event.csv",5252
"BAL197809050","BOS",1,0,2,0,0,"",0,0,"yastc101","?","yastc101","?","palmj001","?","palmj001","?","dempr001","murre001","dauer001","decid001","garck001","moraa101","lopec101","singk001","lynnf001","","","3","F","F",10,4,2,"T","T",0,"F","F",1,"F","F",0,"F","F",3,"F","F","F","",0,0,"N",0,"N",0,"N",0,1,0,0,"3","","","","F","F","F","F","F","F","F","F","F","palmj001","","","F","F","F","F","F","","","","",0,3,0,0,0,0,0,0,0,4,"BAL","BOS","BAL",0,"F","T",0,0,0,3,3,"T","F",1,1,"T","T","fiskc001","brohj101","T","T",8,2,2,0,0,0,0,0,0,"dempr001","","",0,0,0,0,0,0,0,0,0,0,0,0,0,"murre001","F","F","F","F",0,0,0,0,0,0,0,0,0,0,F,F,"1978BAL.EVA.regular.event.csv",5253
"BAL197809050","BOS",1,1,0,0,0,"",0,0,"garck001","?","garck001","?","sprob101","?","sprob101","?","fiskc001","scotg102","brohj101","hobsb101","burlr001","ricej001","lynnf001","evand002","","","","S7","T","F",6,1,20,"T","T",1,"F","F",0,"F","F",0,"F","F",7,"","F","F","",0,0,"N",0,"N",0,"N",1,0,0,0,"","","","","F","F","F","F","F","F","F","F","F","","","","F","F","F","F","F","","","","",0,0,0,0,0,0,0,0,0,5,"BAL","BAL","BOS",1,"T","F",0,0,0,0,0,"T","F",0,1,"T","T","dauer001","singk001","T","T",0,0,0,0,0,0,0,0,0,"","","",0,0,0,0,0,0,0,0,0,0,0,0,0,"ricej001","F","F","F","F",0,0,0,0,0,0,0,0,0,0,F,F,"1978BAL.EVA.regular.event.csv",5254
"BAL197809050","BOS",1,1,0,0,0,"",0,0,"dauer001","?","dauer001","?","sprob101","?","sprob101","?","fiskc001","scotg102","brohj101","hobsb101","burlr001","ricej001","lynnf001","evand002","garck001","","","SB2","F","F",4,2,4,"F","F",0,"F","F",0,"F","F",0,"F","F",0,"","F","F","",0,0,"N",0,"N",0,"N",0,2,0,0,"","","","","T","F","F","F","F","F","F","F","F","sprob101","","","F","F","F","F","F","","","","",0,0,0,0,0,0,0,0,0,6,"BAL","BAL","BOS",1,"F","F",0,0,0,1,1,"T","F",1,2,"T","T","singk001","murre001","T","T",6,1,5,0,0,0,0,0,0,"fiskc001","","",0,0,0,0,0,0,0,0,0,0,0,0,0,"","F","F","F","F",0,0,0,0,0,0,0,0,0,0,F,F,"1978BAL.EVA.regular.event.csv",5255
"BAL197809050","BOS",1,1,0,0,0,"",0,0,"dauer001","?","dauer001","?","sprob101","?","sprob101","?","fiskc001","scotg102","brohj101","hobsb101","burlr001","ricej001","lynnf001","evand002","","garck001","","4","F","F",4,2,2,"T","T",0,"F","F",1,"F","F",0,"F","F",4,"F","F","F","",0,0,"N",0,"N",0,"N",0,0,2,0,"4","","","","F","F","F","F","F","F","F","F","F","","sprob101","","F","F","F","F","F","","","","",0,4,0,0,0,0,0,0,0,7,"BAL","BAL","BOS",1,"F","F",0,0,0,1,1,"F","F",2,2,"T","T","singk001","murre001","T","T",0,0,0,6,1,5,0,0,0,"","fiskc001","",0,0,0,0,0,0,0,0,0,0,0,0,0,"brohj101","F","F","F","F",0,0,0,0,0,0,0,0,0,0,F,F,"1978BAL.EVA.regular.event.csv",5256
"BAL197809050","BOS",1,1,1,0,0,"",0,0,"singk001","?","singk001","?","sprob101","?","sprob101","?","fiskc001","scotg102","brohj101","hobsb101","burlr001","ricej001","lynnf001","evand002","","garck001","","43.2-3","F","F",9,3,2,"T","T",0,"F","F",1,"F","F",0,"F","F",4,"G","F","F","",0,0,"N",0,"N",0,"N",0,0,3,0,"43","","","","F","F","F","F","F","F","F","F","F","","sprob101","","F","F","F","F","F","","","","",0,3,0,0,4,0,0,0,0,8,"BAL","BAL","BOS",1,"F","F",0,0,0,2,2,"T","F",2,4,"T","T","murre001","decid001","T","T",0,0,0,6,1,5,0,0,0,"","fiskc001","",0,0,0,0,0,0,0,0,0,0,0,0,0,"brohj101","F","F","F","F",0,0,0,0,0,0,0,0,0,0,F,F,"1978BAL.EVA.regular.event.csv",5257
"BAL197809050","BOS",1,1,2,0,0,"",0,0,"murre001","?","murre001","?","sprob101","?","sprob101","?","fiskc001","scotg102","brohj101","hobsb101","burlr001","ricej001","lynnf001","evand002","","","garck001","63","F","F",3,4,2,"T","T",0,"F","F",1,"F","F",0,"F","F",6,"G","F","F","",0,0,"N",0,"N",0,"N",0,0,0,3,"63","","","","F","F","F","F","F","F","F","F","F","","","sprob101","F","F","F","F","F","","","","",0,3,0,0,6,0,0,0,0,9,"BAL","BAL","BOS",1,"F","T",0,0,0,3,3,"T","F",4,4,"T","T","decid001","may-l101","T","T",0,0,0,0,0,0,6,1,5,"","","fiskc001",0,0,0,0,0,0,0,0,0,0,0,0,0,"burlr001","F","F","F","F",0,0,0,0,0,0,0,0,0,0,F,F,"1978BAL.EVA.regular.event.csv",5258
"BAL197809050","BOS",2,0,0,0,0,"",0,0,"fiskc001","?","fiskc001","?","palmj001","?","palmj001","?","dempr001","murre001","dauer001","decid001","garck001","moraa101","lopec101","singk001","","","","S7","T","F",2,5,20,"T","T",1,"F","F",0,"F","F",0,"F","F",7,"","F","F","",0,0,"N",0,"N",0,"N",1,0,0,0,"","","","","F","F","F","F","F","F","F","F","F","","","","F","F","F","F","F","","","","",0,0,0,0,0,0,0,0,0,10,"BAL","BOS","BAL",0,"T","F",0,0,0,4,0,"T","F",0,1,"T","T","brohj101","evand002","T","T",0,0,0,0,0,0,0,0,0,"","","",0,0,0,0,0,0,0,0,0,0,0,0,0,"moraa101","F","F","F","F",4,0,0,0,1,0,0,0,0,0,F,F,"1978BAL.EVA.regular.event.csv",5259
"BAL197809050","BOS",2,0,0,0,0,"",0,0,"brohj101","?","brohj101","?","palmj001","?","palmj001","?","dempr001","murre001","dauer001","decid001","garck001","moraa101","lopec101","singk001","fiskc001","","","7","F","F",4,6,2,"T","T",0,"F","F",1,"F","F",0,"F","F",7,"F","F","F","",0,0,"N",0,"N",0,"N",0,1,0,0,"7","","","","F","F","F","F","F","F","F","F","F","palmj001","","","F","F","F","F","F","","","","",0,7,0,0,0,0,0,0,0,11,"BAL","BOS","BAL",0,"F","F",0,0,0,5,1,"T","F",1,1,"T","T","evand002","scotg102","T","T",2,5,10,0,0,0,0,0,0,"dempr001","","",0,0,0,0,0,0,0,0,0,0,0,0,0,"moraa101","F","F","F","F",0,4,0,0,1,0,0,0,0,0,F,F,"1978BAL.EVA.regular.event.csv",5260
"BAL197809050","BOS",2,0,1,0,0,"",0,0,"evand002","?","evand002","?","palmj001","?","palmj001","?","dempr001","murre001","dauer001","decid001","garck001","moraa101","lopec101","singk001","fiskc001","","","D9.1-H;B-3(THH)","F","F",9,7,21,"T","T",2,"F","F",0,"F","F",1,"F","F",9,"","F","F","",0,0,"N",0,"N",0,"N",3,4,0,0,"","","","","F","F","F","F","F","F","F","F","F","palmj001","","","F","F","F","F","F","","","","",0,0,0,0,0,0,0,0,0,12,"BAL","BOS","BAL",0,"F","F",0,0,0,6,2,"T","F",1,4,"T","T","scotg102","hobsb101","T","T",2,5,10,0,0,0,0,0,0,"dempr001","","",0,0,0,0,0,0,0,0,0,0,0,0,1,"singk001","F","F","F","F",0,4,0,0,0,0,0,0,0,0,F,F,"1978BAL.EVA.regular.event.csv",5261
"BAL197809050","BOS",2,0,1,0,0,"",1,0,"scotg102","?","scotg102","?","palmj001","?","palmj001","?","dempr001","murre001","dauer001","decid001","garck001","moraa101","lopec101","singk001","","","evand002","3/L","F","F",3,8,2,"T","T",0,"F","F",1,"F","F",0,"F","F",3,"L","F","F","",0,0,"N",0,"N",0,"N",0,0,0,3,"3","","","","F","F","F","F","F","F","F","F","F","","","palmj001","F","F","F","F","F","","","","",0,3,0,0,0,0,0,0,0,13,"BAL","BOS","BAL",0,"F","F",1,0,1,7,3,"T","F",4,4,"T","T","hobsb101","burlr001","T","T",0,0,0,0,0,0,9,7,12,"","","dempr001",0,0,0,0,0,0,0,0,0,0,0,0,0,"murre001","F","F","F","F",0,0,0,0,0,0,0,0,0,0,F,F,"1978BAL.EVA.regular.event.csv",5262
"BAL197809050","BOS",2,0,2,0,0,"",1,0,"hobsb101","?","hobsb101","?","palmj001","?","palmj001","?","dempr001","murre001","dauer001","decid001","garck001","moraa101","lopec101","singk001","","","evand002","53","F","F",5,9,2,"T","T",0,"F","F",1,"F","F",0,"F","F",5,"G","F","F","",0,0,"N",0,"N",0,"N",0,0,0,3,"53","","","","F","F","F","F","F","F","F","F","F","","","palmj001","F","F","F","F","F","","","","",0,3,0,0,5,0,0,0,0,14,"BAL","BOS","BAL",0,"F","T",1,0,1,8,4,"T","F",4,4,"T","T","burlr001","lynnf001","T","T",0,0,0,0,0,0,9,7,12,"","","dempr001",0,0,0,0,0,0,0,0,0,0,0,0,0,"decid001","F","F","F","F",0,0,0,0,0,0,0,0,0,0,F,F,"1978BAL.EVA.regular.event.csv",5263
"BAL197809050","BOS",2,1,0,0,0,"",1,0,"decid001","?","decid001","?","sprob101","?","sprob101","?","fiskc001","scotg102","brohj101","hobsb101","burlr001","ricej001","lynnf001","evand002","","","","K","T","F",5,5,3,"T","T",0,"F","F",1,"F","F",0,"F","F",0,"","F","F","",0,0,"N",0,"N",0,"N",0,0,0,0,"2","","","","F","F","F","F","F","F","F","F","F","","","","F","F","F","F","F","","","","",0,2,0,0,0,0,0,0,0,15,"BAL","BAL","BOS",1,"T","F",0,1,0,4,0,"T","F",0,0,"T","T","may-l101","moraa101","T","T",0,0,0,0,0,0,0,0,0,"","","",0,0,0,0,0,0,0,0,0,0,0,0,0,"","F","F","F","F",0,0,0,0,0,0,0,0,0,0,F,F,"1978BAL.EVA.regular.event.csv",5264
"BAL197809050","BOS",2,1,1,0,0,"",1,0,"may-l101","?","may-l101","?","sprob101","?","sprob101","?","fiskc001","scotg102","brohj101","hobsb101","burlr001","ricej001","lynnf001","evand002","","","","W","F","F",10,6,14,"T","F",0,"F","F",0,"F","F",0,"F","F",0,"","F","F","",0,0,"N",0,"N",0,"N",1,0,0,0,"","","","","F","F","F","F","F","F","F","F","F","","","","F","F","F","F","F","","","","",0,0,0,0,0,0,0,0,0,16,"BAL","BAL","BOS",1,"F","F",0,1,0,5,1,"T","F",0,1,"T","T","moraa101","dempr001","T","T",0,0,0,0,0,0,0,0,0,"","","",0,0,0,0,0,0,0,0,0,0,0,0,0,"","F","F","F","F",0,0,0,0,0,0,0,0,0,0,F,F,"1978BAL.EVA.regular.event.csv",5265
"BAL197809050","BOS",2,1,1,0,0,"",1,0,"moraa101","?","moraa101","?","sprob101","?","sprob101","?","fiskc001","scotg102","brohj101","hobsb101","burlr001","ricej001","lynnf001","evand002","may-l101","","","K","F","F",7,7,3,"T","T",0,"F","F",1,"F","F",0,"F","F",0,"","F","F","",0,0,"N",0,"N",0,"N",0,1,0,0,"2","","","","F","F","F","F","F","F","F","F","F","sprob101","","","F","F","F","F","F","","","","",0,2,0,0,0,0,0,0,0,17,"BAL","BAL","BOS",1,"F","F",0,1,0,6,2,"T","F",1,1,"T","T","dempr001","lopec101","T","T",10,6,16,0,0,0,0,0,0,"fiskc001","","",0,0,0,0,0,0,0,0,0,0,0,0,0,"","F","F","F","F",0,0,0,0,0,0,0,0,0,0,F,F,"1978BAL.EVA.regular.event.csv",5266
"BAL197809050","BOS",2,1,2,0,0,"",1,0,"dempr001","?","dempr001","?","sprob101","?","sprob101","?","fiskc001","scotg102","brohj101","hobsb101","burlr001","ricej001","lynnf001","evand002","may-l101","","","4","F","F",2,8,2,"T","T",0,"F","F",1,"F","F",0,"F","F",4,"F","F","F","",0,0,"N",0,"N",0,"N",0,1,0,0,"4","","","","F","F","F","F","F","F","F","F","F","sprob101","","","F","F","F","F","F","","","","",0,4,0,0,0,0,0,0,0,18,"BAL","BAL","BOS",1,"F","T",0,1,0,7,3,"T","F",1,1,"T","T","lopec101","garck001","T","T",10,6,16,0,0,0,0,0,0,"fiskc001","","",0,0,0,0,0,0,0,0,0,0,0,0,0,"brohj101","F","F","F","F",0,0,0,0,0,0,0,0,0,0,F,F,"1978BAL.EVA.regular.event.csv",5267
"BAL197809050","BOS",3,0,0,0,0,"",1,0,"burlr001","?","burlr001","?","palmj001","?","palmj001","?","dempr001","murre001","dauer001","decid001","garck001","moraa101","lopec101","singk001","","","","S8","T","F",6,1,20,"T","T",1,"F","F",0,"F","F",0,"F","F",8,"","F","F","",0,0,"N",0,"N",0,"N",1,0,0,0,"","","","","F","F","F","F","F","F","F","F","F","","","","F","F","F","F","F","","","","",0,0,0,0,0,0,0,0,0,19,"BAL","BOS","BAL",0,"T","F",1,0,0,9,0,"T","F",0,1,"T","T","lynnf001","ricej001","T","T",0,0,0,0,0,0,0,0,0,"","","",0,0,0,0,0,0,0,0,0,0,0,0,0,"lopec101","F","F","F","F",0,0,0,0,0,0,0,0,0,0,F,F,"1978BAL.EVA.regular.event.csv",5268
"BAL197809050","BOS",3,0,0,0,0,"",1,0,"lynnf001","?","lynnf001","?","palmj001","?","palmj001","?","dempr001","murre001","dauer001","decid001","garck001","moraa101","lopec101","singk001","burlr001","","","8","F","F",8,2,2,"T","T",0,"F","F",1,"F","F",0,"F","F",8,"F","F","F","",0,0,"N",0,"N",0,"N",0,1,0,0,"8","","","","F","F","F","F","F","F","F","F","F","palmj001","","","F","F","F","F","F","","","","",0,8,0,0,0,0,0,0,0,20,"BAL","BOS","BAL",0,"F","F",1,0,0,10,1,"T","F",1,1,"T","T","ricej001","yastc101","T","T",6,1,19,0,0,0,0,0,0,"dempr001","","",0,0,0,0,0,0,0,0,0,0,0,0,0,"lopec101","F","F","F","F",0,0,0,0,0,0,0,0,0,0,F,F,"1978BAL.EVA.regular.event.csv",5269
"BAL197809050","BOS",3,0,1,0,0,"",1,0,"ricej001","?","ricej001","?","palmj001","?","palmj001","?","dempr001","murre001","dauer001","decid001","garck001","moraa101","lopec101","singk001","burlr001","","","K+CS2(24)/DP","F","F",7,3,3,"T","T",0,"F","F",2,"T","F",0,"F","F",0,"","F","F","",0,0,"N",0,"N",0,"N",0,0,0,0,"2","24","","","F","F","F","T","F","F","F","F","F","palmj001","","","F","F","F","F","F","","","","",0,2,4,0,2,0,0,0,0,21,"BAL","BOS","BAL",0,"F","T",1,0,0,11,2,"T","F",1,0,"T","T","yastc101","fiskc001","T","T",6,1,19,0,0,0,0,0,0,"dempr001","","",0,0,0,0,0,0,0,0,0,0,0,0,0,"","F","F","F","F",0,0,0,0,0,0,0,0,0,0,F,F,"1978BAL.EVA.regular.event.csv",5270
"BAL197809050","BOS",3,1,0,0,0,"",1,0,"lopec101","?","lopec101","?","sprob101","?","sprob101","?","fiskc001","scotg102","brohj101","hobsb101","burlr001","ricej001","lynnf001","evand002","","","","K","T","F",8,9,3,"T","T",0,"F","F",1,"F","F",0,"F","F",0,"","F","F","",0,0,"N",0,"N",0,"N",0,0,0,0,"2","","","","F","F","F","F","F","F","F","F","F","","","","F","F","F","F","F","","","","",0,2,0,0,0,0,0,0,0,22,"BAL","BAL","BOS",1,"T","F",0,1,0,8,0,"T","F",0,0,"T","T","garck001","dauer001","T","T",0,0,0,0,0,0,0,0,0,"","","",0,0,0,0,0,0,0,0,0,0,0,0,0,"","F","F","F","F",0,0,0,0,0,0,0,0,0,0,F,F,"1978BAL.EVA.regular.event.csv",5271
"BAL197809050","BOS",3,1,1,0,0,"",1,0,"garck001","?","garck001","?","sprob101","?","sprob101","?","fiskc001","scotg102","brohj101","hobsb101","burlr001","ricej001","lynnf001","evand002","","","","9","F","F",6,1,2,"T","T",0,"F","F",1,"F","F",0,"F","F",9,"F","F","F","",0,0,"N",0,"N",0,"N",0,0,0,0,"9","","","","F","F","F","F","F","F","F","F","F","","","","F","F","F","F","F","","","","",0,9,0,0,0,0,0,0,0,23,"BAL","BAL","BOS",1,"F","F",0,1,0,9,1,"T","F",0,0,"T","T","dauer001","singk001","T","T",0,0,0,0,0,0,0,0,0,"","","",0,0,0,0,0,0,0,0,0,0,0,0,0,"evand002","F","F","F","F",0,0,0,0,0,0,0,0,0,0,F,F,"1978BAL.EVA.regular.event.csv",5272
"BAL197809050","BOS",3,1,2,0,0,"",1,0,"dauer001","?","dauer001","?","sprob101","?","sprob101","?","fiskc001","scotg102","brohj101","hobsb101","burlr001","ricej001","lynnf001","evand002","","","","63","F","F",4,2,2,"T","T",0,"F","F",1,"F","F",0,"F","F",6,"G","F","F","",0,0,"N",0,"N",0,"N",0,0,0,0,"63","","","","F","F","F","F","F","F","F","F","F","","","","F","F","F","F","F","","","","",0,3,0,0,6,0,0,0,0,24,"BAL","BAL","BOS",1,"F","T",0,1,0,10,2,"T","F",0,0,"T","T","singk001","murre001","T","T",0,0,0,0,0,0,0,0,0,"","","",0,0,0,0,0,0,0,0,0,0,0,0,0,"burlr001","F","F","F","F",0,0,0,0,0,0,0,0,0,0,F,F,"1978BAL.EVA.regular.event.csv",5273
"BAL197809050","BOS",4,0,0,0,0,"",1,0,"yastc101","?","yastc101","?","palmj001","?","palmj001","?","dempr001","murre001","dauer001","decid001","garck001","moraa101","lopec101","singk001","","","","3/FL","T","F",10,4,2,"T","T",0,"F","F",1,"F","F",0,"F","F",3,"F","F","T","",0,0,"N",0,"N",0,"N",0,0,0,0,"3","","","","F","F","F","F","F","F","F","F","F","","","","F","F","F","F","F","","","","",0,3,0,0,0,0,0,0,0,25,"BAL","BOS","BAL",0,"T","F",1,0,0,12,0,"T","F",0,0,"T","T","fiskc001","brohj101","T","T",0,0,0,0,0,0,0,0,0,"","","",0,0,0,0,0,0,0,0,0,0,0,0,0,"murre001","F","F","F","F",0,0,0,0,0,0,0,0,0,0,F,F,"1978BAL.EVA.regular.event.csv",5274
"BAL197809050","BOS",4,0,1,0,0,"",1,0,"fiskc001","?","fiskc001","?","palmj001","?","palmj001","?","dempr001","murre001","dauer001","decid001","garck001","moraa101","lopec101","singk001","","","","53","F","F",2,5,2,"T","T",0,"F","F",1,"F","F",0,"F","F",5,"G","F","F","",0,0,"N",0,"N",0,"N",0,0,0,0,"53","","","","F","F","F","F","F","F","F","F","F","","","","F","F","F","F","F","","","","",0,3,0,0,5,0,0,0,0,26,"BAL","BOS","BAL",0,"F","F",1,0,0,13,1,"T","F",0,0,"T","T","brohj101","evand002","T","T",0,0,0,0,0,0,0,0,0,"","","",0,0,0,0,0,0,0,0,0,0,0,0,0,"decid001","F","F","F","F",0,0,0,0,0,0,0,0,0,0,F,F,"1978BAL.EVA.regular.event.csv",5275
"BAL197809050","BOS",4,0,2,0,0,"",1,0,"brohj101","?","brohj101","?","palmj001","?","palmj001","?","dempr001","murre001","dauer001","decid001","garck001","moraa101","lopec101","singk001","","","","3/G","F","F",4,6,2,"T","T",0,"F","F",1,"F","F",0,"F","F",3,"G","F","F","",0,0,"N",0,"N",0,"N",0,0,0,0,"3","","","","F","F","F","F","F","F","F","F","F","","","","F","F","F","F","F","","","","",0,3,0,0,0,0,0,0,0,27,"BAL","BOS","BAL",0,"F","T",1,0,0,14,2,"T","F",0,0,"T","T","evand002","scotg102","T","T",0,0,0,0,0,0,0,0,0,"","","",0,0,0,0,0,0,0,0,0,0,0,0,0,"murre001","F","F","F","F",0,0,0,0,0,0,0,0,0,0,F,F,"1978BAL.EVA.regular.event.csv",5276
"BAL197809050","BOS",4,1,0,0,0,"",1,0,"singk001","?","singk001","?","sprob101","?","sprob101","?","fiskc001","scotg102","brohj101","hobsb101","burlr001","ricej001","lynnf001","evand002","","","","63","T","F",9,3,2,"T","T",0,"F","F",1,"F","F",0,"F","F",6,"G","F","F","",0,0,"N",0,"N",0,"N",0,0,0,0,"63","","","","F","F","F","F","F","F","F","F","F","","","","F","F","F","F","F","","","","",0,3,0,0,6,0,0,0,0,28,"BAL","BAL","BOS",1,"T","F",0,1,0,11,0,"T","F",0,0,"T","T","murre001","decid001","T","T",0,0,0,0,0,0,0,0,0,"","","",0,0,0,0,0,0,0,0,0,0,0,0,0,"burlr001","F","F","F","F",0,0,0,0,0,0,0,0,0,0,F,F,"1978BAL.EVA.regular.event.csv",5277
"BAL197809050","BOS",4,1,1,0,0,"",1,0,"murre001","?","murre001","?","sprob101","?","sprob101","?","fiskc001","scotg102","brohj101","hobsb101","burlr001","ricej001","lynnf001","evand002","","","","E5.B-1","F","F",3,4,18,"T","T",0,"F","F",0,"F","F",0,"F","F",5,"G","F","F","",1,5,"F",0,"N",0,"N",1,0,0,0,"","","","","F","F","F","F","F","F","F","F","F","","","","F","F","F","F","F","","","","",0,0,0,0,0,0,0,0,0,29,"BAL","BAL","BOS",1,"F","F",0,1,0,12,1,"T","F",0,1,"T","T","decid001","may-l101","T","T",0,0,0,0,0,0,0,0,0,"","","",0,0,0,0,0,0,0,0,0,0,0,0,0,"hobsb101","F","F","F","T",0,0,0,0,0,0,0,0,0,0,F,F,"1978BAL.EVA.regular.event.csv",5278
"BAL197809050","BOS",4,1,1,0,0,"",1,0,"decid001","?","decid001","?","sprob101","?","sprob101","?","fiskc001","scotg102","brohj101","hobsb101","burlr001","ricej001","lynnf001","evand002","murre001","","","S4.1-2","F","F",5,5,20,"T","T",1,"F","F",0,"F","F",0,"F","F",4,"","F","F","",0,0,"N",0,"N",0,"N",1,2,0,0,"","","","","F","F","F","F","F","F","F","F","F","sprob101","","","F","F","F","F","F","","","","",0,0,0,0,0,0,0,0,0,30,"BAL","BAL","BOS",1,"F","F",0,1,0,13,2,"T","F",1,3,"T","T","may-l101","moraa101","T","T",3,4,29,0,0,0,0,0,0,"fiskc001","","",0,0,0,0,0,0,0,0,0,0,0,0,0,"brohj101","F","F","F","F",0,0,0,0,0,0,0,0,0,0,F,F,"1978BAL.EVA.regular.event.csv",5279
"BAL197809050","BOS",4,1,1,0,0,"",1,0,"may-l101","?","may-l101","?","sprob101","?","sprob101","?","fiskc001","scotg102","brohj101","hobsb101","burlr001","ricej001","lynnf001","evand002","decid001","murre001","","9","F","F",10,6,2,"T","T",0,"F","F",1,"F","F",0,"F","F",9,"F","F","F","",0,0,"N",0,"N",0,"N",0,1,2,0,"9","","","","F","F","F","F","F","F","F","F","F","sprob101","sprob101","","F","F","F","F","F","","","","",0,9,0,0,0,0,0,0,0,31,"BAL","BAL","BOS",1,"F","F",0,1,0,14,3,"T","F",3,3,"T","T","moraa101","dempr001","T","T",5,5,30,3,4,29,0,0,0,"fiskc001","fiskc001","",0,0,0,0,0,0,0,0,0,0,0,0,0,"evand002","F","F","F","F",0,0,0,0,0,0,0,0,0,0,F,F,"1978BAL.EVA.regular.event.csv",5280
"BAL197809050","BOS",4,1,2,0,0,"",1,0,"moraa101","?","moraa101","?","sprob101","?","sprob101","?","fiskc001","scotg102","brohj101","hobsb101","burlr001","ricej001","lynnf001","evand002","decid001","murre001","","K","F","F",7,7,3,"T","T",0,"F","F",1,"F","F",0,"F","F",0,"","F","F","",0,0,"N",0,"N",0,"N",0,1,2,0,"2","","","","F","F","F","F","F","F","F","F","F","sprob101","sprob101","","F","F","F","F","F","","","","",0,2,0,0,0,0,0,0,0,32,"BAL","BAL","BOS",1,"F","T",0,1,0,15,4,"T","F",3,3,"T","T","dempr001","lopec101","T","T",5,5,30,3,4,29,0,0,0,"fiskc001","fiskc001","",0,0,0,0,0,0,0,0,0,0,0,0,0,"","F","F","F","F",0,0,0,0,0,0,0,0,0,0,F,F,"1978BAL.EVA.regular.event.csv",5281
"BAL197809050","BOS",5,0,0,0,0,"",1,0,"evand002","?","evand002","?","palmj001","?","palmj001","?","dempr001","murre001","dauer001","decid001","garck001","moraa101","lopec101","singk001","","","","9","T","F",9,7,2,"T","T",0,"F","F",1,"F","F",0,"F","F",9,"F","F","F","",0,0,"N",0,"N",0,"N",0,0,0,0,"9","","","","F","F","F","F","F","F","F","F","F","","","","F","F","F","F","F","","","","",0,9,0,0,0,0,0,0,0,33,"BAL","BOS","BAL",0,"T","F",1,0,0,15,0,"T","F",0,0,"T","T","scotg102","hobsb101","T","T",0,0,0,0,0,0,0,0,0,"","","",0,0,0,0,0,0,0,0,0,0,0,0,0,"singk001","F","F","F","F",0,0,0,0,0,0,0,0,0,0,F,F,"1978BAL.EVA.regular.event.csv",5282
"BAL197809050","BOS",5,0,1,0,0,"",1,0,"scotg102","?","scotg102","?","palmj001","?","palmj001","?","dempr001","murre001","dauer001","decid001","garck001","moraa101","lopec101","singk001","","","","9","F","F",3,8,2,"T","T",0,"F","F",1,"F","F",0,"F","F",9,"F","F","F","",0,0,"N",0,"N",0,"N",0,0,0,0,"9","","","","F","F","F","F","F","F","F","F","F","","","","F","F","F","F","F","","","","",0,9,0,0,0,0,0,0,0,34,"BAL","BOS","BAL",0,"F","F",1,0,0,16,1,"T","F",0,0,"T","T","hobsb101","burlr001","T","T",0,0,0,0,0,0,0,0,0,"","","",0,0,0,0,0,0,0,0,0,0,0,0,0,"singk001","F","F","F","F",0,0,0,0,0,0,0,0,0,0,F,F,"1978BAL.EVA.regular.event.csv",5283
"BAL197809050","BOS",5,0,2,0,0,"",1,0,"hobsb101","?","hobsb101","?","palmj001","?","palmj001","?","dempr001","murre001","dauer001","decid001","garck001","moraa101","lopec101","singk001","","","","63","F","F",5,9,2,"T","T",0,"F","F",1,"F","F",0,"F","F",6,"G","F","F","",0,0,"N",0,"N",0,"N",0,0,0,0,"63","","","","F","F","F","F","F","F","F","F","F","","","","F","F","F","F","F","","","","",0,3,0,0,6,0,0,0,0,35,"BAL","BOS","BAL",0,"F","T",1,0,0,17,2,"T","F",0,0,"T","T","burlr001","lynnf001","T","T",0,0,0,0,0,0,0,0,0,"","","",0,0,0,0,0,0,0,0,0,0,0,0,0,"garck001","F","F","F","F",0,0,0,0,0,0,0,0,0,0,F,F,"1978BAL.EVA.regular.event.csv",5284
"BAL197809050","BOS",5,1,0,0,0,"",1,0,"dempr001","?","dempr001","?","sprob101","?","sprob101","?","fiskc001","scotg102","brohj101","hobsb101","burlr001","ricej001","lynnf001","evand002","","","","5","T","F",2,8,2,"T","T",0,"F","F",1,"F","F",0,"F","F",5,"F","F","F","",0,0,"N",0,"N",0,"N",0,0,0,0,"5","","","","F","F","F","F","F","F","F","F","F","","","","F","F","F","F","F","","","","",0,5,0,0,0,0,0,0,0,36,"BAL","BAL","BOS",1,"T","F",0,1,0,16,0,"T","F",0,0,"T","T","lopec101","garck001","T","T",0,0,0,0,0,0,0,0,0,"","","",0,0,0,0,0,0,0,0,0,0,0,0,0,"hobsb101","F","F","F","F",0,0,0,0,0,0,0,0,0,0,F,F,"1978BAL.EVA.regular.event.csv",5285
"BAL197809050","BOS",5,1,1,0,0,"",1,0,"lopec101","?","lopec101","?","sprob101","?","sprob101","?","fiskc001","scotg102","brohj101","hobsb101","burlr001","ricej001","lynnf001","evand002","","","","3","F","F",8,9,2,"T","T",0,"F","F",1,"F","F",0,"F","F",3,"F","F","F","",0,0,"N",0,"N",0,"N",0,0,0,0,"3","","","","F","F","F","F","F","F","F","F","F","","","","F","F","F","F","F","","","","",0,3,0,0,0,0,0,0,0,37,"BAL","BAL","BOS",1,"F","F",0,1,0,17,1,"T","F",0,0,"T","T","garck001","dauer001","T","T",0,0,0,0,0,0,0,0,0,"","","",0,0,0,0,0,0,0,0,0,0,0,0,0,"scotg102","F","F","F","F",0,0,0,0,0,0,0,0,0,0,F,F,"1978BAL.EVA.regular.event.csv",5286
"BAL197809050","BOS",5,1,2,0,0,"",1,0,"garck001","?","garck001","?","sprob101","?","sprob101","?","fiskc001","scotg102","brohj101","hobsb101","burlr001","ricej001","lynnf001","evand002","","","","63","F","F",6,1,2,"T","T",0,"F","F",1,"F","F",0,"F","F",6,"G","F","F","",0,0,"N",0,"N",0,"N",0,0,0,0,"63","","","","F","F","F","F","F","F","F","F","F","","","","F","F","F","F","F","","","","",0,3,0,0,6,0,0,0,0,38,"BAL","BAL","BOS",1,"F","T",0,1,0,18,2,"T","F",0,0,"T","T","dauer001","singk001","T","T",0,0,0,0,0,0,0,0,0,"","","",0,0,0,0,0,0,0,0,0,0,0,0,0,"burlr001","F","F","F","F",0,0,0,0,0,0,0,0,0,0,F,F,"1978BAL.EVA.regular.event.csv",5287
"BAL197809050","BOS",6,0,0,0,0,"",1,0,"burlr001","?","burlr001","?","palmj001","?","palmj001","?","dempr001","murre001","dauer001","decid001","garck001","moraa101","lopec101","singk001","","","","7","T","F",6,1,2,"T","T",0,"F","F",1,"F","F",0,"F","F",7,"F","F","F","",0,0,"N",0,"N",0,"N",0,0,0,0,"7","","","","F","F","F","F","F","F","F","F","F","","","","F","F","F","F","F","","","","",0,7,0,0,0,0,0,0,0,39,"BAL","BOS","BAL",0,"T","F",1,0,0,18,0,"T","F",0,0,"T","T","lynnf001","ricej001","T","T",0,0,0,0,0,0,0,0,0,"","","",0,0,0,0,0,0,0,0,0,0,0,0,0,"moraa101","F","F","F","F",0,0,0,0,0,0,0,0,0,0,F,F,"1978BAL.EVA.regular.event.csv",5288
"BAL197809050","BOS",6,0,1,0,0,"",1,0,"lynnf001","?","lynnf001","?","palmj001","?","palmj001","?","dempr001","murre001","dauer001","decid001","garck001","moraa101","lopec101","singk001","","","","9","F","F",8,2,2,"T","T",0,"F","F",1,"F","F",0,"F","F",9,"F","F","F","",0,0,"N",0,"N",0,"N",0,0,0,0,"9","","","","F","F","F","F","F","F","F","F","F","","","","F","F","F","F","F","","","","",0,9,0,0,0,0,0,0,0,40,"BAL","BOS","BAL",0,"F","F",1,0,0,19,1,"T","F",0,0,"T","T","ricej001","yastc101","T","T",0,0,0,0,0,0,0,0,0,"","","",0,0,0,0,0,0,0,0,0,0,0,0,0,"singk001","F","F","F","F",0,0,0,0,0,0,0,0,0,0,F,F,"1978BAL.EVA.regular.event.csv",5289
"BAL197809050","BOS",6,0,2,0,0,"",1,0,"ricej001","?","ricej001","?","palmj001","?","palmj001","?","dempr001","murre001","dauer001","decid001","garck001","moraa101","lopec101","singk001","","","","W","F","F",7,3,14,"T","F",0,"F","F",0,"F","F",0,"F","F",0,"","F","F","",0,0,"N",0,"N",0,"N",1,0,0,0,"","","","","F","F","F","F","F","F","F","F","F","","","","F","F","F","F","F","","","","",0,0,0,0,0,0,0,0,0,41,"BAL","BOS","BAL",0,"F","F",1,0,0,20,2,"T","F",0,1,"T","T","yastc101","fiskc001","T","T",0,0,0,0,0,0,0,0,0,"","","",0,0,0,0,0,0,0,0,0,0,0,0,0,"","F","F","F","F",0,0,0,0,0,0,0,0,0,0,F,F,"1978BAL.EVA.regular.event.csv",5290
"BAL197809050","BOS",6,0,2,0,0,"",1,0,"yastc101","?","yastc101","?","palmj001","?","palmj001","?","dempr001","murre001","dauer001","decid001","garck001","moraa101","lopec101","singk001","ricej001","","","64(1)/FO","F","F",10,4,2,"T","T",0,"F","F",1,"F","F",0,"F","F",6,"G","F","F","",0,0,"N",0,"N",0,"N",1,0,0,0,"","64","","","F","F","F","F","F","F","F","F","F","palmj001","","","F","F","F","F","F","","","","",0,4,0,0,6,0,0,0,0,42,"BAL","BOS","BAL",0,"F","T",1,0,0,21,3,"T","F",1,1,"T","T","fiskc001","brohj101","T","T",7,3,41,0,0,0,0,0,0,"dempr001","","",0,0,0,0,0,0,0,0,0,0,0,0,0,"garck001","T","F","F","F",0,0,0,0,0,0,0,0,0,0,F,F,"1978BAL.EVA.regular.event.csv",5291
"BAL197809050","BOS",6,1,0,0,0,"",1,0,"dauer001","?","dauer001","?","sprob101","?","sprob101","?","fiskc001","scotg102","brohj101","hobsb101","burlr001","ricej001","lynnf001","evand002","","","","W","T","F",4,2,14,"T","F",0,"F","F",0,"F","F",0,"F","F",0,"","F","F","",0,0,"N",0,"N",0,"N",1,0,0,0,"","","","","F","F","F","F","F","F","F","F","F","","","","F","F","F","F","F","","","","",0,0,0,0,0,0,0,0,0,43,"BAL","BAL","BOS",1,"T","F",0,1,0,19,0,"T","F",0,1,"T","T","singk001","murre001","T","T",0,0,0,0,0,0,0,0,0,"","","",0,0,0,0,0,0,0,0,0,0,0,0,0,"","F","F","F","F",0,0,0,0,0,0,0,0,0,0,F,F,"1978BAL.EVA.regular.event.csv",5292
"BAL197809050","BOS",6,1,0,0,0,"",1,0,"singk001","?","singk001","?","sprob101","?","sprob101","?","fiskc001","scotg102","brohj101","hobsb101","burlr001","ricej001","lynnf001","evand002","dauer001","","","6/L.1-3(E6/TH1)","F","F",9,3,2,"T","T",0,"F","F",1,"F","F",0,"F","F",6,"L","F","F","",1,6,"T",0,"N",0,"N",0,3,0,0,"6","","","","F","F","F","F","F","F","F","F","F","sprob101","","","F","F","F","F","F","","","","",0,6,0,0,0,0,0,0,0,44,"BAL","BAL","BOS",1,"F","F",0,1,0,20,1,"T","F",1,4,"T","T","murre001","decid001","T","T",4,2,43,0,0,0,0,0,0,"fiskc001","","",0,0,0,0,0,0,0,0,0,0,0,0,0,"burlr001","F","F","F","F",0,0,0,0,0,0,0,0,0,0,F,F,"1978BAL.EVA.regular.event.csv",5293
"BAL197809050","BOS",6,1,1,0,0,"",1,0,"murre001","?","murre001","?","sprob101","?","sprob101","?","fiskc001","scotg102","brohj101","hobsb101","burlr001","ricej001","lynnf001","evand002","","","dauer001","63","F","F",3,4,2,"T","T",0,"F","F",1,"F","F",0,"F","F",6,"G","F","F","",0,0,"N",0,"N",0,"N",0,0,0,3,"63","","","","F","F","F","F","F","F","F","F","F","","","sprob101","F","F","F","F","F","","","","",0,3,0,0,6,0,0,0,0,45,"BAL","BAL","BOS",1,"F","F",0,1,0,21,2,"T","F",4,4,"T","T","decid001","may-l101","T","T",0,0,0,0,0,0,4,2,43,"","","fiskc001",0,0,0,0,0,0,0,0,0,0,0,0,0,"burlr001","F","F","F","F",0,0,0,0,0,0,0,0,0,0,F,F,"1978BAL.EVA.regular.event.csv",5294
"BAL197809050","BOS",6,1,2,0,0,"",1,0,"decid001","?","decid001","?","sprob101","?","sprob101","?","fiskc001","scotg102","brohj101","hobsb101","burlr001","ricej001","lynnf001","evand002","","","dauer001","9","F","F",5,5,2,"T","T",0,"F","F",1,"F","F",0,"F","F",9,"F","F","F","",0,0,"N",0,"N",0,"N",0,0,0,3,"9","","","","F","F","F","F","F","F","F","F","F","","","sprob101","F","F","F","F","F","","","","",0,9,0,0,0,0,0,0,0,46,"BAL","BAL","BOS",1,"F","T",0,1,0,22,3,"T","F",4,4,"T","T","may-l101","moraa101","T","T",0,0,0,0,0,0,4,2,43,"","","fiskc001",0,0,0,0,0,0,0,0,0,0,0,0,0,"evand002","F","F","F","F",0,0,0,0,0,0,0,0,0,0,F,F,"1978BAL.EVA.regular.event.csv",5295
"BAL197809050","BOS",7,0,0,0,0,"",1,0,"fiskc001","?","fiskc001","?","palmj001","?","palmj001","?","dempr001","murre001","dauer001","decid001","garck001","moraa101","lopec101","singk001","","","","E8.B-2","T","F",2,5,18,"T","T",0,"F","F",0,"F","F",0,"F","F",8,"F","F","F","",1,8,"F",0,"N",0,"N",2,0,0,0,"","","","","F","F","F","F","F","F","F","F","F","","","","F","F","F","F","F","","","","",0,0,0,0,0,0,0,0,0,47,"BAL","BOS","BAL",0,"T","F",1,0,0,22,0,"T","F",0,2,"T","T","brohj101","evand002","T","T",0,0,0,0,0,0,0,0,0,"","","",0,0,0,0,0,0,0,0,0,0,0,0,0,"lopec101","F","F","F","T",0,0,0,0,0,0,0,0,0,0,F,F,"1978BAL.EVA.regular.event.csv",5296
"BAL197809050","BOS",7,0,0,0,0,"",1,0,"brohj101","?","brohj101","?","palmj001","?","palmj001","?","dempr001","murre001","dauer001","decid001","garck001","moraa101","lopec101","singk001","","fiskc001","","54/SH/BG.2-3","F","F",4,6,2,"T","F",0,"T","F",1,"F","F",0,"F","F",5,"G","T","F","",0,0,"N",0,"N",0,"N",0,0,3,0,"54","","","","F","F","F","F","F","F","F","F","F","","palmj001","","F","F","F","F","F","","","","",0,4,0,0,5,0,0,0,0,48,"BAL","BOS","BAL",0,"F","F",1,0,0,23,1,"T","F",2,4,"T","T","evand002","scotg102","T","T",0,0,0,2,5,47,0,0,0,"","dempr001","",0,0,0,0,0,0,0,0,0,0,0,0,0,"decid001","F","F","F","F",0,0,0,0,0,0,0,0,0,0,F,F,"1978BAL.EVA.regular.event.csv",5297
"BAL197809050","BOS",7,0,1,0,0,"",1,0,"evand002","?","evand002","?","palmj001","?","palmj001","?","dempr001","murre001","dauer001","decid001","garck001","moraa101","lopec101","singk001","","","fiskc001","K","F","F",9,7,3,"T","T",0,"F","F",1,"F","F",0,"F","F",0,"","F","F","",0,0,"N",0,"N",0,"N",0,0,0,3,"2","","","","F","F","F","F","F","F","F","F","F","","","palmj001","F","F","F","F","F","","","","",0,2,0,0,0,0,0,0,0,49,"BAL","BOS","BAL",0,"F","F",1,0,0,24,2,"T","F",4,4,"T","T","scotg102","hobsb101","T","T",0,0,0,0,0,0,2,5,47,"","","dempr001",0,0,0,0,0,0,0,0,0,0,0,0,0,"","F","F","F","F",0,0,0,0,0,0,0,0,0,0,F,F,"1978BAL.EVA.regular.event.csv",5298
"BAL197809050","BOS",7,0,2,0,0,"",1,0,"scotg102","?","scotg102","?","palmj001","?","palmj001","?","dempr001","murre001","dauer001","decid001","garck001","moraa101","lopec101","singk001","","","fiskc001","3/FL","F","F",3,8,2,"T","T",0,"F","F",1,"F","F",0,"F","F",3,"F","F","T","",0,0,"N",0,"N",0,"N",0,0,0,3,"3","","","","F","F","F","F","F","F","F","F","F","","","palmj001","F","F","F","F","F","","","","",0,3,0,0,0,0,0,0,0,50,"BAL","BOS","BAL",0,"F","T",1,0,0,25,3,"T","F",4,4,"T","T","hobsb101","burlr001","T","T",0,0,0,0,0,0,2,5,47,"","","dempr001",0,0,0,0,0,0,0,0,0,0,0,0,0,"murre001","F","F","F","F",0,0,0,0,0,0,0,0,0,0,F,F,"1978BAL.EVA.regular.event.csv",5299
"BAL197809050","BOS",7,1,0,0,0,"",1,0,"may-l101","?","may-l101","?","sprob101","?","sprob101","?","fiskc001","scotg102","brohj101","hobsb101","burlr001","ricej001","lynnf001","evand002","","","","HR/7","T","F",10,6,23,"T","T",4,"F","F",0,"F","F",1,"F","F",0,"","F","F","7",0,0,"N",0,"N",0,"N",4,0,0,0,"","","","","F","F","F","F","F","F","F","F","F","","","","F","F","F","F","F","","","","",0,0,0,0,0,0,0,0,0,51,"BAL","BAL","BOS",1,"T","F",0,1,0,23,0,"T","F",0,0,"T","T","moraa101","dempr001","T","T",0,0,0,0,0,0,0,0,0,"","","",0,0,0,0,0,0,0,0,0,0,0,0,1,"","F","F","F","F",4,0,0,0,1,0,0,0,0,0,F,F,"1978BAL.EVA.regular.event.csv",5300
"BAL197809050","BOS",7,1,0,0,0,"",1,1,"moraa101","?","moraa101","?","sprob101","?","sprob101","?","fiskc001","scotg102","brohj101","hobsb101","burlr001","ricej001","lynnf001","evand002","","","","E5.B-2","F","F",7,7,18,"T","T",0,"F","F",0,"F","F",0,"F","F",5,"G","F","F","",1,5,"F",0,"N",0,"N",2,0,0,0,"","","","","F","F","F","F","F","F","F","F","F","","","","F","F","F","F","F","","","","",0,0,0,0,0,0,0,0,0,52,"BAL","BAL","BOS",1,"F","F",1,1,1,24,1,"T","F",0,2,"T","T","dempr001","lopec101","T","T",0,0,0,0,0,0,0,0,0,"","","",0,0,0,0,0,0,0,0,0,0,0,0,0,"hobsb101","F","F","F","T",5,0,0,0,1,0,0,0,0,0,F,F,"1978BAL.EVA.regular.event.csv",5301
"BAL197809050","BOS",7,1,0,0,0,"",1,1,"dempr001","?","dempr001","?","sprob101","?","sprob101","?","fiskc001","scotg102","brohj101","hobsb101","burlr001","ricej001","lynnf001","evand002","","dimmm101","","63.2-3","F","F",2,8,2,"T","T",0,"F","F",1,"F","F",0,"F","F",6,"G","F","F","",0,0,"N",0,"N",0,"N",0,0,3,0,"63","","","","F","F","F","F","F","F","F","F","F","","sprob101","","F","F","F","T","F","","moraa101","","",0,3,0,0,6,0,0,0,0,53,"BAL","BAL","BOS",1,"F","F",1,1,1,25,2,"T","F",2,4,"T","T","lopec101","garck001","T","T",0,0,0,0,7,52,0,0,0,"","fiskc001","",0,0,0,0,0,0,0,0,0,0,0,0,0,"burlr001","F","F","F","F",0,0,5,0,1,0,0,0,0,0,F,F,"1978BAL.EVA.regular.event.csv",5302
"BAL197809050","BOS",7,1,1,0,0,"",1,1,"lopec101","?","lopec101","?","sprob101","?","sprob101","?","fiskc001","scotg102","brohj101","hobsb101","burlr001","ricej001","lynnf001","evand002","","","dimmm101","S9.3-H(UR)","F","F",8,9,20,"T","T",1,"F","F",0,"F","F",1,"F","F",9,"","F","F","",0,0,"N",0,"N",0,"N",1,0,0,5,"","","","","F","F","F","F","F","F","F","F","F","","","sprob101","F","F","F","F","F","","","","",0,0,0,0,0,0,0,0,0,54,"BAL","BAL","BOS",1,"F","F",1,1,1,26,3,"T","F",4,1,"T","T","garck001","dauer001","T","T",0,0,0,0,0,0,0,7,52,"","","fiskc001",0,0,0,0,0,0,0,0,0,0,0,0,1,"evand002","F","F","F","F",1,0,0,5,0,0,0,0,0,0,F,F,"1978BAL.EVA.regular.event.csv",5303
"BAL197809050","BOS",7,1,1,0,0,"",1,2,"garck001","?","garck001","?","sprob101","?","sprob101","?","fiskc001","scotg102","brohj101","hobsb101","burlr001","ricej001","lynnf001","evand002","lopec101","","","K","F","F",6,1,3,"T","T",0,"F","F",1,"F","F",0,"F","F",0,"","F","F","",0,0,"N",0,"N",0,"N",0,1,0,0,"2","","","","F","F","F","F","F","F","F","F","F","sprob101","","","F","F","F","F","F","","","","",0,2,0,0,0,0,0,0,0,55,"BAL","BAL","BOS",1,"F","F",2,1,2,27,4,"T","F",1,1,"T","T","dauer001","singk001","T","T",8,9,54,0,0,0,0,0,0,"fiskc001","","",0,0,0,0,0,0,0,0,0,0,0,0,0,"","F","F","F","F",0,1,0,0,0,0,0,0,0,0,F,F,"1978BAL.EVA.regular.event.csv",5304
"BAL197809050","BOS",7,1,2,0,0,"",1,2,"dauer001","?","dauer001","?","sprob101","?","sprob101","?","fiskc001","scotg102","brohj101","hobsb101","burlr001","ricej001","lynnf001","evand002","lopec101","","","7","F","F",4,2,2,"T","T",0,"F","F",1,"F","F",0,"F","F",7,"F","F","F","",0,0,"N",0,"N",0,"N",0,1,0,0,"7","","","","F","F","F","F","F","F","F","F","F","sprob101","","","F","F","F","F","F","","","","",0,7,0,0,0,0,0,0,0,56,"BAL","BAL","BOS",1,"F","T",2,1,2,28,5,"T","F",1,1,"T","T","singk001","murre001","T","T",8,9,54,0,0,0,0,0,0,"fiskc001","","",0,0,0,0,0,0,0,0,0,0,0,0,0,"ricej001","F","F","F","F",0,1,0,0,0,0,0,0,0,0,F,F,"1978BAL.EVA.regular.event.csv",5305
"BAL197809050","BOS",8,0,0,0,0,"",1,2,"hobsb101","?","hobsb101","?","palmj001","?","palmj001","?","dempr001","murre001","dauer001","decid001","belam101","dimmm101","lopec101","singk001","","","","S7","T","F",5,9,20,"T","T",1,"F","F",0,"F","F",0,"F","F",7,"","F","F","",0,0,"N",0,"N",0,"N",1,0,0,0,"","","","","F","F","F","F","F","F","F","F","F","","","","F","F","F","F","F","","","","",0,0,0,0,0,0,0,0,0,57,"BAL","BOS","BAL",0,"T","F",1,2,0,26,0,"T","F",0,1,"T","T","burlr001","lynnf001","T","T",0,0,0,0,0,0,0,0,0,"","","",0,0,0,0,0,0,0,0,0,0,0,0,0,"dimmm101","F","F","F","F",2,0,0,0,0,0,0,0,0,0,F,F,"1978BAL.EVA.regular.event.csv",5306
"BAL197809050","BOS",8,0,0,0,0,"",1,2,"burlr001","?","burlr001","?","palmj001","?","palmj001","?","dempr001","murre001","dauer001","decid001","belam101","dimmm101","lopec101","singk001","remyj001","","","63.1-2","F","F",6,1,2,"T","T",0,"F","F",1,"F","F",0,"F","F",6,"G","F","F","",0,0,"N",0,"N",0,"N",0,2,0,0,"63","","","","F","F","F","F","F","F","F","F","F","palmj001","","","F","F","T","F","F","hobsb101","","","",0,3,0,0,6,0,0,0,0,58,"BAL","BOS","BAL",0,"F","F",1,2,0,27,1,"T","F",1,2,"T","T","lynnf001","ricej001","T","T",0,9,57,0,0,0,0,0,0,"dempr001","","",0,0,0,0,0,0,0,0,0,0,0,0,0,"belam101","F","F","F","F",0,2,0,0,0,0,0,0,0,0,F,F,"1978BAL.EVA.regular.event.csv",5307
"BAL197809050","BOS",8,0,1,0,0,"",1,2,"lynnf001","?","lynnf001","?","palmj001","?","palmj001","?","dempr001","murre001","dauer001","decid001","belam101","dimmm101","lopec101","singk001","","remyj001","","8","F","F",8,2,2,"T","T",0,"F","F",1,"F","F",0,"F","F",8,"F","F","F","",0,0,"N",0,"N",0,"N",0,0,2,0,"8","","","","F","F","F","F","F","F","F","F","F","","palmj001","","F","F","F","F","F","","","","",0,8,0,0,0,0,0,0,0,59,"BAL","BOS","BAL",0,"F","F",1,2,0,28,2,"T","F",2,2,"T","T","ricej001","yastc101","T","T",0,0,0,0,9,57,0,0,0,"","dempr001","",0,0,0,0,0,0,0,0,0,0,0,0,0,"lopec101","F","F","F","F",0,0,2,0,0,0,0,0,0,0,F,F,"1978BAL.EVA.regular.event.csv",5308
"BAL197809050","BOS",8,0,2,0,0,"",1,2,"ricej001","?","ricej001","?","palmj001","?","palmj001","?","dempr001","murre001","dauer001","decid001","belam101","dimmm101","lopec101","singk001","","remyj001","","K","F","F",7,3,3,"T","T",0,"F","F",1,"F","F",0,"F","F",0,"","F","F","",0,0,"N",0,"N",0,"N",0,0,2,0,"2","","","","F","F","F","F","F","F","F","F","F","","palmj001","","F","F","F","F","F","","","","",0,2,0,0,0,0,0,0,0,60,"BAL","BOS","BAL",0,"F","T",1,2,0,29,3,"T","F",2,2,"T","T","yastc101","fiskc001","T","T",0,0,0,0,9,57,0,0,0,"","dempr001","",0,0,0,0,0,0,0,0,0,0,0,0,0,"","F","F","F","F",0,0,2,0,0,0,0,0,0,0,F,F,"1978BAL.EVA.regular.event.csv",5309
"BAL197809050","BOS",8,1,0,0,0,"",1,2,"singk001","?","singk001","?","sprob101","?","sprob101","?","fiskc001","scotg102","remyj001","brohj101","burlr001","ricej001","lynnf001","evand002","","","","W","T","F",9,3,14,"T","F",0,"F","F",0,"F","F",0,"F","F",0,"","F","F","",0,0,"N",0,"N",0,"N",1,0,0,0,"","","","","F","F","F","F","F","F","F","F","F","","","","F","F","F","F","F","","","","",0,0,0,0,0,0,0,0,0,61,"BAL","BAL","BOS",1,"T","F",2,1,0,29,0,"T","F",0,1,"T","T","murre001","decid001","T","T",0,0,0,0,0,0,0,0,0,"","","",0,0,0,0,0,0,0,0,0,0,0,0,0,"","F","F","F","F",4,0,0,0,2,0,0,0,0,0,F,F,"1978BAL.EVA.regular.event.csv",5310
"BAL197809050","BOS",8,1,0,0,0,"",1,2,"murre001","?","murre001","?","sprob101","?","sprob101","?","fiskc001","scotg102","remyj001","brohj101","burlr001","ricej001","lynnf001","evand002","harll101","","","S7.1-2","F","F",3,4,20,"T","T",1,"F","F",0,"F","F",0,"F","F",7,"","F","F","",0,0,"N",0,"N",0,"N",1,2,0,0,"","","","","F","F","F","F","F","F","F","F","F","sprob101","","","F","F","T","F","F","singk001","","","",0,0,0,0,0,0,0,0,0,62,"BAL","BAL","BOS",1,"F","F",2,1,0,30,1,"T","F",1,3,"T","T","decid001","may-l101","T","T",0,3,61,0,0,0,0,0,0,"fiskc001","","",0,0,0,0,0,0,0,0,0,0,0,0,0,"ricej001","F","F","F","F",4,4,0,0,2,0,0,0,0,0,F,F,"1978BAL.EVA.regular.event.csv",5311
"BAL197809050","BOS",8,1,0,0,0,"",1,2,"decid001","?","decid001","?","dragd101","?","dragd101","?","fiskc001","scotg102","remyj001","brohj101","burlr001","ricej001","lynnf001","evand002","murre001","harll101","","K","F","F",5,5,3,"T","T",0,"F","F",1,"F","F",0,"F","F",0,"","F","F","",0,0,"N",0,"N",0,"N",0,1,2,0,"2","","","","F","F","F","F","F","F","F","F","F","sprob101","sprob101","","F","F","F","F","F","","","","",0,2,0,0,0,0,0,0,0,63,"BAL","BAL","BOS",1,"F","F",2,1,0,31,2,"T","F",3,3,"T","T","may-l101","dimmm101","F","F",3,4,62,0,3,61,0,0,0,"fiskc001","fiskc001","",0,0,0,0,0,0,0,0,0,0,0,0,0,"","F","F","F","F",0,4,4,0,2,0,0,0,0,0,F,F,"1978BAL.EVA.regular.event.csv",5312
"BAL197809050","BOS",8,1,1,0,0,"",1,2,"may-l101","?","may-l101","?","dragd101","?","dragd101","?","fiskc001","scotg102","remyj001","brohj101","burlr001","ricej001","lynnf001","evand002","murre001","harll101","","9","F","F",10,6,2,"T","T",0,"F","F",1,"F","F",0,"F","F",9,"F","F","F","",0,0,"N",0,"N",0,"N",0,1,2,0,"9","","","","F","F","F","F","F","F","F","F","F","sprob101","sprob101","","F","F","F","F","F","","","","",0,9,0,0,0,0,0,0,0,64,"BAL","BAL","BOS",1,"F","F",2,1,0,32,3,"T","F",3,3,"T","T","dimmm101","dempr001","F","F",3,4,62,0,3,61,0,0,0,"fiskc001","fiskc001","",0,0,0,0,0,0,0,0,0,0,0,0,0,"evand002","F","F","F","F",0,4,4,0,2,0,0,0,0,0,F,F,"1978BAL.EVA.regular.event.csv",5313
"BAL197809050","BOS",8,1,2,0,0,"",1,2,"crowt101","?","crowt101","?","dragd101","?","dragd101","?","fiskc001","scotg102","remyj001","brohj101","burlr001","ricej001","lynnf001","evand002","murre001","harll101","","D?.2-H;1-H#","F","T",11,7,21,"T","T",2,"F","F",0,"F","F",2,"F","F",0,"","F","F","",0,0,"N",0,"N",0,"N",2,4,4,0,"","","","","F","F","F","F","F","F","F","F","F","sprob101","sprob101","","F","F","F","F","F","","","","dimmm101",7,0,0,0,0,0,0,0,0,65,"BAL","BAL","BOS",1,"F","F",2,1,0,33,4,"T","F",3,2,"F","F","dempr001","lopec101","F","F",3,4,62,12,3,61,0,0,0,"fiskc001","fiskc001","",0,0,0,0,0,0,0,0,0,0,0,0,2,"","F","F","F","F",2,4,4,0,0,0,0,0,0,0,F,T,"1978BAL.EVA.regular.event.csv",5314
"BAL197809050","BOS",8,1,2,0,0,"",1,4,"dempr001","?","dempr001","?","dragd101","?","dragd101","?","fiskc001","scotg102","remyj001","brohj101","burlr001","ricej001","lynnf001","evand002","","crowt101","","K","F","F",2,8,3,"T","T",0,"F","F",1,"F","F",0,"F","F",0,"","F","F","",0,0,"N",0,"N",0,"N",0,0,2,0,"2","","","","F","F","F","F","F","F","F","F","F","","dragd101","","F","F","F","F","F","","","","",0,2,0,0,0,0,0,0,0,66,"BAL","BAL","BOS",1,"F","T",4,1,2,34,5,"T","F",2,2,"T","T","lopec101","belam101","F","F",0,0,0,0,7,65,0,0,0,"","fiskc001","",0,0,0,0,0,0,0,0,0,0,0,0,0,"","F","F","F","F",0,0,2,0,0,0,0,0,0,0,F,F,"1978BAL.EVA.regular.event.csv",5315
"BAL197809050","BOS",9,0,0,0,0,"",1,4,"yastc101","?","yastc101","?","stand101","?","stand101","?","dempr001","murre001","dauer001","decid001","belam101","andem101","harll101","lopec101","","","","K","T","F",10,4,3,"T","T",0,"F","F",1,"F","F",0,"F","F",0,"","F","F","",0,0,"N",0,"N",0,"N",0,0,0,0,"2","","","","F","F","F","F","F","F","F","F","F","","","","F","F","F","F","F","","","","",0,2,0,0,0,0,0,0,0,67,"BAL","BOS","BAL",0,"T","F",1,4,0,30,0,"T","F",0,0,"T","T","fiskc001","brohj101","F","F",0,0,0,0,0,0,0,0,0,"","","",0,0,0,0,0,0,0,0,0,0,0,0,0,"","F","F","F","F",0,0,0,0,0,0,0,0,0,0,F,F,"1978BAL.EVA.regular.event.csv",5316
"BAL197809050","BOS",9,0,1,0,0,"",1,4,"fiskc001","?","fiskc001","?","stand101","?","stand101","?","dempr001","murre001","dauer001","decid001","belam101","andem101","harll101","lopec101","","","","53","F","F",2,5,2,"T","T",0,"F","F",1,"F","F",0,"F","F",5,"G","F","F","",0,0,"N",0,"N",0,"N",0,0,0,0,"53","","","","F","F","F","F","F","F","F","F","F","","","","F","F","F","F","F","","","","",0,3,0,0,5,0,0,0,0,68,"BAL","BOS","BAL",0,"F","F",1,4,0,31,1,"T","F",0,0,"T","T","brohj101","evand002","F","F",0,0,0,0,0,0,0,0,0,"","","",0,0,0,0,0,0,0,0,0,0,0,0,0,"decid001","F","F","F","F",0,0,0,0,0,0,0,0,0,0,F,F,"1978BAL.EVA.regular.event.csv",5317
"BAL197809050","BOS",9,0,2,0,0,"",1,4,"brohj101","?","brohj101","?","stand101","?","stand101","?","dempr001","murre001","dauer001","decid001","belam101","andem101","harll101","lopec101","","","","W","F","F",5,6,14,"T","F",0,"F","F",0,"F","F",0,"F","F",0,"","F","F","",0,0,"N",0,"N",0,"N",1,0,0,0,"","","","","F","F","F","F","F","F","F","F","F","","","","F","F","F","F","F","","","","",0,0,0,0,0,0,0,0,0,69,"BAL","BOS","BAL",0,"F","F",1,4,0,32,2,"T","F",0,1,"T","T","evand002","scotg102","F","F",0,0,0,0,0,0,0,0,0,"","","",0,0,0,0,0,0,0,0,0,0,0,0,0,"","F","F","F","F",1,0,0,0,0,0,0,0,0,0,F,F,"1978BAL.EVA.regular.event.csv",5318
"BAL197809050","BOS",9,0,2,0,0,"",1,4,"evand002","?","evand002","?","stand101","?","stand101","?","dempr001","murre001","dauer001","decid001","belam101","andem101","harll101","lopec101","brohj101","","","K","F","F",9,7,3,"T","T",0,"F","F",1,"F","F",0,"F","F",0,"","F","F","",0,0,"N",0,"N",0,"N",0,1,0,0,"2","","","","F","F","F","F","F","F","F","F","F","stand101","","","F","T","F","F","F","","","","",0,2,0,0,0,0,0,0,0,70,"BAL","BOS","BAL",0,"F","T",1,4,0,33,3,"T","F",1,1,"T","T","scotg102","remyj001","F","F",5,6,69,0,0,0,0,0,0,"dempr001","","",0,0,0,0,0,0,0,0,0,0,0,0,0,"","F","F","F","F",0,1,0,0,0,0,0,0,0,0,F,F,"1978BAL.EVA.regular.event.csv",5319
"BAL197809060","BOS",1,0,0,0,0,"",0,0,"burlr001","?","burlr001","?","martd001","?","martd001","?","dempr001","murre001","dauer001","decid001","garck001","kellp101","harll101","singk001","","","","7","T","F",6,1,2,"T","T",0,"F","F",1,"F","F",0,"F","F",7,"F","F","F","",0,0,"N",0,"N",0,"N",0,0,0,0,"7","","","","F","F","F","F","F","F","F","F","F","","","","T","F","F","F","F","","","","",0,7,0,0,0,0,0,0,0,1,"BAL","BOS","BAL",0,"T","F",0,0,0,0,0,"T","F",0,0,"T","T","lynnf001","ricej001","T","T",0,0,0,0,0,0,0,0,0,"","","",0,0,0,0,0,0,0,0,0,0,0,0,0,"kellp101","F","F","F","F",0,0,0,0,0,0,0,0,0,0,F,F,"1978BAL.EVA.regular.event.csv",5320
"BAL197809060","BOS",1,0,1,0,0,"",0,0,"lynnf001","?","lynnf001","?","martd001","?","martd001","?","dempr001","murre001","dauer001","decid001","garck001","kellp101","harll101","singk001","","","","43","F","F",8,2,2,"T","T",0,"F","F",1,"F","F",0,"F","F",4,"G","F","F","",0,0,"N",0,"N",0,"N",0,0,0,0,"43","","","","F","F","F","F","F","F","F","F","F","","","","F","F","F","F","F","","","","",0,3,0,0,4,0,0,0,0,2,"BAL","BOS","BAL",0,"F","F",0,0,0,1,1,"T","F",0,0,"T","T","ricej001","yastc101","T","T",0,0,0,0,0,0,0,0,0,"","","",0,0,0,0,0,0,0,0,0,0,0,0,0,"dauer001","F","F","F","F",0,0,0,0,0,0,0,0,0,0,F,F,"1978BAL.EVA.regular.event.csv",5321
"BAL197809060","BOS",1,0,2,0,0,"",0,0,"ricej001","?","ricej001","?","martd001","?","martd001","?","dempr001","murre001","dauer001","decid001","garck001","kellp101","harll101","singk001","","","","63","F","F",7,3,2,"T","T",0,"F","F",1,"F","F",0,"F","F",6,"G","F","F","",0,0,"N",0,"N",0,"N",0,0,0,0,"63","","","","F","F","F","F","F","F","F","F","F","","","","F","F","F","F","F","","","","",0,3,0,0,6,0,0,0,0,3,"BAL","BOS","BAL",0,"F","T",0,0,0,2,2,"T","F",0,0,"T","T","yastc101","fiskc001","T","T",0,0,0,0,0,0,0,0,0,"","","",0,0,0,0,0,0,0,0,0,0,0,0,0,"garck001","F","F","F","F",0,0,0,0,0,0,0,0,0,0,F,F,"1978BAL.EVA.regular.event.csv",5322
"BAL197809060","BOS",1,1,0,0,0,"",0,0,"harll101","?","harll101","?","tianl101","?","tianl101","?","fiskc001","scotg102","brohj101","hobsb101","burlr001","ricej001","lynnf001","evand002","","","","63","T","F",8,1,2,"T","T",0,"F","F",1,"F","F",0,"F","F",6,"G","F","F","",0,0,"N",0,"N",0,"N",0,0,0,0,"63","","","","F","F","F","F","F","F","F","F","F","","","","F","F","F","F","F","","","","",0,3,0,0,6,0,0,0,0,4,"BAL","BAL","BOS",1,"T","F",0,0,0,0,0,"T","F",0,0,"T","T","dauer001","singk001","T","T",0,0,0,0,0,0,0,0,0,"","","",0,0,0,0,0,0,0,0,0,0,0,0,0,"burlr001","F","F","F","F",0,0,0,0,0,0,0,0,0,0,F,F,"1978BAL.EVA.regular.event.csv",5323
"BAL197809060","BOS",1,1,1,0,0,"",0,0,"dauer001","?","dauer001","?","tianl101","?","tianl101","?","fiskc001","scotg102","brohj101","hobsb101","burlr001","ricej001","lynnf001","evand002","","","","E5.B-1","F","F",4,2,18,"T","T",0,"F","F",0,"F","F",0,"F","F",5,"G","F","F","",1,5,"F",0,"N",0,"N",1,0,0,0,"","","","","F","F","F","F","F","F","F","F","F","","","","F","F","F","F","F","","","","",0,0,0,0,0,0,0,0,0,5,"BAL","BAL","BOS",1,"F","F",0,0,0,1,1,"T","F",0,1,"T","T","singk001","murre001","T","T",0,0,0,0,0,0,0,0,0,"","","",0,0,0,0,0,0,0,0,0,0,0,0,0,"hobsb101","F","F","F","T",0,0,0,0,0,0,0,0,0,0,F,F,"1978BAL.EVA.regular.event.csv",5324
"BAL197809060","BOS",1,1,1,0,0,"",0,0,"singk001","?","singk001","?","tianl101","?","tianl101","?","fiskc001","scotg102","brohj101","hobsb101","burlr001","ricej001","lynnf001","evand002","dauer001","","","W.1-2","F","F",9,3,14,"T","F",0,"F","F",0,"F","F",0,"F","F",0,"","F","F","",0,0,"N",0,"N",0,"N",1,2,0,0,"","","","","F","F","F","F","F","F","F","F","F","tianl101","","","F","F","F","F","F","","","","",0,0,0,0,0,0,0,0,0,6,"BAL","BAL","BOS",1,"F","F",0,0,0,2,2,"T","F",1,3,"T","T","murre001","kellp101","T","T",4,2,5,0,0,0,0,0,0,"fiskc001","","",0,0,0,0,0,0,0,0,0,0,0,0,0,"","F","F","F","F",0,0,0,0,0,0,0,0,0,0,F,F,"1978BAL.EVA.regular.event.csv",5325
"BAL197809060","BOS",1,1,1,0,0,"",0,0,"murre001","?","murre001","?","tianl101","?","tianl101","?","fiskc001","scotg102","brohj101","hobsb101","burlr001","ricej001","lynnf001","evand002","singk001","dauer001","","8.2-3","F","F",3,4,2,"T","T",0,"F","F",1,"F","F",0,"F","F",8,"F","F","F","",0,0,"N",0,"N",0,"N",0,1,3,0,"8","","","","F","F","F","F","F","F","F","F","F","tianl101","tianl101","","F","F","F","F","F","","","","",0,8,0,0,0,0,0,0,0,7,"BAL","BAL","BOS",1,"F","F",0,0,0,3,3,"T","F",3,5,"T","T","kellp101","crowt101","T","T",9,3,6,4,2,5,0,0,0,"fiskc001","fiskc001","",0,0,0,0,0,0,0,0,0,0,0,0,0,"lynnf001","F","F","F","F",0,0,0,0,0,0,0,0,0,0,F,F,"1978BAL.EVA.regular.event.csv",5326
"BAL197809060","BOS",1,1,2,0,0,"",0,0,"kellp101","?","kellp101","?","tianl101","?","tianl101","?","fiskc001","scotg102","brohj101","hobsb101","burlr001","ricej001","lynnf001","evand002","singk001","","dauer001","7","F","F",7,5,2,"T","T",0,"F","F",1,"F","F",0,"F","F",7,"F","F","F","",0,0,"N",0,"N",0,"N",0,1,0,3,"7","","","","F","F","F","F","F","F","F","F","F","tianl101","","tianl101","F","F","F","F","F","","","","",0,7,0,0,0,0,0,0,0,8,"BAL","BAL","BOS",1,"F","T",0,0,0,4,4,"T","F",5,5,"T","T","crowt101","decid001","T","T",9,3,6,0,0,0,4,2,5,"fiskc001","","fiskc001",0,0,0,0,0,0,0,0,0,0,0,0,0,"ricej001","F","F","F","F",0,0,0,0,0,0,0,0,0,0,F,F,"1978BAL.EVA.regular.event.csv",5327
"BAL197809060","BOS",2,0,0,0,0,"",0,0,"yastc101","?","yastc101","?","martd001","?","martd001","?","dempr001","murre001","dauer001","decid001","garck001","kellp101","harll101","singk001","","","","6","T","F",10,4,2,"T","T",0,"F","F",1,"F","F",0,"F","F",6,"F","F","F","",0,0,"N",0,"N",0,"N",0,0,0,0,"6","","","","F","F","F","F","F","F","F","F","F","","","","F","F","F","F","F","","","","",0,6,0,0,0,0,0,0,0,9,"BAL","BOS","BAL",0,"T","F",0,0,0,3,0,"T","F",0,0,"T","T","fiskc001","brohj101","T","T",0,0,0,0,0,0,0,0,0,"","","",0,0,0,0,0,0,0,0,0,0,0,0,0,"garck001","F","F","F","F",0,0,0,0,0,0,0,0,0,0,F,F,"1978BAL.EVA.regular.event.csv",5328
"BAL197809060","BOS",2,0,1,0,0,"",0,0,"fiskc001","?","fiskc001","?","martd001","?","martd001","?","dempr001","murre001","dauer001","decid001","garck001","kellp101","harll101","singk001","","","","8","F","F",2,5,2,"T","T",0,"F","F",1,"F","F",0,"F","F",8,"F","F","F","",0,0,"N",0,"N",0,"N",0,0,0,0,"8","","","","F","F","F","F","F","F","F","F","F","","","","F","F","F","F","F","","","","",0,8,0,0,0,0,0,0,0,10,"BAL","BOS","BAL",0,"F","F",0,0,0,4,1,"T","F",0,0,"T","T","brohj101","evand002","T","T",0,0,0,0,0,0,0,0,0,"","","",0,0,0,0,0,0,0,0,0,0,0,0,0,"harll101","F","F","F","F",0,0,0,0,0,0,0,0,0,0,F,F,"1978BAL.EVA.regular.event.csv",5329
"BAL197809060","BOS",2,0,2,0,0,"",0,0,"brohj101","?","brohj101","?","martd001","?","martd001","?","dempr001","murre001","dauer001","decid001","garck001","kellp101","harll101","singk001","","","","43","F","F",4,6,2,"T","T",0,"F","F",1,"F","F",0,"F","F",4,"G","F","F","",0,0,"N",0,"N",0,"N",0,0,0,0,"43","","","","F","F","F","F","F","F","F","F","F","","","","F","F","F","F","F","","","","",0,3,0,0,4,0,0,0,0,11,"BAL","BOS","BAL",0,"F","T",0,0,0,5,2,"T","F",0,0,"T","T","evand002","scotg102","T","T",0,0,0,0,0,0,0,0,0,"","","",0,0,0,0,0,0,0,0,0,0,0,0,0,"dauer001","F","F","F","F",0,0,0,0,0,0,0,0,0,0,F,F,"1978BAL.EVA.regular.event.csv",5330
"BAL197809060","BOS",2,1,0,0,0,"",0,0,"crowt101","?","crowt101","?","tianl101","?","tianl101","?","fiskc001","scotg102","brohj101","hobsb101","burlr001","ricej001","lynnf001","evand002","","","","6","T","F",10,6,2,"T","T",0,"F","F",1,"F","F",0,"F","F",6,"F","F","F","",0,0,"N",0,"N",0,"N",0,0,0,0,"6","","","","F","F","F","F","F","F","F","F","F","","","","F","F","F","F","F","","","","",0,6,0,0,0,0,0,0,0,12,"BAL","BAL","BOS",1,"T","F",0,0,0,5,0,"T","F",0,0,"T","T","decid001","dempr001","T","T",0,0,0,0,0,0,0,0,0,"","","",0,0,0,0,0,0,0,0,0,0,0,0,0,"burlr001","F","F","F","F",0,0,0,0,0,0,0,0,0,0,F,F,"1978BAL.EVA.regular.event.csv",5331
"BAL197809060","BOS",2,1,1,0,0,"",0,0,"decid001","?","decid001","?","tianl101","?","tianl101","?","fiskc001","scotg102","brohj101","hobsb101","burlr001","ricej001","lynnf001","evand002","","","","2/FL","F","F",5,7,2,"T","T",0,"F","F",1,"F","F",0,"F","F",2,"F","F","T","",0,0,"N",0,"N",0,"N",0,0,0,0,"2","","","","F","F","F","F","F","F","F","F","F","","","","F","F","F","F","F","","","","",0,2,0,0,0,0,0,0,0,13,"BAL","BAL","BOS",1,"F","F",0,0,0,6,1,"T","F",0,0,"T","T","dempr001","garck001","T","T",0,0,0,0,0,0,0,0,0,"","","",0,0,0,0,0,0,0,0,0,0,0,0,0,"fiskc001","F","F","F","F",0,0,0,0,0,0,0,0,0,0,F,F,"1978BAL.EVA.regular.event.csv",5332
"BAL197809060","BOS",2,1,2,0,0,"",0,0,"dempr001","?","dempr001","?","tianl101","?","tianl101","?","fiskc001","scotg102","brohj101","hobsb101","burlr001","ricej001","lynnf001","evand002","","","","W","F","F",2,8,14,"T","F",0,"F","F",0,"F","F",0,"F","F",0,"","F","F","",0,0,"N",0,"N",0,"N",1,0,0,0,"","","","","F","F","F","F","F","F","F","F","F","","","","F","F","F","F","F","","","","",0,0,0,0,0,0,0,0,0,14,"BAL","BAL","BOS",1,"F","F",0,0,0,7,2,"T","F",0,1,"T","T","garck001","harll101","T","T",0,0,0,0,0,0,0,0,0,"","","",0,0,0,0,0,0,0,0,0,0,0,0,0,"","F","F","F","F",0,0,0,0,0,0,0,0,0,0,F,F,"1978BAL.EVA.regular.event.csv",5333
"BAL197809060","BOS",2,1,2,0,0,"",0,0,"garck001","?","garck001","?","tianl101","?","tianl101","?","fiskc001","scotg102","brohj101","hobsb101","burlr001","ricej001","lynnf001","evand002","dempr001","","","SB2.1-3(E2/TH2)","F","F",6,9,4,"F","F",0,"F","F",0,"F","F",0,"F","F",0,"","F","F","",1,2,"T",0,"N",0,"N",0,3,0,0,"","","","","T","F","F","F","F","F","F","F","F","tianl101","","","F","F","F","F","F","","","","",0,0,0,0,0,0,0,0,0,15,"BAL","BAL","BOS",1,"F","F",0,0,0,8,3,"T","F",1,4,"T","T","harll101","dauer001","T","T",2,8,14,0,0,0,0,0,0,"fiskc001","","",0,0,0,0,0,0,0,0,0,0,0,0,0,"","F","F","F","F",0,0,0,0,0,0,0,0,0,0,F,F,"1978BAL.EVA.regular.event.csv",5334
"BAL197809060","BOS",2,1,2,0,0,"",0,0,"garck001","?","garck001","?","tianl101","?","tianl101","?","fiskc001","scotg102","brohj101","hobsb101","burlr001","ricej001","lynnf001","evand002","","","dempr001","9","F","F",6,9,2,"T","T",0,"F","F",1,"F","F",0,"F","F",9,"F","F","F","",0,0,"N",0,"N",0,"N",0,0,0,3,"9","","","","F","F","F","F","F","F","F","F","F","","","tianl101","F","F","F","F","F","","","","",0,9,0,0,0,0,0,0,0,16,"BAL","BAL","BOS",1,"F","T",0,0,0,8,3,"F","F",4,4,"T","T","harll101","dauer001","T","T",0,0,0,0,0,0,2,8,14,"","","fiskc001",0,0,0,0,0,0,0,0,0,0,0,0,0,"evand002","F","F","F","F",0,0,0,0,0,0,0,0,0,0,F,F,"1978BAL.EVA.regular.event.csv",5335
"BAL197809060","BOS",3,0,0,0,0,"",0,0,"evand002","?","evand002","?","martd001","?","martd001","?","dempr001","murre001","dauer001","decid001","garck001","kellp101","harll101","singk001","","","","K","T","F",9,7,3,"T","T",0,"F","F",1,"F","F",0,"F","F",0,"","F","F","",0,0,"N",0,"N",0,"N",0,0,0,0,"2","","","","F","F","F","F","F","F","F","F","F","","","","F","F","F","F","F","","","","",0,2,0,0,0,0,0,0,0,17,"BAL","BOS","BAL",0,"T","F",0,0,0,6,0,"T","F",0,0,"T","T","scotg102","hobsb101","T","T",0,0,0,0,0,0,0,0,0,"","","",0,0,0,0,0,0,0,0,0,0,0,0,0,"","F","F","F","F",0,0,0,0,0,0,0,0,0,0,F,F,"1978BAL.EVA.regular.event.csv",5336
"BAL197809060","BOS",3,0,1,0,0,"",0,0,"scotg102","?","scotg102","?","martd001","?","martd001","?","dempr001","murre001","dauer001","decid001","garck001","kellp101","harll101","singk001","","","","43","F","F",3,8,2,"T","T",0,"F","F",1,"F","F",0,"F","F",4,"G","F","F","",0,0,"N",0,"N",0,"N",0,0,0,0,"43","","","","F","F","F","F","F","F","F","F","F","","","","F","F","F","F","F","","","","",0,3,0,0,4,0,0,0,0,18,"BAL","BOS","BAL",0,"F","F",0,0,0,7,1,"T","F",0,0,"T","T","hobsb101","burlr001","T","T",0,0,0,0,0,0,0,0,0,"","","",0,0,0,0,0,0,0,0,0,0,0,0,0,"dauer001","F","F","F","F",0,0,0,0,0,0,0,0,0,0,F,F,"1978BAL.EVA.regular.event.csv",5337
"BAL197809060","BOS",3,0,2,0,0,"",0,0,"hobsb101","?","hobsb101","?","martd001","?","martd001","?","dempr001","murre001","dauer001","decid001","garck001","kellp101","harll101","singk001","","","","8/L","F","F",5,9,2,"T","T",0,"F","F",1,"F","F",0,"F","F",8,"L","F","F","",0,0,"N",0,"N",0,"N",0,0,0,0,"8","","","","F","F","F","F","F","F","F","F","F","","","","F","F","F","F","F","","","","",0,8,0,0,0,0,0,0,0,19,"BAL","BOS","BAL",0,"F","T",0,0,0,8,2,"T","F",0,0,"T","T","burlr001","lynnf001","T","T",0,0,0,0,0,0,0,0,0,"","","",0,0,0,0,0,0,0,0,0,0,0,0,0,"harll101","F","F","F","F",0,0,0,0,0,0,0,0,0,0,F,F,"1978BAL.EVA.regular.event.csv",5338
"BAL197809060","BOS",3,1,0,0,0,"",0,0,"harll101","?","harll101","?","tianl101","?","tianl101","?","fiskc001","scotg102","brohj101","hobsb101","burlr001","ricej001","lynnf001","evand002","","","","K","T","F",8,1,3,"T","T",0,"F","F",1,"F","F",0,"F","F",0,"","F","F","",0,0,"N",0,"N",0,"N",0,0,0,0,"2","","","","F","F","F","F","F","F","F","F","F","","","","F","F","F","F","F","","","","",0,2,0,0,0,0,0,0,0,20,"BAL","BAL","BOS",1,"T","F",0,0,0,9,0,"T","F",0,0,"T","T","dauer001","singk001","T","T",0,0,0,0,0,0,0,0,0,"","","",0,0,0,0,0,0,0,0,0,0,0,0,0,"","F","F","F","F",0,0,0,0,0,0,0,0,0,0,F,F,"1978BAL.EVA.regular.event.csv",5339
"BAL197809060","BOS",3,1,1,0,0,"",0,0,"dauer001","?","dauer001","?","tianl101","?","tianl101","?","fiskc001","scotg102","brohj101","hobsb101","burlr001","ricej001","lynnf001","evand002","","","","S9","F","F",4,2,20,"T","T",1,"F","F",0,"F","F",0,"F","F",9,"","F","F","",0,0,"N",0,"N",0,"N",1,0,0,0,"","","","","F","F","F","F","F","F","F","F","F","","","","F","F","F","F","F","","","","",0,0,0,0,0,0,0,0,0,21,"BAL","BAL","BOS",1,"F","F",0,0,0,10,1,"T","F",0,1,"T","T","singk001","murre001","T","T",0,0,0,0,0,0,0,0,0,"","","",0,0,0,0,0,0,0,0,0,0,0,0,0,"evand002","F","F","F","F",0,0,0,0,0,0,0,0,0,0,F,F,"1978BAL.EVA.regular.event.csv",5340
"BAL197809060","BOS",3,1,1,0,0,"",0,0,"singk001","?","singk001","?","tianl101","?","tianl101","?","fiskc001","scotg102","brohj101","hobsb101","burlr001","ricej001","lynnf001","evand002","dauer001","","","46(1)3/GDP","F","F",9,3,2,"T","T",0,"F","F",2,"T","F",0,"F","F",4,"G","F","F","",0,0,"N",0,"N",0,"N",0,0,0,0,"63","46","","","F","F","F","F","F","F","F","F","F","tianl101","","","F","F","F","F","F","","","","",0,6,3,0,4,6,0,0,0,22,"BAL","BAL","BOS",1,"F","T",0,0,0,11,2,"T","F",1,0,"T","T","murre001","kellp101","T","T",4,2,21,0,0,0,0,0,0,"fiskc001","","",0,0,0,0,0,0,0,0,0,0,0,0,0,"brohj101","T","F","F","F",0,0,0,0,0,0,0,0,0,0,F,F,"1978BAL.EVA.regular.event.csv",5341
"BAL197809060","BOS",4,0,0,0,0,"",0,0,"burlr001","?","burlr001","?","martd001","?","martd001","?","dempr001","murre001","dauer001","decid001","garck001","kellp101","harll101","singk001","","","","63","T","F",6,1,2,"T","T",0,"F","F",1,"F","F",0,"F","F",6,"G","F","F","",0,0,"N",0,"N",0,"N",0,0,0,0,"63","","","","F","F","F","F","F","F","F","F","F","","","","F","F","F","F","F","","","","",0,3,0,0,6,0,0,0,0,23,"BAL","BOS","BAL",0,"T","F",0,0,0,9,0,"T","F",0,0,"T","T","lynnf001","ricej001","T","T",0,0,0,0,0,0,0,0,0,"","","",0,0,0,0,0,0,0,0,0,0,0,0,0,"garck001","F","F","F","F",0,0,0,0,0,0,0,0,0,0,F,F,"1978BAL.EVA.regular.event.csv",5342
"BAL197809060","BOS",4,0,1,0,0,"",0,0,"lynnf001","?","lynnf001","?","martd001","?","martd001","?","dempr001","murre001","dauer001","decid001","garck001","kellp101","harll101","singk001","","","","1E6.B-1","F","F",8,2,2,"T","T",0,"F","F",0,"F","F",0,"F","F",1,"G","F","F","",1,6,"D",0,"N",0,"N",1,0,0,0,"1E6","","","","F","F","F","F","F","F","F","F","F","","","","F","F","F","F","F","","","","",0,0,0,0,1,0,0,0,0,24,"BAL","BOS","BAL",0,"F","F",0,0,0,10,1,"T","F",0,1,"T","T","ricej001","yastc101","T","T",0,0,0,0,0,0,0,0,0,"","","",0,0,0,0,0,0,0,0,0,0,0,0,0,"martd001","F","F","F","T",0,0,0,0,0,0,0,0,0,0,F,F,"1978BAL.EVA.regular.event.csv",5343
"BAL197809060","BOS",4,0,1,0,0,"",0,0,"ricej001","?","ricej001","?","martd001","?","martd001","?","dempr001","murre001","dauer001","decid001","garck001","kellp101","harll101","singk001","lynnf001","","","CS2(26)","F","F",7,3,6,"F","F",0,"F","F",1,"F","F",0,"F","F",0,"","F","F","",0,0,"N",0,"N",0,"N",0,0,0,0,"","26","","","F","F","F","T","F","F","F","F","F","martd001","","","F","F","F","F","F","","","","",0,6,0,0,2,0,0,0,0,25,"BAL","BOS","BAL",0,"F","F",0,0,0,11,2,"T","F",1,0,"T","T","yastc101","fiskc001","T","T",8,2,24,0,0,0,0,0,0,"dempr001","","",0,0,0,0,0,0,0,0,0,0,0,0,0,"","F","F","F","F",0,0,0,0,0,0,0,0,0,0,F,F,"1978BAL.EVA.regular.event.csv",5344
"BAL197809060","BOS",4,0,2,0,0,"",0,0,"ricej001","?","ricej001","?","martd001","?","martd001","?","dempr001","murre001","dauer001","decid001","garck001","kellp101","harll101","singk001","","","","8","F","F",7,3,2,"T","T",0,"F","F",1,"F","F",0,"F","F",8,"F","F","F","",0,0,"N",0,"N",0,"N",0,0,0,0,"8","","","","F","F","F","F","F","F","F","F","F","","","","F","F","F","F","F","","","","",0,8,0,0,0,0,0,0,0,26,"BAL","BOS","BAL",0,"F","T",0,0,0,11,2,"F","F",0,0,"T","T","yastc101","fiskc001","T","T",0,0,0,0,0,0,0,0,0,"","","",0,0,0,0,0,0,0,0,0,0,0,0,0,"harll101","F","F","F","F",0,0,0,0,0,0,0,0,0,0,F,F,"1978BAL.EVA.regular.event.csv",5345
"BAL197809060","BOS",4,1,0,0,0,"",0,0,"murre001","?","murre001","?","tianl101","?","tianl101","?","fiskc001","scotg102","brohj101","hobsb101","burlr001","ricej001","lynnf001","evand002","","","","5/FL","T","F",3,4,2,"T","T",0,"F","F",1,"F","F",0,"F","F",5,"F","F","T","",0,0,"N",0,"N",0,"N",0,0,0,0,"5","","","","F","F","F","F","F","F","F","F","F","","","","F","F","F","F","F","","","","",0,5,0,0,0,0,0,0,0,27,"BAL","BAL","BOS",1,"T","F",0,0,0,12,0,"T","F",0,0,"T","T","kellp101","crowt101","T","T",0,0,0,0,0,0,0,0,0,"","","",0,0,0,0,0,0,0,0,0,0,0,0,0,"hobsb101","F","F","F","F",0,0,0,0,0,0,0,0,0,0,F,F,"1978BAL.EVA.regular.event.csv",5346
"BAL197809060","BOS",4,1,1,0,0,"",0,0,"kellp101","?","kellp101","?","tianl101","?","tianl101","?","fiskc001","scotg102","brohj101","hobsb101","burlr001","ricej001","lynnf001","evand002","","","","6","F","F",7,5,2,"T","T",0,"F","F",1,"F","F",0,"F","F",6,"F","F","F","",0,0,"N",0,"N",0,"N",0,0,0,0,"6","","","","F","F","F","F","F","F","F","F","F","","","","F","F","F","F","F","","","","",0,6,0,0,0,0,0,0,0,28,"BAL","BAL","BOS",1,"F","F",0,0,0,13,1,"T","F",0,0,"T","T","crowt101","decid001","T","T",0,0,0,0,0,0,0,0,0,"","","",0,0,0,0,0,0,0,0,0,0,0,0,0,"burlr001","F","F","F","F",0,0,0,0,0,0,0,0,0,0,F,F,"1978BAL.EVA.regular.event.csv",5347
"BAL197809060","BOS",4,1,2,0,0,"",0,0,"crowt101","?","crowt101","?","tianl101","?","tianl101","?","fiskc001","scotg102","brohj101","hobsb101","burlr001","ricej001","lynnf001","evand002","","","","8","F","F",10,6,2,"T","T",0,"F","F",1,"F","F",0,"F","F",8,"F","F","F","",0,0,"N",0,"N",0,"N",0,0,0,0,"8","","","","F","F","F","F","F","F","F","F","F","","","","F","F","F","F","F","","","","",0,8,0,0,0,0,0,0,0,29,"BAL","BAL","BOS",1,"F","T",0,0,0,14,2,"T","F",0,0,"T","T","decid001","dempr001","T","T",0,0,0,0,0,0,0,0,0,"","","",0,0,0,0,0,0,0,0,0,0,0,0,0,"lynnf001","F","F","F","F",0,0,0,0,0,0,0,0,0,0,F,F,"1978BAL.EVA.regular.event.csv",5348
"BAL197809060","BOS",5,0,0,0,0,"",0,0,"yastc101","?","yastc101","?","martd001","?","martd001","?","dempr001","murre001","dauer001","decid001","garck001","kellp101","harll101","singk001","","","","43","T","F",10,4,2,"T","T",0,"F","F",1,"F","F",0,"F","F",4,"G","F","F","",0,0,"N",0,"N",0,"N",0,0,0,0,"43","","","","F","F","F","F","F","F","F","F","F","","","","F","F","F","F","F","","","","",0,3,0,0,4,0,0,0,0,30,"BAL","BOS","BAL",0,"T","F",0,0,0,12,0,"T","F",0,0,"T","T","fiskc001","brohj101","T","T",0,0,0,0,0,0,0,0,0,"","","",0,0,0,0,0,0,0,0,0,0,0,0,0,"dauer001","F","F","F","F",0,0,0,0,0,0,0,0,0,0,F,F,"1978BAL.EVA.regular.event.csv",5349
"BAL197809060","BOS",5,0,1,0,0,"",0,0,"fiskc001","?","fiskc001","?","martd001","?","martd001","?","dempr001","murre001","dauer001","decid001","garck001","kellp101","harll101","singk001","","","","S7","F","F",2,5,20,"T","T",1,"F","F",0,"F","F",0,"F","F",7,"","F","F","",0,0,"N",0,"N",0,"N",1,0,0,0,"","","","","F","F","F","F","F","F","F","F","F","","","","F","F","F","F","F","","","","",0,0,0,0,0,0,0,0,0,31,"BAL","BOS","BAL",0,"F","F",0,0,0,13,1,"T","F",0,1,"T","T","brohj101","evand002","T","T",0,0,0,0,0,0,0,0,0,"","","",0,0,0,0,0,0,0,0,0,0,0,0,0,"kellp101","F","F","F","F",0,0,0,0,0,0,0,0,0,0,F,F,"1978BAL.EVA.regular.event.csv",5350
"BAL197809060","BOS",5,0,1,0,0,"",0,0,"brohj101","?","brohj101","?","martd001","?","martd001","?","dempr001","murre001","dauer001","decid001","garck001","kellp101","harll101","singk001","fiskc001","","","46(1)/FO","F","F",4,6,2,"T","T",0,"F","F",1,"F","F",0,"F","F",4,"G","F","F","",0,0,"N",0,"N",0,"N",1,0,0,0,"","46","","","F","F","F","F","F","F","F","F","F","martd001","","","F","F","F","F","F","","","","",0,6,0,0,4,0,0,0,0,32,"BAL","BOS","BAL",0,"F","F",0,0,0,14,2,"T","F",1,1,"T","T","evand002","scotg102","T","T",2,5,31,0,0,0,0,0,0,"dempr001","","",0,0,0,0,0,0,0,0,0,0,0,0,0,"dauer001","T","F","F","F",0,0,0,0,0,0,0,0,0,0,F,F,"1978BAL.EVA.regular.event.csv",5351
"BAL197809060","BOS",5,0,2,0,0,"",0,0,"evand002","?","evand002","?","martd001","?","martd001","?","dempr001","murre001","dauer001","decid001","garck001","kellp101","harll101","singk001","brohj101","","","8","F","F",9,7,2,"T","T",0,"F","F",1,"F","F",0,"F","F",8,"F","F","F","",0,0,"N",0,"N",0,"N",0,1,0,0,"8","","","","F","F","F","F","F","F","F","F","F","martd001","","","F","F","F","F","F","","","","",0,8,0,0,0,0,0,0,0,33,"BAL","BOS","BAL",0,"F","T",0,0,0,15,3,"T","F",1,1,"T","T","scotg102","hobsb101","T","T",4,6,32,0,0,0,0,0,0,"dempr001","","",0,0,0,0,0,0,0,0,0,0,0,0,0,"harll101","F","F","F","F",0,0,0,0,0,0,0,0,0,0,F,F,"1978BAL.EVA.regular.event.csv",5352
"BAL197809060","BOS",5,1,0,0,0,"",0,0,"decid001","?","decid001","?","tianl101","?","tianl101","?","fiskc001","scotg102","brohj101","hobsb101","burlr001","ricej001","lynnf001","evand002","","","","7","T","F",5,7,2,"T","T",0,"F","F",1,"F","F",0,"F","F",7,"F","F","F","",0,0,"N",0,"N",0,"N",0,0,0,0,"7","","","","F","F","F","F","F","F","F","F","F","","","","F","F","F","F","F","","","","",0,7,0,0,0,0,0,0,0,34,"BAL","BAL","BOS",1,"T","F",0,0,0,15,0,"T","F",0,0,"T","T","dempr001","garck001","T","T",0,0,0,0,0,0,0,0,0,"","","",0,0,0,0,0,0,0,0,0,0,0,0,0,"ricej001","F","F","F","F",0,0,0,0,0,0,0,0,0,0,F,F,"1978BAL.EVA.regular.event.csv",5353
"BAL197809060","BOS",5,1,1,0,0,"",0,0,"dempr001","?","dempr001","?","tianl101","?","tianl101","?","fiskc001","scotg102","brohj101","hobsb101","burlr001","ricej001","lynnf001","evand002","","","","7","F","F",2,8,2,"T","T",0,"F","F",1,"F","F",0,"F","F",7,"F","F","F","",0,0,"N",0,"N",0,"N",0,0,0,0,"7","","","","F","F","F","F","F","F","F","F","F","","","","F","F","F","F","F","","","","",0,7,0,0,0,0,0,0,0,35,"BAL","BAL","BOS",1,"F","F",0,0,0,16,1,"T","F",0,0,"T","T","garck001","harll101","T","T",0,0,0,0,0,0,0,0,0,"","","",0,0,0,0,0,0,0,0,0,0,0,0,0,"ricej001","F","F","F","F",0,0,0,0,0,0,0,0,0,0,F,F,"1978BAL.EVA.regular.event.csv",5354
"BAL197809060","BOS",5,1,2,0,0,"",0,0,"garck001","?","garck001","?","tianl101","?","tianl101","?","fiskc001","scotg102","brohj101","hobsb101","burlr001","ricej001","lynnf001","evand002","","","","8","F","F",6,9,2,"T","T",0,"F","F",1,"F","F",0,"F","F",8,"F","F","F","",0,0,"N",0,"N",0,"N",0,0,0,0,"8","","","","F","F","F","F","F","F","F","F","F","","","","F","F","F","F","F","","","","",0,8,0,0,0,0,0,0,0,36,"BAL","BAL","BOS",1,"F","T",0,0,0,17,2,"T","F",0,0,"T","T","harll101","dauer001","T","T",0,0,0,0,0,0,0,0,0,"","","",0,0,0,0,0,0,0,0,0,0,0,0,0,"lynnf001","F","F","F","F",0,0,0,0,0,0,0,0,0,0,F,F,"1978BAL.EVA.regular.event.csv",5355
"BAL197809060","BOS",6,0,0,0,0,"",0,0,"scotg102","?","scotg102","?","martd001","?","martd001","?","dempr001","murre001","dauer001","decid001","garck001","kellp101","harll101","singk001","","","","K","T","F",3,8,3,"T","T",0,"F","F",1,"F","F",0,"F","F",0,"","F","F","",0,0,"N",0,"N",0,"N",0,0,0,0,"2","","","","F","F","F","F","F","F","F","F","F","","","","F","F","F","F","F","","","","",0,2,0,0,0,0,0,0,0,37,"BAL","BOS","BAL",0,"T","F",0,0,0,16,0,"T","F",0,0,"T","T","hobsb101","burlr001","T","T",0,0,0,0,0,0,0,0,0,"","","",0,0,0,0,0,0,0,0,0,0,0,0,0,"","F","F","F","F",0,0,0,0,0,0,0,0,0,0,F,F,"1978BAL.EVA.regular.event.csv",5356
"BAL197809060","BOS",6,0,1,0,0,"",0,0,"hobsb101","?","hobsb101","?","martd001","?","martd001","?","dempr001","murre001","dauer001","decid001","garck001","kellp101","harll101","singk001","","","","63","F","F",5,9,2,"T","T",0,"F","F",1,"F","F",0,"F","F",6,"G","F","F","",0,0,"N",0,"N",0,"N",0,0,0,0,"63","","","","F","F","F","F","F","F","F","F","F","","","","F","F","F","F","F","","","","",0,3,0,0,6,0,0,0,0,38,"BAL","BOS","BAL",0,"F","F",0,0,0,17,1,"T","F",0,0,"T","T","burlr001","lynnf001","T","T",0,0,0,0,0,0,0,0,0,"","","",0,0,0,0,0,0,0,0,0,0,0,0,0,"garck001","F","F","F","F",0,0,0,0,0,0,0,0,0,0,F,F,"1978BAL.EVA.regular.event.csv",5357
"BAL197809060","BOS",6,0,2,0,0,"",0,0,"burlr001","?","burlr001","?","martd001","?","martd001","?","dempr001","murre001","dauer001","decid001","garck001","kellp101","harll101","singk001","","","","4","F","F",6,1,2,"T","T",0,"F","F",1,"F","F",0,"F","F",4,"F","F","F","",0,0,"N",0,"N",0,"N",0,0,0,0,"4","","","","F","F","F","F","F","F","F","F","F","","","","F","F","F","F","F","","","","",0,4,0,0,0,0,0,0,0,39,"BAL","BOS","BAL",0,"F","T",0,0,0,18,2,"T","F",0,0,"T","T","lynnf001","ricej001","T","T",0,0,0,0,0,0,0,0,0,"","","",0,0,0,0,0,0,0,0,0,0,0,0,0,"dauer001","F","F","F","F",0,0,0,0,0,0,0,0,0,0,F,F,"1978BAL.EVA.regular.event.csv",5358
"BAL197809060","BOS",6,1,0,0,0,"",0,0,"harll101","?","harll101","?","tianl101","?","tianl101","?","fiskc001","scotg102","brohj101","hobsb101","burlr001","ricej001","lynnf001","evand002","","","","K","T","F",8,1,3,"T","T",0,"F","F",1,"F","F",0,"F","F",0,"","F","F","",0,0,"N",0,"N",0,"N",0,0,0,0,"2","","","","F","F","F","F","F","F","F","F","F","","","","F","F","F","F","F","","","","",0,2,0,0,0,0,0,0,0,40,"BAL","BAL","BOS",1,"T","F",0,0,0,18,0,"T","F",0,0,"T","T","dauer001","singk001","T","T",0,0,0,0,0,0,0,0,0,"","","",0,0,0,0,0,0,0,0,0,0,0,0,0,"","F","F","F","F",0,0,0,0,0,0,0,0,0,0,F,F,"1978BAL.EVA.regular.event.csv",5359
"BAL197809060","BOS",6,1,1,0,0,"",0,0,"dauer001","?","dauer001","?","tianl101","?","tianl101","?","fiskc001","scotg102","brohj101","hobsb101","burlr001","ricej001","lynnf001","evand002","","","","6/L","F","F",4,2,2,"T","T",0,"F","F",1,"F","F",0,"F","F",6,"L","F","F","",0,0,"N",0,"N",0,"N",0,0,0,0,"6","","","","F","F","F","F","F","F","F","F","F","","","","F","F","F","F","F","","","","",0,6,0,0,0,0,0,0,0,41,"BAL","BAL","BOS",1,"F","F",0,0,0,19,1,"T","F",0,0,"T","T","singk001","murre001","T","T",0,0,0,0,0,0,0,0,0,"","","",0,0,0,0,0,0,0,0,0,0,0,0,0,"burlr001","F","F","F","F",0,0,0,0,0,0,0,0,0,0,F,F,"1978BAL.EVA.regular.event.csv",5360
"BAL197809060","BOS",6,1,2,0,0,"",0,0,"singk001","?","singk001","?","tianl101","?","tianl101","?","fiskc001","scotg102","brohj101","hobsb101","burlr001","ricej001","lynnf001","evand002","","","","43","F","F",9,3,2,"T","T",0,"F","F",1,"F","F",0,"F","F",4,"G","F","F","",0,0,"N",0,"N",0,"N",0,0,0,0,"43","","","","F","F","F","F","F","F","F","F","F","","","","F","F","F","F","F","","","","",0,3,0,0,4,0,0,0,0,42,"BAL","BAL","BOS",1,"F","T",0,0,0,20,2,"T","F",0,0,"T","T","murre001","kellp101","T","T",0,0,0,0,0,0,0,0,0,"","","",0,0,0,0,0,0,0,0,0,0,0,0,0,"brohj101","F","F","F","F",0,0,0,0,0,0,0,0,0,0,F,F,"1978BAL.EVA.regular.event.csv",5361
"BAL197809060","BOS",7,0,0,0,0,"",0,0,"lynnf001","?","lynnf001","?","martd001","?","martd001","?","dempr001","murre001","dauer001","decid001","garck001","kellp101","harll101","singk001","","","","43","T","F",8,2,2,"T","T",0,"F","F",1,"F","F",0,"F","F",4,"G","F","F","",0,0,"N",0,"N",0,"N",0,0,0,0,"43","","","","F","F","F","F","F","F","F","F","F","","","","F","F","F","F","F","","","","",0,3,0,0,4,0,0,0,0,43,"BAL","BOS","BAL",0,"T","F",0,0,0,19,0,"T","F",0,0,"T","T","ricej001","yastc101","T","T",0,0,0,0,0,0,0,0,0,"","","",0,0,0,0,0,0,0,0,0,0,0,0,0,"dauer001","F","F","F","F",0,0,0,0,2,0,0,0,0,0,F,F,"1978BAL.EVA.regular.event.csv",5362
"BAL197809060","BOS",7,0,1,0,0,"",0,0,"ricej001","?","ricej001","?","martd001","?","martd001","?","dempr001","murre001","dauer001","decid001","garck001","kellp101","harll101","singk001","","","","W","F","F",7,3,14,"T","F",0,"F","F",0,"F","F",0,"F","F",0,"","F","F","",0,0,"N",0,"N",0,"N",1,0,0,0,"","","","","F","F","F","F","F","F","F","F","F","","","","F","F","F","F","F","","","","",0,0,0,0,0,0,0,0,0,44,"BAL","BOS","BAL",0,"F","F",0,0,0,20,1,"T","F",0,1,"T","T","yastc101","fiskc001","T","T",0,0,0,0,0,0,0,0,0,"","","",0,0,0,0,0,0,0,0,0,0,0,0,0,"","F","F","F","F",4,0,0,0,2,0,0,0,0,0,F,F,"1978BAL.EVA.regular.event.csv",5363
"BAL197809060","BOS",7,0,1,0,0,"",0,0,"yastc101","?","yastc101","?","martd001","?","martd001","?","dempr001","murre001","dauer001","decid001","garck001","kellp101","harll101","singk001","ricej001","","","HR/7.1-H","F","F",10,4,23,"T","T",4,"F","F",0,"F","F",2,"F","F",0,"","F","F","7",0,0,"N",0,"N",0,"N",4,4,0,0,"","","","","F","F","F","F","F","F","F","F","F","martd001","","","F","F","F","F","F","","","","",0,0,0,0,0,0,0,0,0,45,"BAL","BOS","BAL",0,"F","F",0,0,0,21,2,"T","F",1,0,"T","T","fiskc001","brohj101","T","T",7,3,44,0,0,0,0,0,0,"dempr001","","",0,0,0,0,0,0,0,0,0,0,0,0,2,"","F","F","F","F",4,4,0,0,0,0,0,0,0,0,F,F,"1978BAL.EVA.regular.event.csv",5364
"BAL197809060","BOS",7,0,1,0,0,"",2,0,"fiskc001","?","fiskc001","?","martd001","?","martd001","?","dempr001","murre001","dauer001","decid001","garck001","kellp101","harll101","singk001","","","","63","F","F",2,5,2,"T","T",0,"F","F",1,"F","F",0,"F","F",6,"G","F","F","",0,0,"N",0,"N",0,"N",0,0,0,0,"63","","","","F","F","F","F","F","F","F","F","F","","","","F","F","F","F","F","","","","",0,3,0,0,6,0,0,0,0,46,"BAL","BOS","BAL",0,"F","F",2,0,2,22,3,"T","F",0,0,"T","T","brohj101","evand002","T","T",0,0,0,0,0,0,0,0,0,"","","",0,0,0,0,0,0,0,0,0,0,0,0,0,"garck001","F","F","F","F",0,0,0,0,0,0,0,0,0,0,F,F,"1978BAL.EVA.regular.event.csv",5365
"BAL197809060","BOS",7,0,2,0,0,"",2,0,"brohj101","?","brohj101","?","martd001","?","martd001","?","dempr001","murre001","dauer001","decid001","garck001","kellp101","harll101","singk001","","","","8","F","F",4,6,2,"T","T",0,"F","F",1,"F","F",0,"F","F",8,"F","F","F","",0,0,"N",0,"N",0,"N",0,0,0,0,"8","","","","F","F","F","F","F","F","F","F","F","","","","F","F","F","F","F","","","","",0,8,0,0,0,0,0,0,0,47,"BAL","BOS","BAL",0,"F","T",2,0,2,23,4,"T","F",0,0,"T","T","evand002","scotg102","T","T",0,0,0,0,0,0,0,0,0,"","","",0,0,0,0,0,0,0,0,0,0,0,0,0,"harll101","F","F","F","F",0,0,0,0,0,0,0,0,0,0,F,F,"1978BAL.EVA.regular.event.csv",5366
"BAL197809060","BOS",7,1,0,0,0,"",2,0,"murre001","?","murre001","?","tianl101","?","tianl101","?","fiskc001","scotg102","remyj001","hobsb101","burlr001","ricej001","lynnf001","evand002","","","","3/G","T","F",3,4,2,"T","T",0,"F","F",1,"F","F",0,"F","F",3,"G","F","F","",0,0,"N",0,"N",0,"N",0,0,0,0,"3","","","","F","F","F","F","F","F","F","F","F","","","","F","F","F","F","F","","","","",0,3,0,0,0,0,0,0,0,48,"BAL","BAL","BOS",1,"T","F",0,2,0,21,0,"T","F",0,0,"T","T","kellp101","crowt101","T","T",0,0,0,0,0,0,0,0,0,"","","",0,0,0,0,0,0,0,0,0,0,0,0,0,"scotg102","F","F","F","F",0,0,0,0,0,0,0,0,0,0,F,F,"1978BAL.EVA.regular.event.csv",5367
"BAL197809060","BOS",7,1,1,0,0,"",2,0,"kellp101","?","kellp101","?","tianl101","?","tianl101","?","fiskc001","scotg102","remyj001","hobsb101","burlr001","ricej001","lynnf001","evand002","","","","5","F","F",7,5,2,"T","T",0,"F","F",1,"F","F",0,"F","F",5,"F","F","F","",0,0,"N",0,"N",0,"N",0,0,0,0,"5","","","","F","F","F","F","F","F","F","F","F","","","","F","F","F","F","F","","","","",0,5,0,0,0,0,0,0,0,49,"BAL","BAL","BOS",1,"F","F",0,2,0,22,1,"T","F",0,0,"T","T","crowt101","decid001","T","T",0,0,0,0,0,0,0,0,0,"","","",0,0,0,0,0,0,0,0,0,0,0,0,0,"hobsb101","F","F","F","F",0,0,0,0,0,0,0,0,0,0,F,F,"1978BAL.EVA.regular.event.csv",5368
"BAL197809060","BOS",7,1,2,0,0,"",2,0,"crowt101","?","crowt101","?","tianl101","?","tianl101","?","fiskc001","scotg102","remyj001","hobsb101","burlr001","ricej001","lynnf001","evand002","","","","S9","F","F",10,6,20,"T","T",1,"F","F",0,"F","F",0,"F","F",9,"","F","F","",0,0,"N",0,"N",0,"N",1,0,0,0,"","","","","F","F","F","F","F","F","F","F","F","","","","F","F","F","F","F","","","","",0,0,0,0,0,0,0,0,0,50,"BAL","BAL","BOS",1,"F","F",0,2,0,23,2,"T","F",0,1,"T","T","decid001","dempr001","T","T",0,0,0,0,0,0,0,0,0,"","","",0,0,0,0,0,0,0,0,0,0,0,0,0,"evand002","F","F","F","F",0,0,0,0,0,0,0,0,0,0,F,F,"1978BAL.EVA.regular.event.csv",5369
"BAL197809060","BOS",7,1,2,0,0,"",2,0,"decid001","?","decid001","?","tianl101","?","tianl101","?","fiskc001","scotg102","remyj001","hobsb101","burlr001","ricej001","lynnf001","evand002","crowt101","","","K","F","F",5,7,3,"T","T",0,"F","F",1,"F","F",0,"F","F",0,"","F","F","",0,0,"N",0,"N",0,"N",0,1,0,0,"2","","","","F","F","F","F","F","F","F","F","F","tianl101","","","F","F","F","F","F","","","","",0,2,0,0,0,0,0,0,0,51,"BAL","BAL","BOS",1,"F","T",0,2,0,24,3,"T","F",1,1,"T","T","dempr001","garck001","T","T",10,6,50,0,0,0,0,0,0,"fiskc001","","",0,0,0,0,0,0,0,0,0,0,0,0,0,"","F","F","F","F",0,0,0,0,0,0,0,0,0,0,F,F,"1978BAL.EVA.regular.event.csv",5370
"BAL197809060","BOS",8,0,0,0,0,"",2,0,"evand002","?","evand002","?","martd001","?","martd001","?","dempr001","murre001","dauer001","decid001","garck001","kellp101","harll101","singk001","","","","W","T","F",9,7,14,"T","F",0,"F","F",0,"F","F",0,"F","F",0,"","F","F","",0,0,"N",0,"N",0,"N",1,0,0,0,"","","","","F","F","F","F","F","F","F","F","F","","","","F","F","F","F","F","","","","",0,0,0,0,0,0,0,0,0,52,"BAL","BOS","BAL",0,"T","F",2,0,0,24,0,"T","F",0,1,"T","T","scotg102","hobsb101","T","T",0,0,0,0,0,0,0,0,0,"","","",0,0,0,0,0,0,0,0,0,0,0,0,0,"","F","F","F","F",0,0,0,0,0,0,0,0,0,0,F,F,"1978BAL.EVA.regular.event.csv",5371
"BAL197809060","BOS",8,0,0,0,0,"",2,0,"scotg102","?","scotg102","?","martd001","?","martd001","?","dempr001","murre001","dauer001","decid001","garck001","kellp101","harll101","singk001","evand002","","","34/SH/BG.1-2","F","F",3,8,2,"T","F",0,"T","F",1,"F","F",0,"F","F",3,"G","T","F","",0,0,"N",0,"N",0,"N",0,2,0,0,"34","","","","F","F","F","F","F","F","F","F","F","martd001","","","F","F","F","F","F","","","","",0,4,0,0,3,0,0,0,0,53,"BAL","BOS","BAL",0,"F","F",2,0,0,25,1,"T","F",1,2,"T","T","hobsb101","burlr001","T","T",9,7,52,0,0,0,0,0,0,"dempr001","","",0,0,0,0,0,0,0,0,0,0,0,0,0,"murre001","F","F","F","F",0,0,0,0,0,0,0,0,0,0,F,F,"1978BAL.EVA.regular.event.csv",5372
"BAL197809060","BOS",8,0,1,0,0,"",2,0,"hobsb101","?","hobsb101","?","martd001","?","martd001","?","dempr001","murre001","dauer001","decid001","garck001","kellp101","harll101","singk001","","evand002","","9.2-3","F","F",5,9,2,"T","T",0,"F","F",1,"F","F",0,"F","F",9,"F","F","F","",0,0,"N",0,"N",0,"N",0,0,3,0,"9","","","","F","F","F","F","F","F","F","F","F","","martd001","","F","F","F","F","F","","","","",0,9,0,0,0,0,0,0,0,54,"BAL","BOS","BAL",0,"F","F",2,0,0,26,2,"T","F",2,4,"T","T","burlr001","lynnf001","T","T",0,0,0,9,7,52,0,0,0,"","dempr001","",0,0,0,0,0,0,0,0,0,0,0,0,0,"singk001","F","F","F","F",0,0,0,0,0,0,0,0,0,0,F,F,"1978BAL.EVA.regular.event.csv",5373
"BAL197809060","BOS",8,0,2,0,0,"",2,0,"burlr001","?","burlr001","?","martd001","?","martd001","?","dempr001","murre001","dauer001","decid001","garck001","kellp101","harll101","singk001","","","evand002","53","F","F",6,1,2,"T","T",0,"F","F",1,"F","F",0,"F","F",5,"G","F","F","",0,0,"N",0,"N",0,"N",0,0,0,3,"53","","","","F","F","F","F","F","F","F","F","F","","","martd001","F","F","F","F","F","","","","",0,3,0,0,5,0,0,0,0,55,"BAL","BOS","BAL",0,"F","T",2,0,0,27,3,"T","F",4,4,"T","T","lynnf001","ricej001","T","T",0,0,0,0,0,0,9,7,52,"","","dempr001",0,0,0,0,0,0,0,0,0,0,0,0,0,"decid001","F","F","F","F",0,0,0,0,0,0,0,0,0,0,F,F,"1978BAL.EVA.regular.event.csv",5374
"BAL197809060","BOS",8,1,0,0,0,"",2,0,"dempr001","?","dempr001","?","tianl101","?","tianl101","?","fiskc001","scotg102","remyj001","hobsb101","burlr001","ricej001","lynnf001","evand002","","","","3/G","T","F",2,8,2,"T","T",0,"F","F",1,"F","F",0,"F","F",3,"G","F","F","",0,0,"N",0,"N",0,"N",0,0,0,0,"3","","","","F","F","F","F","F","F","F","F","F","","","","F","F","F","F","F","","","","",0,3,0,0,0,0,0,0,0,56,"BAL","BAL","BOS",1,"T","F",0,2,0,25,0,"T","F",0,0,"T","T","garck001","harll101","T","T",0,0,0,0,0,0,0,0,0,"","","",0,0,0,0,0,0,0,0,0,0,0,0,0,"scotg102","F","F","F","F",0,0,0,0,0,0,0,0,0,0,F,F,"1978BAL.EVA.regular.event.csv",5375
"BAL197809060","BOS",8,1,1,0,0,"",2,0,"garck001","?","garck001","?","tianl101","?","tianl101","?","fiskc001","scotg102","remyj001","hobsb101","burlr001","ricej001","lynnf001","evand002","","","","K","F","F",6,9,3,"T","T",0,"F","F",1,"F","F",0,"F","F",0,"","F","F","",0,0,"N",0,"N",0,"N",0,0,0,0,"2","","","","F","F","F","F","F","F","F","F","F","","","","F","F","F","F","F","","","","",0,2,0,0,0,0,0,0,0,57,"BAL","BAL","BOS",1,"F","F",0,2,0,26,1,"T","F",0,0,"T","T","harll101","dauer001","T","T",0,0,0,0,0,0,0,0,0,"","","",0,0,0,0,0,0,0,0,0,0,0,0,0,"","F","F","F","F",0,0,0,0,0,0,0,0,0,0,F,F,"1978BAL.EVA.regular.event.csv",5376
"BAL197809060","BOS",8,1,2,0,0,"",2,0,"harll101","?","harll101","?","tianl101","?","tianl101","?","fiskc001","scotg102","remyj001","hobsb101","burlr001","ricej001","lynnf001","evand002","","","","43","F","F",8,1,2,"T","T",0,"F","F",1,"F","F",0,"F","F",4,"G","F","F","",0,0,"N",0,"N",0,"N",0,0,0,0,"43","","","","F","F","F","F","F","F","F","F","F","","","","F","F","F","F","F","","","","",0,3,0,0,4,0,0,0,0,58,"BAL","BAL","BOS",1,"F","T",0,2,0,27,2,"T","F",0,0,"T","T","dauer001","singk001","T","T",0,0,0,0,0,0,0,0,0,"","","",0,0,0,0,0,0,0,0,0,0,0,0,0,"remyj001","F","F","F","F",0,0,0,0,0,0,0,0,0,0,F,F,"1978BAL.EVA.regular.event.csv",5377
"BAL197809060","BOS",9,0,0,0,0,"",2,0,"lynnf001","?","lynnf001","?","martd001","?","martd001","?","dempr001","murre001","dauer001","decid001","garck001","kellp101","harll101","singk001","","","","31","T","F",8,2,2,"T","T",0,"F","F",1,"F","F",0,"F","F",3,"G","F","F","",0,0,"N",0,"N",0,"N",0,0,0,0,"31","","","","F","F","F","F","F","F","F","F","F","","","","F","F","F","F","F","","","","",0,1,0,0,3,0,0,0,0,59,"BAL","BOS","BAL",0,"T","F",2,0,0,28,0,"T","F",0,0,"T","T","ricej001","yastc101","T","T",0,0,0,0,0,0,0,0,0,"","","",0,0,0,0,0,0,0,0,0,0,0,0,0,"murre001","F","F","F","F",0,0,0,0,0,0,0,0,0,0,F,F,"1978BAL.EVA.regular.event.csv",5378
"BAL197809060","BOS",9,0,1,0,0,"",2,0,"ricej001","?","ricej001","?","martd001","?","martd001","?","dempr001","murre001","dauer001","decid001","garck001","kellp101","harll101","singk001","","","","7","F","F",7,3,2,"T","T",0,"F","F",1,"F","F",0,"F","F",7,"F","F","F","",0,0,"N",0,"N",0,"N",0,0,0,0,"7","","","","F","F","F","F","F","F","F","F","F","","","","F","F","F","F","F","","","","",0,7,0,0,0,0,0,0,0,60,"BAL","BOS","BAL",0,"F","F",2,0,0,29,1,"T","F",0,0,"T","T","yastc101","fiskc001","T","T",0,0,0,0,0,0,0,0,0,"","","",0,0,0,0,0,0,0,0,0,0,0,0,0,"kellp101","F","F","F","F",0,0,0,0,0,0,0,0,0,0,F,F,"1978BAL.EVA.regular.event.csv",5379
"BAL197809060","BOS",9,0,2,0,0,"",2,0,"yastc101","?","yastc101","?","martd001","?","martd001","?","dempr001","murre001","dauer001","decid001","garck001","kellp101","harll101","singk001","","","","7","F","F",10,4,2,"T","T",0,"F","F",1,"F","F",0,"F","F",7,"F","F","F","",0,0,"N",0,"N",0,"N",0,0,0,0,"7","","","","F","F","F","F","F","F","F","F","F","","","","F","F","F","F","F","","","","",0,7,0,0,0,0,0,0,0,61,"BAL","BOS","BAL",0,"F","T",2,0,0,30,2,"T","F",0,0,"T","T","fiskc001","remyj001","T","T",0,0,0,0,0,0,0,0,0,"","","",0,0,0,0,0,0,0,0,0,0,0,0,0,"kellp101","F","F","F","F",0,0,0,0,0,0,0,0,0,0,F,F,"1978BAL.EVA.regular.event.csv",5380
"BAL197809060","BOS",9,1,0,0,0,"",2,0,"dauer001","?","dauer001","?","tianl101","?","tianl101","?","fiskc001","scotg102","remyj001","hobsb101","burlr001","ricej001","lynnf001","evand002","","","","K","T","F",4,2,3,"T","T",0,"F","F",1,"F","F",0,"F","F",0,"","F","F","",0,0,"N",0,"N",0,"N",0,0,0,0,"2","","","","F","F","F","F","F","F","F","F","F","","","","F","F","F","F","F","","","","",0,2,0,0,0,0,0,0,0,62,"BAL","BAL","BOS",1,"T","F",0,2,0,28,0,"T","F",0,0,"T","T","singk001","murre001","T","T",0,0,0,0,0,0,0,0,0,"","","",0,0,0,0,0,0,0,0,0,0,0,0,0,"","F","F","F","F",0,0,0,0,0,0,0,0,0,0,F,F,"1978BAL.EVA.regular.event.csv",5381
"BAL197809060","BOS",9,1,1,0,0,"",2,0,"singk001","?","singk001","?","tianl101","?","tianl101","?","fiskc001","scotg102","remyj001","hobsb101","burlr001","ricej001","lynnf001","evand002","","","","7","F","F",9,3,2,"T","T",0,"F","F",1,"F","F",0,"F","F",7,"F","F","F","",0,0,"N",0,"N",0,"N",0,0,0,0,"7","","","","F","F","F","F","F","F","F","F","F","","","","F","F","F","F","F","","","","",0,7,0,0,0,0,0,0,0,63,"BAL","BAL","BOS",1,"F","F",0,2,0,29,1,"T","F",0,0,"T","T","murre001","kellp101","T","T",0,0,0,0,0,0,0,0,0,"","","",0,0,0,0,0,0,0,0,0,0,0,0,0,"ricej001","F","F","F","F",0,0,0,0,0,0,0,0,0,0,F,F,"1978BAL.EVA.regular.event.csv",5382
"BAL197809060","BOS",9,1,2,0,0,"",2,0,"murre001","?","murre001","?","tianl101","?","tianl101","?","fiskc001","scotg102","remyj001","hobsb101","burlr001","ricej001","lynnf001","evand002","","","","8","F","F",3,4,2,"T","T",0,"F","F",1,"F","F",0,"F","F",8,"F","F","F","",0,0,"N",0,"N",0,"N",0,0,0,0,"8","","","","F","F","F","F","F","F","F","F","F","","","","F","T","F","F","F","","","","",0,8,0,0,0,0,0,0,0,64,"BAL","BAL","BOS",1,"F","T",0,2,0,30,2,"T","F",0,0,"T","T","kellp101","crowt101","T","T",0,0,0,0,0,0,0,0,0,"","","",0,0,0,0,0,0,0,0,0,0,0,0,0,"lynnf001","F","F","F","F",0,0,0,0,0,0,0,0,0,0,F,F,"1978BAL.EVA.regular.event.csv",5383
"BAL197809150","TOR",1,0,0,0,0,"",0,0,"boser101","?","boser101","?","palmj001","?","palmj001","?","dempr001","murre001","dauer001","decid001","garck001","kellp101","harll101","singk001","","","","K","T","F",8,1,3,"T","T",0,"F","F",1,"F","F",0,"F","F",0,"","F","F","",0,0,"N",0,"N",0,"N",0,0,0,0,"2","","","","F","F","F","F","F","F","F","F","F","","","","T","F","F","F","F","","","","",0,2,0,0,0,0,0,0,0,1,"BAL","TOR","BAL",0,"T","F",0,0,0,0,0,"T","F",0,0,"T","T","bailb001","hower001","T","T",0,0,0,0,0,0,0,0,0,"","","",0,0,0,0,0,0,0,0,0,0,0,0,0,"","F","F","F","F",0,0,0,0,3,0,0,0,0,0,F,F,"1978BAL.EVA.regular.event.csv",5384
"BAL197809150","TOR",1,0,1,0,0,"",0,0,"bailb001","?","bailb001","?","palmj001","?","palmj001","?","dempr001","murre001","dauer001","decid001","garck001","kellp101","harll101","singk001","","","","W","F","F",9,2,14,"T","F",0,"F","F",0,"F","F",0,"F","F",0,"","F","F","",0,0,"N",0,"N",0,"N",1,0,0,0,"","","","","F","F","F","F","F","F","F","F","F","","","","F","F","F","F","F","","","","",0,0,0,0,0,0,0,0,0,2,"BAL","TOR","BAL",0,"F","F",0,0,0,1,1,"T","F",0,1,"T","T","hower001","hortw101","T","T",0,0,0,0,0,0,0,0,0,"","","",0,0,0,0,0,0,0,0,0,0,0,0,0,"","F","F","F","F",4,0,0,0,3,0,0,0,0,0,F,F,"1978BAL.EVA.regular.event.csv",5385
"BAL197809150","TOR",1,0,1,0,0,"",0,0,"hower001","?","hower001","?","palmj001","?","palmj001","?","dempr001","murre001","dauer001","decid001","garck001","kellp101","harll101","singk001","bailb001","","","S1.1-2","F","F",5,3,20,"T","T",1,"F","F",0,"F","F",0,"F","F",1,"","F","F","",0,0,"N",0,"N",0,"N",1,2,0,0,"","","","","F","F","F","F","F","F","F","F","F","palmj001","","","F","F","F","F","F","","","","",0,0,0,0,0,0,0,0,0,3,"BAL","TOR","BAL",0,"F","F",0,0,0,2,2,"T","F",1,3,"T","T","hortw101","maybj101","T","T",9,2,2,0,0,0,0,0,0,"dempr001","","",0,0,0,0,0,0,0,0,0,0,0,0,0,"palmj001","F","F","F","F",4,4,0,0,3,0,0,0,0,0,F,F,"1978BAL.EVA.regular.event.csv",5386
"BAL197809150","TOR",1,0,1,0,0,"",0,0,"hortw101","?","hortw101","?","palmj001","?","palmj001","?","dempr001","murre001","dauer001","decid001","garck001","kellp101","harll101","singk001","hower001","bailb001","","HR/7.2-H;1-H","F","F",10,4,23,"T","T",4,"F","F",0,"F","F",3,"F","F",0,"","F","F","7",0,0,"N",0,"N",0,"N",4,4,4,0,"","","","","F","F","F","F","F","F","F","F","F","palmj001","palmj001","","F","F","F","F","F","","","","",0,0,0,0,0,0,0,0,0,4,"BAL","TOR","BAL",0,"F","F",0,0,0,3,3,"T","F",3,0,"T","T","maybj101","wooda001","T","T",5,3,3,9,2,2,0,0,0,"dempr001","dempr001","",0,0,0,0,0,0,0,0,0,0,0,0,3,"","F","F","F","F",4,4,4,0,0,0,0,0,0,0,F,F,"1978BAL.EVA.regular.event.csv",5387
"BAL197809150","TOR",1,0,1,0,0,"",3,0,"maybj101","?","maybj101","?","palmj001","?","palmj001","?","dempr001","murre001","dauer001","decid001","garck001","kellp101","harll101","singk001","","","","43","F","F",3,5,2,"T","T",0,"F","F",1,"F","F",0,"F","F",4,"G","F","F","",0,0,"N",0,"N",0,"N",0,0,0,0,"43","","","","F","F","F","F","F","F","F","F","F","","","","F","F","F","F","F","","","","",0,3,0,0,4,0,0,0,0,5,"BAL","TOR","BAL",0,"F","F",3,0,3,4,4,"T","F",0,0,"T","T","wooda001","ashba001","T","T",0,0,0,0,0,0,0,0,0,"","","",0,0,0,0,0,0,0,0,0,0,0,0,0,"dauer001","F","F","F","F",0,0,0,0,0,0,0,0,0,0,F,F,"1978BAL.EVA.regular.event.csv",5388
"BAL197809150","TOR",1,0,2,0,0,"",3,0,"wooda001","?","wooda001","?","palmj001","?","palmj001","?","dempr001","murre001","dauer001","decid001","garck001","kellp101","harll101","singk001","","","","13","F","F",7,6,2,"T","T",0,"F","F",1,"F","F",0,"F","F",1,"G","F","F","",0,0,"N",0,"N",0,"N",0,0,0,0,"13","","","","F","F","F","F","F","F","F","F","F","","","","F","F","F","F","F","","","","",0,3,0,0,1,0,0,0,0,6,"BAL","TOR","BAL",0,"F","T",3,0,3,5,5,"T","F",0,0,"T","T","ashba001","mckad101","T","T",0,0,0,0,0,0,0,0,0,"","","",0,0,0,0,0,0,0,0,0,0,0,0,0,"palmj001","F","F","F","F",0,0,0,0,0,0,0,0,0,0,F,F,"1978BAL.EVA.regular.event.csv",5389
"BAL197809150","TOR",1,1,0,0,0,"",3,0,"harll101","?","harll101","?","clanj001","?","clanj001","?","ashba001","maybj101","mckad101","hower001","gomel101","wooda001","boser101","bailb001","","","","W","T","F",8,1,14,"T","F",0,"F","F",0,"F","F",0,"F","F",0,"","F","F","",0,0,"N",0,"N",0,"N",1,0,0,0,"","","","","F","F","F","F","F","F","F","F","F","","","","F","F","F","F","F","","","","",0,0,0,0,0,0,0,0,0,7,"BAL","BAL","TOR",1,"T","F",0,3,0,0,0,"T","F",0,1,"T","T","kellp101","singk001","T","T",0,0,0,0,0,0,0,0,0,"","","",0,0,0,0,0,0,0,0,0,0,0,0,0,"","F","F","F","F",0,0,0,0,0,0,0,0,0,0,F,F,"1978BAL.EVA.regular.event.csv",5390
"BAL197809150","TOR",1,1,0,0,0,"",3,0,"kellp101","?","kellp101","?","clanj001","?","clanj001","?","ashba001","maybj101","mckad101","hower001","gomel101","wooda001","boser101","bailb001","harll101","","","W.1-2","F","F",7,2,14,"T","F",0,"F","F",0,"F","F",0,"F","F",0,"","F","F","",0,0,"N",0,"N",0,"N",1,2,0,0,"","","","","F","F","F","F","F","F","F","F","F","clanj001","","","F","F","F","F","F","","","","",0,0,0,0,0,0,0,0,0,8,"BAL","BAL","TOR",1,"F","F",0,3,0,1,1,"T","F",1,3,"T","T","singk001","murre001","T","T",8,1,7,0,0,0,0,0,0,"ashba001","","",0,0,0,0,0,0,0,0,0,0,0,0,0,"","F","F","F","F",0,0,0,0,0,0,0,0,0,0,F,F,"1978BAL.EVA.regular.event.csv",5391
"BAL197809150","TOR",1,1,0,0,0,"",3,0,"singk001","?","singk001","?","clanj001","?","clanj001","?","ashba001","maybj101","mckad101","hower001","gomel101","wooda001","boser101","bailb001","kellp101","harll101","","43.2-3;1-2","F","F",9,3,2,"T","T",0,"F","F",1,"F","F",0,"F","F",4,"G","F","F","",0,0,"N",0,"N",0,"N",0,2,3,0,"43","","","","F","F","F","F","F","F","F","F","F","clanj001","clanj001","","F","F","F","F","F","","","","",0,3,0,0,4,0,0,0,0,9,"BAL","BAL","TOR",1,"F","F",0,3,0,2,2,"T","F",3,6,"T","T","murre001","decid001","T","T",7,2,8,8,1,7,0,0,0,"ashba001","ashba001","",0,0,0,0,0,0,0,0,0,0,0,0,0,"mckad101","F","F","F","F",0,0,0,0,0,0,0,0,0,0,F,F,"1978BAL.EVA.regular.event.csv",5392
"BAL197809150","TOR",1,1,1,0,0,"",3,0,"murre001","?","murre001","?","clanj001","?","clanj001","?","ashba001","maybj101","mckad101","hower001","gomel101","wooda001","boser101","bailb001","","kellp101","harll101","K","F","F",3,4,3,"T","T",0,"F","F",1,"F","F",0,"F","F",0,"","F","F","",0,0,"N",0,"N",0,"N",0,0,2,3,"2","","","","F","F","F","F","F","F","F","F","F","","clanj001","clanj001","F","F","F","F","F","","","","",0,2,0,0,0,0,0,0,0,10,"BAL","BAL","TOR",1,"F","F",0,3,0,3,3,"T","F",6,6,"T","T","decid001","may-l101","T","T",0,0,0,7,2,8,8,1,7,"","ashba001","ashba001",0,0,0,0,0,0,0,0,0,0,0,0,0,"","F","F","F","F",0,0,0,0,0,0,0,0,0,0,F,F,"1978BAL.EVA.regular.event.csv",5393
"BAL197809150","TOR",1,1,2,0,0,"",3,0,"decid001","?","decid001","?","clanj001","?","clanj001","?","ashba001","maybj101","mckad101","hower001","gomel101","wooda001","boser101","bailb001","","kellp101","harll101","53","F","F",5,5,2,"T","T",0,"F","F",1,"F","F",0,"F","F",5,"G","F","F","",0,0,"N",0,"N",0,"N",0,0,2,3,"53","","","","F","F","F","F","F","F","F","F","F","","clanj001","clanj001","F","F","F","F","F","","","","",0,3,0,0,5,0,0,0,0,11,"BAL","BAL","TOR",1,"F","T",0,3,0,4,4,"T","F",6,6,"T","T","may-l101","dempr001","T","T",0,0,0,7,2,8,8,1,7,"","ashba001","ashba001",0,0,0,0,0,0,0,0,0,0,0,0,0,"hower001","F","F","F","F",0,0,0,0,0,0,0,0,0,0,F,F,"1978BAL.EVA.regular.event.csv",5394
"BAL197809150","TOR",2,0,0,0,0,"",3,0,"ashba001","?","ashba001","?","palmj001","?","palmj001","?","dempr001","murre001","dauer001","decid001","garck001","kellp101","harll101","singk001","","","","3/P","T","F",2,7,2,"T","T",0,"F","F",1,"F","F",0,"F","F",3,"P","F","F","",0,0,"N",0,"N",0,"N",0,0,0,0,"3","","","","F","F","F","F","F","F","F","F","F","","","","F","F","F","F","F","","","","",0,3,0,0,0,0,0,0,0,12,"BAL","TOR","BAL",0,"T","F",3,0,0,6,0,"T","F",0,0,"T","T","mckad101","gomel101","T","T",0,0,0,0,0,0,0,0,0,"","","",0,0,0,0,0,0,0,0,0,0,0,0,0,"murre001","F","F","F","F",0,0,0,0,0,0,0,0,0,0,F,F,"1978BAL.EVA.regular.event.csv",5395
"BAL197809150","TOR",2,0,1,0,0,"",3,0,"mckad101","?","mckad101","?","palmj001","?","palmj001","?","dempr001","murre001","dauer001","decid001","garck001","kellp101","harll101","singk001","","","","43","F","F",4,8,2,"T","T",0,"F","F",1,"F","F",0,"F","F",4,"G","F","F","",0,0,"N",0,"N",0,"N",0,0,0,0,"43","","","","F","F","F","F","F","F","F","F","F","","","","F","F","F","F","F","","","","",0,3,0,0,4,0,0,0,0,13,"BAL","TOR","BAL",0,"F","F",3,0,0,7,1,"T","F",0,0,"T","T","gomel101","boser101","T","T",0,0,0,0,0,0,0,0,0,"","","",0,0,0,0,0,0,0,0,0,0,0,0,0,"dauer001","F","F","F","F",0,0,0,0,0,0,0,0,0,0,F,F,"1978BAL.EVA.regular.event.csv",5396
"BAL197809150","TOR",2,0,2,0,0,"",3,0,"gomel101","?","gomel101","?","palmj001","?","palmj001","?","dempr001","murre001","dauer001","decid001","garck001","kellp101","harll101","singk001","","","","9","F","F",6,9,2,"T","T",0,"F","F",1,"F","F",0,"F","F",9,"F","F","F","",0,0,"N",0,"N",0,"N",0,0,0,0,"9","","","","F","F","F","F","F","F","F","F","F","","","","F","F","F","F","F","","","","",0,9,0,0,0,0,0,0,0,14,"BAL","TOR","BAL",0,"F","T",3,0,0,8,2,"T","F",0,0,"T","T","boser101","bailb001","T","T",0,0,0,0,0,0,0,0,0,"","","",0,0,0,0,0,0,0,0,0,0,0,0,0,"singk001","F","F","F","F",0,0,0,0,0,0,0,0,0,0,F,F,"1978BAL.EVA.regular.event.csv",5397
"BAL197809150","TOR",2,1,0,0,0,"",3,0,"may-l101","?","may-l101","?","clanj001","?","clanj001","?","ashba001","maybj101","mckad101","hower001","gomel101","wooda001","boser101","bailb001","","","","K","T","F",10,6,3,"T","T",0,"F","F",1,"F","F",0,"F","F",0,"","F","F","",0,0,"N",0,"N",0,"N",0,0,0,0,"2","","","","F","F","F","F","F","F","F","F","F","","","","F","F","F","F","F","","","","",0,2,0,0,0,0,0,0,0,15,"BAL","BAL","TOR",1,"T","F",0,3,0,5,0,"T","F",0,0,"T","T","dempr001","dauer001","T","T",0,0,0,0,0,0,0,0,0,"","","",0,0,0,0,0,0,0,0,0,0,0,0,0,"","F","F","F","F",0,0,0,0,0,0,0,0,0,0,F,F,"1978BAL.EVA.regular.event.csv",5398
"BAL197809150","TOR",2,1,1,0,0,"",3,0,"dempr001","?","dempr001","?","clanj001","?","clanj001","?","ashba001","maybj101","mckad101","hower001","gomel101","wooda001","boser101","bailb001","","","","53","F","F",2,7,2,"T","T",0,"F","F",1,"F","F",0,"F","F",5,"G","F","F","",0,0,"N",0,"N",0,"N",0,0,0,0,"53","","","","F","F","F","F","F","F","F","F","F","","","","F","F","F","F","F","","","","",0,3,0,0,5,0,0,0,0,16,"BAL","BAL","TOR",1,"F","F",0,3,0,6,1,"T","F",0,0,"T","T","dauer001","garck001","T","T",0,0,0,0,0,0,0,0,0,"","","",0,0,0,0,0,0,0,0,0,0,0,0,0,"hower001","F","F","F","F",0,0,0,0,0,0,0,0,0,0,F,F,"1978BAL.EVA.regular.event.csv",5399
"BAL197809150","TOR",2,1,2,0,0,"",3,0,"dauer001","?","dauer001","?","clanj001","?","clanj001","?","ashba001","maybj101","mckad101","hower001","gomel101","wooda001","boser101","bailb001","","","","8","F","F",4,8,2,"T","T",0,"F","F",1,"F","F",0,"F","F",8,"F","F","F","",0,0,"N",0,"N",0,"N",0,0,0,0,"8","","","","F","F","F","F","F","F","F","F","F","","","","F","F","F","F","F","","","","",0,8,0,0,0,0,0,0,0,17,"BAL","BAL","TOR",1,"F","T",0,3,0,7,2,"T","F",0,0,"T","T","garck001","harll101","T","T",0,0,0,0,0,0,0,0,0,"","","",0,0,0,0,0,0,0,0,0,0,0,0,0,"boser101","F","F","F","F",0,0,0,0,0,0,0,0,0,0,F,F,"1978BAL.EVA.regular.event.csv",5400
"BAL197809150","TOR",3,0,0,0,0,"",3,0,"boser101","?","boser101","?","palmj001","?","palmj001","?","dempr001","murre001","dauer001","decid001","garck001","kellp101","harll101","singk001","","","","43","T","F",8,1,2,"T","T",0,"F","F",1,"F","F",0,"F","F",4,"G","F","F","",0,0,"N",0,"N",0,"N",0,0,0,0,"43","","","","F","F","F","F","F","F","F","F","F","","","","F","F","F","F","F","","","","",0,3,0,0,4,0,0,0,0,18,"BAL","TOR","BAL",0,"T","F",3,0,0,9,0,"T","F",0,0,"T","T","bailb001","hower001","T","T",0,0,0,0,0,0,0,0,0,"","","",0,0,0,0,0,0,0,0,0,0,0,0,0,"dauer001","F","F","F","F",0,0,0,0,0,0,0,0,0,0,F,F,"1978BAL.EVA.regular.event.csv",5401
"BAL197809150","TOR",3,0,1,0,0,"",3,0,"bailb001","?","bailb001","?","palmj001","?","palmj001","?","dempr001","murre001","dauer001","decid001","garck001","kellp101","harll101","singk001","","","","9","F","F",9,2,2,"T","T",0,"F","F",1,"F","F",0,"F","F",9,"F","F","F","",0,0,"N",0,"N",0,"N",0,0,0,0,"9","","","","F","F","F","F","F","F","F","F","F","","","","F","F","F","F","F","","","","",0,9,0,0,0,0,0,0,0,19,"BAL","TOR","BAL",0,"F","F",3,0,0,10,1,"T","F",0,0,"T","T","hower001","hortw101","T","T",0,0,0,0,0,0,0,0,0,"","","",0,0,0,0,0,0,0,0,0,0,0,0,0,"singk001","F","F","F","F",0,0,0,0,0,0,0,0,0,0,F,F,"1978BAL.EVA.regular.event.csv",5402
"BAL197809150","TOR",3,0,2,0,0,"",3,0,"hower001","?","hower001","?","palmj001","?","palmj001","?","dempr001","murre001","dauer001","decid001","garck001","kellp101","harll101","singk001","","","","W","F","F",5,3,14,"T","F",0,"F","F",0,"F","F",0,"F","F",0,"","F","F","",0,0,"N",0,"N",0,"N",1,0,0,0,"","","","","F","F","F","F","F","F","F","F","F","","","","F","F","F","F","F","","","","",0,0,0,0,0,0,0,0,0,20,"BAL","TOR","BAL",0,"F","F",3,0,0,11,2,"T","F",0,1,"T","T","hortw101","maybj101","T","T",0,0,0,0,0,0,0,0,0,"","","",0,0,0,0,0,0,0,0,0,0,0,0,0,"","F","F","F","F",0,0,0,0,0,0,0,0,0,0,F,F,"1978BAL.EVA.regular.event.csv",5403
"BAL197809150","TOR",3,0,2,0,0,"",3,0,"hortw101","?","hortw101","?","palmj001","?","palmj001","?","dempr001","murre001","dauer001","decid001","garck001","kellp101","harll101","singk001","hower001","","","8/L#","F","F",10,4,2,"T","T",0,"F","F",1,"F","F",0,"F","F",8,"L","F","F","",0,0,"N",0,"N",0,"N",0,1,0,0,"8","","","","F","F","F","F","F","F","F","F","F","palmj001","","","F","F","F","F","F","","","","",0,8,0,0,0,0,0,0,0,21,"BAL","TOR","BAL",0,"F","T",3,0,0,12,3,"T","F",1,1,"T","T","maybj101","wooda001","T","T",5,3,20,0,0,0,0,0,0,"dempr001","","",0,0,0,0,0,0,0,0,0,0,0,0,0,"harll101","F","F","F","F",0,0,0,0,0,0,0,0,0,0,F,T,"1978BAL.EVA.regular.event.csv",5404
"BAL197809150","TOR",3,1,0,0,0,"",3,0,"garck001","?","garck001","?","clanj001","?","clanj001","?","ashba001","maybj101","mckad101","hower001","gomel101","wooda001","boser101","bailb001","","","","9","T","F",6,9,2,"T","T",0,"F","F",1,"F","F",0,"F","F",9,"F","F","F","",0,0,"N",0,"N",0,"N",0,0,0,0,"9","","","","F","F","F","F","F","F","F","F","F","","","","F","F","F","F","F","","","","",0,9,0,0,0,0,0,0,0,22,"BAL","BAL","TOR",1,"T","F",0,3,0,8,0,"T","F",0,0,"T","T","harll101","kellp101","T","T",0,0,0,0,0,0,0,0,0,"","","",0,0,0,0,0,0,0,0,0,0,0,0,0,"bailb001","F","F","F","F",0,0,0,0,0,0,0,0,0,0,F,F,"1978BAL.EVA.regular.event.csv",5405
"BAL197809150","TOR",3,1,1,0,0,"",3,0,"harll101","?","harll101","?","clanj001","?","clanj001","?","ashba001","maybj101","mckad101","hower001","gomel101","wooda001","boser101","bailb001","","","","D7","F","F",8,1,21,"T","T",2,"F","F",0,"F","F",0,"F","F",7,"","F","F","",0,0,"N",0,"N",0,"N",2,0,0,0,"","","","","F","F","F","F","F","F","F","F","F","","","","F","F","F","F","F","","","","",0,0,0,0,0,0,0,0,0,23,"BAL","BAL","TOR",1,"F","F",0,3,0,9,1,"T","F",0,2,"T","T","kellp101","singk001","T","T",0,0,0,0,0,0,0,0,0,"","","",0,0,0,0,0,0,0,0,0,0,0,0,0,"wooda001","F","F","F","F",0,0,0,0,0,0,0,0,0,0,F,F,"1978BAL.EVA.regular.event.csv",5406
"BAL197809150","TOR",3,1,1,0,0,"",3,0,"kellp101","?","kellp101","?","clanj001","?","clanj001","?","ashba001","maybj101","mckad101","hower001","gomel101","wooda001","boser101","bailb001","","harll101","","43","F","F",7,2,2,"T","T",0,"F","F",1,"F","F",0,"F","F",4,"G","F","F","",0,0,"N",0,"N",0,"N",0,0,2,0,"43","","","","F","F","F","F","F","F","F","F","F","","clanj001","","F","F","F","F","F","","","","",0,3,0,0,4,0,0,0,0,24,"BAL","BAL","TOR",1,"F","F",0,3,0,10,2,"T","F",2,2,"T","T","singk001","murre001","T","T",0,0,0,8,1,23,0,0,0,"","ashba001","",0,0,0,0,0,0,0,0,0,0,0,0,0,"mckad101","F","F","F","F",0,0,0,0,0,0,0,0,0,0,F,F,"1978BAL.EVA.regular.event.csv",5407
"BAL197809150","TOR",3,1,2,0,0,"",3,0,"singk001","?","singk001","?","clanj001","?","clanj001","?","ashba001","maybj101","mckad101","hower001","gomel101","wooda001","boser101","bailb001","","harll101","","K","F","F",9,3,3,"T","T",0,"F","F",1,"F","F",0,"F","F",0,"","F","F","",0,0,"N",0,"N",0,"N",0,0,2,0,"2","","","","F","F","F","F","F","F","F","F","F","","clanj001","","F","F","F","F","F","","","","",0,2,0,0,0,0,0,0,0,25,"BAL","BAL","TOR",1,"F","T",0,3,0,11,3,"T","F",2,2,"T","T","murre001","decid001","T","T",0,0,0,8,1,23,0,0,0,"","ashba001","",0,0,0,0,0,0,0,0,0,0,0,0,0,"","F","F","F","F",0,0,0,0,0,0,0,0,0,0,F,F,"1978BAL.EVA.regular.event.csv",5408
"BAL197809150","TOR",4,0,0,0,0,"",3,0,"maybj101","?","maybj101","?","palmj001","?","palmj001","?","dempr001","murre001","dauer001","decid001","garck001","kellp101","harll101","singk001","","","","4/P","T","F",3,5,2,"T","T",0,"F","F",1,"F","F",0,"F","F",4,"P","F","F","",0,0,"N",0,"N",0,"N",0,0,0,0,"4","","","","F","F","F","F","F","F","F","F","F","","","","F","F","F","F","F","","","","",0,4,0,0,0,0,0,0,0,26,"BAL","TOR","BAL",0,"T","F",3,0,0,13,0,"T","F",0,0,"T","T","wooda001","ashba001","T","T",0,0,0,0,0,0,0,0,0,"","","",0,0,0,0,0,0,0,0,0,0,0,0,0,"dauer001","F","F","F","F",0,0,0,0,0,0,0,0,0,0,F,F,"1978BAL.EVA.regular.event.csv",5409
"BAL197809150","TOR",4,0,1,0,0,"",3,0,"wooda001","?","wooda001","?","palmj001","?","palmj001","?","dempr001","murre001","dauer001","decid001","garck001","kellp101","harll101","singk001","","","","K","F","F",7,6,3,"T","T",0,"F","F",1,"F","F",0,"F","F",0,"","F","F","",0,0,"N",0,"N",0,"N",0,0,0,0,"2","","","","F","F","F","F","F","F","F","F","F","","","","F","F","F","F","F","","","","",0,2,0,0,0,0,0,0,0,27,"BAL","TOR","BAL",0,"F","F",3,0,0,14,1,"T","F",0,0,"T","T","ashba001","mckad101","T","T",0,0,0,0,0,0,0,0,0,"","","",0,0,0,0,0,0,0,0,0,0,0,0,0,"","F","F","F","F",0,0,0,0,0,0,0,0,0,0,F,F,"1978BAL.EVA.regular.event.csv",5410
"BAL197809150","TOR",4,0,2,0,0,"",3,0,"ashba001","?","ashba001","?","palmj001","?","palmj001","?","dempr001","murre001","dauer001","decid001","garck001","kellp101","harll101","singk001","","","","K","F","F",2,7,3,"T","T",0,"F","F",1,"F","F",0,"F","F",0,"","F","F","",0,0,"N",0,"N",0,"N",0,0,0,0,"2","","","","F","F","F","F","F","F","F","F","F","","","","F","F","F","F","F","","","","",0,2,0,0,0,0,0,0,0,28,"BAL","TOR","BAL",0,"F","T",3,0,0,15,2,"T","F",0,0,"T","T","mckad101","gomel101","T","T",0,0,0,0,0,0,0,0,0,"","","",0,0,0,0,0,0,0,0,0,0,0,0,0,"","F","F","F","F",0,0,0,0,0,0,0,0,0,0,F,F,"1978BAL.EVA.regular.event.csv",5411
"BAL197809150","TOR",4,1,0,0,0,"",3,0,"murre001","?","murre001","?","clanj001","?","clanj001","?","ashba001","maybj101","mckad101","hower001","gomel101","wooda001","boser101","bailb001","","","","S?","T","F",3,4,20,"T","T",1,"F","F",0,"F","F",0,"F","F",0,"","F","F","",0,0,"N",0,"N",0,"N",1,0,0,0,"","","","","F","F","F","F","F","F","F","F","F","","","","F","F","F","F","F","","","","",0,0,0,0,0,0,0,0,0,29,"BAL","BAL","TOR",1,"T","F",0,3,0,12,0,"T","F",0,1,"T","T","decid001","may-l101","T","T",0,0,0,0,0,0,0,0,0,"","","",0,0,0,0,0,0,0,0,0,0,0,0,0,"","F","F","F","F",4,0,0,0,1,0,0,0,0,0,F,F,"1978BAL.EVA.regular.event.csv",5412
"BAL197809150","TOR",4,1,0,0,0,"",3,0,"decid001","?","decid001","?","clanj001","?","clanj001","?","ashba001","maybj101","mckad101","hower001","gomel101","wooda001","boser101","bailb001","murre001","","","S7.1-3","F","F",5,5,20,"T","T",1,"F","F",0,"F","F",0,"F","F",7,"","F","F","",0,0,"N",0,"N",0,"N",1,3,0,0,"","","","","F","F","F","F","F","F","F","F","F","clanj001","","","F","F","F","F","F","","","","",0,0,0,0,0,0,0,0,0,30,"BAL","BAL","TOR",1,"F","F",0,3,0,13,1,"T","F",1,5,"T","T","may-l101","dempr001","T","T",3,4,29,0,0,0,0,0,0,"ashba001","","",0,0,0,0,0,0,0,0,0,0,0,0,0,"wooda001","F","F","F","F",0,4,0,0,1,0,0,0,0,0,F,F,"1978BAL.EVA.regular.event.csv",5413
"BAL197809150","TOR",4,1,0,0,0,"",3,0,"may-l101","?","may-l101","?","clanj001","?","clanj001","?","ashba001","maybj101","mckad101","hower001","gomel101","wooda001","boser101","bailb001","decid001","","murre001","8/SF.3-H","F","F",10,6,2,"T","F",0,"F","T",1,"F","F",1,"F","F",8,"F","F","F","",0,0,"N",0,"N",0,"N",0,1,0,4,"8","","","","F","F","F","F","F","F","F","F","F","clanj001","","clanj001","F","F","F","F","F","","","","",0,8,0,0,0,0,0,0,0,31,"BAL","BAL","TOR",1,"F","F",0,3,0,14,2,"T","F",5,1,"T","T","dempr001","dauer001","T","T",5,5,30,0,0,0,3,4,29,"ashba001","","ashba001",0,0,0,0,0,0,0,0,0,0,0,0,1,"boser101","F","F","F","F",0,0,0,4,0,0,0,0,0,0,F,F,"1978BAL.EVA.regular.event.csv",5414
"BAL197809150","TOR",4,1,1,0,0,"",3,1,"dempr001","?","dempr001","?","clanj001","?","clanj001","?","ashba001","maybj101","mckad101","hower001","gomel101","wooda001","boser101","bailb001","decid001","","","9","F","F",2,7,2,"T","T",0,"F","F",1,"F","F",0,"F","F",9,"F","F","F","",0,0,"N",0,"N",0,"N",0,1,0,0,"9","","","","F","F","F","F","F","F","F","F","F","clanj001","","","F","F","F","F","F","","","","",0,9,0,0,0,0,0,0,0,32,"BAL","BAL","TOR",1,"F","F",1,3,1,15,3,"T","F",1,1,"T","T","dauer001","garck001","T","T",5,5,30,0,0,0,0,0,0,"ashba001","","",0,0,0,0,0,0,0,0,0,0,0,0,0,"bailb001","F","F","F","F",0,0,0,0,0,0,0,0,0,0,F,F,"1978BAL.EVA.regular.event.csv",5415
"BAL197809150","TOR",4,1,2,0,0,"",3,1,"dauer001","?","dauer001","?","clanj001","?","clanj001","?","ashba001","maybj101","mckad101","hower001","gomel101","wooda001","boser101","bailb001","decid001","","","64(1)/FO","F","F",4,8,2,"T","T",0,"F","F",1,"F","F",0,"F","F",6,"G","F","F","",0,0,"N",0,"N",0,"N",1,0,0,0,"","64","","","F","F","F","F","F","F","F","F","F","clanj001","","","F","F","F","F","F","","","","",0,4,0,0,6,0,0,0,0,33,"BAL","BAL","TOR",1,"F","T",1,3,1,16,4,"T","F",1,1,"T","T","garck001","harll101","T","T",5,5,30,0,0,0,0,0,0,"ashba001","","",0,0,0,0,0,0,0,0,0,0,0,0,0,"gomel101","T","F","F","F",0,0,0,0,0,0,0,0,0,0,F,F,"1978BAL.EVA.regular.event.csv",5416
"BAL197809150","TOR",5,0,0,0,0,"",3,1,"mckad101","?","mckad101","?","palmj001","?","palmj001","?","dempr001","murre001","dauer001","decid001","garck001","kellp101","harll101","singk001","","","","13","T","F",4,8,2,"T","T",0,"F","F",1,"F","F",0,"F","F",1,"G","F","F","",0,0,"N",0,"N",0,"N",0,0,0,0,"13","","","","F","F","F","F","F","F","F","F","F","","","","F","F","F","F","F","","","","",0,3,0,0,1,0,0,0,0,34,"BAL","TOR","BAL",0,"T","F",3,1,0,16,0,"T","F",0,0,"T","T","gomel101","boser101","T","T",0,0,0,0,0,0,0,0,0,"","","",0,0,0,0,0,0,0,0,0,0,0,0,0,"palmj001","F","F","F","F",0,0,0,0,0,0,0,0,0,0,F,F,"1978BAL.EVA.regular.event.csv",5417
"BAL197809150","TOR",5,0,1,0,0,"",3,1,"gomel101","?","gomel101","?","palmj001","?","palmj001","?","dempr001","murre001","dauer001","decid001","garck001","kellp101","harll101","singk001","","","","7","F","F",6,9,2,"T","T",0,"F","F",1,"F","F",0,"F","F",7,"F","F","F","",0,0,"N",0,"N",0,"N",0,0,0,0,"7","","","","F","F","F","F","F","F","F","F","F","","","","F","F","F","F","F","","","","",0,7,0,0,0,0,0,0,0,35,"BAL","TOR","BAL",0,"F","F",3,1,0,17,1,"T","F",0,0,"T","T","boser101","bailb001","T","T",0,0,0,0,0,0,0,0,0,"","","",0,0,0,0,0,0,0,0,0,0,0,0,0,"kellp101","F","F","F","F",0,0,0,0,0,0,0,0,0,0,F,F,"1978BAL.EVA.regular.event.csv",5418
"BAL197809150","TOR",5,0,2,0,0,"",3,1,"boser101","?","boser101","?","palmj001","?","palmj001","?","dempr001","murre001","dauer001","decid001","garck001","kellp101","harll101","singk001","","","","S?","F","F",8,1,20,"T","T",1,"F","F",0,"F","F",0,"F","F",0,"","F","F","",0,0,"N",0,"N",0,"N",1,0,0,0,"","","","","F","F","F","F","F","F","F","F","F","","","","F","F","F","F","F","","","","",0,0,0,0,0,0,0,0,0,36,"BAL","TOR","BAL",0,"F","F",3,1,0,18,2,"T","F",0,1,"T","T","bailb001","hower001","T","T",0,0,0,0,0,0,0,0,0,"","","",0,0,0,0,0,0,0,0,0,0,0,0,0,"","F","F","F","F",0,0,0,0,0,0,0,0,0,0,F,F,"1978BAL.EVA.regular.event.csv",5419
"BAL197809150","TOR",5,0,2,0,0,"",3,1,"bailb001","?","bailb001","?","palmj001","?","palmj001","?","dempr001","murre001","dauer001","decid001","garck001","kellp101","harll101","singk001","boser101","","","S?.1-2","F","F",9,2,20,"T","T",1,"F","F",0,"F","F",0,"F","F",0,"","F","F","",0,0,"N",0,"N",0,"N",1,2,0,0,"","","","","F","F","F","F","F","F","F","F","F","palmj001","","","F","F","F","F","F","","","","",0,0,0,0,0,0,0,0,0,37,"BAL","TOR","BAL",0,"F","F",3,1,0,19,3,"T","F",1,3,"T","T","hower001","hortw101","T","T",8,1,36,0,0,0,0,0,0,"dempr001","","",0,0,0,0,0,0,0,0,0,0,0,0,0,"","F","F","F","F",0,0,0,0,0,0,0,0,0,0,F,F,"1978BAL.EVA.regular.event.csv",5420
"BAL197809150","TOR",5,0,2,0,0,"",3,1,"hower001","?","hower001","?","palmj001","?","palmj001","?","dempr001","murre001","dauer001","decid001","garck001","kellp101","harll101","singk001","bailb001","boser101","","3/P","F","F",5,3,2,"T","T",0,"F","F",1,"F","F",0,"F","F",3,"P","F","F","",0,0,"N",0,"N",0,"N",0,1,2,0,"3","","","","F","F","F","F","F","F","F","F","F","palmj001","palmj001","","F","F","F","F","F","","","","",0,3,0,0,0,0,0,0,0,38,"BAL","TOR","BAL",0,"F","T",3,1,0,20,4,"T","F",3,3,"T","T","hortw101","maybj101","T","T",9,2,37,8,1,36,0,0,0,"dempr001","dempr001","",0,0,0,0,0,0,0,0,0,0,0,0,0,"murre001","F","F","F","F",0,0,0,0,0,0,0,0,0,0,F,F,"1978BAL.EVA.regular.event.csv",5421
"BAL197809150","TOR",5,1,0,0,0,"",3,1,"garck001","?","garck001","?","clanj001","?","clanj001","?","ashba001","maybj101","mckad101","hower001","gomel101","wooda001","boser101","bailb001","","","","53","T","F",6,9,2,"T","T",0,"F","F",1,"F","F",0,"F","F",5,"G","F","F","",0,0,"N",0,"N",0,"N",0,0,0,0,"53","","","","F","F","F","F","F","F","F","F","F","","","","F","F","F","F","F","","","","",0,3,0,0,5,0,0,0,0,39,"BAL","BAL","TOR",1,"T","F",1,3,0,17,0,"T","F",0,0,"T","T","harll101","kellp101","T","T",0,0,0,0,0,0,0,0,0,"","","",0,0,0,0,0,0,0,0,0,0,0,0,0,"hower001","F","F","F","F",0,0,0,0,0,0,0,0,0,0,F,F,"1978BAL.EVA.regular.event.csv",5422
"BAL197809150","TOR",5,1,1,0,0,"",3,1,"harll101","?","harll101","?","clanj001","?","clanj001","?","ashba001","maybj101","mckad101","hower001","gomel101","wooda001","boser101","bailb001","","","","7","F","F",8,1,2,"T","T",0,"F","F",1,"F","F",0,"F","F",7,"F","F","F","",0,0,"N",0,"N",0,"N",0,0,0,0,"7","","","","F","F","F","F","F","F","F","F","F","","","","F","F","F","F","F","","","","",0,7,0,0,0,0,0,0,0,40,"BAL","BAL","TOR",1,"F","F",1,3,0,18,1,"T","F",0,0,"T","T","kellp101","singk001","T","T",0,0,0,0,0,0,0,0,0,"","","",0,0,0,0,0,0,0,0,0,0,0,0,0,"wooda001","F","F","F","F",0,0,0,0,0,0,0,0,0,0,F,F,"1978BAL.EVA.regular.event.csv",5423
"BAL197809150","TOR",5,1,2,0,0,"",3,1,"kellp101","?","kellp101","?","clanj001","?","clanj001","?","ashba001","maybj101","mckad101","hower001","gomel101","wooda001","boser101","bailb001","","","","K","F","F",7,2,3,"T","T",0,"F","F",1,"F","F",0,"F","F",0,"","F","F","",0,0,"N",0,"N",0,"N",0,0,0,0,"2","","","","F","F","F","F","F","F","F","F","F","","","","F","F","F","F","F","","","","",0,2,0,0,0,0,0,0,0,41,"BAL","BAL","TOR",1,"F","T",1,3,0,19,2,"T","F",0,0,"T","T","singk001","murre001","T","T",0,0,0,0,0,0,0,0,0,"","","",0,0,0,0,0,0,0,0,0,0,0,0,0,"","F","F","F","F",0,0,0,0,0,0,0,0,0,0,F,F,"1978BAL.EVA.regular.event.csv",5424
"BAL197809150","TOR",6,0,0,0,0,"",3,1,"hortw101","?","hortw101","?","palmj001","?","palmj001","?","dempr001","murre001","dauer001","decid001","garck001","kellp101","harll101","singk001","","","","43","T","F",10,4,2,"T","T",0,"F","F",1,"F","F",0,"F","F",4,"G","F","F","",0,0,"N",0,"N",0,"N",0,0,0,0,"43","","","","F","F","F","F","F","F","F","F","F","","","","F","F","F","F","F","","","","",0,3,0,0,4,0,0,0,0,42,"BAL","TOR","BAL",0,"T","F",3,1,0,21,0,"T","F",0,0,"T","T","maybj101","wooda001","T","T",0,0,0,0,0,0,0,0,0,"","","",0,0,0,0,0,0,0,0,0,0,0,0,0,"dauer001","F","F","F","F",0,0,0,0,0,0,0,0,0,0,F,F,"1978BAL.EVA.regular.event.csv",5425
"BAL197809150","TOR",6,0,1,0,0,"",3,1,"maybj101","?","maybj101","?","palmj001","?","palmj001","?","dempr001","murre001","dauer001","decid001","garck001","kellp101","harll101","singk001","","","","W","F","F",3,5,14,"T","F",0,"F","F",0,"F","F",0,"F","F",0,"","F","F","",0,0,"N",0,"N",0,"N",1,0,0,0,"","","","","F","F","F","F","F","F","F","F","F","","","","F","F","F","F","F","","","","",0,0,0,0,0,0,0,0,0,43,"BAL","TOR","BAL",0,"F","F",3,1,0,22,1,"T","F",0,1,"T","T","wooda001","ashba001","T","T",0,0,0,0,0,0,0,0,0,"","","",0,0,0,0,0,0,0,0,0,0,0,0,0,"","F","F","F","F",0,0,0,0,0,0,0,0,0,0,F,F,"1978BAL.EVA.regular.event.csv",5426
"BAL197809150","TOR",6,0,1,0,0,"",3,1,"wooda001","?","wooda001","?","palmj001","?","palmj001","?","dempr001","murre001","dauer001","decid001","garck001","kellp101","harll101","singk001","maybj101","","","3/G.1-2","F","F",7,6,2,"T","T",0,"F","F",1,"F","F",0,"F","F",3,"G","F","F","",0,0,"N",0,"N",0,"N",0,2,0,0,"3","","","","F","F","F","F","F","F","F","F","F","palmj001","","","F","F","F","F","F","","","","",0,3,0,0,0,0,0,0,0,44,"BAL","TOR","BAL",0,"F","F",3,1,0,23,2,"T","F",1,2,"T","T","ashba001","mckad101","T","T",3,5,43,0,0,0,0,0,0,"dempr001","","",0,0,0,0,0,0,0,0,0,0,0,0,0,"murre001","F","F","F","F",0,0,0,0,0,0,0,0,0,0,F,F,"1978BAL.EVA.regular.event.csv",5427
"BAL197809150","TOR",6,0,2,0,0,"",3,1,"ashba001","?","ashba001","?","palmj001","?","palmj001","?","dempr001","murre001","dauer001","decid001","garck001","kellp101","harll101","singk001","","maybj101","","7","F","F",2,7,2,"T","T",0,"F","F",1,"F","F",0,"F","F",7,"F","F","F","",0,0,"N",0,"N",0,"N",0,0,2,0,"7","","","","F","F","F","F","F","F","F","F","F","","palmj001","","F","F","F","F","F","","","","",0,7,0,0,0,0,0,0,0,45,"BAL","TOR","BAL",0,"F","T",3,1,0,24,3,"T","F",2,2,"T","T","mckad101","gomel101","T","T",0,0,0,3,5,43,0,0,0,"","dempr001","",0,0,0,0,0,0,0,0,0,0,0,0,0,"kellp101","F","F","F","F",0,0,0,0,0,0,0,0,0,0,F,F,"1978BAL.EVA.regular.event.csv",5428
"BAL197809150","TOR",6,1,0,0,0,"",3,1,"singk001","?","singk001","?","clanj001","?","clanj001","?","ashba001","maybj101","mckad101","hower001","gomel101","wooda001","boser101","bailb001","","","","D7","T","F",9,3,21,"T","T",2,"F","F",0,"F","F",0,"F","F",7,"","F","F","",0,0,"N",0,"N",0,"N",2,0,0,0,"","","","","F","F","F","F","F","F","F","F","F","","","","F","F","F","F","F","","","","",0,0,0,0,0,0,0,0,0,46,"BAL","BAL","TOR",1,"T","F",1,3,0,20,0,"T","F",0,2,"T","T","murre001","decid001","T","T",0,0,0,0,0,0,0,0,0,"","","",0,0,0,0,0,0,0,0,0,0,0,0,0,"wooda001","F","F","F","F",0,0,0,0,0,0,0,0,0,0,F,F,"1978BAL.EVA.regular.event.csv",5429
"BAL197809150","TOR",6,1,0,0,0,"",3,1,"murre001","?","murre001","?","clanj001","?","clanj001","?","ashba001","maybj101","mckad101","hower001","gomel101","wooda001","boser101","bailb001","","singk001","","43.2-3","F","F",3,4,2,"T","T",0,"F","F",1,"F","F",0,"F","F",4,"G","F","F","",0,0,"N",0,"N",0,"N",0,0,3,0,"43","","","","F","F","F","F","F","F","F","F","F","","clanj001","","F","F","F","F","F","","","","",0,3,0,0,4,0,0,0,0,47,"BAL","BAL","TOR",1,"F","F",1,3,0,21,1,"T","F",2,4,"T","T","decid001","may-l101","T","T",0,0,0,9,3,46,0,0,0,"","ashba001","",0,0,0,0,0,0,0,0,0,0,0,0,0,"mckad101","F","F","F","F",0,0,0,0,0,0,0,0,0,0,F,F,"1978BAL.EVA.regular.event.csv",5430
"BAL197809150","TOR",6,1,1,0,0,"",3,1,"decid001","?","decid001","?","clanj001","?","clanj001","?","ashba001","maybj101","mckad101","hower001","gomel101","wooda001","boser101","bailb001","","","singk001","4/P","F","F",5,5,2,"T","T",0,"F","F",1,"F","F",0,"F","F",4,"P","F","F","",0,0,"N",0,"N",0,"N",0,0,0,3,"4","","","","F","F","F","F","F","F","F","F","F","","","clanj001","F","F","F","F","F","","","","",0,4,0,0,0,0,0,0,0,48,"BAL","BAL","TOR",1,"F","F",1,3,0,22,2,"T","F",4,4,"T","T","may-l101","dempr001","T","T",0,0,0,0,0,0,9,3,46,"","","ashba001",0,0,0,0,0,0,0,0,0,0,0,0,0,"mckad101","F","F","F","F",0,0,0,0,0,0,0,0,0,0,F,F,"1978BAL.EVA.regular.event.csv",5431
"BAL197809150","TOR",6,1,2,0,0,"",3,1,"may-l101","?","may-l101","?","clanj001","?","clanj001","?","ashba001","maybj101","mckad101","hower001","gomel101","wooda001","boser101","bailb001","","","singk001","3/FL","F","F",10,6,2,"T","T",0,"F","F",1,"F","F",0,"F","F",3,"F","F","T","",0,0,"N",0,"N",0,"N",0,0,0,3,"3","","","","F","F","F","F","F","F","F","F","F","","","clanj001","F","F","F","F","F","","","","",0,3,0,0,0,0,0,0,0,49,"BAL","BAL","TOR",1,"F","T",1,3,0,23,3,"T","F",4,4,"T","T","dempr001","dauer001","T","T",0,0,0,0,0,0,9,3,46,"","","ashba001",0,0,0,0,0,0,0,0,0,0,0,0,0,"maybj101","F","F","F","F",0,0,0,0,0,0,0,0,0,0,F,F,"1978BAL.EVA.regular.event.csv",5432
"BAL197809150","TOR",7,0,0,0,0,"",3,1,"mckad101","?","mckad101","?","palmj001","?","palmj001","?","dempr001","murre001","dauer001","decid001","garck001","kellp101","harll101","singk001","","","","W","T","F",4,8,14,"T","F",0,"F","F",0,"F","F",0,"F","F",0,"","F","F","",0,0,"N",0,"N",0,"N",1,0,0,0,"","","","","F","F","F","F","F","F","F","F","F","","","","F","F","F","F","F","","","","",0,0,0,0,0,0,0,0,0,50,"BAL","TOR","BAL",0,"T","F",3,1,0,25,0,"T","F",0,1,"T","T","gomel101","boser101","T","T",0,0,0,0,0,0,0,0,0,"","","",0,0,0,0,0,0,0,0,0,0,0,0,0,"","F","F","F","F",0,0,0,0,0,0,0,0,0,0,F,F,"1978BAL.EVA.regular.event.csv",5433
"BAL197809150","TOR",7,0,0,0,0,"",3,1,"gomel101","?","gomel101","?","palmj001","?","palmj001","?","dempr001","murre001","dauer001","decid001","garck001","kellp101","harll101","singk001","mckad101","","","2/BG/BINT.1-1","F","F",6,9,2,"T","T",0,"F","F",1,"F","F",0,"F","F",2,"G","T","F","",0,0,"N",0,"N",0,"N",0,1,0,0,"2","","","","F","F","F","F","F","F","F","F","F","palmj001","","","F","F","F","F","F","","","","",0,2,0,0,0,0,0,0,0,51,"BAL","TOR","BAL",0,"F","F",3,1,0,26,1,"T","F",1,1,"T","T","boser101","bailb001","T","T",4,8,50,0,0,0,0,0,0,"dempr001","","",0,0,0,0,0,0,0,0,0,0,0,0,0,"dempr001","F","F","F","F",0,0,0,0,0,0,0,0,0,0,F,F,"1978BAL.EVA.regular.event.csv",5434
"BAL197809150","TOR",7,0,1,0,0,"",3,1,"boser101","?","boser101","?","palmj001","?","palmj001","?","dempr001","murre001","dauer001","decid001","garck001","kellp101","harll101","singk001","mckad101","","","K","F","F",8,1,3,"T","T",0,"F","F",1,"F","F",0,"F","F",0,"","F","F","",0,0,"N",0,"N",0,"N",0,1,0,0,"2","","","","F","F","F","F","F","F","F","F","F","palmj001","","","F","F","F","F","F","","","","",0,2,0,0,0,0,0,0,0,52,"BAL","TOR","BAL",0,"F","F",3,1,0,27,2,"T","F",1,1,"T","T","bailb001","hower001","T","T",4,8,50,0,0,0,0,0,0,"dempr001","","",0,0,0,0,0,0,0,0,0,0,0,0,0,"","F","F","F","F",0,0,0,0,0,0,0,0,0,0,F,F,"1978BAL.EVA.regular.event.csv",5435
"BAL197809150","TOR",7,0,2,0,0,"",3,1,"bailb001","?","bailb001","?","palmj001","?","palmj001","?","dempr001","murre001","dauer001","decid001","garck001","kellp101","harll101","singk001","mckad101","","","43","F","F",9,2,2,"T","T",0,"F","F",1,"F","F",0,"F","F",4,"G","F","F","",0,0,"N",0,"N",0,"N",0,1,0,0,"43","","","","F","F","F","F","F","F","F","F","F","palmj001","","","F","F","F","F","F","","","","",0,3,0,0,4,0,0,0,0,53,"BAL","TOR","BAL",0,"F","T",3,1,0,28,3,"T","F",1,1,"T","T","hower001","hortw101","T","T",4,8,50,0,0,0,0,0,0,"dempr001","","",0,0,0,0,0,0,0,0,0,0,0,0,0,"dauer001","F","F","F","F",0,0,0,0,0,0,0,0,0,0,F,F,"1978BAL.EVA.regular.event.csv",5436
"BAL197809150","TOR",7,1,0,0,0,"",3,1,"dempr001","?","dempr001","?","clanj001","?","clanj001","?","ashba001","maybj101","mckad101","hower001","gomel101","wooda001","boser101","bailb001","","","","D8","T","F",2,7,21,"T","T",2,"F","F",0,"F","F",0,"F","F",8,"","F","F","",0,0,"N",0,"N",0,"N",2,0,0,0,"","","","","F","F","F","F","F","F","F","F","F","","","","F","F","F","F","F","","","","",0,0,0,0,0,0,0,0,0,54,"BAL","BAL","TOR",1,"T","F",1,3,0,24,0,"T","F",0,2,"T","T","dauer001","garck001","T","T",0,0,0,0,0,0,0,0,0,"","","",0,0,0,0,0,0,0,0,0,0,0,0,0,"boser101","F","F","F","F",4,0,0,0,7,0,0,0,0,0,F,F,"1978BAL.EVA.regular.event.csv",5437
"BAL197809150","TOR",7,1,0,0,0,"",3,1,"dauer001","?","dauer001","?","clanj001","?","clanj001","?","ashba001","maybj101","mckad101","hower001","gomel101","wooda001","boser101","bailb001","","dempr001","","WP.2-3","F","F",4,8,9,"F","F",0,"F","F",0,"F","F",0,"T","F",0,"","F","F","",0,0,"N",0,"N",0,"N",0,0,3,0,"","","","","F","F","F","F","F","F","F","F","F","","clanj001","","F","F","F","F","F","","","","",0,0,0,0,0,0,0,0,0,55,"BAL","BAL","TOR",1,"F","F",1,3,0,25,1,"T","F",2,4,"T","T","garck001","harll101","T","T",0,0,0,2,7,54,0,0,0,"","ashba001","",0,0,0,0,0,0,0,0,0,0,0,0,0,"","F","F","F","F",0,0,4,0,7,0,0,0,0,0,F,F,"1978BAL.EVA.regular.event.csv",5438
"BAL197809150","TOR",7,1,0,0,0,"",3,1,"dauer001","?","dauer001","?","clanj001","?","clanj001","?","ashba001","maybj101","mckad101","hower001","gomel101","wooda001","boser101","bailb001","","","dempr001","S7.3-H","F","F",4,8,20,"T","T",1,"F","F",0,"F","F",1,"F","F",7,"","F","F","",0,0,"N",0,"N",0,"N",1,0,0,4,"","","","","F","F","F","F","F","F","F","F","F","","","clanj001","F","F","F","F","F","","","","",0,0,0,0,0,0,0,0,0,56,"BAL","BAL","TOR",1,"F","F",1,3,0,25,1,"F","F",4,1,"T","T","garck001","harll101","T","T",0,0,0,0,0,0,2,7,54,"","","ashba001",0,0,0,0,0,0,0,0,0,0,0,0,1,"wooda001","F","F","F","F",4,0,0,4,6,0,0,0,0,0,F,F,"1978BAL.EVA.regular.event.csv",5439
"BAL197809150","TOR",7,1,0,0,0,"",3,2,"garck001","?","garck001","?","cruzv101","?","cruzv101","?","ashba001","maybj101","mckad101","hower001","gomel101","wooda001","boser101","bailb001","dauer001","","","S8.1-2","F","F",6,9,20,"T","T",1,"F","F",0,"F","F",0,"F","F",8,"","F","F","",0,0,"N",0,"N",0,"N",1,2,0,0,"","","","","F","F","F","F","F","F","F","F","F","clanj001","","","F","F","F","F","F","","","","",0,0,0,0,0,0,0,0,0,57,"BAL","BAL","TOR",1,"F","F",2,3,1,26,2,"T","F",1,3,"T","T","harll101","kellp101","F","F",4,8,56,0,0,0,0,0,0,"ashba001","","",0,0,0,0,0,0,0,0,0,0,0,0,0,"boser101","F","F","F","F",4,4,0,0,6,0,0,0,0,0,F,F,"1978BAL.EVA.regular.event.csv",5440
"BAL197809150","TOR",7,1,0,0,0,"",3,2,"harll101","?","harll101","?","cruzv101","?","cruzv101","?","ashba001","maybj101","mckad101","hower001","gomel101","wooda001","boser101","bailb001","garck001","dauer001","","W.2-3;1-2","F","F",8,1,14,"T","F",0,"F","F",0,"F","F",0,"F","F",0,"","F","F","",0,0,"N",0,"N",0,"N",1,2,3,0,"","","","","F","F","F","F","F","F","F","F","F","cruzv101","clanj001","","F","F","F","F","F","","","","",0,0,0,0,0,0,0,0,0,58,"BAL","BAL","TOR",1,"F","F",2,3,1,27,3,"T","F",3,7,"T","T","kellp101","singk001","F","F",6,9,57,4,8,56,0,0,0,"ashba001","ashba001","",0,0,0,0,0,0,0,0,0,0,0,0,0,"","F","F","F","F",4,4,4,0,6,0,0,0,0,0,F,F,"1978BAL.EVA.regular.event.csv",5441
"BAL197809150","TOR",7,1,0,0,0,"",3,2,"roeng001","?","roeng001","?","moorb101","?","moorb101","?","ashba001","maybj101","mckad101","hower001","gomel101","wooda001","boser101","bailb001","harll101","garck001","dauer001","D7.3-H;2-H;1-3","F","T",11,2,21,"T","T",2,"F","F",0,"F","F",2,"F","F",7,"","F","F","",0,0,"N",0,"N",0,"N",2,3,4,4,"","","","","F","F","F","F","F","F","F","F","F","cruzv101","cruzv101","clanj001","F","F","F","F","F","","","","kellp101",7,0,0,0,0,0,0,0,0,59,"BAL","BAL","TOR",1,"F","F",2,3,1,28,4,"T","F",7,6,"F","F","singk001","murre001","F","F",8,1,58,6,9,57,4,8,56,"ashba001","ashba001","ashba001",0,0,0,0,0,0,0,0,0,0,0,0,2,"wooda001","F","F","F","F",0,4,4,4,4,0,0,0,0,0,F,F,"1978BAL.EVA.regular.event.csv",5442
"BAL197809150","TOR",7,1,0,0,0,"",3,4,"singk001","?","singk001","?","moorb101","?","moorb101","?","ashba001","maybj101","mckad101","hower001","gomel101","wooda001","boser101","bailb001","","roeng001","harll101","S8.3-H;2XH(82);B-2(THH)","F","F",9,3,20,"T","T",1,"F","F",1,"F","F",1,"F","F",8,"","F","F","",0,0,"N",0,"N",0,"N",2,0,0,4,"","","82","","F","F","F","F","F","F","F","F","F","","moorb101","cruzv101","F","F","F","F","F","","","","",0,2,0,0,8,0,0,0,0,60,"BAL","BAL","TOR",1,"F","F",4,3,3,29,5,"T","F",6,2,"T","T","murre001","decid001","F","F",0,0,0,0,2,59,8,1,58,"","ashba001","ashba001",0,0,0,0,0,0,0,0,0,0,0,0,1,"boser101","F","F","F","F",4,0,0,4,3,0,0,0,0,0,F,F,"1978BAL.EVA.regular.event.csv",5443
"BAL197809150","TOR",7,1,1,0,0,"",3,5,"murre001","?","murre001","?","moorb101","?","moorb101","?","ashba001","maybj101","mckad101","hower001","gomel101","wooda001","boser101","bailb001","","dimmm101","","S8.2-H","F","F",3,4,20,"T","T",1,"F","F",0,"F","F",1,"F","F",8,"","F","F","",0,0,"N",0,"N",0,"N",1,0,4,0,"","","","","F","F","F","F","F","F","F","F","F","","moorb101","","F","F","F","T","F","","singk001","","",0,0,0,0,0,0,0,0,0,61,"BAL","BAL","TOR",1,"F","F",5,3,4,30,6,"T","F",2,1,"T","T","decid001","may-l101","F","F",0,0,0,0,3,60,0,0,0,"","ashba001","",0,0,0,0,0,0,0,0,0,0,0,0,1,"boser101","F","F","F","F",4,0,4,0,2,0,0,0,0,0,F,F,"1978BAL.EVA.regular.event.csv",5444
"BAL197809150","TOR",7,1,1,0,0,"",3,6,"decid001","?","decid001","?","buskt101","?","buskt101","?","ashba001","maybj101","mckad101","hower001","gomel101","wooda001","boser101","bailb001","murre001","","","K+PB.1-2","F","F",5,5,3,"T","T",0,"F","F",1,"F","F",0,"F","T",0,"","F","F","",0,0,"N",0,"N",0,"N",0,2,0,0,"2","","","","F","F","F","F","F","F","F","F","F","moorb101","","","F","F","F","F","F","","","","",0,2,0,0,0,0,0,0,0,62,"BAL","BAL","TOR",1,"F","F",6,3,5,31,7,"T","F",1,2,"T","T","may-l101","dempr001","F","F",3,4,61,0,0,0,0,0,0,"ashba001","","",0,0,0,0,0,0,0,0,0,0,0,0,0,"","F","F","F","F",0,4,0,0,2,0,0,0,0,0,F,F,"1978BAL.EVA.regular.event.csv",5445
"BAL197809150","TOR",7,1,2,0,0,"",3,6,"may-l101","?","may-l101","?","buskt101","?","buskt101","?","ashba001","maybj101","mckad101","hower001","gomel101","wooda001","boser101","bailb001","","murre001","","HR.2-H","F","F",10,6,23,"T","T",4,"F","F",0,"F","F",2,"F","F",0,"","F","F","",0,0,"N",0,"N",0,"N",4,0,4,0,"","","","","F","F","F","F","F","F","F","F","F","","moorb101","","F","F","F","F","F","","","","",0,0,0,0,0,0,0,0,0,63,"BAL","BAL","TOR",1,"F","F",6,3,5,32,8,"T","F",2,0,"T","T","dempr001","dauer001","F","F",0,0,0,3,4,61,0,0,0,"","ashba001","",0,0,0,0,0,0,0,0,0,0,0,0,2,"","F","F","F","F",4,0,4,0,0,0,0,0,0,0,F,F,"1978BAL.EVA.regular.event.csv",5446
"BAL197809150","TOR",7,1,2,0,0,"",3,8,"dempr001","?","dempr001","?","buskt101","?","buskt101","?","ashba001","maybj101","mckad101","hower001","gomel101","wooda001","boser101","bailb001","","","","63","F","F",2,7,2,"T","T",0,"F","F",1,"F","F",0,"F","F",6,"G","F","F","",0,0,"N",0,"N",0,"N",0,0,0,0,"63","","","","F","F","F","F","F","F","F","F","F","","","","F","F","F","F","F","","","","",0,3,0,0,6,0,0,0,0,64,"BAL","BAL","TOR",1,"F","T",8,3,7,33,9,"T","F",0,0,"T","T","dauer001","garck001","F","F",0,0,0,0,0,0,0,0,0,"","","",0,0,0,0,0,0,0,0,0,0,0,0,0,"gomel101","F","F","F","F",0,0,0,0,0,0,0,0,0,0,F,F,"1978BAL.EVA.regular.event.csv",5447
"BAL197809150","TOR",8,0,0,0,0,"",3,8,"hower001","?","hower001","?","palmj001","?","palmj001","?","dempr001","murre001","smitb101","dauer001","garck001","andem101","harll101","dimmm101","","","","S","T","F",5,3,20,"T","T",1,"F","F",0,"F","F",0,"F","F",0,"","F","F","",0,0,"N",0,"N",0,"N",1,0,0,0,"","","","","F","F","F","F","F","F","F","F","F","","","","F","F","F","F","F","","","","",0,0,0,0,0,0,0,0,0,65,"BAL","TOR","BAL",0,"T","F",3,8,0,29,0,"T","F",0,1,"T","T","hortw101","maybj101","T","T",0,0,0,0,0,0,0,0,0,"","","",0,0,0,0,0,0,0,0,0,0,0,0,0,"","F","F","F","F",0,0,0,0,0,0,0,0,0,0,F,F,"1978BAL.EVA.regular.event.csv",5448
"BAL197809150","TOR",8,0,0,0,0,"",3,8,"hortw101","?","hortw101","?","palmj001","?","palmj001","?","dempr001","murre001","smitb101","dauer001","garck001","andem101","harll101","dimmm101","hower001","","","46(1)3/GDP","F","F",10,4,2,"T","T",0,"F","F",2,"T","F",0,"F","F",4,"G","F","F","",0,0,"N",0,"N",0,"N",0,0,0,0,"63","46","","","F","F","F","F","F","F","F","F","F","palmj001","","","F","F","F","F","F","","","","",0,6,3,0,4,6,0,0,0,66,"BAL","TOR","BAL",0,"F","F",3,8,0,30,1,"T","F",1,0,"T","T","maybj101","wooda001","T","T",5,3,65,0,0,0,0,0,0,"dempr001","","",0,0,0,0,0,0,0,0,0,0,0,0,0,"smitb101","T","F","F","F",0,0,0,0,0,0,0,0,0,0,F,F,"1978BAL.EVA.regular.event.csv",5449
"BAL197809150","TOR",8,0,2,0,0,"",3,8,"maybj101","?","maybj101","?","palmj001","?","palmj001","?","dempr001","murre001","smitb101","dauer001","garck001","andem101","harll101","dimmm101","","","","K","F","F",3,5,3,"T","T",0,"F","F",1,"F","F",0,"F","F",0,"","F","F","",0,0,"N",0,"N",0,"N",0,0,0,0,"2","","","","F","F","F","F","F","F","F","F","F","","","","F","F","F","F","F","","","","",0,2,0,0,0,0,0,0,0,67,"BAL","TOR","BAL",0,"F","T",3,8,0,31,2,"T","F",0,0,"T","T","wooda001","ashba001","T","T",0,0,0,0,0,0,0,0,0,"","","",0,0,0,0,0,0,0,0,0,0,0,0,0,"","F","F","F","F",0,0,0,0,0,0,0,0,0,0,F,F,"1978BAL.EVA.regular.event.csv",5450
"BAL197809150","TOR",8,1,0,0,0,"",3,8,"dauer001","?","dauer001","?","buskt101","?","buskt101","?","ashba001","maybj101","mckad101","hower001","gomel101","wooda001","boser101","bailb001","","","","13","T","F",5,8,2,"T","T",0,"F","F",1,"F","F",0,"F","F",1,"G","F","F","",0,0,"N",0,"N",0,"N",0,0,0,0,"13","","","","F","F","F","F","F","F","F","F","F","","","","F","F","F","F","F","","","","",0,3,0,0,1,0,0,0,0,68,"BAL","BAL","TOR",1,"T","F",8,3,0,34,0,"T","F",0,0,"T","T","garck001","harll101","F","F",0,0,0,0,0,0,0,0,0,"","","",0,0,0,0,0,0,0,0,0,0,0,0,0,"buskt101","F","F","F","F",0,0,0,0,0,0,0,0,0,0,F,F,"1978BAL.EVA.regular.event.csv",5451
"BAL197809150","TOR",8,1,1,0,0,"",3,8,"garck001","?","garck001","?","buskt101","?","buskt101","?","ashba001","maybj101","mckad101","hower001","gomel101","wooda001","boser101","bailb001","","","","K","F","F",6,9,3,"T","T",0,"F","F",1,"F","F",0,"F","F",0,"","F","F","",0,0,"N",0,"N",0,"N",0,0,0,0,"2","","","","F","F","F","F","F","F","F","F","F","","","","F","F","F","F","F","","","","",0,2,0,0,0,0,0,0,0,69,"BAL","BAL","TOR",1,"F","F",8,3,0,35,1,"T","F",0,0,"T","T","harll101","andem101","F","F",0,0,0,0,0,0,0,0,0,"","","",0,0,0,0,0,0,0,0,0,0,0,0,0,"","F","F","F","F",0,0,0,0,0,0,0,0,0,0,F,F,"1978BAL.EVA.regular.event.csv",5452
"BAL197809150","TOR",8,1,2,0,0,"",3,8,"harll101","?","harll101","?","buskt101","?","buskt101","?","ashba001","maybj101","mckad101","hower001","gomel101","wooda001","boser101","bailb001","","","","43","F","F",8,1,2,"T","T",0,"F","F",1,"F","F",0,"F","F",4,"G","F","F","",0,0,"N",0,"N",0,"N",0,0,0,0,"43","","","","F","F","F","F","F","F","F","F","F","","","","F","F","F","F","F","","","","",0,3,0,0,4,0,0,0,0,70,"BAL","BAL","TOR",1,"F","T",8,3,0,36,2,"T","F",0,0,"T","T","andem101","dimmm101","F","F",0,0,0,0,0,0,0,0,0,"","","",0,0,0,0,0,0,0,0,0,0,0,0,0,"mckad101","F","F","F","F",0,0,0,0,0,0,0,0,0,0,F,F,"1978BAL.EVA.regular.event.csv",5453
"BAL197809150","TOR",9,0,0,0,0,"",3,8,"wooda001","?","wooda001","?","palmj001","?","palmj001","?","dempr001","murre001","smitb101","dauer001","garck001","andem101","harll101","dimmm101","","","","43","T","F",7,6,2,"T","T",0,"F","F",1,"F","F",0,"F","F",4,"G","F","F","",0,0,"N",0,"N",0,"N",0,0,0,0,"43","","","","F","F","F","F","F","F","F","F","F","","","","F","F","F","F","F","","","","",0,3,0,0,4,0,0,0,0,71,"BAL","TOR","BAL",0,"T","F",3,8,0,32,0,"T","F",0,0,"T","T","ashba001","mckad101","T","T",0,0,0,0,0,0,0,0,0,"","","",0,0,0,0,0,0,0,0,0,0,0,0,0,"smitb101","F","F","F","F",0,0,0,0,0,0,0,0,0,0,F,F,"1978BAL.EVA.regular.event.csv",5454
"BAL197809150","TOR",9,0,1,0,0,"",3,8,"ashba001","?","ashba001","?","palmj001","?","palmj001","?","dempr001","murre001","smitb101","dauer001","garck001","andem101","harll101","dimmm101","","","","W","F","F",2,7,14,"T","F",0,"F","F",0,"F","F",0,"F","F",0,"","F","F","",0,0,"N",0,"N",0,"N",1,0,0,0,"","","","","F","F","F","F","F","F","F","F","F","","","","F","F","F","F","F","","","","",0,0,0,0,0,0,0,0,0,72,"BAL","TOR","BAL",0,"F","F",3,8,0,33,1,"T","F",0,1,"T","T","mckad101","gomel101","T","T",0,0,0,0,0,0,0,0,0,"","","",0,0,0,0,0,0,0,0,0,0,0,0,0,"","F","F","F","F",2,0,0,0,0,0,0,0,0,0,F,F,"1978BAL.EVA.regular.event.csv",5455
"BAL197809150","TOR",9,0,1,0,0,"",3,8,"mckad101","?","mckad101","?","palmj001","?","palmj001","?","dempr001","murre001","smitb101","dauer001","garck001","andem101","harll101","dimmm101","ashba001","","","W.1-2","F","F",4,8,14,"T","F",0,"F","F",0,"F","F",0,"F","F",0,"","F","F","",0,0,"N",0,"N",0,"N",1,2,0,0,"","","","","F","F","F","F","F","F","F","F","F","palmj001","","","F","F","F","F","F","","","","",0,0,0,0,0,0,0,0,0,73,"BAL","TOR","BAL",0,"F","F",3,8,0,34,2,"T","F",1,3,"T","T","gomel101","boser101","T","T",2,7,72,0,0,0,0,0,0,"dempr001","","",0,0,0,0,0,0,0,0,0,0,0,0,0,"","F","F","F","F",1,2,0,0,0,0,0,0,0,0,F,F,"1978BAL.EVA.regular.event.csv",5456
"BAL197809150","TOR",9,0,1,0,0,"",3,8,"ewins101","?","ewins101","?","palmj001","?","palmj001","?","dempr001","murre001","smitb101","dauer001","garck001","andem101","harll101","dimmm101","mckad101","ashba001","","9","F","T",11,9,2,"T","T",0,"F","F",1,"F","F",0,"F","F",9,"F","F","F","",0,0,"N",0,"N",0,"N",0,1,2,0,"9","","","","F","F","F","F","F","F","F","F","F","palmj001","palmj001","","F","F","F","F","F","","","","gomel101",6,9,0,0,0,0,0,0,0,74,"BAL","TOR","BAL",0,"F","F",3,8,0,35,3,"T","F",3,3,"F","F","boser101","bailb001","T","T",4,8,73,2,7,72,0,0,0,"dempr001","dempr001","",0,0,0,0,0,0,0,0,0,0,0,0,0,"dimmm101","F","F","F","F",0,1,2,0,0,0,0,0,0,0,F,F,"1978BAL.EVA.regular.event.csv",5457
"BAL197809150","TOR",9,0,2,0,0,"",3,8,"boser101","?","boser101","?","palmj001","?","palmj001","?","dempr001","murre001","smitb101","dauer001","garck001","andem101","harll101","dimmm101","mckad101","ashba001","","13","F","F",8,1,2,"T","T",0,"F","F",1,"F","F",0,"F","F",1,"G","F","F","",0,0,"N",0,"N",0,"N",0,1,2,0,"13","","","","F","F","F","F","F","F","F","F","F","palmj001","palmj001","","F","T","F","F","F","","","","",0,3,0,0,1,0,0,0,0,75,"BAL","TOR","BAL",0,"F","T",3,8,0,36,4,"T","F",3,3,"T","T","bailb001","hower001","T","T",4,8,73,2,7,72,0,0,0,"dempr001","dempr001","",0,0,0,0,0,0,0,0,0,0,0,0,0,"palmj001","F","F","F","F",0,1,2,0,0,0,0,0,0,0,F,F,"1978BAL.EVA.regular.event.csv",5458
"BAL197809160","TOR",1,0,0,0,0,"",0,0,"boser101","?","boser101","?","martd001","?","martd001","?","dempr001","murre001","dauer001","decid001","garck001","kellp101","harll101","singk001","","","","W","T","F",8,1,14,"T","F",0,"F","F",0,"F","F",0,"F","F",0,"","F","F","",0,0,"N",0,"N",0,"N",1,0,0,0,"","","","","F","F","F","F","F","F","F","F","F","","","","T","F","F","F","F","","","","",0,0,0,0,0,0,0,0,0,1,"BAL","TOR","BAL",0,"T","F",0,0,0,0,0,"T","F",0,1,"T","T","bailb001","hower001","T","T",0,0,0,0,0,0,0,0,0,"","","",0,0,0,0,0,0,0,0,0,0,0,0,0,"","F","F","F","F",0,0,0,0,1,0,0,0,0,0,F,F,"1978BAL.EVA.regular.event.csv",5459
"BAL197809160","TOR",1,0,0,0,0,"",0,0,"bailb001","?","bailb001","?","martd001","?","martd001","?","dempr001","murre001","dauer001","decid001","garck001","kellp101","harll101","singk001","boser101","","","64(1)/FO","F","F",9,2,2,"T","T",0,"F","F",1,"F","F",0,"F","F",6,"G","F","F","",0,0,"N",0,"N",0,"N",1,0,0,0,"","64","","","F","F","F","F","F","F","F","F","F","martd001","","","F","F","F","F","F","","","","",0,4,0,0,6,0,0,0,0,2,"BAL","TOR","BAL",0,"F","F",0,0,0,1,1,"T","F",1,1,"T","T","hower001","hortw101","T","T",8,1,1,0,0,0,0,0,0,"dempr001","","",0,0,0,0,0,0,0,0,0,0,0,0,0,"garck001","T","F","F","F",4,0,0,0,1,0,0,0,0,0,F,F,"1978BAL.EVA.regular.event.csv",5460
"BAL197809160","TOR",1,0,1,0,0,"",0,0,"hower001","?","hower001","?","martd001","?","martd001","?","dempr001","murre001","dauer001","decid001","garck001","kellp101","harll101","singk001","bailb001","","","S6.1-2","F","F",5,3,20,"T","T",1,"F","F",0,"F","F",0,"F","F",6,"","F","F","",0,0,"N",0,"N",0,"N",1,2,0,0,"","","","","F","F","F","F","F","F","F","F","F","martd001","","","F","F","F","F","F","","","","",0,0,0,0,0,0,0,0,0,3,"BAL","TOR","BAL",0,"F","F",0,0,0,2,2,"T","F",1,3,"T","T","hortw101","maybj101","T","T",9,2,2,0,0,0,0,0,0,"dempr001","","",0,0,0,0,0,0,0,0,0,0,0,0,0,"garck001","F","F","F","F",0,4,0,0,1,0,0,0,0,0,F,F,"1978BAL.EVA.regular.event.csv",5461
"BAL197809160","TOR",1,0,1,0,0,"",0,0,"hortw101","?","hortw101","?","martd001","?","martd001","?","dempr001","murre001","dauer001","decid001","garck001","kellp101","harll101","singk001","hower001","bailb001","","S9.2-H;1-3","F","F",10,4,20,"T","T",1,"F","F",0,"F","F",1,"F","F",9,"","F","F","",0,0,"N",0,"N",0,"N",1,3,4,0,"","","","","F","F","F","F","F","F","F","F","F","martd001","martd001","","F","F","F","F","F","","","","",0,0,0,0,0,0,0,0,0,4,"BAL","TOR","BAL",0,"F","F",0,0,0,3,3,"T","F",3,5,"T","T","maybj101","wooda001","T","T",5,3,3,9,2,2,0,0,0,"dempr001","dempr001","",0,0,0,0,0,0,0,0,0,0,0,0,1,"singk001","F","F","F","F",0,0,4,0,0,0,0,0,0,0,F,F,"1978BAL.EVA.regular.event.csv",5462
"BAL197809160","TOR",1,0,1,0,0,"",1,0,"maybj101","?","maybj101","?","martd001","?","martd001","?","dempr001","murre001","dauer001","decid001","garck001","kellp101","harll101","singk001","hortw101","","hower001","5/FL","F","F",3,5,2,"T","T",0,"F","F",1,"F","F",0,"F","F",5,"F","F","T","",0,0,"N",0,"N",0,"N",0,1,0,3,"5","","","","F","F","F","F","F","F","F","F","F","martd001","","martd001","F","F","F","F","F","","","","",0,5,0,0,0,0,0,0,0,5,"BAL","TOR","BAL",0,"F","F",1,0,1,4,4,"T","F",5,5,"T","T","wooda001","mckad101","T","T",10,4,4,0,0,0,5,3,3,"dempr001","","dempr001",0,0,0,0,0,0,0,0,0,0,0,0,0,"decid001","F","F","F","F",0,0,0,0,0,0,0,0,0,0,F,F,"1978BAL.EVA.regular.event.csv",5463
"BAL197809160","TOR",1,0,2,0,0,"",1,0,"wooda001","?","wooda001","?","martd001","?","martd001","?","dempr001","murre001","dauer001","decid001","garck001","kellp101","harll101","singk001","hortw101","","hower001","5/FL","F","F",7,6,2,"T","T",0,"F","F",1,"F","F",0,"F","F",5,"F","F","T","",0,0,"N",0,"N",0,"N",0,1,0,3,"5","","","","F","F","F","F","F","F","F","F","F","martd001","","martd001","F","F","F","F","F","","","","",0,5,0,0,0,0,0,0,0,6,"BAL","TOR","BAL",0,"F","T",1,0,1,5,5,"T","F",5,5,"T","T","mckad101","white002","T","T",10,4,4,0,0,0,5,3,3,"dempr001","","dempr001",0,0,0,0,0,0,0,0,0,0,0,0,0,"decid001","F","F","F","F",0,0,0,0,0,0,0,0,0,0,F,F,"1978BAL.EVA.regular.event.csv",5464
"BAL197809160","TOR",1,1,0,0,0,"",1,0,"harll101","?","harll101","?","jeffj101","?","jeffj101","?","white002","maybj101","mckad101","hower001","gomel101","wooda001","boser101","bailb001","","","","W","T","F",8,1,14,"T","F",0,"F","F",0,"F","F",0,"F","F",0,"","F","F","",0,0,"N",0,"N",0,"N",1,0,0,0,"","","","","F","F","F","F","F","F","F","F","F","","","","F","F","F","F","F","","","","",0,0,0,0,0,0,0,0,0,7,"BAL","BAL","TOR",1,"T","F",0,1,0,0,0,"T","F",0,1,"T","T","kellp101","singk001","T","T",0,0,0,0,0,0,0,0,0,"","","",0,0,0,0,0,0,0,0,0,0,0,0,0,"","F","F","F","F",4,0,0,0,1,0,0,0,0,0,F,F,"1978BAL.EVA.regular.event.csv",5465
"BAL197809160","TOR",1,1,0,0,0,"",1,0,"kellp101","?","kellp101","?","jeffj101","?","jeffj101","?","white002","maybj101","mckad101","hower001","gomel101","wooda001","boser101","bailb001","harll101","","","D9.1-3","F","F",7,2,21,"T","T",2,"F","F",0,"F","F",0,"F","F",9,"","F","F","",0,0,"N",0,"N",0,"N",2,3,0,0,"","","","","F","F","F","F","F","F","F","F","F","jeffj101","","","F","F","F","F","F","","","","",0,0,0,0,0,0,0,0,0,8,"BAL","BAL","TOR",1,"F","F",0,1,0,1,1,"T","F",1,6,"T","T","singk001","murre001","T","T",8,1,7,0,0,0,0,0,0,"white002","","",0,0,0,0,0,0,0,0,0,0,0,0,0,"bailb001","F","F","F","F",0,4,0,0,1,0,0,0,0,0,F,F,"1978BAL.EVA.regular.event.csv",5466
"BAL197809160","TOR",1,1,0,0,0,"",1,0,"singk001","?","singk001","?","jeffj101","?","jeffj101","?","white002","maybj101","mckad101","hower001","gomel101","wooda001","boser101","bailb001","","kellp101","harll101","63.3-H","F","F",9,3,2,"T","T",0,"F","F",1,"F","F",1,"F","F",6,"G","F","F","",0,0,"N",0,"N",0,"N",0,0,2,4,"63","","","","F","F","F","F","F","F","F","F","F","","jeffj101","jeffj101","F","F","F","F","F","","","","",0,3,0,0,6,0,0,0,0,9,"BAL","BAL","TOR",1,"F","F",0,1,0,2,2,"T","F",6,2,"T","T","murre001","may-l101","T","T",0,0,0,7,2,8,8,1,7,"","white002","white002",0,0,0,0,0,0,0,0,0,0,0,0,1,"gomel101","F","F","F","F",0,0,0,4,0,0,0,0,0,0,F,F,"1978BAL.EVA.regular.event.csv",5467
"BAL197809160","TOR",1,1,1,0,0,"",1,1,"murre001","?","murre001","?","jeffj101","?","jeffj101","?","white002","maybj101","mckad101","hower001","gomel101","wooda001","boser101","bailb001","","kellp101","","7","F","F",3,4,2,"T","T",0,"F","F",1,"F","F",0,"F","F",7,"F","F","F","",0,0,"N",0,"N",0,"N",0,0,2,0,"7","","","","F","F","F","F","F","F","F","F","F","","jeffj101","","F","F","F","F","F","","","","",0,7,0,0,0,0,0,0,0,10,"BAL","BAL","TOR",1,"F","F",1,1,1,3,3,"T","F",2,2,"T","T","may-l101","decid001","T","T",0,0,0,7,2,8,0,0,0,"","white002","",0,0,0,0,0,0,0,0,0,0,0,0,0,"wooda001","F","F","F","F",0,0,0,0,0,0,0,0,0,0,F,F,"1978BAL.EVA.regular.event.csv",5468
"BAL197809160","TOR",1,1,2,0,0,"",1,1,"may-l101","?","may-l101","?","jeffj101","?","jeffj101","?","white002","maybj101","mckad101","hower001","gomel101","wooda001","boser101","bailb001","","kellp101","","K","F","F",10,5,3,"T","T",0,"F","F",1,"F","F",0,"F","F",0,"","F","F","",0,0,"N",0,"N",0,"N",0,0,2,0,"2","","","","F","F","F","F","F","F","F","F","F","","jeffj101","","F","F","F","F","F","","","","",0,2,0,0,0,0,0,0,0,11,"BAL","BAL","TOR",1,"F","T",1,1,1,4,4,"T","F",2,2,"T","T","decid001","dempr001","T","T",0,0,0,7,2,8,0,0,0,"","white002","",0,0,0,0,0,0,0,0,0,0,0,0,0,"","F","F","F","F",0,0,0,0,0,0,0,0,0,0,F,F,"1978BAL.EVA.regular.event.csv",5469
"BAL197809160","TOR",2,0,0,0,0,"",1,1,"mckad101","?","mckad101","?","martd001","?","martd001","?","dempr001","murre001","dauer001","decid001","garck001","kellp101","harll101","singk001","","","","5/FL","T","F",4,7,2,"T","T",0,"F","F",1,"F","F",0,"F","F",5,"F","F","T","",0,0,"N",0,"N",0,"N",0,0,0,0,"5","","","","F","F","F","F","F","F","F","F","F","","","","F","F","F","F","F","","","","",0,5,0,0,0,0,0,0,0,12,"BAL","TOR","BAL",0,"T","F",1,1,0,6,0,"T","F",0,0,"T","T","white002","gomel101","T","T",0,0,0,0,0,0,0,0,0,"","","",0,0,0,0,0,0,0,0,0,0,0,0,0,"decid001","F","F","F","F",0,0,0,0,0,0,0,0,0,0,F,F,"1978BAL.EVA.regular.event.csv",5470
"BAL197809160","TOR",2,0,1,0,0,"",1,1,"white002","?","white002","?","martd001","?","martd001","?","dempr001","murre001","dauer001","decid001","garck001","kellp101","harll101","singk001","","","","43","F","F",2,8,2,"T","T",0,"F","F",1,"F","F",0,"F","F",4,"G","F","F","",0,0,"N",0,"N",0,"N",0,0,0,0,"43","","","","F","F","F","F","F","F","F","F","F","","","","F","F","F","F","F","","","","",0,3,0,0,4,0,0,0,0,13,"BAL","TOR","BAL",0,"F","F",1,1,0,7,1,"T","F",0,0,"T","T","gomel101","boser101","T","T",0,0,0,0,0,0,0,0,0,"","","",0,0,0,0,0,0,0,0,0,0,0,0,0,"dauer001","F","F","F","F",0,0,0,0,0,0,0,0,0,0,F,F,"1978BAL.EVA.regular.event.csv",5471
"BAL197809160","TOR",2,0,2,0,0,"",1,1,"gomel101","?","gomel101","?","martd001","?","martd001","?","dempr001","murre001","dauer001","decid001","garck001","kellp101","harll101","singk001","","","","S7","F","F",6,9,20,"T","T",1,"F","F",0,"F","F",0,"F","F",7,"","F","F","",0,0,"N",0,"N",0,"N",1,0,0,0,"","","","","F","F","F","F","F","F","F","F","F","","","","F","F","F","F","F","","","","",0,0,0,0,0,0,0,0,0,14,"BAL","TOR","BAL",0,"F","F",1,1,0,8,2,"T","F",0,1,"T","T","boser101","bailb001","T","T",0,0,0,0,0,0,0,0,0,"","","",0,0,0,0,0,0,0,0,0,0,0,0,0,"kellp101","F","F","F","F",0,0,0,0,0,0,0,0,0,0,F,F,"1978BAL.EVA.regular.event.csv",5472
"BAL197809160","TOR",2,0,2,0,0,"",1,1,"boser101","?","boser101","?","martd001","?","martd001","?","dempr001","murre001","dauer001","decid001","garck001","kellp101","harll101","singk001","gomel101","","","64(1)/FO","F","F",8,1,2,"T","T",0,"F","F",1,"F","F",0,"F","F",6,"G","F","F","",0,0,"N",0,"N",0,"N",1,0,0,0,"","64","","","F","F","F","F","F","F","F","F","F","martd001","","","F","F","F","F","F","","","","",0,4,0,0,6,0,0,0,0,15,"BAL","TOR","BAL",0,"F","T",1,1,0,9,3,"T","F",1,1,"T","T","bailb001","hower001","T","T",6,9,14,0,0,0,0,0,0,"dempr001","","",0,0,0,0,0,0,0,0,0,0,0,0,0,"garck001","T","F","F","F",0,0,0,0,0,0,0,0,0,0,F,F,"1978BAL.EVA.regular.event.csv",5473
"BAL197809160","TOR",2,1,0,0,0,"",1,1,"decid001","?","decid001","?","jeffj101","?","jeffj101","?","white002","maybj101","mckad101","hower001","gomel101","wooda001","boser101","bailb001","","","","7","T","F",5,6,2,"T","T",0,"F","F",1,"F","F",0,"F","F",7,"F","F","F","",0,0,"N",0,"N",0,"N",0,0,0,0,"7","","","","F","F","F","F","F","F","F","F","F","","","","F","F","F","F","F","","","","",0,7,0,0,0,0,0,0,0,16,"BAL","BAL","TOR",1,"T","F",1,1,0,5,0,"T","F",0,0,"T","T","dempr001","dauer001","T","T",0,0,0,0,0,0,0,0,0,"","","",0,0,0,0,0,0,0,0,0,0,0,0,0,"wooda001","F","F","F","F",0,0,0,0,0,0,0,0,0,0,F,F,"1978BAL.EVA.regular.event.csv",5474
"BAL197809160","TOR",2,1,1,0,0,"",1,1,"dempr001","?","dempr001","?","jeffj101","?","jeffj101","?","white002","maybj101","mckad101","hower001","gomel101","wooda001","boser101","bailb001","","","","S5.B-2(E5/TH1)","F","F",2,7,20,"T","T",1,"F","F",0,"F","F",0,"F","F",5,"","F","F","",1,5,"T",0,"N",0,"N",2,0,0,0,"","","","","F","F","F","F","F","F","F","F","F","","","","F","F","F","F","F","","","","",0,0,0,0,0,0,0,0,0,17,"BAL","BAL","TOR",1,"F","F",1,1,0,6,1,"T","F",0,2,"T","T","dauer001","garck001","T","T",0,0,0,0,0,0,0,0,0,"","","",0,0,0,0,0,0,0,0,0,0,0,0,0,"hower001","F","F","F","F",0,0,0,0,0,0,0,0,0,0,F,F,"1978BAL.EVA.regular.event.csv",5475
"BAL197809160","TOR",2,1,1,0,0,"",1,1,"dauer001","?","dauer001","?","jeffj101","?","jeffj101","?","white002","maybj101","mckad101","hower001","gomel101","wooda001","boser101","bailb001","","dempr001","","6","F","F",4,8,2,"T","T",0,"F","F",1,"F","F",0,"F","F",6,"F","F","F","",0,0,"N",0,"N",0,"N",0,0,2,0,"6","","","","F","F","F","F","F","F","F","F","F","","jeffj101","","F","F","F","F","F","","","","",0,6,0,0,0,0,0,0,0,18,"BAL","BAL","TOR",1,"F","F",1,1,0,7,2,"T","F",2,2,"T","T","garck001","harll101","T","T",0,0,0,2,7,17,0,0,0,"","white002","",0,0,0,0,0,0,0,0,0,0,0,0,0,"gomel101","F","F","F","F",0,0,0,0,0,0,0,0,0,0,F,F,"1978BAL.EVA.regular.event.csv",5476
"BAL197809160","TOR",2,1,2,0,0,"",1,1,"garck001","?","garck001","?","jeffj101","?","jeffj101","?","white002","maybj101","mckad101","hower001","gomel101","wooda001","boser101","bailb001","","dempr001","","8","F","F",6,9,2,"T","T",0,"F","F",1,"F","F",0,"F","F",8,"F","F","F","",0,0,"N",0,"N",0,"N",0,0,2,0,"8","","","","F","F","F","F","F","F","F","F","F","","jeffj101","","F","F","F","F","F","","","","",0,8,0,0,0,0,0,0,0,19,"BAL","BAL","TOR",1,"F","T",1,1,0,8,3,"T","F",2,2,"T","T","harll101","kellp101","T","T",0,0,0,2,7,17,0,0,0,"","white002","",0,0,0,0,0,0,0,0,0,0,0,0,0,"boser101","F","F","F","F",0,0,0,0,0,0,0,0,0,0,F,F,"1978BAL.EVA.regular.event.csv",5477
"BAL197809160","TOR",3,0,0,0,0,"",1,1,"bailb001","?","bailb001","?","martd001","?","martd001","?","dempr001","murre001","dauer001","decid001","garck001","kellp101","harll101","singk001","","","","8","T","F",9,2,2,"T","T",0,"F","F",1,"F","F",0,"F","F",8,"F","F","F","",0,0,"N",0,"N",0,"N",0,0,0,0,"8","","","","F","F","F","F","F","F","F","F","F","","","","F","F","F","F","F","","","","",0,8,0,0,0,0,0,0,0,20,"BAL","TOR","BAL",0,"T","F",1,1,0,10,0,"T","F",0,0,"T","T","hower001","hortw101","T","T",0,0,0,0,0,0,0,0,0,"","","",0,0,0,0,0,0,0,0,0,0,0,0,0,"harll101","F","F","F","F",0,0,0,0,0,0,0,0,0,0,F,F,"1978BAL.EVA.regular.event.csv",5478
"BAL197809160","TOR",3,0,1,0,0,"",1,1,"hower001","?","hower001","?","martd001","?","martd001","?","dempr001","murre001","dauer001","decid001","garck001","kellp101","harll101","singk001","","","","63","F","F",5,3,2,"T","T",0,"F","F",1,"F","F",0,"F","F",6,"G","F","F","",0,0,"N",0,"N",0,"N",0,0,0,0,"63","","","","F","F","F","F","F","F","F","F","F","","","","F","F","F","F","F","","","","",0,3,0,0,6,0,0,0,0,21,"BAL","TOR","BAL",0,"F","F",1,1,0,11,1,"T","F",0,0,"T","T","hortw101","maybj101","T","T",0,0,0,0,0,0,0,0,0,"","","",0,0,0,0,0,0,0,0,0,0,0,0,0,"garck001","F","F","F","F",0,0,0,0,0,0,0,0,0,0,F,F,"1978BAL.EVA.regular.event.csv",5479
"BAL197809160","TOR",3,0,2,0,0,"",1,1,"hortw101","?","hortw101","?","martd001","?","martd001","?","dempr001","murre001","dauer001","decid001","garck001","kellp101","harll101","singk001","","","","K","F","F",10,4,3,"T","T",0,"F","F",1,"F","F",0,"F","F",0,"","F","F","",0,0,"N",0,"N",0,"N",0,0,0,0,"2","","","","F","F","F","F","F","F","F","F","F","","","","F","F","F","F","F","","","","",0,2,0,0,0,0,0,0,0,22,"BAL","TOR","BAL",0,"F","T",1,1,0,12,2,"T","F",0,0,"T","T","maybj101","wooda001","T","T",0,0,0,0,0,0,0,0,0,"","","",0,0,0,0,0,0,0,0,0,0,0,0,0,"","F","F","F","F",0,0,0,0,0,0,0,0,0,0,F,F,"1978BAL.EVA.regular.event.csv",5480
"BAL197809160","TOR",3,1,0,0,0,"",1,1,"harll101","?","harll101","?","jeffj101","?","jeffj101","?","white002","maybj101","mckad101","hower001","gomel101","wooda001","boser101","bailb001","","","","K23","T","F",8,1,3,"T","T",0,"F","F",1,"F","F",0,"F","F",0,"","F","F","",0,0,"N",0,"N",0,"N",0,0,0,0,"23","","","","F","F","F","F","F","F","F","F","F","","","","F","F","F","F","F","","","","",0,3,0,0,2,0,0,0,0,23,"BAL","BAL","TOR",1,"T","F",1,1,0,9,0,"T","F",0,0,"T","T","kellp101","singk001","T","T",0,0,0,0,0,0,0,0,0,"","","",0,0,0,0,0,0,0,0,0,0,0,0,0,"","F","F","F","F",0,0,0,0,1,0,0,0,0,0,F,F,"1978BAL.EVA.regular.event.csv",5481
"BAL197809160","TOR",3,1,1,0,0,"",1,1,"kellp101","?","kellp101","?","jeffj101","?","jeffj101","?","white002","maybj101","mckad101","hower001","gomel101","wooda001","boser101","bailb001","","","","W","F","F",7,2,14,"T","F",0,"F","F",0,"F","F",0,"F","F",0,"","F","F","",0,0,"N",0,"N",0,"N",1,0,0,0,"","","","","F","F","F","F","F","F","F","F","F","","","","F","F","F","F","F","","","","",0,0,0,0,0,0,0,0,0,24,"BAL","BAL","TOR",1,"F","F",1,1,0,10,1,"T","F",0,1,"T","T","singk001","murre001","T","T",0,0,0,0,0,0,0,0,0,"","","",0,0,0,0,0,0,0,0,0,0,0,0,0,"","F","F","F","F",4,0,0,0,1,0,0,0,0,0,F,F,"1978BAL.EVA.regular.event.csv",5482
"BAL197809160","TOR",3,1,1,0,0,"",1,1,"singk001","?","singk001","?","jeffj101","?","jeffj101","?","white002","maybj101","mckad101","hower001","gomel101","wooda001","boser101","bailb001","kellp101","","","K/C","F","F",9,3,3,"T","T",0,"F","F",1,"F","F",0,"F","F",0,"","F","F","",0,0,"N",0,"N",0,"N",0,1,0,0,"2","","","","F","F","F","F","F","F","F","F","F","jeffj101","","","F","F","F","F","F","","","","",0,2,0,0,0,0,0,0,0,25,"BAL","BAL","TOR",1,"F","F",1,1,0,11,2,"T","F",1,1,"T","T","murre001","may-l101","T","T",7,2,24,0,0,0,0,0,0,"white002","","",0,0,0,0,0,0,0,0,0,0,0,0,0,"","F","F","F","F",0,4,0,0,1,0,0,0,0,0,F,F,"1978BAL.EVA.regular.event.csv",5483
"BAL197809160","TOR",3,1,2,0,0,"",1,1,"murre001","?","murre001","?","jeffj101","?","jeffj101","?","white002","maybj101","mckad101","hower001","gomel101","wooda001","boser101","bailb001","kellp101","","","D8.1-H","F","F",3,4,21,"T","T",2,"F","F",0,"F","F",1,"F","F",8,"","F","F","",0,0,"N",0,"N",0,"N",2,4,0,0,"","","","","F","F","F","F","F","F","F","F","F","jeffj101","","","F","F","F","F","F","","","","",0,0,0,0,0,0,0,0,0,26,"BAL","BAL","TOR",1,"F","F",1,1,0,12,3,"T","F",1,2,"T","T","may-l101","decid001","T","T",7,2,24,0,0,0,0,0,0,"white002","","",0,0,0,0,0,0,0,0,0,0,0,0,1,"boser101","F","F","F","F",0,4,0,0,0,0,0,0,0,0,F,F,"1978BAL.EVA.regular.event.csv",5484
"BAL197809160","TOR",3,1,2,0,0,"",1,2,"may-l101","?","may-l101","?","jeffj101","?","jeffj101","?","white002","maybj101","mckad101","hower001","gomel101","wooda001","boser101","bailb001","","murre001","","63","F","F",10,5,2,"T","T",0,"F","F",1,"F","F",0,"F","F",6,"G","F","F","",0,0,"N",0,"N",0,"N",0,0,2,0,"63","","","","F","F","F","F","F","F","F","F","F","","jeffj101","","F","F","F","F","F","","","","",0,3,0,0,6,0,0,0,0,27,"BAL","BAL","TOR",1,"F","T",2,1,1,13,4,"T","F",2,2,"T","T","decid001","dempr001","T","T",0,0,0,3,4,26,0,0,0,"","white002","",0,0,0,0,0,0,0,0,0,0,0,0,0,"gomel101","F","F","F","F",0,0,0,0,0,0,0,0,0,0,F,F,"1978BAL.EVA.regular.event.csv",5485
"BAL197809160","TOR",4,0,0,0,0,"",1,2,"maybj101","?","maybj101","?","martd001","?","martd001","?","dempr001","murre001","dauer001","decid001","garck001","kellp101","harll101","singk001","","","","31","T","F",3,5,2,"T","T",0,"F","F",1,"F","F",0,"F","F",3,"G","F","F","",0,0,"N",0,"N",0,"N",0,0,0,0,"31","","","","F","F","F","F","F","F","F","F","F","","","","F","F","F","F","F","","","","",0,1,0,0,3,0,0,0,0,28,"BAL","TOR","BAL",0,"T","F",1,2,0,13,0,"T","F",0,0,"T","T","wooda001","mckad101","T","T",0,0,0,0,0,0,0,0,0,"","","",0,0,0,0,0,0,0,0,0,0,0,0,0,"murre001","F","F","F","F",0,0,0,0,0,0,0,0,0,0,F,F,"1978BAL.EVA.regular.event.csv",5486
"BAL197809160","TOR",4,0,1,0,0,"",1,2,"wooda001","?","wooda001","?","martd001","?","martd001","?","dempr001","murre001","dauer001","decid001","garck001","kellp101","harll101","singk001","","","","S8","F","F",7,6,20,"T","T",1,"F","F",0,"F","F",0,"F","F",8,"","F","F","",0,0,"N",0,"N",0,"N",1,0,0,0,"","","","","F","F","F","F","F","F","F","F","F","","","","F","F","F","F","F","","","","",0,0,0,0,0,0,0,0,0,29,"BAL","TOR","BAL",0,"F","F",1,2,0,14,1,"T","F",0,1,"T","T","mckad101","white002","T","T",0,0,0,0,0,0,0,0,0,"","","",0,0,0,0,0,0,0,0,0,0,0,0,0,"harll101","F","F","F","F",0,0,0,0,0,0,0,0,0,0,F,F,"1978BAL.EVA.regular.event.csv",5487
"BAL197809160","TOR",4,0,1,0,0,"",1,2,"mckad101","?","mckad101","?","martd001","?","martd001","?","dempr001","murre001","dauer001","decid001","garck001","kellp101","harll101","singk001","wooda001","","","CS2(26)","F","F",4,7,6,"F","F",0,"F","F",1,"F","F",0,"F","F",0,"","F","F","",0,0,"N",0,"N",0,"N",0,0,0,0,"","26","","","F","F","F","T","F","F","F","F","F","martd001","","","F","F","F","F","F","","","","",0,6,0,0,2,0,0,0,0,30,"BAL","TOR","BAL",0,"F","F",1,2,0,15,2,"T","F",1,0,"T","T","white002","gomel101","T","T",7,6,29,0,0,0,0,0,0,"dempr001","","",0,0,0,0,0,0,0,0,0,0,0,0,0,"","F","F","F","F",0,0,0,0,0,0,0,0,0,0,F,F,"1978BAL.EVA.regular.event.csv",5488
"BAL197809160","TOR",4,0,2,0,0,"",1,2,"mckad101","?","mckad101","?","martd001","?","martd001","?","dempr001","murre001","dauer001","decid001","garck001","kellp101","harll101","singk001","","","","6","F","F",4,7,2,"T","T",0,"F","F",1,"F","F",0,"F","F",6,"F","F","F","",0,0,"N",0,"N",0,"N",0,0,0,0,"6","","","","F","F","F","F","F","F","F","F","F","","","","F","F","F","F","F","","","","",0,6,0,0,0,0,0,0,0,31,"BAL","TOR","BAL",0,"F","T",1,2,0,15,2,"F","F",0,0,"T","T","white002","gomel101","T","T",0,0,0,0,0,0,0,0,0,"","","",0,0,0,0,0,0,0,0,0,0,0,0,0,"garck001","F","F","F","F",0,0,0,0,0,0,0,0,0,0,F,F,"1978BAL.EVA.regular.event.csv",5489
"BAL197809160","TOR",4,1,0,0,0,"",1,2,"decid001","?","decid001","?","jeffj101","?","jeffj101","?","white002","maybj101","mckad101","hower001","gomel101","wooda001","boser101","bailb001","","","","S6","T","F",5,6,20,"T","T",1,"F","F",0,"F","F",0,"F","F",6,"","F","F","",0,0,"N",0,"N",0,"N",1,0,0,0,"","","","","F","F","F","F","F","F","F","F","F","","","","F","F","F","F","F","","","","",0,0,0,0,0,0,0,0,0,32,"BAL","BAL","TOR",1,"T","F",2,1,0,14,0,"T","F",0,1,"T","T","dempr001","dauer001","T","T",0,0,0,0,0,0,0,0,0,"","","",0,0,0,0,0,0,0,0,0,0,0,0,0,"gomel101","F","F","F","F",0,0,0,0,0,0,0,0,0,0,F,F,"1978BAL.EVA.regular.event.csv",5490
"BAL197809160","TOR",4,1,0,0,0,"",1,2,"dempr001","?","dempr001","?","jeffj101","?","jeffj101","?","white002","maybj101","mckad101","hower001","gomel101","wooda001","boser101","bailb001","decid001","","","POCS2(1364)#","F","F",2,7,8,"F","F",0,"F","F",1,"F","F",0,"F","F",0,"","F","F","",0,0,"N",0,"N",0,"N",0,0,0,0,"","1364","","","F","F","F","T","F","F","T","F","F","jeffj101","","","F","F","F","F","F","","","","",0,4,0,0,1,3,6,0,0,33,"BAL","BAL","TOR",1,"F","F",2,1,0,15,1,"T","F",1,0,"T","T","dauer001","garck001","T","T",5,6,32,0,0,0,0,0,0,"white002","","",0,0,0,0,0,0,0,0,0,0,0,0,0,"","F","F","F","F",0,0,0,0,0,0,0,0,0,0,F,T,"1978BAL.EVA.regular.event.csv",5491
"BAL197809160","TOR",4,1,1,0,0,"",1,2,"dempr001","?","dempr001","?","jeffj101","?","jeffj101","?","white002","maybj101","mckad101","hower001","gomel101","wooda001","boser101","bailb001","","","","7","F","F",2,7,2,"T","T",0,"F","F",1,"F","F",0,"F","F",7,"F","F","F","",0,0,"N",0,"N",0,"N",0,0,0,0,"7","","","","F","F","F","F","F","F","F","F","F","","","","F","F","F","F","F","","","","",0,7,0,0,0,0,0,0,0,34,"BAL","BAL","TOR",1,"F","F",2,1,0,15,1,"F","F",0,0,"T","T","dauer001","garck001","T","T",0,0,0,0,0,0,0,0,0,"","","",0,0,0,0,0,0,0,0,0,0,0,0,0,"wooda001","F","F","F","F",0,0,0,0,0,0,0,0,0,0,F,F,"1978BAL.EVA.regular.event.csv",5492
"BAL197809160","TOR",4,1,2,0,0,"",1,2,"dauer001","?","dauer001","?","jeffj101","?","jeffj101","?","white002","maybj101","mckad101","hower001","gomel101","wooda001","boser101","bailb001","","","","9","F","F",4,8,2,"T","T",0,"F","F",1,"F","F",0,"F","F",9,"F","F","F","",0,0,"N",0,"N",0,"N",0,0,0,0,"9","","","","F","F","F","F","F","F","F","F","F","","","","F","F","F","F","F","","","","",0,9,0,0,0,0,0,0,0,35,"BAL","BAL","TOR",1,"F","T",2,1,0,16,2,"T","F",0,0,"T","T","garck001","harll101","T","T",0,0,0,0,0,0,0,0,0,"","","",0,0,0,0,0,0,0,0,0,0,0,0,0,"bailb001","F","F","F","F",0,0,0,0,0,0,0,0,0,0,F,F,"1978BAL.EVA.regular.event.csv",5493
"BAL197809160","TOR",5,0,0,0,0,"",1,2,"white002","?","white002","?","martd001","?","martd001","?","dempr001","murre001","dauer001","decid001","garck001","kellp101","harll101","singk001","","","","9","T","F",2,8,2,"T","T",0,"F","F",1,"F","F",0,"F","F",9,"F","F","F","",0,0,"N",0,"N",0,"N",0,0,0,0,"9","","","","F","F","F","F","F","F","F","F","F","","","","F","F","F","F","F","","","","",0,9,0,0,0,0,0,0,0,36,"BAL","TOR","BAL",0,"T","F",1,2,0,16,0,"T","F",0,0,"T","T","gomel101","boser101","T","T",0,0,0,0,0,0,0,0,0,"","","",0,0,0,0,0,0,0,0,0,0,0,0,0,"singk001","F","F","F","F",0,0,0,0,0,0,0,0,0,0,F,F,"1978BAL.EVA.regular.event.csv",5494
"BAL197809160","TOR",5,0,1,0,0,"",1,2,"gomel101","?","gomel101","?","martd001","?","martd001","?","dempr001","murre001","dauer001","decid001","garck001","kellp101","harll101","singk001","","","","S9","F","F",6,9,20,"T","T",1,"F","F",0,"F","F",0,"F","F",9,"","F","F","",0,0,"N",0,"N",0,"N",1,0,0,0,"","","","","F","F","F","F","F","F","F","F","F","","","","F","F","F","F","F","","","","",0,0,0,0,0,0,0,0,0,37,"BAL","TOR","BAL",0,"F","F",1,2,0,17,1,"T","F",0,1,"T","T","boser101","bailb001","T","T",0,0,0,0,0,0,0,0,0,"","","",0,0,0,0,0,0,0,0,0,0,0,0,0,"singk001","F","F","F","F",0,0,0,0,0,0,0,0,0,0,F,F,"1978BAL.EVA.regular.event.csv",5495
"BAL197809160","TOR",5,0,1,0,0,"",1,2,"boser101","?","boser101","?","martd001","?","martd001","?","dempr001","murre001","dauer001","decid001","garck001","kellp101","harll101","singk001","gomel101","","","64(1)/FO.B-1","F","F",8,1,2,"T","T",0,"F","F",1,"F","F",0,"F","F",6,"G","F","F","",0,0,"N",0,"N",0,"N",1,0,0,0,"","64","","","F","F","F","F","F","F","F","F","F","martd001","","","F","F","F","F","F","","","","",0,4,0,0,6,0,0,0,0,38,"BAL","TOR","BAL",0,"F","F",1,2,0,18,2,"T","F",1,1,"T","T","bailb001","hower001","T","T",6,9,37,0,0,0,0,0,0,"dempr001","","",0,0,0,0,0,0,0,0,0,0,0,0,0,"garck001","T","F","F","F",0,0,0,0,0,0,0,0,0,0,F,F,"1978BAL.EVA.regular.event.csv",5496
"BAL197809160","TOR",5,0,2,0,0,"",1,2,"bailb001","?","bailb001","?","martd001","?","martd001","?","dempr001","murre001","dauer001","decid001","garck001","kellp101","harll101","singk001","boser101","","","63","F","F",9,2,2,"T","T",0,"F","F",1,"F","F",0,"F","F",6,"G","F","F","",0,0,"N",0,"N",0,"N",0,1,0,0,"63","","","","F","F","F","F","F","F","F","F","F","martd001","","","F","F","F","F","F","","","","",0,3,0,0,6,0,0,0,0,39,"BAL","TOR","BAL",0,"F","T",1,2,0,19,3,"T","F",1,1,"T","T","hower001","hortw101","T","T",8,1,38,0,0,0,0,0,0,"dempr001","","",0,0,0,0,0,0,0,0,0,0,0,0,0,"garck001","F","F","F","F",0,0,0,0,0,0,0,0,0,0,F,F,"1978BAL.EVA.regular.event.csv",5497
"BAL197809160","TOR",5,1,0,0,0,"",1,2,"garck001","?","garck001","?","jeffj101","?","jeffj101","?","white002","maybj101","mckad101","hower001","gomel101","wooda001","boser101","bailb001","","","","6","T","F",6,9,2,"T","T",0,"F","F",1,"F","F",0,"F","F",6,"F","F","F","",0,0,"N",0,"N",0,"N",0,0,0,0,"6","","","","F","F","F","F","F","F","F","F","F","","","","F","F","F","F","F","","","","",0,6,0,0,0,0,0,0,0,40,"BAL","BAL","TOR",1,"T","F",2,1,0,17,0,"T","F",0,0,"T","T","harll101","kellp101","T","T",0,0,0,0,0,0,0,0,0,"","","",0,0,0,0,0,0,0,0,0,0,0,0,0,"gomel101","F","F","F","F",0,0,0,0,2,0,0,0,0,0,F,F,"1978BAL.EVA.regular.event.csv",5498
"BAL197809160","TOR",5,1,1,0,0,"",1,2,"harll101","?","harll101","?","jeffj101","?","jeffj101","?","white002","maybj101","mckad101","hower001","gomel101","wooda001","boser101","bailb001","","","","D7","F","F",8,1,21,"T","T",2,"F","F",0,"F","F",0,"F","F",7,"","F","F","",0,0,"N",0,"N",0,"N",2,0,0,0,"","","","","F","F","F","F","F","F","F","F","F","","","","F","F","F","F","F","","","","",0,0,0,0,0,0,0,0,0,41,"BAL","BAL","TOR",1,"F","F",2,1,0,18,1,"T","F",0,2,"T","T","kellp101","singk001","T","T",0,0,0,0,0,0,0,0,0,"","","",0,0,0,0,0,0,0,0,0,0,0,0,0,"wooda001","F","F","F","F",4,0,0,0,2,0,0,0,0,0,F,F,"1978BAL.EVA.regular.event.csv",5499
"BAL197809160","TOR",5,1,1,0,0,"",1,2,"kellp101","?","kellp101","?","jeffj101","?","jeffj101","?","white002","maybj101","mckad101","hower001","gomel101","wooda001","boser101","bailb001","","harll101","","HR/9.2-H","F","F",7,2,23,"T","T",4,"F","F",0,"F","F",2,"F","F",0,"","F","F","9",0,0,"N",0,"N",0,"N",4,0,4,0,"","","","","F","F","F","F","F","F","F","F","F","","jeffj101","","F","F","F","F","F","","","","",0,0,0,0,0,0,0,0,0,42,"BAL","BAL","TOR",1,"F","F",2,1,0,19,2,"T","F",2,0,"T","T","singk001","murre001","T","T",0,0,0,8,1,41,0,0,0,"","white002","",0,0,0,0,0,0,0,0,0,0,0,0,2,"","F","F","F","F",4,0,4,0,0,0,0,0,0,0,F,F,"1978BAL.EVA.regular.event.csv",5500
"BAL197809160","TOR",5,1,1,0,0,"",1,4,"singk001","?","singk001","?","jeffj101","?","jeffj101","?","white002","maybj101","mckad101","hower001","gomel101","wooda001","boser101","bailb001","","","","W","F","F",9,3,14,"T","F",0,"F","F",0,"F","F",0,"F","F",0,"","F","F","",0,0,"N",0,"N",0,"N",1,0,0,0,"","","","","F","F","F","F","F","F","F","F","F","","","","F","F","F","F","F","","","","",0,0,0,0,0,0,0,0,0,43,"BAL","BAL","TOR",1,"F","F",4,1,2,20,3,"T","F",0,1,"T","T","murre001","may-l101","T","T",0,0,0,0,0,0,0,0,0,"","","",0,0,0,0,0,0,0,0,0,0,0,0,0,"","F","F","F","F",0,0,0,0,0,0,0,0,0,0,F,F,"1978BAL.EVA.regular.event.csv",5501
"BAL197809160","TOR",5,1,1,0,0,"",1,4,"murre001","?","murre001","?","jeffj101","?","jeffj101","?","white002","maybj101","mckad101","hower001","gomel101","wooda001","boser101","bailb001","singk001","","","2/FL","F","F",3,4,2,"T","T",0,"F","F",1,"F","F",0,"F","F",2,"F","F","T","",0,0,"N",0,"N",0,"N",0,1,0,0,"2","","","","F","F","F","F","F","F","F","F","F","jeffj101","","","F","F","F","F","F","","","","",0,2,0,0,0,0,0,0,0,44,"BAL","BAL","TOR",1,"F","F",4,1,2,21,4,"T","F",1,1,"T","T","may-l101","decid001","T","T",9,3,43,0,0,0,0,0,0,"white002","","",0,0,0,0,0,0,0,0,0,0,0,0,0,"white002","F","F","F","F",0,0,0,0,0,0,0,0,0,0,F,F,"1978BAL.EVA.regular.event.csv",5502
"BAL197809160","TOR",5,1,2,0,0,"",1,4,"may-l101","?","may-l101","?","jeffj101","?","jeffj101","?","white002","maybj101","mckad101","hower001","gomel101","wooda001","boser101","bailb001","singk001","","","8","F","F",10,5,2,"T","T",0,"F","F",1,"F","F",0,"F","F",8,"F","F","F","",0,0,"N",0,"N",0,"N",0,1,0,0,"8","","","","F","F","F","F","F","F","F","F","F","jeffj101","","","F","F","F","F","F","","","","",0,8,0,0,0,0,0,0,0,45,"BAL","BAL","TOR",1,"F","T",4,1,2,22,5,"T","F",1,1,"T","T","decid001","dempr001","T","T",9,3,43,0,0,0,0,0,0,"white002","","",0,0,0,0,0,0,0,0,0,0,0,0,0,"boser101","F","F","F","F",0,0,0,0,0,0,0,0,0,0,F,F,"1978BAL.EVA.regular.event.csv",5503
"BAL197809160","TOR",6,0,0,0,0,"",1,4,"hower001","?","hower001","?","martd001","?","martd001","?","dempr001","murre001","dauer001","decid001","garck001","kellp101","harll101","singk001","","","","8","T","F",5,3,2,"T","T",0,"F","F",1,"F","F",0,"F","F",8,"F","F","F","",0,0,"N",0,"N",0,"N",0,0,0,0,"8","","","","F","F","F","F","F","F","F","F","F","","","","F","F","F","F","F","","","","",0,8,0,0,0,0,0,0,0,46,"BAL","TOR","BAL",0,"T","F",1,4,0,20,0,"T","F",0,0,"T","T","hortw101","maybj101","T","T",0,0,0,0,0,0,0,0,0,"","","",0,0,0,0,0,0,0,0,0,0,0,0,0,"harll101","F","F","F","F",0,0,0,0,0,0,0,0,0,0,F,F,"1978BAL.EVA.regular.event.csv",5504
"BAL197809160","TOR",6,0,1,0,0,"",1,4,"hortw101","?","hortw101","?","martd001","?","martd001","?","dempr001","murre001","dauer001","decid001","garck001","kellp101","harll101","singk001","","","","K","F","F",10,4,3,"T","T",0,"F","F",1,"F","F",0,"F","F",0,"","F","F","",0,0,"N",0,"N",0,"N",0,0,0,0,"2","","","","F","F","F","F","F","F","F","F","F","","","","F","F","F","F","F","","","","",0,2,0,0,0,0,0,0,0,47,"BAL","TOR","BAL",0,"F","F",1,4,0,21,1,"T","F",0,0,"T","T","maybj101","wooda001","T","T",0,0,0,0,0,0,0,0,0,"","","",0,0,0,0,0,0,0,0,0,0,0,0,0,"","F","F","F","F",0,0,0,0,0,0,0,0,0,0,F,F,"1978BAL.EVA.regular.event.csv",5505
"BAL197809160","TOR",6,0,2,0,0,"",1,4,"maybj101","?","maybj101","?","martd001","?","martd001","?","dempr001","murre001","dauer001","decid001","garck001","kellp101","harll101","singk001","","","","3","F","F",3,5,2,"T","T",0,"F","F",1,"F","F",0,"F","F",3,"F","F","F","",0,0,"N",0,"N",0,"N",0,0,0,0,"3","","","","F","F","F","F","F","F","F","F","F","","","","F","F","F","F","F","","","","",0,3,0,0,0,0,0,0,0,48,"BAL","TOR","BAL",0,"F","T",1,4,0,22,2,"T","F",0,0,"T","T","wooda001","mckad101","T","T",0,0,0,0,0,0,0,0,0,"","","",0,0,0,0,0,0,0,0,0,0,0,0,0,"murre001","F","F","F","F",0,0,0,0,0,0,0,0,0,0,F,F,"1978BAL.EVA.regular.event.csv",5506
"BAL197809160","TOR",6,1,0,0,0,"",1,4,"decid001","?","decid001","?","colej102","?","colej102","?","white002","maybj101","mckad101","hower001","gomel101","wooda001","boser101","bailb001","","","","S8","T","F",5,6,20,"T","T",1,"F","F",0,"F","F",0,"F","F",8,"","F","F","",0,0,"N",0,"N",0,"N",1,0,0,0,"","","","","F","F","F","F","F","F","F","F","F","","","","F","F","F","F","F","","","","",0,0,0,0,0,0,0,0,0,49,"BAL","BAL","TOR",1,"T","F",4,1,0,23,0,"T","F",0,1,"T","T","dempr001","dauer001","F","F",0,0,0,0,0,0,0,0,0,"","","",0,0,0,0,0,0,0,0,0,0,0,0,0,"boser101","F","F","F","F",4,0,0,0,3,0,0,0,0,0,F,F,"1978BAL.EVA.regular.event.csv",5507
"BAL197809160","TOR",6,1,0,0,0,"",1,4,"dempr001","?","dempr001","?","colej102","?","colej102","?","white002","maybj101","mckad101","hower001","gomel101","wooda001","boser101","bailb001","decid001","","","D9.1-3","F","F",2,7,21,"T","T",2,"F","F",0,"F","F",0,"F","F",9,"","F","F","",0,0,"N",0,"N",0,"N",2,3,0,0,"","","","","F","F","F","F","F","F","F","F","F","colej102","","","F","F","F","F","F","","","","",0,0,0,0,0,0,0,0,0,50,"BAL","BAL","TOR",1,"F","F",4,1,0,24,1,"T","F",1,6,"T","T","dauer001","garck001","F","F",5,6,49,0,0,0,0,0,0,"white002","","",0,0,0,0,0,0,0,0,0,0,0,0,0,"bailb001","F","F","F","F",4,4,0,0,3,0,0,0,0,0,F,F,"1978BAL.EVA.regular.event.csv",5508
"BAL197809160","TOR",6,1,0,0,0,"",1,4,"dauer001","?","dauer001","?","colej102","?","colej102","?","white002","maybj101","mckad101","hower001","gomel101","wooda001","boser101","bailb001","","dempr001","decid001","D9.3-H;2-H","F","F",4,8,21,"T","T",2,"F","F",0,"F","F",2,"F","F",9,"","F","F","",0,0,"N",0,"N",0,"N",2,0,4,4,"","","","","F","F","F","F","F","F","F","F","F","","colej102","colej102","F","F","F","F","F","","","","",0,0,0,0,0,0,0,0,0,51,"BAL","BAL","TOR",1,"F","F",4,1,0,25,2,"T","F",6,2,"T","T","garck001","harll101","F","F",0,0,0,2,7,50,5,6,49,"","white002","white002",0,0,0,0,0,0,0,0,0,0,0,0,2,"bailb001","F","F","F","F",4,0,4,4,1,0,0,0,0,0,F,F,"1978BAL.EVA.regular.event.csv",5509
"BAL197809160","TOR",6,1,0,0,0,"",1,6,"garck001","?","garck001","?","colej102","?","colej102","?","white002","maybj101","mckad101","hower001","gomel101","wooda001","boser101","bailb001","","dauer001","","9.2-3","F","F",6,9,2,"T","T",0,"F","F",1,"F","F",0,"F","F",9,"F","F","F","",0,0,"N",0,"N",0,"N",0,0,3,0,"9","","","","F","F","F","F","F","F","F","F","F","","colej102","","F","F","F","F","F","","","","",0,9,0,0,0,0,0,0,0,52,"BAL","BAL","TOR",1,"F","F",6,1,2,26,3,"T","F",2,4,"T","T","harll101","kellp101","F","F",0,0,0,4,8,51,0,0,0,"","white002","",0,0,0,0,0,0,0,0,0,0,0,0,0,"bailb001","F","F","F","F",0,0,4,0,1,0,0,0,0,0,F,F,"1978BAL.EVA.regular.event.csv",5510
"BAL197809160","TOR",6,1,1,0,0,"",1,6,"harll101","?","harll101","?","colej102","?","colej102","?","white002","maybj101","mckad101","hower001","gomel101","wooda001","boser101","bailb001","","","dauer001","7","F","F",8,1,2,"T","T",0,"F","F",1,"F","F",0,"F","F",7,"F","F","F","",0,0,"N",0,"N",0,"N",0,0,0,3,"7","","","","F","F","F","F","F","F","F","F","F","","","colej102","F","F","F","F","F","","","","",0,7,0,0,0,0,0,0,0,53,"BAL","BAL","TOR",1,"F","F",6,1,2,27,4,"T","F",4,4,"T","T","kellp101","singk001","F","F",0,0,0,0,0,0,4,8,51,"","","white002",0,0,0,0,0,0,0,0,0,0,0,0,0,"wooda001","F","F","F","F",0,0,0,4,1,0,0,0,0,0,F,F,"1978BAL.EVA.regular.event.csv",5511
"BAL197809160","TOR",6,1,2,0,0,"",1,6,"kellp101","?","kellp101","?","colej102","?","colej102","?","white002","maybj101","mckad101","hower001","gomel101","wooda001","boser101","bailb001","","","dauer001","S9/G.3-H","F","F",7,2,20,"T","T",1,"F","F",0,"F","F",1,"F","F",9,"G","F","F","",0,0,"N",0,"N",0,"N",1,0,0,4,"","","","","F","F","F","F","F","F","F","F","F","","","colej102","F","F","F","F","F","","","","",0,0,0,0,0,0,0,0,0,54,"BAL","BAL","TOR",1,"F","F",6,1,2,28,5,"T","F",4,1,"T","T","singk001","murre001","F","F",0,0,0,0,0,0,4,8,51,"","","white002",0,0,0,0,0,0,0,0,0,0,0,0,1,"bailb001","F","F","F","F",2,0,0,4,0,0,0,0,0,0,F,F,"1978BAL.EVA.regular.event.csv",5512
"BAL197809160","TOR",6,1,2,0,0,"",1,7,"singk001","?","singk001","?","lemad101","?","lemad101","?","white002","maybj101","mckad101","hower001","gomel101","wooda001","boser101","bailb001","kellp101","","","S7.1-2","F","F",9,3,20,"T","T",1,"F","F",0,"F","F",0,"F","F",7,"","F","F","",0,0,"N",0,"N",0,"N",1,2,0,0,"","","","","F","F","F","F","F","F","F","F","F","colej102","","","F","F","F","F","F","","","","",0,0,0,0,0,0,0,0,0,55,"BAL","BAL","TOR",1,"F","F",7,1,3,29,6,"T","F",1,3,"T","T","murre001","may-l101","F","F",7,2,54,0,0,0,0,0,0,"white002","","",0,0,0,0,0,0,0,0,0,0,0,0,0,"wooda001","F","F","F","F",1,2,0,0,0,0,0,0,0,0,F,F,"1978BAL.EVA.regular.event.csv",5513
"BAL197809160","TOR",6,1,2,0,0,"",1,7,"murre001","?","murre001","?","lemad101","?","lemad101","?","white002","maybj101","mckad101","hower001","gomel101","wooda001","boser101","bailb001","singk001","kellp101","","K","F","F",3,4,3,"T","T",0,"F","F",1,"F","F",0,"F","F",0,"","F","F","",0,0,"N",0,"N",0,"N",0,1,2,0,"2","","","","F","F","F","F","F","F","F","F","F","lemad101","colej102","","F","F","F","F","F","","","","",0,2,0,0,0,0,0,0,0,56,"BAL","BAL","TOR",1,"F","T",7,1,3,30,7,"T","F",3,3,"T","T","may-l101","decid001","F","F",9,3,55,7,2,54,0,0,0,"white002","white002","",0,0,0,0,0,0,0,0,0,0,0,0,0,"","F","F","F","F",0,1,2,0,0,0,0,0,0,0,F,F,"1978BAL.EVA.regular.event.csv",5514
"BAL197809160","TOR",7,0,0,0,0,"",1,7,"wooda001","?","wooda001","?","martd001","?","martd001","?","dempr001","murre001","smitb101","dauer001","garck001","kellp101","harll101","singk001","","","","43","T","F",7,6,2,"T","T",0,"F","F",1,"F","F",0,"F","F",4,"G","F","F","",0,0,"N",0,"N",0,"N",0,0,0,0,"43","","","","F","F","F","F","F","F","F","F","F","","","","F","F","F","F","F","","","","",0,3,0,0,4,0,0,0,0,57,"BAL","TOR","BAL",0,"T","F",1,7,0,23,0,"T","F",0,0,"T","T","mckad101","white002","T","T",0,0,0,0,0,0,0,0,0,"","","",0,0,0,0,0,0,0,0,0,0,0,0,0,"smitb101","F","F","F","F",0,0,0,0,0,0,0,0,0,0,F,F,"1978BAL.EVA.regular.event.csv",5515
"BAL197809160","TOR",7,0,1,0,0,"",1,7,"mckad101","?","mckad101","?","martd001","?","martd001","?","dempr001","murre001","smitb101","dauer001","garck001","kellp101","harll101","singk001","","","","W","F","F",4,7,14,"T","F",0,"F","F",0,"F","F",0,"F","F",0,"","F","F","",0,0,"N",0,"N",0,"N",1,0,0,0,"","","","","F","F","F","F","F","F","F","F","F","","","","F","F","F","F","F","","","","",0,0,0,0,0,0,0,0,0,58,"BAL","TOR","BAL",0,"F","F",1,7,0,24,1,"T","F",0,1,"T","T","white002","gomel101","T","T",0,0,0,0,0,0,0,0,0,"","","",0,0,0,0,0,0,0,0,0,0,0,0,0,"","F","F","F","F",0,0,0,0,0,0,0,0,0,0,F,F,"1978BAL.EVA.regular.event.csv",5516
"BAL197809160","TOR",7,0,1,0,0,"",1,7,"white002","?","white002","?","martd001","?","martd001","?","dempr001","murre001","smitb101","dauer001","garck001","kellp101","harll101","singk001","mckad101","","","W.1-2","F","F",2,8,14,"T","F",0,"F","F",0,"F","F",0,"F","F",0,"","F","F","",0,0,"N",0,"N",0,"N",1,2,0,0,"","","","","F","F","F","F","F","F","F","F","F","martd001","","","F","F","F","F","F","","","","",0,0,0,0,0,0,0,0,0,59,"BAL","TOR","BAL",0,"F","F",1,7,0,25,2,"T","F",1,3,"T","T","gomel101","boser101","T","T",4,7,58,0,0,0,0,0,0,"dempr001","","",0,0,0,0,0,0,0,0,0,0,0,0,0,"","F","F","F","F",0,0,0,0,0,0,0,0,0,0,F,F,"1978BAL.EVA.regular.event.csv",5517
"BAL197809160","TOR",7,0,1,0,0,"",1,7,"gomel101","?","gomel101","?","martd001","?","martd001","?","dempr001","murre001","smitb101","dauer001","garck001","kellp101","harll101","singk001","white002","mckad101","","64(1)3/GDP","F","F",6,9,2,"T","T",0,"F","F",2,"T","F",0,"F","F",6,"G","F","F","",0,0,"N",0,"N",0,"N",0,0,2,0,"43","64","","","F","F","F","F","F","F","F","F","F","martd001","martd001","","F","F","F","F","F","","","","",0,4,3,0,6,4,0,0,0,60,"BAL","TOR","BAL",0,"F","T",1,7,0,26,3,"T","F",3,2,"T","T","boser101","bailb001","T","T",2,8,59,4,7,58,0,0,0,"dempr001","dempr001","",0,0,0,0,0,0,0,0,0,0,0,0,0,"garck001","T","F","F","F",0,0,0,0,0,0,0,0,0,0,F,F,"1978BAL.EVA.regular.event.csv",5518
"BAL197809160","TOR",7,1,0,0,0,"",1,7,"may-l101","?","may-l101","?","lemad101","?","lemad101","?","white002","maybj101","mckad101","hower001","gomel101","wooda001","boser101","bailb001","","","","K","T","F",10,5,3,"T","T",0,"F","F",1,"F","F",0,"F","F",0,"","F","F","",0,0,"N",0,"N",0,"N",0,0,0,0,"2","","","","F","F","F","F","F","F","F","F","F","","","","F","F","F","F","F","","","","",0,2,0,0,0,0,0,0,0,61,"BAL","BAL","TOR",1,"T","F",7,1,0,31,0,"T","F",0,0,"T","T","smitb101","dempr001","F","F",0,0,0,0,0,0,0,0,0,"","","",0,0,0,0,0,0,0,0,0,0,0,0,0,"","F","F","F","F",0,0,0,0,0,0,0,0,0,0,F,F,"1978BAL.EVA.regular.event.csv",5519
"BAL197809160","TOR",7,1,1,0,0,"",1,7,"smitb101","?","smitb101","?","lemad101","?","lemad101","?","white002","maybj101","mckad101","hower001","gomel101","wooda001","boser101","bailb001","","","","D7","F","F",4,6,21,"T","T",2,"F","F",0,"F","F",0,"F","F",7,"","F","F","",0,0,"N",0,"N",0,"N",2,0,0,0,"","","","","F","F","F","F","F","F","F","F","F","","","","F","F","F","F","F","","","","",0,0,0,0,0,0,0,0,0,62,"BAL","BAL","TOR",1,"F","F",7,1,0,32,1,"T","F",0,2,"F","F","dempr001","dauer001","F","F",0,0,0,0,0,0,0,0,0,"","","",0,0,0,0,0,0,0,0,0,0,0,0,0,"wooda001","F","F","F","F",0,0,0,0,0,0,0,0,0,0,F,F,"1978BAL.EVA.regular.event.csv",5520
"BAL197809160","TOR",7,1,1,0,0,"",1,7,"dempr001","?","dempr001","?","lemad101","?","lemad101","?","white002","maybj101","mckad101","hower001","gomel101","wooda001","boser101","bailb001","","smitb101","","9.2-3","F","F",2,7,2,"T","T",0,"F","F",1,"F","F",0,"F","F",9,"F","F","F","",0,0,"N",0,"N",0,"N",0,0,3,0,"9","","","","F","F","F","F","F","F","F","F","F","","lemad101","","F","F","F","F","F","","","","",0,9,0,0,0,0,0,0,0,63,"BAL","BAL","TOR",1,"F","F",7,1,0,33,2,"T","F",2,4,"T","T","dauer001","garck001","F","F",0,0,0,4,6,62,0,0,0,"","white002","",0,0,0,0,0,0,0,0,0,0,0,0,0,"bailb001","F","F","F","F",0,0,0,0,0,0,0,0,0,0,F,F,"1978BAL.EVA.regular.event.csv",5521
"BAL197809160","TOR",7,1,2,0,0,"",1,7,"dauer001","?","dauer001","?","lemad101","?","lemad101","?","white002","maybj101","mckad101","hower001","gomel101","wooda001","boser101","bailb001","","","smitb101","53","F","F",5,8,2,"T","T",0,"F","F",1,"F","F",0,"F","F",5,"G","F","F","",0,0,"N",0,"N",0,"N",0,0,0,3,"53","","","","F","F","F","F","F","F","F","F","F","","","lemad101","F","F","F","F","F","","","","",0,3,0,0,5,0,0,0,0,64,"BAL","BAL","TOR",1,"F","T",7,1,0,34,3,"T","F",4,4,"T","T","garck001","harll101","F","F",0,0,0,0,0,0,4,6,62,"","","white002",0,0,0,0,0,0,0,0,0,0,0,0,0,"hower001","F","F","F","F",0,0,0,0,0,0,0,0,0,0,F,F,"1978BAL.EVA.regular.event.csv",5522
"BAL197809160","TOR",8,0,0,0,0,"",1,7,"boser101","?","boser101","?","martd001","?","martd001","?","dempr001","murre001","smitb101","dauer001","garck001","kellp101","harll101","singk001","","","","3/G","T","F",8,1,2,"T","T",0,"F","F",1,"F","F",0,"F","F",3,"G","F","F","",0,0,"N",0,"N",0,"N",0,0,0,0,"3","","","","F","F","F","F","F","F","F","F","F","","","","F","F","F","F","F","","","","",0,3,0,0,0,0,0,0,0,65,"BAL","TOR","BAL",0,"T","F",1,7,0,27,0,"T","F",0,0,"T","T","bailb001","hower001","T","T",0,0,0,0,0,0,0,0,0,"","","",0,0,0,0,0,0,0,0,0,0,0,0,0,"murre001","F","F","F","F",0,0,0,0,0,0,0,0,0,0,F,F,"1978BAL.EVA.regular.event.csv",5523
"BAL197809160","TOR",8,0,1,0,0,"",1,7,"bailb001","?","bailb001","?","martd001","?","martd001","?","dempr001","murre001","smitb101","dauer001","garck001","kellp101","harll101","singk001","","","","W","F","F",9,2,14,"T","F",0,"F","F",0,"F","F",0,"F","F",0,"","F","F","",0,0,"N",0,"N",0,"N",1,0,0,0,"","","","","F","F","F","F","F","F","F","F","F","","","","F","F","F","F","F","","","","",0,0,0,0,0,0,0,0,0,66,"BAL","TOR","BAL",0,"F","F",1,7,0,28,1,"T","F",0,1,"T","T","hower001","hortw101","T","T",0,0,0,0,0,0,0,0,0,"","","",0,0,0,0,0,0,0,0,0,0,0,0,0,"","F","F","F","F",0,0,0,0,0,0,0,0,0,0,F,F,"1978BAL.EVA.regular.event.csv",5524
"BAL197809160","TOR",8,0,1,0,0,"",1,7,"hower001","?","hower001","?","martd001","?","martd001","?","dempr001","murre001","smitb101","dauer001","garck001","kellp101","harll101","singk001","bailb001","","","S8.1-3","F","F",5,3,20,"T","T",1,"F","F",0,"F","F",0,"F","F",8,"","F","F","",0,0,"N",0,"N",0,"N",1,3,0,0,"","","","","F","F","F","F","F","F","F","F","F","martd001","","","F","F","F","F","F","","","","",0,0,0,0,0,0,0,0,0,67,"BAL","TOR","BAL",0,"F","F",1,7,0,29,2,"T","F",1,5,"T","T","hortw101","maybj101","T","T",9,2,66,0,0,0,0,0,0,"dempr001","","",0,0,0,0,0,0,0,0,0,0,0,0,0,"harll101","F","F","F","F",0,0,0,0,0,0,0,0,0,0,F,F,"1978BAL.EVA.regular.event.csv",5525
"BAL197809160","TOR",8,0,1,0,0,"",1,7,"hortw101","?","hortw101","?","martd001","?","martd001","?","dempr001","murre001","smitb101","dauer001","garck001","kellp101","harll101","singk001","hower001","","bailb001","64(1)3/GDP","F","F",10,4,2,"T","T",0,"F","F",2,"T","F",0,"F","F",6,"G","F","F","",0,0,"N",0,"N",0,"N",0,0,0,3,"43","64","","","F","F","F","F","F","F","F","F","F","martd001","","martd001","F","F","F","F","F","","","","",0,4,3,0,6,4,0,0,0,68,"BAL","TOR","BAL",0,"F","T",1,7,0,30,3,"T","F",5,4,"T","T","maybj101","wooda001","T","T",5,3,67,0,0,0,9,2,66,"dempr001","","dempr001",0,0,0,0,0,0,0,0,0,0,0,0,0,"garck001","T","F","F","F",0,0,0,0,0,0,0,0,0,0,F,F,"1978BAL.EVA.regular.event.csv",5526
"BAL197809160","TOR",8,1,0,0,0,"",1,7,"garck001","?","garck001","?","lemad101","?","lemad101","?","white002","maybj101","mckad101","hower001","gomel101","wooda001","boser101","bailb001","","","","K","T","F",6,9,3,"T","T",0,"F","F",1,"F","F",0,"F","F",0,"","F","F","",0,0,"N",0,"N",0,"N",0,0,0,0,"2","","","","F","F","F","F","F","F","F","F","F","","","","F","F","F","F","F","","","","",0,2,0,0,0,0,0,0,0,69,"BAL","BAL","TOR",1,"T","F",7,1,0,35,0,"T","F",0,0,"T","T","harll101","kellp101","F","F",0,0,0,0,0,0,0,0,0,"","","",0,0,0,0,0,0,0,0,0,0,0,0,0,"","F","F","F","F",0,0,0,0,4,0,0,0,0,0,F,F,"1978BAL.EVA.regular.event.csv",5527
"BAL197809160","TOR",8,1,1,0,0,"",1,7,"harll101","?","harll101","?","lemad101","?","lemad101","?","white002","maybj101","mckad101","hower001","gomel101","wooda001","boser101","bailb001","","","","S7","F","F",8,1,20,"T","T",1,"F","F",0,"F","F",0,"F","F",7,"","F","F","",0,0,"N",0,"N",0,"N",1,0,0,0,"","","","","F","F","F","F","F","F","F","F","F","","","","F","F","F","F","F","","","","",0,0,0,0,0,0,0,0,0,70,"BAL","BAL","TOR",1,"F","F",7,1,0,36,1,"T","F",0,1,"T","T","kellp101","singk001","F","F",0,0,0,0,0,0,0,0,0,"","","",0,0,0,0,0,0,0,0,0,0,0,0,0,"wooda001","F","F","F","F",4,0,0,0,4,0,0,0,0,0,F,F,"1978BAL.EVA.regular.event.csv",5528
"BAL197809160","TOR",8,1,1,0,0,"",1,7,"kellp101","?","kellp101","?","lemad101","?","lemad101","?","white002","maybj101","mckad101","hower001","gomel101","wooda001","boser101","bailb001","harll101","","","K","F","F",7,2,3,"T","T",0,"F","F",1,"F","F",0,"F","F",0,"","F","F","",0,0,"N",0,"N",0,"N",0,1,0,0,"2","","","","F","F","F","F","F","F","F","F","F","lemad101","","","F","F","F","F","F","","","","",0,2,0,0,0,0,0,0,0,71,"BAL","BAL","TOR",1,"F","F",7,1,0,37,2,"T","F",1,1,"T","T","singk001","murre001","F","F",8,1,70,0,0,0,0,0,0,"white002","","",0,0,0,0,0,0,0,0,0,0,0,0,0,"","F","F","F","F",0,4,0,0,4,0,0,0,0,0,F,F,"1978BAL.EVA.regular.event.csv",5529
"BAL197809160","TOR",8,1,2,0,0,"",1,7,"singk001","?","singk001","?","lemad101","?","lemad101","?","white002","maybj101","mckad101","hower001","gomel101","wooda001","boser101","bailb001","harll101","","","D8.1-3","F","F",9,3,21,"T","T",2,"F","F",0,"F","F",0,"F","F",8,"","F","F","",0,0,"N",0,"N",0,"N",2,3,0,0,"","","","","F","F","F","F","F","F","F","F","F","lemad101","","","F","F","F","F","F","","","","",0,0,0,0,0,0,0,0,0,72,"BAL","BAL","TOR",1,"F","F",7,1,0,38,3,"T","F",1,6,"T","T","murre001","may-l101","F","F",8,1,70,0,0,0,0,0,0,"white002","","",0,0,0,0,0,0,0,0,0,0,0,0,0,"boser101","F","F","F","F",4,4,0,0,4,0,0,0,0,0,F,F,"1978BAL.EVA.regular.event.csv",5530
"BAL197809160","TOR",8,1,2,0,0,"",1,7,"murre001","?","murre001","?","lemad101","?","lemad101","?","white002","maybj101","mckad101","hower001","gomel101","wooda001","boser101","bailb001","","lopec101","harll101","S8.3-H;2-H","F","F",3,4,20,"T","T",1,"F","F",0,"F","F",2,"F","F",8,"","F","F","",0,0,"N",0,"N",0,"N",1,0,4,4,"","","","","F","F","F","F","F","F","F","F","F","","lemad101","lemad101","F","F","F","T","F","","singk001","","",0,0,0,0,0,0,0,0,0,73,"BAL","BAL","TOR",1,"F","F",7,1,0,39,4,"T","F",6,1,"T","T","may-l101","smitb101","F","F",0,0,0,0,3,72,8,1,70,"","white002","white002",0,0,0,0,0,0,0,0,0,0,0,0,2,"boser101","F","F","F","F",4,0,4,4,2,0,0,0,0,0,F,F,"1978BAL.EVA.regular.event.csv",5531
"BAL197809160","TOR",8,1,2,0,0,"",1,9,"may-l101","?","may-l101","?","lemad101","?","lemad101","?","white002","maybj101","mckad101","hower001","gomel101","wooda001","boser101","bailb001","murre001","","","HR.1-H","F","F",10,5,23,"T","T",4,"F","F",0,"F","F",2,"F","F",0,"","F","F","",0,0,"N",0,"N",0,"N",4,4,0,0,"","","","","F","F","F","F","F","F","F","F","F","lemad101","","","F","F","F","F","F","","","","",0,0,0,0,0,0,0,0,0,74,"BAL","BAL","TOR",1,"F","F",9,1,2,40,5,"T","F",1,0,"T","T","smitb101","dempr001","F","F",3,4,73,0,0,0,0,0,0,"white002","","",0,0,0,0,0,0,0,0,0,0,0,0,2,"","F","F","F","F",4,4,0,0,0,0,0,0,0,0,F,F,"1978BAL.EVA.regular.event.csv",5532
"BAL197809160","TOR",8,1,2,0,0,"",1,11,"smitb101","?","smitb101","?","lemad101","?","lemad101","?","white002","maybj101","mckad101","hower001","gomel101","wooda001","boser101","bailb001","","","","8","F","F",4,6,2,"T","T",0,"F","F",1,"F","F",0,"F","F",8,"F","F","F","",0,0,"N",0,"N",0,"N",0,0,0,0,"8","","","","F","F","F","F","F","F","F","F","F","","","","F","F","F","F","F","","","","",0,8,0,0,0,0,0,0,0,75,"BAL","BAL","TOR",1,"F","T",11,1,4,41,6,"T","F",0,0,"F","F","dempr001","dauer001","F","F",0,0,0,0,0,0,0,0,0,"","","",0,0,0,0,0,0,0,0,0,0,0,0,0,"boser101","F","F","F","F",0,0,0,0,0,0,0,0,0,0,F,F,"1978BAL.EVA.regular.event.csv",5533
"BAL197809160","TOR",9,0,0,0,0,"",1,11,"maybj101","?","maybj101","?","martd001","?","martd001","?","dempr001","murre001","smitb101","dauer001","garck001","andem101","harll101","lopec101","","","","W","T","F",3,5,14,"T","F",0,"F","F",0,"F","F",0,"F","F",0,"","F","F","",0,0,"N",0,"N",0,"N",1,0,0,0,"","","","","F","F","F","F","F","F","F","F","F","","","","F","F","F","F","F","","","","",0,0,0,0,0,0,0,0,0,76,"BAL","TOR","BAL",0,"T","F",1,11,0,31,0,"T","F",0,1,"T","T","wooda001","mckad101","T","T",0,0,0,0,0,0,0,0,0,"","","",0,0,0,0,0,0,0,0,0,0,0,0,0,"","F","F","F","F",1,0,0,0,0,0,0,0,0,0,F,F,"1978BAL.EVA.regular.event.csv",5534
"BAL197809160","TOR",9,0,0,0,0,"",1,11,"wooda001","?","wooda001","?","martd001","?","martd001","?","dempr001","murre001","smitb101","dauer001","garck001","andem101","harll101","lopec101","maybj101","","","7","F","F",7,6,2,"T","T",0,"F","F",1,"F","F",0,"F","F",7,"F","F","F","",0,0,"N",0,"N",0,"N",0,1,0,0,"7","","","","F","F","F","F","F","F","F","F","F","martd001","","","F","F","F","F","F","","","","",0,7,0,0,0,0,0,0,0,77,"BAL","TOR","BAL",0,"F","F",1,11,0,32,1,"T","F",1,1,"T","T","mckad101","white002","T","T",3,5,76,0,0,0,0,0,0,"dempr001","","",0,0,0,0,0,0,0,0,0,0,0,0,0,"andem101","F","F","F","F",0,1,0,0,0,0,0,0,0,0,F,F,"1978BAL.EVA.regular.event.csv",5535
"BAL197809160","TOR",9,0,1,0,0,"",1,11,"mckad101","?","mckad101","?","martd001","?","martd001","?","dempr001","murre001","smitb101","dauer001","garck001","andem101","harll101","lopec101","maybj101","","","K","F","F",4,7,3,"T","T",0,"F","F",1,"F","F",0,"F","F",0,"","F","F","",0,0,"N",0,"N",0,"N",0,1,0,0,"2","","","","F","F","F","F","F","F","F","F","F","martd001","","","F","F","F","F","F","","","","",0,2,0,0,0,0,0,0,0,78,"BAL","TOR","BAL",0,"F","F",1,11,0,33,2,"T","F",1,1,"T","T","white002","gomel101","T","T",3,5,76,0,0,0,0,0,0,"dempr001","","",0,0,0,0,0,0,0,0,0,0,0,0,0,"","F","F","F","F",0,1,0,0,0,0,0,0,0,0,F,F,"1978BAL.EVA.regular.event.csv",5536
"BAL197809160","TOR",9,0,2,0,0,"",1,11,"white002","?","white002","?","martd001","?","martd001","?","dempr001","murre001","smitb101","dauer001","garck001","andem101","harll101","lopec101","maybj101","","","K","F","F",2,8,3,"T","T",0,"F","F",1,"F","F",0,"F","F",0,"","F","F","",0,0,"N",0,"N",0,"N",0,1,0,0,"2","","","","F","F","F","F","F","F","F","F","F","martd001","","","F","T","F","F","F","","","","",0,2,0,0,0,0,0,0,0,79,"BAL","TOR","BAL",0,"F","T",1,11,0,34,3,"T","F",1,1,"T","T","gomel101","boser101","T","T",3,5,76,0,0,0,0,0,0,"dempr001","","",0,0,0,0,0,0,0,0,0,0,0,0,0,"","F","F","F","F",0,1,0,0,0,0,0,0,0,0,F,F,"1978BAL.EVA.regular.event.csv",5537
"BAL197809170","TOR",1,0,0,0,0,"",0,0,"boser101","?","boser101","?","flanm001","?","flanm001","?","dempr001","murre001","dauer001","decid001","belam101","kellp101","harll101","singk001","","","","43","T","F",8,1,2,"T","T",0,"F","F",1,"F","F",0,"F","F",4,"G","F","F","",0,0,"N",0,"N",0,"N",0,0,0,0,"43","","","","F","F","F","F","F","F","F","F","F","","","","T","F","F","F","F","","","","",0,3,0,0,4,0,0,0,0,1,"BAL","TOR","BAL",0,"T","F",0,0,0,0,0,"T","F",0,0,"T","T","bailb001","veleo101","T","T",0,0,0,0,0,0,0,0,0,"","","",0,0,0,0,0,0,0,0,0,0,0,0,0,"dauer001","F","F","F","F",0,0,0,0,0,0,0,0,0,0,F,F,"1978BAL.EVA.regular.event.csv",5538
"BAL197809170","TOR",1,0,1,0,0,"",0,0,"bailb001","?","bailb001","?","flanm001","?","flanm001","?","dempr001","murre001","dauer001","decid001","belam101","kellp101","harll101","singk001","","","","63","F","F",9,2,2,"T","T",0,"F","F",1,"F","F",0,"F","F",6,"G","F","F","",0,0,"N",0,"N",0,"N",0,0,0,0,"63","","","","F","F","F","F","F","F","F","F","F","","","","F","F","F","F","F","","","","",0,3,0,0,6,0,0,0,0,2,"BAL","TOR","BAL",0,"F","F",0,0,0,1,1,"T","F",0,0,"T","T","veleo101","hortw101","T","T",0,0,0,0,0,0,0,0,0,"","","",0,0,0,0,0,0,0,0,0,0,0,0,0,"belam101","F","F","F","F",0,0,0,0,0,0,0,0,0,0,F,F,"1978BAL.EVA.regular.event.csv",5539
"BAL197809170","TOR",1,0,2,0,0,"",0,0,"veleo101","?","veleo101","?","flanm001","?","flanm001","?","dempr001","murre001","dauer001","decid001","belam101","kellp101","harll101","singk001","","","","8","F","F",7,3,2,"T","T",0,"F","F",1,"F","F",0,"F","F",8,"F","F","F","",0,0,"N",0,"N",0,"N",0,0,0,0,"8","","","","F","F","F","F","F","F","F","F","F","","","","F","F","F","F","F","","","","",0,8,0,0,0,0,0,0,0,3,"BAL","TOR","BAL",0,"F","T",0,0,0,2,2,"T","F",0,0,"T","T","hortw101","aultd101","T","T",0,0,0,0,0,0,0,0,0,"","","",0,0,0,0,0,0,0,0,0,0,0,0,0,"harll101","F","F","F","F",0,0,0,0,0,0,0,0,0,0,F,F,"1978BAL.EVA.regular.event.csv",5540
"BAL197809170","TOR",1,1,0,0,0,"",0,0,"harll101","?","harll101","?","kirkd101","?","kirkd101","?","ceror001","aultd101","mckad101","hower001","gomel101","veleo101","boser101","bailb001","","","","53","T","F",8,1,2,"T","T",0,"F","F",1,"F","F",0,"F","F",5,"G","F","F","",0,0,"N",0,"N",0,"N",0,0,0,0,"53","","","","F","F","F","F","F","F","F","F","F","","","","F","F","F","F","F","","","","",0,3,0,0,5,0,0,0,0,4,"BAL","BAL","TOR",1,"T","F",0,0,0,0,0,"T","F",0,0,"T","T","kellp101","singk001","T","T",0,0,0,0,0,0,0,0,0,"","","",0,0,0,0,0,0,0,0,0,0,0,0,0,"hower001","F","F","F","F",0,0,0,0,1,0,0,0,0,0,F,F,"1978BAL.EVA.regular.event.csv",5541
"BAL197809170","TOR",1,1,1,0,0,"",0,0,"kellp101","?","kellp101","?","kirkd101","?","kirkd101","?","ceror001","aultd101","mckad101","hower001","gomel101","veleo101","boser101","bailb001","","","","E3/G.B-1","F","F",7,2,18,"T","T",0,"F","F",0,"F","F",0,"F","F",3,"G","F","F","",1,3,"F",0,"N",0,"N",1,0,0,0,"","","","","F","F","F","F","F","F","F","F","F","","","","F","F","F","F","F","","","","",0,0,0,0,0,0,0,0,0,5,"BAL","BAL","TOR",1,"F","F",0,0,0,1,1,"T","F",0,1,"T","T","singk001","murre001","T","T",0,0,0,0,0,0,0,0,0,"","","",0,0,0,0,0,0,0,0,0,0,0,0,0,"aultd101","F","F","F","T",5,0,0,0,1,0,0,0,0,0,F,F,"1978BAL.EVA.regular.event.csv",5542
"BAL197809170","TOR",1,1,1,0,0,"",0,0,"singk001","?","singk001","?","kirkd101","?","kirkd101","?","ceror001","aultd101","mckad101","hower001","gomel101","veleo101","boser101","bailb001","kellp101","","","SB2","F","F",9,3,4,"F","F",0,"F","F",0,"F","F",0,"F","F",0,"","F","F","",0,0,"N",0,"N",0,"N",0,2,0,0,"","","","","T","F","F","F","F","F","F","F","F","kirkd101","","","F","F","F","F","F","","","","",0,0,0,0,0,0,0,0,0,6,"BAL","BAL","TOR",1,"F","F",0,0,0,2,2,"T","F",1,2,"T","T","murre001","decid001","T","T",7,2,5,0,0,0,0,0,0,"ceror001","","",0,0,0,0,0,0,0,0,0,0,0,0,0,"","F","F","F","F",0,5,0,0,1,0,0,0,0,0,F,F,"1978BAL.EVA.regular.event.csv",5543
"BAL197809170","TOR",1,1,1,0,0,"",0,0,"singk001","?","singk001","?","kirkd101","?","kirkd101","?","ceror001","aultd101","mckad101","hower001","gomel101","veleo101","boser101","bailb001","","kellp101","","W","F","F",9,3,14,"T","F",0,"F","F",0,"F","F",0,"F","F",0,"","F","F","",0,0,"N",0,"N",0,"N",1,0,2,0,"","","","","F","F","F","F","F","F","F","F","F","","kirkd101","","F","F","F","F","F","","","","",0,0,0,0,0,0,0,0,0,7,"BAL","BAL","TOR",1,"F","F",0,0,0,2,2,"F","F",2,3,"T","T","murre001","decid001","T","T",0,0,0,7,2,5,0,0,0,"","ceror001","",0,0,0,0,0,0,0,0,0,0,0,0,0,"","F","F","F","F",0,0,5,0,1,0,0,0,0,0,F,F,"1978BAL.EVA.regular.event.csv",5544
"BAL197809170","TOR",1,1,1,0,0,"",0,0,"murre001","?","murre001","?","kirkd101","?","kirkd101","?","ceror001","aultd101","mckad101","hower001","gomel101","veleo101","boser101","bailb001","singk001","kellp101","","K","F","F",3,4,3,"T","T",0,"F","F",1,"F","F",0,"F","F",0,"","F","F","",0,0,"N",0,"N",0,"N",0,1,2,0,"2","","","","F","F","F","F","F","F","F","F","F","kirkd101","kirkd101","","F","F","F","F","F","","","","",0,2,0,0,0,0,0,0,0,8,"BAL","BAL","TOR",1,"F","F",0,0,0,3,3,"T","F",3,3,"T","T","decid001","may-l101","T","T",9,3,7,7,2,5,0,0,0,"ceror001","ceror001","",0,0,0,0,0,0,0,0,0,0,0,0,0,"","F","F","F","F",0,0,5,0,1,0,0,0,0,0,F,F,"1978BAL.EVA.regular.event.csv",5545
"BAL197809170","TOR",1,1,2,0,0,"",0,0,"decid001","?","decid001","?","kirkd101","?","kirkd101","?","ceror001","aultd101","mckad101","hower001","gomel101","veleo101","boser101","bailb001","singk001","kellp101","","S7.2-H(UR);1-3","F","F",5,5,20,"T","T",1,"F","F",0,"F","F",1,"F","F",7,"","F","F","",0,0,"N",0,"N",0,"N",1,3,5,0,"","","","","F","F","F","F","F","F","F","F","F","kirkd101","kirkd101","","F","F","F","F","F","","","","",0,0,0,0,0,0,0,0,0,9,"BAL","BAL","TOR",1,"F","F",0,0,0,4,4,"T","F",3,5,"T","T","may-l101","dempr001","T","T",9,3,7,7,2,5,0,0,0,"ceror001","ceror001","",0,0,0,0,0,0,0,0,0,0,0,0,1,"veleo101","F","F","F","F",0,0,5,0,0,0,0,0,0,0,F,F,"1978BAL.EVA.regular.event.csv",5546
"BAL197809170","TOR",1,1,2,0,0,"",0,1,"may-l101","?","may-l101","?","kirkd101","?","kirkd101","?","ceror001","aultd101","mckad101","hower001","gomel101","veleo101","boser101","bailb001","decid001","","singk001","K","F","F",10,6,3,"T","T",0,"F","F",1,"F","F",0,"F","F",0,"","F","F","",0,0,"N",0,"N",0,"N",0,1,0,3,"2","","","","F","F","F","F","F","F","F","F","F","kirkd101","","kirkd101","F","F","F","F","F","","","","",0,2,0,0,0,0,0,0,0,10,"BAL","BAL","TOR",1,"F","T",1,0,1,5,5,"T","F",5,5,"T","T","dempr001","dauer001","T","T",5,5,9,0,0,0,9,3,7,"ceror001","","ceror001",0,0,0,0,0,0,0,0,0,0,0,0,0,"","F","F","F","F",0,0,0,0,0,0,0,0,0,0,F,F,"1978BAL.EVA.regular.event.csv",5547
"BAL197809170","TOR",2,0,0,0,0,"",0,1,"hortw101","?","hortw101","?","flanm001","?","flanm001","?","dempr001","murre001","dauer001","decid001","belam101","kellp101","harll101","singk001","","","","3/FL","T","F",10,4,2,"T","T",0,"F","F",1,"F","F",0,"F","F",3,"F","F","T","",0,0,"N",0,"N",0,"N",0,0,0,0,"3","","","","F","F","F","F","F","F","F","F","F","","","","F","F","F","F","F","","","","",0,3,0,0,0,0,0,0,0,11,"BAL","TOR","BAL",0,"T","F",0,1,0,3,0,"T","F",0,0,"T","T","aultd101","hower001","T","T",0,0,0,0,0,0,0,0,0,"","","",0,0,0,0,0,0,0,0,0,0,0,0,0,"murre001","F","F","F","F",0,0,0,0,0,0,0,0,0,0,F,F,"1978BAL.EVA.regular.event.csv",5548
"BAL197809170","TOR",2,0,1,0,0,"",0,1,"aultd101","?","aultd101","?","flanm001","?","flanm001","?","dempr001","murre001","dauer001","decid001","belam101","kellp101","harll101","singk001","","","","W","F","F",3,5,14,"T","F",0,"F","F",0,"F","F",0,"F","F",0,"","F","F","",0,0,"N",0,"N",0,"N",1,0,0,0,"","","","","F","F","F","F","F","F","F","F","F","","","","F","F","F","F","F","","","","",0,0,0,0,0,0,0,0,0,12,"BAL","TOR","BAL",0,"F","F",0,1,0,4,1,"T","F",0,1,"T","T","hower001","mckad101","T","T",0,0,0,0,0,0,0,0,0,"","","",0,0,0,0,0,0,0,0,0,0,0,0,0,"","F","F","F","F",0,0,0,0,0,0,0,0,0,0,F,F,"1978BAL.EVA.regular.event.csv",5549
"BAL197809170","TOR",2,0,1,0,0,"",0,1,"hower001","?","hower001","?","flanm001","?","flanm001","?","dempr001","murre001","dauer001","decid001","belam101","kellp101","harll101","singk001","aultd101","","","S8/G46.1-3","F","F",5,6,20,"T","T",1,"F","F",0,"F","F",0,"F","F",8,"G","F","F","46",0,0,"N",0,"N",0,"N",1,3,0,0,"","","","","F","F","F","F","F","F","F","F","F","flanm001","","","F","F","F","F","F","","","","",0,0,0,0,0,0,0,0,0,13,"BAL","TOR","BAL",0,"F","F",0,1,0,5,2,"T","F",1,5,"T","T","mckad101","ceror001","T","T",3,5,12,0,0,0,0,0,0,"dempr001","","",0,0,0,0,0,0,0,0,0,0,0,0,0,"harll101","F","F","F","F",0,0,0,0,0,0,0,0,0,0,F,F,"1978BAL.EVA.regular.event.csv",5550
"BAL197809170","TOR",2,0,1,0,0,"",0,1,"mckad101","?","mckad101","?","flanm001","?","flanm001","?","dempr001","murre001","dauer001","decid001","belam101","kellp101","harll101","singk001","hower001","","aultd101","K","F","F",4,7,3,"T","T",0,"F","F",1,"F","F",0,"F","F",0,"","F","F","",0,0,"N",0,"N",0,"N",0,1,0,3,"2","","","","F","F","F","F","F","F","F","F","F","flanm001","","flanm001","F","F","F","F","F","","","","",0,2,0,0,0,0,0,0,0,14,"BAL","TOR","BAL",0,"F","F",0,1,0,6,3,"T","F",5,5,"T","T","ceror001","gomel101","T","T",5,6,13,0,0,0,3,5,12,"dempr001","","dempr001",0,0,0,0,0,0,0,0,0,0,0,0,0,"","F","F","F","F",0,0,0,0,0,0,0,0,0,0,F,F,"1978BAL.EVA.regular.event.csv",5551
"BAL197809170","TOR",2,0,2,0,0,"",0,1,"ceror001","?","ceror001","?","flanm001","?","flanm001","?","dempr001","murre001","dauer001","decid001","belam101","kellp101","harll101","singk001","hower001","","aultd101","8","F","F",2,8,2,"T","T",0,"F","F",1,"F","F",0,"F","F",8,"F","F","F","",0,0,"N",0,"N",0,"N",0,1,0,3,"8","","","","F","F","F","F","F","F","F","F","F","flanm001","","flanm001","F","F","F","F","F","","","","",0,8,0,0,0,0,0,0,0,15,"BAL","TOR","BAL",0,"F","T",0,1,0,7,4,"T","F",5,5,"T","T","gomel101","boser101","T","T",5,6,13,0,0,0,3,5,12,"dempr001","","dempr001",0,0,0,0,0,0,0,0,0,0,0,0,0,"harll101","F","F","F","F",0,0,0,0,0,0,0,0,0,0,F,F,"1978BAL.EVA.regular.event.csv",5552
"BAL197809170","TOR",2,1,0,0,0,"",0,1,"dempr001","?","dempr001","?","kirkd101","?","kirkd101","?","ceror001","aultd101","mckad101","hower001","gomel101","veleo101","boser101","bailb001","","","","13","T","F",2,7,2,"T","T",0,"F","F",1,"F","F",0,"F","F",1,"G","F","F","",0,0,"N",0,"N",0,"N",0,0,0,0,"13","","","","F","F","F","F","F","F","F","F","F","","","","F","F","F","F","F","","","","",0,3,0,0,1,0,0,0,0,16,"BAL","BAL","TOR",1,"T","F",1,0,0,6,0,"T","F",0,0,"T","T","dauer001","belam101","T","T",0,0,0,0,0,0,0,0,0,"","","",0,0,0,0,0,0,0,0,0,0,0,0,0,"kirkd101","F","F","F","F",0,0,0,0,0,0,0,0,0,0,F,F,"1978BAL.EVA.regular.event.csv",5553
"BAL197809170","TOR",2,1,1,0,0,"",0,1,"dauer001","?","dauer001","?","kirkd101","?","kirkd101","?","ceror001","aultd101","mckad101","hower001","gomel101","veleo101","boser101","bailb001","","","","63","F","F",4,8,2,"T","T",0,"F","F",1,"F","F",0,"F","F",6,"G","F","F","",0,0,"N",0,"N",0,"N",0,0,0,0,"63","","","","F","F","F","F","F","F","F","F","F","","","","F","F","F","F","F","","","","",0,3,0,0,6,0,0,0,0,17,"BAL","BAL","TOR",1,"F","F",1,0,0,7,1,"T","F",0,0,"T","T","belam101","harll101","T","T",0,0,0,0,0,0,0,0,0,"","","",0,0,0,0,0,0,0,0,0,0,0,0,0,"gomel101","F","F","F","F",0,0,0,0,0,0,0,0,0,0,F,F,"1978BAL.EVA.regular.event.csv",5554
"BAL197809170","TOR",2,1,2,0,0,"",0,1,"belam101","?","belam101","?","kirkd101","?","kirkd101","?","ceror001","aultd101","mckad101","hower001","gomel101","veleo101","boser101","bailb001","","","","13","F","F",6,9,2,"T","T",0,"F","F",1,"F","F",0,"F","F",1,"G","F","F","",0,0,"N",0,"N",0,"N",0,0,0,0,"13","","","","F","F","F","F","F","F","F","F","F","","","","F","F","F","F","F","","","","",0,3,0,0,1,0,0,0,0,18,"BAL","BAL","TOR",1,"F","T",1,0,0,8,2,"T","F",0,0,"T","T","harll101","kellp101","T","T",0,0,0,0,0,0,0,0,0,"","","",0,0,0,0,0,0,0,0,0,0,0,0,0,"kirkd101","F","F","F","F",0,0,0,0,0,0,0,0,0,0,F,F,"1978BAL.EVA.regular.event.csv",5555
"BAL197809170","TOR",3,0,0,0,0,"",0,1,"gomel101","?","gomel101","?","flanm001","?","flanm001","?","dempr001","murre001","dauer001","decid001","belam101","kellp101","harll101","singk001","","","","53","T","F",6,9,2,"T","T",0,"F","F",1,"F","F",0,"F","F",5,"G","F","F","",0,0,"N",0,"N",0,"N",0,0,0,0,"53","","","","F","F","F","F","F","F","F","F","F","","","","F","F","F","F","F","","","","",0,3,0,0,5,0,0,0,0,19,"BAL","TOR","BAL",0,"T","F",0,1,0,8,0,"T","F",0,0,"T","T","boser101","bailb001","T","T",0,0,0,0,0,0,0,0,0,"","","",0,0,0,0,0,0,0,0,0,0,0,0,0,"decid001","F","F","F","F",0,0,0,0,0,0,0,0,0,0,F,F,"1978BAL.EVA.regular.event.csv",5556
"BAL197809170","TOR",3,0,1,0,0,"",0,1,"boser101","?","boser101","?","flanm001","?","flanm001","?","dempr001","murre001","dauer001","decid001","belam101","kellp101","harll101","singk001","","","","D7","F","F",8,1,21,"T","T",2,"F","F",0,"F","F",0,"F","F",7,"","F","F","",0,0,"N",0,"N",0,"N",2,0,0,0,"","","","","F","F","F","F","F","F","F","F","F","","","","F","F","F","F","F","","","","",0,0,0,0,0,0,0,0,0,20,"BAL","TOR","BAL",0,"F","F",0,1,0,9,1,"T","F",0,2,"T","T","bailb001","veleo101","T","T",0,0,0,0,0,0,0,0,0,"","","",0,0,0,0,0,0,0,0,0,0,0,0,0,"kellp101","F","F","F","F",0,0,0,0,0,0,0,0,0,0,F,F,"1978BAL.EVA.regular.event.csv",5557
"BAL197809170","TOR",3,0,1,0,0,"",0,1,"bailb001","?","bailb001","?","flanm001","?","flanm001","?","dempr001","murre001","dauer001","decid001","belam101","kellp101","harll101","singk001","","boser101","","43.2-3","F","F",9,2,2,"T","T",0,"F","F",1,"F","F",0,"F","F",4,"G","F","F","",0,0,"N",0,"N",0,"N",0,0,3,0,"43","","","","F","F","F","F","F","F","F","F","F","","flanm001","","F","F","F","F","F","","","","",0,3,0,0,4,0,0,0,0,21,"BAL","TOR","BAL",0,"F","F",0,1,0,10,2,"T","F",2,4,"T","T","veleo101","hortw101","T","T",0,0,0,8,1,20,0,0,0,"","dempr001","",0,0,0,0,0,0,0,0,0,0,0,0,0,"dauer001","F","F","F","F",0,0,0,0,0,0,0,0,0,0,F,F,"1978BAL.EVA.regular.event.csv",5558
"BAL197809170","TOR",3,0,2,0,0,"",0,1,"veleo101","?","veleo101","?","flanm001","?","flanm001","?","dempr001","murre001","dauer001","decid001","belam101","kellp101","harll101","singk001","","","boser101","4","F","F",7,3,2,"T","T",0,"F","F",1,"F","F",0,"F","F",4,"F","F","F","",0,0,"N",0,"N",0,"N",0,0,0,3,"4","","","","F","F","F","F","F","F","F","F","F","","","flanm001","F","F","F","F","F","","","","",0,4,0,0,0,0,0,0,0,22,"BAL","TOR","BAL",0,"F","T",0,1,0,11,3,"T","F",4,4,"T","T","hortw101","aultd101","T","T",0,0,0,0,0,0,8,1,20,"","","dempr001",0,0,0,0,0,0,0,0,0,0,0,0,0,"dauer001","F","F","F","F",0,0,0,0,0,0,0,0,0,0,F,F,"1978BAL.EVA.regular.event.csv",5559
"BAL197809170","TOR",3,1,0,0,0,"",0,1,"harll101","?","harll101","?","kirkd101","?","kirkd101","?","ceror001","aultd101","mckad101","hower001","gomel101","veleo101","boser101","bailb001","","","","63","T","F",8,1,2,"T","T",0,"F","F",1,"F","F",0,"F","F",6,"G","F","F","",0,0,"N",0,"N",0,"N",0,0,0,0,"63","","","","F","F","F","F","F","F","F","F","F","","","","F","F","F","F","F","","","","",0,3,0,0,6,0,0,0,0,23,"BAL","BAL","TOR",1,"T","F",1,0,0,9,0,"T","F",0,0,"T","T","kellp101","singk001","T","T",0,0,0,0,0,0,0,0,0,"","","",0,0,0,0,0,0,0,0,0,0,0,0,0,"gomel101","F","F","F","F",0,0,0,0,4,0,0,0,0,0,F,F,"1978BAL.EVA.regular.event.csv",5560
"BAL197809170","TOR",3,1,1,0,0,"",0,1,"kellp101","?","kellp101","?","kirkd101","?","kirkd101","?","ceror001","aultd101","mckad101","hower001","gomel101","veleo101","boser101","bailb001","","","","S8","F","F",7,2,20,"T","T",1,"F","F",0,"F","F",0,"F","F",8,"","F","F","",0,0,"N",0,"N",0,"N",1,0,0,0,"","","","","F","F","F","F","F","F","F","F","F","","","","F","F","F","F","F","","","","",0,0,0,0,0,0,0,0,0,24,"BAL","BAL","TOR",1,"F","F",1,0,0,10,1,"T","F",0,1,"T","T","singk001","murre001","T","T",0,0,0,0,0,0,0,0,0,"","","",0,0,0,0,0,0,0,0,0,0,0,0,0,"boser101","F","F","F","F",4,0,0,0,4,0,0,0,0,0,F,F,"1978BAL.EVA.regular.event.csv",5561
"BAL197809170","TOR",3,1,1,0,0,"",0,1,"singk001","?","singk001","?","kirkd101","?","kirkd101","?","ceror001","aultd101","mckad101","hower001","gomel101","veleo101","boser101","bailb001","kellp101","","","S7.1-3","F","F",9,3,20,"T","T",1,"F","F",0,"F","F",0,"F","F",7,"","F","F","",0,0,"N",0,"N",0,"N",1,3,0,0,"","","","","F","F","F","F","F","F","F","F","F","kirkd101","","","F","F","F","F","F","","","","",0,0,0,0,0,0,0,0,0,25,"BAL","BAL","TOR",1,"F","F",1,0,0,11,2,"T","F",1,5,"T","T","murre001","decid001","T","T",7,2,24,0,0,0,0,0,0,"ceror001","","",0,0,0,0,0,0,0,0,0,0,0,0,0,"veleo101","F","F","F","F",4,4,0,0,4,0,0,0,0,0,F,F,"1978BAL.EVA.regular.event.csv",5562
"BAL197809170","TOR",3,1,1,0,0,"",0,1,"murre001","?","murre001","?","kirkd101","?","kirkd101","?","ceror001","aultd101","mckad101","hower001","gomel101","veleo101","boser101","bailb001","singk001","","kellp101","WP.3-H;1-2","F","F",3,4,9,"F","F",0,"F","F",0,"F","F",0,"T","F",0,"","F","F","",0,0,"N",0,"N",0,"N",0,2,0,4,"","","","","F","F","F","F","F","F","F","F","F","kirkd101","","kirkd101","F","F","F","F","F","","","","",0,0,0,0,0,0,0,0,0,26,"BAL","BAL","TOR",1,"F","F",1,0,0,12,3,"T","F",5,2,"T","T","decid001","may-l101","T","T",9,3,25,0,0,0,7,2,24,"ceror001","","ceror001",0,0,0,0,0,0,0,0,0,0,0,0,1,"","F","F","F","F",0,4,0,4,3,0,0,0,0,0,F,F,"1978BAL.EVA.regular.event.csv",5563
"BAL197809170","TOR",3,1,1,0,0,"",0,2,"murre001","?","murre001","?","kirkd101","?","kirkd101","?","ceror001","aultd101","mckad101","hower001","gomel101","veleo101","boser101","bailb001","","singk001","","S8.2-H;B-2(E8)","F","F",3,4,20,"T","T",1,"F","F",0,"F","F",1,"F","F",8,"","F","F","",1,8,"F",0,"N",0,"N",2,0,4,0,"","","","","F","F","F","F","F","F","F","F","F","","kirkd101","","F","F","F","F","F","","","","",0,0,0,0,0,0,0,0,0,27,"BAL","BAL","TOR",1,"F","F",2,0,1,12,3,"F","F",2,2,"T","T","decid001","may-l101","T","T",0,0,0,9,3,25,0,0,0,"","ceror001","",0,0,0,0,0,0,0,0,0,0,0,0,1,"boser101","F","F","F","F",4,0,4,0,2,0,0,0,0,0,F,F,"1978BAL.EVA.regular.event.csv",5564
"BAL197809170","TOR",3,1,1,0,0,"",0,3,"decid001","?","decid001","?","kirkd101","?","kirkd101","?","ceror001","aultd101","mckad101","hower001","gomel101","veleo101","boser101","bailb001","","murre001","","HR/7.2-H","F","F",5,5,23,"T","T",4,"F","F",0,"F","F",2,"F","F",0,"","F","F","7",0,0,"N",0,"N",0,"N",4,0,4,0,"","","","","F","F","F","F","F","F","F","F","F","","kirkd101","","F","F","F","F","F","","","","",0,0,0,0,0,0,0,0,0,28,"BAL","BAL","TOR",1,"F","F",3,0,2,13,4,"T","F",2,0,"T","T","may-l101","dempr001","T","T",0,0,0,3,4,27,0,0,0,"","ceror001","",0,0,0,0,0,0,0,0,0,0,0,0,2,"","F","F","F","F",4,0,4,0,0,0,0,0,0,0,F,F,"1978BAL.EVA.regular.event.csv",5565
"BAL197809170","TOR",3,1,1,0,0,"",0,5,"may-l101","?","may-l101","?","kirkd101","?","kirkd101","?","ceror001","aultd101","mckad101","hower001","gomel101","veleo101","boser101","bailb001","","","","S4","F","F",10,6,20,"T","T",1,"F","F",0,"F","F",0,"F","F",4,"","F","F","",0,0,"N",0,"N",0,"N",1,0,0,0,"","","","","F","F","F","F","F","F","F","F","F","","","","F","F","F","F","F","","","","",0,0,0,0,0,0,0,0,0,29,"BAL","BAL","TOR",1,"F","F",5,0,4,14,5,"T","F",0,1,"T","T","dempr001","dauer001","T","T",0,0,0,0,0,0,0,0,0,"","","",0,0,0,0,0,0,0,0,0,0,0,0,0,"mckad101","F","F","F","F",0,0,0,0,0,0,0,0,0,0,F,F,"1978BAL.EVA.regular.event.csv",5566
"BAL197809170","TOR",3,1,1,0,0,"",0,5,"dempr001","?","dempr001","?","garvj101","?","garvj101","?","ceror001","aultd101","mckad101","hower001","gomel101","veleo101","boser101","bailb001","may-l101","","","W.1-2","F","F",2,7,14,"T","F",0,"F","F",0,"F","F",0,"F","F",0,"","F","F","",0,0,"N",0,"N",0,"N",1,2,0,0,"","","","","F","F","F","F","F","F","F","F","F","kirkd101","","","F","F","F","F","F","","","","",0,0,0,0,0,0,0,0,0,30,"BAL","BAL","TOR",1,"F","F",5,0,4,15,6,"T","F",1,3,"T","T","dauer001","belam101","F","F",10,6,29,0,0,0,0,0,0,"ceror001","","",0,0,0,0,0,0,0,0,0,0,0,0,0,"","F","F","F","F",0,0,0,0,0,0,0,0,0,0,F,F,"1978BAL.EVA.regular.event.csv",5567
"BAL197809170","TOR",3,1,1,0,0,"",0,5,"dauer001","?","dauer001","?","garvj101","?","garvj101","?","ceror001","aultd101","mckad101","hower001","gomel101","veleo101","boser101","bailb001","dempr001","may-l101","","8","F","F",4,8,2,"T","T",0,"F","F",1,"F","F",0,"F","F",8,"F","F","F","",0,0,"N",0,"N",0,"N",0,1,2,0,"8","","","","F","F","F","F","F","F","F","F","F","garvj101","kirkd101","","F","F","F","F","F","","","","",0,8,0,0,0,0,0,0,0,31,"BAL","BAL","TOR",1,"F","F",5,0,4,16,7,"T","F",3,3,"T","T","belam101","harll101","F","F",2,7,30,10,6,29,0,0,0,"ceror001","ceror001","",0,0,0,0,0,0,0,0,0,0,0,0,0,"boser101","F","F","F","F",0,0,0,0,0,0,0,0,0,0,F,F,"1978BAL.EVA.regular.event.csv",5568
"BAL197809170","TOR",3,1,2,0,0,"",0,5,"belam101","?","belam101","?","garvj101","?","garvj101","?","ceror001","aultd101","mckad101","hower001","gomel101","veleo101","boser101","bailb001","dempr001","may-l101","","9","F","F",6,9,2,"T","T",0,"F","F",1,"F","F",0,"F","F",9,"F","F","F","",0,0,"N",0,"N",0,"N",0,1,2,0,"9","","","","F","F","F","F","F","F","F","F","F","garvj101","kirkd101","","F","F","F","F","F","","","","",0,9,0,0,0,0,0,0,0,32,"BAL","BAL","TOR",1,"F","T",5,0,4,17,8,"T","F",3,3,"T","T","harll101","kellp101","F","F",2,7,30,10,6,29,0,0,0,"ceror001","ceror001","",0,0,0,0,0,0,0,0,0,0,0,0,0,"bailb001","F","F","F","F",0,0,0,0,0,0,0,0,0,0,F,F,"1978BAL.EVA.regular.event.csv",5569
"BAL197809170","TOR",4,0,0,0,0,"",0,5,"hortw101","?","hortw101","?","flanm001","?","flanm001","?","dempr001","murre001","dauer001","decid001","belam101","kellp101","harll101","singk001","","","","53","T","F",10,4,2,"T","T",0,"F","F",1,"F","F",0,"F","F",5,"G","F","F","",0,0,"N",0,"N",0,"N",0,0,0,0,"53","","","","F","F","F","F","F","F","F","F","F","","","","F","F","F","F","F","","","","",0,3,0,0,5,0,0,0,0,33,"BAL","TOR","BAL",0,"T","F",0,5,0,12,0,"T","F",0,0,"T","T","aultd101","hower001","T","T",0,0,0,0,0,0,0,0,0,"","","",0,0,0,0,0,0,0,0,0,0,0,0,0,"decid001","F","F","F","F",0,0,0,0,0,0,0,0,0,0,F,F,"1978BAL.EVA.regular.event.csv",5570
"BAL197809170","TOR",4,0,1,0,0,"",0,5,"aultd101","?","aultd101","?","flanm001","?","flanm001","?","dempr001","murre001","dauer001","decid001","belam101","kellp101","harll101","singk001","","","","63","F","F",3,5,2,"T","T",0,"F","F",1,"F","F",0,"F","F",6,"G","F","F","",0,0,"N",0,"N",0,"N",0,0,0,0,"63","","","","F","F","F","F","F","F","F","F","F","","","","F","F","F","F","F","","","","",0,3,0,0,6,0,0,0,0,34,"BAL","TOR","BAL",0,"F","F",0,5,0,13,1,"T","F",0,0,"T","T","hower001","mckad101","T","T",0,0,0,0,0,0,0,0,0,"","","",0,0,0,0,0,0,0,0,0,0,0,0,0,"belam101","F","F","F","F",0,0,0,0,0,0,0,0,0,0,F,F,"1978BAL.EVA.regular.event.csv",5571
"BAL197809170","TOR",4,0,2,0,0,"",0,5,"hower001","?","hower001","?","flanm001","?","flanm001","?","dempr001","murre001","dauer001","decid001","belam101","kellp101","harll101","singk001","","","","43","F","F",5,6,2,"T","T",0,"F","F",1,"F","F",0,"F","F",4,"G","F","F","",0,0,"N",0,"N",0,"N",0,0,0,0,"43","","","","F","F","F","F","F","F","F","F","F","","","","F","F","F","F","F","","","","",0,3,0,0,4,0,0,0,0,35,"BAL","TOR","BAL",0,"F","T",0,5,0,14,2,"T","F",0,0,"T","T","mckad101","ceror001","T","T",0,0,0,0,0,0,0,0,0,"","","",0,0,0,0,0,0,0,0,0,0,0,0,0,"dauer001","F","F","F","F",0,0,0,0,0,0,0,0,0,0,F,F,"1978BAL.EVA.regular.event.csv",5572
"BAL197809170","TOR",4,1,0,0,0,"",0,5,"harll101","?","harll101","?","garvj101","?","garvj101","?","ceror001","aultd101","mckad101","hower001","gomel101","veleo101","boser101","bailb001","","","","7","T","F",8,1,2,"T","T",0,"F","F",1,"F","F",0,"F","F",7,"F","F","F","",0,0,"N",0,"N",0,"N",0,0,0,0,"7","","","","F","F","F","F","F","F","F","F","F","","","","F","F","F","F","F","","","","",0,7,0,0,0,0,0,0,0,36,"BAL","BAL","TOR",1,"T","F",5,0,0,18,0,"T","F",0,0,"T","T","kellp101","singk001","F","F",0,0,0,0,0,0,0,0,0,"","","",0,0,0,0,0,0,0,0,0,0,0,0,0,"veleo101","F","F","F","F",0,0,0,0,0,0,0,0,0,0,F,F,"1978BAL.EVA.regular.event.csv",5573
"BAL197809170","TOR",4,1,1,0,0,"",0,5,"kellp101","?","kellp101","?","garvj101","?","garvj101","?","ceror001","aultd101","mckad101","hower001","gomel101","veleo101","boser101","bailb001","","","","7","F","F",7,2,2,"T","T",0,"F","F",1,"F","F",0,"F","F",7,"F","F","F","",0,0,"N",0,"N",0,"N",0,0,0,0,"7","","","","F","F","F","F","F","F","F","F","F","","","","F","F","F","F","F","","","","",0,7,0,0,0,0,0,0,0,37,"BAL","BAL","TOR",1,"F","F",5,0,0,19,1,"T","F",0,0,"T","T","singk001","murre001","F","F",0,0,0,0,0,0,0,0,0,"","","",0,0,0,0,0,0,0,0,0,0,0,0,0,"veleo101","F","F","F","F",0,0,0,0,0,0,0,0,0,0,F,F,"1978BAL.EVA.regular.event.csv",5574
"BAL197809170","TOR",4,1,2,0,0,"",0,5,"singk001","?","singk001","?","garvj101","?","garvj101","?","ceror001","aultd101","mckad101","hower001","gomel101","veleo101","boser101","bailb001","","","","53","F","F",9,3,2,"T","T",0,"F","F",1,"F","F",0,"F","F",5,"G","F","F","",0,0,"N",0,"N",0,"N",0,0,0,0,"53","","","","F","F","F","F","F","F","F","F","F","","","","F","F","F","F","F","","","","",0,3,0,0,5,0,0,0,0,38,"BAL","BAL","TOR",1,"F","T",5,0,0,20,2,"T","F",0,0,"T","T","murre001","decid001","F","F",0,0,0,0,0,0,0,0,0,"","","",0,0,0,0,0,0,0,0,0,0,0,0,0,"hower001","F","F","F","F",0,0,0,0,0,0,0,0,0,0,F,F,"1978BAL.EVA.regular.event.csv",5575
"BAL197809170","TOR",5,0,0,0,0,"",0,5,"mckad101","?","mckad101","?","flanm001","?","flanm001","?","dempr001","murre001","dauer001","decid001","belam101","kellp101","harll101","singk001","","","","K","T","F",4,7,3,"T","T",0,"F","F",1,"F","F",0,"F","F",0,"","F","F","",0,0,"N",0,"N",0,"N",0,0,0,0,"2","","","","F","F","F","F","F","F","F","F","F","","","","F","F","F","F","F","","","","",0,2,0,0,0,0,0,0,0,39,"BAL","TOR","BAL",0,"T","F",0,5,0,15,0,"T","F",0,0,"T","T","ceror001","gomel101","T","T",0,0,0,0,0,0,0,0,0,"","","",0,0,0,0,0,0,0,0,0,0,0,0,0,"","F","F","F","F",0,0,0,0,0,0,0,0,0,0,F,F,"1978BAL.EVA.regular.event.csv",5576
"BAL197809170","TOR",5,0,1,0,0,"",0,5,"ceror001","?","ceror001","?","flanm001","?","flanm001","?","dempr001","murre001","dauer001","decid001","belam101","kellp101","harll101","singk001","","","","6","F","F",2,8,2,"T","T",0,"F","F",1,"F","F",0,"F","F",6,"F","F","F","",0,0,"N",0,"N",0,"N",0,0,0,0,"6","","","","F","F","F","F","F","F","F","F","F","","","","F","F","F","F","F","","","","",0,6,0,0,0,0,0,0,0,40,"BAL","TOR","BAL",0,"F","F",0,5,0,16,1,"T","F",0,0,"T","T","gomel101","boser101","T","T",0,0,0,0,0,0,0,0,0,"","","",0,0,0,0,0,0,0,0,0,0,0,0,0,"belam101","F","F","F","F",0,0,0,0,0,0,0,0,0,0,F,F,"1978BAL.EVA.regular.event.csv",5577
"BAL197809170","TOR",5,0,2,0,0,"",0,5,"gomel101","?","gomel101","?","flanm001","?","flanm001","?","dempr001","murre001","dauer001","decid001","belam101","kellp101","harll101","singk001","","","","53","F","F",6,9,2,"T","T",0,"F","F",1,"F","F",0,"F","F",5,"G","F","F","",0,0,"N",0,"N",0,"N",0,0,0,0,"53","","","","F","F","F","F","F","F","F","F","F","","","","F","F","F","F","F","","","","",0,3,0,0,5,0,0,0,0,41,"BAL","TOR","BAL",0,"F","T",0,5,0,17,2,"T","F",0,0,"T","T","boser101","bailb001","T","T",0,0,0,0,0,0,0,0,0,"","","",0,0,0,0,0,0,0,0,0,0,0,0,0,"decid001","F","F","F","F",0,0,0,0,0,0,0,0,0,0,F,F,"1978BAL.EVA.regular.event.csv",5578
"BAL197809170","TOR",5,1,0,0,0,"",0,5,"murre001","?","murre001","?","garvj101","?","garvj101","?","ceror001","aultd101","mckad101","hower001","gomel101","veleo101","boser101","bailb001","","","","D7","T","F",3,4,21,"T","T",2,"F","F",0,"F","F",0,"F","F",7,"","F","F","",0,0,"N",0,"N",0,"N",2,0,0,0,"","","","","F","F","F","F","F","F","F","F","F","","","","F","F","F","F","F","","","","",0,0,0,0,0,0,0,0,0,42,"BAL","BAL","TOR",1,"T","F",5,0,0,21,0,"T","F",0,2,"T","T","decid001","may-l101","F","F",0,0,0,0,0,0,0,0,0,"","","",0,0,0,0,0,0,0,0,0,0,0,0,0,"veleo101","F","F","F","F",0,0,0,0,0,0,0,0,0,0,F,F,"1978BAL.EVA.regular.event.csv",5579
"BAL197809170","TOR",5,1,0,0,0,"",0,5,"decid001","?","decid001","?","garvj101","?","garvj101","?","ceror001","aultd101","mckad101","hower001","gomel101","veleo101","boser101","bailb001","","murre001","","63","F","F",5,5,2,"T","T",0,"F","F",1,"F","F",0,"F","F",6,"G","F","F","",0,0,"N",0,"N",0,"N",0,0,2,0,"63","","","","F","F","F","F","F","F","F","F","F","","garvj101","","F","F","F","F","F","","","","",0,3,0,0,6,0,0,0,0,43,"BAL","BAL","TOR",1,"F","F",5,0,0,22,1,"T","F",2,2,"T","T","may-l101","dempr001","F","F",0,0,0,3,4,42,0,0,0,"","ceror001","",0,0,0,0,0,0,0,0,0,0,0,0,0,"gomel101","F","F","F","F",0,0,0,0,0,0,0,0,0,0,F,F,"1978BAL.EVA.regular.event.csv",5580
"BAL197809170","TOR",5,1,1,0,0,"",0,5,"may-l101","?","may-l101","?","garvj101","?","garvj101","?","ceror001","aultd101","mckad101","hower001","gomel101","veleo101","boser101","bailb001","","murre001","","4","F","F",10,6,2,"T","T",0,"F","F",1,"F","F",0,"F","F",4,"F","F","F","",0,0,"N",0,"N",0,"N",0,0,2,0,"4","","","","F","F","F","F","F","F","F","F","F","","garvj101","","F","F","F","F","F","","","","",0,4,0,0,0,0,0,0,0,44,"BAL","BAL","TOR",1,"F","F",5,0,0,23,2,"T","F",2,2,"T","T","dempr001","dauer001","F","F",0,0,0,3,4,42,0,0,0,"","ceror001","",0,0,0,0,0,0,0,0,0,0,0,0,0,"mckad101","F","F","F","F",0,0,0,0,0,0,0,0,0,0,F,F,"1978BAL.EVA.regular.event.csv",5581
"BAL197809170","TOR",5,1,2,0,0,"",0,5,"dempr001","?","dempr001","?","garvj101","?","garvj101","?","ceror001","aultd101","mckad101","hower001","gomel101","veleo101","boser101","bailb001","","murre001","","4","F","F",2,7,2,"T","T",0,"F","F",1,"F","F",0,"F","F",4,"F","F","F","",0,0,"N",0,"N",0,"N",0,0,2,0,"4","","","","F","F","F","F","F","F","F","F","F","","garvj101","","F","F","F","F","F","","","","",0,4,0,0,0,0,0,0,0,45,"BAL","BAL","TOR",1,"F","T",5,0,0,24,3,"T","F",2,2,"T","T","dauer001","belam101","F","F",0,0,0,3,4,42,0,0,0,"","ceror001","",0,0,0,0,0,0,0,0,0,0,0,0,0,"mckad101","F","F","F","F",0,0,0,0,0,0,0,0,0,0,F,F,"1978BAL.EVA.regular.event.csv",5582
"BAL197809170","TOR",6,0,0,0,0,"",0,5,"boser101","?","boser101","?","flanm001","?","flanm001","?","dempr001","murre001","dauer001","decid001","belam101","kellp101","harll101","singk001","","","","8","T","F",8,1,2,"T","T",0,"F","F",1,"F","F",0,"F","F",8,"F","F","F","",0,0,"N",0,"N",0,"N",0,0,0,0,"8","","","","F","F","F","F","F","F","F","F","F","","","","F","F","F","F","F","","","","",0,8,0,0,0,0,0,0,0,46,"BAL","TOR","BAL",0,"T","F",0,5,0,18,0,"T","F",0,0,"T","T","bailb001","veleo101","T","T",0,0,0,0,0,0,0,0,0,"","","",0,0,0,0,0,0,0,0,0,0,0,0,0,"harll101","F","F","F","F",0,0,0,0,0,0,0,0,0,0,F,F,"1978BAL.EVA.regular.event.csv",5583
"BAL197809170","TOR",6,0,1,0,0,"",0,5,"bailb001","?","bailb001","?","flanm001","?","flanm001","?","dempr001","murre001","dauer001","decid001","belam101","kellp101","harll101","singk001","","","","53","F","F",9,2,2,"T","T",0,"F","F",1,"F","F",0,"F","F",5,"G","F","F","",0,0,"N",0,"N",0,"N",0,0,0,0,"53","","","","F","F","F","F","F","F","F","F","F","","","","F","F","F","F","F","","","","",0,3,0,0,5,0,0,0,0,47,"BAL","TOR","BAL",0,"F","F",0,5,0,19,1,"T","F",0,0,"T","T","veleo101","hortw101","T","T",0,0,0,0,0,0,0,0,0,"","","",0,0,0,0,0,0,0,0,0,0,0,0,0,"decid001","F","F","F","F",0,0,0,0,0,0,0,0,0,0,F,F,"1978BAL.EVA.regular.event.csv",5584
"BAL197809170","TOR",6,0,2,0,0,"",0,5,"veleo101","?","veleo101","?","flanm001","?","flanm001","?","dempr001","murre001","dauer001","decid001","belam101","kellp101","harll101","singk001","","","","8","F","F",7,3,2,"T","T",0,"F","F",1,"F","F",0,"F","F",8,"F","F","F","",0,0,"N",0,"N",0,"N",0,0,0,0,"8","","","","F","F","F","F","F","F","F","F","F","","","","F","F","F","F","F","","","","",0,8,0,0,0,0,0,0,0,48,"BAL","TOR","BAL",0,"F","T",0,5,0,20,2,"T","F",0,0,"T","T","hortw101","aultd101","T","T",0,0,0,0,0,0,0,0,0,"","","",0,0,0,0,0,0,0,0,0,0,0,0,0,"harll101","F","F","F","F",0,0,0,0,0,0,0,0,0,0,F,F,"1978BAL.EVA.regular.event.csv",5585
"BAL197809170","TOR",6,1,0,0,0,"",0,5,"dauer001","?","dauer001","?","garvj101","?","garvj101","?","ceror001","aultd101","mckad101","hower001","gomel101","veleo101","boser101","bailb001","","","","K/C","T","F",4,8,3,"T","T",0,"F","F",1,"F","F",0,"F","F",0,"","F","F","",0,0,"N",0,"N",0,"N",0,0,0,0,"2","","","","F","F","F","F","F","F","F","F","F","","","","F","F","F","F","F","","","","",0,2,0,0,0,0,0,0,0,49,"BAL","BAL","TOR",1,"T","F",5,0,0,25,0,"T","F",0,0,"T","T","belam101","harll101","F","F",0,0,0,0,0,0,0,0,0,"","","",0,0,0,0,0,0,0,0,0,0,0,0,0,"","F","F","F","F",0,0,0,0,0,0,0,0,0,0,F,F,"1978BAL.EVA.regular.event.csv",5586
"BAL197809170","TOR",6,1,1,0,0,"",0,5,"belam101","?","belam101","?","garvj101","?","garvj101","?","ceror001","aultd101","mckad101","hower001","gomel101","veleo101","boser101","bailb001","","","","K/C","F","F",6,9,3,"T","T",0,"F","F",1,"F","F",0,"F","F",0,"","F","F","",0,0,"N",0,"N",0,"N",0,0,0,0,"2","","","","F","F","F","F","F","F","F","F","F","","","","F","F","F","F","F","","","","",0,2,0,0,0,0,0,0,0,50,"BAL","BAL","TOR",1,"F","F",5,0,0,26,1,"T","F",0,0,"T","T","harll101","kellp101","F","F",0,0,0,0,0,0,0,0,0,"","","",0,0,0,0,0,0,0,0,0,0,0,0,0,"","F","F","F","F",0,0,0,0,0,0,0,0,0,0,F,F,"1978BAL.EVA.regular.event.csv",5587
"BAL197809170","TOR",6,1,2,0,0,"",0,5,"harll101","?","harll101","?","garvj101","?","garvj101","?","ceror001","aultd101","mckad101","hower001","gomel101","veleo101","boser101","bailb001","","","","7","F","F",8,1,2,"T","T",0,"F","F",1,"F","F",0,"F","F",7,"F","F","F","",0,0,"N",0,"N",0,"N",0,0,0,0,"7","","","","F","F","F","F","F","F","F","F","F","","","","F","F","F","F","F","","","","",0,7,0,0,0,0,0,0,0,51,"BAL","BAL","TOR",1,"F","T",5,0,0,27,2,"T","F",0,0,"T","T","kellp101","singk001","F","F",0,0,0,0,0,0,0,0,0,"","","",0,0,0,0,0,0,0,0,0,0,0,0,0,"veleo101","F","F","F","F",0,0,0,0,0,0,0,0,0,0,F,F,"1978BAL.EVA.regular.event.csv",5588
"BAL197809170","TOR",7,0,0,0,0,"",0,5,"hortw101","?","hortw101","?","flanm001","?","flanm001","?","dempr001","murre001","dauer001","decid001","belam101","kellp101","harll101","singk001","","","","K","T","F",10,4,3,"T","T",0,"F","F",1,"F","F",0,"F","F",0,"","F","F","",0,0,"N",0,"N",0,"N",0,0,0,0,"2","","","","F","F","F","F","F","F","F","F","F","","","","F","F","F","F","F","","","","",0,2,0,0,0,0,0,0,0,52,"BAL","TOR","BAL",0,"T","F",0,5,0,21,0,"T","F",0,0,"T","T","aultd101","hower001","T","T",0,0,0,0,0,0,0,0,0,"","","",0,0,0,0,0,0,0,0,0,0,0,0,0,"","F","F","F","F",0,0,0,0,0,0,0,0,0,0,F,F,"1978BAL.EVA.regular.event.csv",5589
"BAL197809170","TOR",7,0,1,0,0,"",0,5,"aultd101","?","aultd101","?","flanm001","?","flanm001","?","dempr001","murre001","dauer001","decid001","belam101","kellp101","harll101","singk001","","","","S7","F","F",3,5,20,"T","T",1,"F","F",0,"F","F",0,"F","F",7,"","F","F","",0,0,"N",0,"N",0,"N",1,0,0,0,"","","","","F","F","F","F","F","F","F","F","F","","","","F","F","F","F","F","","","","",0,0,0,0,0,0,0,0,0,53,"BAL","TOR","BAL",0,"F","F",0,5,0,22,1,"T","F",0,1,"T","T","hower001","mckad101","T","T",0,0,0,0,0,0,0,0,0,"","","",0,0,0,0,0,0,0,0,0,0,0,0,0,"kellp101","F","F","F","F",0,0,0,0,0,0,0,0,0,0,F,F,"1978BAL.EVA.regular.event.csv",5590
"BAL197809170","TOR",7,0,1,0,0,"",0,5,"hower001","?","hower001","?","flanm001","?","flanm001","?","dempr001","murre001","dauer001","decid001","belam101","kellp101","harll101","singk001","aultd101","","","46(1)3/GDP","F","F",5,6,2,"T","T",0,"F","F",2,"T","F",0,"F","F",4,"G","F","F","",0,0,"N",0,"N",0,"N",0,0,0,0,"63","46","","","F","F","F","F","F","F","F","F","F","flanm001","","","F","F","F","F","F","","","","",0,6,3,0,4,6,0,0,0,54,"BAL","TOR","BAL",0,"F","T",0,5,0,23,2,"T","F",1,0,"T","T","mckad101","ceror001","T","T",3,5,53,0,0,0,0,0,0,"dempr001","","",0,0,0,0,0,0,0,0,0,0,0,0,0,"dauer001","T","F","F","F",0,0,0,0,0,0,0,0,0,0,F,F,"1978BAL.EVA.regular.event.csv",5591
"BAL197809170","TOR",7,1,0,0,0,"",0,5,"andem101","?","andem101","?","garvj101","?","garvj101","?","ceror001","aultd101","mckad101","hower001","gomel101","veleo101","boser101","bailb001","","","","43","T","T",11,2,2,"T","T",0,"F","F",1,"F","F",0,"F","F",4,"G","F","F","",0,0,"N",0,"N",0,"N",0,0,0,0,"43","","","","F","F","F","F","F","F","F","F","F","","","","F","F","F","F","F","","","","kellp101",7,3,0,0,4,0,0,0,0,55,"BAL","BAL","TOR",1,"T","F",5,0,0,28,0,"T","F",0,0,"F","F","singk001","murre001","F","F",0,0,0,0,0,0,0,0,0,"","","",0,0,0,0,0,0,0,0,0,0,0,0,0,"mckad101","F","F","F","F",0,0,0,0,0,0,0,0,0,0,F,F,"1978BAL.EVA.regular.event.csv",5592
"BAL197809170","TOR",7,1,1,0,0,"",0,5,"singk001","?","singk001","?","garvj101","?","garvj101","?","ceror001","aultd101","mckad101","hower001","gomel101","veleo101","boser101","bailb001","","","","K","F","F",9,3,3,"T","T",0,"F","F",1,"F","F",0,"F","F",0,"","F","F","",0,0,"N",0,"N",0,"N",0,0,0,0,"2","","","","F","F","F","F","F","F","F","F","F","","","","F","F","F","F","F","","","","",0,2,0,0,0,0,0,0,0,56,"BAL","BAL","TOR",1,"F","F",5,0,0,29,1,"T","F",0,0,"T","T","murre001","decid001","F","F",0,0,0,0,0,0,0,0,0,"","","",0,0,0,0,0,0,0,0,0,0,0,0,0,"","F","F","F","F",0,0,0,0,0,0,0,0,0,0,F,F,"1978BAL.EVA.regular.event.csv",5593
"BAL197809170","TOR",7,1,2,0,0,"",0,5,"murre001","?","murre001","?","garvj101","?","garvj101","?","ceror001","aultd101","mckad101","hower001","gomel101","veleo101","boser101","bailb001","","","","8","F","F",3,4,2,"T","T",0,"F","F",1,"F","F",0,"F","F",8,"F","F","F","",0,0,"N",0,"N",0,"N",0,0,0,0,"8","","","","F","F","F","F","F","F","F","F","F","","","","F","F","F","F","F","","","","",0,8,0,0,0,0,0,0,0,57,"BAL","BAL","TOR",1,"F","T",5,0,0,30,2,"T","F",0,0,"T","T","decid001","may-l101","F","F",0,0,0,0,0,0,0,0,0,"","","",0,0,0,0,0,0,0,0,0,0,0,0,0,"boser101","F","F","F","F",0,0,0,0,0,0,0,0,0,0,F,F,"1978BAL.EVA.regular.event.csv",5594
"BAL197809170","TOR",8,0,0,0,0,"",0,5,"mckad101","?","mckad101","?","flanm001","?","flanm001","?","dempr001","murre001","dauer001","decid001","belam101","andem101","harll101","lopec101","","","","K","T","F",4,7,3,"T","T",0,"F","F",1,"F","F",0,"F","F",0,"","F","F","",0,0,"N",0,"N",0,"N",0,0,0,0,"2","","","","F","F","F","F","F","F","F","F","F","","","","F","F","F","F","F","","","","",0,2,0,0,0,0,0,0,0,58,"BAL","TOR","BAL",0,"T","F",0,5,0,24,0,"T","F",0,0,"T","T","ceror001","gomel101","T","T",0,0,0,0,0,0,0,0,0,"","","",0,0,0,0,0,0,0,0,0,0,0,0,0,"","F","F","F","F",0,0,0,0,0,0,0,0,0,0,F,F,"1978BAL.EVA.regular.event.csv",5595
"BAL197809170","TOR",8,0,1,0,0,"",0,5,"ceror001","?","ceror001","?","flanm001","?","flanm001","?","dempr001","murre001","dauer001","decid001","belam101","andem101","harll101","lopec101","","","","5","F","F",2,8,2,"T","T",0,"F","F",1,"F","F",0,"F","F",5,"F","F","F","",0,0,"N",0,"N",0,"N",0,0,0,0,"5","","","","F","F","F","F","F","F","F","F","F","","","","F","F","F","F","F","","","","",0,5,0,0,0,0,0,0,0,59,"BAL","TOR","BAL",0,"F","F",0,5,0,25,1,"T","F",0,0,"T","T","gomel101","boser101","T","T",0,0,0,0,0,0,0,0,0,"","","",0,0,0,0,0,0,0,0,0,0,0,0,0,"decid001","F","F","F","F",0,0,0,0,0,0,0,0,0,0,F,F,"1978BAL.EVA.regular.event.csv",5596
"BAL197809170","TOR",8,0,2,0,0,"",0,5,"gomel101","?","gomel101","?","flanm001","?","flanm001","?","dempr001","murre001","dauer001","decid001","belam101","andem101","harll101","lopec101","","","","53","F","F",6,9,2,"T","T",0,"F","F",1,"F","F",0,"F","F",5,"G","F","F","",0,0,"N",0,"N",0,"N",0,0,0,0,"53","","","","F","F","F","F","F","F","F","F","F","","","","F","F","F","F","F","","","","",0,3,0,0,5,0,0,0,0,60,"BAL","TOR","BAL",0,"F","T",0,5,0,26,2,"T","F",0,0,"T","T","boser101","bailb001","T","T",0,0,0,0,0,0,0,0,0,"","","",0,0,0,0,0,0,0,0,0,0,0,0,0,"decid001","F","F","F","F",0,0,0,0,0,0,0,0,0,0,F,F,"1978BAL.EVA.regular.event.csv",5597
"BAL197809170","TOR",8,1,0,0,0,"",0,5,"decid001","?","decid001","?","garvj101","?","garvj101","?","ceror001","aultd101","mckad101","hower001","gomel101","veleo101","boser101","bailb001","","","","D7","T","F",5,5,21,"T","T",2,"F","F",0,"F","F",0,"F","F",7,"","F","F","",0,0,"N",0,"N",0,"N",2,0,0,0,"","","","","F","F","F","F","F","F","F","F","F","","","","F","F","F","F","F","","","","",0,0,0,0,0,0,0,0,0,61,"BAL","BAL","TOR",1,"T","F",5,0,0,31,0,"T","F",0,2,"T","T","may-l101","dempr001","F","F",0,0,0,0,0,0,0,0,0,"","","",0,0,0,0,0,0,0,0,0,0,0,0,0,"veleo101","F","F","F","F",3,0,0,0,0,0,0,0,0,0,F,F,"1978BAL.EVA.regular.event.csv",5598
"BAL197809170","TOR",8,1,0,0,0,"",0,5,"may-l101","?","may-l101","?","garvj101","?","garvj101","?","ceror001","aultd101","mckad101","hower001","gomel101","veleo101","boser101","bailb001","","decid001","","63","F","F",10,6,2,"T","T",0,"F","F",1,"F","F",0,"F","F",6,"G","F","F","",0,0,"N",0,"N",0,"N",0,0,2,0,"63","","","","F","F","F","F","F","F","F","F","F","","garvj101","","F","F","F","F","F","","","","",0,3,0,0,6,0,0,0,0,62,"BAL","BAL","TOR",1,"F","F",5,0,0,32,1,"T","F",2,2,"T","T","dempr001","dauer001","F","F",0,0,0,5,5,61,0,0,0,"","ceror001","",0,0,0,0,0,0,0,0,0,0,0,0,0,"gomel101","F","F","F","F",0,0,3,0,0,0,0,0,0,0,F,F,"1978BAL.EVA.regular.event.csv",5599
"BAL197809170","TOR",8,1,1,0,0,"",0,5,"dempr001","?","dempr001","?","garvj101","?","garvj101","?","ceror001","aultd101","mckad101","hower001","gomel101","veleo101","boser101","bailb001","","decid001","","43.2-3","F","F",2,7,2,"T","T",0,"F","F",1,"F","F",0,"F","F",4,"G","F","F","",0,0,"N",0,"N",0,"N",0,0,3,0,"43","","","","F","F","F","F","F","F","F","F","F","","garvj101","","F","F","F","F","F","","","","",0,3,0,0,4,0,0,0,0,63,"BAL","BAL","TOR",1,"F","F",5,0,0,33,2,"T","F",2,4,"T","T","dauer001","belam101","F","F",0,0,0,5,5,61,0,0,0,"","ceror001","",0,0,0,0,0,0,0,0,0,0,0,0,0,"mckad101","F","F","F","F",0,0,3,0,0,0,0,0,0,0,F,F,"1978BAL.EVA.regular.event.csv",5600
"BAL197809170","TOR",8,1,2,0,0,"",0,5,"dauer001","?","dauer001","?","garvj101","?","garvj101","?","ceror001","aultd101","mckad101","hower001","gomel101","veleo101","boser101","bailb001","","","decid001","8","F","F",4,8,2,"T","T",0,"F","F",1,"F","F",0,"F","F",8,"F","F","F","",0,0,"N",0,"N",0,"N",0,0,0,3,"8","","","","F","F","F","F","F","F","F","F","F","","","garvj101","F","F","F","F","F","","","","",0,8,0,0,0,0,0,0,0,64,"BAL","BAL","TOR",1,"F","T",5,0,0,34,3,"T","F",4,4,"T","T","belam101","harll101","F","F",0,0,0,0,0,0,5,5,61,"","","ceror001",0,0,0,0,0,0,0,0,0,0,0,0,0,"boser101","F","F","F","F",0,0,0,3,0,0,0,0,0,0,F,F,"1978BAL.EVA.regular.event.csv",5601
"BAL197809170","TOR",9,0,0,0,0,"",0,5,"boser101","?","boser101","?","flanm001","?","flanm001","?","dempr001","murre001","smitb101","dauer001","belam101","andem101","harll101","lopec101","","","","S","T","F",8,1,20,"T","T",1,"F","F",0,"F","F",0,"F","F",0,"","F","F","",0,0,"N",0,"N",0,"N",1,0,0,0,"","","","","F","F","F","F","F","F","F","F","F","","","","F","F","F","F","F","","","","",0,0,0,0,0,0,0,0,0,65,"BAL","TOR","BAL",0,"T","F",0,5,0,27,0,"T","F",0,1,"T","T","bailb001","veleo101","T","T",0,0,0,0,0,0,0,0,0,"","","",0,0,0,0,0,0,0,0,0,0,0,0,0,"","F","F","F","F",0,0,0,0,0,0,0,0,0,0,F,F,"1978BAL.EVA.regular.event.csv",5602
"BAL197809170","TOR",9,0,0,0,0,"",0,5,"bailb001","?","bailb001","?","flanm001","?","flanm001","?","dempr001","murre001","smitb101","dauer001","belam101","andem101","harll101","lopec101","boser101","","","S.1-2","F","F",9,2,20,"T","T",1,"F","F",0,"F","F",0,"F","F",0,"","F","F","",0,0,"N",0,"N",0,"N",1,2,0,0,"","","","","F","F","F","F","F","F","F","F","F","flanm001","","","F","F","F","F","F","","","","",0,0,0,0,0,0,0,0,0,66,"BAL","TOR","BAL",0,"F","F",0,5,0,28,1,"T","F",1,3,"T","T","veleo101","hortw101","T","T",8,1,65,0,0,0,0,0,0,"dempr001","","",0,0,0,0,0,0,0,0,0,0,0,0,0,"","F","F","F","F",1,0,0,0,0,0,0,0,0,0,F,F,"1978BAL.EVA.regular.event.csv",5603
"BAL197809170","TOR",9,0,0,0,0,"",0,5,"veleo101","?","veleo101","?","flanm001","?","flanm001","?","dempr001","murre001","smitb101","dauer001","belam101","andem101","harll101","lopec101","bailb001","boser101","","K","F","F",7,3,3,"T","T",0,"F","F",1,"F","F",0,"F","F",0,"","F","F","",0,0,"N",0,"N",0,"N",0,1,2,0,"2","","","","F","F","F","F","F","F","F","F","F","flanm001","flanm001","","F","F","F","F","F","","","","",0,2,0,0,0,0,0,0,0,67,"BAL","TOR","BAL",0,"F","F",0,5,0,29,2,"T","F",3,3,"T","T","hortw101","aultd101","T","T",9,2,66,8,1,65,0,0,0,"dempr001","dempr001","",0,0,0,0,0,0,0,0,0,0,0,0,0,"","F","F","F","F",0,1,0,0,0,0,0,0,0,0,F,F,"1978BAL.EVA.regular.event.csv",5604
"BAL197809170","TOR",9,0,1,0,0,"",0,5,"hortw101","?","hortw101","?","flanm001","?","flanm001","?","dempr001","murre001","smitb101","dauer001","belam101","andem101","harll101","lopec101","bailb001","boser101","","5(2)3/GDP","F","F",10,4,2,"T","T",0,"F","F",2,"T","F",0,"F","F",5,"G","F","F","",0,0,"N",0,"N",0,"N",0,1,0,0,"53","","5","","F","F","F","F","F","F","F","F","F","flanm001","flanm001","","F","T","F","F","F","","","","",0,5,3,0,5,0,0,0,0,68,"BAL","TOR","BAL",0,"F","T",0,5,0,30,3,"T","F",3,1,"T","T","aultd101","hower001","T","T",9,2,66,8,1,65,0,0,0,"dempr001","dempr001","",0,0,0,0,0,0,0,0,0,0,0,0,0,"dauer001","F","T","F","F",0,1,0,0,0,0,0,0,0,0,F,F,"1978BAL.EVA.regular.event.csv",5605
"BAL197809220","DET",1,0,0,0,0,"",0,0,"leflr101","?","leflr101","?","flanm001","?","flanm001","?","dempr001","murre001","dauer001","decid001","belam101","kellp101","harll101","singk001","","","","9","T","F",8,1,2,"T","T",0,"F","F",1,"F","F",0,"F","F",9,"F","F","F","",0,0,"N",0,"N",0,"N",0,0,0,0,"9","","","","F","F","F","F","F","F","F","F","F","","","","T","F","F","F","F","","","","",0,9,0,0,0,0,0,0,0,1,"BAL","DET","BAL",0,"T","F",0,0,0,0,0,"T","F",0,0,"T","T","wockj001","staur001","T","T",0,0,0,0,0,0,0,0,0,"","","",0,0,0,0,0,0,0,0,0,0,0,0,0,"singk001","F","F","F","F",0,0,0,0,0,0,0,0,0,0,F,F,"1978BAL.EVA.regular.event.csv",5606
"BAL197809220","DET",1,0,1,0,0,"",0,0,"wockj001","?","wockj001","?","flanm001","?","flanm001","?","dempr001","murre001","dauer001","decid001","belam101","kellp101","harll101","singk001","","","","K","F","F",9,2,3,"T","T",0,"F","F",1,"F","F",0,"F","F",0,"","F","F","",0,0,"N",0,"N",0,"N",0,0,0,0,"2","","","","F","F","F","F","F","F","F","F","F","","","","F","F","F","F","F","","","","",0,2,0,0,0,0,0,0,0,2,"BAL","DET","BAL",0,"F","F",0,0,0,1,1,"T","F",0,0,"T","T","staur001","thomj001","T","T",0,0,0,0,0,0,0,0,0,"","","",0,0,0,0,0,0,0,0,0,0,0,0,0,"","F","F","F","F",0,0,0,0,0,0,0,0,0,0,F,F,"1978BAL.EVA.regular.event.csv",5607
"BAL197809220","DET",1,0,2,0,0,"",0,0,"staur001","?","staur001","?","flanm001","?","flanm001","?","dempr001","murre001","dauer001","decid001","belam101","kellp101","harll101","singk001","","","","43","F","F",10,3,2,"T","T",0,"F","F",1,"F","F",0,"F","F",4,"G","F","F","",0,0,"N",0,"N",0,"N",0,0,0,0,"43","","","","F","F","F","F","F","F","F","F","F","","","","F","F","F","F","F","","","","",0,3,0,0,4,0,0,0,0,3,"BAL","DET","BAL",0,"F","T",0,0,0,2,2,"T","F",0,0,"T","T","thomj001","kemps001","T","T",0,0,0,0,0,0,0,0,0,"","","",0,0,0,0,0,0,0,0,0,0,0,0,0,"dauer001","F","F","F","F",0,0,0,0,0,0,0,0,0,0,F,F,"1978BAL.EVA.regular.event.csv",5608
"BAL197809220","DET",1,1,0,0,0,"",0,0,"harll101","?","harll101","?","younk101","?","younk101","?","parrl001","thomj001","dills101","rodra101","trama001","kemps001","leflr101","wockj001","","","","K","T","F",8,1,3,"T","T",0,"F","F",1,"F","F",0,"F","F",0,"","F","F","",0,0,"N",0,"N",0,"N",0,0,0,0,"2","","","","F","F","F","F","F","F","F","F","F","","","","F","F","F","F","F","","","","",0,2,0,0,0,0,0,0,0,4,"BAL","BAL","DET",1,"T","F",0,0,0,0,0,"T","F",0,0,"T","T","kellp101","singk001","T","T",0,0,0,0,0,0,0,0,0,"","","",0,0,0,0,0,0,0,0,0,0,0,0,0,"","F","F","F","F",0,0,0,0,1,0,0,0,0,0,F,F,"1978BAL.EVA.regular.event.csv",5609
"BAL197809220","DET",1,1,1,0,0,"",0,0,"kellp101","?","kellp101","?","younk101","?","younk101","?","parrl001","thomj001","dills101","rodra101","trama001","kemps001","leflr101","wockj001","","","","K","F","F",7,2,3,"T","T",0,"F","F",1,"F","F",0,"F","F",0,"","F","F","",0,0,"N",0,"N",0,"N",0,0,0,0,"2","","","","F","F","F","F","F","F","F","F","F","","","","F","F","F","F","F","","","","",0,2,0,0,0,0,0,0,0,5,"BAL","BAL","DET",1,"F","F",0,0,0,1,1,"T","F",0,0,"T","T","singk001","murre001","T","T",0,0,0,0,0,0,0,0,0,"","","",0,0,0,0,0,0,0,0,0,0,0,0,0,"","F","F","F","F",0,0,0,0,1,0,0,0,0,0,F,F,"1978BAL.EVA.regular.event.csv",5610
"BAL197809220","DET",1,1,2,0,0,"",0,0,"singk001","?","singk001","?","younk101","?","younk101","?","parrl001","thomj001","dills101","rodra101","trama001","kemps001","leflr101","wockj001","","","","W","F","F",9,3,14,"T","F",0,"F","F",0,"F","F",0,"F","F",0,"","F","F","",0,0,"N",0,"N",0,"N",1,0,0,0,"","","","","F","F","F","F","F","F","F","F","F","","","","F","F","F","F","F","","","","",0,0,0,0,0,0,0,0,0,6,"BAL","BAL","DET",1,"F","F",0,0,0,2,2,"T","F",0,1,"T","T","murre001","decid001","T","T",0,0,0,0,0,0,0,0,0,"","","",0,0,0,0,0,0,0,0,0,0,0,0,0,"","F","F","F","F",4,0,0,0,1,0,0,0,0,0,F,F,"1978BAL.EVA.regular.event.csv",5611
"BAL197809220","DET",1,1,2,0,0,"",0,0,"murre001","?","murre001","?","younk101","?","younk101","?","parrl001","thomj001","dills101","rodra101","trama001","kemps001","leflr101","wockj001","singk001","","","S7.1-2","F","F",3,4,20,"T","T",1,"F","F",0,"F","F",0,"F","F",7,"","F","F","",0,0,"N",0,"N",0,"N",1,2,0,0,"","","","","F","F","F","F","F","F","F","F","F","younk101","","","F","F","F","F","F","","","","",0,0,0,0,0,0,0,0,0,7,"BAL","BAL","DET",1,"F","F",0,0,0,3,3,"T","F",1,3,"T","T","decid001","may-l101","T","T",9,3,6,0,0,0,0,0,0,"parrl001","","",0,0,0,0,0,0,0,0,0,0,0,0,0,"kemps001","F","F","F","F",0,4,0,0,1,0,0,0,0,0,F,F,"1978BAL.EVA.regular.event.csv",5612
"BAL197809220","DET",1,1,2,0,0,"",0,0,"decid001","?","decid001","?","younk101","?","younk101","?","parrl001","thomj001","dills101","rodra101","trama001","kemps001","leflr101","wockj001","murre001","singk001","","S8.2-H;1-2","F","F",5,5,20,"T","T",1,"F","F",0,"F","F",1,"F","F",8,"","F","F","",0,0,"N",0,"N",0,"N",1,2,4,0,"","","","","F","F","F","F","F","F","F","F","F","younk101","younk101","","F","F","F","F","F","","","","",0,0,0,0,0,0,0,0,0,8,"BAL","BAL","DET",1,"F","F",0,0,0,4,4,"T","F",3,3,"T","T","may-l101","dempr001","T","T",3,4,7,9,3,6,0,0,0,"parrl001","parrl001","",0,0,0,0,0,0,0,0,0,0,0,0,1,"leflr101","F","F","F","F",0,0,4,0,0,0,0,0,0,0,F,F,"1978BAL.EVA.regular.event.csv",5613
"BAL197809220","DET",1,1,2,0,0,"",0,1,"may-l101","?","may-l101","?","younk101","?","younk101","?","parrl001","thomj001","dills101","rodra101","trama001","kemps001","leflr101","wockj001","decid001","murre001","","64(1)/FO","F","F",10,6,2,"T","T",0,"F","F",1,"F","F",0,"F","F",6,"G","F","F","",0,0,"N",0,"N",0,"N",1,0,2,0,"","64","","","F","F","F","F","F","F","F","F","F","younk101","younk101","","F","F","F","F","F","","","","",0,4,0,0,6,0,0,0,0,9,"BAL","BAL","DET",1,"F","T",1,0,1,5,5,"T","F",3,3,"T","T","dempr001","dauer001","T","T",5,5,8,3,4,7,0,0,0,"parrl001","parrl001","",0,0,0,0,0,0,0,0,0,0,0,0,0,"trama001","T","F","F","F",0,0,0,0,0,0,0,0,0,0,F,F,"1978BAL.EVA.regular.event.csv",5614
"BAL197809220","DET",2,0,0,0,0,"",0,1,"thomj001","?","thomj001","?","flanm001","?","flanm001","?","dempr001","murre001","dauer001","decid001","belam101","kellp101","harll101","singk001","","","","W","T","F",3,4,14,"T","F",0,"F","F",0,"F","F",0,"F","F",0,"","F","F","",0,0,"N",0,"N",0,"N",1,0,0,0,"","","","","F","F","F","F","F","F","F","F","F","","","","F","F","F","F","F","","","","",0,0,0,0,0,0,0,0,0,10,"BAL","DET","BAL",0,"T","F",0,1,0,3,0,"T","F",0,1,"T","T","kemps001","parrl001","T","T",0,0,0,0,0,0,0,0,0,"","","",0,0,0,0,0,0,0,0,0,0,0,0,0,"","F","F","F","F",0,0,0,0,0,0,0,0,0,0,F,F,"1978BAL.EVA.regular.event.csv",5615
"BAL197809220","DET",2,0,0,0,0,"",0,1,"kemps001","?","kemps001","?","flanm001","?","flanm001","?","dempr001","murre001","dauer001","decid001","belam101","kellp101","harll101","singk001","thomj001","","","K","F","F",7,5,3,"T","T",0,"F","F",1,"F","F",0,"F","F",0,"","F","F","",0,0,"N",0,"N",0,"N",0,1,0,0,"2","","","","F","F","F","F","F","F","F","F","F","flanm001","","","F","F","F","F","F","","","","",0,2,0,0,0,0,0,0,0,11,"BAL","DET","BAL",0,"F","F",0,1,0,4,1,"T","F",1,1,"T","T","parrl001","rodra101","T","T",3,4,10,0,0,0,0,0,0,"dempr001","","",0,0,0,0,0,0,0,0,0,0,0,0,0,"","F","F","F","F",0,0,0,0,0,0,0,0,0,0,F,F,"1978BAL.EVA.regular.event.csv",5616
"BAL197809220","DET",2,0,1,0,0,"",0,1,"parrl001","?","parrl001","?","flanm001","?","flanm001","?","dempr001","murre001","dauer001","decid001","belam101","kellp101","harll101","singk001","thomj001","","","5/FL","F","F",2,6,2,"T","T",0,"F","F",1,"F","F",0,"F","F",5,"F","F","T","",0,0,"N",0,"N",0,"N",0,1,0,0,"5","","","","F","F","F","F","F","F","F","F","F","flanm001","","","F","F","F","F","F","","","","",0,5,0,0,0,0,0,0,0,12,"BAL","DET","BAL",0,"F","F",0,1,0,5,2,"T","F",1,1,"T","T","rodra101","trama001","T","T",3,4,10,0,0,0,0,0,0,"dempr001","","",0,0,0,0,0,0,0,0,0,0,0,0,0,"decid001","F","F","F","F",0,0,0,0,0,0,0,0,0,0,F,F,"1978BAL.EVA.regular.event.csv",5617
"BAL197809220","DET",2,0,2,0,0,"",0,1,"rodra101","?","rodra101","?","flanm001","?","flanm001","?","dempr001","murre001","dauer001","decid001","belam101","kellp101","harll101","singk001","thomj001","","","K","F","F",5,7,3,"T","T",0,"F","F",1,"F","F",0,"F","F",0,"","F","F","",0,0,"N",0,"N",0,"N",0,1,0,0,"2","","","","F","F","F","F","F","F","F","F","F","flanm001","","","F","F","F","F","F","","","","",0,2,0,0,0,0,0,0,0,13,"BAL","DET","BAL",0,"F","T",0,1,0,6,3,"T","F",1,1,"T","T","trama001","dills101","T","T",3,4,10,0,0,0,0,0,0,"dempr001","","",0,0,0,0,0,0,0,0,0,0,0,0,0,"","F","F","F","F",0,0,0,0,0,0,0,0,0,0,F,F,"1978BAL.EVA.regular.event.csv",5618
"BAL197809220","DET",2,1,0,0,0,"",0,1,"dempr001","?","dempr001","?","younk101","?","younk101","?","parrl001","thomj001","dills101","rodra101","trama001","kemps001","leflr101","wockj001","","","","23/BG","T","F",2,7,2,"T","T",0,"F","F",1,"F","F",0,"F","F",2,"G","T","F","",0,0,"N",0,"N",0,"N",0,0,0,0,"23","","","","F","F","F","F","F","F","F","F","F","","","","F","F","F","F","F","","","","",0,3,0,0,2,0,0,0,0,14,"BAL","BAL","DET",1,"T","F",1,0,0,6,0,"T","F",0,0,"T","T","dauer001","belam101","T","T",0,0,0,0,0,0,0,0,0,"","","",0,0,0,0,0,0,0,0,0,0,0,0,0,"parrl001","F","F","F","F",0,0,0,0,0,0,0,0,0,0,F,F,"1978BAL.EVA.regular.event.csv",5619
"BAL197809220","DET",2,1,1,0,0,"",0,1,"dauer001","?","dauer001","?","younk101","?","younk101","?","parrl001","thomj001","dills101","rodra101","trama001","kemps001","leflr101","wockj001","","","","63","F","F",4,8,2,"T","T",0,"F","F",1,"F","F",0,"F","F",6,"G","F","F","",0,0,"N",0,"N",0,"N",0,0,0,0,"63","","","","F","F","F","F","F","F","F","F","F","","","","F","F","F","F","F","","","","",0,3,0,0,6,0,0,0,0,15,"BAL","BAL","DET",1,"F","F",1,0,0,7,1,"T","F",0,0,"T","T","belam101","harll101","T","T",0,0,0,0,0,0,0,0,0,"","","",0,0,0,0,0,0,0,0,0,0,0,0,0,"trama001","F","F","F","F",0,0,0,0,0,0,0,0,0,0,F,F,"1978BAL.EVA.regular.event.csv",5620
"BAL197809220","DET",2,1,2,0,0,"",0,1,"belam101","?","belam101","?","younk101","?","younk101","?","parrl001","thomj001","dills101","rodra101","trama001","kemps001","leflr101","wockj001","","","","53","F","F",6,9,2,"T","T",0,"F","F",1,"F","F",0,"F","F",5,"G","F","F","",0,0,"N",0,"N",0,"N",0,0,0,0,"53","","","","F","F","F","F","F","F","F","F","F","","","","F","F","F","F","F","","","","",0,3,0,0,5,0,0,0,0,16,"BAL","BAL","DET",1,"F","T",1,0,0,8,2,"T","F",0,0,"T","T","harll101","kellp101","T","T",0,0,0,0,0,0,0,0,0,"","","",0,0,0,0,0,0,0,0,0,0,0,0,0,"rodra101","F","F","F","F",0,0,0,0,0,0,0,0,0,0,F,F,"1978BAL.EVA.regular.event.csv",5621
"BAL197809220","DET",3,0,0,0,0,"",0,1,"trama001","?","trama001","?","flanm001","?","flanm001","?","dempr001","murre001","dauer001","decid001","belam101","kellp101","harll101","singk001","","","","W","T","F",6,8,14,"T","F",0,"F","F",0,"F","F",0,"F","F",0,"","F","F","",0,0,"N",0,"N",0,"N",1,0,0,0,"","","","","F","F","F","F","F","F","F","F","F","","","","F","F","F","F","F","","","","",0,0,0,0,0,0,0,0,0,17,"BAL","DET","BAL",0,"T","F",0,1,0,7,0,"T","F",0,1,"T","T","dills101","leflr101","T","T",0,0,0,0,0,0,0,0,0,"","","",0,0,0,0,0,0,0,0,0,0,0,0,0,"","F","F","F","F",4,0,0,0,2,0,0,0,0,0,F,F,"1978BAL.EVA.regular.event.csv",5622
"BAL197809220","DET",3,0,0,0,0,"",0,1,"dills101","?","dills101","?","flanm001","?","flanm001","?","dempr001","murre001","dauer001","decid001","belam101","kellp101","harll101","singk001","trama001","","","54/SH/BG.1-2","F","F",4,9,2,"T","F",0,"T","F",1,"F","F",0,"F","F",5,"G","T","F","",0,0,"N",0,"N",0,"N",0,2,0,0,"54","","","","F","F","F","F","F","F","F","F","F","flanm001","","","F","F","F","F","F","","","","",0,4,0,0,5,0,0,0,0,18,"BAL","DET","BAL",0,"F","F",0,1,0,8,1,"T","F",1,2,"T","T","leflr101","wockj001","T","T",6,8,17,0,0,0,0,0,0,"dempr001","","",0,0,0,0,0,0,0,0,0,0,0,0,0,"decid001","F","F","F","F",0,4,0,0,2,0,0,0,0,0,F,F,"1978BAL.EVA.regular.event.csv",5623
"BAL197809220","DET",3,0,1,0,0,"",0,1,"leflr101","?","leflr101","?","flanm001","?","flanm001","?","dempr001","murre001","dauer001","decid001","belam101","kellp101","harll101","singk001","","trama001","","PB.2-3","F","F",8,1,10,"F","F",0,"F","F",0,"F","F",0,"F","T",0,"","F","F","",0,0,"N",0,"N",0,"N",0,0,3,0,"","","","","F","F","F","F","F","F","F","F","F","","flanm001","","F","F","F","F","F","","","","",0,0,0,0,0,0,0,0,0,19,"BAL","DET","BAL",0,"F","F",0,1,0,9,2,"T","F",2,4,"T","T","wockj001","staur001","T","T",0,0,0,6,8,17,0,0,0,"","dempr001","",0,0,0,0,0,0,0,0,0,0,0,0,0,"","F","F","F","F",0,0,4,0,2,0,0,0,0,0,F,F,"1978BAL.EVA.regular.event.csv",5624
"BAL197809220","DET",3,0,1,0,0,"",0,1,"leflr101","?","leflr101","?","flanm001","?","flanm001","?","dempr001","murre001","dauer001","decid001","belam101","kellp101","harll101","singk001","","","trama001","K","F","F",8,1,3,"T","T",0,"F","F",1,"F","F",0,"F","F",0,"","F","F","",0,0,"N",0,"N",0,"N",0,0,0,3,"2","","","","F","F","F","F","F","F","F","F","F","","","flanm001","F","F","F","F","F","","","","",0,2,0,0,0,0,0,0,0,20,"BAL","DET","BAL",0,"F","F",0,1,0,9,2,"F","F",4,4,"T","T","wockj001","staur001","T","T",0,0,0,0,0,0,6,8,17,"","","dempr001",0,0,0,0,0,0,0,0,0,0,0,0,0,"","F","F","F","F",0,0,0,4,2,0,0,0,0,0,F,F,"1978BAL.EVA.regular.event.csv",5625
"BAL197809220","DET",3,0,2,0,0,"",0,1,"wockj001","?","wockj001","?","flanm001","?","flanm001","?","dempr001","murre001","dauer001","decid001","belam101","kellp101","harll101","singk001","","","trama001","W","F","F",9,2,14,"T","F",0,"F","F",0,"F","F",0,"F","F",0,"","F","F","",0,0,"N",0,"N",0,"N",1,0,0,3,"","","","","F","F","F","F","F","F","F","F","F","","","flanm001","F","F","F","F","F","","","","",0,0,0,0,0,0,0,0,0,21,"BAL","DET","BAL",0,"F","F",0,1,0,10,3,"T","F",4,5,"T","T","staur001","thomj001","T","T",0,0,0,0,0,0,6,8,17,"","","dempr001",0,0,0,0,0,0,0,0,0,0,0,0,0,"","F","F","F","F",4,0,0,4,2,0,0,0,0,0,F,F,"1978BAL.EVA.regular.event.csv",5626
"BAL197809220","DET",3,0,2,0,0,"",0,1,"staur001","?","staur001","?","flanm001","?","flanm001","?","dempr001","murre001","dauer001","decid001","belam101","kellp101","harll101","singk001","wockj001","","trama001","D7.3-H;1-H","F","F",10,3,21,"T","T",2,"F","F",0,"F","F",2,"F","F",7,"","F","F","",0,0,"N",0,"N",0,"N",2,4,0,4,"","","","","F","F","F","F","F","F","F","F","F","flanm001","","flanm001","F","F","F","F","F","","","","",0,0,0,0,0,0,0,0,0,22,"BAL","DET","BAL",0,"F","F",0,1,0,11,4,"T","F",5,2,"T","T","thomj001","kemps001","T","T",9,2,21,0,0,0,6,8,17,"dempr001","","dempr001",0,0,0,0,0,0,0,0,0,0,0,0,2,"kellp101","F","F","F","F",0,4,0,4,0,0,0,0,0,0,F,F,"1978BAL.EVA.regular.event.csv",5627
"BAL197809220","DET",3,0,2,0,0,"",2,1,"thomj001","?","thomj001","?","flanm001","?","flanm001","?","dempr001","murre001","dauer001","decid001","belam101","kellp101","harll101","singk001","","staur001","","43","F","F",3,4,2,"T","T",0,"F","F",1,"F","F",0,"F","F",4,"G","F","F","",0,0,"N",0,"N",0,"N",0,0,2,0,"43","","","","F","F","F","F","F","F","F","F","F","","flanm001","","F","F","F","F","F","","","","",0,3,0,0,4,0,0,0,0,23,"BAL","DET","BAL",0,"F","T",2,1,2,12,5,"T","F",2,2,"T","T","kemps001","parrl001","T","T",0,0,0,10,3,22,0,0,0,"","dempr001","",0,0,0,0,0,0,0,0,0,0,0,0,0,"dauer001","F","F","F","F",0,0,0,0,0,0,0,0,0,0,F,F,"1978BAL.EVA.regular.event.csv",5628
"BAL197809220","DET",3,1,0,0,0,"",2,1,"harll101","?","harll101","?","younk101","?","younk101","?","parrl001","thomj001","dills101","rodra101","trama001","kemps001","leflr101","wockj001","","","","D9","T","F",8,1,21,"T","T",2,"F","F",0,"F","F",0,"F","F",9,"","F","F","",0,0,"N",0,"N",0,"N",2,0,0,0,"","","","","F","F","F","F","F","F","F","F","F","","","","F","F","F","F","F","","","","",0,0,0,0,0,0,0,0,0,24,"BAL","BAL","DET",1,"T","F",1,2,0,9,0,"T","F",0,2,"T","T","kellp101","singk001","T","T",0,0,0,0,0,0,0,0,0,"","","",0,0,0,0,0,0,0,0,0,0,0,0,0,"wockj001","F","F","F","F",4,0,0,0,3,0,0,0,0,0,F,F,"1978BAL.EVA.regular.event.csv",5629
"BAL197809220","DET",3,1,0,0,0,"",2,1,"kellp101","?","kellp101","?","younk101","?","younk101","?","parrl001","thomj001","dills101","rodra101","trama001","kemps001","leflr101","wockj001","","harll101","","K/C","F","F",7,2,3,"T","T",0,"F","F",1,"F","F",0,"F","F",0,"","F","F","",0,0,"N",0,"N",0,"N",0,0,2,0,"2","","","","F","F","F","F","F","F","F","F","F","","younk101","","F","F","F","F","F","","","","",0,2,0,0,0,0,0,0,0,25,"BAL","BAL","DET",1,"F","F",1,2,0,10,1,"T","F",2,2,"T","T","singk001","murre001","T","T",0,0,0,8,1,24,0,0,0,"","parrl001","",0,0,0,0,0,0,0,0,0,0,0,0,0,"","F","F","F","F",0,0,4,0,3,0,0,0,0,0,F,F,"1978BAL.EVA.regular.event.csv",5630
"BAL197809220","DET",3,1,1,0,0,"",2,1,"singk001","?","singk001","?","younk101","?","younk101","?","parrl001","thomj001","dills101","rodra101","trama001","kemps001","leflr101","wockj001","","harll101","","W","F","F",9,3,14,"T","F",0,"F","F",0,"F","F",0,"F","F",0,"","F","F","",0,0,"N",0,"N",0,"N",1,0,2,0,"","","","","F","F","F","F","F","F","F","F","F","","younk101","","F","F","F","F","F","","","","",0,0,0,0,0,0,0,0,0,26,"BAL","BAL","DET",1,"F","F",1,2,0,11,2,"T","F",2,3,"T","T","murre001","decid001","T","T",0,0,0,8,1,24,0,0,0,"","parrl001","",0,0,0,0,0,0,0,0,0,0,0,0,0,"","F","F","F","F",4,0,4,0,3,0,0,0,0,0,F,F,"1978BAL.EVA.regular.event.csv",5631
"BAL197809220","DET",3,1,1,0,0,"",2,1,"murre001","?","murre001","?","younk101","?","younk101","?","parrl001","thomj001","dills101","rodra101","trama001","kemps001","leflr101","wockj001","singk001","harll101","","S5/G.2-3;1-2","F","F",3,4,20,"T","T",1,"F","F",0,"F","F",0,"F","F",5,"G","F","F","",0,0,"N",0,"N",0,"N",1,2,3,0,"","","","","F","F","F","F","F","F","F","F","F","younk101","younk101","","F","F","F","F","F","","","","",0,0,0,0,0,0,0,0,0,27,"BAL","BAL","DET",1,"F","F",1,2,0,12,3,"T","F",3,7,"T","T","decid001","may-l101","T","T",9,3,26,8,1,24,0,0,0,"parrl001","parrl001","",0,0,0,0,0,0,0,0,0,0,0,0,0,"rodra101","F","F","F","F",0,4,4,0,3,0,0,0,0,0,F,F,"1978BAL.EVA.regular.event.csv",5632
"BAL197809220","DET",3,1,1,0,0,"",2,1,"decid001","?","decid001","?","younk101","?","younk101","?","parrl001","thomj001","dills101","rodra101","trama001","kemps001","leflr101","wockj001","murre001","singk001","harll101","64(1)/FO.3-H;2-H(E4)(NR);B-2","F","F",5,5,2,"T","T",0,"F","F",1,"F","F",1,"F","F",6,"G","F","F","",1,4,"F",0,"N",0,"N",2,0,4,4,"","64","","","F","F","F","F","F","F","F","F","F","younk101","younk101","younk101","F","F","F","F","F","","","","",0,4,0,0,6,0,0,0,0,28,"BAL","BAL","DET",1,"F","F",1,2,0,13,4,"T","F",7,2,"T","T","may-l101","dempr001","T","T",3,4,27,9,3,26,8,1,24,"parrl001","parrl001","parrl001",0,0,0,0,0,0,0,0,0,0,0,0,2,"trama001","T","F","F","F",4,0,4,4,1,0,0,0,0,0,F,F,"1978BAL.EVA.regular.event.csv",5633
"BAL197809220","DET",3,1,2,0,0,"",2,3,"may-l101","?","may-l101","?","younk101","?","younk101","?","parrl001","thomj001","dills101","rodra101","trama001","kemps001","leflr101","wockj001","","decid001","","W","F","F",10,6,14,"T","F",0,"F","F",0,"F","F",0,"F","F",0,"","F","F","",0,0,"N",0,"N",0,"N",1,0,2,0,"","","","","F","F","F","F","F","F","F","F","F","","younk101","","F","F","F","F","F","","","","",0,0,0,0,0,0,0,0,0,29,"BAL","BAL","DET",1,"F","F",3,2,2,14,5,"T","F",2,3,"T","T","dempr001","dauer001","T","T",0,0,0,5,5,28,0,0,0,"","parrl001","",0,0,0,0,0,0,0,0,0,0,0,0,0,"","F","F","F","F",0,0,4,0,1,0,0,0,0,0,F,F,"1978BAL.EVA.regular.event.csv",5634
"BAL197809220","DET",3,1,2,0,0,"",2,3,"dempr001","?","dempr001","?","younk101","?","younk101","?","parrl001","thomj001","dills101","rodra101","trama001","kemps001","leflr101","wockj001","may-l101","decid001","","S7/G.2-H;1-2","F","F",2,7,20,"T","T",1,"F","F",0,"F","F",1,"F","F",7,"G","F","F","",0,0,"N",0,"N",0,"N",1,2,4,0,"","","","","F","F","F","F","F","F","F","F","F","younk101","younk101","","F","F","F","F","F","","","","",0,0,0,0,0,0,0,0,0,30,"BAL","BAL","DET",1,"F","F",3,2,2,15,6,"T","F",3,3,"T","T","dauer001","belam101","T","T",10,6,29,5,5,28,0,0,0,"parrl001","parrl001","",0,0,0,0,0,0,0,0,0,0,0,0,1,"kemps001","F","F","F","F",0,0,4,0,0,0,0,0,0,0,F,F,"1978BAL.EVA.regular.event.csv",5635
"BAL197809220","DET",3,1,2,0,0,"",2,4,"dauer001","?","dauer001","?","younk101","?","younk101","?","parrl001","thomj001","dills101","rodra101","trama001","kemps001","leflr101","wockj001","dempr001","may-l101","","4","F","F",4,8,2,"T","T",0,"F","F",1,"F","F",0,"F","F",4,"F","F","F","",0,0,"N",0,"N",0,"N",0,1,2,0,"4","","","","F","F","F","F","F","F","F","F","F","younk101","younk101","","F","F","F","F","F","","","","",0,4,0,0,0,0,0,0,0,31,"BAL","BAL","DET",1,"F","T",4,2,3,16,7,"T","F",3,3,"T","T","belam101","harll101","T","T",2,7,30,10,6,29,0,0,0,"parrl001","parrl001","",0,0,0,0,0,0,0,0,0,0,0,0,0,"dills101","F","F","F","F",0,0,0,0,0,0,0,0,0,0,F,F,"1978BAL.EVA.regular.event.csv",5636
"BAL197809220","DET",4,0,0,0,0,"",2,4,"kemps001","?","kemps001","?","flanm001","?","flanm001","?","dempr001","murre001","dauer001","decid001","belam101","kellp101","harll101","singk001","","","","7","T","F",7,5,2,"T","T",0,"F","F",1,"F","F",0,"F","F",7,"F","F","F","",0,0,"N",0,"N",0,"N",0,0,0,0,"7","","","","F","F","F","F","F","F","F","F","F","","","","F","F","F","F","F","","","","",0,7,0,0,0,0,0,0,0,32,"BAL","DET","BAL",0,"T","F",2,4,0,13,0,"T","F",0,0,"T","T","parrl001","rodra101","T","T",0,0,0,0,0,0,0,0,0,"","","",0,0,0,0,0,0,0,0,0,0,0,0,0,"kellp101","F","F","F","F",0,0,0,0,0,0,0,0,0,0,F,F,"1978BAL.EVA.regular.event.csv",5637
"BAL197809220","DET",4,0,1,0,0,"",2,4,"parrl001","?","parrl001","?","flanm001","?","flanm001","?","dempr001","murre001","dauer001","decid001","belam101","kellp101","harll101","singk001","","","","9","F","F",2,6,2,"T","T",0,"F","F",1,"F","F",0,"F","F",9,"F","F","F","",0,0,"N",0,"N",0,"N",0,0,0,0,"9","","","","F","F","F","F","F","F","F","F","F","","","","F","F","F","F","F","","","","",0,9,0,0,0,0,0,0,0,33,"BAL","DET","BAL",0,"F","F",2,4,0,14,1,"T","F",0,0,"T","T","rodra101","trama001","T","T",0,0,0,0,0,0,0,0,0,"","","",0,0,0,0,0,0,0,0,0,0,0,0,0,"singk001","F","F","F","F",0,0,0,0,0,0,0,0,0,0,F,F,"1978BAL.EVA.regular.event.csv",5638
"BAL197809220","DET",4,0,2,0,0,"",2,4,"rodra101","?","rodra101","?","flanm001","?","flanm001","?","dempr001","murre001","dauer001","decid001","belam101","kellp101","harll101","singk001","","","","63","F","F",5,7,2,"T","T",0,"F","F",1,"F","F",0,"F","F",6,"G","F","F","",0,0,"N",0,"N",0,"N",0,0,0,0,"63","","","","F","F","F","F","F","F","F","F","F","","","","F","F","F","F","F","","","","",0,3,0,0,6,0,0,0,0,34,"BAL","DET","BAL",0,"F","T",2,4,0,15,2,"T","F",0,0,"T","T","trama001","dills101","T","T",0,0,0,0,0,0,0,0,0,"","","",0,0,0,0,0,0,0,0,0,0,0,0,0,"belam101","F","F","F","F",0,0,0,0,0,0,0,0,0,0,F,F,"1978BAL.EVA.regular.event.csv",5639
"BAL197809220","DET",4,1,0,0,0,"",2,4,"belam101","?","belam101","?","younk101","?","younk101","?","parrl001","thomj001","dills101","rodra101","trama001","kemps001","leflr101","wockj001","","","","9","T","F",6,9,2,"T","T",0,"F","F",1,"F","F",0,"F","F",9,"F","F","F","",0,0,"N",0,"N",0,"N",0,0,0,0,"9","","","","F","F","F","F","F","F","F","F","F","","","","F","F","F","F","F","","","","",0,9,0,0,0,0,0,0,0,35,"BAL","BAL","DET",1,"T","F",4,2,0,17,0,"T","F",0,0,"T","T","harll101","kellp101","T","T",0,0,0,0,0,0,0,0,0,"","","",0,0,0,0,0,0,0,0,0,0,0,0,0,"wockj001","F","F","F","F",0,0,0,0,1,0,0,0,0,0,F,F,"1978BAL.EVA.regular.event.csv",5640
"BAL197809220","DET",4,1,1,0,0,"",2,4,"harll101","?","harll101","?","younk101","?","younk101","?","parrl001","thomj001","dills101","rodra101","trama001","kemps001","leflr101","wockj001","","","","43","F","F",8,1,2,"T","T",0,"F","F",1,"F","F",0,"F","F",4,"G","F","F","",0,0,"N",0,"N",0,"N",0,0,0,0,"43","","","","F","F","F","F","F","F","F","F","F","","","","F","F","F","F","F","","","","",0,3,0,0,4,0,0,0,0,36,"BAL","BAL","DET",1,"F","F",4,2,0,18,1,"T","F",0,0,"T","T","kellp101","singk001","T","T",0,0,0,0,0,0,0,0,0,"","","",0,0,0,0,0,0,0,0,0,0,0,0,0,"dills101","F","F","F","F",0,0,0,0,1,0,0,0,0,0,F,F,"1978BAL.EVA.regular.event.csv",5641
"BAL197809220","DET",4,1,2,0,0,"",2,4,"kellp101","?","kellp101","?","younk101","?","younk101","?","parrl001","thomj001","dills101","rodra101","trama001","kemps001","leflr101","wockj001","","","","T9","F","F",7,2,22,"T","T",3,"F","F",0,"F","F",0,"F","F",9,"","F","F","",0,0,"N",0,"N",0,"N",3,0,0,0,"","","","","F","F","F","F","F","F","F","F","F","","","","F","F","F","F","F","","","","",0,0,0,0,0,0,0,0,0,37,"BAL","BAL","DET",1,"F","F",4,2,0,19,2,"T","F",0,4,"T","T","singk001","murre001","T","T",0,0,0,0,0,0,0,0,0,"","","",0,0,0,0,0,0,0,0,0,0,0,0,0,"wockj001","F","F","F","F",4,0,0,0,1,0,0,0,0,0,F,F,"1978BAL.EVA.regular.event.csv",5642
"BAL197809220","DET",4,1,2,0,0,"",2,4,"singk001","?","singk001","?","younk101","?","younk101","?","parrl001","thomj001","dills101","rodra101","trama001","kemps001","leflr101","wockj001","","","kellp101","S4.3-H","F","F",9,3,20,"T","T",1,"F","F",0,"F","F",1,"F","F",4,"","F","F","",0,0,"N",0,"N",0,"N",1,0,0,4,"","","","","F","F","F","F","F","F","F","F","F","","","younk101","F","F","F","F","F","","","","",0,0,0,0,0,0,0,0,0,38,"BAL","BAL","DET",1,"F","F",4,2,0,20,3,"T","F",4,1,"T","T","murre001","decid001","T","T",0,0,0,0,0,0,7,2,37,"","","parrl001",0,0,0,0,0,0,0,0,0,0,0,0,1,"dills101","F","F","F","F",0,0,0,4,0,0,0,0,0,0,F,F,"1978BAL.EVA.regular.event.csv",5643
"BAL197809220","DET",4,1,2,0,0,"",2,5,"murre001","?","murre001","?","younk101","?","younk101","?","parrl001","thomj001","dills101","rodra101","trama001","kemps001","leflr101","wockj001","singk001","","","K","F","F",3,4,3,"T","T",0,"F","F",1,"F","F",0,"F","F",0,"","F","F","",0,0,"N",0,"N",0,"N",0,1,0,0,"2","","","","F","F","F","F","F","F","F","F","F","younk101","","","F","F","F","F","F","","","","",0,2,0,0,0,0,0,0,0,39,"BAL","BAL","DET",1,"F","T",5,2,1,21,4,"T","F",1,1,"T","T","decid001","may-l101","T","T",9,3,38,0,0,0,0,0,0,"parrl001","","",0,0,0,0,0,0,0,0,0,0,0,0,0,"","F","F","F","F",0,0,0,0,0,0,0,0,0,0,F,F,"1978BAL.EVA.regular.event.csv",5644
"BAL197809220","DET",5,0,0,0,0,"",2,5,"trama001","?","trama001","?","flanm001","?","flanm001","?","dempr001","murre001","dauer001","decid001","belam101","kellp101","harll101","singk001","","","","K","T","F",6,8,3,"T","T",0,"F","F",1,"F","F",0,"F","F",0,"","F","F","",0,0,"N",0,"N",0,"N",0,0,0,0,"2","","","","F","F","F","F","F","F","F","F","F","","","","F","F","F","F","F","","","","",0,2,0,0,0,0,0,0,0,40,"BAL","DET","BAL",0,"T","F",2,5,0,16,0,"T","F",0,0,"T","T","dills101","leflr101","T","T",0,0,0,0,0,0,0,0,0,"","","",0,0,0,0,0,0,0,0,0,0,0,0,0,"","F","F","F","F",0,0,0,0,0,0,0,0,0,0,F,F,"1978BAL.EVA.regular.event.csv",5645
"BAL197809220","DET",5,0,1,0,0,"",2,5,"dills101","?","dills101","?","flanm001","?","flanm001","?","dempr001","murre001","dauer001","decid001","belam101","kellp101","harll101","singk001","","","","D9","F","F",4,9,21,"T","T",2,"F","F",0,"F","F",0,"F","F",9,"","F","F","",0,0,"N",0,"N",0,"N",2,0,0,0,"","","","","F","F","F","F","F","F","F","F","F","","","","F","F","F","F","F","","","","",0,0,0,0,0,0,0,0,0,41,"BAL","DET","BAL",0,"F","F",2,5,0,17,1,"T","F",0,2,"T","T","leflr101","wockj001","T","T",0,0,0,0,0,0,0,0,0,"","","",0,0,0,0,0,0,0,0,0,0,0,0,0,"singk001","F","F","F","F",0,0,0,0,0,0,0,0,0,0,F,F,"1978BAL.EVA.regular.event.csv",5646
"BAL197809220","DET",5,0,1,0,0,"",2,5,"leflr101","?","leflr101","?","flanm001","?","flanm001","?","dempr001","murre001","dauer001","decid001","belam101","kellp101","harll101","singk001","","dills101","","53","F","F",8,1,2,"T","T",0,"F","F",1,"F","F",0,"F","F",5,"G","F","F","",0,0,"N",0,"N",0,"N",0,0,2,0,"53","","","","F","F","F","F","F","F","F","F","F","","flanm001","","F","F","F","F","F","","","","",0,3,0,0,5,0,0,0,0,42,"BAL","DET","BAL",0,"F","F",2,5,0,18,2,"T","F",2,2,"T","T","wockj001","staur001","T","T",0,0,0,4,9,41,0,0,0,"","dempr001","",0,0,0,0,0,0,0,0,0,0,0,0,0,"decid001","F","F","F","F",0,0,0,0,0,0,0,0,0,0,F,F,"1978BAL.EVA.regular.event.csv",5647
"BAL197809220","DET",5,0,2,0,0,"",2,5,"wockj001","?","wockj001","?","flanm001","?","flanm001","?","dempr001","murre001","dauer001","decid001","belam101","kellp101","harll101","singk001","","dills101","","K","F","F",9,2,3,"T","T",0,"F","F",1,"F","F",0,"F","F",0,"","F","F","",0,0,"N",0,"N",0,"N",0,0,2,0,"2","","","","F","F","F","F","F","F","F","F","F","","flanm001","","F","F","F","F","F","","","","",0,2,0,0,0,0,0,0,0,43,"BAL","DET","BAL",0,"F","T",2,5,0,19,3,"T","F",2,2,"T","T","staur001","thomj001","T","T",0,0,0,4,9,41,0,0,0,"","dempr001","",0,0,0,0,0,0,0,0,0,0,0,0,0,"","F","F","F","F",0,0,0,0,0,0,0,0,0,0,F,F,"1978BAL.EVA.regular.event.csv",5648
"BAL197809220","DET",5,1,0,0,0,"",2,5,"decid001","?","decid001","?","younk101","?","younk101","?","parrl001","thomj001","dills101","rodra101","trama001","kemps001","leflr101","wockj001","","","","63","T","F",5,5,2,"T","T",0,"F","F",1,"F","F",0,"F","F",6,"G","F","F","",0,0,"N",0,"N",0,"N",0,0,0,0,"63","","","","F","F","F","F","F","F","F","F","F","","","","F","F","F","F","F","","","","",0,3,0,0,6,0,0,0,0,44,"BAL","BAL","DET",1,"T","F",5,2,0,22,0,"T","F",0,0,"T","T","may-l101","dempr001","T","T",0,0,0,0,0,0,0,0,0,"","","",0,0,0,0,0,0,0,0,0,0,0,0,0,"trama001","F","F","F","F",0,0,0,0,0,0,0,0,0,0,F,F,"1978BAL.EVA.regular.event.csv",5649
"BAL197809220","DET",5,1,1,0,0,"",2,5,"may-l101","?","may-l101","?","younk101","?","younk101","?","parrl001","thomj001","dills101","rodra101","trama001","kemps001","leflr101","wockj001","","","","K","F","F",10,6,3,"T","T",0,"F","F",1,"F","F",0,"F","F",0,"","F","F","",0,0,"N",0,"N",0,"N",0,0,0,0,"2","","","","F","F","F","F","F","F","F","F","F","","","","F","F","F","F","F","","","","",0,2,0,0,0,0,0,0,0,45,"BAL","BAL","DET",1,"F","F",5,2,0,23,1,"T","F",0,0,"T","T","dempr001","dauer001","T","T",0,0,0,0,0,0,0,0,0,"","","",0,0,0,0,0,0,0,0,0,0,0,0,0,"","F","F","F","F",0,0,0,0,0,0,0,0,0,0,F,F,"1978BAL.EVA.regular.event.csv",5650
"BAL197809220","DET",5,1,2,0,0,"",2,5,"dempr001","?","dempr001","?","younk101","?","younk101","?","parrl001","thomj001","dills101","rodra101","trama001","kemps001","leflr101","wockj001","","","","3/FL","F","F",2,7,2,"T","T",0,"F","F",1,"F","F",0,"F","F",3,"F","F","T","",0,0,"N",0,"N",0,"N",0,0,0,0,"3","","","","F","F","F","F","F","F","F","F","F","","","","F","F","F","F","F","","","","",0,3,0,0,0,0,0,0,0,46,"BAL","BAL","DET",1,"F","T",5,2,0,24,2,"T","F",0,0,"T","T","dauer001","belam101","T","T",0,0,0,0,0,0,0,0,0,"","","",0,0,0,0,0,0,0,0,0,0,0,0,0,"thomj001","F","F","F","F",0,0,0,0,0,0,0,0,0,0,F,F,"1978BAL.EVA.regular.event.csv",5651
"BAL197809220","DET",6,0,0,0,0,"",2,5,"staur001","?","staur001","?","flanm001","?","flanm001","?","dempr001","murre001","dauer001","decid001","belam101","kellp101","harll101","singk001","","","","7","T","F",10,3,2,"T","T",0,"F","F",1,"F","F",0,"F","F",7,"F","F","F","",0,0,"N",0,"N",0,"N",0,0,0,0,"7","","","","F","F","F","F","F","F","F","F","F","","","","F","F","F","F","F","","","","",0,7,0,0,0,0,0,0,0,47,"BAL","DET","BAL",0,"T","F",2,5,0,20,0,"T","F",0,0,"T","T","thomj001","kemps001","T","T",0,0,0,0,0,0,0,0,0,"","","",0,0,0,0,0,0,0,0,0,0,0,0,0,"kellp101","F","F","F","F",0,0,0,0,0,0,0,0,0,0,F,F,"1978BAL.EVA.regular.event.csv",5652
"BAL197809220","DET",6,0,1,0,0,"",2,5,"thomj001","?","thomj001","?","flanm001","?","flanm001","?","dempr001","murre001","dauer001","decid001","belam101","kellp101","harll101","singk001","","","","43","F","F",3,4,2,"T","T",0,"F","F",1,"F","F",0,"F","F",4,"G","F","F","",0,0,"N",0,"N",0,"N",0,0,0,0,"43","","","","F","F","F","F","F","F","F","F","F","","","","F","F","F","F","F","","","","",0,3,0,0,4,0,0,0,0,48,"BAL","DET","BAL",0,"F","F",2,5,0,21,1,"T","F",0,0,"T","T","kemps001","parrl001","T","T",0,0,0,0,0,0,0,0,0,"","","",0,0,0,0,0,0,0,0,0,0,0,0,0,"dauer001","F","F","F","F",0,0,0,0,0,0,0,0,0,0,F,F,"1978BAL.EVA.regular.event.csv",5653
"BAL197809220","DET",6,0,2,0,0,"",2,5,"kemps001","?","kemps001","?","flanm001","?","flanm001","?","dempr001","murre001","dauer001","decid001","belam101","kellp101","harll101","singk001","","","","W","F","F",7,5,14,"T","F",0,"F","F",0,"F","F",0,"F","F",0,"","F","F","",0,0,"N",0,"N",0,"N",1,0,0,0,"","","","","F","F","F","F","F","F","F","F","F","","","","F","F","F","F","F","","","","",0,0,0,0,0,0,0,0,0,49,"BAL","DET","BAL",0,"F","F",2,5,0,22,2,"T","F",0,1,"T","T","parrl001","rodra101","T","T",0,0,0,0,0,0,0,0,0,"","","",0,0,0,0,0,0,0,0,0,0,0,0,0,"","F","F","F","F",0,0,0,0,0,0,0,0,0,0,F,F,"1978BAL.EVA.regular.event.csv",5654
"BAL197809220","DET",6,0,2,0,0,"",2,5,"parrl001","?","parrl001","?","flanm001","?","flanm001","?","dempr001","murre001","dauer001","decid001","belam101","kellp101","harll101","singk001","kemps001","","","K","F","F",2,6,3,"T","T",0,"F","F",1,"F","F",0,"F","F",0,"","F","F","",0,0,"N",0,"N",0,"N",0,1,0,0,"2","","","","F","F","F","F","F","F","F","F","F","flanm001","","","F","F","F","F","F","","","","",0,2,0,0,0,0,0,0,0,50,"BAL","DET","BAL",0,"F","T",2,5,0,23,3,"T","F",1,1,"T","T","rodra101","trama001","T","T",7,5,49,0,0,0,0,0,0,"dempr001","","",0,0,0,0,0,0,0,0,0,0,0,0,0,"","F","F","F","F",0,0,0,0,0,0,0,0,0,0,F,F,"1978BAL.EVA.regular.event.csv",5655
"BAL197809220","DET",6,1,0,0,0,"",2,5,"dauer001","?","dauer001","?","younk101","?","younk101","?","parrl001","thomj001","dills101","rodra101","trama001","kemps001","leflr101","wockj001","","","","63","T","F",4,8,2,"T","T",0,"F","F",1,"F","F",0,"F","F",6,"G","F","F","",0,0,"N",0,"N",0,"N",0,0,0,0,"63","","","","F","F","F","F","F","F","F","F","F","","","","F","F","F","F","F","","","","",0,3,0,0,6,0,0,0,0,51,"BAL","BAL","DET",1,"T","F",5,2,0,25,0,"T","F",0,0,"T","T","belam101","harll101","T","T",0,0,0,0,0,0,0,0,0,"","","",0,0,0,0,0,0,0,0,0,0,0,0,0,"trama001","F","F","F","F",0,0,0,0,0,0,0,0,0,0,F,F,"1978BAL.EVA.regular.event.csv",5656
"BAL197809220","DET",6,1,1,0,0,"",2,5,"belam101","?","belam101","?","younk101","?","younk101","?","parrl001","thomj001","dills101","rodra101","trama001","kemps001","leflr101","wockj001","","","","8","F","F",6,9,2,"T","T",0,"F","F",1,"F","F",0,"F","F",8,"F","F","F","",0,0,"N",0,"N",0,"N",0,0,0,0,"8","","","","F","F","F","F","F","F","F","F","F","","","","F","F","F","F","F","","","","",0,8,0,0,0,0,0,0,0,52,"BAL","BAL","DET",1,"F","F",5,2,0,26,1,"T","F",0,0,"T","T","harll101","kellp101","T","T",0,0,0,0,0,0,0,0,0,"","","",0,0,0,0,0,0,0,0,0,0,0,0,0,"leflr101","F","F","F","F",0,0,0,0,0,0,0,0,0,0,F,F,"1978BAL.EVA.regular.event.csv",5657
"BAL197809220","DET",6,1,2,0,0,"",2,5,"harll101","?","harll101","?","younk101","?","younk101","?","parrl001","thomj001","dills101","rodra101","trama001","kemps001","leflr101","wockj001","","","","7","F","F",8,1,2,"T","T",0,"F","F",1,"F","F",0,"F","F",7,"F","F","F","",0,0,"N",0,"N",0,"N",0,0,0,0,"7","","","","F","F","F","F","F","F","F","F","F","","","","F","F","F","F","F","","","","",0,7,0,0,0,0,0,0,0,53,"BAL","BAL","DET",1,"F","T",5,2,0,27,2,"T","F",0,0,"T","T","kellp101","singk001","T","T",0,0,0,0,0,0,0,0,0,"","","",0,0,0,0,0,0,0,0,0,0,0,0,0,"kemps001","F","F","F","F",0,0,0,0,0,0,0,0,0,0,F,F,"1978BAL.EVA.regular.event.csv",5658
"BAL197809220","DET",7,0,0,0,0,"",2,5,"rodra101","?","rodra101","?","flanm001","?","flanm001","?","dempr001","murre001","dauer001","decid001","belam101","kellp101","harll101","singk001","","","","53","T","F",5,7,2,"T","T",0,"F","F",1,"F","F",0,"F","F",5,"G","F","F","",0,0,"N",0,"N",0,"N",0,0,0,0,"53","","","","F","F","F","F","F","F","F","F","F","","","","F","F","F","F","F","","","","",0,3,0,0,5,0,0,0,0,54,"BAL","DET","BAL",0,"T","F",2,5,0,24,0,"T","F",0,0,"T","T","trama001","dills101","T","T",0,0,0,0,0,0,0,0,0,"","","",0,0,0,0,0,0,0,0,0,0,0,0,0,"decid001","F","F","F","F",0,0,0,0,3,0,0,0,0,0,F,F,"1978BAL.EVA.regular.event.csv",5659
"BAL197809220","DET",7,0,1,0,0,"",2,5,"trama001","?","trama001","?","flanm001","?","flanm001","?","dempr001","murre001","dauer001","decid001","belam101","kellp101","harll101","singk001","","","","T8","F","F",6,8,22,"T","T",3,"F","F",0,"F","F",0,"F","F",8,"","F","F","",0,0,"N",0,"N",0,"N",3,0,0,0,"","","","","F","F","F","F","F","F","F","F","F","","","","F","F","F","F","F","","","","",0,0,0,0,0,0,0,0,0,55,"BAL","DET","BAL",0,"F","F",2,5,0,25,1,"T","F",0,4,"T","T","dills101","leflr101","T","T",0,0,0,0,0,0,0,0,0,"","","",0,0,0,0,0,0,0,0,0,0,0,0,0,"harll101","F","F","F","F",4,0,0,0,3,0,0,0,0,0,F,F,"1978BAL.EVA.regular.event.csv",5660
"BAL197809220","DET",7,0,1,0,0,"",2,5,"dills101","?","dills101","?","flanm001","?","flanm001","?","dempr001","murre001","dauer001","decid001","belam101","kellp101","harll101","singk001","","","trama001","S6.3-H","F","F",4,9,20,"T","T",1,"F","F",0,"F","F",1,"F","F",6,"","F","F","",0,0,"N",0,"N",0,"N",1,0,0,4,"","","","","F","F","F","F","F","F","F","F","F","","","flanm001","F","F","F","F","F","","","","",0,0,0,0,0,0,0,0,0,56,"BAL","DET","BAL",0,"F","F",2,5,0,26,2,"T","F",4,1,"T","T","leflr101","wockj001","T","T",0,0,0,0,0,0,6,8,55,"","","dempr001",0,0,0,0,0,0,0,0,0,0,0,0,1,"belam101","F","F","F","F",4,0,0,4,2,0,0,0,0,0,F,F,"1978BAL.EVA.regular.event.csv",5661
"BAL197809220","DET",7,0,1,0,0,"",3,5,"leflr101","?","leflr101","?","flanm001","?","flanm001","?","dempr001","murre001","dauer001","decid001","belam101","kellp101","harll101","singk001","dills101","","","S9.1-2","F","F",8,1,20,"T","T",1,"F","F",0,"F","F",0,"F","F",9,"","F","F","",0,0,"N",0,"N",0,"N",1,2,0,0,"","","","","F","F","F","F","F","F","F","F","F","flanm001","","","F","F","F","F","F","","","","",0,0,0,0,0,0,0,0,0,57,"BAL","DET","BAL",0,"F","F",3,5,1,27,3,"T","F",1,3,"T","T","wockj001","staur001","T","T",4,9,56,0,0,0,0,0,0,"dempr001","","",0,0,0,0,0,0,0,0,0,0,0,0,0,"singk001","F","F","F","F",4,4,0,0,2,0,0,0,0,0,F,F,"1978BAL.EVA.regular.event.csv",5662
"BAL197809220","DET",7,0,1,0,0,"",3,5,"wockj001","?","wockj001","?","flanm001","?","flanm001","?","dempr001","murre001","dauer001","decid001","belam101","kellp101","harll101","singk001","leflr101","dills101","","53.2-3;1-2","F","F",9,2,2,"T","T",0,"F","F",1,"F","F",0,"F","F",5,"G","F","F","",0,0,"N",0,"N",0,"N",0,2,3,0,"53","","","","F","F","F","F","F","F","F","F","F","flanm001","flanm001","","F","F","F","F","F","","","","",0,3,0,0,5,0,0,0,0,58,"BAL","DET","BAL",0,"F","F",3,5,1,28,4,"T","F",3,6,"T","T","staur001","thomj001","T","T",8,1,57,4,9,56,0,0,0,"dempr001","dempr001","",0,0,0,0,0,0,0,0,0,0,0,0,0,"decid001","F","F","F","F",0,4,4,0,2,0,0,0,0,0,F,F,"1978BAL.EVA.regular.event.csv",5663
"BAL197809220","DET",7,0,2,0,0,"",3,5,"staur001","?","staur001","?","flanm001","?","flanm001","?","dempr001","murre001","dauer001","decid001","belam101","kellp101","harll101","singk001","","leflr101","dills101","D7.3-H;2-H","F","F",10,3,21,"T","T",2,"F","F",0,"F","F",2,"F","F",7,"","F","F","",0,0,"N",0,"N",0,"N",2,0,4,4,"","","","","F","F","F","F","F","F","F","F","F","","flanm001","flanm001","F","F","F","F","F","","","","",0,0,0,0,0,0,0,0,0,59,"BAL","DET","BAL",0,"F","F",3,5,1,29,5,"T","F",6,2,"T","T","thomj001","kemps001","T","T",0,0,0,8,1,57,4,9,56,"","dempr001","dempr001",0,0,0,0,0,0,0,0,0,0,0,0,2,"kellp101","F","F","F","F",0,0,4,4,0,0,0,0,0,0,F,F,"1978BAL.EVA.regular.event.csv",5664
"BAL197809220","DET",7,0,2,0,0,"",5,5,"thomj001","?","thomj001","?","flanm001","?","flanm001","?","dempr001","murre001","dauer001","decid001","belam101","kellp101","harll101","singk001","","staur001","","43","F","F",3,4,2,"T","T",0,"F","F",1,"F","F",0,"F","F",4,"G","F","F","",0,0,"N",0,"N",0,"N",0,0,2,0,"43","","","","F","F","F","F","F","F","F","F","F","","flanm001","","F","F","F","F","F","","","","",0,3,0,0,4,0,0,0,0,60,"BAL","DET","BAL",0,"F","T",5,5,3,30,6,"T","F",2,2,"T","T","kemps001","parrl001","T","T",0,0,0,10,3,59,0,0,0,"","dempr001","",0,0,0,0,0,0,0,0,0,0,0,0,0,"dauer001","F","F","F","F",0,0,0,0,0,0,0,0,0,0,F,F,"1978BAL.EVA.regular.event.csv",5665
"BAL197809220","DET",7,1,0,0,0,"",5,5,"kellp101","?","kellp101","?","younk101","?","younk101","?","parrl001","thomj001","dills101","rodra101","trama001","kemps001","leflr101","wockj001","","","","S9","T","F",7,2,20,"T","T",1,"F","F",0,"F","F",0,"F","F",9,"","F","F","",0,0,"N",0,"N",0,"N",1,0,0,0,"","","","","F","F","F","F","F","F","F","F","F","","","","F","F","F","F","F","","","","",0,0,0,0,0,0,0,0,0,61,"BAL","BAL","DET",1,"T","F",5,5,0,28,0,"T","F",0,1,"T","T","singk001","murre001","T","T",0,0,0,0,0,0,0,0,0,"","","",0,0,0,0,0,0,0,0,0,0,0,0,0,"wockj001","F","F","F","F",0,0,0,0,0,0,0,0,0,0,F,F,"1978BAL.EVA.regular.event.csv",5666
"BAL197809220","DET",7,1,0,0,0,"",5,5,"singk001","?","singk001","?","younk101","?","younk101","?","parrl001","thomj001","dills101","rodra101","trama001","kemps001","leflr101","wockj001","kellp101","","","W.1-2","F","F",9,3,14,"T","F",0,"F","F",0,"F","F",0,"F","F",0,"","F","F","",0,0,"N",0,"N",0,"N",1,2,0,0,"","","","","F","F","F","F","F","F","F","F","F","younk101","","","F","F","F","F","F","","","","",0,0,0,0,0,0,0,0,0,62,"BAL","BAL","DET",1,"F","F",5,5,0,29,1,"T","F",1,3,"T","T","murre001","decid001","T","T",7,2,61,0,0,0,0,0,0,"parrl001","","",0,0,0,0,0,0,0,0,0,0,0,0,0,"","F","F","F","F",0,0,0,0,0,0,0,0,0,0,F,F,"1978BAL.EVA.regular.event.csv",5667
"BAL197809220","DET",7,1,0,0,0,"",5,5,"murre001","?","murre001","?","younk101","?","younk101","?","parrl001","thomj001","dills101","rodra101","trama001","kemps001","leflr101","wockj001","singk001","kellp101","","36(1)/FO.2-3","F","F",3,4,2,"T","T",0,"F","F",1,"F","F",0,"F","F",3,"G","F","F","",0,0,"N",0,"N",0,"N",1,0,3,0,"","36","","","F","F","F","F","F","F","F","F","F","younk101","younk101","","F","F","F","F","F","","","","",0,6,0,0,3,0,0,0,0,63,"BAL","BAL","DET",1,"F","F",5,5,0,30,2,"T","F",3,5,"T","T","decid001","may-l101","T","T",9,3,62,7,2,61,0,0,0,"parrl001","parrl001","",0,0,0,0,0,0,0,0,0,0,0,0,0,"thomj001","T","F","F","F",0,0,0,0,0,0,0,0,0,0,F,F,"1978BAL.EVA.regular.event.csv",5668
"BAL197809220","DET",7,1,1,0,0,"",5,5,"decid001","?","decid001","?","younk101","?","younk101","?","parrl001","thomj001","dills101","rodra101","trama001","kemps001","leflr101","wockj001","murre001","","kellp101","W.1-2","F","F",5,5,14,"T","F",0,"F","F",0,"F","F",0,"F","F",0,"","F","F","",0,0,"N",0,"N",0,"N",1,2,0,3,"","","","","F","F","F","F","F","F","F","F","F","younk101","","younk101","F","F","F","F","F","","","","",0,0,0,0,0,0,0,0,0,64,"BAL","BAL","DET",1,"F","F",5,5,0,31,3,"T","F",5,7,"T","T","may-l101","dempr001","T","T",3,4,63,0,0,0,7,2,61,"parrl001","","parrl001",0,0,0,0,0,0,0,0,0,0,0,0,0,"","F","F","F","F",0,0,0,0,0,0,0,0,0,0,F,F,"1978BAL.EVA.regular.event.csv",5669
"BAL197809220","DET",7,1,1,0,0,"",5,5,"may-l101","?","may-l101","?","hillj101","?","hillj101","?","parrl001","thomj001","dills101","rodra101","trama001","kemps001","leflr101","wockj001","decid001","murre001","kellp101","K","F","F",10,6,3,"T","T",0,"F","F",1,"F","F",0,"F","F",0,"","F","F","",0,0,"N",0,"N",0,"N",0,1,2,3,"2","","","","F","F","F","F","F","F","F","F","F","younk101","younk101","younk101","F","F","F","F","F","","","","",0,2,0,0,0,0,0,0,0,65,"BAL","BAL","DET",1,"F","F",5,5,0,32,4,"T","F",7,7,"T","T","dempr001","dauer001","F","F",5,5,64,3,4,63,7,2,61,"parrl001","parrl001","parrl001",0,0,0,0,0,0,0,0,0,0,0,0,0,"","F","F","F","F",0,0,0,0,0,0,0,0,0,0,F,F,"1978BAL.EVA.regular.event.csv",5670
"BAL197809220","DET",7,1,2,0,0,"",5,5,"dempr001","?","dempr001","?","hillj101","?","hillj101","?","parrl001","thomj001","dills101","rodra101","trama001","kemps001","leflr101","wockj001","decid001","murre001","kellp101","K","F","F",2,7,3,"T","T",0,"F","F",1,"F","F",0,"F","F",0,"","F","F","",0,0,"N",0,"N",0,"N",0,1,2,3,"2","","","","F","F","F","F","F","F","F","F","F","younk101","younk101","younk101","F","F","F","F","F","","","","",0,2,0,0,0,0,0,0,0,66,"BAL","BAL","DET",1,"F","T",5,5,0,33,5,"T","F",7,7,"T","T","dauer001","belam101","F","F",5,5,64,3,4,63,7,2,61,"parrl001","parrl001","parrl001",0,0,0,0,0,0,0,0,0,0,0,0,0,"","F","F","F","F",0,0,0,0,0,0,0,0,0,0,F,F,"1978BAL.EVA.regular.event.csv",5671
"BAL197809220","DET",8,0,0,0,0,"",5,5,"kemps001","?","kemps001","?","flanm001","?","flanm001","?","dempr001","murre001","dauer001","decid001","belam101","kellp101","harll101","singk001","","","","K","T","F",7,5,3,"T","T",0,"F","F",1,"F","F",0,"F","F",0,"","F","F","",0,0,"N",0,"N",0,"N",0,0,0,0,"2","","","","F","F","F","F","F","F","F","F","F","","","","F","F","F","F","F","","","","",0,2,0,0,0,0,0,0,0,67,"BAL","DET","BAL",0,"T","F",5,5,0,31,0,"T","F",0,0,"T","T","parrl001","rodra101","T","T",0,0,0,0,0,0,0,0,0,"","","",0,0,0,0,0,0,0,0,0,0,0,0,0,"","F","F","F","F",0,0,0,0,0,0,0,0,0,0,F,F,"1978BAL.EVA.regular.event.csv",5672
"BAL197809220","DET",8,0,1,0,0,"",5,5,"parrl001","?","parrl001","?","flanm001","?","flanm001","?","dempr001","murre001","dauer001","decid001","belam101","kellp101","harll101","singk001","","","","53","F","F",2,6,2,"T","T",0,"F","F",1,"F","F",0,"F","F",5,"G","F","F","",0,0,"N",0,"N",0,"N",0,0,0,0,"53","","","","F","F","F","F","F","F","F","F","F","","","","F","F","F","F","F","","","","",0,3,0,0,5,0,0,0,0,68,"BAL","DET","BAL",0,"F","F",5,5,0,32,1,"T","F",0,0,"T","T","rodra101","trama001","T","T",0,0,0,0,0,0,0,0,0,"","","",0,0,0,0,0,0,0,0,0,0,0,0,0,"decid001","F","F","F","F",0,0,0,0,0,0,0,0,0,0,F,F,"1978BAL.EVA.regular.event.csv",5673
"BAL197809220","DET",8,0,2,0,0,"",5,5,"rodra101","?","rodra101","?","flanm001","?","flanm001","?","dempr001","murre001","dauer001","decid001","belam101","kellp101","harll101","singk001","","","","S9","F","F",5,7,20,"T","T",1,"F","F",0,"F","F",0,"F","F",9,"","F","F","",0,0,"N",0,"N",0,"N",1,0,0,0,"","","","","F","F","F","F","F","F","F","F","F","","","","F","F","F","F","F","","","","",0,0,0,0,0,0,0,0,0,69,"BAL","DET","BAL",0,"F","F",5,5,0,33,2,"T","F",0,1,"T","T","trama001","dills101","T","T",0,0,0,0,0,0,0,0,0,"","","",0,0,0,0,0,0,0,0,0,0,0,0,0,"singk001","F","F","F","F",0,0,0,0,0,0,0,0,0,0,F,F,"1978BAL.EVA.regular.event.csv",5674
"BAL197809220","DET",8,0,2,0,0,"",5,5,"trama001","?","trama001","?","flanm001","?","flanm001","?","dempr001","murre001","dauer001","decid001","belam101","kellp101","harll101","singk001","rodra101","","","S7.1-2","F","F",6,8,20,"T","T",1,"F","F",0,"F","F",0,"F","F",7,"","F","F","",0,0,"N",0,"N",0,"N",1,2,0,0,"","","","","F","F","F","F","F","F","F","F","F","flanm001","","","F","F","F","F","F","","","","",0,0,0,0,0,0,0,0,0,70,"BAL","DET","BAL",0,"F","F",5,5,0,34,3,"T","F",1,3,"T","T","dills101","leflr101","T","T",5,7,69,0,0,0,0,0,0,"dempr001","","",0,0,0,0,0,0,0,0,0,0,0,0,0,"kellp101","F","F","F","F",0,0,0,0,0,0,0,0,0,0,F,F,"1978BAL.EVA.regular.event.csv",5675
"BAL197809220","DET",8,0,2,0,0,"",5,5,"dills101","?","dills101","?","flanm001","?","flanm001","?","dempr001","murre001","dauer001","decid001","belam101","kellp101","harll101","singk001","trama001","rodra101","","WP.2-3;1-2","F","F",4,9,9,"F","F",0,"F","F",0,"F","F",0,"T","F",0,"","F","F","",0,0,"N",0,"N",0,"N",0,2,3,0,"","","","","F","F","F","F","F","F","F","F","F","flanm001","flanm001","","F","F","F","F","F","","","","",0,0,0,0,0,0,0,0,0,71,"BAL","DET","BAL",0,"F","F",5,5,0,35,4,"T","F",3,6,"T","T","leflr101","wockj001","T","T",6,8,70,5,7,69,0,0,0,"dempr001","dempr001","",0,0,0,0,0,0,0,0,0,0,0,0,0,"","F","F","F","F",0,0,0,0,0,0,0,0,0,0,F,F,"1978BAL.EVA.regular.event.csv",5676
"BAL197809220","DET",8,0,2,0,0,"",5,5,"dills101","?","dills101","?","flanm001","?","flanm001","?","dempr001","murre001","dauer001","decid001","belam101","kellp101","harll101","singk001","","trama001","rodra101","53","F","F",4,9,2,"T","T",0,"F","F",1,"F","F",0,"F","F",5,"G","F","F","",0,0,"N",0,"N",0,"N",0,0,2,3,"53","","","","F","F","F","F","F","F","F","F","F","","flanm001","flanm001","F","F","F","F","F","","","","",0,3,0,0,5,0,0,0,0,72,"BAL","DET","BAL",0,"F","T",5,5,0,35,4,"F","F",6,6,"T","T","leflr101","wockj001","T","T",0,0,0,6,8,70,5,7,69,"","dempr001","dempr001",0,0,0,0,0,0,0,0,0,0,0,0,0,"decid001","F","F","F","F",0,0,0,0,0,0,0,0,0,0,F,F,"1978BAL.EVA.regular.event.csv",5677
"BAL197809220","DET",8,1,0,0,0,"",5,5,"dauer001","?","dauer001","?","hillj101","?","hillj101","?","parrl001","thomj001","dills101","rodra101","trama001","kemps001","leflr101","wockj001","","","","3","T","F",4,8,2,"T","T",0,"F","F",1,"F","F",0,"F","F",3,"F","F","F","",0,0,"N",0,"N",0,"N",0,0,0,0,"3","","","","F","F","F","F","F","F","F","F","F","","","","F","F","F","F","F","","","","",0,3,0,0,0,0,0,0,0,73,"BAL","BAL","DET",1,"T","F",5,5,0,34,0,"T","F",0,0,"T","T","belam101","harll101","F","F",0,0,0,0,0,0,0,0,0,"","","",0,0,0,0,0,0,0,0,0,0,0,0,0,"thomj001","F","F","F","F",0,0,0,0,0,0,0,0,0,0,F,F,"1978BAL.EVA.regular.event.csv",5678
"BAL197809220","DET",8,1,1,0,0,"",5,5,"belam101","?","belam101","?","hillj101","?","hillj101","?","parrl001","thomj001","dills101","rodra101","trama001","kemps001","leflr101","wockj001","","","","3/FL","F","F",6,9,2,"T","T",0,"F","F",1,"F","F",0,"F","F",3,"F","F","T","",0,0,"N",0,"N",0,"N",0,0,0,0,"3","","","","F","F","F","F","F","F","F","F","F","","","","F","F","F","F","F","","","","",0,3,0,0,0,0,0,0,0,74,"BAL","BAL","DET",1,"F","F",5,5,0,35,1,"T","F",0,0,"T","T","harll101","kellp101","F","F",0,0,0,0,0,0,0,0,0,"","","",0,0,0,0,0,0,0,0,0,0,0,0,0,"thomj001","F","F","F","F",0,0,0,0,0,0,0,0,0,0,F,F,"1978BAL.EVA.regular.event.csv",5679
"BAL197809220","DET",8,1,2,0,0,"",5,5,"lopec101","?","lopec101","?","hillj101","?","hillj101","?","parrl001","thomj001","dills101","rodra101","trama001","kemps001","leflr101","wockj001","","","","K","F","T",11,1,3,"T","T",0,"F","F",1,"F","F",0,"F","F",0,"","F","F","",0,0,"N",0,"N",0,"N",0,0,0,0,"2","","","","F","F","F","F","F","F","F","F","F","","","","F","F","F","F","F","","","","harll101",8,2,0,0,0,0,0,0,0,75,"BAL","BAL","DET",1,"F","T",5,5,0,36,2,"T","F",0,0,"F","F","kellp101","singk001","F","F",0,0,0,0,0,0,0,0,0,"","","",0,0,0,0,0,0,0,0,0,0,0,0,0,"","F","F","F","F",0,0,0,0,0,0,0,0,0,0,F,F,"1978BAL.EVA.regular.event.csv",5680
"BAL197809220","DET",9,0,0,0,0,"",5,5,"leflr101","?","leflr101","?","flanm001","?","flanm001","?","dempr001","murre001","dauer001","decid001","belam101","kellp101","lopec101","singk001","","","","K","T","F",8,1,3,"T","T",0,"F","F",1,"F","F",0,"F","F",0,"","F","F","",0,0,"N",0,"N",0,"N",0,0,0,0,"2","","","","F","F","F","F","F","F","F","F","F","","","","F","F","F","F","F","","","","",0,2,0,0,0,0,0,0,0,76,"BAL","DET","BAL",0,"T","F",5,5,0,36,0,"T","F",0,0,"T","T","wockj001","staur001","T","T",0,0,0,0,0,0,0,0,0,"","","",0,0,0,0,0,0,0,0,0,0,0,0,0,"","F","F","F","F",0,0,0,0,0,0,0,0,0,0,F,F,"1978BAL.EVA.regular.event.csv",5681
"BAL197809220","DET",9,0,1,0,0,"",5,5,"wockj001","?","wockj001","?","flanm001","?","flanm001","?","dempr001","murre001","dauer001","decid001","belam101","kellp101","lopec101","singk001","","","","53","F","F",9,2,2,"T","T",0,"F","F",1,"F","F",0,"F","F",5,"G","F","F","",0,0,"N",0,"N",0,"N",0,0,0,0,"53","","","","F","F","F","F","F","F","F","F","F","","","","F","F","F","F","F","","","","",0,3,0,0,5,0,0,0,0,77,"BAL","DET","BAL",0,"F","F",5,5,0,37,1,"T","F",0,0,"T","T","staur001","thomj001","T","T",0,0,0,0,0,0,0,0,0,"","","",0,0,0,0,0,0,0,0,0,0,0,0,0,"decid001","F","F","F","F",0,0,0,0,0,0,0,0,0,0,F,F,"1978BAL.EVA.regular.event.csv",5682
"BAL197809220","DET",9,0,2,0,0,"",5,5,"staur001","?","staur001","?","flanm001","?","flanm001","?","dempr001","murre001","dauer001","decid001","belam101","kellp101","lopec101","singk001","","","","9","F","F",10,3,2,"T","T",0,"F","F",1,"F","F",0,"F","F",9,"F","F","F","",0,0,"N",0,"N",0,"N",0,0,0,0,"9","","","","F","F","F","F","F","F","F","F","F","","","","F","F","F","F","F","","","","",0,9,0,0,0,0,0,0,0,78,"BAL","DET","BAL",0,"F","T",5,5,0,38,2,"T","F",0,0,"T","T","thomj001","kemps001","T","T",0,0,0,0,0,0,0,0,0,"","","",0,0,0,0,0,0,0,0,0,0,0,0,0,"singk001","F","F","F","F",0,0,0,0,0,0,0,0,0,0,F,F,"1978BAL.EVA.regular.event.csv",5683
"BAL197809220","DET",9,1,0,0,0,"",5,5,"roeng001","?","roeng001","?","hillj101","?","hillj101","?","parrl001","thomj001","dills101","rodra101","trama001","kemps001","leflr101","wockj001","","","","7","T","T",11,2,2,"T","T",0,"F","F",1,"F","F",0,"F","F",7,"F","F","F","",0,0,"N",0,"N",0,"N",0,0,0,0,"7","","","","F","F","F","F","F","F","F","F","F","","","","F","F","F","F","F","","","","kellp101",7,7,0,0,0,0,0,0,0,79,"BAL","BAL","DET",1,"T","F",5,5,0,37,0,"T","F",0,0,"F","F","singk001","murre001","F","F",0,0,0,0,0,0,0,0,0,"","","",0,0,0,0,0,0,0,0,0,0,0,0,0,"kemps001","F","F","F","F",0,0,0,0,0,0,0,0,0,0,F,F,"1978BAL.EVA.regular.event.csv",5684
"BAL197809220","DET",9,1,1,0,0,"",5,5,"singk001","?","singk001","?","hillj101","?","hillj101","?","parrl001","thomj001","dills101","rodra101","trama001","kemps001","leflr101","wockj001","","","","9","F","F",9,3,2,"T","T",0,"F","F",1,"F","F",0,"F","F",9,"F","F","F","",0,0,"N",0,"N",0,"N",0,0,0,0,"9","","","","F","F","F","F","F","F","F","F","F","","","","F","F","F","F","F","","","","",0,9,0,0,0,0,0,0,0,80,"BAL","BAL","DET",1,"F","F",5,5,0,38,1,"T","F",0,0,"T","T","murre001","decid001","F","F",0,0,0,0,0,0,0,0,0,"","","",0,0,0,0,0,0,0,0,0,0,0,0,0,"wockj001","F","F","F","F",0,0,0,0,0,0,0,0,0,0,F,F,"1978BAL.EVA.regular.event.csv",5685
"BAL197809220","DET",9,1,2,0,0,"",5,5,"murre001","?","murre001","?","hillj101","?","hillj101","?","parrl001","thomj001","dills101","rodra101","trama001","kemps001","leflr101","wockj001","","","","3/G","F","F",3,4,2,"T","T",0,"F","F",1,"F","F",0,"F","F",3,"G","F","F","",0,0,"N",0,"N",0,"N",0,0,0,0,"3","","","","F","F","F","F","F","F","F","F","F","","","","F","F","F","F","F","","","","",0,3,0,0,0,0,0,0,0,81,"BAL","BAL","DET",1,"F","T",5,5,0,39,2,"T","F",0,0,"T","T","decid001","may-l101","F","F",0,0,0,0,0,0,0,0,0,"","","",0,0,0,0,0,0,0,0,0,0,0,0,0,"thomj001","F","F","F","F",0,0,0,0,0,0,0,0,0,0,F,F,"1978BAL.EVA.regular.event.csv",5686
"BAL197809220","DET",10,0,0,0,0,"",5,5,"thomj001","?","thomj001","?","flanm001","?","flanm001","?","dempr001","murre001","dauer001","decid001","belam101","roeng001","lopec101","singk001","","","","D9","T","F",3,4,21,"T","T",2,"F","F",0,"F","F",0,"F","F",9,"","F","F","",0,0,"N",0,"N",0,"N",2,0,0,0,"","","","","F","F","F","F","F","F","F","F","F","","","","F","F","F","F","F","","","","",0,0,0,0,0,0,0,0,0,82,"BAL","DET","BAL",0,"T","F",5,5,0,39,0,"T","F",0,2,"T","T","kemps001","parrl001","T","T",0,0,0,0,0,0,0,0,0,"","","",0,0,0,0,0,0,0,0,0,0,0,0,0,"singk001","F","F","F","F",4,0,0,0,2,0,0,0,0,0,F,F,"1978BAL.EVA.regular.event.csv",5687
"BAL197809220","DET",10,0,0,0,0,"",5,5,"kemps001","?","kemps001","?","flanm001","?","flanm001","?","dempr001","murre001","dauer001","decid001","belam101","roeng001","lopec101","singk001","","thomj001","","43/SH/BG.2-3","F","F",7,5,2,"T","F",0,"T","F",1,"F","F",0,"F","F",4,"G","T","F","",0,0,"N",0,"N",0,"N",0,0,3,0,"43","","","","F","F","F","F","F","F","F","F","F","","flanm001","","F","F","F","F","F","","","","",0,3,0,0,4,0,0,0,0,83,"BAL","DET","BAL",0,"F","F",5,5,0,40,1,"T","F",2,4,"T","T","parrl001","rodra101","T","T",0,0,0,3,4,82,0,0,0,"","dempr001","",0,0,0,0,0,0,0,0,0,0,0,0,0,"dauer001","F","F","F","F",0,0,4,0,2,0,0,0,0,0,F,F,"1978BAL.EVA.regular.event.csv",5688
"BAL197809220","DET",10,0,1,0,0,"",5,5,"parrl001","?","parrl001","?","flanm001","?","flanm001","?","dempr001","murre001","dauer001","decid001","belam101","roeng001","lopec101","singk001","","","thomj001","7/SF.3-H","F","F",2,6,2,"T","F",0,"F","T",1,"F","F",1,"F","F",7,"F","F","F","",0,0,"N",0,"N",0,"N",0,0,0,4,"7","","","","F","F","F","F","F","F","F","F","F","","","flanm001","F","F","F","F","F","","","","",0,7,0,0,0,0,0,0,0,84,"BAL","DET","BAL",0,"F","F",5,5,0,41,2,"T","F",4,0,"T","T","rodra101","trama001","T","T",0,0,0,0,0,0,3,4,82,"","","dempr001",0,0,0,0,0,0,0,0,0,0,0,0,1,"roeng001","F","F","F","F",0,0,0,4,1,0,0,0,0,0,F,F,"1978BAL.EVA.regular.event.csv",5689
"BAL197809220","DET",10,0,2,0,0,"",6,5,"rodra101","?","rodra101","?","flanm001","?","flanm001","?","dempr001","murre001","dauer001","decid001","belam101","roeng001","lopec101","singk001","","","","S9","F","F",5,7,20,"T","T",1,"F","F",0,"F","F",0,"F","F",9,"","F","F","",0,0,"N",0,"N",0,"N",1,0,0,0,"","","","","F","F","F","F","F","F","F","F","F","","","","F","F","F","F","F","","","","",0,0,0,0,0,0,0,0,0,85,"BAL","DET","BAL",0,"F","F",6,5,1,42,3,"T","F",0,1,"T","T","trama001","dills101","T","T",0,0,0,0,0,0,0,0,0,"","","",0,0,0,0,0,0,0,0,0,0,0,0,0,"singk001","F","F","F","F",4,0,0,0,1,0,0,0,0,0,F,F,"1978BAL.EVA.regular.event.csv",5690
"BAL197809220","DET",10,0,2,0,0,"",6,5,"trama001","?","trama001","?","flanm001","?","flanm001","?","dempr001","murre001","dauer001","decid001","belam101","roeng001","lopec101","singk001","rodra101","","","T/78.1-H#","F","F",6,8,22,"T","T",3,"F","F",0,"F","F",1,"F","F",0,"","F","F","78",0,0,"N",0,"N",0,"N",3,4,0,0,"","","","","F","F","F","F","F","F","F","F","F","flanm001","","","F","F","F","F","F","","","","",0,0,0,0,0,0,0,0,0,86,"BAL","DET","BAL",0,"F","F",6,5,1,43,4,"T","F",1,4,"T","T","dills101","leflr101","T","T",5,7,85,0,0,0,0,0,0,"dempr001","","",0,0,0,0,0,0,0,0,0,0,0,0,1,"","F","F","F","F",0,4,0,0,0,0,0,0,0,0,F,T,"1978BAL.EVA.regular.event.csv",5691
"BAL197809220","DET",10,0,2,0,0,"",7,5,"dills101","?","dills101","?","stand101","?","stand101","?","dempr001","murre001","dauer001","decid001","belam101","roeng001","lopec101","singk001","","","trama001","13","F","F",4,9,2,"T","T",0,"F","F",1,"F","F",0,"F","F",1,"G","F","F","",0,0,"N",0,"N",0,"N",0,0,0,3,"13","","","","F","F","F","F","F","F","F","F","F","","","flanm001","F","F","F","F","F","","","","",0,3,0,0,1,0,0,0,0,87,"BAL","DET","BAL",0,"F","T",7,5,2,44,5,"T","F",4,4,"T","T","leflr101","wockj001","F","F",0,0,0,0,0,0,6,8,86,"","","dempr001",0,0,0,0,0,0,0,0,0,0,0,0,0,"stand101","F","F","F","F",0,0,0,0,0,0,0,0,0,0,F,F,"1978BAL.EVA.regular.event.csv",5692
"BAL197809220","DET",10,1,0,0,0,"",7,5,"decid001","?","decid001","?","hillj101","?","hillj101","?","parrl001","thomj001","dills101","rodra101","trama001","kemps001","leflr101","wockj001","","","","4","T","F",5,5,2,"T","T",0,"F","F",1,"F","F",0,"F","F",4,"F","F","F","",0,0,"N",0,"N",0,"N",0,0,0,0,"4","","","","F","F","F","F","F","F","F","F","F","","","","F","F","F","F","F","","","","",0,4,0,0,0,0,0,0,0,88,"BAL","BAL","DET",1,"T","F",5,7,0,40,0,"T","F",0,0,"T","T","may-l101","dempr001","F","F",0,0,0,0,0,0,0,0,0,"","","",0,0,0,0,0,0,0,0,0,0,0,0,0,"dills101","F","F","F","F",0,0,0,0,0,0,0,0,0,0,F,F,"1978BAL.EVA.regular.event.csv",5693
"BAL197809220","DET",10,1,1,0,0,"",7,5,"may-l101","?","may-l101","?","hillj101","?","hillj101","?","parrl001","thomj001","dills101","rodra101","trama001","kemps001","leflr101","wockj001","","","","D9","F","F",10,6,21,"T","T",2,"F","F",0,"F","F",0,"F","F",9,"","F","F","",0,0,"N",0,"N",0,"N",2,0,0,0,"","","","","F","F","F","F","F","F","F","F","F","","","","F","F","F","F","F","","","","",0,0,0,0,0,0,0,0,0,89,"BAL","BAL","DET",1,"F","F",5,7,0,41,1,"T","F",0,2,"T","T","dempr001","dauer001","F","F",0,0,0,0,0,0,0,0,0,"","","",0,0,0,0,0,0,0,0,0,0,0,0,0,"wockj001","F","F","F","F",3,0,0,0,0,0,0,0,0,0,F,F,"1978BAL.EVA.regular.event.csv",5694
"BAL197809220","DET",10,1,1,0,0,"",7,5,"dempr001","?","dempr001","?","hillj101","?","hillj101","?","parrl001","thomj001","dills101","rodra101","trama001","kemps001","leflr101","wockj001","","may-l101","","D7.2-3","F","F",2,7,21,"T","T",2,"F","F",0,"F","F",0,"F","F",7,"","F","F","",0,0,"N",0,"N",0,"N",2,0,3,0,"","","","","F","F","F","F","F","F","F","F","F","","hillj101","","F","F","F","F","F","","","","",0,0,0,0,0,0,0,0,0,90,"BAL","BAL","DET",1,"F","F",5,7,0,42,2,"T","F",2,6,"T","T","dauer001","belam101","F","F",0,0,0,10,6,89,0,0,0,"","parrl001","",0,0,0,0,0,0,0,0,0,0,0,0,0,"kemps001","F","F","F","F",2,0,3,0,0,0,0,0,0,0,F,F,"1978BAL.EVA.regular.event.csv",5695
"BAL197809220","DET",10,1,1,0,0,"",7,5,"dauer001","?","dauer001","?","hillj101","?","hillj101","?","parrl001","thomj001","dills101","rodra101","trama001","kemps001","leflr101","wockj001","","dimmm101","may-l101","W","F","F",4,8,14,"T","F",0,"F","F",0,"F","F",0,"F","F",0,"","F","F","",0,0,"N",0,"N",0,"N",1,0,2,3,"","","","","F","F","F","F","F","F","F","F","F","","hillj101","hillj101","F","F","F","T","F","","dempr001","","",0,0,0,0,0,0,0,0,0,91,"BAL","BAL","DET",1,"F","F",5,7,0,43,3,"T","F",6,7,"T","T","belam101","lopec101","F","F",0,0,0,0,7,90,10,6,89,"","parrl001","parrl001",0,0,0,0,0,0,0,0,0,0,0,0,0,"","F","F","F","F",1,0,2,3,0,0,0,0,0,0,F,F,"1978BAL.EVA.regular.event.csv",5696
"BAL197809220","DET",10,1,1,0,0,"",7,5,"moraa101","?","moraa101","?","hillj101","?","hillj101","?","parrl001","thomj001","dills101","rodra101","trama001","kemps001","leflr101","wockj001","garck001","dimmm101","may-l101","K","F","T",11,9,3,"T","T",0,"F","F",1,"F","F",0,"F","F",0,"","F","F","",0,0,"N",0,"N",0,"N",0,1,2,3,"2","","","","F","F","F","F","F","F","F","F","F","hillj101","hillj101","hillj101","F","F","T","F","F","dauer001","","","belam101",6,2,0,0,0,0,0,0,0,92,"BAL","BAL","DET",1,"F","F",5,7,0,44,4,"T","F",7,7,"F","F","lopec101","roeng001","F","F",12,8,91,12,7,90,10,6,89,"parrl001","parrl001","parrl001",0,0,0,0,0,0,0,0,0,0,0,0,0,"","F","F","F","F",0,1,2,3,0,0,0,0,0,0,F,F,"1978BAL.EVA.regular.event.csv",5697
"BAL197809220","DET",10,1,2,0,0,"",7,5,"lopec101","?","lopec101","?","hillj101","?","hillj101","?","parrl001","thomj001","dills101","rodra101","trama001","kemps001","leflr101","wockj001","garck001","dimmm101","may-l101","7","F","F",8,1,2,"T","T",0,"F","F",1,"F","F",0,"F","F",7,"F","F","F","",0,0,"N",0,"N",0,"N",0,1,2,3,"7","","","","F","F","F","F","F","F","F","F","F","hillj101","hillj101","hillj101","F","T","F","F","F","","","","",0,7,0,0,0,0,0,0,0,93,"BAL","BAL","DET",1,"F","T",5,7,0,45,5,"T","F",7,7,"F","F","roeng001","singk001","F","F",0,8,91,0,7,90,10,6,89,"parrl001","parrl001","parrl001",0,0,0,0,0,0,0,0,0,0,0,0,0,"kemps001","F","F","F","F",0,1,2,3,0,0,0,0,0,0,F,F,"1978BAL.EVA.regular.event.csv",5698
"BAL197809231","DET",1,0,0,0,0,"",0,0,"leflr101","?","leflr101","?","martd001","?","martd001","?","skagd101","murre001","dauer001","decid001","garck001","kellp101","harll101","singk001","","","","K/C","T","F",8,1,3,"T","T",0,"F","F",1,"F","F",0,"F","F",0,"","F","F","",0,0,"N",0,"N",0,"N",0,0,0,0,"2","","","","F","F","F","F","F","F","F","F","F","","","","T","F","F","F","F","","","","",0,2,0,0,0,0,0,0,0,1,"BAL","DET","BAL",0,"T","F",0,0,0,0,0,"T","F",0,0,"T","T","mankp101","staur001","T","T",0,0,0,0,0,0,0,0,0,"","","",0,0,0,0,0,0,0,0,0,0,0,0,0,"","F","F","F","F",0,0,0,0,0,0,0,0,0,0,F,F,"1978BAL.EVA.regular.event.csv",5699
"BAL197809231","DET",1,0,1,0,0,"",0,0,"mankp101","?","mankp101","?","martd001","?","martd001","?","skagd101","murre001","dauer001","decid001","garck001","kellp101","harll101","singk001","","","","7","F","F",5,2,2,"T","T",0,"F","F",1,"F","F",0,"F","F",7,"F","F","F","",0,0,"N",0,"N",0,"N",0,0,0,0,"7","","","","F","F","F","F","F","F","F","F","F","","","","F","F","F","F","F","","","","",0,7,0,0,0,0,0,0,0,2,"BAL","DET","BAL",0,"F","F",0,0,0,1,1,"T","F",0,0,"T","T","staur001","thomj001","T","T",0,0,0,0,0,0,0,0,0,"","","",0,0,0,0,0,0,0,0,0,0,0,0,0,"kellp101","F","F","F","F",0,0,0,0,0,0,0,0,0,0,F,F,"1978BAL.EVA.regular.event.csv",5700
"BAL197809231","DET",1,0,2,0,0,"",0,0,"staur001","?","staur001","?","martd001","?","martd001","?","skagd101","murre001","dauer001","decid001","garck001","kellp101","harll101","singk001","","","","4/L","F","F",10,3,2,"T","T",0,"F","F",1,"F","F",0,"F","F",4,"L","F","F","",0,0,"N",0,"N",0,"N",0,0,0,0,"4","","","","F","F","F","F","F","F","F","F","F","","","","F","F","F","F","F","","","","",0,4,0,0,0,0,0,0,0,3,"BAL","DET","BAL",0,"F","T",0,0,0,2,2,"T","F",0,0,"T","T","thomj001","kemps001","T","T",0,0,0,0,0,0,0,0,0,"","","",0,0,0,0,0,0,0,0,0,0,0,0,0,"dauer001","F","F","F","F",0,0,0,0,0,0,0,0,0,0,F,F,"1978BAL.EVA.regular.event.csv",5701
"BAL197809231","DET",1,1,0,0,0,"",0,0,"harll101","?","harll101","?","billj101","?","billj101","?","may-m001","thomj001","dills101","mankp101","trama001","kemps001","leflr101","corct001","","","","D9","T","F",8,1,21,"T","T",2,"F","F",0,"F","F",0,"F","F",9,"","F","F","",0,0,"N",0,"N",0,"N",2,0,0,0,"","","","","F","F","F","F","F","F","F","F","F","","","","F","F","F","F","F","","","","",0,0,0,0,0,0,0,0,0,4,"BAL","BAL","DET",1,"T","F",0,0,0,0,0,"T","F",0,2,"T","T","kellp101","singk001","T","T",0,0,0,0,0,0,0,0,0,"","","",0,0,0,0,0,0,0,0,0,0,0,0,0,"corct001","F","F","F","F",0,0,0,0,0,0,0,0,0,0,F,F,"1978BAL.EVA.regular.event.csv",5702
"BAL197809231","DET",1,1,0,0,0,"",0,0,"kellp101","?","kellp101","?","billj101","?","billj101","?","may-m001","thomj001","dills101","mankp101","trama001","kemps001","leflr101","corct001","","harll101","","K","F","F",7,2,3,"T","T",0,"F","F",1,"F","F",0,"F","F",0,"","F","F","",0,0,"N",0,"N",0,"N",0,0,2,0,"2","","","","F","F","F","F","F","F","F","F","F","","billj101","","F","F","F","F","F","","","","",0,2,0,0,0,0,0,0,0,5,"BAL","BAL","DET",1,"F","F",0,0,0,1,1,"T","F",2,2,"T","T","singk001","murre001","T","T",0,0,0,8,1,4,0,0,0,"","may-m001","",0,0,0,0,0,0,0,0,0,0,0,0,0,"","F","F","F","F",0,0,0,0,0,0,0,0,0,0,F,F,"1978BAL.EVA.regular.event.csv",5703
"BAL197809231","DET",1,1,1,0,0,"",0,0,"singk001","?","singk001","?","billj101","?","billj101","?","may-m001","thomj001","dills101","mankp101","trama001","kemps001","leflr101","corct001","","harll101","","43.2-3","F","F",9,3,2,"T","T",0,"F","F",1,"F","F",0,"F","F",4,"G","F","F","",0,0,"N",0,"N",0,"N",0,0,3,0,"43","","","","F","F","F","F","F","F","F","F","F","","billj101","","F","F","F","F","F","","","","",0,3,0,0,4,0,0,0,0,6,"BAL","BAL","DET",1,"F","F",0,0,0,2,2,"T","F",2,4,"T","T","murre001","decid001","T","T",0,0,0,8,1,4,0,0,0,"","may-m001","",0,0,0,0,0,0,0,0,0,0,0,0,0,"dills101","F","F","F","F",0,0,0,0,0,0,0,0,0,0,F,F,"1978BAL.EVA.regular.event.csv",5704
"BAL197809231","DET",1,1,2,0,0,"",0,0,"murre001","?","murre001","?","billj101","?","billj101","?","may-m001","thomj001","dills101","mankp101","trama001","kemps001","leflr101","corct001","","","harll101","W","F","F",3,4,14,"T","F",0,"F","F",0,"F","F",0,"F","F",0,"","F","F","",0,0,"N",0,"N",0,"N",1,0,0,3,"","","","","F","F","F","F","F","F","F","F","F","","","billj101","F","F","F","F","F","","","","",0,0,0,0,0,0,0,0,0,7,"BAL","BAL","DET",1,"F","F",0,0,0,3,3,"T","F",4,5,"T","T","decid001","may-l101","T","T",0,0,0,0,0,0,8,1,4,"","","may-m001",0,0,0,0,0,0,0,0,0,0,0,0,0,"","F","F","F","F",0,0,0,0,0,0,0,0,0,0,F,F,"1978BAL.EVA.regular.event.csv",5705
"BAL197809231","DET",1,1,2,0,0,"",0,0,"decid001","?","decid001","?","billj101","?","billj101","?","may-m001","thomj001","dills101","mankp101","trama001","kemps001","leflr101","corct001","murre001","","harll101","7","F","F",5,5,2,"T","T",0,"F","F",1,"F","F",0,"F","F",7,"F","F","F","",0,0,"N",0,"N",0,"N",0,1,0,3,"7","","","","F","F","F","F","F","F","F","F","F","billj101","","billj101","F","F","F","F","F","","","","",0,7,0,0,0,0,0,0,0,8,"BAL","BAL","DET",1,"F","T",0,0,0,4,4,"T","F",5,5,"T","T","may-l101","garck001","T","T",3,4,7,0,0,0,8,1,4,"may-m001","","may-m001",0,0,0,0,0,0,0,0,0,0,0,0,0,"kemps001","F","F","F","F",0,0,0,0,0,0,0,0,0,0,F,F,"1978BAL.EVA.regular.event.csv",5706
"BAL197809231","DET",2,0,0,0,0,"",0,0,"thomj001","?","thomj001","?","martd001","?","martd001","?","skagd101","murre001","dauer001","decid001","garck001","kellp101","harll101","singk001","","","","13","T","F",3,4,2,"T","T",0,"F","F",1,"F","F",0,"F","F",1,"G","F","F","",0,0,"N",0,"N",0,"N",0,0,0,0,"13","","","","F","F","F","F","F","F","F","F","F","","","","F","F","F","F","F","","","","",0,3,0,0,1,0,0,0,0,9,"BAL","DET","BAL",0,"T","F",0,0,0,3,0,"T","F",0,0,"T","T","kemps001","may-m001","T","T",0,0,0,0,0,0,0,0,0,"","","",0,0,0,0,0,0,0,0,0,0,0,0,0,"martd001","F","F","F","F",0,0,0,0,0,0,0,0,0,0,F,F,"1978BAL.EVA.regular.event.csv",5707
"BAL197809231","DET",2,0,1,0,0,"",0,0,"kemps001","?","kemps001","?","martd001","?","martd001","?","skagd101","murre001","dauer001","decid001","garck001","kellp101","harll101","singk001","","","","3/G","F","F",7,5,2,"T","T",0,"F","F",1,"F","F",0,"F","F",3,"G","F","F","",0,0,"N",0,"N",0,"N",0,0,0,0,"3","","","","F","F","F","F","F","F","F","F","F","","","","F","F","F","F","F","","","","",0,3,0,0,0,0,0,0,0,10,"BAL","DET","BAL",0,"F","F",0,0,0,4,1,"T","F",0,0,"T","T","may-m001","corct001","T","T",0,0,0,0,0,0,0,0,0,"","","",0,0,0,0,0,0,0,0,0,0,0,0,0,"murre001","F","F","F","F",0,0,0,0,0,0,0,0,0,0,F,F,"1978BAL.EVA.regular.event.csv",5708
"BAL197809231","DET",2,0,2,0,0,"",0,0,"may-m001","?","may-m001","?","martd001","?","martd001","?","skagd101","murre001","dauer001","decid001","garck001","kellp101","harll101","singk001","","","","53","F","F",2,6,2,"T","T",0,"F","F",1,"F","F",0,"F","F",5,"G","F","F","",0,0,"N",0,"N",0,"N",0,0,0,0,"53","","","","F","F","F","F","F","F","F","F","F","","","","F","F","F","F","F","","","","",0,3,0,0,5,0,0,0,0,11,"BAL","DET","BAL",0,"F","T",0,0,0,5,2,"T","F",0,0,"T","T","corct001","trama001","T","T",0,0,0,0,0,0,0,0,0,"","","",0,0,0,0,0,0,0,0,0,0,0,0,0,"decid001","F","F","F","F",0,0,0,0,0,0,0,0,0,0,F,F,"1978BAL.EVA.regular.event.csv",5709
"BAL197809231","DET",2,1,0,0,0,"",0,0,"may-l101","?","may-l101","?","billj101","?","billj101","?","may-m001","thomj001","dills101","mankp101","trama001","kemps001","leflr101","corct001","","","","K","T","F",10,6,3,"T","T",0,"F","F",1,"F","F",0,"F","F",0,"","F","F","",0,0,"N",0,"N",0,"N",0,0,0,0,"2","","","","F","F","F","F","F","F","F","F","F","","","","F","F","F","F","F","","","","",0,2,0,0,0,0,0,0,0,12,"BAL","BAL","DET",1,"T","F",0,0,0,5,0,"T","F",0,0,"T","T","garck001","dauer001","T","T",0,0,0,0,0,0,0,0,0,"","","",0,0,0,0,0,0,0,0,0,0,0,0,0,"","F","F","F","F",0,0,0,0,0,0,0,0,0,0,F,F,"1978BAL.EVA.regular.event.csv",5710
"BAL197809231","DET",2,1,1,0,0,"",0,0,"garck001","?","garck001","?","billj101","?","billj101","?","may-m001","thomj001","dills101","mankp101","trama001","kemps001","leflr101","corct001","","","","4","F","F",6,7,2,"T","T",0,"F","F",1,"F","F",0,"F","F",4,"F","F","F","",0,0,"N",0,"N",0,"N",0,0,0,0,"4","","","","F","F","F","F","F","F","F","F","F","","","","F","F","F","F","F","","","","",0,4,0,0,0,0,0,0,0,13,"BAL","BAL","DET",1,"F","F",0,0,0,6,1,"T","F",0,0,"T","T","dauer001","skagd101","T","T",0,0,0,0,0,0,0,0,0,"","","",0,0,0,0,0,0,0,0,0,0,0,0,0,"dills101","F","F","F","F",0,0,0,0,0,0,0,0,0,0,F,F,"1978BAL.EVA.regular.event.csv",5711
"BAL197809231","DET",2,1,2,0,0,"",0,0,"dauer001","?","dauer001","?","billj101","?","billj101","?","may-m001","thomj001","dills101","mankp101","trama001","kemps001","leflr101","corct001","","","","8/L","F","F",4,8,2,"T","T",0,"F","F",1,"F","F",0,"F","F",8,"L","F","F","",0,0,"N",0,"N",0,"N",0,0,0,0,"8","","","","F","F","F","F","F","F","F","F","F","","","","F","F","F","F","F","","","","",0,8,0,0,0,0,0,0,0,14,"BAL","BAL","DET",1,"F","T",0,0,0,7,2,"T","F",0,0,"T","T","skagd101","harll101","T","T",0,0,0,0,0,0,0,0,0,"","","",0,0,0,0,0,0,0,0,0,0,0,0,0,"leflr101","F","F","F","F",0,0,0,0,0,0,0,0,0,0,F,F,"1978BAL.EVA.regular.event.csv",5712
"BAL197809231","DET",3,0,0,0,0,"",0,0,"corct001","?","corct001","?","martd001","?","martd001","?","skagd101","murre001","dauer001","decid001","garck001","kellp101","harll101","singk001","","","","K/C","T","F",9,7,3,"T","T",0,"F","F",1,"F","F",0,"F","F",0,"","F","F","",0,0,"N",0,"N",0,"N",0,0,0,0,"2","","","","F","F","F","F","F","F","F","F","F","","","","F","F","F","F","F","","","","",0,2,0,0,0,0,0,0,0,15,"BAL","DET","BAL",0,"T","F",0,0,0,6,0,"T","F",0,0,"T","T","trama001","dills101","T","T",0,0,0,0,0,0,0,0,0,"","","",0,0,0,0,0,0,0,0,0,0,0,0,0,"","F","F","F","F",0,0,0,0,0,0,0,0,0,0,F,F,"1978BAL.EVA.regular.event.csv",5713
"BAL197809231","DET",3,0,1,0,0,"",0,0,"trama001","?","trama001","?","martd001","?","martd001","?","skagd101","murre001","dauer001","decid001","garck001","kellp101","harll101","singk001","","","","53","F","F",6,8,2,"T","T",0,"F","F",1,"F","F",0,"F","F",5,"G","F","F","",0,0,"N",0,"N",0,"N",0,0,0,0,"53","","","","F","F","F","F","F","F","F","F","F","","","","F","F","F","F","F","","","","",0,3,0,0,5,0,0,0,0,16,"BAL","DET","BAL",0,"F","F",0,0,0,7,1,"T","F",0,0,"T","T","dills101","leflr101","T","T",0,0,0,0,0,0,0,0,0,"","","",0,0,0,0,0,0,0,0,0,0,0,0,0,"decid001","F","F","F","F",0,0,0,0,0,0,0,0,0,0,F,F,"1978BAL.EVA.regular.event.csv",5714
"BAL197809231","DET",3,0,2,0,0,"",0,0,"dills101","?","dills101","?","martd001","?","martd001","?","skagd101","murre001","dauer001","decid001","garck001","kellp101","harll101","singk001","","","","7","F","F",4,9,2,"T","T",0,"F","F",1,"F","F",0,"F","F",7,"F","F","F","",0,0,"N",0,"N",0,"N",0,0,0,0,"7","","","","F","F","F","F","F","F","F","F","F","","","","F","F","F","F","F","","","","",0,7,0,0,0,0,0,0,0,17,"BAL","DET","BAL",0,"F","T",0,0,0,8,2,"T","F",0,0,"T","T","leflr101","mankp101","T","T",0,0,0,0,0,0,0,0,0,"","","",0,0,0,0,0,0,0,0,0,0,0,0,0,"kellp101","F","F","F","F",0,0,0,0,0,0,0,0,0,0,F,F,"1978BAL.EVA.regular.event.csv",5715
"BAL197809231","DET",3,1,0,0,0,"",0,0,"skagd101","?","skagd101","?","billj101","?","billj101","?","may-m001","thomj001","dills101","mankp101","trama001","kemps001","leflr101","corct001","","","","T9","T","F",2,9,22,"T","T",3,"F","F",0,"F","F",0,"F","F",9,"","F","F","",0,0,"N",0,"N",0,"N",3,0,0,0,"","","","","F","F","F","F","F","F","F","F","F","","","","F","F","F","F","F","","","","",0,0,0,0,0,0,0,0,0,18,"BAL","BAL","DET",1,"T","F",0,0,0,8,0,"T","F",0,4,"T","T","harll101","kellp101","T","T",0,0,0,0,0,0,0,0,0,"","","",0,0,0,0,0,0,0,0,0,0,0,0,0,"corct001","F","F","F","F",4,0,0,0,1,0,0,0,0,0,F,F,"1978BAL.EVA.regular.event.csv",5716
"BAL197809231","DET",3,1,0,0,0,"",0,0,"harll101","?","harll101","?","billj101","?","billj101","?","may-m001","thomj001","dills101","mankp101","trama001","kemps001","leflr101","corct001","","","skagd101","63","F","F",8,1,2,"T","T",0,"F","F",1,"F","F",0,"F","F",6,"G","F","F","",0,0,"N",0,"N",0,"N",0,0,0,3,"63","","","","F","F","F","F","F","F","F","F","F","","","billj101","F","F","F","F","F","","","","",0,3,0,0,6,0,0,0,0,19,"BAL","BAL","DET",1,"F","F",0,0,0,9,1,"T","F",4,4,"T","T","kellp101","singk001","T","T",0,0,0,0,0,0,2,9,18,"","","may-m001",0,0,0,0,0,0,0,0,0,0,0,0,0,"trama001","F","F","F","F",0,0,0,4,1,0,0,0,0,0,F,F,"1978BAL.EVA.regular.event.csv",5717
"BAL197809231","DET",3,1,1,0,0,"",0,0,"kellp101","?","kellp101","?","billj101","?","billj101","?","may-m001","thomj001","dills101","mankp101","trama001","kemps001","leflr101","corct001","","","skagd101","S9.3-H","F","F",7,2,20,"T","T",1,"F","F",0,"F","F",1,"F","F",9,"","F","F","",0,0,"N",0,"N",0,"N",1,0,0,4,"","","","","F","F","F","F","F","F","F","F","F","","","billj101","F","F","F","F","F","","","","",0,0,0,0,0,0,0,0,0,20,"BAL","BAL","DET",1,"F","F",0,0,0,10,2,"T","F",4,1,"T","T","singk001","murre001","T","T",0,0,0,0,0,0,2,9,18,"","","may-m001",0,0,0,0,0,0,0,0,0,0,0,0,1,"corct001","F","F","F","F",0,0,0,4,0,0,0,0,0,0,F,F,"1978BAL.EVA.regular.event.csv",5718
"BAL197809231","DET",3,1,1,0,0,"",0,1,"singk001","?","singk001","?","billj101","?","billj101","?","may-m001","thomj001","dills101","mankp101","trama001","kemps001","leflr101","corct001","kellp101","","","CS2(26)","F","F",9,3,6,"F","F",0,"F","F",1,"F","F",0,"F","F",0,"","F","F","",0,0,"N",0,"N",0,"N",0,0,0,0,"","26","","","F","F","F","T","F","F","F","F","F","billj101","","","F","F","F","F","F","","","","",0,6,0,0,2,0,0,0,0,21,"BAL","BAL","DET",1,"F","F",1,0,1,11,3,"T","F",1,0,"T","T","murre001","decid001","T","T",7,2,20,0,0,0,0,0,0,"may-m001","","",0,0,0,0,0,0,0,0,0,0,0,0,0,"","F","F","F","F",0,0,0,0,0,0,0,0,0,0,F,F,"1978BAL.EVA.regular.event.csv",5719
"BAL197809231","DET",3,1,2,0,0,"",0,1,"singk001","?","singk001","?","billj101","?","billj101","?","may-m001","thomj001","dills101","mankp101","trama001","kemps001","leflr101","corct001","","","","S8","F","F",9,3,20,"T","T",1,"F","F",0,"F","F",0,"F","F",8,"","F","F","",0,0,"N",0,"N",0,"N",1,0,0,0,"","","","","F","F","F","F","F","F","F","F","F","","","","F","F","F","F","F","","","","",0,0,0,0,0,0,0,0,0,22,"BAL","BAL","DET",1,"F","F",1,0,1,11,3,"F","F",0,1,"T","T","murre001","decid001","T","T",0,0,0,0,0,0,0,0,0,"","","",0,0,0,0,0,0,0,0,0,0,0,0,0,"leflr101","F","F","F","F",0,0,0,0,0,0,0,0,0,0,F,F,"1978BAL.EVA.regular.event.csv",5720
"BAL197809231","DET",3,1,2,0,0,"",0,1,"murre001","?","murre001","?","billj101","?","billj101","?","may-m001","thomj001","dills101","mankp101","trama001","kemps001","leflr101","corct001","singk001","","","3/L","F","F",3,4,2,"T","T",0,"F","F",1,"F","F",0,"F","F",3,"L","F","F","",0,0,"N",0,"N",0,"N",0,1,0,0,"3","","","","F","F","F","F","F","F","F","F","F","billj101","","","F","F","F","F","F","","","","",0,3,0,0,0,0,0,0,0,23,"BAL","BAL","DET",1,"F","T",1,0,1,12,4,"T","F",1,1,"T","T","decid001","may-l101","T","T",9,3,22,0,0,0,0,0,0,"may-m001","","",0,0,0,0,0,0,0,0,0,0,0,0,0,"thomj001","F","F","F","F",0,0,0,0,0,0,0,0,0,0,F,F,"1978BAL.EVA.regular.event.csv",5721
"BAL197809231","DET",4,0,0,0,0,"",0,1,"leflr101","?","leflr101","?","martd001","?","martd001","?","skagd101","murre001","dauer001","decid001","garck001","kellp101","harll101","singk001","","","","W","T","F",8,1,14,"T","F",0,"F","F",0,"F","F",0,"F","F",0,"","F","F","",0,0,"N",0,"N",0,"N",1,0,0,0,"","","","","F","F","F","F","F","F","F","F","F","","","","F","F","F","F","F","","","","",0,0,0,0,0,0,0,0,0,24,"BAL","DET","BAL",0,"T","F",0,1,0,9,0,"T","F",0,1,"T","T","mankp101","staur001","T","T",0,0,0,0,0,0,0,0,0,"","","",0,0,0,0,0,0,0,0,0,0,0,0,0,"","F","F","F","F",0,0,0,0,0,0,0,0,0,0,F,F,"1978BAL.EVA.regular.event.csv",5722
"BAL197809231","DET",4,0,0,0,0,"",0,1,"mankp101","?","mankp101","?","martd001","?","martd001","?","skagd101","murre001","dauer001","decid001","garck001","kellp101","harll101","singk001","leflr101","","","SB2#","F","F",5,2,4,"F","F",0,"F","F",0,"F","F",0,"F","F",0,"","F","F","",0,0,"N",0,"N",0,"N",0,2,0,0,"","","","","T","F","F","F","F","F","F","F","F","martd001","","","F","F","F","F","F","","","","",0,0,0,0,0,0,0,0,0,25,"BAL","DET","BAL",0,"F","F",0,1,0,10,1,"T","F",1,2,"T","T","staur001","thomj001","T","T",8,1,24,0,0,0,0,0,0,"skagd101","","",0,0,0,0,0,0,0,0,0,0,0,0,0,"","F","F","F","F",0,0,0,0,0,0,0,0,0,0,F,T,"1978BAL.EVA.regular.event.csv",5723
"BAL197809231","DET",4,0,0,0,0,"",0,1,"mankp101","?","mankp101","?","martd001","?","martd001","?","skagd101","murre001","dauer001","decid001","garck001","kellp101","harll101","singk001","","leflr101","","5","F","F",5,2,2,"T","T",0,"F","F",1,"F","F",0,"F","F",5,"F","F","F","",0,0,"N",0,"N",0,"N",0,0,2,0,"5","","","","F","F","F","F","F","F","F","F","F","","martd001","","F","F","F","F","F","","","","",0,5,0,0,0,0,0,0,0,26,"BAL","DET","BAL",0,"F","F",0,1,0,10,1,"F","F",2,2,"T","T","staur001","thomj001","T","T",0,0,0,8,1,24,0,0,0,"","skagd101","",0,0,0,0,0,0,0,0,0,0,0,0,0,"decid001","F","F","F","F",0,0,0,0,0,0,0,0,0,0,F,F,"1978BAL.EVA.regular.event.csv",5724
"BAL197809231","DET",4,0,1,0,0,"",0,1,"staur001","?","staur001","?","martd001","?","martd001","?","skagd101","murre001","dauer001","decid001","garck001","kellp101","harll101","singk001","","leflr101","","7","F","F",10,3,2,"T","T",0,"F","F",1,"F","F",0,"F","F",7,"F","F","F","",0,0,"N",0,"N",0,"N",0,0,2,0,"7","","","","F","F","F","F","F","F","F","F","F","","martd001","","F","F","F","F","F","","","","",0,7,0,0,0,0,0,0,0,27,"BAL","DET","BAL",0,"F","F",0,1,0,11,2,"T","F",2,2,"T","T","thomj001","kemps001","T","T",0,0,0,8,1,24,0,0,0,"","skagd101","",0,0,0,0,0,0,0,0,0,0,0,0,0,"kellp101","F","F","F","F",0,0,0,0,0,0,0,0,0,0,F,F,"1978BAL.EVA.regular.event.csv",5725
"BAL197809231","DET",4,0,2,0,0,"",0,1,"thomj001","?","thomj001","?","martd001","?","martd001","?","skagd101","murre001","dauer001","decid001","garck001","kellp101","harll101","singk001","","leflr101","","13","F","F",3,4,2,"T","T",0,"F","F",1,"F","F",0,"F","F",1,"G","F","F","",0,0,"N",0,"N",0,"N",0,0,2,0,"13","","","","F","F","F","F","F","F","F","F","F","","martd001","","F","F","F","F","F","","","","",0,3,0,0,1,0,0,0,0,28,"BAL","DET","BAL",0,"F","T",0,1,0,12,3,"T","F",2,2,"T","T","kemps001","may-m001","T","T",0,0,0,8,1,24,0,0,0,"","skagd101","",0,0,0,0,0,0,0,0,0,0,0,0,0,"martd001","F","F","F","F",0,0,0,0,0,0,0,0,0,0,F,F,"1978BAL.EVA.regular.event.csv",5726
"BAL197809231","DET",4,1,0,0,0,"",0,1,"decid001","?","decid001","?","billj101","?","billj101","?","may-m001","thomj001","dills101","mankp101","trama001","kemps001","leflr101","corct001","","","","K","T","F",5,5,3,"T","T",0,"F","F",1,"F","F",0,"F","F",0,"","F","F","",0,0,"N",0,"N",0,"N",0,0,0,0,"2","","","","F","F","F","F","F","F","F","F","F","","","","F","F","F","F","F","","","","",0,2,0,0,0,0,0,0,0,29,"BAL","BAL","DET",1,"T","F",1,0,0,13,0,"T","F",0,0,"T","T","may-l101","garck001","T","T",0,0,0,0,0,0,0,0,0,"","","",0,0,0,0,0,0,0,0,0,0,0,0,0,"","F","F","F","F",0,0,0,0,0,0,0,0,0,0,F,F,"1978BAL.EVA.regular.event.csv",5727
"BAL197809231","DET",4,1,1,0,0,"",0,1,"may-l101","?","may-l101","?","billj101","?","billj101","?","may-m001","thomj001","dills101","mankp101","trama001","kemps001","leflr101","corct001","","","","63","F","F",10,6,2,"T","T",0,"F","F",1,"F","F",0,"F","F",6,"G","F","F","",0,0,"N",0,"N",0,"N",0,0,0,0,"63","","","","F","F","F","F","F","F","F","F","F","","","","F","F","F","F","F","","","","",0,3,0,0,6,0,0,0,0,30,"BAL","BAL","DET",1,"F","F",1,0,0,14,1,"T","F",0,0,"T","T","garck001","dauer001","T","T",0,0,0,0,0,0,0,0,0,"","","",0,0,0,0,0,0,0,0,0,0,0,0,0,"trama001","F","F","F","F",0,0,0,0,0,0,0,0,0,0,F,F,"1978BAL.EVA.regular.event.csv",5728
"BAL197809231","DET",4,1,2,0,0,"",0,1,"garck001","?","garck001","?","billj101","?","billj101","?","may-m001","thomj001","dills101","mankp101","trama001","kemps001","leflr101","corct001","","","","S1#","F","F",6,7,20,"T","T",1,"F","F",0,"F","F",0,"F","F",1,"","F","F","",0,0,"N",0,"N",0,"N",1,0,0,0,"","","","","F","F","F","F","F","F","F","F","F","","","","F","F","F","F","F","","","","",0,0,0,0,0,0,0,0,0,31,"BAL","BAL","DET",1,"F","F",1,0,0,15,2,"T","F",0,1,"T","T","dauer001","skagd101","T","T",0,0,0,0,0,0,0,0,0,"","","",0,0,0,0,0,0,0,0,0,0,0,0,0,"billj101","F","F","F","F",0,0,0,0,0,0,0,0,0,0,F,T,"1978BAL.EVA.regular.event.csv",5729
"BAL197809231","DET",4,1,2,0,0,"",0,1,"dauer001","?","dauer001","?","billj101","?","billj101","?","may-m001","thomj001","dills101","mankp101","trama001","kemps001","leflr101","corct001","garck001","","","13","F","F",4,8,2,"T","T",0,"F","F",1,"F","F",0,"F","F",1,"G","F","F","",0,0,"N",0,"N",0,"N",0,1,0,0,"13","","","","F","F","F","F","F","F","F","F","F","billj101","","","F","F","F","F","F","","","","",0,3,0,0,1,0,0,0,0,32,"BAL","BAL","DET",1,"F","T",1,0,0,16,3,"T","F",1,1,"T","T","skagd101","harll101","T","T",6,7,31,0,0,0,0,0,0,"may-m001","","",0,0,0,0,0,0,0,0,0,0,0,0,0,"billj101","F","F","F","F",0,0,0,0,0,0,0,0,0,0,F,F,"1978BAL.EVA.regular.event.csv",5730
"BAL197809231","DET",5,0,0,0,0,"",0,1,"kemps001","?","kemps001","?","martd001","?","martd001","?","skagd101","murre001","dauer001","decid001","garck001","kellp101","harll101","singk001","","","","K","T","F",7,5,3,"T","T",0,"F","F",1,"F","F",0,"F","F",0,"","F","F","",0,0,"N",0,"N",0,"N",0,0,0,0,"2","","","","F","F","F","F","F","F","F","F","F","","","","F","F","F","F","F","","","","",0,2,0,0,0,0,0,0,0,33,"BAL","DET","BAL",0,"T","F",0,1,0,13,0,"T","F",0,0,"T","T","may-m001","corct001","T","T",0,0,0,0,0,0,0,0,0,"","","",0,0,0,0,0,0,0,0,0,0,0,0,0,"","F","F","F","F",0,0,0,0,0,0,0,0,0,0,F,F,"1978BAL.EVA.regular.event.csv",5731
"BAL197809231","DET",5,0,1,0,0,"",0,1,"may-m001","?","may-m001","?","martd001","?","martd001","?","skagd101","murre001","dauer001","decid001","garck001","kellp101","harll101","singk001","","","","43","F","F",2,6,2,"T","T",0,"F","F",1,"F","F",0,"F","F",4,"G","F","F","",0,0,"N",0,"N",0,"N",0,0,0,0,"43","","","","F","F","F","F","F","F","F","F","F","","","","F","F","F","F","F","","","","",0,3,0,0,4,0,0,0,0,34,"BAL","DET","BAL",0,"F","F",0,1,0,14,1,"T","F",0,0,"T","T","corct001","trama001","T","T",0,0,0,0,0,0,0,0,0,"","","",0,0,0,0,0,0,0,0,0,0,0,0,0,"dauer001","F","F","F","F",0,0,0,0,0,0,0,0,0,0,F,F,"1978BAL.EVA.regular.event.csv",5732
"BAL197809231","DET",5,0,2,0,0,"",0,1,"corct001","?","corct001","?","martd001","?","martd001","?","skagd101","murre001","dauer001","decid001","garck001","kellp101","harll101","singk001","","","","S9","F","F",9,7,20,"T","T",1,"F","F",0,"F","F",0,"F","F",9,"","F","F","",0,0,"N",0,"N",0,"N",1,0,0,0,"","","","","F","F","F","F","F","F","F","F","F","","","","F","F","F","F","F","","","","",0,0,0,0,0,0,0,0,0,35,"BAL","DET","BAL",0,"F","F",0,1,0,15,2,"T","F",0,1,"T","T","trama001","dills101","T","T",0,0,0,0,0,0,0,0,0,"","","",0,0,0,0,0,0,0,0,0,0,0,0,0,"singk001","F","F","F","F",0,0,0,0,0,0,0,0,0,0,F,F,"1978BAL.EVA.regular.event.csv",5733
"BAL197809231","DET",5,0,2,0,0,"",0,1,"trama001","?","trama001","?","martd001","?","martd001","?","skagd101","murre001","dauer001","decid001","garck001","kellp101","harll101","singk001","corct001","","","S9.1-2","F","F",6,8,20,"T","T",1,"F","F",0,"F","F",0,"F","F",9,"","F","F","",0,0,"N",0,"N",0,"N",1,2,0,0,"","","","","F","F","F","F","F","F","F","F","F","martd001","","","F","F","F","F","F","","","","",0,0,0,0,0,0,0,0,0,36,"BAL","DET","BAL",0,"F","F",0,1,0,16,3,"T","F",1,3,"T","T","dills101","leflr101","T","T",9,7,35,0,0,0,0,0,0,"skagd101","","",0,0,0,0,0,0,0,0,0,0,0,0,0,"singk001","F","F","F","F",0,0,0,0,0,0,0,0,0,0,F,F,"1978BAL.EVA.regular.event.csv",5734
"BAL197809231","DET",5,0,2,0,0,"",0,1,"dills101","?","dills101","?","martd001","?","martd001","?","skagd101","murre001","dauer001","decid001","garck001","kellp101","harll101","singk001","trama001","corct001","","2/FL","F","F",4,9,2,"T","T",0,"F","F",1,"F","F",0,"F","F",2,"F","F","T","",0,0,"N",0,"N",0,"N",0,1,2,0,"2","","","","F","F","F","F","F","F","F","F","F","martd001","martd001","","F","F","F","F","F","","","","",0,2,0,0,0,0,0,0,0,37,"BAL","DET","BAL",0,"F","T",0,1,0,17,4,"T","F",3,3,"T","T","leflr101","mankp101","T","T",6,8,36,9,7,35,0,0,0,"skagd101","skagd101","",0,0,0,0,0,0,0,0,0,0,0,0,0,"skagd101","F","F","F","F",0,0,0,0,0,0,0,0,0,0,F,F,"1978BAL.EVA.regular.event.csv",5735
"BAL197809231","DET",5,1,0,0,0,"",0,1,"skagd101","?","skagd101","?","billj101","?","billj101","?","may-m001","thomj001","dills101","mankp101","trama001","kemps001","leflr101","corct001","","","","S8","T","F",2,9,20,"T","T",1,"F","F",0,"F","F",0,"F","F",8,"","F","F","",0,0,"N",0,"N",0,"N",1,0,0,0,"","","","","F","F","F","F","F","F","F","F","F","","","","F","F","F","F","F","","","","",0,0,0,0,0,0,0,0,0,38,"BAL","BAL","DET",1,"T","F",1,0,0,17,0,"T","F",0,1,"T","T","harll101","kellp101","T","T",0,0,0,0,0,0,0,0,0,"","","",0,0,0,0,0,0,0,0,0,0,0,0,0,"leflr101","F","F","F","F",0,0,0,0,0,0,0,0,0,0,F,F,"1978BAL.EVA.regular.event.csv",5736
"BAL197809231","DET",5,1,0,0,0,"",0,1,"harll101","?","harll101","?","billj101","?","billj101","?","may-m001","thomj001","dills101","mankp101","trama001","kemps001","leflr101","corct001","skagd101","","","36(1)3/GDP","F","F",8,1,2,"T","T",0,"F","F",2,"T","F",0,"F","F",3,"G","F","F","",0,0,"N",0,"N",0,"N",0,0,0,0,"63","36","","","F","F","F","F","F","F","F","F","F","billj101","","","F","F","F","F","F","","","","",0,6,3,0,3,6,0,0,0,39,"BAL","BAL","DET",1,"F","F",1,0,0,18,1,"T","F",1,0,"T","T","kellp101","singk001","T","T",2,9,38,0,0,0,0,0,0,"may-m001","","",0,0,0,0,0,0,0,0,0,0,0,0,0,"thomj001","T","F","F","F",0,0,0,0,0,0,0,0,0,0,F,F,"1978BAL.EVA.regular.event.csv",5737
"BAL197809231","DET",5,1,2,0,0,"",0,1,"kellp101","?","kellp101","?","billj101","?","billj101","?","may-m001","thomj001","dills101","mankp101","trama001","kemps001","leflr101","corct001","","","","7","F","F",7,2,2,"T","T",0,"F","F",1,"F","F",0,"F","F",7,"F","F","F","",0,0,"N",0,"N",0,"N",0,0,0,0,"7","","","","F","F","F","F","F","F","F","F","F","","","","F","F","F","F","F","","","","",0,7,0,0,0,0,0,0,0,40,"BAL","BAL","DET",1,"F","T",1,0,0,19,2,"T","F",0,0,"T","T","singk001","murre001","T","T",0,0,0,0,0,0,0,0,0,"","","",0,0,0,0,0,0,0,0,0,0,0,0,0,"kemps001","F","F","F","F",0,0,0,0,0,0,0,0,0,0,F,F,"1978BAL.EVA.regular.event.csv",5738
"BAL197809231","DET",6,0,0,0,0,"",0,1,"leflr101","?","leflr101","?","martd001","?","martd001","?","skagd101","murre001","dauer001","decid001","garck001","kellp101","harll101","singk001","","","","S8","T","F",8,1,20,"T","T",1,"F","F",0,"F","F",0,"F","F",8,"","F","F","",0,0,"N",0,"N",0,"N",1,0,0,0,"","","","","F","F","F","F","F","F","F","F","F","","","","F","F","F","F","F","","","","",0,0,0,0,0,0,0,0,0,41,"BAL","DET","BAL",0,"T","F",0,1,0,18,0,"T","F",0,1,"T","T","mankp101","staur001","T","T",0,0,0,0,0,0,0,0,0,"","","",0,0,0,0,0,0,0,0,0,0,0,0,0,"harll101","F","F","F","F",4,0,0,0,1,0,0,0,0,0,F,F,"1978BAL.EVA.regular.event.csv",5739
"BAL197809231","DET",6,0,0,0,0,"",0,1,"mankp101","?","mankp101","?","martd001","?","martd001","?","skagd101","murre001","dauer001","decid001","garck001","kellp101","harll101","singk001","leflr101","","","S9.1-3","F","F",5,2,20,"T","T",1,"F","F",0,"F","F",0,"F","F",9,"","F","F","",0,0,"N",0,"N",0,"N",1,3,0,0,"","","","","F","F","F","F","F","F","F","F","F","martd001","","","F","F","F","F","F","","","","",0,0,0,0,0,0,0,0,0,42,"BAL","DET","BAL",0,"F","F",0,1,0,19,1,"T","F",1,5,"T","T","staur001","thomj001","T","T",8,1,41,0,0,0,0,0,0,"skagd101","","",0,0,0,0,0,0,0,0,0,0,0,0,0,"singk001","F","F","F","F",0,4,0,0,1,0,0,0,0,0,F,F,"1978BAL.EVA.regular.event.csv",5740
"BAL197809231","DET",6,0,0,0,0,"",0,1,"staur001","?","staur001","?","martd001","?","martd001","?","skagd101","murre001","dauer001","decid001","garck001","kellp101","harll101","singk001","mankp101","","leflr101","8","F","F",10,3,2,"T","T",0,"F","F",1,"F","F",0,"F","F",8,"F","F","F","",0,0,"N",0,"N",0,"N",0,1,0,3,"8","","","","F","F","F","F","F","F","F","F","F","martd001","","martd001","F","F","F","F","F","","","","",0,8,0,0,0,0,0,0,0,43,"BAL","DET","BAL",0,"F","F",0,1,0,20,2,"T","F",5,5,"T","T","thomj001","kemps001","T","T",5,2,42,0,0,0,8,1,41,"skagd101","","skagd101",0,0,0,0,0,0,0,0,0,0,0,0,0,"harll101","F","F","F","F",0,0,0,4,1,0,0,0,0,0,F,F,"1978BAL.EVA.regular.event.csv",5741
"BAL197809231","DET",6,0,1,0,0,"",0,1,"thomj001","?","thomj001","?","martd001","?","martd001","?","skagd101","murre001","dauer001","decid001","garck001","kellp101","harll101","singk001","mankp101","","leflr101","S9.3-H;1-2","F","F",3,4,20,"T","T",1,"F","F",0,"F","F",1,"F","F",9,"","F","F","",0,0,"N",0,"N",0,"N",1,2,0,4,"","","","","F","F","F","F","F","F","F","F","F","martd001","","martd001","F","F","F","F","F","","","","",0,0,0,0,0,0,0,0,0,44,"BAL","DET","BAL",0,"F","F",0,1,0,21,3,"T","F",5,3,"T","T","kemps001","may-m001","T","T",5,2,42,0,0,0,8,1,41,"skagd101","","skagd101",0,0,0,0,0,0,0,0,0,0,0,0,1,"singk001","F","F","F","F",0,0,0,4,0,0,0,0,0,0,F,F,"1978BAL.EVA.regular.event.csv",5742
"BAL197809231","DET",6,0,1,0,0,"",1,1,"kemps001","?","kemps001","?","martd001","?","martd001","?","skagd101","murre001","dauer001","decid001","garck001","kellp101","harll101","singk001","thomj001","mankp101","","6(1)3/GDP","F","F",7,5,2,"T","T",0,"F","F",2,"T","F",0,"F","F",6,"G","F","F","",0,0,"N",0,"N",0,"N",0,0,2,0,"63","6","","","F","F","F","F","F","F","F","F","F","martd001","martd001","","F","F","F","F","F","","","","",0,6,3,0,6,0,0,0,0,45,"BAL","DET","BAL",0,"F","T",1,1,1,22,4,"T","F",3,2,"T","T","may-m001","corct001","T","T",3,4,44,5,2,42,0,0,0,"skagd101","skagd101","",0,0,0,0,0,0,0,0,0,0,0,0,0,"garck001","T","F","F","F",0,0,0,0,0,0,0,0,0,0,F,F,"1978BAL.EVA.regular.event.csv",5743
"BAL197809231","DET",6,1,0,0,0,"",1,1,"singk001","?","singk001","?","billj101","?","billj101","?","may-m001","thomj001","dills101","mankp101","trama001","kemps001","leflr101","corct001","","","","7","T","F",9,3,2,"T","T",0,"F","F",1,"F","F",0,"F","F",7,"F","F","F","",0,0,"N",0,"N",0,"N",0,0,0,0,"7","","","","F","F","F","F","F","F","F","F","F","","","","F","F","F","F","F","","","","",0,7,0,0,0,0,0,0,0,46,"BAL","BAL","DET",1,"T","F",1,1,0,20,0,"T","F",0,0,"T","T","murre001","decid001","T","T",0,0,0,0,0,0,0,0,0,"","","",0,0,0,0,0,0,0,0,0,0,0,0,0,"kemps001","F","F","F","F",0,0,0,0,0,0,0,0,0,0,F,F,"1978BAL.EVA.regular.event.csv",5744
"BAL197809231","DET",6,1,1,0,0,"",1,1,"murre001","?","murre001","?","billj101","?","billj101","?","may-m001","thomj001","dills101","mankp101","trama001","kemps001","leflr101","corct001","","","","K","F","F",3,4,3,"T","T",0,"F","F",1,"F","F",0,"F","F",0,"","F","F","",0,0,"N",0,"N",0,"N",0,0,0,0,"2","","","","F","F","F","F","F","F","F","F","F","","","","F","F","F","F","F","","","","",0,2,0,0,0,0,0,0,0,47,"BAL","BAL","DET",1,"F","F",1,1,0,21,1,"T","F",0,0,"T","T","decid001","may-l101","T","T",0,0,0,0,0,0,0,0,0,"","","",0,0,0,0,0,0,0,0,0,0,0,0,0,"","F","F","F","F",0,0,0,0,0,0,0,0,0,0,F,F,"1978BAL.EVA.regular.event.csv",5745
"BAL197809231","DET",6,1,2,0,0,"",1,1,"decid001","?","decid001","?","billj101","?","billj101","?","may-m001","thomj001","dills101","mankp101","trama001","kemps001","leflr101","corct001","","","","7/7D","F","F",5,5,2,"T","T",0,"F","F",1,"F","F",0,"F","F",7,"F","F","F","7D",0,0,"N",0,"N",0,"N",0,0,0,0,"7","","","","F","F","F","F","F","F","F","F","F","","","","F","F","F","F","F","","","","",0,7,0,0,0,0,0,0,0,48,"BAL","BAL","DET",1,"F","T",1,1,0,22,2,"T","F",0,0,"T","T","may-l101","garck001","T","T",0,0,0,0,0,0,0,0,0,"","","",0,0,0,0,0,0,0,0,0,0,0,0,0,"kemps001","F","F","F","F",0,0,0,0,0,0,0,0,0,0,F,F,"1978BAL.EVA.regular.event.csv",5746
"BAL197809231","DET",7,0,0,0,0,"",1,1,"may-m001","?","may-m001","?","martd001","?","martd001","?","skagd101","murre001","dauer001","decid001","garck001","kellp101","harll101","singk001","","","","K","T","F",2,6,3,"T","T",0,"F","F",1,"F","F",0,"F","F",0,"","F","F","",0,0,"N",0,"N",0,"N",0,0,0,0,"2","","","","F","F","F","F","F","F","F","F","F","","","","F","F","F","F","F","","","","",0,2,0,0,0,0,0,0,0,49,"BAL","DET","BAL",0,"T","F",1,1,0,23,0,"T","F",0,0,"T","T","corct001","trama001","T","T",0,0,0,0,0,0,0,0,0,"","","",0,0,0,0,0,0,0,0,0,0,0,0,0,"","F","F","F","F",0,0,0,0,0,0,0,0,0,0,F,F,"1978BAL.EVA.regular.event.csv",5747
"BAL197809231","DET",7,0,1,0,0,"",1,1,"corct001","?","corct001","?","martd001","?","martd001","?","skagd101","murre001","dauer001","decid001","garck001","kellp101","harll101","singk001","","","","31","F","F",9,7,2,"T","T",0,"F","F",1,"F","F",0,"F","F",3,"G","F","F","",0,0,"N",0,"N",0,"N",0,0,0,0,"31","","","","F","F","F","F","F","F","F","F","F","","","","F","F","F","F","F","","","","",0,1,0,0,3,0,0,0,0,50,"BAL","DET","BAL",0,"F","F",1,1,0,24,1,"T","F",0,0,"T","T","trama001","dills101","T","T",0,0,0,0,0,0,0,0,0,"","","",0,0,0,0,0,0,0,0,0,0,0,0,0,"murre001","F","F","F","F",0,0,0,0,0,0,0,0,0,0,F,F,"1978BAL.EVA.regular.event.csv",5748
"BAL197809231","DET",7,0,2,0,0,"",1,1,"trama001","?","trama001","?","martd001","?","martd001","?","skagd101","murre001","dauer001","decid001","garck001","kellp101","harll101","singk001","","","","7","F","F",6,8,2,"T","T",0,"F","F",1,"F","F",0,"F","F",7,"F","F","F","",0,0,"N",0,"N",0,"N",0,0,0,0,"7","","","","F","F","F","F","F","F","F","F","F","","","","F","F","F","F","F","","","","",0,7,0,0,0,0,0,0,0,51,"BAL","DET","BAL",0,"F","T",1,1,0,25,2,"T","F",0,0,"T","T","dills101","leflr101","T","T",0,0,0,0,0,0,0,0,0,"","","",0,0,0,0,0,0,0,0,0,0,0,0,0,"kellp101","F","F","F","F",0,0,0,0,0,0,0,0,0,0,F,F,"1978BAL.EVA.regular.event.csv",5749
"BAL197809231","DET",7,1,0,0,0,"",1,1,"may-l101","?","may-l101","?","billj101","?","billj101","?","may-m001","thomj001","dills101","mankp101","trama001","kemps001","leflr101","corct001","","","","K","T","F",10,6,3,"T","T",0,"F","F",1,"F","F",0,"F","F",0,"","F","F","",0,0,"N",0,"N",0,"N",0,0,0,0,"2","","","","F","F","F","F","F","F","F","F","F","","","","F","F","F","F","F","","","","",0,2,0,0,0,0,0,0,0,52,"BAL","BAL","DET",1,"T","F",1,1,0,23,0,"T","F",0,0,"T","T","garck001","dauer001","T","T",0,0,0,0,0,0,0,0,0,"","","",0,0,0,0,0,0,0,0,0,0,0,0,0,"","F","F","F","F",0,0,0,0,0,0,0,0,0,0,F,F,"1978BAL.EVA.regular.event.csv",5750
"BAL197809231","DET",7,1,1,0,0,"",1,1,"garck001","?","garck001","?","billj101","?","billj101","?","may-m001","thomj001","dills101","mankp101","trama001","kemps001","leflr101","corct001","","","","31","F","F",6,7,2,"T","T",0,"F","F",1,"F","F",0,"F","F",3,"G","F","F","",0,0,"N",0,"N",0,"N",0,0,0,0,"31","","","","F","F","F","F","F","F","F","F","F","","","","F","F","F","F","F","","","","",0,1,0,0,3,0,0,0,0,53,"BAL","BAL","DET",1,"F","F",1,1,0,24,1,"T","F",0,0,"T","T","dauer001","skagd101","T","T",0,0,0,0,0,0,0,0,0,"","","",0,0,0,0,0,0,0,0,0,0,0,0,0,"thomj001","F","F","F","F",0,0,0,0,0,0,0,0,0,0,F,F,"1978BAL.EVA.regular.event.csv",5751
"BAL197809231","DET",7,1,2,0,0,"",1,1,"dauer001","?","dauer001","?","billj101","?","billj101","?","may-m001","thomj001","dills101","mankp101","trama001","kemps001","leflr101","corct001","","","","9","F","F",4,8,2,"T","T",0,"F","F",1,"F","F",0,"F","F",9,"F","F","F","",0,0,"N",0,"N",0,"N",0,0,0,0,"9","","","","F","F","F","F","F","F","F","F","F","","","","F","F","F","F","F","","","","",0,9,0,0,0,0,0,0,0,54,"BAL","BAL","DET",1,"F","T",1,1,0,25,2,"T","F",0,0,"T","T","skagd101","harll101","T","T",0,0,0,0,0,0,0,0,0,"","","",0,0,0,0,0,0,0,0,0,0,0,0,0,"corct001","F","F","F","F",0,0,0,0,0,0,0,0,0,0,F,F,"1978BAL.EVA.regular.event.csv",5752
"BAL197809231","DET",8,0,0,0,0,"",1,1,"dills101","?","dills101","?","martd001","?","martd001","?","skagd101","murre001","dauer001","decid001","garck001","kellp101","harll101","singk001","","","","S7#","T","F",4,9,20,"T","T",1,"F","F",0,"F","F",0,"F","F",7,"","F","F","",0,0,"N",0,"N",0,"N",1,0,0,0,"","","","","F","F","F","F","F","F","F","F","F","","","","F","F","F","F","F","","","","",0,0,0,0,0,0,0,0,0,55,"BAL","DET","BAL",0,"T","F",1,1,0,26,0,"T","F",0,1,"T","T","leflr101","mankp101","T","T",0,0,0,0,0,0,0,0,0,"","","",0,0,0,0,0,0,0,0,0,0,0,0,0,"kellp101","F","F","F","F",5,0,0,0,1,0,0,0,0,0,F,T,"1978BAL.EVA.regular.event.csv",5753
"BAL197809231","DET",8,0,0,0,0,"",1,1,"leflr101","?","leflr101","?","martd001","?","martd001","?","skagd101","murre001","dauer001","decid001","garck001","kellp101","harll101","singk001","dills101","","","S9.1-2#","F","F",8,1,20,"T","T",1,"F","F",0,"F","F",0,"F","F",9,"","F","F","",0,0,"N",0,"N",0,"N",1,2,0,0,"","","","","F","F","F","F","F","F","F","F","F","martd001","","","F","F","F","F","F","","","","",0,0,0,0,0,0,0,0,0,56,"BAL","DET","BAL",0,"F","F",1,1,0,27,1,"T","F",1,3,"T","T","mankp101","staur001","T","T",4,9,55,0,0,0,0,0,0,"skagd101","","",0,0,0,0,0,0,0,0,0,0,0,0,0,"singk001","F","F","F","F",3,5,0,0,1,0,0,0,0,0,F,T,"1978BAL.EVA.regular.event.csv",5754
"BAL197809231","DET",8,0,0,0,0,"",1,1,"mankp101","?","mankp101","?","martd001","?","martd001","?","skagd101","murre001","dauer001","decid001","garck001","kellp101","harll101","singk001","leflr101","dills101","","PO2(E2).2-3;1-2","F","F",5,2,8,"F","F",0,"F","F",0,"F","F",0,"F","F",0,"","F","F","",1,2,"T",0,"N",0,"N",0,2,3,0,"","","E2","","F","F","F","F","F","F","F","T","F","martd001","martd001","","F","F","F","F","F","","","","",0,0,0,0,0,0,0,0,0,57,"BAL","DET","BAL",0,"F","F",1,1,0,28,2,"T","F",3,6,"T","T","staur001","thomj001","T","T",8,1,56,4,9,55,0,0,0,"skagd101","skagd101","",0,0,0,0,0,0,0,0,0,0,0,0,0,"","F","F","F","F",0,3,5,0,1,0,0,0,0,0,F,F,"1978BAL.EVA.regular.event.csv",5755
"BAL197809231","DET",8,0,0,0,0,"",1,1,"mankp101","?","mankp101","?","martd001","?","martd001","?","skagd101","murre001","dauer001","decid001","garck001","kellp101","harll101","singk001","","leflr101","dills101","K","F","F",5,2,3,"T","T",0,"F","F",1,"F","F",0,"F","F",0,"","F","F","",0,0,"N",0,"N",0,"N",0,0,2,3,"2","","","","F","F","F","F","F","F","F","F","F","","martd001","martd001","F","F","F","F","F","","","","",0,2,0,0,0,0,0,0,0,58,"BAL","DET","BAL",0,"F","F",1,1,0,28,2,"F","F",6,6,"T","T","staur001","thomj001","T","T",0,0,0,8,1,56,4,9,55,"","skagd101","skagd101",0,0,0,0,0,0,0,0,0,0,0,0,0,"","F","F","F","F",0,0,3,5,1,0,0,0,0,0,F,F,"1978BAL.EVA.regular.event.csv",5756
"BAL197809231","DET",8,0,1,0,0,"",1,1,"staur001","?","staur001","?","martd001","?","martd001","?","skagd101","murre001","dauer001","decid001","garck001","kellp101","harll101","singk001","","leflr101","dills101","IW","F","F",10,3,15,"T","F",0,"F","F",0,"F","F",0,"F","F",0,"","F","F","",0,0,"N",0,"N",0,"N",1,0,2,3,"","","","","F","F","F","F","F","F","F","F","F","","martd001","martd001","F","F","F","F","F","","","","",0,0,0,0,0,0,0,0,0,59,"BAL","DET","BAL",0,"F","F",1,1,0,29,3,"T","F",6,7,"T","T","thomj001","kemps001","T","T",0,0,0,8,1,56,4,9,55,"","skagd101","skagd101",0,0,0,0,0,0,0,0,0,0,0,0,0,"","F","F","F","F",2,0,3,5,1,0,0,0,0,0,F,F,"1978BAL.EVA.regular.event.csv",5757
"BAL197809231","DET",8,0,1,0,0,"",1,1,"thomj001","?","thomj001","?","martd001","?","martd001","?","skagd101","murre001","dauer001","decid001","garck001","kellp101","harll101","singk001","staur001","leflr101","dills101","W.3-H(UR);2-3;1-2","F","F",3,4,14,"T","F",0,"F","F",0,"F","F",1,"F","F",0,"","F","F","",0,0,"N",0,"N",0,"N",1,2,3,5,"","","","","F","F","F","F","F","F","F","F","F","martd001","martd001","martd001","F","F","F","F","F","","","","",0,0,0,0,0,0,0,0,0,60,"BAL","DET","BAL",0,"F","F",1,1,0,30,4,"T","F",7,7,"T","T","kemps001","may-m001","T","T",10,3,59,8,1,56,4,9,55,"skagd101","skagd101","skagd101",0,0,0,0,0,0,0,0,0,0,0,0,1,"","F","F","F","F",0,2,3,5,0,0,0,0,0,0,F,F,"1978BAL.EVA.regular.event.csv",5758
"BAL197809231","DET",8,0,1,0,0,"",2,1,"kemps001","?","kemps001","?","martd001","?","martd001","?","skagd101","murre001","dauer001","decid001","garck001","kellp101","harll101","singk001","thomj001","staur001","leflr101","146(1)3/GDP#","F","F",7,5,2,"T","T",0,"F","F",2,"T","F",0,"F","F",1,"G","F","F","",0,0,"N",0,"N",0,"N",0,0,2,3,"63","146","","","F","F","F","F","F","F","F","F","F","martd001","martd001","martd001","F","F","F","F","F","","","","",0,6,3,0,1,4,6,0,0,61,"BAL","DET","BAL",0,"F","T",2,1,1,31,5,"T","F",7,6,"T","T","may-m001","corct001","T","T",3,4,60,10,3,59,8,1,56,"skagd101","skagd101","skagd101",0,0,0,0,0,0,0,0,0,0,0,0,0,"martd001","T","F","F","F",0,0,2,3,0,0,0,0,0,0,F,T,"1978BAL.EVA.regular.event.csv",5759
"BAL197809231","DET",8,1,0,0,0,"",2,1,"skagd101","?","skagd101","?","billj101","?","billj101","?","may-m001","thomj001","dills101","rodra101","trama001","kemps001","leflr101","corct001","","","","K","T","F",2,9,3,"T","T",0,"F","F",1,"F","F",0,"F","F",0,"","F","F","",0,0,"N",0,"N",0,"N",0,0,0,0,"2","","","","F","F","F","F","F","F","F","F","F","","","","F","F","F","F","F","","","","",0,2,0,0,0,0,0,0,0,62,"BAL","BAL","DET",1,"T","F",1,2,0,26,0,"T","F",0,0,"T","T","harll101","kellp101","T","T",0,0,0,0,0,0,0,0,0,"","","",0,0,0,0,0,0,0,0,0,0,0,0,0,"","F","F","F","F",0,0,0,0,2,0,0,0,0,0,F,F,"1978BAL.EVA.regular.event.csv",5760
"BAL197809231","DET",8,1,1,0,0,"",2,1,"harll101","?","harll101","?","billj101","?","billj101","?","may-m001","thomj001","dills101","rodra101","trama001","kemps001","leflr101","corct001","","","","S","F","F",8,1,20,"T","T",1,"F","F",0,"F","F",0,"F","F",0,"","F","F","",0,0,"N",0,"N",0,"N",1,0,0,0,"","","","","F","F","F","F","F","F","F","F","F","","","","F","F","F","F","F","","","","",0,0,0,0,0,0,0,0,0,63,"BAL","BAL","DET",1,"F","F",1,2,0,27,1,"T","F",0,1,"T","T","kellp101","singk001","T","T",0,0,0,0,0,0,0,0,0,"","","",0,0,0,0,0,0,0,0,0,0,0,0,0,"","F","F","F","F",4,0,0,0,2,0,0,0,0,0,F,F,"1978BAL.EVA.regular.event.csv",5761
"BAL197809231","DET",8,1,1,0,0,"",2,1,"kellp101","?","kellp101","?","billj101","?","billj101","?","may-m001","thomj001","dills101","rodra101","trama001","kemps001","leflr101","corct001","harll101","","","S.1-3#","F","F",7,2,20,"T","T",1,"F","F",0,"F","F",0,"F","F",0,"","F","F","",0,0,"N",0,"N",0,"N",1,3,0,0,"","","","","F","F","F","F","F","F","F","F","F","billj101","","","F","F","F","F","F","","","","",0,0,0,0,0,0,0,0,0,64,"BAL","BAL","DET",1,"F","F",1,2,0,28,2,"T","F",1,5,"T","T","singk001","murre001","T","T",8,1,63,0,0,0,0,0,0,"may-m001","","",0,0,0,0,0,0,0,0,0,0,0,0,0,"","F","F","F","F",4,4,0,0,2,0,0,0,0,0,F,T,"1978BAL.EVA.regular.event.csv",5762
"BAL197809231","DET",8,1,1,0,0,"",2,1,"singk001","?","singk001","?","billj101","?","billj101","?","may-m001","thomj001","dills101","rodra101","trama001","kemps001","leflr101","corct001","kellp101","","harll101","W.1-2","F","F",9,3,14,"T","F",0,"F","F",0,"F","F",0,"F","F",0,"","F","F","",0,0,"N",0,"N",0,"N",1,2,0,3,"","","","","F","F","F","F","F","F","F","F","F","billj101","","billj101","F","F","F","F","F","","","","",0,0,0,0,0,0,0,0,0,65,"BAL","BAL","DET",1,"F","F",1,2,0,29,3,"T","F",5,7,"T","T","murre001","decid001","T","T",7,2,64,0,0,0,8,1,63,"may-m001","","may-m001",0,0,0,0,0,0,0,0,0,0,0,0,0,"","F","F","F","F",3,4,0,4,2,0,0,0,0,0,F,F,"1978BAL.EVA.regular.event.csv",5763
"BAL197809231","DET",8,1,1,0,0,"",2,1,"murre001","?","murre001","?","hillj101","?","hillj101","?","may-m001","thomj001","dills101","rodra101","trama001","kemps001","leflr101","corct001","dimmm101","kellp101","harll101","8/SF.3-H","F","F",3,4,2,"T","F",0,"F","T",1,"F","F",1,"F","F",8,"F","F","F","",0,0,"N",0,"N",0,"N",0,1,2,4,"8","","","","F","F","F","F","F","F","F","F","F","billj101","billj101","billj101","F","F","T","F","F","singk001","","","",0,8,0,0,0,0,0,0,0,66,"BAL","BAL","DET",1,"F","F",1,2,0,30,4,"T","F",7,3,"T","T","decid001","may-l101","F","F",0,3,65,7,2,64,8,1,63,"may-m001","may-m001","may-m001",0,0,0,0,0,0,0,0,0,0,0,0,1,"leflr101","F","F","F","F",0,3,4,4,1,0,0,0,0,0,F,F,"1978BAL.EVA.regular.event.csv",5764
"BAL197809231","DET",8,1,2,0,0,"",2,2,"decid001","?","decid001","?","hillj101","?","hillj101","?","may-m001","thomj001","dills101","rodra101","trama001","kemps001","leflr101","corct001","dimmm101","kellp101","","D7.2-H;1-3","F","F",5,5,21,"T","T",2,"F","F",0,"F","F",1,"F","F",7,"","F","F","",0,0,"N",0,"N",0,"N",2,3,4,0,"","","","","F","F","F","F","F","F","F","F","F","billj101","billj101","","F","F","F","F","F","","","","",0,0,0,0,0,0,0,0,0,67,"BAL","BAL","DET",1,"F","F",2,2,1,31,5,"T","F",3,6,"T","T","may-l101","garck001","F","F",0,3,65,7,2,64,0,0,0,"may-m001","may-m001","",0,0,0,0,0,0,0,0,0,0,0,0,1,"kemps001","F","F","F","F",2,3,4,0,0,0,0,0,0,0,F,F,"1978BAL.EVA.regular.event.csv",5765
"BAL197809231","DET",8,1,2,0,0,"",2,3,"may-l101","?","may-l101","?","hillj101","?","hillj101","?","may-m001","thomj001","dills101","rodra101","trama001","kemps001","leflr101","corct001","","decid001","dimmm101","K","F","F",10,6,3,"T","T",0,"F","F",1,"F","F",0,"F","F",0,"","F","F","",0,0,"N",0,"N",0,"N",0,0,2,3,"2","","","","F","F","F","F","F","F","F","F","F","","hillj101","billj101","F","F","F","F","F","","","","",0,2,0,0,0,0,0,0,0,68,"BAL","BAL","DET",1,"F","T",3,2,2,32,6,"T","F",6,6,"T","T","garck001","dauer001","F","F",0,0,0,5,5,67,0,3,65,"","may-m001","may-m001",0,0,0,0,0,0,0,0,0,0,0,0,0,"","F","F","F","F",0,0,2,3,0,0,0,0,0,0,F,F,"1978BAL.EVA.regular.event.csv",5766
"BAL197809231","DET",9,0,0,0,0,"",2,3,"may-m001","?","may-m001","?","martd001","?","martd001","?","skagd101","murre001","dauer001","decid001","belam101","andem101","harll101","dimmm101","","","","S6","T","F",2,6,20,"T","T",1,"F","F",0,"F","F",0,"F","F",6,"","F","F","",0,0,"N",0,"N",0,"N",1,0,0,0,"","","","","F","F","F","F","F","F","F","F","F","","","","F","F","F","F","F","","","","",0,0,0,0,0,0,0,0,0,69,"BAL","DET","BAL",0,"T","F",2,3,0,32,0,"T","F",0,1,"T","T","corct001","trama001","T","T",0,0,0,0,0,0,0,0,0,"","","",0,0,0,0,0,0,0,0,0,0,0,0,0,"belam101","F","F","F","F",4,0,0,0,2,0,0,0,0,0,F,F,"1978BAL.EVA.regular.event.csv",5767
"BAL197809231","DET",9,0,0,0,0,"",2,3,"corct001","?","corct001","?","stand101","?","stand101","?","skagd101","murre001","dauer001","decid001","belam101","andem101","harll101","dimmm101","stegd001","","","S7.1-2","F","F",9,7,20,"T","T",1,"F","F",0,"F","F",0,"F","F",7,"","F","F","",0,0,"N",0,"N",0,"N",1,2,0,0,"","","","","F","F","F","F","F","F","F","F","F","martd001","","","F","F","T","F","F","may-m001","","","",0,0,0,0,0,0,0,0,0,70,"BAL","DET","BAL",0,"F","F",2,3,0,33,1,"T","F",1,3,"T","T","trama001","dills101","F","F",0,6,69,0,0,0,0,0,0,"skagd101","","",0,0,0,0,0,0,0,0,0,0,0,0,0,"andem101","F","F","F","F",4,4,0,0,2,0,0,0,0,0,F,F,"1978BAL.EVA.regular.event.csv",5768
"BAL197809231","DET",9,0,0,0,0,"",2,3,"trama001","?","trama001","?","stand101","?","stand101","?","skagd101","murre001","dauer001","decid001","belam101","andem101","harll101","dimmm101","corct001","stegd001","","S/BG.2-3;1-2","F","F",6,8,20,"T","T",1,"F","F",0,"F","F",0,"F","F",0,"G","T","F","",0,0,"N",0,"N",0,"N",1,2,3,0,"","","","","F","F","F","F","F","F","F","F","F","stand101","martd001","","F","F","F","F","F","","","","",0,0,0,0,0,0,0,0,0,71,"BAL","DET","BAL",0,"F","F",2,3,0,34,2,"T","F",3,7,"T","T","dills101","leflr101","F","F",9,7,70,0,6,69,0,0,0,"skagd101","skagd101","",0,0,0,0,0,0,0,0,0,0,0,0,0,"","F","F","F","F",3,4,4,0,2,0,0,0,0,0,F,F,"1978BAL.EVA.regular.event.csv",5769
"BAL197809231","DET",9,0,0,0,0,"",2,3,"wockj001","?","wockj001","?","stand101","?","stand101","?","skagd101","murre001","dauer001","decid001","belam101","andem101","harll101","dimmm101","trama001","corct001","stegd001","S8.3-H;2-H;1-2#","F","T",11,9,20,"T","T",1,"F","F",0,"F","F",2,"F","F",8,"","F","F","",0,0,"N",0,"N",0,"N",1,2,4,4,"","","","","F","F","F","F","F","F","F","F","F","stand101","stand101","martd001","F","F","F","F","F","","","","dills101",4,0,0,0,0,0,0,0,0,72,"BAL","DET","BAL",0,"F","F",2,3,0,35,3,"T","F",7,3,"F","F","leflr101","rodra101","F","F",6,8,71,9,7,70,12,6,69,"skagd101","skagd101","skagd101",0,0,0,0,0,0,0,0,0,0,0,0,2,"harll101","F","F","F","F",2,3,4,4,0,0,0,0,0,0,F,T,"1978BAL.EVA.regular.event.csv",5770
"BAL197809231","DET",9,0,0,0,0,"",4,3,"leflr101","?","leflr101","?","stand101","?","stand101","?","skagd101","murre001","dauer001","decid001","belam101","andem101","harll101","dimmm101","wockj001","trama001","","9","F","F",8,1,2,"T","T",0,"F","F",1,"F","F",0,"F","F",9,"F","F","F","",0,0,"N",0,"N",0,"N",0,1,2,0,"9","","","","F","F","F","F","F","F","F","F","F","stand101","stand101","","F","F","F","F","F","","","","",0,9,0,0,0,0,0,0,0,73,"BAL","DET","BAL",0,"F","F",4,3,2,36,4,"T","F",3,3,"T","T","rodra101","staur001","F","F",0,9,72,6,8,71,0,0,0,"skagd101","skagd101","",0,0,0,0,0,0,0,0,0,0,0,0,0,"dimmm101","F","F","F","F",0,2,3,0,0,0,0,0,0,0,F,F,"1978BAL.EVA.regular.event.csv",5771
"BAL197809231","DET",9,0,1,0,0,"",4,3,"rodra101","?","rodra101","?","stand101","?","stand101","?","skagd101","murre001","dauer001","decid001","belam101","andem101","harll101","dimmm101","wockj001","trama001","","63.2-3;1-2","F","F",5,2,2,"T","T",0,"F","F",1,"F","F",0,"F","F",6,"G","F","F","",0,0,"N",0,"N",0,"N",0,2,3,0,"63","","","","F","F","F","F","F","F","F","F","F","stand101","stand101","","F","F","F","F","F","","","","",0,3,0,0,6,0,0,0,0,74,"BAL","DET","BAL",0,"F","F",4,3,2,37,5,"T","F",3,6,"F","F","staur001","thomj001","F","F",0,9,72,6,8,71,0,0,0,"skagd101","skagd101","",0,0,0,0,0,0,0,0,0,0,0,0,0,"belam101","F","F","F","F",0,2,3,0,0,0,0,0,0,0,F,F,"1978BAL.EVA.regular.event.csv",5772
"BAL197809231","DET",9,0,2,0,0,"",4,3,"staur001","?","staur001","?","stand101","?","stand101","?","skagd101","murre001","dauer001","decid001","belam101","andem101","harll101","dimmm101","","wockj001","trama001","K/C","F","F",10,3,3,"T","T",0,"F","F",1,"F","F",0,"F","F",0,"","F","F","",0,0,"N",0,"N",0,"N",0,0,2,3,"2","","","","F","F","F","F","F","F","F","F","F","","stand101","stand101","F","F","F","F","F","","","","",0,2,0,0,0,0,0,0,0,75,"BAL","DET","BAL",0,"F","T",4,3,2,38,6,"T","F",6,6,"T","T","thomj001","kemps001","F","F",0,0,0,0,9,72,6,8,71,"","skagd101","skagd101",0,0,0,0,0,0,0,0,0,0,0,0,0,"","F","F","F","F",0,0,2,3,0,0,0,0,0,0,F,F,"1978BAL.EVA.regular.event.csv",5773
"BAL197809231","DET",9,1,0,0,0,"",4,3,"andem101","?","andem101","?","hillj101","?","hillj101","?","parrl001","thomj001","wagnm001","rodra101","trama001","kemps001","leflr101","corct001","","","","K","T","F",7,7,3,"T","T",0,"F","F",1,"F","F",0,"F","F",0,"","F","F","",0,0,"N",0,"N",0,"N",0,0,0,0,"2","","","","F","F","F","F","F","F","F","F","F","","","","F","F","F","F","F","","","","",0,2,0,0,0,0,0,0,0,76,"BAL","BAL","DET",1,"T","F",3,4,0,33,0,"T","F",0,0,"F","F","dauer001","skagd101","F","F",0,0,0,0,0,0,0,0,0,"","","",0,0,0,0,0,0,0,0,0,0,0,0,0,"","F","F","F","F",0,0,0,0,0,0,0,0,0,0,F,F,"1978BAL.EVA.regular.event.csv",5774
"BAL197809231","DET",9,1,1,0,0,"",4,3,"dauer001","?","dauer001","?","hillj101","?","hillj101","?","parrl001","thomj001","wagnm001","rodra101","trama001","kemps001","leflr101","corct001","","","","8","F","F",4,8,2,"T","T",0,"F","F",1,"F","F",0,"F","F",8,"F","F","F","",0,0,"N",0,"N",0,"N",0,0,0,0,"8","","","","F","F","F","F","F","F","F","F","F","","","","F","F","F","F","F","","","","",0,8,0,0,0,0,0,0,0,77,"BAL","BAL","DET",1,"F","F",3,4,0,34,1,"T","F",0,0,"T","T","skagd101","harll101","F","F",0,0,0,0,0,0,0,0,0,"","","",0,0,0,0,0,0,0,0,0,0,0,0,0,"leflr101","F","F","F","F",0,0,0,0,0,0,0,0,0,0,F,F,"1978BAL.EVA.regular.event.csv",5775
"BAL197809231","DET",9,1,2,0,0,"",4,3,"roeng001","?","roeng001","?","hillj101","?","hillj101","?","parrl001","thomj001","wagnm001","rodra101","trama001","kemps001","leflr101","corct001","","","","W","F","T",11,9,14,"T","F",0,"F","F",0,"F","F",0,"F","F",0,"","F","F","",0,0,"N",0,"N",0,"N",1,0,0,0,"","","","","F","F","F","F","F","F","F","F","F","","","","F","F","F","F","F","","","","skagd101",2,0,0,0,0,0,0,0,0,78,"BAL","BAL","DET",1,"F","F",3,4,0,35,2,"T","F",0,1,"F","F","harll101","belam101","F","F",0,0,0,0,0,0,0,0,0,"","","",0,0,0,0,0,0,0,0,0,0,0,0,0,"","F","F","F","F",1,0,0,0,0,0,0,0,0,0,F,F,"1978BAL.EVA.regular.event.csv",5776
"BAL197809231","DET",9,1,2,0,0,"",4,3,"moraa101","?","moraa101","?","hillj101","?","hillj101","?","parrl001","thomj001","wagnm001","rodra101","trama001","kemps001","leflr101","corct001","lopec101","","","K","F","T",11,1,3,"T","T",0,"F","F",1,"F","F",0,"F","F",0,"","F","F","",0,0,"N",0,"N",0,"N",0,1,0,0,"2","","","","F","F","F","F","F","F","F","F","F","hillj101","","","F","T","T","F","F","roeng001","","","harll101",8,2,0,0,0,0,0,0,0,79,"BAL","BAL","DET",1,"F","T",3,4,0,36,3,"T","F",1,1,"F","F","belam101","dimmm101","F","F",12,9,78,0,0,0,0,0,0,"parrl001","","",0,0,0,0,0,0,0,0,0,0,0,0,0,"","F","F","F","F",0,1,0,0,0,0,0,0,0,0,F,F,"1978BAL.EVA.regular.event.csv",5777
"BAL197809232","DET",1,0,0,0,0,"",0,0,"leflr101","?","leflr101","?","palmj001","?","palmj001","?","dempr001","murre001","smitb101","decid001","garck001","kellp101","harll101","singk001","","","","K","T","F",8,1,3,"T","T",0,"F","F",1,"F","F",0,"F","F",0,"","F","F","",0,0,"N",0,"N",0,"N",0,0,0,0,"2","","","","F","F","F","F","F","F","F","F","F","","","","T","F","F","F","F","","","","",0,2,0,0,0,0,0,0,0,1,"BAL","DET","BAL",0,"T","F",0,0,0,0,0,"T","F",0,0,"T","T","dills101","staur001","T","T",0,0,0,0,0,0,0,0,0,"","","",0,0,0,0,0,0,0,0,0,0,0,0,0,"","F","F","F","F",0,0,0,0,0,0,0,0,0,0,F,F,"1978BAL.EVA.regular.event.csv",5778
"BAL197809232","DET",1,0,1,0,0,"",0,0,"dills101","?","dills101","?","palmj001","?","palmj001","?","dempr001","murre001","smitb101","decid001","garck001","kellp101","harll101","singk001","","","","5/FL","F","F",4,2,2,"T","T",0,"F","F",1,"F","F",0,"F","F",5,"F","F","T","",0,0,"N",0,"N",0,"N",0,0,0,0,"5","","","","F","F","F","F","F","F","F","F","F","","","","F","F","F","F","F","","","","",0,5,0,0,0,0,0,0,0,2,"BAL","DET","BAL",0,"F","F",0,0,0,1,1,"T","F",0,0,"T","T","staur001","thomj001","T","T",0,0,0,0,0,0,0,0,0,"","","",0,0,0,0,0,0,0,0,0,0,0,0,0,"decid001","F","F","F","F",0,0,0,0,0,0,0,0,0,0,F,F,"1978BAL.EVA.regular.event.csv",5779
"BAL197809232","DET",1,0,2,0,0,"",0,0,"staur001","?","staur001","?","palmj001","?","palmj001","?","dempr001","murre001","smitb101","decid001","garck001","kellp101","harll101","singk001","","","","43","F","F",10,3,2,"T","T",0,"F","F",1,"F","F",0,"F","F",4,"G","F","F","",0,0,"N",0,"N",0,"N",0,0,0,0,"43","","","","F","F","F","F","F","F","F","F","F","","","","F","F","F","F","F","","","","",0,3,0,0,4,0,0,0,0,3,"BAL","DET","BAL",0,"F","T",0,0,0,2,2,"T","F",0,0,"T","T","thomj001","kemps001","T","T",0,0,0,0,0,0,0,0,0,"","","",0,0,0,0,0,0,0,0,0,0,0,0,0,"smitb101","F","F","F","F",0,0,0,0,0,0,0,0,0,0,F,F,"1978BAL.EVA.regular.event.csv",5780
"BAL197809232","DET",1,1,0,0,0,"",0,0,"harll101","?","harll101","?","bakes101","?","bakes101","?","parrl001","thomj001","dills101","rodra101","trama001","kemps001","leflr101","corct001","","","","S8","T","F",8,1,20,"T","T",1,"F","F",0,"F","F",0,"F","F",8,"","F","F","",0,0,"N",0,"N",0,"N",1,0,0,0,"","","","","F","F","F","F","F","F","F","F","F","","","","F","F","F","F","F","","","","",0,0,0,0,0,0,0,0,0,4,"BAL","BAL","DET",1,"T","F",0,0,0,0,0,"T","F",0,1,"T","T","kellp101","singk001","T","T",0,0,0,0,0,0,0,0,0,"","","",0,0,0,0,0,0,0,0,0,0,0,0,0,"leflr101","F","F","F","F",4,0,0,0,1,0,0,0,0,0,F,F,"1978BAL.EVA.regular.event.csv",5781
"BAL197809232","DET",1,1,0,0,0,"",0,0,"kellp101","?","kellp101","?","bakes101","?","bakes101","?","parrl001","thomj001","dills101","rodra101","trama001","kemps001","leflr101","corct001","harll101","","","S9.1-2","F","F",7,2,20,"T","T",1,"F","F",0,"F","F",0,"F","F",9,"","F","F","",0,0,"N",0,"N",0,"N",1,2,0,0,"","","","","F","F","F","F","F","F","F","F","F","bakes101","","","F","F","F","F","F","","","","",0,0,0,0,0,0,0,0,0,5,"BAL","BAL","DET",1,"F","F",0,0,0,1,1,"T","F",1,3,"T","T","singk001","murre001","T","T",8,1,4,0,0,0,0,0,0,"parrl001","","",0,0,0,0,0,0,0,0,0,0,0,0,0,"corct001","F","F","F","F",0,4,0,0,1,0,0,0,0,0,F,F,"1978BAL.EVA.regular.event.csv",5782
"BAL197809232","DET",1,1,0,0,0,"",0,0,"singk001","?","singk001","?","bakes101","?","bakes101","?","parrl001","thomj001","dills101","rodra101","trama001","kemps001","leflr101","corct001","kellp101","harll101","","36(1)/FO.2-3","F","F",9,3,2,"T","T",0,"F","F",1,"F","F",0,"F","F",3,"G","F","F","",0,0,"N",0,"N",0,"N",1,0,3,0,"","36","","","F","F","F","F","F","F","F","F","F","bakes101","bakes101","","F","F","F","F","F","","","","",0,6,0,0,3,0,0,0,0,6,"BAL","BAL","DET",1,"F","F",0,0,0,2,2,"T","F",3,5,"T","T","murre001","decid001","T","T",7,2,5,8,1,4,0,0,0,"parrl001","parrl001","",0,0,0,0,0,0,0,0,0,0,0,0,0,"thomj001","T","F","F","F",0,0,4,0,1,0,0,0,0,0,F,F,"1978BAL.EVA.regular.event.csv",5783
"BAL197809232","DET",1,1,1,0,0,"",0,0,"murre001","?","murre001","?","bakes101","?","bakes101","?","parrl001","thomj001","dills101","rodra101","trama001","kemps001","leflr101","corct001","singk001","","harll101","8/SF.3-H","F","F",3,4,2,"T","F",0,"F","T",1,"F","F",1,"F","F",8,"F","F","F","",0,0,"N",0,"N",0,"N",0,1,0,4,"8","","","","F","F","F","F","F","F","F","F","F","bakes101","","bakes101","F","F","F","F","F","","","","",0,8,0,0,0,0,0,0,0,7,"BAL","BAL","DET",1,"F","F",0,0,0,3,3,"T","F",5,1,"T","T","decid001","crowt101","T","T",9,3,6,0,0,0,8,1,4,"parrl001","","parrl001",0,0,0,0,0,0,0,0,0,0,0,0,1,"leflr101","F","F","F","F",0,0,0,4,0,0,0,0,0,0,F,F,"1978BAL.EVA.regular.event.csv",5784
"BAL197809232","DET",1,1,2,0,0,"",0,1,"decid001","?","decid001","?","bakes101","?","bakes101","?","parrl001","thomj001","dills101","rodra101","trama001","kemps001","leflr101","corct001","singk001","","","43","F","F",5,5,2,"T","T",0,"F","F",1,"F","F",0,"F","F",4,"G","F","F","",0,0,"N",0,"N",0,"N",0,1,0,0,"43","","","","F","F","F","F","F","F","F","F","F","bakes101","","","F","F","F","F","F","","","","",0,3,0,0,4,0,0,0,0,8,"BAL","BAL","DET",1,"F","T",1,0,1,4,4,"T","F",1,1,"T","T","crowt101","smitb101","T","T",9,3,6,0,0,0,0,0,0,"parrl001","","",0,0,0,0,0,0,0,0,0,0,0,0,0,"dills101","F","F","F","F",0,0,0,0,0,0,0,0,0,0,F,F,"1978BAL.EVA.regular.event.csv",5785
"BAL197809232","DET",2,0,0,0,0,"",0,1,"thomj001","?","thomj001","?","palmj001","?","palmj001","?","dempr001","murre001","smitb101","decid001","garck001","kellp101","harll101","singk001","","","","K","T","F",3,4,3,"T","T",0,"F","F",1,"F","F",0,"F","F",0,"","F","F","",0,0,"N",0,"N",0,"N",0,0,0,0,"2","","","","F","F","F","F","F","F","F","F","F","","","","F","F","F","F","F","","","","",0,2,0,0,0,0,0,0,0,9,"BAL","DET","BAL",0,"T","F",0,1,0,3,0,"T","F",0,0,"T","T","kemps001","parrl001","T","T",0,0,0,0,0,0,0,0,0,"","","",0,0,0,0,0,0,0,0,0,0,0,0,0,"","F","F","F","F",0,0,0,0,0,0,0,0,0,0,F,F,"1978BAL.EVA.regular.event.csv",5786
"BAL197809232","DET",2,0,1,0,0,"",0,1,"kemps001","?","kemps001","?","palmj001","?","palmj001","?","dempr001","murre001","smitb101","decid001","garck001","kellp101","harll101","singk001","","","","7","F","F",7,5,2,"T","T",0,"F","F",1,"F","F",0,"F","F",7,"F","F","F","",0,0,"N",0,"N",0,"N",0,0,0,0,"7","","","","F","F","F","F","F","F","F","F","F","","","","F","F","F","F","F","","","","",0,7,0,0,0,0,0,0,0,10,"BAL","DET","BAL",0,"F","F",0,1,0,4,1,"T","F",0,0,"T","T","parrl001","corct001","T","T",0,0,0,0,0,0,0,0,0,"","","",0,0,0,0,0,0,0,0,0,0,0,0,0,"kellp101","F","F","F","F",0,0,0,0,0,0,0,0,0,0,F,F,"1978BAL.EVA.regular.event.csv",5787
"BAL197809232","DET",2,0,2,0,0,"",0,1,"parrl001","?","parrl001","?","palmj001","?","palmj001","?","dempr001","murre001","smitb101","decid001","garck001","kellp101","harll101","singk001","","","","2/FL","F","F",2,6,2,"T","T",0,"F","F",1,"F","F",0,"F","F",2,"F","F","T","",0,0,"N",0,"N",0,"N",0,0,0,0,"2","","","","F","F","F","F","F","F","F","F","F","","","","F","F","F","F","F","","","","",0,2,0,0,0,0,0,0,0,11,"BAL","DET","BAL",0,"F","T",0,1,0,5,2,"T","F",0,0,"T","T","corct001","rodra101","T","T",0,0,0,0,0,0,0,0,0,"","","",0,0,0,0,0,0,0,0,0,0,0,0,0,"dempr001","F","F","F","F",0,0,0,0,0,0,0,0,0,0,F,F,"1978BAL.EVA.regular.event.csv",5788
"BAL197809232","DET",2,1,0,0,0,"",0,1,"crowt101","?","crowt101","?","bakes101","?","bakes101","?","parrl001","thomj001","dills101","rodra101","trama001","kemps001","leflr101","corct001","","","","7","T","F",10,6,2,"T","T",0,"F","F",1,"F","F",0,"F","F",7,"F","F","F","",0,0,"N",0,"N",0,"N",0,0,0,0,"7","","","","F","F","F","F","F","F","F","F","F","","","","F","F","F","F","F","","","","",0,7,0,0,0,0,0,0,0,12,"BAL","BAL","DET",1,"T","F",1,0,0,5,0,"T","F",0,0,"T","T","smitb101","dempr001","T","T",0,0,0,0,0,0,0,0,0,"","","",0,0,0,0,0,0,0,0,0,0,0,0,0,"kemps001","F","F","F","F",0,0,0,0,3,0,0,0,0,0,F,F,"1978BAL.EVA.regular.event.csv",5789
"BAL197809232","DET",2,1,1,0,0,"",0,1,"smitb101","?","smitb101","?","bakes101","?","bakes101","?","parrl001","thomj001","dills101","rodra101","trama001","kemps001","leflr101","corct001","","","","S3","F","F",4,7,20,"T","T",1,"F","F",0,"F","F",0,"F","F",3,"","F","F","",0,0,"N",0,"N",0,"N",1,0,0,0,"","","","","F","F","F","F","F","F","F","F","F","","","","F","F","F","F","F","","","","",0,0,0,0,0,0,0,0,0,13,"BAL","BAL","DET",1,"F","F",1,0,0,6,1,"T","F",0,1,"T","T","dempr001","garck001","T","T",0,0,0,0,0,0,0,0,0,"","","",0,0,0,0,0,0,0,0,0,0,0,0,0,"thomj001","F","F","F","F",4,0,0,0,3,0,0,0,0,0,F,F,"1978BAL.EVA.regular.event.csv",5790
"BAL197809232","DET",2,1,1,0,0,"",0,1,"dempr001","?","dempr001","?","bakes101","?","bakes101","?","parrl001","thomj001","dills101","rodra101","trama001","kemps001","leflr101","corct001","smitb101","","","D9.1-H","F","F",2,8,21,"T","T",2,"F","F",0,"F","F",1,"F","F",9,"","F","F","",0,0,"N",0,"N",0,"N",2,4,0,0,"","","","","F","F","F","F","F","F","F","F","F","bakes101","","","F","F","F","F","F","","","","",0,0,0,0,0,0,0,0,0,14,"BAL","BAL","DET",1,"F","F",1,0,0,7,2,"T","F",1,2,"T","T","garck001","harll101","T","T",4,7,13,0,0,0,0,0,0,"parrl001","","",0,0,0,0,0,0,0,0,0,0,0,0,1,"corct001","F","F","F","F",4,4,0,0,2,0,0,0,0,0,F,F,"1978BAL.EVA.regular.event.csv",5791
"BAL197809232","DET",2,1,1,0,0,"",0,2,"garck001","?","garck001","?","bakes101","?","bakes101","?","parrl001","thomj001","dills101","rodra101","trama001","kemps001","leflr101","corct001","","dempr001","","S7.2-3","F","F",6,9,20,"T","T",1,"F","F",0,"F","F",0,"F","F",7,"","F","F","",0,0,"N",0,"N",0,"N",1,0,3,0,"","","","","F","F","F","F","F","F","F","F","F","","bakes101","","F","F","F","F","F","","","","",0,0,0,0,0,0,0,0,0,15,"BAL","BAL","DET",1,"F","F",2,0,1,8,3,"T","F",2,5,"T","T","harll101","kellp101","T","T",0,0,0,2,8,14,0,0,0,"","parrl001","",0,0,0,0,0,0,0,0,0,0,0,0,0,"kemps001","F","F","F","F",4,0,4,0,2,0,0,0,0,0,F,F,"1978BAL.EVA.regular.event.csv",5792
"BAL197809232","DET",2,1,1,0,0,"",0,2,"harll101","?","harll101","?","bakes101","?","bakes101","?","parrl001","thomj001","dills101","rodra101","trama001","kemps001","leflr101","corct001","garck001","","dempr001","SB2","F","F",8,1,4,"F","F",0,"F","F",0,"F","F",0,"F","F",0,"","F","F","",0,0,"N",0,"N",0,"N",0,2,0,3,"","","","","T","F","F","F","F","F","F","F","F","bakes101","","bakes101","F","F","F","F","F","","","","",0,0,0,0,0,0,0,0,0,16,"BAL","BAL","DET",1,"F","F",2,0,1,9,4,"T","F",5,6,"T","T","kellp101","singk001","T","T",6,9,15,0,0,0,2,8,14,"parrl001","","parrl001",0,0,0,0,0,0,0,0,0,0,0,0,0,"","F","F","F","F",0,4,0,4,2,0,0,0,0,0,F,F,"1978BAL.EVA.regular.event.csv",5793
"BAL197809232","DET",2,1,1,0,0,"",0,2,"harll101","?","harll101","?","bakes101","?","bakes101","?","parrl001","thomj001","dills101","rodra101","trama001","kemps001","leflr101","corct001","","garck001","dempr001","W","F","F",8,1,14,"T","F",0,"F","F",0,"F","F",0,"F","F",0,"","F","F","",0,0,"N",0,"N",0,"N",1,0,2,3,"","","","","F","F","F","F","F","F","F","F","F","","bakes101","bakes101","F","F","F","F","F","","","","",0,0,0,0,0,0,0,0,0,17,"BAL","BAL","DET",1,"F","F",2,0,1,9,4,"F","F",6,7,"T","T","kellp101","singk001","T","T",0,0,0,6,9,15,2,8,14,"","parrl001","parrl001",0,0,0,0,0,0,0,0,0,0,0,0,0,"","F","F","F","F",0,0,4,4,2,0,0,0,0,0,F,F,"1978BAL.EVA.regular.event.csv",5794
"BAL197809232","DET",2,1,1,0,0,"",0,2,"kellp101","?","kellp101","?","bakes101","?","bakes101","?","parrl001","thomj001","dills101","rodra101","trama001","kemps001","leflr101","corct001","harll101","garck001","dempr001","S/89.3-H;2-3;1-2#","F","F",7,2,20,"T","T",1,"F","F",0,"F","F",1,"F","F",0,"","F","F","89",0,0,"N",0,"N",0,"N",1,2,3,4,"","","","","F","F","F","F","F","F","F","F","F","bakes101","bakes101","bakes101","F","F","F","F","F","","","","",0,0,0,0,0,0,0,0,0,18,"BAL","BAL","DET",1,"F","F",2,0,1,10,5,"T","F",7,7,"T","T","singk001","murre001","T","T",8,1,17,6,9,15,2,8,14,"parrl001","parrl001","parrl001",0,0,0,0,0,0,0,0,0,0,0,0,1,"","F","F","F","F",0,0,4,4,1,0,0,0,0,0,F,T,"1978BAL.EVA.regular.event.csv",5795
"BAL197809232","DET",2,1,1,0,0,"",0,3,"singk001","?","singk001","?","bakes101","?","bakes101","?","parrl001","thomj001","dills101","rodra101","trama001","kemps001","leflr101","corct001","kellp101","harll101","garck001","W.3-H;2-3;1-2","F","F",9,3,14,"T","F",0,"F","F",0,"F","F",1,"F","F",0,"","F","F","",0,0,"N",0,"N",0,"N",1,2,3,4,"","","","","F","F","F","F","F","F","F","F","F","bakes101","bakes101","bakes101","F","F","F","F","F","","","","",0,0,0,0,0,0,0,0,0,19,"BAL","BAL","DET",1,"F","F",3,0,2,11,6,"T","F",7,7,"T","T","murre001","decid001","T","T",7,2,18,8,1,17,6,9,15,"parrl001","parrl001","parrl001",0,0,0,0,0,0,0,0,0,0,0,0,1,"","F","F","F","F",0,0,0,4,0,0,0,0,0,0,F,F,"1978BAL.EVA.regular.event.csv",5796
"BAL197809232","DET",2,1,1,0,0,"",0,4,"murre001","?","murre001","?","morrj001","?","morrj001","?","parrl001","thomj001","dills101","rodra101","trama001","kemps001","leflr101","corct001","singk001","kellp101","harll101","54(1)3/GDP","F","F",3,4,2,"T","T",0,"F","F",2,"T","F",0,"F","F",5,"G","F","F","",0,0,"N",0,"N",0,"N",0,0,2,3,"43","54","","","F","F","F","F","F","F","F","F","F","bakes101","bakes101","bakes101","F","F","F","F","F","","","","",0,4,3,0,5,4,0,0,0,20,"BAL","BAL","DET",1,"F","T",4,0,3,12,7,"T","F",7,6,"T","T","decid001","crowt101","F","F",9,3,19,7,2,18,8,1,17,"parrl001","parrl001","parrl001",0,0,0,0,0,0,0,0,0,0,0,0,0,"rodra101","T","F","F","F",0,0,0,0,0,0,0,0,0,0,F,F,"1978BAL.EVA.regular.event.csv",5797
"BAL197809232","DET",3,0,0,0,0,"",0,4,"corct001","?","corct001","?","palmj001","?","palmj001","?","dempr001","murre001","smitb101","decid001","garck001","kellp101","harll101","singk001","","","","163","T","F",9,7,2,"T","T",0,"F","F",1,"F","F",0,"F","F",1,"G","F","F","",0,0,"N",0,"N",0,"N",0,0,0,0,"163","","","","F","F","F","F","F","F","F","F","F","","","","F","F","F","F","F","","","","",0,3,0,0,1,6,0,0,0,21,"BAL","DET","BAL",0,"T","F",0,4,0,6,0,"T","F",0,0,"T","T","rodra101","trama001","T","T",0,0,0,0,0,0,0,0,0,"","","",0,0,0,0,0,0,0,0,0,0,0,0,0,"palmj001","F","F","F","F",0,0,0,0,0,0,0,0,0,0,F,F,"1978BAL.EVA.regular.event.csv",5798
"BAL197809232","DET",3,0,1,0,0,"",0,4,"rodra101","?","rodra101","?","palmj001","?","palmj001","?","dempr001","murre001","smitb101","decid001","garck001","kellp101","harll101","singk001","","","","9","F","F",5,8,2,"T","T",0,"F","F",1,"F","F",0,"F","F",9,"F","F","F","",0,0,"N",0,"N",0,"N",0,0,0,0,"9","","","","F","F","F","F","F","F","F","F","F","","","","F","F","F","F","F","","","","",0,9,0,0,0,0,0,0,0,22,"BAL","DET","BAL",0,"F","F",0,4,0,7,1,"T","F",0,0,"T","T","trama001","leflr101","T","T",0,0,0,0,0,0,0,0,0,"","","",0,0,0,0,0,0,0,0,0,0,0,0,0,"singk001","F","F","F","F",0,0,0,0,0,0,0,0,0,0,F,F,"1978BAL.EVA.regular.event.csv",5799
"BAL197809232","DET",3,0,2,0,0,"",0,4,"trama001","?","trama001","?","palmj001","?","palmj001","?","dempr001","murre001","smitb101","decid001","garck001","kellp101","harll101","singk001","","","","9","F","F",6,9,2,"T","T",0,"F","F",1,"F","F",0,"F","F",9,"F","F","F","",0,0,"N",0,"N",0,"N",0,0,0,0,"9","","","","F","F","F","F","F","F","F","F","F","","","","F","F","F","F","F","","","","",0,9,0,0,0,0,0,0,0,23,"BAL","DET","BAL",0,"F","T",0,4,0,8,2,"T","F",0,0,"T","T","leflr101","dills101","T","T",0,0,0,0,0,0,0,0,0,"","","",0,0,0,0,0,0,0,0,0,0,0,0,0,"singk001","F","F","F","F",0,0,0,0,0,0,0,0,0,0,F,F,"1978BAL.EVA.regular.event.csv",5800
"BAL197809232","DET",3,1,0,0,0,"",0,4,"decid001","?","decid001","?","morrj001","?","morrj001","?","parrl001","thomj001","dills101","rodra101","trama001","kemps001","leflr101","corct001","","","","HR/7","T","F",5,5,23,"T","T",4,"F","F",0,"F","F",1,"F","F",0,"","F","F","7",0,0,"N",0,"N",0,"N",4,0,0,0,"","","","","F","F","F","F","F","F","F","F","F","","","","F","F","F","F","F","","","","",0,0,0,0,0,0,0,0,0,24,"BAL","BAL","DET",1,"T","F",4,0,0,13,0,"T","F",0,0,"T","T","crowt101","smitb101","F","F",0,0,0,0,0,0,0,0,0,"","","",0,0,0,0,0,0,0,0,0,0,0,0,1,"","F","F","F","F",4,0,0,0,0,0,0,0,0,0,F,F,"1978BAL.EVA.regular.event.csv",5801
"BAL197809232","DET",3,1,0,0,0,"",0,5,"crowt101","?","crowt101","?","morrj001","?","morrj001","?","parrl001","thomj001","dills101","rodra101","trama001","kemps001","leflr101","corct001","","","","8","F","F",10,6,2,"T","T",0,"F","F",1,"F","F",0,"F","F",8,"F","F","F","",0,0,"N",0,"N",0,"N",0,0,0,0,"8","","","","F","F","F","F","F","F","F","F","F","","","","F","F","F","F","F","","","","",0,8,0,0,0,0,0,0,0,25,"BAL","BAL","DET",1,"F","F",5,0,1,14,1,"T","F",0,0,"T","T","smitb101","dempr001","F","F",0,0,0,0,0,0,0,0,0,"","","",0,0,0,0,0,0,0,0,0,0,0,0,0,"leflr101","F","F","F","F",0,0,0,0,0,0,0,0,0,0,F,F,"1978BAL.EVA.regular.event.csv",5802
"BAL197809232","DET",3,1,1,0,0,"",0,5,"smitb101","?","smitb101","?","morrj001","?","morrj001","?","parrl001","thomj001","dills101","rodra101","trama001","kemps001","leflr101","corct001","","","","7","F","F",4,7,2,"T","T",0,"F","F",1,"F","F",0,"F","F",7,"F","F","F","",0,0,"N",0,"N",0,"N",0,0,0,0,"7","","","","F","F","F","F","F","F","F","F","F","","","","F","F","F","F","F","","","","",0,7,0,0,0,0,0,0,0,26,"BAL","BAL","DET",1,"F","F",5,0,1,15,2,"T","F",0,0,"T","T","dempr001","garck001","F","F",0,0,0,0,0,0,0,0,0,"","","",0,0,0,0,0,0,0,0,0,0,0,0,0,"kemps001","F","F","F","F",0,0,0,0,0,0,0,0,0,0,F,F,"1978BAL.EVA.regular.event.csv",5803
"BAL197809232","DET",3,1,2,0,0,"",0,5,"dempr001","?","dempr001","?","morrj001","?","morrj001","?","parrl001","thomj001","dills101","rodra101","trama001","kemps001","leflr101","corct001","","","","8/L","F","F",2,8,2,"T","T",0,"F","F",1,"F","F",0,"F","F",8,"L","F","F","",0,0,"N",0,"N",0,"N",0,0,0,0,"8","","","","F","F","F","F","F","F","F","F","F","","","","F","F","F","F","F","","","","",0,8,0,0,0,0,0,0,0,27,"BAL","BAL","DET",1,"F","T",5,0,1,16,3,"T","F",0,0,"T","T","garck001","harll101","F","F",0,0,0,0,0,0,0,0,0,"","","",0,0,0,0,0,0,0,0,0,0,0,0,0,"leflr101","F","F","F","F",0,0,0,0,0,0,0,0,0,0,F,F,"1978BAL.EVA.regular.event.csv",5804
"BAL197809232","DET",4,0,0,0,0,"",0,5,"leflr101","?","leflr101","?","palmj001","?","palmj001","?","dempr001","murre001","smitb101","decid001","garck001","kellp101","harll101","singk001","","","","43","T","F",8,1,2,"T","T",0,"F","F",1,"F","F",0,"F","F",4,"G","F","F","",0,0,"N",0,"N",0,"N",0,0,0,0,"43","","","","F","F","F","F","F","F","F","F","F","","","","F","F","F","F","F","","","","",0,3,0,0,4,0,0,0,0,28,"BAL","DET","BAL",0,"T","F",0,5,0,9,0,"T","F",0,0,"T","T","dills101","staur001","T","T",0,0,0,0,0,0,0,0,0,"","","",0,0,0,0,0,0,0,0,0,0,0,0,0,"smitb101","F","F","F","F",0,0,0,0,0,0,0,0,0,0,F,F,"1978BAL.EVA.regular.event.csv",5805
"BAL197809232","DET",4,0,1,0,0,"",0,5,"dills101","?","dills101","?","palmj001","?","palmj001","?","dempr001","murre001","smitb101","decid001","garck001","kellp101","harll101","singk001","","","","2/FL","F","F",4,2,2,"T","T",0,"F","F",1,"F","F",0,"F","F",2,"F","F","T","",0,0,"N",0,"N",0,"N",0,0,0,0,"2","","","","F","F","F","F","F","F","F","F","F","","","","F","F","F","F","F","","","","",0,2,0,0,0,0,0,0,0,29,"BAL","DET","BAL",0,"F","F",0,5,0,10,1,"T","F",0,0,"T","T","staur001","thomj001","T","T",0,0,0,0,0,0,0,0,0,"","","",0,0,0,0,0,0,0,0,0,0,0,0,0,"dempr001","F","F","F","F",0,0,0,0,0,0,0,0,0,0,F,F,"1978BAL.EVA.regular.event.csv",5806
"BAL197809232","DET",4,0,2,0,0,"",0,5,"staur001","?","staur001","?","palmj001","?","palmj001","?","dempr001","murre001","smitb101","decid001","garck001","kellp101","harll101","singk001","","","","S9/G#","F","F",10,3,20,"T","T",1,"F","F",0,"F","F",0,"F","F",9,"G","F","F","",0,0,"N",0,"N",0,"N",1,0,0,0,"","","","","F","F","F","F","F","F","F","F","F","","","","F","F","F","F","F","","","","",0,0,0,0,0,0,0,0,0,30,"BAL","DET","BAL",0,"F","F",0,5,0,11,2,"T","F",0,1,"T","T","thomj001","kemps001","T","T",0,0,0,0,0,0,0,0,0,"","","",0,0,0,0,0,0,0,0,0,0,0,0,0,"singk001","F","F","F","F",0,0,0,0,0,0,0,0,0,0,F,T,"1978BAL.EVA.regular.event.csv",5807
"BAL197809232","DET",4,0,2,0,0,"",0,5,"thomj001","?","thomj001","?","palmj001","?","palmj001","?","dempr001","murre001","smitb101","decid001","garck001","kellp101","harll101","singk001","staur001","","","43","F","F",3,4,2,"T","T",0,"F","F",1,"F","F",0,"F","F",4,"G","F","F","",0,0,"N",0,"N",0,"N",0,1,0,0,"43","","","","F","F","F","F","F","F","F","F","F","palmj001","","","F","F","F","F","F","","","","",0,3,0,0,4,0,0,0,0,31,"BAL","DET","BAL",0,"F","T",0,5,0,12,3,"T","F",1,1,"T","T","kemps001","parrl001","T","T",10,3,30,0,0,0,0,0,0,"dempr001","","",0,0,0,0,0,0,0,0,0,0,0,0,0,"smitb101","F","F","F","F",0,0,0,0,0,0,0,0,0,0,F,F,"1978BAL.EVA.regular.event.csv",5808
"BAL197809232","DET",4,1,0,0,0,"",0,5,"garck001","?","garck001","?","morrj001","?","morrj001","?","parrl001","thomj001","dills101","rodra101","trama001","kemps001","leflr101","corct001","","","","W","T","F",6,9,14,"T","F",0,"F","F",0,"F","F",0,"F","F",0,"","F","F","",0,0,"N",0,"N",0,"N",1,0,0,0,"","","","","F","F","F","F","F","F","F","F","F","","","","F","F","F","F","F","","","","",0,0,0,0,0,0,0,0,0,32,"BAL","BAL","DET",1,"T","F",5,0,0,17,0,"T","F",0,1,"T","T","harll101","kellp101","F","F",0,0,0,0,0,0,0,0,0,"","","",0,0,0,0,0,0,0,0,0,0,0,0,0,"","F","F","F","F",0,0,0,0,0,0,0,0,0,0,F,F,"1978BAL.EVA.regular.event.csv",5809
"BAL197809232","DET",4,1,0,0,0,"",0,5,"harll101","?","harll101","?","morrj001","?","morrj001","?","parrl001","thomj001","dills101","rodra101","trama001","kemps001","leflr101","corct001","garck001","","","SB2","F","F",8,1,4,"F","F",0,"F","F",0,"F","F",0,"F","F",0,"","F","F","",0,0,"N",0,"N",0,"N",0,2,0,0,"","","","","T","F","F","F","F","F","F","F","F","morrj001","","","F","F","F","F","F","","","","",0,0,0,0,0,0,0,0,0,33,"BAL","BAL","DET",1,"F","F",5,0,0,18,1,"T","F",1,2,"T","T","kellp101","singk001","F","F",6,9,32,0,0,0,0,0,0,"parrl001","","",0,0,0,0,0,0,0,0,0,0,0,0,0,"","F","F","F","F",0,0,0,0,0,0,0,0,0,0,F,F,"1978BAL.EVA.regular.event.csv",5810
"BAL197809232","DET",4,1,0,0,0,"",0,5,"harll101","?","harll101","?","morrj001","?","morrj001","?","parrl001","thomj001","dills101","rodra101","trama001","kemps001","leflr101","corct001","","garck001","","K","F","F",8,1,3,"T","T",0,"F","F",1,"F","F",0,"F","F",0,"","F","F","",0,0,"N",0,"N",0,"N",0,0,2,0,"2","","","","F","F","F","F","F","F","F","F","F","","morrj001","","F","F","F","F","F","","","","",0,2,0,0,0,0,0,0,0,34,"BAL","BAL","DET",1,"F","F",5,0,0,18,1,"F","F",2,2,"T","T","kellp101","singk001","F","F",0,0,0,6,9,32,0,0,0,"","parrl001","",0,0,0,0,0,0,0,0,0,0,0,0,0,"","F","F","F","F",0,0,0,0,0,0,0,0,0,0,F,F,"1978BAL.EVA.regular.event.csv",5811
"BAL197809232","DET",4,1,1,0,0,"",0,5,"kellp101","?","kellp101","?","morrj001","?","morrj001","?","parrl001","thomj001","dills101","rodra101","trama001","kemps001","leflr101","corct001","","garck001","","W","F","F",7,2,14,"T","F",0,"F","F",0,"F","F",0,"F","F",0,"","F","F","",0,0,"N",0,"N",0,"N",1,0,2,0,"","","","","F","F","F","F","F","F","F","F","F","","morrj001","","F","F","F","F","F","","","","",0,0,0,0,0,0,0,0,0,35,"BAL","BAL","DET",1,"F","F",5,0,0,19,2,"T","F",2,3,"T","T","singk001","murre001","F","F",0,0,0,6,9,32,0,0,0,"","parrl001","",0,0,0,0,0,0,0,0,0,0,0,0,0,"","F","F","F","F",0,0,0,0,0,0,0,0,0,0,F,F,"1978BAL.EVA.regular.event.csv",5812
"BAL197809232","DET",4,1,1,0,0,"",0,5,"singk001","?","singk001","?","morrj001","?","morrj001","?","parrl001","thomj001","dills101","rodra101","trama001","kemps001","leflr101","corct001","kellp101","garck001","","64(1)3/GDP","F","F",9,3,2,"T","T",0,"F","F",2,"T","F",0,"F","F",6,"G","F","F","",0,0,"N",0,"N",0,"N",0,0,2,0,"43","64","","","F","F","F","F","F","F","F","F","F","morrj001","morrj001","","F","F","F","F","F","","","","",0,4,3,0,6,4,0,0,0,36,"BAL","BAL","DET",1,"F","T",5,0,0,20,3,"T","F",3,2,"T","T","murre001","decid001","F","F",7,2,35,6,9,32,0,0,0,"parrl001","parrl001","",0,0,0,0,0,0,0,0,0,0,0,0,0,"trama001","T","F","F","F",0,0,0,0,0,0,0,0,0,0,F,F,"1978BAL.EVA.regular.event.csv",5813
"BAL197809232","DET",5,0,0,0,0,"",0,5,"kemps001","?","kemps001","?","palmj001","?","palmj001","?","dempr001","murre001","smitb101","decid001","garck001","kellp101","harll101","singk001","","","","S9","T","F",7,5,20,"T","T",1,"F","F",0,"F","F",0,"F","F",9,"","F","F","",0,0,"N",0,"N",0,"N",1,0,0,0,"","","","","F","F","F","F","F","F","F","F","F","","","","F","F","F","F","F","","","","",0,0,0,0,0,0,0,0,0,37,"BAL","DET","BAL",0,"T","F",0,5,0,13,0,"T","F",0,1,"T","T","parrl001","corct001","T","T",0,0,0,0,0,0,0,0,0,"","","",0,0,0,0,0,0,0,0,0,0,0,0,0,"singk001","F","F","F","F",0,0,0,0,0,0,0,0,0,0,F,F,"1978BAL.EVA.regular.event.csv",5814
"BAL197809232","DET",5,0,0,0,0,"",0,5,"parrl001","?","parrl001","?","palmj001","?","palmj001","?","dempr001","murre001","smitb101","decid001","garck001","kellp101","harll101","singk001","kemps001","","","K","F","F",2,6,3,"T","T",0,"F","F",1,"F","F",0,"F","F",0,"","F","F","",0,0,"N",0,"N",0,"N",0,1,0,0,"2","","","","F","F","F","F","F","F","F","F","F","palmj001","","","F","F","F","F","F","","","","",0,2,0,0,0,0,0,0,0,38,"BAL","DET","BAL",0,"F","F",0,5,0,14,1,"T","F",1,1,"T","T","corct001","rodra101","T","T",7,5,37,0,0,0,0,0,0,"dempr001","","",0,0,0,0,0,0,0,0,0,0,0,0,0,"","F","F","F","F",0,0,0,0,0,0,0,0,0,0,F,F,"1978BAL.EVA.regular.event.csv",5815
"BAL197809232","DET",5,0,1,0,0,"",0,5,"corct001","?","corct001","?","palmj001","?","palmj001","?","dempr001","murre001","smitb101","decid001","garck001","kellp101","harll101","singk001","kemps001","","","64(1)/FO.B-1","F","F",9,7,2,"T","T",0,"F","F",1,"F","F",0,"F","F",6,"G","F","F","",0,0,"N",0,"N",0,"N",1,0,0,0,"","64","","","F","F","F","F","F","F","F","F","F","palmj001","","","F","F","F","F","F","","","","",0,4,0,0,6,0,0,0,0,39,"BAL","DET","BAL",0,"F","F",0,5,0,15,2,"T","F",1,1,"T","T","rodra101","trama001","T","T",7,5,37,0,0,0,0,0,0,"dempr001","","",0,0,0,0,0,0,0,0,0,0,0,0,0,"garck001","T","F","F","F",0,0,0,0,0,0,0,0,0,0,F,F,"1978BAL.EVA.regular.event.csv",5816
"BAL197809232","DET",5,0,2,0,0,"",0,5,"rodra101","?","rodra101","?","palmj001","?","palmj001","?","dempr001","murre001","smitb101","decid001","garck001","kellp101","harll101","singk001","corct001","","","8","F","F",5,8,2,"T","T",0,"F","F",1,"F","F",0,"F","F",8,"F","F","F","",0,0,"N",0,"N",0,"N",0,1,0,0,"8","","","","F","F","F","F","F","F","F","F","F","palmj001","","","F","F","F","F","F","","","","",0,8,0,0,0,0,0,0,0,40,"BAL","DET","BAL",0,"F","T",0,5,0,16,3,"T","F",1,1,"T","T","trama001","leflr101","T","T",9,7,39,0,0,0,0,0,0,"dempr001","","",0,0,0,0,0,0,0,0,0,0,0,0,0,"harll101","F","F","F","F",0,0,0,0,0,0,0,0,0,0,F,F,"1978BAL.EVA.regular.event.csv",5817
"BAL197809232","DET",5,1,0,0,0,"",0,5,"murre001","?","murre001","?","morrj001","?","morrj001","?","parrl001","thomj001","dills101","rodra101","trama001","kemps001","leflr101","corct001","","","","6","T","F",3,4,2,"T","T",0,"F","F",1,"F","F",0,"F","F",6,"F","F","F","",0,0,"N",0,"N",0,"N",0,0,0,0,"6","","","","F","F","F","F","F","F","F","F","F","","","","F","F","F","F","F","","","","",0,6,0,0,0,0,0,0,0,41,"BAL","BAL","DET",1,"T","F",5,0,0,21,0,"T","F",0,0,"T","T","decid001","crowt101","F","F",0,0,0,0,0,0,0,0,0,"","","",0,0,0,0,0,0,0,0,0,0,0,0,0,"trama001","F","F","F","F",0,0,0,0,0,0,0,0,0,0,F,F,"1978BAL.EVA.regular.event.csv",5818
"BAL197809232","DET",5,1,1,0,0,"",0,5,"decid001","?","decid001","?","morrj001","?","morrj001","?","parrl001","thomj001","dills101","rodra101","trama001","kemps001","leflr101","corct001","","","","53","F","F",5,5,2,"T","T",0,"F","F",1,"F","F",0,"F","F",5,"G","F","F","",0,0,"N",0,"N",0,"N",0,0,0,0,"53","","","","F","F","F","F","F","F","F","F","F","","","","F","F","F","F","F","","","","",0,3,0,0,5,0,0,0,0,42,"BAL","BAL","DET",1,"F","F",5,0,0,22,1,"T","F",0,0,"T","T","crowt101","smitb101","F","F",0,0,0,0,0,0,0,0,0,"","","",0,0,0,0,0,0,0,0,0,0,0,0,0,"rodra101","F","F","F","F",0,0,0,0,0,0,0,0,0,0,F,F,"1978BAL.EVA.regular.event.csv",5819
"BAL197809232","DET",5,1,2,0,0,"",0,5,"crowt101","?","crowt101","?","morrj001","?","morrj001","?","parrl001","thomj001","dills101","rodra101","trama001","kemps001","leflr101","corct001","","","","13","F","F",10,6,2,"T","T",0,"F","F",1,"F","F",0,"F","F",1,"G","F","F","",0,0,"N",0,"N",0,"N",0,0,0,0,"13","","","","F","F","F","F","F","F","F","F","F","","","","F","F","F","F","F","","","","",0,3,0,0,1,0,0,0,0,43,"BAL","BAL","DET",1,"F","T",5,0,0,23,2,"T","F",0,0,"T","T","smitb101","dempr001","F","F",0,0,0,0,0,0,0,0,0,"","","",0,0,0,0,0,0,0,0,0,0,0,0,0,"morrj001","F","F","F","F",0,0,0,0,0,0,0,0,0,0,F,F,"1978BAL.EVA.regular.event.csv",5820
"BAL197809232","DET",6,0,0,0,0,"",0,5,"trama001","?","trama001","?","palmj001","?","palmj001","?","dempr001","murre001","smitb101","decid001","garck001","kellp101","harll101","singk001","","","","8","T","F",6,9,2,"T","T",0,"F","F",1,"F","F",0,"F","F",8,"F","F","F","",0,0,"N",0,"N",0,"N",0,0,0,0,"8","","","","F","F","F","F","F","F","F","F","F","","","","F","F","F","F","F","","","","",0,8,0,0,0,0,0,0,0,44,"BAL","DET","BAL",0,"T","F",0,5,0,17,0,"T","F",0,0,"T","T","leflr101","dills101","T","T",0,0,0,0,0,0,0,0,0,"","","",0,0,0,0,0,0,0,0,0,0,0,0,0,"harll101","F","F","F","F",0,0,0,0,0,0,0,0,0,0,F,F,"1978BAL.EVA.regular.event.csv",5821
"BAL197809232","DET",6,0,1,0,0,"",0,5,"leflr101","?","leflr101","?","palmj001","?","palmj001","?","dempr001","murre001","smitb101","decid001","garck001","kellp101","harll101","singk001","","","","63","F","F",8,1,2,"T","T",0,"F","F",1,"F","F",0,"F","F",6,"G","F","F","",0,0,"N",0,"N",0,"N",0,0,0,0,"63","","","","F","F","F","F","F","F","F","F","F","","","","F","F","F","F","F","","","","",0,3,0,0,6,0,0,0,0,45,"BAL","DET","BAL",0,"F","F",0,5,0,18,1,"T","F",0,0,"T","T","dills101","staur001","T","T",0,0,0,0,0,0,0,0,0,"","","",0,0,0,0,0,0,0,0,0,0,0,0,0,"garck001","F","F","F","F",0,0,0,0,0,0,0,0,0,0,F,F,"1978BAL.EVA.regular.event.csv",5822
"BAL197809232","DET",6,0,2,0,0,"",0,5,"dills101","?","dills101","?","palmj001","?","palmj001","?","dempr001","murre001","smitb101","decid001","garck001","kellp101","harll101","singk001","","","","6","F","F",4,2,2,"T","T",0,"F","F",1,"F","F",0,"F","F",6,"F","F","F","",0,0,"N",0,"N",0,"N",0,0,0,0,"6","","","","F","F","F","F","F","F","F","F","F","","","","F","F","F","F","F","","","","",0,6,0,0,0,0,0,0,0,46,"BAL","DET","BAL",0,"F","T",0,5,0,19,2,"T","F",0,0,"T","T","staur001","thomj001","T","T",0,0,0,0,0,0,0,0,0,"","","",0,0,0,0,0,0,0,0,0,0,0,0,0,"garck001","F","F","F","F",0,0,0,0,0,0,0,0,0,0,F,F,"1978BAL.EVA.regular.event.csv",5823
"BAL197809232","DET",6,1,0,0,0,"",0,5,"smitb101","?","smitb101","?","morrj001","?","morrj001","?","parrl001","thomj001","dills101","rodra101","trama001","kemps001","leflr101","corct001","","","","43","T","F",4,7,2,"T","T",0,"F","F",1,"F","F",0,"F","F",4,"G","F","F","",0,0,"N",0,"N",0,"N",0,0,0,0,"43","","","","F","F","F","F","F","F","F","F","F","","","","F","F","F","F","F","","","","",0,3,0,0,4,0,0,0,0,47,"BAL","BAL","DET",1,"T","F",5,0,0,24,0,"T","F",0,0,"T","T","dempr001","garck001","F","F",0,0,0,0,0,0,0,0,0,"","","",0,0,0,0,0,0,0,0,0,0,0,0,0,"dills101","F","F","F","F",0,0,0,0,0,0,0,0,0,0,F,F,"1978BAL.EVA.regular.event.csv",5824
"BAL197809232","DET",6,1,1,0,0,"",0,5,"dempr001","?","dempr001","?","morrj001","?","morrj001","?","parrl001","thomj001","dills101","rodra101","trama001","kemps001","leflr101","corct001","","","","8","F","F",2,8,2,"T","T",0,"F","F",1,"F","F",0,"F","F",8,"F","F","F","",0,0,"N",0,"N",0,"N",0,0,0,0,"8","","","","F","F","F","F","F","F","F","F","F","","","","F","F","F","F","F","","","","",0,8,0,0,0,0,0,0,0,48,"BAL","BAL","DET",1,"F","F",5,0,0,25,1,"T","F",0,0,"T","T","garck001","harll101","F","F",0,0,0,0,0,0,0,0,0,"","","",0,0,0,0,0,0,0,0,0,0,0,0,0,"leflr101","F","F","F","F",0,0,0,0,0,0,0,0,0,0,F,F,"1978BAL.EVA.regular.event.csv",5825
"BAL197809232","DET",6,1,2,0,0,"",0,5,"garck001","?","garck001","?","morrj001","?","morrj001","?","parrl001","thomj001","dills101","rodra101","trama001","kemps001","leflr101","corct001","","","","53","F","F",6,9,2,"T","T",0,"F","F",1,"F","F",0,"F","F",5,"G","F","F","",0,0,"N",0,"N",0,"N",0,0,0,0,"53","","","","F","F","F","F","F","F","F","F","F","","","","F","F","F","F","F","","","","",0,3,0,0,5,0,0,0,0,49,"BAL","BAL","DET",1,"F","T",5,0,0,26,2,"T","F",0,0,"T","T","harll101","kellp101","F","F",0,0,0,0,0,0,0,0,0,"","","",0,0,0,0,0,0,0,0,0,0,0,0,0,"rodra101","F","F","F","F",0,0,0,0,0,0,0,0,0,0,F,F,"1978BAL.EVA.regular.event.csv",5826
"BAL197809232","DET",7,0,0,0,0,"",0,5,"staur001","?","staur001","?","palmj001","?","palmj001","?","dempr001","murre001","smitb101","decid001","garck001","kellp101","harll101","singk001","","","","7","T","F",10,3,2,"T","T",0,"F","F",1,"F","F",0,"F","F",7,"F","F","F","",0,0,"N",0,"N",0,"N",0,0,0,0,"7","","","","F","F","F","F","F","F","F","F","F","","","","F","F","F","F","F","","","","",0,7,0,0,0,0,0,0,0,50,"BAL","DET","BAL",0,"T","F",0,5,0,20,0,"T","F",0,0,"T","T","thomj001","kemps001","T","T",0,0,0,0,0,0,0,0,0,"","","",0,0,0,0,0,0,0,0,0,0,0,0,0,"kellp101","F","F","F","F",0,0,0,0,1,0,0,0,0,0,F,F,"1978BAL.EVA.regular.event.csv",5827
"BAL197809232","DET",7,0,1,0,0,"",0,5,"thomj001","?","thomj001","?","palmj001","?","palmj001","?","dempr001","murre001","smitb101","decid001","garck001","kellp101","harll101","singk001","","","","8/8D","F","F",3,4,2,"T","T",0,"F","F",1,"F","F",0,"F","F",8,"F","F","F","8D",0,0,"N",0,"N",0,"N",0,0,0,0,"8","","","","F","F","F","F","F","F","F","F","F","","","","F","F","F","F","F","","","","",0,8,0,0,0,0,0,0,0,51,"BAL","DET","BAL",0,"F","F",0,5,0,21,1,"T","F",0,0,"T","T","kemps001","parrl001","T","T",0,0,0,0,0,0,0,0,0,"","","",0,0,0,0,0,0,0,0,0,0,0,0,0,"harll101","F","F","F","F",0,0,0,0,1,0,0,0,0,0,F,F,"1978BAL.EVA.regular.event.csv",5828
"BAL197809232","DET",7,0,2,0,0,"",0,5,"kemps001","?","kemps001","?","palmj001","?","palmj001","?","dempr001","murre001","smitb101","decid001","garck001","kellp101","harll101","singk001","","","","HR/9","F","F",7,5,23,"T","T",4,"F","F",0,"F","F",1,"F","F",0,"","F","F","9",0,0,"N",0,"N",0,"N",4,0,0,0,"","","","","F","F","F","F","F","F","F","F","F","","","","F","F","F","F","F","","","","",0,0,0,0,0,0,0,0,0,52,"BAL","DET","BAL",0,"F","F",0,5,0,22,2,"T","F",0,0,"T","T","parrl001","corct001","T","T",0,0,0,0,0,0,0,0,0,"","","",0,0,0,0,0,0,0,0,0,0,0,0,1,"","F","F","F","F",4,0,0,0,0,0,0,0,0,0,F,F,"1978BAL.EVA.regular.event.csv",5829
"BAL197809232","DET",7,0,2,0,0,"",1,5,"parrl001","?","parrl001","?","palmj001","?","palmj001","?","dempr001","murre001","smitb101","decid001","garck001","kellp101","harll101","singk001","","","","9/9D","F","F",2,6,2,"T","T",0,"F","F",1,"F","F",0,"F","F",9,"F","F","F","9D",0,0,"N",0,"N",0,"N",0,0,0,0,"9","","","","F","F","F","F","F","F","F","F","F","","","","F","F","F","F","F","","","","",0,9,0,0,0,0,0,0,0,53,"BAL","DET","BAL",0,"F","T",1,5,1,23,3,"T","F",0,0,"T","T","corct001","rodra101","T","T",0,0,0,0,0,0,0,0,0,"","","",0,0,0,0,0,0,0,0,0,0,0,0,0,"singk001","F","F","F","F",0,0,0,0,0,0,0,0,0,0,F,F,"1978BAL.EVA.regular.event.csv",5830
"BAL197809232","DET",7,1,0,0,0,"",1,5,"harll101","?","harll101","?","morrj001","?","morrj001","?","parrl001","thomj001","dills101","rodra101","trama001","kemps001","leflr101","corct001","","","","K","T","F",8,1,3,"T","T",0,"F","F",1,"F","F",0,"F","F",0,"","F","F","",0,0,"N",0,"N",0,"N",0,0,0,0,"2","","","","F","F","F","F","F","F","F","F","F","","","","F","F","F","F","F","","","","",0,2,0,0,0,0,0,0,0,54,"BAL","BAL","DET",1,"T","F",5,1,0,27,0,"T","F",0,0,"T","T","kellp101","singk001","F","F",0,0,0,0,0,0,0,0,0,"","","",0,0,0,0,0,0,0,0,0,0,0,0,0,"","F","F","F","F",0,0,0,0,0,0,0,0,0,0,F,F,"1978BAL.EVA.regular.event.csv",5831
"BAL197809232","DET",7,1,1,0,0,"",1,5,"kellp101","?","kellp101","?","morrj001","?","morrj001","?","parrl001","thomj001","dills101","rodra101","trama001","kemps001","leflr101","corct001","","","","K","F","F",7,2,3,"T","T",0,"F","F",1,"F","F",0,"F","F",0,"","F","F","",0,0,"N",0,"N",0,"N",0,0,0,0,"2","","","","F","F","F","F","F","F","F","F","F","","","","F","F","F","F","F","","","","",0,2,0,0,0,0,0,0,0,55,"BAL","BAL","DET",1,"F","F",5,1,0,28,1,"T","F",0,0,"T","T","singk001","murre001","F","F",0,0,0,0,0,0,0,0,0,"","","",0,0,0,0,0,0,0,0,0,0,0,0,0,"","F","F","F","F",0,0,0,0,0,0,0,0,0,0,F,F,"1978BAL.EVA.regular.event.csv",5832
"BAL197809232","DET",7,1,2,0,0,"",1,5,"singk001","?","singk001","?","morrj001","?","morrj001","?","parrl001","thomj001","dills101","rodra101","trama001","kemps001","leflr101","corct001","","","","W","F","F",9,3,14,"T","F",0,"F","F",0,"F","F",0,"F","F",0,"","F","F","",0,0,"N",0,"N",0,"N",1,0,0,0,"","","","","F","F","F","F","F","F","F","F","F","","","","F","F","F","F","F","","","","",0,0,0,0,0,0,0,0,0,56,"BAL","BAL","DET",1,"F","F",5,1,0,29,2,"T","F",0,1,"T","T","murre001","decid001","F","F",0,0,0,0,0,0,0,0,0,"","","",0,0,0,0,0,0,0,0,0,0,0,0,0,"","F","F","F","F",1,0,0,0,0,0,0,0,0,0,F,F,"1978BAL.EVA.regular.event.csv",5833
"BAL197809232","DET",7,1,2,0,0,"",1,5,"murre001","?","murre001","?","morrj001","?","morrj001","?","parrl001","thomj001","dills101","rodra101","trama001","kemps001","leflr101","corct001","dimmm101","","","9","F","F",3,4,2,"T","T",0,"F","F",1,"F","F",0,"F","F",9,"F","F","F","",0,0,"N",0,"N",0,"N",0,1,0,0,"9","","","","F","F","F","F","F","F","F","F","F","morrj001","","","F","F","T","F","F","singk001","","","",0,9,0,0,0,0,0,0,0,57,"BAL","BAL","DET",1,"F","T",5,1,0,30,3,"T","F",1,1,"T","T","decid001","crowt101","F","F",0,3,56,0,0,0,0,0,0,"parrl001","","",0,0,0,0,0,0,0,0,0,0,0,0,0,"corct001","F","F","F","F",0,1,0,0,0,0,0,0,0,0,F,F,"1978BAL.EVA.regular.event.csv",5834
"BAL197809232","DET",8,0,0,0,0,"",1,5,"corct001","?","corct001","?","palmj001","?","palmj001","?","dempr001","murre001","smitb101","decid001","garck001","andem101","harll101","dimmm101","","","","13","T","F",9,7,2,"T","T",0,"F","F",1,"F","F",0,"F","F",1,"G","F","F","",0,0,"N",0,"N",0,"N",0,0,0,0,"13","","","","F","F","F","F","F","F","F","F","F","","","","F","F","F","F","F","","","","",0,3,0,0,1,0,0,0,0,58,"BAL","DET","BAL",0,"T","F",1,5,0,24,0,"T","F",0,0,"T","T","rodra101","trama001","T","T",0,0,0,0,0,0,0,0,0,"","","",0,0,0,0,0,0,0,0,0,0,0,0,0,"palmj001","F","F","F","F",0,0,0,0,0,0,0,0,0,0,F,F,"1978BAL.EVA.regular.event.csv",5835
"BAL197809232","DET",8,0,1,0,0,"",1,5,"rodra101","?","rodra101","?","palmj001","?","palmj001","?","dempr001","murre001","smitb101","decid001","garck001","andem101","harll101","dimmm101","","","","S9.B-3(E9)","F","F",5,8,20,"T","T",1,"F","F",0,"F","F",0,"F","F",9,"","F","F","",1,9,"F",0,"N",0,"N",3,0,0,0,"","","","","F","F","F","F","F","F","F","F","F","","","","F","F","F","F","F","","","","",0,0,0,0,0,0,0,0,0,59,"BAL","DET","BAL",0,"F","F",1,5,0,25,1,"T","F",0,4,"T","T","trama001","leflr101","T","T",0,0,0,0,0,0,0,0,0,"","","",0,0,0,0,0,0,0,0,0,0,0,0,0,"dimmm101","F","F","F","F",0,0,0,0,0,0,0,0,0,0,F,F,"1978BAL.EVA.regular.event.csv",5836
"BAL197809232","DET",8,0,1,0,0,"",1,5,"trama001","?","trama001","?","palmj001","?","palmj001","?","dempr001","murre001","smitb101","decid001","garck001","andem101","harll101","dimmm101","","","rodra101","53","F","F",6,9,2,"T","T",0,"F","F",1,"F","F",0,"F","F",5,"G","F","F","",0,0,"N",0,"N",0,"N",0,0,0,3,"53","","","","F","F","F","F","F","F","F","F","F","","","palmj001","F","F","F","F","F","","","","",0,3,0,0,5,0,0,0,0,60,"BAL","DET","BAL",0,"F","F",1,5,0,26,2,"T","F",4,4,"T","T","leflr101","dills101","T","T",0,0,0,0,0,0,5,8,59,"","","dempr001",0,0,0,0,0,0,0,0,0,0,0,0,0,"decid001","F","F","F","F",0,0,0,0,0,0,0,0,0,0,F,F,"1978BAL.EVA.regular.event.csv",5837
"BAL197809232","DET",8,0,2,0,0,"",1,5,"leflr101","?","leflr101","?","palmj001","?","palmj001","?","dempr001","murre001","smitb101","decid001","garck001","andem101","harll101","dimmm101","","","rodra101","53","F","F",8,1,2,"T","T",0,"F","F",1,"F","F",0,"F","F",5,"G","F","F","",0,0,"N",0,"N",0,"N",0,0,0,3,"53","","","","F","F","F","F","F","F","F","F","F","","","palmj001","F","F","F","F","F","","","","",0,3,0,0,5,0,0,0,0,61,"BAL","DET","BAL",0,"F","T",1,5,0,27,3,"T","F",4,4,"T","T","dills101","staur001","T","T",0,0,0,0,0,0,5,8,59,"","","dempr001",0,0,0,0,0,0,0,0,0,0,0,0,0,"decid001","F","F","F","F",0,0,0,0,0,0,0,0,0,0,F,F,"1978BAL.EVA.regular.event.csv",5838
"BAL197809232","DET",8,1,0,0,0,"",1,5,"decid001","?","decid001","?","morrj001","?","morrj001","?","parrl001","thomj001","dills101","rodra101","trama001","kemps001","leflr101","corct001","","","","D7","T","F",5,5,21,"T","T",2,"F","F",0,"F","F",0,"F","F",7,"","F","F","",0,0,"N",0,"N",0,"N",2,0,0,0,"","","","","F","F","F","F","F","F","F","F","F","","","","F","F","F","F","F","","","","",0,0,0,0,0,0,0,0,0,62,"BAL","BAL","DET",1,"T","F",5,1,0,31,0,"T","F",0,2,"T","T","crowt101","smitb101","F","F",0,0,0,0,0,0,0,0,0,"","","",0,0,0,0,0,0,0,0,0,0,0,0,0,"kemps001","F","F","F","F",0,0,0,0,1,0,0,0,0,0,F,F,"1978BAL.EVA.regular.event.csv",5839
"BAL197809232","DET",8,1,0,0,0,"",1,5,"crowt101","?","crowt101","?","morrj001","?","morrj001","?","parrl001","thomj001","dills101","rodra101","trama001","kemps001","leflr101","corct001","","decid001","","HP","F","F",10,6,16,"T","F",0,"F","F",0,"F","F",0,"F","F",0,"","F","F","",0,0,"N",0,"N",0,"N",1,0,2,0,"","","","","F","F","F","F","F","F","F","F","F","","morrj001","","F","F","F","F","F","","","","",0,0,0,0,0,0,0,0,0,63,"BAL","BAL","DET",1,"F","F",5,1,0,32,1,"T","F",2,3,"T","T","smitb101","dempr001","F","F",0,0,0,5,5,62,0,0,0,"","parrl001","",0,0,0,0,0,0,0,0,0,0,0,0,0,"","F","F","F","F",4,0,0,0,1,0,0,0,0,0,F,F,"1978BAL.EVA.regular.event.csv",5840
"BAL197809232","DET",8,1,0,0,0,"",1,5,"smitb101","?","smitb101","?","morrj001","?","morrj001","?","parrl001","thomj001","dills101","rodra101","trama001","kemps001","leflr101","corct001","crowt101","decid001","","25(2)/FO/BG.1-2;B-1","F","F",4,7,2,"T","T",0,"F","F",1,"F","F",0,"F","F",2,"G","T","F","",0,0,"N",0,"N",0,"N",1,2,0,0,"","","25","","F","F","F","F","F","F","F","F","F","morrj001","morrj001","","F","F","F","F","F","","","","",0,5,0,0,2,0,0,0,0,64,"BAL","BAL","DET",1,"F","F",5,1,0,33,2,"T","F",3,3,"T","T","dempr001","garck001","F","F",10,6,63,5,5,62,0,0,0,"parrl001","parrl001","",0,0,0,0,0,0,0,0,0,0,0,0,0,"parrl001","F","T","F","F",3,4,0,0,1,0,0,0,0,0,F,F,"1978BAL.EVA.regular.event.csv",5841
"BAL197809232","DET",8,1,1,0,0,"",1,5,"dempr001","?","dempr001","?","morrj001","?","morrj001","?","parrl001","thomj001","dills101","rodra101","trama001","kemps001","leflr101","corct001","smitb101","crowt101","","W.2-3;1-2","F","F",2,8,14,"T","F",0,"F","F",0,"F","F",0,"F","F",0,"","F","F","",0,0,"N",0,"N",0,"N",1,2,3,0,"","","","","F","F","F","F","F","F","F","F","F","morrj001","morrj001","","F","F","F","F","F","","","","",0,0,0,0,0,0,0,0,0,65,"BAL","BAL","DET",1,"F","F",5,1,0,34,3,"T","F",3,7,"T","T","garck001","harll101","F","F",4,7,64,10,6,63,0,0,0,"parrl001","parrl001","",0,0,0,0,0,0,0,0,0,0,0,0,0,"","F","F","F","F",2,3,4,0,1,0,0,0,0,0,F,F,"1978BAL.EVA.regular.event.csv",5842
"BAL197809232","DET",8,1,1,0,0,"",1,5,"garck001","?","garck001","?","morrj001","?","morrj001","?","parrl001","thomj001","dills101","rodra101","trama001","kemps001","leflr101","corct001","dempr001","smitb101","crowt101","W.3-H;2-3;1-2","F","F",6,9,14,"T","F",0,"F","F",0,"F","F",1,"F","F",0,"","F","F","",0,0,"N",0,"N",0,"N",1,2,3,4,"","","","","F","F","F","F","F","F","F","F","F","morrj001","morrj001","morrj001","F","F","F","F","F","","","","",0,0,0,0,0,0,0,0,0,66,"BAL","BAL","DET",1,"F","F",5,1,0,35,4,"T","F",7,7,"T","T","harll101","andem101","F","F",2,8,65,4,7,64,10,6,63,"parrl001","parrl001","parrl001",0,0,0,0,0,0,0,0,0,0,0,0,1,"","F","F","F","F",0,2,3,4,0,0,0,0,0,0,F,F,"1978BAL.EVA.regular.event.csv",5843
"BAL197809232","DET",8,1,1,0,0,"",1,6,"harll101","?","harll101","?","glyne001","?","glyne001","?","parrl001","thomj001","dills101","rodra101","trama001","kemps001","leflr101","corct001","garck001","dempr001","smitb101","K","F","F",8,1,3,"T","T",0,"F","F",1,"F","F",0,"F","F",0,"","F","F","",0,0,"N",0,"N",0,"N",0,1,2,3,"2","","","","F","F","F","F","F","F","F","F","F","morrj001","morrj001","morrj001","F","F","F","F","F","","","","",0,2,0,0,0,0,0,0,0,67,"BAL","BAL","DET",1,"F","F",6,1,1,36,5,"T","F",7,7,"T","T","andem101","dimmm101","F","F",6,9,66,2,8,65,4,7,64,"parrl001","parrl001","parrl001",0,0,0,0,0,0,0,0,0,0,0,0,0,"","F","F","F","F",0,0,2,3,0,0,0,0,0,0,F,F,"1978BAL.EVA.regular.event.csv",5844
"BAL197809232","DET",8,1,2,0,0,"",1,6,"andem101","?","andem101","?","glyne001","?","glyne001","?","parrl001","thomj001","dills101","rodra101","trama001","kemps001","leflr101","corct001","garck001","dempr001","smitb101","46(1)/FO","F","F",7,2,2,"T","T",0,"F","F",1,"F","F",0,"F","F",4,"G","F","F","",0,0,"N",0,"N",0,"N",1,0,2,3,"","46","","","F","F","F","F","F","F","F","F","F","morrj001","morrj001","morrj001","F","F","F","F","F","","","","",0,6,0,0,4,0,0,0,0,68,"BAL","BAL","DET",1,"F","T",6,1,1,37,6,"T","F",7,7,"F","F","dimmm101","murre001","F","F",6,9,66,2,8,65,4,7,64,"parrl001","parrl001","parrl001",0,0,0,0,0,0,0,0,0,0,0,0,0,"dills101","T","F","F","F",1,0,2,3,0,0,0,0,0,0,F,F,"1978BAL.EVA.regular.event.csv",5845
"BAL197809232","DET",9,0,0,0,0,"",1,6,"dills101","?","dills101","?","palmj001","?","palmj001","?","dempr001","murre001","smitb101","dauer001","garck001","andem101","harll101","dimmm101","","","","7","T","F",4,2,2,"T","T",0,"F","F",1,"F","F",0,"F","F",7,"F","F","F","",0,0,"N",0,"N",0,"N",0,0,0,0,"7","","","","F","F","F","F","F","F","F","F","F","","","","F","F","F","F","F","","","","",0,7,0,0,0,0,0,0,0,69,"BAL","DET","BAL",0,"T","F",1,6,0,28,0,"T","F",0,0,"T","T","staur001","thomj001","T","T",0,0,0,0,0,0,0,0,0,"","","",0,0,0,0,0,0,0,0,0,0,0,0,0,"andem101","F","F","F","F",0,0,0,0,0,0,0,0,0,0,F,F,"1978BAL.EVA.regular.event.csv",5846
"BAL197809232","DET",9,0,1,0,0,"",1,6,"staur001","?","staur001","?","palmj001","?","palmj001","?","dempr001","murre001","smitb101","dauer001","garck001","andem101","harll101","dimmm101","","","","W","F","F",10,3,14,"T","F",0,"F","F",0,"F","F",0,"F","F",0,"","F","F","",0,0,"N",0,"N",0,"N",1,0,0,0,"","","","","F","F","F","F","F","F","F","F","F","","","","F","F","F","F","F","","","","",0,0,0,0,0,0,0,0,0,70,"BAL","DET","BAL",0,"F","F",1,6,0,29,1,"T","F",0,1,"T","T","thomj001","kemps001","T","T",0,0,0,0,0,0,0,0,0,"","","",0,0,0,0,0,0,0,0,0,0,0,0,0,"","F","F","F","F",2,0,0,0,0,0,0,0,0,0,F,F,"1978BAL.EVA.regular.event.csv",5847
"BAL197809232","DET",9,0,1,0,0,"",1,6,"thomj001","?","thomj001","?","palmj001","?","palmj001","?","dempr001","murre001","smitb101","dauer001","garck001","andem101","harll101","dimmm101","staur001","","","W.1-2","F","F",3,4,14,"T","F",0,"F","F",0,"F","F",0,"F","F",0,"","F","F","",0,0,"N",0,"N",0,"N",1,2,0,0,"","","","","F","F","F","F","F","F","F","F","F","palmj001","","","F","F","F","F","F","","","","",0,0,0,0,0,0,0,0,0,71,"BAL","DET","BAL",0,"F","F",1,6,0,30,2,"T","F",1,3,"T","T","kemps001","parrl001","T","T",10,3,70,0,0,0,0,0,0,"dempr001","","",0,0,0,0,0,0,0,0,0,0,0,0,0,"","F","F","F","F",1,2,0,0,0,0,0,0,0,0,F,F,"1978BAL.EVA.regular.event.csv",5848
"BAL197809232","DET",9,0,1,0,0,"",1,6,"kemps001","?","kemps001","?","palmj001","?","palmj001","?","dempr001","murre001","smitb101","dauer001","garck001","andem101","harll101","dimmm101","thomj001","staur001","","K","F","F",7,5,3,"T","T",0,"F","F",1,"F","F",0,"F","F",0,"","F","F","",0,0,"N",0,"N",0,"N",0,1,2,0,"2","","","","F","F","F","F","F","F","F","F","F","palmj001","palmj001","","F","F","F","F","F","","","","",0,2,0,0,0,0,0,0,0,72,"BAL","DET","BAL",0,"F","F",1,6,0,31,3,"T","F",3,3,"T","T","parrl001","corct001","T","T",3,4,71,10,3,70,0,0,0,"dempr001","dempr001","",0,0,0,0,0,0,0,0,0,0,0,0,0,"","F","F","F","F",0,1,2,0,0,0,0,0,0,0,F,F,"1978BAL.EVA.regular.event.csv",5849
"BAL197809232","DET",9,0,2,0,0,"",1,6,"parrl001","?","parrl001","?","palmj001","?","palmj001","?","dempr001","murre001","smitb101","dauer001","garck001","andem101","harll101","dimmm101","thomj001","staur001","","2/FL","F","F",2,6,2,"T","T",0,"F","F",1,"F","F",0,"F","F",2,"F","F","T","",0,0,"N",0,"N",0,"N",0,1,2,0,"2","","","","F","F","F","F","F","F","F","F","F","palmj001","palmj001","","F","T","F","F","F","","","","",0,2,0,0,0,0,0,0,0,73,"BAL","DET","BAL",0,"F","T",1,6,0,32,4,"T","F",3,3,"T","T","corct001","rodra101","T","T",3,4,71,10,3,70,0,0,0,"dempr001","dempr001","",0,0,0,0,0,0,0,0,0,0,0,0,0,"dempr001","F","F","F","F",0,1,2,0,0,0,0,0,0,0,F,F,"1978BAL.EVA.regular.event.csv",5850
"BAL197809240","DET",1,0,0,0,0,"",0,0,"leflr101","?","leflr101","?","mcgrs001","?","mcgrs001","?","dempr001","murre001","dauer001","decid001","garck001","kellp101","harll101","singk001","","","","E8/F.B-2","T","F",8,1,18,"T","T",0,"F","F",0,"F","F",0,"F","F",8,"F","F","F","",1,8,"F",0,"N",0,"N",2,0,0,0,"","","","","F","F","F","F","F","F","F","F","F","","","","T","F","F","F","F","","","","",0,0,0,0,0,0,0,0,0,1,"BAL","DET","BAL",0,"T","F",0,0,0,0,0,"T","F",0,2,"T","T","wockj001","staur001","T","T",0,0,0,0,0,0,0,0,0,"","","",0,0,0,0,0,0,0,0,0,0,0,0,0,"harll101","F","F","F","T",0,0,0,0,0,0,0,0,0,0,F,F,"1978BAL.EVA.regular.event.csv",5851
"BAL197809240","DET",1,0,0,0,0,"",0,0,"wockj001","?","wockj001","?","mcgrs001","?","mcgrs001","?","dempr001","murre001","dauer001","decid001","garck001","kellp101","harll101","singk001","","leflr101","","63","F","F",9,2,2,"T","T",0,"F","F",1,"F","F",0,"F","F",6,"G","F","F","",0,0,"N",0,"N",0,"N",0,0,2,0,"63","","","","F","F","F","F","F","F","F","F","F","","mcgrs001","","F","F","F","F","F","","","","",0,3,0,0,6,0,0,0,0,2,"BAL","DET","BAL",0,"F","F",0,0,0,1,1,"T","F",2,2,"T","T","staur001","thomj001","T","T",0,0,0,8,1,1,0,0,0,"","dempr001","",0,0,0,0,0,0,0,0,0,0,0,0,0,"garck001","F","F","F","F",0,0,0,0,0,0,0,0,0,0,F,F,"1978BAL.EVA.regular.event.csv",5852
"BAL197809240","DET",1,0,1,0,0,"",0,0,"staur001","?","staur001","?","mcgrs001","?","mcgrs001","?","dempr001","murre001","dauer001","decid001","garck001","kellp101","harll101","singk001","","leflr101","","W","F","F",10,3,14,"T","F",0,"F","F",0,"F","F",0,"F","F",0,"","F","F","",0,0,"N",0,"N",0,"N",1,0,2,0,"","","","","F","F","F","F","F","F","F","F","F","","mcgrs001","","F","F","F","F","F","","","","",0,0,0,0,0,0,0,0,0,3,"BAL","DET","BAL",0,"F","F",0,0,0,2,2,"T","F",2,3,"T","T","thomj001","kemps001","T","T",0,0,0,8,1,1,0,0,0,"","dempr001","",0,0,0,0,0,0,0,0,0,0,0,0,0,"","F","F","F","F",0,0,0,0,0,0,0,0,0,0,F,F,"1978BAL.EVA.regular.event.csv",5853
"BAL197809240","DET",1,0,1,0,0,"",0,0,"thomj001","?","thomj001","?","mcgrs001","?","mcgrs001","?","dempr001","murre001","dauer001","decid001","garck001","kellp101","harll101","singk001","staur001","leflr101","","PO1(13)","F","F",3,4,8,"F","F",0,"F","F",1,"F","F",0,"F","F",0,"","F","F","",0,0,"N",0,"N",0,"N",0,0,2,0,"","13","","","F","F","F","F","F","F","T","F","F","mcgrs001","mcgrs001","","F","F","F","F","F","","","","",0,3,0,0,1,0,0,0,0,4,"BAL","DET","BAL",0,"F","F",0,0,0,3,3,"T","F",3,2,"T","T","kemps001","parrl001","T","T",10,3,3,8,1,1,0,0,0,"dempr001","dempr001","",0,0,0,0,0,0,0,0,0,0,0,0,0,"","F","F","F","F",0,0,0,0,0,0,0,0,0,0,F,F,"1978BAL.EVA.regular.event.csv",5854
"BAL197809240","DET",1,0,2,0,0,"",0,0,"thomj001","?","thomj001","?","mcgrs001","?","mcgrs001","?","dempr001","murre001","dauer001","decid001","garck001","kellp101","harll101","singk001","","leflr101","","K/C","F","F",3,4,3,"T","T",0,"F","F",1,"F","F",0,"F","F",0,"","F","F","",0,0,"N",0,"N",0,"N",0,0,2,0,"2","","","","F","F","F","F","F","F","F","F","F","","mcgrs001","","F","F","F","F","F","","","","",0,2,0,0,0,0,0,0,0,5,"BAL","DET","BAL",0,"F","T",0,0,0,3,3,"F","F",2,2,"T","T","kemps001","parrl001","T","T",0,0,0,8,1,1,0,0,0,"","dempr001","",0,0,0,0,0,0,0,0,0,0,0,0,0,"","F","F","F","F",0,0,0,0,0,0,0,0,0,0,F,F,"1978BAL.EVA.regular.event.csv",5855
"BAL197809240","DET",1,1,0,0,0,"",0,0,"harll101","?","harll101","?","slatj001","?","slatj001","?","parrl001","thomj001","dills101","rodra101","trama001","kemps001","leflr101","wockj001","","","","K","T","F",8,1,3,"T","T",0,"F","F",1,"F","F",0,"F","F",0,"","F","F","",0,0,"N",0,"N",0,"N",0,0,0,0,"2","","","","F","F","F","F","F","F","F","F","F","","","","F","F","F","F","F","","","","",0,2,0,0,0,0,0,0,0,6,"BAL","BAL","DET",1,"T","F",0,0,0,0,0,"T","F",0,0,"T","T","kellp101","singk001","T","T",0,0,0,0,0,0,0,0,0,"","","",0,0,0,0,0,0,0,0,0,0,0,0,0,"","F","F","F","F",0,0,0,0,1,0,0,0,0,0,F,F,"1978BAL.EVA.regular.event.csv",5856
"BAL197809240","DET",1,1,1,0,0,"",0,0,"kellp101","?","kellp101","?","slatj001","?","slatj001","?","parrl001","thomj001","dills101","rodra101","trama001","kemps001","leflr101","wockj001","","","","D9","F","F",7,2,21,"T","T",2,"F","F",0,"F","F",0,"F","F",9,"","F","F","",0,0,"N",0,"N",0,"N",2,0,0,0,"","","","","F","F","F","F","F","F","F","F","F","","","","F","F","F","F","F","","","","",0,0,0,0,0,0,0,0,0,7,"BAL","BAL","DET",1,"F","F",0,0,0,1,1,"T","F",0,2,"T","T","singk001","murre001","T","T",0,0,0,0,0,0,0,0,0,"","","",0,0,0,0,0,0,0,0,0,0,0,0,0,"wockj001","F","F","F","F",4,0,0,0,1,0,0,0,0,0,F,F,"1978BAL.EVA.regular.event.csv",5857
"BAL197809240","DET",1,1,1,0,0,"",0,0,"singk001","?","singk001","?","slatj001","?","slatj001","?","parrl001","thomj001","dills101","rodra101","trama001","kemps001","leflr101","wockj001","","kellp101","","8.2-3","F","F",9,3,2,"T","T",0,"F","F",1,"F","F",0,"F","F",8,"F","F","F","",0,0,"N",0,"N",0,"N",0,0,3,0,"8","","","","F","F","F","F","F","F","F","F","F","","slatj001","","F","F","F","F","F","","","","",0,8,0,0,0,0,0,0,0,8,"BAL","BAL","DET",1,"F","F",0,0,0,2,2,"T","F",2,4,"T","T","murre001","decid001","T","T",0,0,0,7,2,7,0,0,0,"","parrl001","",0,0,0,0,0,0,0,0,0,0,0,0,0,"leflr101","F","F","F","F",0,0,4,0,1,0,0,0,0,0,F,F,"1978BAL.EVA.regular.event.csv",5858
"BAL197809240","DET",1,1,2,0,0,"",0,0,"murre001","?","murre001","?","slatj001","?","slatj001","?","parrl001","thomj001","dills101","rodra101","trama001","kemps001","leflr101","wockj001","","","kellp101","W","F","F",3,4,14,"T","F",0,"F","F",0,"F","F",0,"F","F",0,"","F","F","",0,0,"N",0,"N",0,"N",1,0,0,3,"","","","","F","F","F","F","F","F","F","F","F","","","slatj001","F","F","F","F","F","","","","",0,0,0,0,0,0,0,0,0,9,"BAL","BAL","DET",1,"F","F",0,0,0,3,3,"T","F",4,5,"T","T","decid001","crowt101","T","T",0,0,0,0,0,0,7,2,7,"","","parrl001",0,0,0,0,0,0,0,0,0,0,0,0,0,"","F","F","F","F",0,0,0,4,1,0,0,0,0,0,F,F,"1978BAL.EVA.regular.event.csv",5859
"BAL197809240","DET",1,1,2,0,0,"",0,0,"decid001","?","decid001","?","slatj001","?","slatj001","?","parrl001","thomj001","dills101","rodra101","trama001","kemps001","leflr101","wockj001","murre001","","kellp101","S/BG.3-H;1-2","F","F",5,5,20,"T","T",1,"F","F",0,"F","F",1,"F","F",0,"G","T","F","",0,0,"N",0,"N",0,"N",1,2,0,4,"","","","","F","F","F","F","F","F","F","F","F","slatj001","","slatj001","F","F","F","F","F","","","","",0,0,0,0,0,0,0,0,0,10,"BAL","BAL","DET",1,"F","F",0,0,0,4,4,"T","F",5,3,"T","T","crowt101","garck001","T","T",3,4,9,0,0,0,7,2,7,"parrl001","","parrl001",0,0,0,0,0,0,0,0,0,0,0,0,1,"","F","F","F","F",0,0,0,4,0,0,0,0,0,0,F,F,"1978BAL.EVA.regular.event.csv",5860
"BAL197809240","DET",1,1,2,0,0,"",0,1,"crowt101","?","crowt101","?","slatj001","?","slatj001","?","parrl001","thomj001","dills101","rodra101","trama001","kemps001","leflr101","wockj001","decid001","murre001","","9","F","F",10,6,2,"T","T",0,"F","F",1,"F","F",0,"F","F",9,"F","F","F","",0,0,"N",0,"N",0,"N",0,1,2,0,"9","","","","F","F","F","F","F","F","F","F","F","slatj001","slatj001","","F","F","F","F","F","","","","",0,9,0,0,0,0,0,0,0,11,"BAL","BAL","DET",1,"F","T",1,0,1,5,5,"T","F",3,3,"T","T","garck001","dauer001","T","T",5,5,10,3,4,9,0,0,0,"parrl001","parrl001","",0,0,0,0,0,0,0,0,0,0,0,0,0,"wockj001","F","F","F","F",0,0,0,0,0,0,0,0,0,0,F,F,"1978BAL.EVA.regular.event.csv",5861
"BAL197809240","DET",2,0,0,0,0,"",0,1,"kemps001","?","kemps001","?","mcgrs001","?","mcgrs001","?","dempr001","murre001","dauer001","decid001","garck001","kellp101","harll101","singk001","","","","43","T","F",7,5,2,"T","T",0,"F","F",1,"F","F",0,"F","F",4,"G","F","F","",0,0,"N",0,"N",0,"N",0,0,0,0,"43","","","","F","F","F","F","F","F","F","F","F","","","","F","F","F","F","F","","","","",0,3,0,0,4,0,0,0,0,12,"BAL","DET","BAL",0,"T","F",0,1,0,4,0,"T","F",0,0,"T","T","parrl001","rodra101","T","T",0,0,0,0,0,0,0,0,0,"","","",0,0,0,0,0,0,0,0,0,0,0,0,0,"dauer001","F","F","F","F",0,0,0,0,0,0,0,0,0,0,F,F,"1978BAL.EVA.regular.event.csv",5862
"BAL197809240","DET",2,0,1,0,0,"",0,1,"parrl001","?","parrl001","?","mcgrs001","?","mcgrs001","?","dempr001","murre001","dauer001","decid001","garck001","kellp101","harll101","singk001","","","","S7","F","F",2,6,20,"T","T",1,"F","F",0,"F","F",0,"F","F",7,"","F","F","",0,0,"N",0,"N",0,"N",1,0,0,0,"","","","","F","F","F","F","F","F","F","F","F","","","","F","F","F","F","F","","","","",0,0,0,0,0,0,0,0,0,13,"BAL","DET","BAL",0,"F","F",0,1,0,5,1,"T","F",0,1,"T","T","rodra101","dills101","T","T",0,0,0,0,0,0,0,0,0,"","","",0,0,0,0,0,0,0,0,0,0,0,0,0,"kellp101","F","F","F","F",0,0,0,0,0,0,0,0,0,0,F,F,"1978BAL.EVA.regular.event.csv",5863
"BAL197809240","DET",2,0,1,0,0,"",0,1,"rodra101","?","rodra101","?","mcgrs001","?","mcgrs001","?","dempr001","murre001","dauer001","decid001","garck001","kellp101","harll101","singk001","parrl001","","","4","F","F",5,7,2,"T","T",0,"F","F",1,"F","F",0,"F","F",4,"F","F","F","",0,0,"N",0,"N",0,"N",0,1,0,0,"4","","","","F","F","F","F","F","F","F","F","F","mcgrs001","","","F","F","F","F","F","","","","",0,4,0,0,0,0,0,0,0,14,"BAL","DET","BAL",0,"F","F",0,1,0,6,2,"T","F",1,1,"T","T","dills101","trama001","T","T",2,6,13,0,0,0,0,0,0,"dempr001","","",0,0,0,0,0,0,0,0,0,0,0,0,0,"dauer001","F","F","F","F",0,0,0,0,0,0,0,0,0,0,F,F,"1978BAL.EVA.regular.event.csv",5864
"BAL197809240","DET",2,0,2,0,0,"",0,1,"dills101","?","dills101","?","mcgrs001","?","mcgrs001","?","dempr001","murre001","dauer001","decid001","garck001","kellp101","harll101","singk001","parrl001","","","54(1)/FO","F","F",4,8,2,"T","T",0,"F","F",1,"F","F",0,"F","F",5,"G","F","F","",0,0,"N",0,"N",0,"N",1,0,0,0,"","54","","","F","F","F","F","F","F","F","F","F","mcgrs001","","","F","F","F","F","F","","","","",0,4,0,0,5,0,0,0,0,15,"BAL","DET","BAL",0,"F","T",0,1,0,7,3,"T","F",1,1,"T","T","trama001","leflr101","T","T",2,6,13,0,0,0,0,0,0,"dempr001","","",0,0,0,0,0,0,0,0,0,0,0,0,0,"decid001","T","F","F","F",0,0,0,0,0,0,0,0,0,0,F,F,"1978BAL.EVA.regular.event.csv",5865
"BAL197809240","DET",2,1,0,0,0,"",0,1,"garck001","?","garck001","?","slatj001","?","slatj001","?","parrl001","thomj001","dills101","rodra101","trama001","kemps001","leflr101","wockj001","","","","K/C","T","F",6,7,3,"T","T",0,"F","F",1,"F","F",0,"F","F",0,"","F","F","",0,0,"N",0,"N",0,"N",0,0,0,0,"2","","","","F","F","F","F","F","F","F","F","F","","","","F","F","F","F","F","","","","",0,2,0,0,0,0,0,0,0,16,"BAL","BAL","DET",1,"T","F",1,0,0,6,0,"T","F",0,0,"T","T","dauer001","dempr001","T","T",0,0,0,0,0,0,0,0,0,"","","",0,0,0,0,0,0,0,0,0,0,0,0,0,"","F","F","F","F",0,0,0,0,1,0,0,0,0,0,F,F,"1978BAL.EVA.regular.event.csv",5866
"BAL197809240","DET",2,1,1,0,0,"",0,1,"dauer001","?","dauer001","?","slatj001","?","slatj001","?","parrl001","thomj001","dills101","rodra101","trama001","kemps001","leflr101","wockj001","","","","D9","F","F",4,8,21,"T","T",2,"F","F",0,"F","F",0,"F","F",9,"","F","F","",0,0,"N",0,"N",0,"N",2,0,0,0,"","","","","F","F","F","F","F","F","F","F","F","","","","F","F","F","F","F","","","","",0,0,0,0,0,0,0,0,0,17,"BAL","BAL","DET",1,"F","F",1,0,0,7,1,"T","F",0,2,"T","T","dempr001","harll101","T","T",0,0,0,0,0,0,0,0,0,"","","",0,0,0,0,0,0,0,0,0,0,0,0,0,"wockj001","F","F","F","F",4,0,0,0,1,0,0,0,0,0,F,F,"1978BAL.EVA.regular.event.csv",5867
"BAL197809240","DET",2,1,1,0,0,"",0,1,"dempr001","?","dempr001","?","slatj001","?","slatj001","?","parrl001","thomj001","dills101","rodra101","trama001","kemps001","leflr101","wockj001","","dauer001","","D/78.2-H#","F","F",2,9,21,"T","T",2,"F","F",0,"F","F",1,"F","F",0,"","F","F","78",0,0,"N",0,"N",0,"N",2,0,4,0,"","","","","F","F","F","F","F","F","F","F","F","","slatj001","","F","F","F","F","F","","","","",0,0,0,0,0,0,0,0,0,18,"BAL","BAL","DET",1,"F","F",1,0,0,8,2,"T","F",2,2,"T","T","harll101","kellp101","T","T",0,0,0,4,8,17,0,0,0,"","parrl001","",0,0,0,0,0,0,0,0,0,0,0,0,1,"","F","F","F","F",0,0,4,0,0,0,0,0,0,0,F,T,"1978BAL.EVA.regular.event.csv",5868
"BAL197809240","DET",2,1,1,0,0,"",0,2,"harll101","?","harll101","?","slatj001","?","slatj001","?","parrl001","thomj001","dills101","rodra101","trama001","kemps001","leflr101","wockj001","","dempr001","","63.2-3","F","F",8,1,2,"T","T",0,"F","F",1,"F","F",0,"F","F",6,"G","F","F","",0,0,"N",0,"N",0,"N",0,0,3,0,"63","","","","F","F","F","F","F","F","F","F","F","","slatj001","","F","F","F","F","F","","","","",0,3,0,0,6,0,0,0,0,19,"BAL","BAL","DET",1,"F","F",2,0,1,9,3,"T","F",2,4,"T","T","kellp101","singk001","T","T",0,0,0,2,9,18,0,0,0,"","parrl001","",0,0,0,0,0,0,0,0,0,0,0,0,0,"trama001","F","F","F","F",0,0,0,0,0,0,0,0,0,0,F,F,"1978BAL.EVA.regular.event.csv",5869
"BAL197809240","DET",2,1,2,0,0,"",0,2,"kellp101","?","kellp101","?","slatj001","?","slatj001","?","parrl001","thomj001","dills101","rodra101","trama001","kemps001","leflr101","wockj001","","","dempr001","3/G","F","F",7,2,2,"T","T",0,"F","F",1,"F","F",0,"F","F",3,"G","F","F","",0,0,"N",0,"N",0,"N",0,0,0,3,"3","","","","F","F","F","F","F","F","F","F","F","","","slatj001","F","F","F","F","F","","","","",0,3,0,0,0,0,0,0,0,20,"BAL","BAL","DET",1,"F","T",2,0,1,10,4,"T","F",4,4,"T","T","singk001","murre001","T","T",0,0,0,0,0,0,2,9,18,"","","parrl001",0,0,0,0,0,0,0,0,0,0,0,0,0,"thomj001","F","F","F","F",0,0,0,0,0,0,0,0,0,0,F,F,"1978BAL.EVA.regular.event.csv",5870
"BAL197809240","DET",3,0,0,0,0,"",0,2,"trama001","?","trama001","?","mcgrs001","?","mcgrs001","?","dempr001","murre001","dauer001","decid001","garck001","kellp101","harll101","singk001","","","","E6","T","F",6,9,18,"T","T",0,"F","F",0,"F","F",0,"F","F",6,"G","F","F","",1,6,"F",0,"N",0,"N",1,0,0,0,"","","","","F","F","F","F","F","F","F","F","F","","","","F","F","F","F","F","","","","",0,0,0,0,0,0,0,0,0,21,"BAL","DET","BAL",0,"T","F",0,2,0,8,0,"T","F",0,1,"T","T","leflr101","wockj001","T","T",0,0,0,0,0,0,0,0,0,"","","",0,0,0,0,0,0,0,0,0,0,0,0,0,"garck001","F","F","F","T",5,0,0,0,2,0,0,0,0,0,F,F,"1978BAL.EVA.regular.event.csv",5871
"BAL197809240","DET",3,0,0,0,0,"",0,2,"leflr101","?","leflr101","?","mcgrs001","?","mcgrs001","?","dempr001","murre001","dauer001","decid001","garck001","kellp101","harll101","singk001","trama001","","","D7.1-3","F","F",8,1,21,"T","T",2,"F","F",0,"F","F",0,"F","F",7,"","F","F","",0,0,"N",0,"N",0,"N",2,3,0,0,"","","","","F","F","F","F","F","F","F","F","F","mcgrs001","","","F","F","F","F","F","","","","",0,0,0,0,0,0,0,0,0,22,"BAL","DET","BAL",0,"F","F",0,2,0,9,1,"T","F",1,6,"T","T","wockj001","staur001","T","T",6,9,21,0,0,0,0,0,0,"dempr001","","",0,0,0,0,0,0,0,0,0,0,0,0,0,"kellp101","F","F","F","F",5,5,0,0,2,0,0,0,0,0,F,F,"1978BAL.EVA.regular.event.csv",5872
"BAL197809240","DET",3,0,0,0,0,"",0,2,"wockj001","?","wockj001","?","mcgrs001","?","mcgrs001","?","dempr001","murre001","dauer001","decid001","garck001","kellp101","harll101","singk001","","leflr101","trama001","8/SF.3-H(UR);2-3","F","F",9,2,2,"T","F",0,"F","T",1,"F","F",1,"F","F",8,"F","F","F","",0,0,"N",0,"N",0,"N",0,0,3,5,"8","","","","F","F","F","F","F","F","F","F","F","","mcgrs001","mcgrs001","F","F","F","F","F","","","","",0,8,0,0,0,0,0,0,0,23,"BAL","DET","BAL",0,"F","F",0,2,0,10,2,"T","F",6,4,"T","T","staur001","thomj001","T","T",0,0,0,8,1,22,6,9,21,"","dempr001","dempr001",0,0,0,0,0,0,0,0,0,0,0,0,1,"harll101","F","F","F","F",0,0,5,5,1,0,0,0,0,0,F,F,"1978BAL.EVA.regular.event.csv",5873
"BAL197809240","DET",3,0,1,0,0,"",1,2,"staur001","?","staur001","?","mcgrs001","?","mcgrs001","?","dempr001","murre001","dauer001","decid001","garck001","kellp101","harll101","singk001","","","leflr101","23.3-H(UR)","F","F",10,3,2,"T","T",0,"F","F",1,"F","F",1,"F","F",2,"G","F","F","",0,0,"N",0,"N",0,"N",0,0,0,5,"23","","","","F","F","F","F","F","F","F","F","F","","","mcgrs001","F","F","F","F","F","","","","",0,3,0,0,2,0,0,0,0,24,"BAL","DET","BAL",0,"F","F",1,2,1,11,3,"T","F",4,0,"T","T","thomj001","kemps001","T","T",0,0,0,0,0,0,8,1,22,"","","dempr001",0,0,0,0,0,0,0,0,0,0,0,0,1,"dempr001","F","F","F","F",0,0,0,5,0,0,0,0,0,0,F,F,"1978BAL.EVA.regular.event.csv",5874
"BAL197809240","DET",3,0,2,0,0,"",2,2,"thomj001","?","thomj001","?","mcgrs001","?","mcgrs001","?","dempr001","murre001","dauer001","decid001","garck001","kellp101","harll101","singk001","","","","K/C","F","F",3,4,3,"T","T",0,"F","F",1,"F","F",0,"F","F",0,"","F","F","",0,0,"N",0,"N",0,"N",0,0,0,0,"2","","","","F","F","F","F","F","F","F","F","F","","","","F","F","F","F","F","","","","",0,2,0,0,0,0,0,0,0,25,"BAL","DET","BAL",0,"F","T",2,2,2,12,4,"T","F",0,0,"T","T","kemps001","parrl001","T","T",0,0,0,0,0,0,0,0,0,"","","",0,0,0,0,0,0,0,0,0,0,0,0,0,"","F","F","F","F",0,0,0,0,0,0,0,0,0,0,F,F,"1978BAL.EVA.regular.event.csv",5875
"BAL197809240","DET",3,1,0,0,0,"",2,2,"singk001","?","singk001","?","slatj001","?","slatj001","?","parrl001","thomj001","dills101","rodra101","trama001","kemps001","leflr101","wockj001","","","","W","T","F",9,3,14,"T","F",0,"F","F",0,"F","F",0,"F","F",0,"","F","F","",0,0,"N",0,"N",0,"N",1,0,0,0,"","","","","F","F","F","F","F","F","F","F","F","","","","F","F","F","F","F","","","","",0,0,0,0,0,0,0,0,0,26,"BAL","BAL","DET",1,"T","F",2,2,0,11,0,"T","F",0,1,"T","T","murre001","decid001","T","T",0,0,0,0,0,0,0,0,0,"","","",0,0,0,0,0,0,0,0,0,0,0,0,0,"","F","F","F","F",0,0,0,0,0,0,0,0,0,0,F,F,"1978BAL.EVA.regular.event.csv",5876
"BAL197809240","DET",3,1,0,0,0,"",2,2,"murre001","?","murre001","?","slatj001","?","slatj001","?","parrl001","thomj001","dills101","rodra101","trama001","kemps001","leflr101","wockj001","singk001","","","7","F","F",3,4,2,"T","T",0,"F","F",1,"F","F",0,"F","F",7,"F","F","F","",0,0,"N",0,"N",0,"N",0,1,0,0,"7","","","","F","F","F","F","F","F","F","F","F","slatj001","","","F","F","F","F","F","","","","",0,7,0,0,0,0,0,0,0,27,"BAL","BAL","DET",1,"F","F",2,2,0,12,1,"T","F",1,1,"T","T","decid001","crowt101","T","T",9,3,26,0,0,0,0,0,0,"parrl001","","",0,0,0,0,0,0,0,0,0,0,0,0,0,"kemps001","F","F","F","F",0,0,0,0,0,0,0,0,0,0,F,F,"1978BAL.EVA.regular.event.csv",5877
"BAL197809240","DET",3,1,1,0,0,"",2,2,"decid001","?","decid001","?","slatj001","?","slatj001","?","parrl001","thomj001","dills101","rodra101","trama001","kemps001","leflr101","wockj001","singk001","","","5/FL","F","F",5,5,2,"T","T",0,"F","F",1,"F","F",0,"F","F",5,"F","F","T","",0,0,"N",0,"N",0,"N",0,1,0,0,"5","","","","F","F","F","F","F","F","F","F","F","slatj001","","","F","F","F","F","F","","","","",0,5,0,0,0,0,0,0,0,28,"BAL","BAL","DET",1,"F","F",2,2,0,13,2,"T","F",1,1,"T","T","crowt101","garck001","T","T",9,3,26,0,0,0,0,0,0,"parrl001","","",0,0,0,0,0,0,0,0,0,0,0,0,0,"rodra101","F","F","F","F",0,0,0,0,0,0,0,0,0,0,F,F,"1978BAL.EVA.regular.event.csv",5878
"BAL197809240","DET",3,1,2,0,0,"",2,2,"crowt101","?","crowt101","?","slatj001","?","slatj001","?","parrl001","thomj001","dills101","rodra101","trama001","kemps001","leflr101","wockj001","singk001","","","3/G","F","F",10,6,2,"T","T",0,"F","F",1,"F","F",0,"F","F",3,"G","F","F","",0,0,"N",0,"N",0,"N",0,1,0,0,"3","","","","F","F","F","F","F","F","F","F","F","slatj001","","","F","F","F","F","F","","","","",0,3,0,0,0,0,0,0,0,29,"BAL","BAL","DET",1,"F","T",2,2,0,14,3,"T","F",1,1,"T","T","garck001","dauer001","T","T",9,3,26,0,0,0,0,0,0,"parrl001","","",0,0,0,0,0,0,0,0,0,0,0,0,0,"thomj001","F","F","F","F",0,0,0,0,0,0,0,0,0,0,F,F,"1978BAL.EVA.regular.event.csv",5879
"BAL197809240","DET",4,0,0,0,0,"",2,2,"kemps001","?","kemps001","?","mcgrs001","?","mcgrs001","?","dempr001","murre001","dauer001","decid001","garck001","kellp101","harll101","singk001","","","","6","T","F",7,5,2,"T","T",0,"F","F",1,"F","F",0,"F","F",6,"F","F","F","",0,0,"N",0,"N",0,"N",0,0,0,0,"6","","","","F","F","F","F","F","F","F","F","F","","","","F","F","F","F","F","","","","",0,6,0,0,0,0,0,0,0,30,"BAL","DET","BAL",0,"T","F",2,2,0,13,0,"T","F",0,0,"T","T","parrl001","rodra101","T","T",0,0,0,0,0,0,0,0,0,"","","",0,0,0,0,0,0,0,0,0,0,0,0,0,"garck001","F","F","F","F",0,0,0,0,0,0,0,0,0,0,F,F,"1978BAL.EVA.regular.event.csv",5880
"BAL197809240","DET",4,0,1,0,0,"",2,2,"parrl001","?","parrl001","?","mcgrs001","?","mcgrs001","?","dempr001","murre001","dauer001","decid001","garck001","kellp101","harll101","singk001","","","","8","F","F",2,6,2,"T","T",0,"F","F",1,"F","F",0,"F","F",8,"F","F","F","",0,0,"N",0,"N",0,"N",0,0,0,0,"8","","","","F","F","F","F","F","F","F","F","F","","","","F","F","F","F","F","","","","",0,8,0,0,0,0,0,0,0,31,"BAL","DET","BAL",0,"F","F",2,2,0,14,1,"T","F",0,0,"T","T","rodra101","dills101","T","T",0,0,0,0,0,0,0,0,0,"","","",0,0,0,0,0,0,0,0,0,0,0,0,0,"harll101","F","F","F","F",0,0,0,0,0,0,0,0,0,0,F,F,"1978BAL.EVA.regular.event.csv",5881
"BAL197809240","DET",4,0,2,0,0,"",2,2,"rodra101","?","rodra101","?","mcgrs001","?","mcgrs001","?","dempr001","murre001","dauer001","decid001","garck001","kellp101","harll101","singk001","","","","63","F","F",5,7,2,"T","T",0,"F","F",1,"F","F",0,"F","F",6,"G","F","F","",0,0,"N",0,"N",0,"N",0,0,0,0,"63","","","","F","F","F","F","F","F","F","F","F","","","","F","F","F","F","F","","","","",0,3,0,0,6,0,0,0,0,32,"BAL","DET","BAL",0,"F","T",2,2,0,15,2,"T","F",0,0,"T","T","dills101","trama001","T","T",0,0,0,0,0,0,0,0,0,"","","",0,0,0,0,0,0,0,0,0,0,0,0,0,"garck001","F","F","F","F",0,0,0,0,0,0,0,0,0,0,F,F,"1978BAL.EVA.regular.event.csv",5882
"BAL197809240","DET",4,1,0,0,0,"",2,2,"garck001","?","garck001","?","slatj001","?","slatj001","?","parrl001","thomj001","dills101","rodra101","trama001","kemps001","leflr101","wockj001","","","","S7/G","T","F",6,7,20,"T","T",1,"F","F",0,"F","F",0,"F","F",7,"G","F","F","",0,0,"N",0,"N",0,"N",1,0,0,0,"","","","","F","F","F","F","F","F","F","F","F","","","","F","F","F","F","F","","","","",0,0,0,0,0,0,0,0,0,33,"BAL","BAL","DET",1,"T","F",2,2,0,15,0,"T","F",0,1,"T","T","dauer001","dempr001","T","T",0,0,0,0,0,0,0,0,0,"","","",0,0,0,0,0,0,0,0,0,0,0,0,0,"kemps001","F","F","F","F",0,0,0,0,0,0,0,0,0,0,F,F,"1978BAL.EVA.regular.event.csv",5883
"BAL197809240","DET",4,1,0,0,0,"",2,2,"dauer001","?","dauer001","?","slatj001","?","slatj001","?","parrl001","thomj001","dills101","rodra101","trama001","kemps001","leflr101","wockj001","garck001","","","3(B)3(1)/LDP","F","F",4,8,2,"T","T",0,"F","F",2,"T","F",0,"F","F",3,"L","F","F","",0,0,"N",0,"N",0,"N",0,0,0,0,"3","3","","","F","F","F","F","F","F","F","F","F","slatj001","","","F","F","F","F","F","","","","",0,3,3,0,0,0,0,0,0,34,"BAL","BAL","DET",1,"F","F",2,2,0,16,1,"T","F",1,0,"T","T","dempr001","harll101","T","T",6,7,33,0,0,0,0,0,0,"parrl001","","",0,0,0,0,0,0,0,0,0,0,0,0,0,"thomj001","F","F","F","F",0,0,0,0,0,0,0,0,0,0,F,F,"1978BAL.EVA.regular.event.csv",5884
"BAL197809240","DET",4,1,2,0,0,"",2,2,"dempr001","?","dempr001","?","slatj001","?","slatj001","?","parrl001","thomj001","dills101","rodra101","trama001","kemps001","leflr101","wockj001","","","","K","F","F",2,9,3,"T","T",0,"F","F",1,"F","F",0,"F","F",0,"","F","F","",0,0,"N",0,"N",0,"N",0,0,0,0,"2","","","","F","F","F","F","F","F","F","F","F","","","","F","F","F","F","F","","","","",0,2,0,0,0,0,0,0,0,35,"BAL","BAL","DET",1,"F","T",2,2,0,17,2,"T","F",0,0,"T","T","harll101","kellp101","T","T",0,0,0,0,0,0,0,0,0,"","","",0,0,0,0,0,0,0,0,0,0,0,0,0,"","F","F","F","F",0,0,0,0,0,0,0,0,0,0,F,F,"1978BAL.EVA.regular.event.csv",5885
"BAL197809240","DET",5,0,0,0,0,"",2,2,"dills101","?","dills101","?","mcgrs001","?","mcgrs001","?","dempr001","murre001","dauer001","decid001","garck001","kellp101","harll101","singk001","","","","3/FL","T","F",4,8,2,"T","T",0,"F","F",1,"F","F",0,"F","F",3,"F","F","T","",0,0,"N",0,"N",0,"N",0,0,0,0,"3","","","","F","F","F","F","F","F","F","F","F","","","","F","F","F","F","F","","","","",0,3,0,0,0,0,0,0,0,36,"BAL","DET","BAL",0,"T","F",2,2,0,16,0,"T","F",0,0,"T","T","trama001","leflr101","T","T",0,0,0,0,0,0,0,0,0,"","","",0,0,0,0,0,0,0,0,0,0,0,0,0,"murre001","F","F","F","F",0,0,0,0,0,0,0,0,0,0,F,F,"1978BAL.EVA.regular.event.csv",5886
"BAL197809240","DET",5,0,1,0,0,"",2,2,"trama001","?","trama001","?","mcgrs001","?","mcgrs001","?","dempr001","murre001","dauer001","decid001","garck001","kellp101","harll101","singk001","","","","S/78#","F","F",6,9,20,"T","T",1,"F","F",0,"F","F",0,"F","F",0,"","F","F","78",0,0,"N",0,"N",0,"N",1,0,0,0,"","","","","F","F","F","F","F","F","F","F","F","","","","F","F","F","F","F","","","","",0,0,0,0,0,0,0,0,0,37,"BAL","DET","BAL",0,"F","F",2,2,0,17,1,"T","F",0,1,"T","T","leflr101","wockj001","T","T",0,0,0,0,0,0,0,0,0,"","","",0,0,0,0,0,0,0,0,0,0,0,0,0,"","F","F","F","F",0,0,0,0,0,0,0,0,0,0,F,T,"1978BAL.EVA.regular.event.csv",5887
"BAL197809240","DET",5,0,1,0,0,"",2,2,"leflr101","?","leflr101","?","mcgrs001","?","mcgrs001","?","dempr001","murre001","dauer001","decid001","garck001","kellp101","harll101","singk001","trama001","","","36(1)/FO.B-1","F","F",8,1,2,"T","T",0,"F","F",1,"F","F",0,"F","F",3,"G","F","F","",0,0,"N",0,"N",0,"N",1,0,0,0,"","36","","","F","F","F","F","F","F","F","F","F","mcgrs001","","","F","F","F","F","F","","","","",0,6,0,0,3,0,0,0,0,38,"BAL","DET","BAL",0,"F","F",2,2,0,18,2,"T","F",1,1,"T","T","wockj001","staur001","T","T",6,9,37,0,0,0,0,0,0,"dempr001","","",0,0,0,0,0,0,0,0,0,0,0,0,0,"murre001","T","F","F","F",0,0,0,0,0,0,0,0,0,0,F,F,"1978BAL.EVA.regular.event.csv",5888
"BAL197809240","DET",5,0,2,0,0,"",2,2,"wockj001","?","wockj001","?","mcgrs001","?","mcgrs001","?","dempr001","murre001","dauer001","decid001","garck001","kellp101","harll101","singk001","leflr101","","","64(1)/FO","F","F",9,2,2,"T","T",0,"F","F",1,"F","F",0,"F","F",6,"G","F","F","",0,0,"N",0,"N",0,"N",1,0,0,0,"","64","","","F","F","F","F","F","F","F","F","F","mcgrs001","","","F","F","F","F","F","","","","",0,4,0,0,6,0,0,0,0,39,"BAL","DET","BAL",0,"F","T",2,2,0,19,3,"T","F",1,1,"T","T","staur001","thomj001","T","T",8,1,38,0,0,0,0,0,0,"dempr001","","",0,0,0,0,0,0,0,0,0,0,0,0,0,"garck001","T","F","F","F",0,0,0,0,0,0,0,0,0,0,F,F,"1978BAL.EVA.regular.event.csv",5889
"BAL197809240","DET",5,1,0,0,0,"",2,2,"harll101","?","harll101","?","slatj001","?","slatj001","?","parrl001","thomj001","dills101","rodra101","trama001","kemps001","leflr101","wockj001","","","","K","T","F",8,1,3,"T","T",0,"F","F",1,"F","F",0,"F","F",0,"","F","F","",0,0,"N",0,"N",0,"N",0,0,0,0,"2","","","","F","F","F","F","F","F","F","F","F","","","","F","F","F","F","F","","","","",0,2,0,0,0,0,0,0,0,40,"BAL","BAL","DET",1,"T","F",2,2,0,18,0,"T","F",0,0,"T","T","kellp101","singk001","T","T",0,0,0,0,0,0,0,0,0,"","","",0,0,0,0,0,0,0,0,0,0,0,0,0,"","F","F","F","F",0,0,0,0,0,0,0,0,0,0,F,F,"1978BAL.EVA.regular.event.csv",5890
"BAL197809240","DET",5,1,1,0,0,"",2,2,"kellp101","?","kellp101","?","slatj001","?","slatj001","?","parrl001","thomj001","dills101","rodra101","trama001","kemps001","leflr101","wockj001","","","","K","F","F",7,2,3,"T","T",0,"F","F",1,"F","F",0,"F","F",0,"","F","F","",0,0,"N",0,"N",0,"N",0,0,0,0,"2","","","","F","F","F","F","F","F","F","F","F","","","","F","F","F","F","F","","","","",0,2,0,0,0,0,0,0,0,41,"BAL","BAL","DET",1,"F","F",2,2,0,19,1,"T","F",0,0,"T","T","singk001","murre001","T","T",0,0,0,0,0,0,0,0,0,"","","",0,0,0,0,0,0,0,0,0,0,0,0,0,"","F","F","F","F",0,0,0,0,0,0,0,0,0,0,F,F,"1978BAL.EVA.regular.event.csv",5891
"BAL197809240","DET",5,1,2,0,0,"",2,2,"singk001","?","singk001","?","slatj001","?","slatj001","?","parrl001","thomj001","dills101","rodra101","trama001","kemps001","leflr101","wockj001","","","","7","F","F",9,3,2,"T","T",0,"F","F",1,"F","F",0,"F","F",7,"F","F","F","",0,0,"N",0,"N",0,"N",0,0,0,0,"7","","","","F","F","F","F","F","F","F","F","F","","","","F","F","F","F","F","","","","",0,7,0,0,0,0,0,0,0,42,"BAL","BAL","DET",1,"F","T",2,2,0,20,2,"T","F",0,0,"T","T","murre001","decid001","T","T",0,0,0,0,0,0,0,0,0,"","","",0,0,0,0,0,0,0,0,0,0,0,0,0,"kemps001","F","F","F","F",0,0,0,0,0,0,0,0,0,0,F,F,"1978BAL.EVA.regular.event.csv",5892
"BAL197809240","DET",6,0,0,0,0,"",2,2,"staur001","?","staur001","?","mcgrs001","?","mcgrs001","?","dempr001","murre001","dauer001","decid001","garck001","kellp101","harll101","singk001","","","","S9","T","F",10,3,20,"T","T",1,"F","F",0,"F","F",0,"F","F",9,"","F","F","",0,0,"N",0,"N",0,"N",1,0,0,0,"","","","","F","F","F","F","F","F","F","F","F","","","","F","F","F","F","F","","","","",0,0,0,0,0,0,0,0,0,43,"BAL","DET","BAL",0,"T","F",2,2,0,20,0,"T","F",0,1,"T","T","thomj001","kemps001","T","T",0,0,0,0,0,0,0,0,0,"","","",0,0,0,0,0,0,0,0,0,0,0,0,0,"singk001","F","F","F","F",0,0,0,0,0,0,0,0,0,0,F,F,"1978BAL.EVA.regular.event.csv",5893
"BAL197809240","DET",6,0,0,0,0,"",2,2,"thomj001","?","thomj001","?","mcgrs001","?","mcgrs001","?","dempr001","murre001","dauer001","decid001","garck001","kellp101","harll101","singk001","staur001","","","K","F","F",3,4,3,"T","T",0,"F","F",1,"F","F",0,"F","F",0,"","F","F","",0,0,"N",0,"N",0,"N",0,1,0,0,"2","","","","F","F","F","F","F","F","F","F","F","mcgrs001","","","F","F","F","F","F","","","","",0,2,0,0,0,0,0,0,0,44,"BAL","DET","BAL",0,"F","F",2,2,0,21,1,"T","F",1,1,"T","T","kemps001","parrl001","T","T",10,3,43,0,0,0,0,0,0,"dempr001","","",0,0,0,0,0,0,0,0,0,0,0,0,0,"","F","F","F","F",0,0,0,0,0,0,0,0,0,0,F,F,"1978BAL.EVA.regular.event.csv",5894
"BAL197809240","DET",6,0,1,0,0,"",2,2,"kemps001","?","kemps001","?","mcgrs001","?","mcgrs001","?","dempr001","murre001","dauer001","decid001","garck001","kellp101","harll101","singk001","staur001","","","8","F","F",7,5,2,"T","T",0,"F","F",1,"F","F",0,"F","F",8,"F","F","F","",0,0,"N",0,"N",0,"N",0,1,0,0,"8","","","","F","F","F","F","F","F","F","F","F","mcgrs001","","","F","F","F","F","F","","","","",0,8,0,0,0,0,0,0,0,45,"BAL","DET","BAL",0,"F","F",2,2,0,22,2,"T","F",1,1,"T","T","parrl001","rodra101","T","T",10,3,43,0,0,0,0,0,0,"dempr001","","",0,0,0,0,0,0,0,0,0,0,0,0,0,"harll101","F","F","F","F",0,0,0,0,0,0,0,0,0,0,F,F,"1978BAL.EVA.regular.event.csv",5895
"BAL197809240","DET",6,0,2,0,0,"",2,2,"parrl001","?","parrl001","?","mcgrs001","?","mcgrs001","?","dempr001","murre001","dauer001","decid001","garck001","kellp101","harll101","singk001","staur001","","","7","F","F",2,6,2,"T","T",0,"F","F",1,"F","F",0,"F","F",7,"F","F","F","",0,0,"N",0,"N",0,"N",0,1,0,0,"7","","","","F","F","F","F","F","F","F","F","F","mcgrs001","","","F","F","F","F","F","","","","",0,7,0,0,0,0,0,0,0,46,"BAL","DET","BAL",0,"F","T",2,2,0,23,3,"T","F",1,1,"T","T","rodra101","dills101","T","T",10,3,43,0,0,0,0,0,0,"dempr001","","",0,0,0,0,0,0,0,0,0,0,0,0,0,"kellp101","F","F","F","F",0,0,0,0,0,0,0,0,0,0,F,F,"1978BAL.EVA.regular.event.csv",5896
"BAL197809240","DET",6,1,0,0,0,"",2,2,"murre001","?","murre001","?","slatj001","?","slatj001","?","parrl001","thomj001","dills101","rodra101","trama001","kemps001","leflr101","wockj001","","","","13","T","F",3,4,2,"T","T",0,"F","F",1,"F","F",0,"F","F",1,"G","F","F","",0,0,"N",0,"N",0,"N",0,0,0,0,"13","","","","F","F","F","F","F","F","F","F","F","","","","F","F","F","F","F","","","","",0,3,0,0,1,0,0,0,0,47,"BAL","BAL","DET",1,"T","F",2,2,0,21,0,"T","F",0,0,"T","T","decid001","crowt101","T","T",0,0,0,0,0,0,0,0,0,"","","",0,0,0,0,0,0,0,0,0,0,0,0,0,"slatj001","F","F","F","F",0,0,0,0,0,0,0,0,0,0,F,F,"1978BAL.EVA.regular.event.csv",5897
"BAL197809240","DET",6,1,1,0,0,"",2,2,"decid001","?","decid001","?","slatj001","?","slatj001","?","parrl001","thomj001","dills101","rodra101","trama001","kemps001","leflr101","wockj001","","","","63","F","F",5,5,2,"T","T",0,"F","F",1,"F","F",0,"F","F",6,"G","F","F","",0,0,"N",0,"N",0,"N",0,0,0,0,"63","","","","F","F","F","F","F","F","F","F","F","","","","F","F","F","F","F","","","","",0,3,0,0,6,0,0,0,0,48,"BAL","BAL","DET",1,"F","F",2,2,0,22,1,"T","F",0,0,"T","T","crowt101","garck001","T","T",0,0,0,0,0,0,0,0,0,"","","",0,0,0,0,0,0,0,0,0,0,0,0,0,"trama001","F","F","F","F",0,0,0,0,0,0,0,0,0,0,F,F,"1978BAL.EVA.regular.event.csv",5898
"BAL197809240","DET",6,1,2,0,0,"",2,2,"crowt101","?","crowt101","?","slatj001","?","slatj001","?","parrl001","thomj001","dills101","rodra101","trama001","kemps001","leflr101","wockj001","","","","S7","F","F",10,6,20,"T","T",1,"F","F",0,"F","F",0,"F","F",7,"","F","F","",0,0,"N",0,"N",0,"N",1,0,0,0,"","","","","F","F","F","F","F","F","F","F","F","","","","F","F","F","F","F","","","","",0,0,0,0,0,0,0,0,0,49,"BAL","BAL","DET",1,"F","F",2,2,0,23,2,"T","F",0,1,"T","T","garck001","dauer001","T","T",0,0,0,0,0,0,0,0,0,"","","",0,0,0,0,0,0,0,0,0,0,0,0,0,"kemps001","F","F","F","F",0,0,0,0,0,0,0,0,0,0,F,F,"1978BAL.EVA.regular.event.csv",5899
"BAL197809240","DET",6,1,2,0,0,"",2,2,"garck001","?","garck001","?","slatj001","?","slatj001","?","parrl001","thomj001","dills101","rodra101","trama001","kemps001","leflr101","wockj001","crowt101","","","S/BG.1-2#","F","F",6,7,20,"T","T",1,"F","F",0,"F","F",0,"F","F",0,"G","T","F","",0,0,"N",0,"N",0,"N",1,2,0,0,"","","","","F","F","F","F","F","F","F","F","F","slatj001","","","F","F","F","F","F","","","","",0,0,0,0,0,0,0,0,0,50,"BAL","BAL","DET",1,"F","F",2,2,0,24,3,"T","F",1,3,"T","T","dauer001","dempr001","T","T",10,6,49,0,0,0,0,0,0,"parrl001","","",0,0,0,0,0,0,0,0,0,0,0,0,0,"","F","F","F","F",0,0,0,0,0,0,0,0,0,0,F,T,"1978BAL.EVA.regular.event.csv",5900
"BAL197809240","DET",6,1,2,0,0,"",2,2,"dauer001","?","dauer001","?","slatj001","?","slatj001","?","parrl001","thomj001","dills101","rodra101","trama001","kemps001","leflr101","wockj001","garck001","crowt101","","7","F","F",4,8,2,"T","T",0,"F","F",1,"F","F",0,"F","F",7,"F","F","F","",0,0,"N",0,"N",0,"N",0,1,2,0,"7","","","","F","F","F","F","F","F","F","F","F","slatj001","slatj001","","F","F","F","F","F","","","","",0,7,0,0,0,0,0,0,0,51,"BAL","BAL","DET",1,"F","T",2,2,0,25,4,"T","F",3,3,"T","T","dempr001","harll101","T","T",6,7,50,10,6,49,0,0,0,"parrl001","parrl001","",0,0,0,0,0,0,0,0,0,0,0,0,0,"kemps001","F","F","F","F",0,0,0,0,0,0,0,0,0,0,F,F,"1978BAL.EVA.regular.event.csv",5901
"BAL197809240","DET",7,0,0,0,0,"",2,2,"rodra101","?","rodra101","?","mcgrs001","?","mcgrs001","?","dempr001","murre001","dauer001","decid001","garck001","kellp101","harll101","singk001","","","","53","T","F",5,7,2,"T","T",0,"F","F",1,"F","F",0,"F","F",5,"G","F","F","",0,0,"N",0,"N",0,"N",0,0,0,0,"53","","","","F","F","F","F","F","F","F","F","F","","","","F","F","F","F","F","","","","",0,3,0,0,5,0,0,0,0,52,"BAL","DET","BAL",0,"T","F",2,2,0,24,0,"T","F",0,0,"T","T","dills101","trama001","T","T",0,0,0,0,0,0,0,0,0,"","","",0,0,0,0,0,0,0,0,0,0,0,0,0,"decid001","F","F","F","F",0,0,0,0,0,0,0,0,0,0,F,F,"1978BAL.EVA.regular.event.csv",5902
"BAL197809240","DET",7,0,1,0,0,"",2,2,"dills101","?","dills101","?","mcgrs001","?","mcgrs001","?","dempr001","murre001","dauer001","decid001","garck001","kellp101","harll101","singk001","","","","63","F","F",4,8,2,"T","T",0,"F","F",1,"F","F",0,"F","F",6,"G","F","F","",0,0,"N",0,"N",0,"N",0,0,0,0,"63","","","","F","F","F","F","F","F","F","F","F","","","","F","F","F","F","F","","","","",0,3,0,0,6,0,0,0,0,53,"BAL","DET","BAL",0,"F","F",2,2,0,25,1,"T","F",0,0,"T","T","trama001","leflr101","T","T",0,0,0,0,0,0,0,0,0,"","","",0,0,0,0,0,0,0,0,0,0,0,0,0,"garck001","F","F","F","F",0,0,0,0,0,0,0,0,0,0,F,F,"1978BAL.EVA.regular.event.csv",5903
"BAL197809240","DET",7,0,2,0,0,"",2,2,"trama001","?","trama001","?","mcgrs001","?","mcgrs001","?","dempr001","murre001","dauer001","decid001","garck001","kellp101","harll101","singk001","","","","D9","F","F",6,9,21,"T","T",2,"F","F",0,"F","F",0,"F","F",9,"","F","F","",0,0,"N",0,"N",0,"N",2,0,0,0,"","","","","F","F","F","F","F","F","F","F","F","","","","F","F","F","F","F","","","","",0,0,0,0,0,0,0,0,0,54,"BAL","DET","BAL",0,"F","F",2,2,0,26,2,"T","F",0,2,"T","T","leflr101","wockj001","T","T",0,0,0,0,0,0,0,0,0,"","","",0,0,0,0,0,0,0,0,0,0,0,0,0,"singk001","F","F","F","F",0,0,0,0,0,0,0,0,0,0,F,F,"1978BAL.EVA.regular.event.csv",5904
"BAL197809240","DET",7,0,2,0,0,"",2,2,"leflr101","?","leflr101","?","mcgrs001","?","mcgrs001","?","dempr001","murre001","dauer001","decid001","garck001","kellp101","harll101","singk001","","trama001","","4","F","F",8,1,2,"T","T",0,"F","F",1,"F","F",0,"F","F",4,"F","F","F","",0,0,"N",0,"N",0,"N",0,0,2,0,"4","","","","F","F","F","F","F","F","F","F","F","","mcgrs001","","F","F","F","F","F","","","","",0,4,0,0,0,0,0,0,0,55,"BAL","DET","BAL",0,"F","T",2,2,0,27,3,"T","F",2,2,"T","T","wockj001","staur001","T","T",0,0,0,6,9,54,0,0,0,"","dempr001","",0,0,0,0,0,0,0,0,0,0,0,0,0,"dauer001","F","F","F","F",0,0,0,0,0,0,0,0,0,0,F,F,"1978BAL.EVA.regular.event.csv",5905
"BAL197809240","DET",7,1,0,0,0,"",2,2,"dempr001","?","dempr001","?","slatj001","?","slatj001","?","parrl001","thomj001","dills101","rodra101","trama001","kemps001","leflr101","wockj001","","","","W","T","F",2,9,14,"T","F",0,"F","F",0,"F","F",0,"F","F",0,"","F","F","",0,0,"N",0,"N",0,"N",1,0,0,0,"","","","","F","F","F","F","F","F","F","F","F","","","","F","F","F","F","F","","","","",0,0,0,0,0,0,0,0,0,56,"BAL","BAL","DET",1,"T","F",2,2,0,26,0,"T","F",0,1,"T","T","harll101","kellp101","T","T",0,0,0,0,0,0,0,0,0,"","","",0,0,0,0,0,0,0,0,0,0,0,0,0,"","F","F","F","F",0,0,0,0,0,0,0,0,0,0,F,F,"1978BAL.EVA.regular.event.csv",5906
"BAL197809240","DET",7,1,0,0,0,"",2,2,"harll101","?","harll101","?","slatj001","?","slatj001","?","parrl001","thomj001","dills101","rodra101","trama001","kemps001","leflr101","wockj001","dempr001","","","K","F","F",8,1,3,"T","T",0,"F","F",1,"F","F",0,"F","F",0,"","F","F","",0,0,"N",0,"N",0,"N",0,1,0,0,"2","","","","F","F","F","F","F","F","F","F","F","slatj001","","","F","F","F","F","F","","","","",0,2,0,0,0,0,0,0,0,57,"BAL","BAL","DET",1,"F","F",2,2,0,27,1,"T","F",1,1,"T","T","kellp101","singk001","T","T",2,9,56,0,0,0,0,0,0,"parrl001","","",0,0,0,0,0,0,0,0,0,0,0,0,0,"","F","F","F","F",0,0,0,0,0,0,0,0,0,0,F,F,"1978BAL.EVA.regular.event.csv",5907
"BAL197809240","DET",7,1,1,0,0,"",2,2,"kellp101","?","kellp101","?","slatj001","?","slatj001","?","parrl001","thomj001","dills101","rodra101","trama001","kemps001","leflr101","wockj001","dempr001","","","36(1)3/GDP","F","F",7,2,2,"T","T",0,"F","F",2,"T","F",0,"F","F",3,"G","F","F","",0,0,"N",0,"N",0,"N",0,0,0,0,"63","36","","","F","F","F","F","F","F","F","F","F","slatj001","","","F","F","F","F","F","","","","",0,6,3,0,3,6,0,0,0,58,"BAL","BAL","DET",1,"F","T",2,2,0,28,2,"T","F",1,0,"T","T","singk001","murre001","T","T",2,9,56,0,0,0,0,0,0,"parrl001","","",0,0,0,0,0,0,0,0,0,0,0,0,0,"thomj001","T","F","F","F",0,0,0,0,0,0,0,0,0,0,F,F,"1978BAL.EVA.regular.event.csv",5908
"BAL197809240","DET",8,0,0,0,0,"",2,2,"wockj001","?","wockj001","?","stand101","?","stand101","?","dempr001","murre001","dauer001","decid001","garck001","kellp101","harll101","singk001","","","","63","T","F",9,2,2,"T","T",0,"F","F",1,"F","F",0,"F","F",6,"G","F","F","",0,0,"N",0,"N",0,"N",0,0,0,0,"63","","","","F","F","F","F","F","F","F","F","F","","","","F","F","F","F","F","","","","",0,3,0,0,6,0,0,0,0,59,"BAL","DET","BAL",0,"T","F",2,2,0,28,0,"T","F",0,0,"T","T","staur001","thomj001","F","F",0,0,0,0,0,0,0,0,0,"","","",0,0,0,0,0,0,0,0,0,0,0,0,0,"garck001","F","F","F","F",0,0,0,0,0,0,0,0,0,0,F,F,"1978BAL.EVA.regular.event.csv",5909
"BAL197809240","DET",8,0,1,0,0,"",2,2,"staur001","?","staur001","?","stand101","?","stand101","?","dempr001","murre001","dauer001","decid001","garck001","kellp101","harll101","singk001","","","","9","F","F",10,3,2,"T","T",0,"F","F",1,"F","F",0,"F","F",9,"F","F","F","",0,0,"N",0,"N",0,"N",0,0,0,0,"9","","","","F","F","F","F","F","F","F","F","F","","","","F","F","F","F","F","","","","",0,9,0,0,0,0,0,0,0,60,"BAL","DET","BAL",0,"F","F",2,2,0,29,1,"T","F",0,0,"T","T","thomj001","kemps001","F","F",0,0,0,0,0,0,0,0,0,"","","",0,0,0,0,0,0,0,0,0,0,0,0,0,"singk001","F","F","F","F",0,0,0,0,0,0,0,0,0,0,F,F,"1978BAL.EVA.regular.event.csv",5910
"BAL197809240","DET",8,0,2,0,0,"",2,2,"thomj001","?","thomj001","?","stand101","?","stand101","?","dempr001","murre001","dauer001","decid001","garck001","kellp101","harll101","singk001","","","","8","F","F",3,4,2,"T","T",0,"F","F",1,"F","F",0,"F","F",8,"F","F","F","",0,0,"N",0,"N",0,"N",0,0,0,0,"8","","","","F","F","F","F","F","F","F","F","F","","","","F","F","F","F","F","","","","",0,8,0,0,0,0,0,0,0,61,"BAL","DET","BAL",0,"F","T",2,2,0,30,2,"T","F",0,0,"T","T","kemps001","parrl001","F","F",0,0,0,0,0,0,0,0,0,"","","",0,0,0,0,0,0,0,0,0,0,0,0,0,"harll101","F","F","F","F",0,0,0,0,0,0,0,0,0,0,F,F,"1978BAL.EVA.regular.event.csv",5911
"BAL197809240","DET",8,1,0,0,0,"",2,2,"singk001","?","singk001","?","slatj001","?","slatj001","?","parrl001","thomj001","dills101","rodra101","trama001","kemps001","leflr101","wockj001","","","","43","T","F",9,3,2,"T","T",0,"F","F",1,"F","F",0,"F","F",4,"G","F","F","",0,0,"N",0,"N",0,"N",0,0,0,0,"43","","","","F","F","F","F","F","F","F","F","F","","","","F","F","F","F","F","","","","",0,3,0,0,4,0,0,0,0,62,"BAL","BAL","DET",1,"T","F",2,2,0,29,0,"T","F",0,0,"T","T","murre001","decid001","T","T",0,0,0,0,0,0,0,0,0,"","","",0,0,0,0,0,0,0,0,0,0,0,0,0,"dills101","F","F","F","F",0,0,0,0,0,0,0,0,0,0,F,F,"1978BAL.EVA.regular.event.csv",5912
"BAL197809240","DET",8,1,1,0,0,"",2,2,"murre001","?","murre001","?","slatj001","?","slatj001","?","parrl001","thomj001","dills101","rodra101","trama001","kemps001","leflr101","wockj001","","","","7","F","F",3,4,2,"T","T",0,"F","F",1,"F","F",0,"F","F",7,"F","F","F","",0,0,"N",0,"N",0,"N",0,0,0,0,"7","","","","F","F","F","F","F","F","F","F","F","","","","F","F","F","F","F","","","","",0,7,0,0,0,0,0,0,0,63,"BAL","BAL","DET",1,"F","F",2,2,0,30,1,"T","F",0,0,"T","T","decid001","crowt101","T","T",0,0,0,0,0,0,0,0,0,"","","",0,0,0,0,0,0,0,0,0,0,0,0,0,"kemps001","F","F","F","F",0,0,0,0,0,0,0,0,0,0,F,F,"1978BAL.EVA.regular.event.csv",5913
"BAL197809240","DET",8,1,2,0,0,"",2,2,"decid001","?","decid001","?","slatj001","?","slatj001","?","parrl001","thomj001","dills101","rodra101","trama001","kemps001","leflr101","wockj001","","","","9","F","F",5,5,2,"T","T",0,"F","F",1,"F","F",0,"F","F",9,"F","F","F","",0,0,"N",0,"N",0,"N",0,0,0,0,"9","","","","F","F","F","F","F","F","F","F","F","","","","F","F","F","F","F","","","","",0,9,0,0,0,0,0,0,0,64,"BAL","BAL","DET",1,"F","T",2,2,0,31,2,"T","F",0,0,"T","T","crowt101","garck001","T","T",0,0,0,0,0,0,0,0,0,"","","",0,0,0,0,0,0,0,0,0,0,0,0,0,"wockj001","F","F","F","F",0,0,0,0,0,0,0,0,0,0,F,F,"1978BAL.EVA.regular.event.csv",5914
"BAL197809240","DET",9,0,0,0,0,"",2,2,"kemps001","?","kemps001","?","stand101","?","stand101","?","dempr001","murre001","dauer001","decid001","garck001","kellp101","harll101","singk001","","","","W","T","F",7,5,14,"T","F",0,"F","F",0,"F","F",0,"F","F",0,"","F","F","",0,0,"N",0,"N",0,"N",1,0,0,0,"","","","","F","F","F","F","F","F","F","F","F","","","","F","F","F","F","F","","","","",0,0,0,0,0,0,0,0,0,65,"BAL","DET","BAL",0,"T","F",2,2,0,31,0,"T","F",0,1,"T","T","parrl001","rodra101","F","F",0,0,0,0,0,0,0,0,0,"","","",0,0,0,0,0,0,0,0,0,0,0,0,0,"","F","F","F","F",5,0,0,0,2,0,0,0,0,0,F,F,"1978BAL.EVA.regular.event.csv",5915
"BAL197809240","DET",9,0,0,0,0,"",2,2,"parrl001","?","parrl001","?","stand101","?","stand101","?","dempr001","murre001","dauer001","decid001","garck001","kellp101","harll101","singk001","kemps001","","","PO1(E1).1-3","F","F",2,6,8,"F","F",0,"F","F",0,"F","F",0,"F","F",0,"","F","F","",1,1,"T",0,"N",0,"N",0,3,0,0,"","E1","","","F","F","F","F","F","F","T","F","F","stand101","","","F","F","F","F","F","","","","",0,0,0,0,0,0,0,0,0,66,"BAL","DET","BAL",0,"F","F",2,2,0,32,1,"T","F",1,4,"T","T","rodra101","dills101","F","F",7,5,65,0,0,0,0,0,0,"dempr001","","",0,0,0,0,0,0,0,0,0,0,0,0,0,"","F","F","F","F",0,5,0,0,2,0,0,0,0,0,F,F,"1978BAL.EVA.regular.event.csv",5916
"BAL197809240","DET",9,0,0,0,0,"",2,2,"parrl001","?","parrl001","?","stand101","?","stand101","?","dempr001","murre001","dauer001","decid001","garck001","kellp101","harll101","singk001","","","kemps001","FC1.B-1#","F","F",2,6,19,"T","T",0,"F","F",0,"F","F",0,"F","F",1,"G","F","F","",0,0,"N",0,"N",0,"N",1,0,0,3,"","","","","F","F","F","F","F","F","F","F","F","","","stand101","F","F","F","F","F","","","","",0,0,0,0,0,0,0,0,0,67,"BAL","DET","BAL",0,"F","F",2,2,0,32,1,"F","F",4,5,"T","T","rodra101","dills101","F","F",0,0,0,0,0,0,7,5,65,"","","dempr001",0,0,0,0,0,0,0,0,0,0,0,0,0,"stand101","F","F","F","F",5,0,0,5,2,0,0,0,0,0,F,T,"1978BAL.EVA.regular.event.csv",5917
"BAL197809240","DET",9,0,0,0,0,"",2,2,"rodra101","?","rodra101","?","stand101","?","stand101","?","dempr001","murre001","dauer001","decid001","garck001","kellp101","harll101","singk001","parrl001","","kemps001","S/BG.3-H(UR);1-2#","F","F",5,7,20,"T","T",1,"F","F",0,"F","F",1,"F","F",0,"G","T","F","",0,0,"N",0,"N",0,"N",1,2,0,5,"","","","","F","F","F","F","F","F","F","F","F","stand101","","stand101","F","F","F","F","F","","","","",0,0,0,0,0,0,0,0,0,68,"BAL","DET","BAL",0,"F","F",2,2,0,33,2,"T","F",5,3,"T","T","dills101","trama001","F","F",2,6,67,0,0,0,7,5,65,"dempr001","","dempr001",0,0,0,0,0,0,0,0,0,0,0,0,1,"","F","F","F","F",0,5,0,5,1,0,0,0,0,0,F,T,"1978BAL.EVA.regular.event.csv",5918
"BAL197809240","DET",9,0,0,0,0,"",3,2,"may-m001","?","may-m001","?","stand101","?","stand101","?","dempr001","murre001","dauer001","decid001","garck001","kellp101","harll101","singk001","rodra101","parrl001","","46(1)3/GDP.2-3","F","T",11,8,2,"T","T",0,"F","F",2,"T","F",0,"F","F",4,"G","F","F","",0,0,"N",0,"N",0,"N",0,0,3,0,"63","46","","","F","F","F","F","F","F","F","F","F","stand101","stand101","","F","F","F","F","F","","","","dills101",4,6,3,0,4,6,0,0,0,69,"BAL","DET","BAL",0,"F","F",3,2,1,34,3,"T","F",3,4,"F","F","trama001","leflr101","F","F",5,7,68,2,6,67,0,0,0,"dempr001","dempr001","",0,0,0,0,0,0,0,0,0,0,0,0,0,"dauer001","T","F","F","F",0,0,5,0,1,0,0,0,0,0,F,F,"1978BAL.EVA.regular.event.csv",5919
"BAL197809240","DET",9,0,2,0,0,"",3,2,"trama001","?","trama001","?","stand101","?","stand101","?","dempr001","murre001","dauer001","decid001","garck001","kellp101","harll101","singk001","","","parrl001","S9.3-H(UR)","F","F",6,9,20,"T","T",1,"F","F",0,"F","F",1,"F","F",9,"","F","F","",0,0,"N",0,"N",0,"N",1,0,0,5,"","","","","F","F","F","F","F","F","F","F","F","","","stand101","F","F","F","F","F","","","","",0,0,0,0,0,0,0,0,0,70,"BAL","DET","BAL",0,"F","F",3,2,1,35,4,"T","F",4,1,"T","T","leflr101","wockj001","F","F",0,0,0,0,0,0,2,6,67,"","","dempr001",0,0,0,0,0,0,0,0,0,0,0,0,1,"singk001","F","F","F","F",0,0,0,5,0,0,0,0,0,0,F,F,"1978BAL.EVA.regular.event.csv",5920
"BAL197809240","DET",9,0,2,0,0,"",4,2,"leflr101","?","leflr101","?","stand101","?","stand101","?","dempr001","murre001","dauer001","decid001","garck001","kellp101","harll101","singk001","trama001","","","64(1)/FO","F","F",8,1,2,"T","T",0,"F","F",1,"F","F",0,"F","F",6,"G","F","F","",0,0,"N",0,"N",0,"N",1,0,0,0,"","64","","","F","F","F","F","F","F","F","F","F","stand101","","","F","F","F","F","F","","","","",0,4,0,0,6,0,0,0,0,71,"BAL","DET","BAL",0,"F","T",4,2,2,36,5,"T","F",1,1,"T","T","wockj001","staur001","F","F",6,9,70,0,0,0,0,0,0,"dempr001","","",0,0,0,0,0,0,0,0,0,0,0,0,0,"garck001","T","F","F","F",1,0,0,0,0,0,0,0,0,0,F,F,"1978BAL.EVA.regular.event.csv",5921
"BAL197809240","DET",9,1,0,0,0,"",4,2,"crowt101","?","crowt101","?","slatj001","?","slatj001","?","parrl001","thomj001","wagnm001","rodra101","trama001","kemps001","leflr101","wockj001","","","","7","T","F",10,6,2,"T","T",0,"F","F",1,"F","F",0,"F","F",7,"F","F","F","",0,0,"N",0,"N",0,"N",0,0,0,0,"7","","","","F","F","F","F","F","F","F","F","F","","","","F","F","F","F","F","","","","",0,7,0,0,0,0,0,0,0,72,"BAL","BAL","DET",1,"T","F",2,4,0,32,0,"T","F",0,0,"T","T","garck001","dauer001","T","T",0,0,0,0,0,0,0,0,0,"","","",0,0,0,0,0,0,0,0,0,0,0,0,0,"kemps001","F","F","F","F",0,0,0,0,0,0,0,0,0,0,F,F,"1978BAL.EVA.regular.event.csv",5922
"BAL197809240","DET",9,1,1,0,0,"",4,2,"garck001","?","garck001","?","slatj001","?","slatj001","?","parrl001","thomj001","wagnm001","rodra101","trama001","kemps001","leflr101","wockj001","","","","K","F","F",6,7,3,"T","T",0,"F","F",1,"F","F",0,"F","F",0,"","F","F","",0,0,"N",0,"N",0,"N",0,0,0,0,"2","","","","F","F","F","F","F","F","F","F","F","","","","F","F","F","F","F","","","","",0,2,0,0,0,0,0,0,0,73,"BAL","BAL","DET",1,"F","F",2,4,0,33,1,"T","F",0,0,"T","T","dauer001","dempr001","T","T",0,0,0,0,0,0,0,0,0,"","","",0,0,0,0,0,0,0,0,0,0,0,0,0,"","F","F","F","F",0,0,0,0,0,0,0,0,0,0,F,F,"1978BAL.EVA.regular.event.csv",5923
"BAL197809240","DET",9,1,2,0,0,"",4,2,"bumba001","?","bumba001","?","slatj001","?","slatj001","?","parrl001","thomj001","wagnm001","rodra101","trama001","kemps001","leflr101","wockj001","","","","K/C","F","T",11,8,3,"T","T",0,"F","F",1,"F","F",0,"F","F",0,"","F","F","",0,0,"N",0,"N",0,"N",0,0,0,0,"2","","","","F","F","F","F","F","F","F","F","F","","","","F","T","F","F","F","","","","dauer001",4,2,0,0,0,0,0,0,0,74,"BAL","BAL","DET",1,"F","T",2,4,0,34,2,"T","F",0,0,"F","F","dempr001","harll101","T","T",0,0,0,0,0,0,0,0,0,"","","",0,0,0,0,0,0,0,0,0,0,0,0,0,"","F","F","F","F",0,0,0,0,0,0,0,0,0,0,F,F,"1978BAL.EVA.regular.event.csv",5924
"BAL197809260","CLE",1,0,0,0,0,"",0,0,"mannr001","?","mannr001","?","flanm001","?","flanm001","?","dempr001","murre001","dauer001","decid001","belam101","kellp101","harll101","singk001","","","","K","T","F",8,1,3,"T","T",0,"F","F",1,"F","F",0,"F","F",0,"","F","F","",0,0,"N",0,"N",0,"N",0,0,0,0,"2","","","","F","F","F","F","F","F","F","F","F","","","","T","F","F","F","F","","","","",0,2,0,0,0,0,0,0,0,1,"BAL","CLE","BAL",0,"T","F",0,0,0,0,0,"T","F",0,0,"T","T","bellb001","thora001","T","T",0,0,0,0,0,0,0,0,0,"","","",0,0,0,0,0,0,0,0,0,0,0,0,0,"","F","F","F","F",0,0,0,0,0,0,0,0,0,0,F,F,"1978BAL.EVA.regular.event.csv",5925
"BAL197809260","CLE",1,0,1,0,0,"",0,0,"bellb001","?","bellb001","?","flanm001","?","flanm001","?","dempr001","murre001","dauer001","decid001","belam101","kellp101","harll101","singk001","","","","8","F","F",5,2,2,"T","T",0,"F","F",1,"F","F",0,"F","F",8,"F","F","F","",0,0,"N",0,"N",0,"N",0,0,0,0,"8","","","","F","F","F","F","F","F","F","F","F","","","","F","F","F","F","F","","","","",0,8,0,0,0,0,0,0,0,2,"BAL","CLE","BAL",0,"F","F",0,0,0,1,1,"T","F",0,0,"T","T","thora001","alexg101","T","T",0,0,0,0,0,0,0,0,0,"","","",0,0,0,0,0,0,0,0,0,0,0,0,0,"harll101","F","F","F","F",0,0,0,0,0,0,0,0,0,0,F,F,"1978BAL.EVA.regular.event.csv",5926
"BAL197809260","CLE",1,0,2,0,0,"",0,0,"thora001","?","thora001","?","flanm001","?","flanm001","?","dempr001","murre001","dauer001","decid001","belam101","kellp101","harll101","singk001","","","","W","F","F",3,3,14,"T","F",0,"F","F",0,"F","F",0,"F","F",0,"","F","F","",0,0,"N",0,"N",0,"N",1,0,0,0,"","","","","F","F","F","F","F","F","F","F","F","","","","F","F","F","F","F","","","","",0,0,0,0,0,0,0,0,0,3,"BAL","CLE","BAL",0,"F","F",0,0,0,2,2,"T","F",0,1,"T","T","alexg101","cox-t101","T","T",0,0,0,0,0,0,0,0,0,"","","",0,0,0,0,0,0,0,0,0,0,0,0,0,"","F","F","F","F",0,0,0,0,0,0,0,0,0,0,F,F,"1978BAL.EVA.regular.event.csv",5927
"BAL197809260","CLE",1,0,2,0,0,"",0,0,"alexg101","?","alexg101","?","flanm001","?","flanm001","?","dempr001","murre001","dauer001","decid001","belam101","kellp101","harll101","singk001","thora001","","","C/E2.1-2;B-1","F","F",10,4,17,"T","F",0,"F","F",0,"F","F",0,"F","F",0,"","F","F","",1,2,"F",0,"N",0,"N",1,2,0,0,"","","","","F","F","F","F","F","F","F","F","F","flanm001","","","F","F","F","F","F","","","","",0,0,0,0,0,0,0,0,0,4,"BAL","CLE","BAL",0,"F","F",0,0,0,3,3,"T","F",1,3,"T","T","cox-t101","kuipd001","T","T",3,3,3,0,0,0,0,0,0,"dempr001","","",0,0,0,0,0,0,0,0,0,0,0,0,0,"","F","F","F","F",0,0,0,0,0,0,0,0,0,0,F,F,"1978BAL.EVA.regular.event.csv",5928
"BAL197809260","CLE",1,0,2,0,0,"",0,0,"cox-t101","?","cox-t101","?","flanm001","?","flanm001","?","dempr001","murre001","dauer001","decid001","belam101","kellp101","harll101","singk001","alexg101","thora001","","8","F","F",7,5,2,"T","T",0,"F","F",1,"F","F",0,"F","F",8,"F","F","F","",0,0,"N",0,"N",0,"N",0,1,2,0,"8","","","","F","F","F","F","F","F","F","F","F","flanm001","flanm001","","F","F","F","F","F","","","","",0,8,0,0,0,0,0,0,0,5,"BAL","CLE","BAL",0,"F","T",0,0,0,4,4,"T","F",3,3,"T","T","kuipd001","veryt001","T","T",10,4,4,3,3,3,0,0,0,"dempr001","dempr001","",0,0,0,0,0,0,0,0,0,0,0,0,0,"harll101","F","F","F","F",0,0,0,0,0,0,0,0,0,0,F,F,"1978BAL.EVA.regular.event.csv",5929
"BAL197809260","CLE",1,1,0,0,0,"",0,0,"harll101","?","harll101","?","reusp101","?","reusp101","?","diazb001","thora001","kuipd001","bellb001","veryt001","cox-t101","mannr001","brigd101","","","","S7","T","F",8,1,20,"T","T",1,"F","F",0,"F","F",0,"F","F",7,"","F","F","",0,0,"N",0,"N",0,"N",1,0,0,0,"","","","","F","F","F","F","F","F","F","F","F","","","","F","F","F","F","F","","","","",0,0,0,0,0,0,0,0,0,6,"BAL","BAL","CLE",1,"T","F",0,0,0,0,0,"T","F",0,1,"T","T","kellp101","singk001","T","T",0,0,0,0,0,0,0,0,0,"","","",0,0,0,0,0,0,0,0,0,0,0,0,0,"cox-t101","F","F","F","F",4,0,0,0,2,0,0,0,0,0,F,F,"1978BAL.EVA.regular.event.csv",5930
"BAL197809260","CLE",1,1,0,0,0,"",0,0,"kellp101","?","kellp101","?","reusp101","?","reusp101","?","diazb001","thora001","kuipd001","bellb001","veryt001","cox-t101","mannr001","brigd101","harll101","","","8","F","F",7,2,2,"T","T",0,"F","F",1,"F","F",0,"F","F",8,"F","F","F","",0,0,"N",0,"N",0,"N",0,1,0,0,"8","","","","F","F","F","F","F","F","F","F","F","reusp101","","","F","F","F","F","F","","","","",0,8,0,0,0,0,0,0,0,7,"BAL","BAL","CLE",1,"F","F",0,0,0,1,1,"T","F",1,1,"T","T","singk001","murre001","T","T",8,1,6,0,0,0,0,0,0,"diazb001","","",0,0,0,0,0,0,0,0,0,0,0,0,0,"mannr001","F","F","F","F",0,4,0,0,2,0,0,0,0,0,F,F,"1978BAL.EVA.regular.event.csv",5931
"BAL197809260","CLE",1,1,1,0,0,"",0,0,"singk001","?","singk001","?","reusp101","?","reusp101","?","diazb001","thora001","kuipd001","bellb001","veryt001","cox-t101","mannr001","brigd101","harll101","","","W.1-2","F","F",9,3,14,"T","F",0,"F","F",0,"F","F",0,"F","F",0,"","F","F","",0,0,"N",0,"N",0,"N",1,2,0,0,"","","","","F","F","F","F","F","F","F","F","F","reusp101","","","F","F","F","F","F","","","","",0,0,0,0,0,0,0,0,0,8,"BAL","BAL","CLE",1,"F","F",0,0,0,2,2,"T","F",1,3,"T","T","murre001","decid001","T","T",8,1,6,0,0,0,0,0,0,"diazb001","","",0,0,0,0,0,0,0,0,0,0,0,0,0,"","F","F","F","F",4,4,0,0,2,0,0,0,0,0,F,F,"1978BAL.EVA.regular.event.csv",5932
"BAL197809260","CLE",1,1,1,0,0,"",0,0,"murre001","?","murre001","?","reusp101","?","reusp101","?","diazb001","thora001","kuipd001","bellb001","veryt001","cox-t101","mannr001","brigd101","singk001","harll101","","S9.2-H;1-3","F","F",3,4,20,"T","T",1,"F","F",0,"F","F",1,"F","F",9,"","F","F","",0,0,"N",0,"N",0,"N",1,3,4,0,"","","","","F","F","F","F","F","F","F","F","F","reusp101","reusp101","","F","F","F","F","F","","","","",0,0,0,0,0,0,0,0,0,9,"BAL","BAL","CLE",1,"F","F",0,0,0,3,3,"T","F",3,5,"T","T","decid001","may-l101","T","T",9,3,8,8,1,6,0,0,0,"diazb001","diazb001","",0,0,0,0,0,0,0,0,0,0,0,0,1,"brigd101","F","F","F","F",0,4,4,0,1,0,0,0,0,0,F,F,"1978BAL.EVA.regular.event.csv",5933
"BAL197809260","CLE",1,1,1,0,0,"",0,1,"decid001","?","decid001","?","reusp101","?","reusp101","?","diazb001","thora001","kuipd001","bellb001","veryt001","cox-t101","mannr001","brigd101","murre001","","singk001","S9.3-H;1-2#","F","F",5,5,20,"T","T",1,"F","F",0,"F","F",1,"F","F",9,"","F","F","",0,0,"N",0,"N",0,"N",1,2,0,4,"","","","","F","F","F","F","F","F","F","F","F","reusp101","","reusp101","F","F","F","F","F","","","","",0,0,0,0,0,0,0,0,0,10,"BAL","BAL","CLE",1,"F","F",1,0,1,4,4,"T","F",5,3,"T","T","may-l101","dempr001","T","T",3,4,9,0,0,0,9,3,8,"diazb001","","diazb001",0,0,0,0,0,0,0,0,0,0,0,0,1,"brigd101","F","F","F","F",0,0,0,4,0,0,0,0,0,0,F,T,"1978BAL.EVA.regular.event.csv",5934
"BAL197809260","CLE",1,1,1,0,0,"",0,2,"may-l101","?","may-l101","?","reusp101","?","reusp101","?","diazb001","thora001","kuipd001","bellb001","veryt001","cox-t101","mannr001","brigd101","decid001","murre001","","K","F","F",10,6,3,"T","T",0,"F","F",1,"F","F",0,"F","F",0,"","F","F","",0,0,"N",0,"N",0,"N",0,1,2,0,"2","","","","F","F","F","F","F","F","F","F","F","reusp101","reusp101","","F","F","F","F","F","","","","",0,2,0,0,0,0,0,0,0,11,"BAL","BAL","CLE",1,"F","F",2,0,2,5,5,"T","F",3,3,"T","T","dempr001","dauer001","T","T",5,5,10,3,4,9,0,0,0,"diazb001","diazb001","",0,0,0,0,0,0,0,0,0,0,0,0,0,"","F","F","F","F",0,0,0,0,0,0,0,0,0,0,F,F,"1978BAL.EVA.regular.event.csv",5935
"BAL197809260","CLE",1,1,2,0,0,"",0,2,"dempr001","?","dempr001","?","reusp101","?","reusp101","?","diazb001","thora001","kuipd001","bellb001","veryt001","cox-t101","mannr001","brigd101","decid001","murre001","","13","F","F",2,7,2,"T","T",0,"F","F",1,"F","F",0,"F","F",1,"G","F","F","",0,0,"N",0,"N",0,"N",0,1,2,0,"13","","","","F","F","F","F","F","F","F","F","F","reusp101","reusp101","","F","F","F","F","F","","","","",0,3,0,0,1,0,0,0,0,12,"BAL","BAL","CLE",1,"F","T",2,0,2,6,6,"T","F",3,3,"T","T","dauer001","belam101","T","T",5,5,10,3,4,9,0,0,0,"diazb001","diazb001","",0,0,0,0,0,0,0,0,0,0,0,0,0,"reusp101","F","F","F","F",0,0,0,0,0,0,0,0,0,0,F,F,"1978BAL.EVA.regular.event.csv",5936
"BAL197809260","CLE",2,0,0,0,0,"",0,2,"kuipd001","?","kuipd001","?","flanm001","?","flanm001","?","dempr001","murre001","dauer001","decid001","belam101","kellp101","harll101","singk001","","","","43","T","F",4,6,2,"T","T",0,"F","F",1,"F","F",0,"F","F",4,"G","F","F","",0,0,"N",0,"N",0,"N",0,0,0,0,"43","","","","F","F","F","F","F","F","F","F","F","","","","F","F","F","F","F","","","","",0,3,0,0,4,0,0,0,0,13,"BAL","CLE","BAL",0,"T","F",0,2,0,5,0,"T","F",0,0,"T","T","veryt001","brigd101","T","T",0,0,0,0,0,0,0,0,0,"","","",0,0,0,0,0,0,0,0,0,0,0,0,0,"dauer001","F","F","F","F",0,0,0,0,0,0,0,0,0,0,F,F,"1978BAL.EVA.regular.event.csv",5937
"BAL197809260","CLE",2,0,1,0,0,"",0,2,"veryt001","?","veryt001","?","flanm001","?","flanm001","?","dempr001","murre001","dauer001","decid001","belam101","kellp101","harll101","singk001","","","","7/7D","F","F",6,7,2,"T","T",0,"F","F",1,"F","F",0,"F","F",7,"F","F","F","7D",0,0,"N",0,"N",0,"N",0,0,0,0,"7","","","","F","F","F","F","F","F","F","F","F","","","","F","F","F","F","F","","","","",0,7,0,0,0,0,0,0,0,14,"BAL","CLE","BAL",0,"F","F",0,2,0,6,1,"T","F",0,0,"T","T","brigd101","diazb001","T","T",0,0,0,0,0,0,0,0,0,"","","",0,0,0,0,0,0,0,0,0,0,0,0,0,"kellp101","F","F","F","F",0,0,0,0,0,0,0,0,0,0,F,F,"1978BAL.EVA.regular.event.csv",5938
"BAL197809260","CLE",2,0,2,0,0,"",0,2,"brigd101","?","brigd101","?","flanm001","?","flanm001","?","dempr001","murre001","dauer001","decid001","belam101","kellp101","harll101","singk001","","","","K/C","F","F",9,8,3,"T","T",0,"F","F",1,"F","F",0,"F","F",0,"","F","F","",0,0,"N",0,"N",0,"N",0,0,0,0,"2","","","","F","F","F","F","F","F","F","F","F","","","","F","F","F","F","F","","","","",0,2,0,0,0,0,0,0,0,15,"BAL","CLE","BAL",0,"F","T",0,2,0,7,2,"T","F",0,0,"T","T","diazb001","mannr001","T","T",0,0,0,0,0,0,0,0,0,"","","",0,0,0,0,0,0,0,0,0,0,0,0,0,"","F","F","F","F",0,0,0,0,0,0,0,0,0,0,F,F,"1978BAL.EVA.regular.event.csv",5939
"BAL197809260","CLE",2,1,0,0,0,"",0,2,"dauer001","?","dauer001","?","reusp101","?","reusp101","?","diazb001","thora001","kuipd001","bellb001","veryt001","cox-t101","mannr001","brigd101","","","","S9#","T","F",4,8,20,"T","T",1,"F","F",0,"F","F",0,"F","F",9,"","F","F","",0,0,"N",0,"N",0,"N",1,0,0,0,"","","","","F","F","F","F","F","F","F","F","F","","","","F","F","F","F","F","","","","",0,0,0,0,0,0,0,0,0,16,"BAL","BAL","CLE",1,"T","F",2,0,0,7,0,"T","F",0,1,"T","T","belam101","harll101","T","T",0,0,0,0,0,0,0,0,0,"","","",0,0,0,0,0,0,0,0,0,0,0,0,0,"brigd101","F","F","F","F",0,0,0,0,0,0,0,0,0,0,F,T,"1978BAL.EVA.regular.event.csv",5940
"BAL197809260","CLE",2,1,0,0,0,"",0,2,"belam101","?","belam101","?","reusp101","?","reusp101","?","diazb001","thora001","kuipd001","bellb001","veryt001","cox-t101","mannr001","brigd101","dauer001","","","2/BP","F","F",6,9,2,"T","T",0,"F","F",1,"F","F",0,"F","F",2,"P","T","F","",0,0,"N",0,"N",0,"N",0,1,0,0,"2","","","","F","F","F","F","F","F","F","F","F","reusp101","","","F","F","F","F","F","","","","",0,2,0,0,0,0,0,0,0,17,"BAL","BAL","CLE",1,"F","F",2,0,0,8,1,"T","F",1,1,"T","T","harll101","kellp101","T","T",4,8,16,0,0,0,0,0,0,"diazb001","","",0,0,0,0,0,0,0,0,0,0,0,0,0,"diazb001","F","F","F","F",0,0,0,0,0,0,0,0,0,0,F,F,"1978BAL.EVA.regular.event.csv",5941
"BAL197809260","CLE",2,1,1,0,0,"",0,2,"harll101","?","harll101","?","reusp101","?","reusp101","?","diazb001","thora001","kuipd001","bellb001","veryt001","cox-t101","mannr001","brigd101","dauer001","","","FC6.1-2(E6/TH2);B-1","F","F",8,1,19,"T","T",0,"F","F",0,"F","F",0,"F","F",6,"G","F","F","",1,6,"T",0,"N",0,"N",1,2,0,0,"","","","","F","F","F","F","F","F","F","F","F","reusp101","","","F","F","F","F","F","","","","",0,0,0,0,0,0,0,0,0,18,"BAL","BAL","CLE",1,"F","F",2,0,0,9,2,"T","F",1,3,"T","T","kellp101","singk001","T","T",4,8,16,0,0,0,0,0,0,"diazb001","","",0,0,0,0,0,0,0,0,0,0,0,0,0,"veryt001","F","F","F","F",0,0,0,0,0,0,0,0,0,0,F,F,"1978BAL.EVA.regular.event.csv",5942
"BAL197809260","CLE",2,1,1,0,0,"",0,2,"kellp101","?","kellp101","?","reusp101","?","reusp101","?","diazb001","thora001","kuipd001","bellb001","veryt001","cox-t101","mannr001","brigd101","harll101","dauer001","","16(1)3/GDP","F","F",7,2,2,"T","T",0,"F","F",2,"T","F",0,"F","F",1,"G","F","F","",0,0,"N",0,"N",0,"N",0,0,2,0,"63","16","","","F","F","F","F","F","F","F","F","F","reusp101","reusp101","","F","F","F","F","F","","","","",0,6,3,0,1,6,0,0,0,19,"BAL","BAL","CLE",1,"F","T",2,0,0,10,3,"T","F",3,2,"T","T","singk001","murre001","T","T",8,1,18,4,8,16,0,0,0,"diazb001","diazb001","",0,0,0,0,0,0,0,0,0,0,0,0,0,"reusp101","T","F","F","F",0,0,0,0,0,0,0,0,0,0,F,F,"1978BAL.EVA.regular.event.csv",5943
"BAL197809260","CLE",3,0,0,0,0,"",0,2,"diazb001","?","diazb001","?","flanm001","?","flanm001","?","dempr001","murre001","dauer001","decid001","belam101","kellp101","harll101","singk001","","","","4","T","F",2,9,2,"T","T",0,"F","F",1,"F","F",0,"F","F",4,"F","F","F","",0,0,"N",0,"N",0,"N",0,0,0,0,"4","","","","F","F","F","F","F","F","F","F","F","","","","F","F","F","F","F","","","","",0,4,0,0,0,0,0,0,0,20,"BAL","CLE","BAL",0,"T","F",0,2,0,8,0,"T","F",0,0,"T","T","mannr001","bellb001","T","T",0,0,0,0,0,0,0,0,0,"","","",0,0,0,0,0,0,0,0,0,0,0,0,0,"dauer001","F","F","F","F",0,0,0,0,0,0,0,0,0,0,F,F,"1978BAL.EVA.regular.event.csv",5944
"BAL197809260","CLE",3,0,1,0,0,"",0,2,"mannr001","?","mannr001","?","flanm001","?","flanm001","?","dempr001","murre001","dauer001","decid001","belam101","kellp101","harll101","singk001","","","","163","F","F",8,1,2,"T","T",0,"F","F",1,"F","F",0,"F","F",1,"G","F","F","",0,0,"N",0,"N",0,"N",0,0,0,0,"163","","","","F","F","F","F","F","F","F","F","F","","","","F","F","F","F","F","","","","",0,3,0,0,1,6,0,0,0,21,"BAL","CLE","BAL",0,"F","F",0,2,0,9,1,"T","F",0,0,"T","T","bellb001","thora001","T","T",0,0,0,0,0,0,0,0,0,"","","",0,0,0,0,0,0,0,0,0,0,0,0,0,"flanm001","F","F","F","F",0,0,0,0,0,0,0,0,0,0,F,F,"1978BAL.EVA.regular.event.csv",5945
"BAL197809260","CLE",3,0,2,0,0,"",0,2,"bellb001","?","bellb001","?","flanm001","?","flanm001","?","dempr001","murre001","dauer001","decid001","belam101","kellp101","harll101","singk001","","","","K/C","F","F",5,2,3,"T","T",0,"F","F",1,"F","F",0,"F","F",0,"","F","F","",0,0,"N",0,"N",0,"N",0,0,0,0,"2","","","","F","F","F","F","F","F","F","F","F","","","","F","F","F","F","F","","","","",0,2,0,0,0,0,0,0,0,22,"BAL","CLE","BAL",0,"F","T",0,2,0,10,2,"T","F",0,0,"T","T","thora001","alexg101","T","T",0,0,0,0,0,0,0,0,0,"","","",0,0,0,0,0,0,0,0,0,0,0,0,0,"","F","F","F","F",0,0,0,0,0,0,0,0,0,0,F,F,"1978BAL.EVA.regular.event.csv",5946
"BAL197809260","CLE",3,1,0,0,0,"",0,2,"singk001","?","singk001","?","reusp101","?","reusp101","?","diazb001","thora001","kuipd001","bellb001","veryt001","cox-t101","mannr001","brigd101","","","","63","T","F",9,3,2,"T","T",0,"F","F",1,"F","F",0,"F","F",6,"G","F","F","",0,0,"N",0,"N",0,"N",0,0,0,0,"63","","","","F","F","F","F","F","F","F","F","F","","","","F","F","F","F","F","","","","",0,3,0,0,6,0,0,0,0,23,"BAL","BAL","CLE",1,"T","F",2,0,0,11,0,"T","F",0,0,"T","T","murre001","decid001","T","T",0,0,0,0,0,0,0,0,0,"","","",0,0,0,0,0,0,0,0,0,0,0,0,0,"veryt001","F","F","F","F",0,0,0,0,0,0,0,0,0,0,F,F,"1978BAL.EVA.regular.event.csv",5947
"BAL197809260","CLE",3,1,1,0,0,"",0,2,"murre001","?","murre001","?","reusp101","?","reusp101","?","diazb001","thora001","kuipd001","bellb001","veryt001","cox-t101","mannr001","brigd101","","","","S9","F","F",3,4,20,"T","T",1,"F","F",0,"F","F",0,"F","F",9,"","F","F","",0,0,"N",0,"N",0,"N",1,0,0,0,"","","","","F","F","F","F","F","F","F","F","F","","","","F","F","F","F","F","","","","",0,0,0,0,0,0,0,0,0,24,"BAL","BAL","CLE",1,"F","F",2,0,0,12,1,"T","F",0,1,"T","T","decid001","may-l101","T","T",0,0,0,0,0,0,0,0,0,"","","",0,0,0,0,0,0,0,0,0,0,0,0,0,"brigd101","F","F","F","F",0,0,0,0,0,0,0,0,0,0,F,F,"1978BAL.EVA.regular.event.csv",5948
"BAL197809260","CLE",3,1,1,0,0,"",0,2,"decid001","?","decid001","?","reusp101","?","reusp101","?","diazb001","thora001","kuipd001","bellb001","veryt001","cox-t101","mannr001","brigd101","murre001","","","7","F","F",5,5,2,"T","T",0,"F","F",1,"F","F",0,"F","F",7,"F","F","F","",0,0,"N",0,"N",0,"N",0,1,0,0,"7","","","","F","F","F","F","F","F","F","F","F","reusp101","","","F","F","F","F","F","","","","",0,7,0,0,0,0,0,0,0,25,"BAL","BAL","CLE",1,"F","F",2,0,0,13,2,"T","F",1,1,"T","T","may-l101","dempr001","T","T",3,4,24,0,0,0,0,0,0,"diazb001","","",0,0,0,0,0,0,0,0,0,0,0,0,0,"cox-t101","F","F","F","F",0,0,0,0,0,0,0,0,0,0,F,F,"1978BAL.EVA.regular.event.csv",5949
"BAL197809260","CLE",3,1,2,0,0,"",0,2,"may-l101","?","may-l101","?","reusp101","?","reusp101","?","diazb001","thora001","kuipd001","bellb001","veryt001","cox-t101","mannr001","brigd101","murre001","","","S9/G.1-2#","F","F",10,6,20,"T","T",1,"F","F",0,"F","F",0,"F","F",9,"G","F","F","",0,0,"N",0,"N",0,"N",1,2,0,0,"","","","","F","F","F","F","F","F","F","F","F","reusp101","","","F","F","F","F","F","","","","",0,0,0,0,0,0,0,0,0,26,"BAL","BAL","CLE",1,"F","F",2,0,0,14,3,"T","F",1,3,"T","T","dempr001","dauer001","T","T",3,4,24,0,0,0,0,0,0,"diazb001","","",0,0,0,0,0,0,0,0,0,0,0,0,0,"brigd101","F","F","F","F",0,0,0,0,0,0,0,0,0,0,F,T,"1978BAL.EVA.regular.event.csv",5950
"BAL197809260","CLE",3,1,2,0,0,"",0,2,"dempr001","?","dempr001","?","reusp101","?","reusp101","?","diazb001","thora001","kuipd001","bellb001","veryt001","cox-t101","mannr001","brigd101","may-l101","murre001","","63","F","F",2,7,2,"T","T",0,"F","F",1,"F","F",0,"F","F",6,"G","F","F","",0,0,"N",0,"N",0,"N",0,1,2,0,"63","","","","F","F","F","F","F","F","F","F","F","reusp101","reusp101","","F","F","F","F","F","","","","",0,3,0,0,6,0,0,0,0,27,"BAL","BAL","CLE",1,"F","T",2,0,0,15,4,"T","F",3,3,"T","T","dauer001","belam101","T","T",10,6,26,3,4,24,0,0,0,"diazb001","diazb001","",0,0,0,0,0,0,0,0,0,0,0,0,0,"veryt001","F","F","F","F",0,0,0,0,0,0,0,0,0,0,F,F,"1978BAL.EVA.regular.event.csv",5951
"BAL197809260","CLE",4,0,0,0,0,"",0,2,"thora001","?","thora001","?","flanm001","?","flanm001","?","dempr001","murre001","dauer001","decid001","belam101","kellp101","harll101","singk001","","","","W","T","F",3,3,14,"T","F",0,"F","F",0,"F","F",0,"F","F",0,"","F","F","",0,0,"N",0,"N",0,"N",1,0,0,0,"","","","","F","F","F","F","F","F","F","F","F","","","","F","F","F","F","F","","","","",0,0,0,0,0,0,0,0,0,28,"BAL","CLE","BAL",0,"T","F",0,2,0,11,0,"T","F",0,1,"T","T","alexg101","cox-t101","T","T",0,0,0,0,0,0,0,0,0,"","","",0,0,0,0,0,0,0,0,0,0,0,0,0,"","F","F","F","F",0,0,0,0,0,0,0,0,0,0,F,F,"1978BAL.EVA.regular.event.csv",5952
"BAL197809260","CLE",4,0,0,0,0,"",0,2,"alexg101","?","alexg101","?","flanm001","?","flanm001","?","dempr001","murre001","dauer001","decid001","belam101","kellp101","harll101","singk001","thora001","","","7","F","F",10,4,2,"T","T",0,"F","F",1,"F","F",0,"F","F",7,"F","F","F","",0,0,"N",0,"N",0,"N",0,1,0,0,"7","","","","F","F","F","F","F","F","F","F","F","flanm001","","","F","F","F","F","F","","","","",0,7,0,0,0,0,0,0,0,29,"BAL","CLE","BAL",0,"F","F",0,2,0,12,1,"T","F",1,1,"T","T","cox-t101","kuipd001","T","T",3,3,28,0,0,0,0,0,0,"dempr001","","",0,0,0,0,0,0,0,0,0,0,0,0,0,"kellp101","F","F","F","F",0,0,0,0,0,0,0,0,0,0,F,F,"1978BAL.EVA.regular.event.csv",5953
"BAL197809260","CLE",4,0,1,0,0,"",0,2,"cox-t101","?","cox-t101","?","flanm001","?","flanm001","?","dempr001","murre001","dauer001","decid001","belam101","kellp101","harll101","singk001","thora001","","","64(1)3/GDP","F","F",7,5,2,"T","T",0,"F","F",2,"T","F",0,"F","F",6,"G","F","F","",0,0,"N",0,"N",0,"N",0,0,0,0,"43","64","","","F","F","F","F","F","F","F","F","F","flanm001","","","F","F","F","F","F","","","","",0,4,3,0,6,4,0,0,0,30,"BAL","CLE","BAL",0,"F","T",0,2,0,13,2,"T","F",1,0,"T","T","kuipd001","veryt001","T","T",3,3,28,0,0,0,0,0,0,"dempr001","","",0,0,0,0,0,0,0,0,0,0,0,0,0,"belam101","T","F","F","F",0,0,0,0,0,0,0,0,0,0,F,F,"1978BAL.EVA.regular.event.csv",5954
"BAL197809260","CLE",4,1,0,0,0,"",0,2,"dauer001","?","dauer001","?","reusp101","?","reusp101","?","diazb001","thora001","kuipd001","bellb001","veryt001","cox-t101","mannr001","brigd101","","","","9","T","F",4,8,2,"T","T",0,"F","F",1,"F","F",0,"F","F",9,"F","F","F","",0,0,"N",0,"N",0,"N",0,0,0,0,"9","","","","F","F","F","F","F","F","F","F","F","","","","F","F","F","F","F","","","","",0,9,0,0,0,0,0,0,0,31,"BAL","BAL","CLE",1,"T","F",2,0,0,16,0,"T","F",0,0,"T","T","belam101","harll101","T","T",0,0,0,0,0,0,0,0,0,"","","",0,0,0,0,0,0,0,0,0,0,0,0,0,"brigd101","F","F","F","F",0,0,0,0,0,0,0,0,0,0,F,F,"1978BAL.EVA.regular.event.csv",5955
"BAL197809260","CLE",4,1,1,0,0,"",0,2,"belam101","?","belam101","?","reusp101","?","reusp101","?","diazb001","thora001","kuipd001","bellb001","veryt001","cox-t101","mannr001","brigd101","","","","K","F","F",6,9,3,"T","T",0,"F","F",1,"F","F",0,"F","F",0,"","F","F","",0,0,"N",0,"N",0,"N",0,0,0,0,"2","","","","F","F","F","F","F","F","F","F","F","","","","F","F","F","F","F","","","","",0,2,0,0,0,0,0,0,0,32,"BAL","BAL","CLE",1,"F","F",2,0,0,17,1,"T","F",0,0,"T","T","harll101","kellp101","T","T",0,0,0,0,0,0,0,0,0,"","","",0,0,0,0,0,0,0,0,0,0,0,0,0,"","F","F","F","F",0,0,0,0,0,0,0,0,0,0,F,F,"1978BAL.EVA.regular.event.csv",5956
"BAL197809260","CLE",4,1,2,0,0,"",0,2,"harll101","?","harll101","?","reusp101","?","reusp101","?","diazb001","thora001","kuipd001","bellb001","veryt001","cox-t101","mannr001","brigd101","","","","6/L","F","F",8,1,2,"T","T",0,"F","F",1,"F","F",0,"F","F",6,"L","F","F","",0,0,"N",0,"N",0,"N",0,0,0,0,"6","","","","F","F","F","F","F","F","F","F","F","","","","F","F","F","F","F","","","","",0,6,0,0,0,0,0,0,0,33,"BAL","BAL","CLE",1,"F","T",2,0,0,18,2,"T","F",0,0,"T","T","kellp101","singk001","T","T",0,0,0,0,0,0,0,0,0,"","","",0,0,0,0,0,0,0,0,0,0,0,0,0,"veryt001","F","F","F","F",0,0,0,0,0,0,0,0,0,0,F,F,"1978BAL.EVA.regular.event.csv",5957
"BAL197809260","CLE",5,0,0,0,0,"",0,2,"kuipd001","?","kuipd001","?","flanm001","?","flanm001","?","dempr001","murre001","dauer001","decid001","belam101","kellp101","harll101","singk001","","","","9","T","F",4,6,2,"T","T",0,"F","F",1,"F","F",0,"F","F",9,"F","F","F","",0,0,"N",0,"N",0,"N",0,0,0,0,"9","","","","F","F","F","F","F","F","F","F","F","","","","F","F","F","F","F","","","","",0,9,0,0,0,0,0,0,0,34,"BAL","CLE","BAL",0,"T","F",0,2,0,14,0,"T","F",0,0,"T","T","veryt001","brigd101","T","T",0,0,0,0,0,0,0,0,0,"","","",0,0,0,0,0,0,0,0,0,0,0,0,0,"singk001","F","F","F","F",0,0,0,0,0,0,0,0,0,0,F,F,"1978BAL.EVA.regular.event.csv",5958
"BAL197809260","CLE",5,0,1,0,0,"",0,2,"veryt001","?","veryt001","?","flanm001","?","flanm001","?","dempr001","murre001","dauer001","decid001","belam101","kellp101","harll101","singk001","","","","8","F","F",6,7,2,"T","T",0,"F","F",1,"F","F",0,"F","F",8,"F","F","F","",0,0,"N",0,"N",0,"N",0,0,0,0,"8","","","","F","F","F","F","F","F","F","F","F","","","","F","F","F","F","F","","","","",0,8,0,0,0,0,0,0,0,35,"BAL","CLE","BAL",0,"F","F",0,2,0,15,1,"T","F",0,0,"T","T","brigd101","diazb001","T","T",0,0,0,0,0,0,0,0,0,"","","",0,0,0,0,0,0,0,0,0,0,0,0,0,"harll101","F","F","F","F",0,0,0,0,0,0,0,0,0,0,F,F,"1978BAL.EVA.regular.event.csv",5959
"BAL197809260","CLE",5,0,2,0,0,"",0,2,"brigd101","?","brigd101","?","flanm001","?","flanm001","?","dempr001","murre001","dauer001","decid001","belam101","kellp101","harll101","singk001","","","","43","F","F",9,8,2,"T","T",0,"F","F",1,"F","F",0,"F","F",4,"G","F","F","",0,0,"N",0,"N",0,"N",0,0,0,0,"43","","","","F","F","F","F","F","F","F","F","F","","","","F","F","F","F","F","","","","",0,3,0,0,4,0,0,0,0,36,"BAL","CLE","BAL",0,"F","T",0,2,0,16,2,"T","F",0,0,"T","T","diazb001","mannr001","T","T",0,0,0,0,0,0,0,0,0,"","","",0,0,0,0,0,0,0,0,0,0,0,0,0,"dauer001","F","F","F","F",0,0,0,0,0,0,0,0,0,0,F,F,"1978BAL.EVA.regular.event.csv",5960
"BAL197809260","CLE",5,1,0,0,0,"",0,2,"kellp101","?","kellp101","?","reusp101","?","reusp101","?","diazb001","thora001","kuipd001","bellb001","veryt001","cox-t101","mannr001","brigd101","","","","43","T","F",7,2,2,"T","T",0,"F","F",1,"F","F",0,"F","F",4,"G","F","F","",0,0,"N",0,"N",0,"N",0,0,0,0,"43","","","","F","F","F","F","F","F","F","F","F","","","","F","F","F","F","F","","","","",0,3,0,0,4,0,0,0,0,37,"BAL","BAL","CLE",1,"T","F",2,0,0,19,0,"T","F",0,0,"T","T","singk001","murre001","T","T",0,0,0,0,0,0,0,0,0,"","","",0,0,0,0,0,0,0,0,0,0,0,0,0,"kuipd001","F","F","F","F",0,0,0,0,0,0,0,0,0,0,F,F,"1978BAL.EVA.regular.event.csv",5961
"BAL197809260","CLE",5,1,1,0,0,"",0,2,"singk001","?","singk001","?","reusp101","?","reusp101","?","diazb001","thora001","kuipd001","bellb001","veryt001","cox-t101","mannr001","brigd101","","","","3/G","F","F",9,3,2,"T","T",0,"F","F",1,"F","F",0,"F","F",3,"G","F","F","",0,0,"N",0,"N",0,"N",0,0,0,0,"3","","","","F","F","F","F","F","F","F","F","F","","","","F","F","F","F","F","","","","",0,3,0,0,0,0,0,0,0,38,"BAL","BAL","CLE",1,"F","F",2,0,0,20,1,"T","F",0,0,"T","T","murre001","decid001","T","T",0,0,0,0,0,0,0,0,0,"","","",0,0,0,0,0,0,0,0,0,0,0,0,0,"thora001","F","F","F","F",0,0,0,0,0,0,0,0,0,0,F,F,"1978BAL.EVA.regular.event.csv",5962
"BAL197809260","CLE",5,1,2,0,0,"",0,2,"murre001","?","murre001","?","reusp101","?","reusp101","?","diazb001","thora001","kuipd001","bellb001","veryt001","cox-t101","mannr001","brigd101","","","","S8","F","F",3,4,20,"T","T",1,"F","F",0,"F","F",0,"F","F",8,"","F","F","",0,0,"N",0,"N",0,"N",1,0,0,0,"","","","","F","F","F","F","F","F","F","F","F","","","","F","F","F","F","F","","","","",0,0,0,0,0,0,0,0,0,39,"BAL","BAL","CLE",1,"F","F",2,0,0,21,2,"T","F",0,1,"T","T","decid001","may-l101","T","T",0,0,0,0,0,0,0,0,0,"","","",0,0,0,0,0,0,0,0,0,0,0,0,0,"mannr001","F","F","F","F",0,0,0,0,0,0,0,0,0,0,F,F,"1978BAL.EVA.regular.event.csv",5963
"BAL197809260","CLE",5,1,2,0,0,"",0,2,"decid001","?","decid001","?","reusp101","?","reusp101","?","diazb001","thora001","kuipd001","bellb001","veryt001","cox-t101","mannr001","brigd101","murre001","","","CS2(24)","F","F",5,5,6,"F","F",0,"F","F",1,"F","F",0,"F","F",0,"","F","F","",0,0,"N",0,"N",0,"N",0,0,0,0,"","24","","","F","F","F","T","F","F","F","F","F","reusp101","","","F","F","F","F","F","","","","",0,4,0,0,2,0,0,0,0,40,"BAL","BAL","CLE",1,"F","T",2,0,0,22,3,"T","T",1,0,"T","T","may-l101","dempr001","T","T",3,4,39,0,0,0,0,0,0,"diazb001","","",0,0,0,0,0,0,0,0,0,0,0,0,0,"","F","F","F","F",0,0,0,0,0,0,0,0,0,0,F,F,"1978BAL.EVA.regular.event.csv",5964
"BAL197809260","CLE",6,0,0,0,0,"",0,2,"diazb001","?","diazb001","?","flanm001","?","flanm001","?","dempr001","murre001","dauer001","decid001","belam101","kellp101","harll101","singk001","","","","K","T","F",2,9,3,"T","T",0,"F","F",1,"F","F",0,"F","F",0,"","F","F","",0,0,"N",0,"N",0,"N",0,0,0,0,"2","","","","F","F","F","F","F","F","F","F","F","","","","F","F","F","F","F","","","","",0,2,0,0,0,0,0,0,0,41,"BAL","CLE","BAL",0,"T","F",0,2,0,17,0,"T","F",0,0,"T","T","mannr001","bellb001","T","T",0,0,0,0,0,0,0,0,0,"","","",0,0,0,0,0,0,0,0,0,0,0,0,0,"","F","F","F","F",0,0,0,0,0,0,0,0,0,0,F,F,"1978BAL.EVA.regular.event.csv",5965
"BAL197809260","CLE",6,0,1,0,0,"",0,2,"mannr001","?","mannr001","?","flanm001","?","flanm001","?","dempr001","murre001","dauer001","decid001","belam101","kellp101","harll101","singk001","","","","9","F","F",8,1,2,"T","T",0,"F","F",1,"F","F",0,"F","F",9,"F","F","F","",0,0,"N",0,"N",0,"N",0,0,0,0,"9","","","","F","F","F","F","F","F","F","F","F","","","","F","F","F","F","F","","","","",0,9,0,0,0,0,0,0,0,42,"BAL","CLE","BAL",0,"F","F",0,2,0,18,1,"T","F",0,0,"T","T","bellb001","thora001","T","T",0,0,0,0,0,0,0,0,0,"","","",0,0,0,0,0,0,0,0,0,0,0,0,0,"singk001","F","F","F","F",0,0,0,0,0,0,0,0,0,0,F,F,"1978BAL.EVA.regular.event.csv",5966
"BAL197809260","CLE",6,0,2,0,0,"",0,2,"bellb001","?","bellb001","?","flanm001","?","flanm001","?","dempr001","murre001","dauer001","decid001","belam101","kellp101","harll101","singk001","","","","53","F","F",5,2,2,"T","T",0,"F","F",1,"F","F",0,"F","F",5,"G","F","F","",0,0,"N",0,"N",0,"N",0,0,0,0,"53","","","","F","F","F","F","F","F","F","F","F","","","","F","F","F","F","F","","","","",0,3,0,0,5,0,0,0,0,43,"BAL","CLE","BAL",0,"F","T",0,2,0,19,2,"T","F",0,0,"T","T","thora001","alexg101","T","T",0,0,0,0,0,0,0,0,0,"","","",0,0,0,0,0,0,0,0,0,0,0,0,0,"decid001","F","F","F","F",0,0,0,0,0,0,0,0,0,0,F,F,"1978BAL.EVA.regular.event.csv",5967
"BAL197809260","CLE",6,1,0,0,0,"",0,2,"decid001","?","decid001","?","reusp101","?","reusp101","?","diazb001","thora001","kuipd001","bellb001","veryt001","cox-t101","mannr001","brigd101","","","","K","T","F",5,5,3,"T","T",0,"F","F",1,"F","F",0,"F","F",0,"","F","F","",0,0,"N",0,"N",0,"N",0,0,0,0,"2","","","","F","F","F","F","F","F","F","F","F","","","","F","F","F","F","F","","","","",0,2,0,0,0,0,0,0,0,44,"BAL","BAL","CLE",1,"T","F",2,0,0,22,0,"T","F",0,0,"T","T","may-l101","dempr001","T","T",0,0,0,0,0,0,0,0,0,"","","",0,0,0,0,0,0,0,0,0,0,0,0,0,"","F","F","F","F",0,0,0,0,0,0,0,0,0,0,F,F,"1978BAL.EVA.regular.event.csv",5968
"BAL197809260","CLE",6,1,1,0,0,"",0,2,"may-l101","?","may-l101","?","reusp101","?","reusp101","?","diazb001","thora001","kuipd001","bellb001","veryt001","cox-t101","mannr001","brigd101","","","","S8/8D#","F","F",10,6,20,"T","T",1,"F","F",0,"F","F",0,"F","F",8,"","F","F","8D",0,0,"N",0,"N",0,"N",1,0,0,0,"","","","","F","F","F","F","F","F","F","F","F","","","","F","F","F","F","F","","","","",0,0,0,0,0,0,0,0,0,45,"BAL","BAL","CLE",1,"F","F",2,0,0,23,1,"T","F",0,1,"T","T","dempr001","dauer001","T","T",0,0,0,0,0,0,0,0,0,"","","",0,0,0,0,0,0,0,0,0,0,0,0,0,"mannr001","F","F","F","F",0,0,0,0,0,0,0,0,0,0,F,T,"1978BAL.EVA.regular.event.csv",5969
"BAL197809260","CLE",6,1,1,0,0,"",0,2,"dempr001","?","dempr001","?","reusp101","?","reusp101","?","diazb001","thora001","kuipd001","bellb001","veryt001","cox-t101","mannr001","brigd101","may-l101","","","9","F","F",2,7,2,"T","T",0,"F","F",1,"F","F",0,"F","F",9,"F","F","F","",0,0,"N",0,"N",0,"N",0,1,0,0,"9","","","","F","F","F","F","F","F","F","F","F","reusp101","","","F","F","F","F","F","","","","",0,9,0,0,0,0,0,0,0,46,"BAL","BAL","CLE",1,"F","F",2,0,0,24,2,"T","F",1,1,"T","T","dauer001","belam101","T","T",10,6,45,0,0,0,0,0,0,"diazb001","","",0,0,0,0,0,0,0,0,0,0,0,0,0,"brigd101","F","F","F","F",0,0,0,0,0,0,0,0,0,0,F,F,"1978BAL.EVA.regular.event.csv",5970
"BAL197809260","CLE",6,1,2,0,0,"",0,2,"dauer001","?","dauer001","?","reusp101","?","reusp101","?","diazb001","thora001","kuipd001","bellb001","veryt001","cox-t101","mannr001","brigd101","may-l101","","","7","F","F",4,8,2,"T","T",0,"F","F",1,"F","F",0,"F","F",7,"F","F","F","",0,0,"N",0,"N",0,"N",0,1,0,0,"7","","","","F","F","F","F","F","F","F","F","F","reusp101","","","F","F","F","F","F","","","","",0,7,0,0,0,0,0,0,0,47,"BAL","BAL","CLE",1,"F","T",2,0,0,25,3,"T","F",1,1,"T","T","belam101","harll101","T","T",10,6,45,0,0,0,0,0,0,"diazb001","","",0,0,0,0,0,0,0,0,0,0,0,0,0,"cox-t101","F","F","F","F",0,0,0,0,0,0,0,0,0,0,F,F,"1978BAL.EVA.regular.event.csv",5971
"BAL197809260","CLE",7,0,0,0,0,"",0,2,"thora001","?","thora001","?","flanm001","?","flanm001","?","dempr001","murre001","dauer001","decid001","belam101","kellp101","harll101","singk001","","","","W","T","F",3,3,14,"T","F",0,"F","F",0,"F","F",0,"F","F",0,"","F","F","",0,0,"N",0,"N",0,"N",1,0,0,0,"","","","","F","F","F","F","F","F","F","F","F","","","","F","F","F","F","F","","","","",0,0,0,0,0,0,0,0,0,48,"BAL","CLE","BAL",0,"T","F",0,2,0,20,0,"T","F",0,1,"T","T","alexg101","cox-t101","T","T",0,0,0,0,0,0,0,0,0,"","","",0,0,0,0,0,0,0,0,0,0,0,0,0,"","F","F","F","F",0,0,0,0,0,0,0,0,0,0,F,F,"1978BAL.EVA.regular.event.csv",5972
"BAL197809260","CLE",7,0,0,0,0,"",0,2,"alexg101","?","alexg101","?","flanm001","?","flanm001","?","dempr001","murre001","dauer001","decid001","belam101","kellp101","harll101","singk001","thora001","","","64(1)/FO.B-1","F","F",10,4,2,"T","T",0,"F","F",1,"F","F",0,"F","F",6,"G","F","F","",0,0,"N",0,"N",0,"N",1,0,0,0,"","64","","","F","F","F","F","F","F","F","F","F","flanm001","","","F","F","F","F","F","","","","",0,4,0,0,6,0,0,0,0,49,"BAL","CLE","BAL",0,"F","F",0,2,0,21,1,"T","F",1,1,"T","T","cox-t101","kuipd001","T","T",3,3,48,0,0,0,0,0,0,"dempr001","","",0,0,0,0,0,0,0,0,0,0,0,0,0,"belam101","T","F","F","F",0,0,0,0,0,0,0,0,0,0,F,F,"1978BAL.EVA.regular.event.csv",5973
"BAL197809260","CLE",7,0,1,0,0,"",0,2,"cox-t101","?","cox-t101","?","flanm001","?","flanm001","?","dempr001","murre001","dauer001","decid001","belam101","kellp101","harll101","singk001","alexg101","","","K","F","F",7,5,3,"T","T",0,"F","F",1,"F","F",0,"F","F",0,"","F","F","",0,0,"N",0,"N",0,"N",0,1,0,0,"2","","","","F","F","F","F","F","F","F","F","F","flanm001","","","F","F","F","F","F","","","","",0,2,0,0,0,0,0,0,0,50,"BAL","CLE","BAL",0,"F","F",0,2,0,22,2,"T","F",1,1,"T","T","kuipd001","veryt001","T","T",10,4,49,0,0,0,0,0,0,"dempr001","","",0,0,0,0,0,0,0,0,0,0,0,0,0,"","F","F","F","F",0,0,0,0,0,0,0,0,0,0,F,F,"1978BAL.EVA.regular.event.csv",5974
"BAL197809260","CLE",7,0,2,0,0,"",0,2,"kuipd001","?","kuipd001","?","flanm001","?","flanm001","?","dempr001","murre001","dauer001","decid001","belam101","kellp101","harll101","singk001","alexg101","","","7","F","F",4,6,2,"T","T",0,"F","F",1,"F","F",0,"F","F",7,"F","F","F","",0,0,"N",0,"N",0,"N",0,1,0,0,"7","","","","F","F","F","F","F","F","F","F","F","flanm001","","","F","F","F","F","F","","","","",0,7,0,0,0,0,0,0,0,51,"BAL","CLE","BAL",0,"F","T",0,2,0,23,3,"T","F",1,1,"T","T","veryt001","brigd101","T","T",10,4,49,0,0,0,0,0,0,"dempr001","","",0,0,0,0,0,0,0,0,0,0,0,0,0,"kellp101","F","F","F","F",0,0,0,0,0,0,0,0,0,0,F,F,"1978BAL.EVA.regular.event.csv",5975
"BAL197809260","CLE",7,1,0,0,0,"",0,2,"belam101","?","belam101","?","reusp101","?","reusp101","?","diazb001","thora001","kuipd001","bellb001","veryt001","cox-t101","mannr001","brigd101","","","","S9","T","F",6,9,20,"T","T",1,"F","F",0,"F","F",0,"F","F",9,"","F","F","",0,0,"N",0,"N",0,"N",1,0,0,0,"","","","","F","F","F","F","F","F","F","F","F","","","","F","F","F","F","F","","","","",0,0,0,0,0,0,0,0,0,52,"BAL","BAL","CLE",1,"T","F",2,0,0,26,0,"T","F",0,1,"T","T","harll101","kellp101","T","T",0,0,0,0,0,0,0,0,0,"","","",0,0,0,0,0,0,0,0,0,0,0,0,0,"brigd101","F","F","F","F",0,0,0,0,0,0,0,0,0,0,F,F,"1978BAL.EVA.regular.event.csv",5976
"BAL197809260","CLE",7,1,0,0,0,"",0,2,"harll101","?","harll101","?","reusp101","?","reusp101","?","diazb001","thora001","kuipd001","bellb001","veryt001","cox-t101","mannr001","brigd101","belam101","","","36(1)/FO.B-1","F","F",8,1,2,"T","T",0,"F","F",1,"F","F",0,"F","F",3,"G","F","F","",0,0,"N",0,"N",0,"N",1,0,0,0,"","36","","","F","F","F","F","F","F","F","F","F","reusp101","","","F","F","F","F","F","","","","",0,6,0,0,3,0,0,0,0,53,"BAL","BAL","CLE",1,"F","F",2,0,0,27,1,"T","F",1,1,"T","T","kellp101","singk001","T","T",6,9,52,0,0,0,0,0,0,"diazb001","","",0,0,0,0,0,0,0,0,0,0,0,0,0,"thora001","T","F","F","F",0,0,0,0,0,0,0,0,0,0,F,F,"1978BAL.EVA.regular.event.csv",5977
"BAL197809260","CLE",7,1,1,0,0,"",0,2,"kellp101","?","kellp101","?","reusp101","?","reusp101","?","diazb001","thora001","kuipd001","bellb001","veryt001","cox-t101","mannr001","brigd101","harll101","","","54(1)/FO.B-1","F","F",7,2,2,"T","T",0,"F","F",1,"F","F",0,"F","F",5,"G","F","F","",0,0,"N",0,"N",0,"N",1,0,0,0,"","54","","","F","F","F","F","F","F","F","F","F","reusp101","","","F","F","F","F","F","","","","",0,4,0,0,5,0,0,0,0,54,"BAL","BAL","CLE",1,"F","F",2,0,0,28,2,"T","F",1,1,"T","T","singk001","murre001","T","T",8,1,53,0,0,0,0,0,0,"diazb001","","",0,0,0,0,0,0,0,0,0,0,0,0,0,"bellb001","T","F","F","F",1,0,0,0,0,0,0,0,0,0,F,F,"1978BAL.EVA.regular.event.csv",5978
"BAL197809260","CLE",7,1,2,0,0,"",0,2,"singk001","?","singk001","?","reusp101","?","reusp101","?","diazb001","thora001","kuipd001","bellb001","veryt001","cox-t101","mannr001","brigd101","kellp101","","","43","F","F",9,3,2,"T","T",0,"F","F",1,"F","F",0,"F","F",4,"G","F","F","",0,0,"N",0,"N",0,"N",0,1,0,0,"43","","","","F","F","F","F","F","F","F","F","F","reusp101","","","F","F","F","F","F","","","","",0,3,0,0,4,0,0,0,0,55,"BAL","BAL","CLE",1,"F","T",2,0,0,29,3,"T","F",1,1,"T","T","murre001","decid001","T","T",7,2,54,0,0,0,0,0,0,"diazb001","","",0,0,0,0,0,0,0,0,0,0,0,0,0,"kuipd001","F","F","F","F",0,1,0,0,0,0,0,0,0,0,F,F,"1978BAL.EVA.regular.event.csv",5979
"BAL197809260","CLE",8,0,0,0,0,"",0,2,"veryt001","?","veryt001","?","flanm001","?","flanm001","?","dempr001","murre001","dauer001","decid001","belam101","andem101","harll101","lopec101","","","","43","T","F",6,7,2,"T","T",0,"F","F",1,"F","F",0,"F","F",4,"G","F","F","",0,0,"N",0,"N",0,"N",0,0,0,0,"43","","","","F","F","F","F","F","F","F","F","F","","","","F","F","F","F","F","","","","",0,3,0,0,4,0,0,0,0,56,"BAL","CLE","BAL",0,"T","F",0,2,0,24,0,"T","F",0,0,"T","T","brigd101","diazb001","T","T",0,0,0,0,0,0,0,0,0,"","","",0,0,0,0,0,0,0,0,0,0,0,0,0,"dauer001","F","F","F","F",0,0,0,0,0,0,0,0,0,0,F,F,"1978BAL.EVA.regular.event.csv",5980
"BAL197809260","CLE",8,0,1,0,0,"",0,2,"blanl101","?","blanl101","?","flanm001","?","flanm001","?","dempr001","murre001","dauer001","decid001","belam101","andem101","harll101","lopec101","","","","53","F","T",11,8,2,"T","T",0,"F","F",1,"F","F",0,"F","F",5,"G","F","F","",0,0,"N",0,"N",0,"N",0,0,0,0,"53","","","","F","F","F","F","F","F","F","F","F","","","","F","F","F","F","F","","","","brigd101",9,3,0,0,5,0,0,0,0,57,"BAL","CLE","BAL",0,"F","F",0,2,0,25,1,"T","F",0,0,"F","F","diazb001","mannr001","T","T",0,0,0,0,0,0,0,0,0,"","","",0,0,0,0,0,0,0,0,0,0,0,0,0,"decid001","F","F","F","F",0,0,0,0,0,0,0,0,0,0,F,F,"1978BAL.EVA.regular.event.csv",5981
"BAL197809260","CLE",8,0,2,0,0,"",0,2,"diazb001","?","diazb001","?","flanm001","?","flanm001","?","dempr001","murre001","dauer001","decid001","belam101","andem101","harll101","lopec101","","","","W","F","F",2,9,14,"T","F",0,"F","F",0,"F","F",0,"F","F",0,"","F","F","",0,0,"N",0,"N",0,"N",1,0,0,0,"","","","","F","F","F","F","F","F","F","F","F","","","","F","F","F","F","F","","","","",0,0,0,0,0,0,0,0,0,58,"BAL","CLE","BAL",0,"F","F",0,2,0,26,2,"T","F",0,1,"T","T","mannr001","bellb001","T","T",0,0,0,0,0,0,0,0,0,"","","",0,0,0,0,0,0,0,0,0,0,0,0,0,"","F","F","F","F",0,0,0,0,0,0,0,0,0,0,F,F,"1978BAL.EVA.regular.event.csv",5982
"BAL197809260","CLE",8,0,2,0,0,"",0,2,"mannr001","?","mannr001","?","flanm001","?","flanm001","?","dempr001","murre001","dauer001","decid001","belam101","andem101","harll101","lopec101","diazb001","","","46(1)/FO","F","F",8,1,2,"T","T",0,"F","F",1,"F","F",0,"F","F",4,"G","F","F","",0,0,"N",0,"N",0,"N",1,0,0,0,"","46","","","F","F","F","F","F","F","F","F","F","flanm001","","","F","F","F","F","F","","","","",0,6,0,0,4,0,0,0,0,59,"BAL","CLE","BAL",0,"F","T",0,2,0,27,3,"T","F",1,1,"T","T","bellb001","thora001","T","T",2,9,58,0,0,0,0,0,0,"dempr001","","",0,0,0,0,0,0,0,0,0,0,0,0,0,"dauer001","T","F","F","F",1,0,0,0,0,0,0,0,0,0,F,F,"1978BAL.EVA.regular.event.csv",5983
"BAL197809260","CLE",8,1,0,0,0,"",0,2,"murre001","?","murre001","?","reusp101","?","reusp101","?","diazb001","thora001","kuipd001","bellb001","veryt001","cox-t101","mannr001","speeh101","","","","K","T","F",3,4,3,"T","T",0,"F","F",1,"F","F",0,"F","F",0,"","F","F","",0,0,"N",0,"N",0,"N",0,0,0,0,"2","","","","F","F","F","F","F","F","F","F","F","","","","F","F","F","F","F","","","","",0,2,0,0,0,0,0,0,0,60,"BAL","BAL","CLE",1,"T","F",2,0,0,30,0,"T","F",0,0,"T","T","decid001","may-l101","T","T",0,0,0,0,0,0,0,0,0,"","","",0,0,0,0,0,0,0,0,0,0,0,0,0,"","F","F","F","F",0,0,0,0,1,0,0,0,0,0,F,F,"1978BAL.EVA.regular.event.csv",5984
"BAL197809260","CLE",8,1,1,0,0,"",0,2,"decid001","?","decid001","?","reusp101","?","reusp101","?","diazb001","thora001","kuipd001","bellb001","veryt001","cox-t101","mannr001","speeh101","","","","HR/7","F","F",5,5,23,"T","T",4,"F","F",0,"F","F",1,"F","F",0,"","F","F","7",0,0,"N",0,"N",0,"N",4,0,0,0,"","","","","F","F","F","F","F","F","F","F","F","","","","F","F","F","F","F","","","","",0,0,0,0,0,0,0,0,0,61,"BAL","BAL","CLE",1,"F","F",2,0,0,31,1,"T","F",0,0,"T","T","may-l101","dempr001","T","T",0,0,0,0,0,0,0,0,0,"","","",0,0,0,0,0,0,0,0,0,0,0,0,1,"","F","F","F","F",4,0,0,0,0,0,0,0,0,0,F,F,"1978BAL.EVA.regular.event.csv",5985
"BAL197809260","CLE",8,1,1,0,0,"",0,3,"may-l101","?","may-l101","?","reusp101","?","reusp101","?","diazb001","thora001","kuipd001","bellb001","veryt001","cox-t101","mannr001","speeh101","","","","5","F","F",10,6,2,"T","T",0,"F","F",1,"F","F",0,"F","F",5,"F","F","F","",0,0,"N",0,"N",0,"N",0,0,0,0,"5","","","","F","F","F","F","F","F","F","F","F","","","","F","F","F","F","F","","","","",0,5,0,0,0,0,0,0,0,62,"BAL","BAL","CLE",1,"F","F",3,0,1,32,2,"T","F",0,0,"T","T","dempr001","dauer001","T","T",0,0,0,0,0,0,0,0,0,"","","",0,0,0,0,0,0,0,0,0,0,0,0,0,"bellb001","F","F","F","F",0,0,0,0,0,0,0,0,0,0,F,F,"1978BAL.EVA.regular.event.csv",5986
"BAL197809260","CLE",8,1,2,0,0,"",0,3,"dempr001","?","dempr001","?","reusp101","?","reusp101","?","diazb001","thora001","kuipd001","bellb001","veryt001","cox-t101","mannr001","speeh101","","","","W","F","F",2,7,14,"T","F",0,"F","F",0,"F","F",0,"F","F",0,"","F","F","",0,0,"N",0,"N",0,"N",1,0,0,0,"","","","","F","F","F","F","F","F","F","F","F","","","","F","F","F","F","F","","","","",0,0,0,0,0,0,0,0,0,63,"BAL","BAL","CLE",1,"F","F",3,0,1,33,3,"T","F",0,1,"T","T","dauer001","belam101","T","T",0,0,0,0,0,0,0,0,0,"","","",0,0,0,0,0,0,0,0,0,0,0,0,0,"","F","F","F","F",0,0,0,0,0,0,0,0,0,0,F,F,"1978BAL.EVA.regular.event.csv",5987
"BAL197809260","CLE",8,1,2,0,0,"",0,3,"dauer001","?","dauer001","?","reusp101","?","reusp101","?","diazb001","thora001","kuipd001","bellb001","veryt001","cox-t101","mannr001","speeh101","dempr001","","","S8.1-2","F","F",4,8,20,"T","T",1,"F","F",0,"F","F",0,"F","F",8,"","F","F","",0,0,"N",0,"N",0,"N",1,2,0,0,"","","","","F","F","F","F","F","F","F","F","F","reusp101","","","F","F","F","F","F","","","","",0,0,0,0,0,0,0,0,0,64,"BAL","BAL","CLE",1,"F","F",3,0,1,34,4,"T","F",1,3,"T","T","belam101","harll101","T","T",2,7,63,0,0,0,0,0,0,"diazb001","","",0,0,0,0,0,0,0,0,0,0,0,0,0,"mannr001","F","F","F","F",0,0,0,0,0,0,0,0,0,0,F,F,"1978BAL.EVA.regular.event.csv",5988
"BAL197809260","CLE",8,1,2,0,0,"",0,3,"belam101","?","belam101","?","spild001","?","spild001","?","diazb001","thora001","kuipd001","bellb001","veryt001","cox-t101","mannr001","speeh101","dauer001","dempr001","","W.2-3;1-2","F","F",6,9,14,"T","F",0,"F","F",0,"F","F",0,"F","F",0,"","F","F","",0,0,"N",0,"N",0,"N",1,2,3,0,"","","","","F","F","F","F","F","F","F","F","F","reusp101","reusp101","","F","F","F","F","F","","","","",0,0,0,0,0,0,0,0,0,65,"BAL","BAL","CLE",1,"F","F",3,0,1,35,5,"T","F",3,7,"T","T","harll101","andem101","F","F",4,8,64,2,7,63,0,0,0,"diazb001","diazb001","",0,0,0,0,0,0,0,0,0,0,0,0,0,"","F","F","F","F",0,0,0,0,0,0,0,0,0,0,F,F,"1978BAL.EVA.regular.event.csv",5989
"BAL197809260","CLE",8,1,2,0,0,"",0,3,"harll101","?","harll101","?","mongs001","?","mongs001","?","diazb001","thora001","kuipd001","bellb001","veryt001","cox-t101","mannr001","speeh101","belam101","dauer001","dempr001","K","F","F",8,1,3,"T","T",0,"F","F",1,"F","F",0,"F","F",0,"","F","F","",0,0,"N",0,"N",0,"N",0,1,2,3,"2","","","","F","F","F","F","F","F","F","F","F","spild001","reusp101","reusp101","F","F","F","F","F","","","","",0,2,0,0,0,0,0,0,0,66,"BAL","BAL","CLE",1,"F","T",3,0,1,36,6,"T","F",7,7,"T","T","andem101","lopec101","F","F",6,9,65,4,8,64,2,7,63,"diazb001","diazb001","diazb001",0,0,0,0,0,0,0,0,0,0,0,0,0,"","F","F","F","F",0,0,0,0,0,0,0,0,0,0,F,F,"1978BAL.EVA.regular.event.csv",5990
"BAL197809260","CLE",9,0,0,0,0,"",0,3,"bellb001","?","bellb001","?","flanm001","?","flanm001","?","dempr001","murre001","dauer001","decid001","belam101","andem101","harll101","lopec101","","","","8","T","F",5,2,2,"T","T",0,"F","F",1,"F","F",0,"F","F",8,"F","F","F","",0,0,"N",0,"N",0,"N",0,0,0,0,"8","","","","F","F","F","F","F","F","F","F","F","","","","F","F","F","F","F","","","","",0,8,0,0,0,0,0,0,0,67,"BAL","CLE","BAL",0,"T","F",0,3,0,28,0,"T","F",0,0,"T","T","thora001","alexg101","T","T",0,0,0,0,0,0,0,0,0,"","","",0,0,0,0,0,0,0,0,0,0,0,0,0,"harll101","F","F","F","F",0,0,0,0,1,0,0,0,0,0,F,F,"1978BAL.EVA.regular.event.csv",5991
"BAL197809260","CLE",9,0,1,0,0,"",0,3,"thora001","?","thora001","?","flanm001","?","flanm001","?","dempr001","murre001","dauer001","decid001","belam101","andem101","harll101","lopec101","","","","63","F","F",3,3,2,"T","T",0,"F","F",1,"F","F",0,"F","F",6,"G","F","F","",0,0,"N",0,"N",0,"N",0,0,0,0,"63","","","","F","F","F","F","F","F","F","F","F","","","","F","F","F","F","F","","","","",0,3,0,0,6,0,0,0,0,68,"BAL","CLE","BAL",0,"F","F",0,3,0,29,1,"T","F",0,0,"T","T","alexg101","cox-t101","T","T",0,0,0,0,0,0,0,0,0,"","","",0,0,0,0,0,0,0,0,0,0,0,0,0,"belam101","F","F","F","F",0,0,0,0,1,0,0,0,0,0,F,F,"1978BAL.EVA.regular.event.csv",5992
"BAL197809260","CLE",9,0,2,0,0,"",0,3,"alexg101","?","alexg101","?","flanm001","?","flanm001","?","dempr001","murre001","dauer001","decid001","belam101","andem101","harll101","lopec101","","","","HR/9","F","F",10,4,23,"T","T",4,"F","F",0,"F","F",1,"F","F",0,"","F","F","9",0,0,"N",0,"N",0,"N",4,0,0,0,"","","","","F","F","F","F","F","F","F","F","F","","","","F","F","F","F","F","","","","",0,0,0,0,0,0,0,0,0,69,"BAL","CLE","BAL",0,"F","F",0,3,0,30,2,"T","F",0,0,"T","T","cox-t101","kuipd001","T","T",0,0,0,0,0,0,0,0,0,"","","",0,0,0,0,0,0,0,0,0,0,0,0,1,"","F","F","F","F",4,0,0,0,0,0,0,0,0,0,F,F,"1978BAL.EVA.regular.event.csv",5993
"BAL197809260","CLE",9,0,2,0,0,"",1,3,"cox-t101","?","cox-t101","?","flanm001","?","flanm001","?","dempr001","murre001","dauer001","decid001","belam101","andem101","harll101","lopec101","","","","S7/G#","F","F",7,5,20,"T","T",1,"F","F",0,"F","F",0,"F","F",7,"G","F","F","",0,0,"N",0,"N",0,"N",1,0,0,0,"","","","","F","F","F","F","F","F","F","F","F","","","","F","F","F","F","F","","","","",0,0,0,0,0,0,0,0,0,70,"BAL","CLE","BAL",0,"F","F",1,3,1,31,3,"T","F",0,1,"T","T","kuipd001","veryt001","T","T",0,0,0,0,0,0,0,0,0,"","","",0,0,0,0,0,0,0,0,0,0,0,0,0,"andem101","F","F","F","F",2,0,0,0,0,0,0,0,0,0,F,T,"1978BAL.EVA.regular.event.csv",5994
"BAL197809260","CLE",9,0,2,0,0,"",1,3,"kuipd001","?","kuipd001","?","flanm001","?","flanm001","?","dempr001","murre001","dauer001","decid001","belam101","andem101","harll101","lopec101","grifa001","","","S7/G.1-2#","F","F",4,6,20,"T","T",1,"F","F",0,"F","F",0,"F","F",7,"G","F","F","",0,0,"N",0,"N",0,"N",1,2,0,0,"","","","","F","F","F","F","F","F","F","F","F","flanm001","","","F","F","T","F","F","cox-t101","","","",0,0,0,0,0,0,0,0,0,71,"BAL","CLE","BAL",0,"F","F",1,3,1,32,4,"T","F",1,3,"T","T","veryt001","speeh101","T","T",0,5,70,0,0,0,0,0,0,"dempr001","","",0,0,0,0,0,0,0,0,0,0,0,0,0,"andem101","F","F","F","F",1,2,0,0,0,0,0,0,0,0,F,T,"1978BAL.EVA.regular.event.csv",5995
"BAL197809260","CLE",9,0,2,0,0,"",1,3,"cagew101","?","cagew101","?","stand101","?","stand101","?","dempr001","murre001","dauer001","decid001","belam101","andem101","harll101","lopec101","kuipd001","grifa001","","K","F","T",11,7,3,"T","T",0,"F","F",1,"F","F",0,"F","F",0,"","F","F","",0,0,"N",0,"N",0,"N",0,1,2,0,"2","","","","F","F","F","F","F","F","F","F","F","flanm001","flanm001","","F","T","F","F","F","","","","veryt001",6,2,0,0,0,0,0,0,0,72,"BAL","CLE","BAL",0,"F","T",1,3,1,33,5,"T","F",3,3,"F","F","speeh101","diazb001","F","F",4,6,71,12,5,70,0,0,0,"dempr001","dempr001","",0,0,0,0,0,0,0,0,0,0,0,0,0,"","F","F","F","F",0,1,2,0,0,0,0,0,0,0,F,F,"1978BAL.EVA.regular.event.csv",5996
"BAL197809270","CLE",1,0,0,0,0,"",0,0,"mannr001","?","mannr001","?","martd001","?","martd001","?","dempr001","murre001","dauer001","decid001","belam101","roeng001","lopec101","singk001","","","","63","T","F",8,1,2,"T","T",0,"F","F",1,"F","F",0,"F","F",6,"G","F","F","",0,0,"N",0,"N",0,"N",0,0,0,0,"63","","","","F","F","F","F","F","F","F","F","F","","","","T","F","F","F","F","","","","",0,3,0,0,6,0,0,0,0,1,"BAL","CLE","BAL",0,"T","F",0,0,0,0,0,"T","F",0,0,"T","T","norrj101","bellb001","T","T",0,0,0,0,0,0,0,0,0,"","","",0,0,0,0,0,0,0,0,0,0,0,0,0,"belam101","F","F","F","F",0,0,0,0,0,0,0,0,0,0,F,F,"1978BAL.EVA.regular.event.csv",5997
"BAL197809270","CLE",1,0,1,0,0,"",0,0,"norrj101","?","norrj101","?","martd001","?","martd001","?","dempr001","murre001","dauer001","decid001","belam101","roeng001","lopec101","singk001","","","","13","F","F",7,2,2,"T","T",0,"F","F",1,"F","F",0,"F","F",1,"G","F","F","",0,0,"N",0,"N",0,"N",0,0,0,0,"13","","","","F","F","F","F","F","F","F","F","F","","","","F","F","F","F","F","","","","",0,3,0,0,1,0,0,0,0,2,"BAL","CLE","BAL",0,"F","F",0,0,0,1,1,"T","F",0,0,"T","T","bellb001","thora001","T","T",0,0,0,0,0,0,0,0,0,"","","",0,0,0,0,0,0,0,0,0,0,0,0,0,"martd001","F","F","F","F",0,0,0,0,0,0,0,0,0,0,F,F,"1978BAL.EVA.regular.event.csv",5998
"BAL197809270","CLE",1,0,2,0,0,"",0,0,"bellb001","?","bellb001","?","martd001","?","martd001","?","dempr001","murre001","dauer001","decid001","belam101","roeng001","lopec101","singk001","","","","S9","F","F",5,3,20,"T","T",1,"F","F",0,"F","F",0,"F","F",9,"","F","F","",0,0,"N",0,"N",0,"N",1,0,0,0,"","","","","F","F","F","F","F","F","F","F","F","","","","F","F","F","F","F","","","","",0,0,0,0,0,0,0,0,0,3,"BAL","CLE","BAL",0,"F","F",0,0,0,2,2,"T","F",0,1,"T","T","thora001","cagew101","T","T",0,0,0,0,0,0,0,0,0,"","","",0,0,0,0,0,0,0,0,0,0,0,0,0,"singk001","F","F","F","F",0,0,0,0,0,0,0,0,0,0,F,F,"1978BAL.EVA.regular.event.csv",5999
"BAL197809270","CLE",1,0,2,0,0,"",0,0,"thora001","?","thora001","?","martd001","?","martd001","?","dempr001","murre001","dauer001","decid001","belam101","roeng001","lopec101","singk001","bellb001","","","S7.1-3","F","F",3,4,20,"T","T",1,"F","F",0,"F","F",0,"F","F",7,"","F","F","",0,0,"N",0,"N",0,"N",1,3,0,0,"","","","","F","F","F","F","F","F","F","F","F","martd001","","","F","F","F","F","F","","","","",0,0,0,0,0,0,0,0,0,4,"BAL","CLE","BAL",0,"F","F",0,0,0,3,3,"T","F",1,5,"T","T","cagew101","alexg101","T","T",5,3,3,0,0,0,0,0,0,"dempr001","","",0,0,0,0,0,0,0,0,0,0,0,0,0,"roeng001","F","F","F","F",0,0,0,0,0,0,0,0,0,0,F,F,"1978BAL.EVA.regular.event.csv",6000
"BAL197809270","CLE",1,0,2,0,0,"",0,0,"cagew101","?","cagew101","?","martd001","?","martd001","?","dempr001","murre001","dauer001","decid001","belam101","roeng001","lopec101","singk001","thora001","","bellb001","54(1)/FO","F","F",10,5,2,"T","T",0,"F","F",1,"F","F",0,"F","F",5,"G","F","F","",0,0,"N",0,"N",0,"N",1,0,0,3,"","54","","","F","F","F","F","F","F","F","F","F","martd001","","martd001","F","F","F","F","F","","","","",0,4,0,0,5,0,0,0,0,5,"BAL","CLE","BAL",0,"F","T",0,0,0,4,4,"T","F",5,5,"T","T","alexg101","kuipd001","T","T",3,4,4,0,0,0,5,3,3,"dempr001","","dempr001",0,0,0,0,0,0,0,0,0,0,0,0,0,"decid001","T","F","F","F",0,0,0,0,0,0,0,0,0,0,F,F,"1978BAL.EVA.regular.event.csv",6001
"BAL197809270","CLE",1,1,0,0,0,"",0,0,"lopec101","?","lopec101","?","waitr001","?","waitr001","?","alexg101","thora001","kuipd001","bellb001","grifa001","norrj101","mannr001","brigd101","","","","4","T","F",8,1,2,"T","T",0,"F","F",1,"F","F",0,"F","F",4,"F","F","F","",0,0,"N",0,"N",0,"N",0,0,0,0,"4","","","","F","F","F","F","F","F","F","F","F","","","","F","F","F","F","F","","","","",0,4,0,0,0,0,0,0,0,6,"BAL","BAL","CLE",1,"T","F",0,0,0,0,0,"T","F",0,0,"T","T","roeng001","singk001","T","T",0,0,0,0,0,0,0,0,0,"","","",0,0,0,0,0,0,0,0,0,0,0,0,0,"kuipd001","F","F","F","F",0,0,0,0,1,0,0,0,0,0,F,F,"1978BAL.EVA.regular.event.csv",6002
"BAL197809270","CLE",1,1,1,0,0,"",0,0,"roeng001","?","roeng001","?","waitr001","?","waitr001","?","alexg101","thora001","kuipd001","bellb001","grifa001","norrj101","mannr001","brigd101","","","","D7","F","F",7,2,21,"T","T",2,"F","F",0,"F","F",0,"F","F",7,"","F","F","",0,0,"N",0,"N",0,"N",2,0,0,0,"","","","","F","F","F","F","F","F","F","F","F","","","","F","F","F","F","F","","","","",0,0,0,0,0,0,0,0,0,7,"BAL","BAL","CLE",1,"F","F",0,0,0,1,1,"T","F",0,2,"T","T","singk001","murre001","T","T",0,0,0,0,0,0,0,0,0,"","","",0,0,0,0,0,0,0,0,0,0,0,0,0,"norrj101","F","F","F","F",4,0,0,0,1,0,0,0,0,0,F,F,"1978BAL.EVA.regular.event.csv",6003
"BAL197809270","CLE",1,1,1,0,0,"",0,0,"singk001","?","singk001","?","waitr001","?","waitr001","?","alexg101","thora001","kuipd001","bellb001","grifa001","norrj101","mannr001","brigd101","","roeng001","","53","F","F",9,3,2,"T","T",0,"F","F",1,"F","F",0,"F","F",5,"G","F","F","",0,0,"N",0,"N",0,"N",0,0,2,0,"53","","","","F","F","F","F","F","F","F","F","F","","waitr001","","F","F","F","F","F","","","","",0,3,0,0,5,0,0,0,0,8,"BAL","BAL","CLE",1,"F","F",0,0,0,2,2,"T","F",2,2,"T","T","murre001","decid001","T","T",0,0,0,7,2,7,0,0,0,"","alexg101","",0,0,0,0,0,0,0,0,0,0,0,0,0,"bellb001","F","F","F","F",0,0,4,0,1,0,0,0,0,0,F,F,"1978BAL.EVA.regular.event.csv",6004
"BAL197809270","CLE",1,1,2,0,0,"",0,0,"murre001","?","murre001","?","waitr001","?","waitr001","?","alexg101","thora001","kuipd001","bellb001","grifa001","norrj101","mannr001","brigd101","","roeng001","","W","F","F",3,4,14,"T","F",0,"F","F",0,"F","F",0,"F","F",0,"","F","F","",0,0,"N",0,"N",0,"N",1,0,2,0,"","","","","F","F","F","F","F","F","F","F","F","","waitr001","","F","F","F","F","F","","","","",0,0,0,0,0,0,0,0,0,9,"BAL","BAL","CLE",1,"F","F",0,0,0,3,3,"T","F",2,3,"T","T","decid001","may-l101","T","T",0,0,0,7,2,7,0,0,0,"","alexg101","",0,0,0,0,0,0,0,0,0,0,0,0,0,"","F","F","F","F",0,0,4,0,1,0,0,0,0,0,F,F,"1978BAL.EVA.regular.event.csv",6005
"BAL197809270","CLE",1,1,2,0,0,"",0,0,"decid001","?","decid001","?","waitr001","?","waitr001","?","alexg101","thora001","kuipd001","bellb001","grifa001","norrj101","mannr001","brigd101","murre001","roeng001","","S7.2-H;1-2","F","F",5,5,20,"T","T",1,"F","F",0,"F","F",1,"F","F",7,"","F","F","",0,0,"N",0,"N",0,"N",1,2,4,0,"","","","","F","F","F","F","F","F","F","F","F","waitr001","waitr001","","F","F","F","F","F","","","","",0,0,0,0,0,0,0,0,0,10,"BAL","BAL","CLE",1,"F","F",0,0,0,4,4,"T","F",3,3,"T","T","may-l101","dempr001","T","T",3,4,9,7,2,7,0,0,0,"alexg101","alexg101","",0,0,0,0,0,0,0,0,0,0,0,0,1,"norrj101","F","F","F","F",0,0,4,0,0,0,0,0,0,0,F,F,"1978BAL.EVA.regular.event.csv",6006
"BAL197809270","CLE",1,1,2,0,0,"",0,1,"may-l101","?","may-l101","?","waitr001","?","waitr001","?","alexg101","thora001","kuipd001","bellb001","grifa001","norrj101","mannr001","brigd101","decid001","murre001","","9","F","F",10,6,2,"T","T",0,"F","F",1,"F","F",0,"F","F",9,"F","F","F","",0,0,"N",0,"N",0,"N",0,1,2,0,"9","","","","F","F","F","F","F","F","F","F","F","waitr001","waitr001","","F","F","F","F","F","","","","",0,9,0,0,0,0,0,0,0,11,"BAL","BAL","CLE",1,"F","T",1,0,1,5,5,"T","F",3,3,"T","T","dempr001","dauer001","T","T",5,5,10,3,4,9,0,0,0,"alexg101","alexg101","",0,0,0,0,0,0,0,0,0,0,0,0,0,"brigd101","F","F","F","F",0,0,0,0,0,0,0,0,0,0,F,F,"1978BAL.EVA.regular.event.csv",6007
"BAL197809270","CLE",2,0,0,0,0,"",0,1,"alexg101","?","alexg101","?","martd001","?","martd001","?","dempr001","murre001","dauer001","decid001","belam101","roeng001","lopec101","singk001","","","","63","T","F",2,6,2,"T","T",0,"F","F",1,"F","F",0,"F","F",6,"G","F","F","",0,0,"N",0,"N",0,"N",0,0,0,0,"63","","","","F","F","F","F","F","F","F","F","F","","","","F","F","F","F","F","","","","",0,3,0,0,6,0,0,0,0,12,"BAL","CLE","BAL",0,"T","F",0,1,0,5,0,"T","F",0,0,"T","T","kuipd001","brigd101","T","T",0,0,0,0,0,0,0,0,0,"","","",0,0,0,0,0,0,0,0,0,0,0,0,0,"belam101","F","F","F","F",0,0,0,0,0,0,0,0,0,0,F,F,"1978BAL.EVA.regular.event.csv",6008
"BAL197809270","CLE",2,0,1,0,0,"",0,1,"kuipd001","?","kuipd001","?","martd001","?","martd001","?","dempr001","murre001","dauer001","decid001","belam101","roeng001","lopec101","singk001","","","","S7","F","F",4,7,20,"T","T",1,"F","F",0,"F","F",0,"F","F",7,"","F","F","",0,0,"N",0,"N",0,"N",1,0,0,0,"","","","","F","F","F","F","F","F","F","F","F","","","","F","F","F","F","F","","","","",0,0,0,0,0,0,0,0,0,13,"BAL","CLE","BAL",0,"F","F",0,1,0,6,1,"T","F",0,1,"T","T","brigd101","grifa001","T","T",0,0,0,0,0,0,0,0,0,"","","",0,0,0,0,0,0,0,0,0,0,0,0,0,"roeng001","F","F","F","F",0,0,0,0,0,0,0,0,0,0,F,F,"1978BAL.EVA.regular.event.csv",6009
"BAL197809270","CLE",2,0,1,0,0,"",0,1,"brigd101","?","brigd101","?","martd001","?","martd001","?","dempr001","murre001","dauer001","decid001","belam101","roeng001","lopec101","singk001","kuipd001","","","S7.1X3(75)","F","F",9,8,20,"T","T",1,"F","F",1,"F","F",0,"F","F",7,"","F","F","",0,0,"N",0,"N",0,"N",1,0,0,0,"","75","","","F","F","F","F","F","F","F","F","F","martd001","","","F","F","F","F","F","","","","",0,5,0,0,7,0,0,0,0,14,"BAL","CLE","BAL",0,"F","F",0,1,0,7,2,"T","F",1,1,"T","T","grifa001","mannr001","T","T",4,7,13,0,0,0,0,0,0,"dempr001","","",0,0,0,0,0,0,0,0,0,0,0,0,0,"roeng001","F","F","F","F",0,0,0,0,0,0,0,0,0,0,F,F,"1978BAL.EVA.regular.event.csv",6010
"BAL197809270","CLE",2,0,2,0,0,"",0,1,"grifa001","?","grifa001","?","martd001","?","martd001","?","dempr001","murre001","dauer001","decid001","belam101","roeng001","lopec101","singk001","brigd101","","","D/78.1XH(852)","F","F",6,9,21,"T","T",2,"F","F",1,"F","F",0,"F","F",0,"","F","F","78",0,0,"N",0,"N",0,"N",2,0,0,0,"","852","","","F","F","F","F","F","F","F","F","F","martd001","","","F","F","F","F","F","","","","",0,2,0,0,8,5,0,0,0,15,"BAL","CLE","BAL",0,"F","T",0,1,0,8,3,"T","F",1,2,"T","T","mannr001","norrj101","T","T",9,8,14,0,0,0,0,0,0,"dempr001","","",0,0,0,0,0,0,0,0,0,0,0,0,0,"","F","F","F","F",0,0,0,0,0,0,0,0,0,0,F,F,"1978BAL.EVA.regular.event.csv",6011
"BAL197809270","CLE",2,1,0,0,0,"",0,1,"dempr001","?","dempr001","?","waitr001","?","waitr001","?","alexg101","thora001","kuipd001","bellb001","grifa001","norrj101","mannr001","brigd101","","","","W","T","F",2,7,14,"T","F",0,"F","F",0,"F","F",0,"F","F",0,"","F","F","",0,0,"N",0,"N",0,"N",1,0,0,0,"","","","","F","F","F","F","F","F","F","F","F","","","","F","F","F","F","F","","","","",0,0,0,0,0,0,0,0,0,16,"BAL","BAL","CLE",1,"T","F",1,0,0,6,0,"T","F",0,1,"T","T","dauer001","belam101","T","T",0,0,0,0,0,0,0,0,0,"","","",0,0,0,0,0,0,0,0,0,0,0,0,0,"","F","F","F","F",0,0,0,0,0,0,0,0,0,0,F,F,"1978BAL.EVA.regular.event.csv",6012
"BAL197809270","CLE",2,1,0,0,0,"",0,1,"dauer001","?","dauer001","?","waitr001","?","waitr001","?","alexg101","thora001","kuipd001","bellb001","grifa001","norrj101","mannr001","brigd101","dempr001","","","46(1)3/GDP","F","F",4,8,2,"T","T",0,"F","F",2,"T","F",0,"F","F",4,"G","F","F","",0,0,"N",0,"N",0,"N",0,0,0,0,"63","46","","","F","F","F","F","F","F","F","F","F","waitr001","","","F","F","F","F","F","","","","",0,6,3,0,4,6,0,0,0,17,"BAL","BAL","CLE",1,"F","F",1,0,0,7,1,"T","F",1,0,"T","T","belam101","lopec101","T","T",2,7,16,0,0,0,0,0,0,"alexg101","","",0,0,0,0,0,0,0,0,0,0,0,0,0,"kuipd001","T","F","F","F",0,0,0,0,0,0,0,0,0,0,F,F,"1978BAL.EVA.regular.event.csv",6013
"BAL197809270","CLE",2,1,2,0,0,"",0,1,"belam101","?","belam101","?","waitr001","?","waitr001","?","alexg101","thora001","kuipd001","bellb001","grifa001","norrj101","mannr001","brigd101","","","","53","F","F",6,9,2,"T","T",0,"F","F",1,"F","F",0,"F","F",5,"G","F","F","",0,0,"N",0,"N",0,"N",0,0,0,0,"53","","","","F","F","F","F","F","F","F","F","F","","","","F","F","F","F","F","","","","",0,3,0,0,5,0,0,0,0,18,"BAL","BAL","CLE",1,"F","T",1,0,0,8,2,"T","F",0,0,"T","T","lopec101","roeng001","T","T",0,0,0,0,0,0,0,0,0,"","","",0,0,0,0,0,0,0,0,0,0,0,0,0,"bellb001","F","F","F","F",0,0,0,0,0,0,0,0,0,0,F,F,"1978BAL.EVA.regular.event.csv",6014
"BAL197809270","CLE",3,0,0,0,0,"",0,1,"mannr001","?","mannr001","?","martd001","?","martd001","?","dempr001","murre001","dauer001","decid001","belam101","roeng001","lopec101","singk001","","","","43","T","F",8,1,2,"T","T",0,"F","F",1,"F","F",0,"F","F",4,"G","F","F","",0,0,"N",0,"N",0,"N",0,0,0,0,"43","","","","F","F","F","F","F","F","F","F","F","","","","F","F","F","F","F","","","","",0,3,0,0,4,0,0,0,0,19,"BAL","CLE","BAL",0,"T","F",0,1,0,9,0,"T","F",0,0,"T","T","norrj101","bellb001","T","T",0,0,0,0,0,0,0,0,0,"","","",0,0,0,0,0,0,0,0,0,0,0,0,0,"dauer001","F","F","F","F",0,0,0,0,0,0,0,0,0,0,F,F,"1978BAL.EVA.regular.event.csv",6015
"BAL197809270","CLE",3,0,1,0,0,"",0,1,"norrj101","?","norrj101","?","martd001","?","martd001","?","dempr001","murre001","dauer001","decid001","belam101","roeng001","lopec101","singk001","","","","W","F","F",7,2,14,"T","F",0,"F","F",0,"F","F",0,"F","F",0,"","F","F","",0,0,"N",0,"N",0,"N",1,0,0,0,"","","","","F","F","F","F","F","F","F","F","F","","","","F","F","F","F","F","","","","",0,0,0,0,0,0,0,0,0,20,"BAL","CLE","BAL",0,"F","F",0,1,0,10,1,"T","F",0,1,"T","T","bellb001","thora001","T","T",0,0,0,0,0,0,0,0,0,"","","",0,0,0,0,0,0,0,0,0,0,0,0,0,"","F","F","F","F",0,0,0,0,0,0,0,0,0,0,F,F,"1978BAL.EVA.regular.event.csv",6016
"BAL197809270","CLE",3,0,1,0,0,"",0,1,"bellb001","?","bellb001","?","martd001","?","martd001","?","dempr001","murre001","dauer001","decid001","belam101","roeng001","lopec101","singk001","norrj101","","","SB2","F","F",5,3,4,"F","F",0,"F","F",0,"F","F",0,"F","F",0,"","F","F","",0,0,"N",0,"N",0,"N",0,2,0,0,"","","","","T","F","F","F","F","F","F","F","F","martd001","","","F","F","F","F","F","","","","",0,0,0,0,0,0,0,0,0,21,"BAL","CLE","BAL",0,"F","F",0,1,0,11,2,"T","F",1,2,"T","T","thora001","cagew101","T","T",7,2,20,0,0,0,0,0,0,"dempr001","","",0,0,0,0,0,0,0,0,0,0,0,0,0,"","F","F","F","F",0,0,0,0,0,0,0,0,0,0,F,F,"1978BAL.EVA.regular.event.csv",6017
"BAL197809270","CLE",3,0,1,0,0,"",0,1,"bellb001","?","bellb001","?","martd001","?","martd001","?","dempr001","murre001","dauer001","decid001","belam101","roeng001","lopec101","singk001","","norrj101","","W","F","F",5,3,14,"T","F",0,"F","F",0,"F","F",0,"F","F",0,"","F","F","",0,0,"N",0,"N",0,"N",1,0,2,0,"","","","","F","F","F","F","F","F","F","F","F","","martd001","","F","F","F","F","F","","","","",0,0,0,0,0,0,0,0,0,22,"BAL","CLE","BAL",0,"F","F",0,1,0,11,2,"F","F",2,3,"T","T","thora001","cagew101","T","T",0,0,0,7,2,20,0,0,0,"","dempr001","",0,0,0,0,0,0,0,0,0,0,0,0,0,"","F","F","F","F",0,0,0,0,0,0,0,0,0,0,F,F,"1978BAL.EVA.regular.event.csv",6018
"BAL197809270","CLE",3,0,1,0,0,"",0,1,"thora001","?","thora001","?","martd001","?","martd001","?","dempr001","murre001","dauer001","decid001","belam101","roeng001","lopec101","singk001","bellb001","norrj101","","8","F","F",3,4,2,"T","T",0,"F","F",1,"F","F",0,"F","F",8,"F","F","F","",0,0,"N",0,"N",0,"N",0,1,2,0,"8","","","","F","F","F","F","F","F","F","F","F","martd001","martd001","","F","F","F","F","F","","","","",0,8,0,0,0,0,0,0,0,23,"BAL","CLE","BAL",0,"F","F",0,1,0,12,3,"T","F",3,3,"T","T","cagew101","alexg101","T","T",5,3,22,7,2,20,0,0,0,"dempr001","dempr001","",0,0,0,0,0,0,0,0,0,0,0,0,0,"lopec101","F","F","F","F",0,0,0,0,0,0,0,0,0,0,F,F,"1978BAL.EVA.regular.event.csv",6019
"BAL197809270","CLE",3,0,2,0,0,"",0,1,"cagew101","?","cagew101","?","martd001","?","martd001","?","dempr001","murre001","dauer001","decid001","belam101","roeng001","lopec101","singk001","bellb001","norrj101","","K","F","F",10,5,3,"T","T",0,"F","F",1,"F","F",0,"F","F",0,"","F","F","",0,0,"N",0,"N",0,"N",0,1,2,0,"2","","","","F","F","F","F","F","F","F","F","F","martd001","martd001","","F","F","F","F","F","","","","",0,2,0,0,0,0,0,0,0,24,"BAL","CLE","BAL",0,"F","T",0,1,0,13,4,"T","F",3,3,"T","T","alexg101","kuipd001","T","T",5,3,22,7,2,20,0,0,0,"dempr001","dempr001","",0,0,0,0,0,0,0,0,0,0,0,0,0,"","F","F","F","F",0,0,0,0,0,0,0,0,0,0,F,F,"1978BAL.EVA.regular.event.csv",6020
"BAL197809270","CLE",3,1,0,0,0,"",0,1,"lopec101","?","lopec101","?","waitr001","?","waitr001","?","alexg101","thora001","kuipd001","bellb001","grifa001","norrj101","mannr001","brigd101","","","","5","T","F",8,1,2,"T","T",0,"F","F",1,"F","F",0,"F","F",5,"F","F","F","",0,0,"N",0,"N",0,"N",0,0,0,0,"5","","","","F","F","F","F","F","F","F","F","F","","","","F","F","F","F","F","","","","",0,5,0,0,0,0,0,0,0,25,"BAL","BAL","CLE",1,"T","F",1,0,0,9,0,"T","F",0,0,"T","T","roeng001","singk001","T","T",0,0,0,0,0,0,0,0,0,"","","",0,0,0,0,0,0,0,0,0,0,0,0,0,"bellb001","F","F","F","F",0,0,0,0,0,0,0,0,0,0,F,F,"1978BAL.EVA.regular.event.csv",6021
"BAL197809270","CLE",3,1,1,0,0,"",0,1,"roeng001","?","roeng001","?","waitr001","?","waitr001","?","alexg101","thora001","kuipd001","bellb001","grifa001","norrj101","mannr001","brigd101","","","","W","F","F",7,2,14,"T","F",0,"F","F",0,"F","F",0,"F","F",0,"","F","F","",0,0,"N",0,"N",0,"N",1,0,0,0,"","","","","F","F","F","F","F","F","F","F","F","","","","F","F","F","F","F","","","","",0,0,0,0,0,0,0,0,0,26,"BAL","BAL","CLE",1,"F","F",1,0,0,10,1,"T","F",0,1,"T","T","singk001","murre001","T","T",0,0,0,0,0,0,0,0,0,"","","",0,0,0,0,0,0,0,0,0,0,0,0,0,"","F","F","F","F",0,0,0,0,0,0,0,0,0,0,F,F,"1978BAL.EVA.regular.event.csv",6022
"BAL197809270","CLE",3,1,1,0,0,"",0,1,"singk001","?","singk001","?","waitr001","?","waitr001","?","alexg101","thora001","kuipd001","bellb001","grifa001","norrj101","mannr001","brigd101","roeng001","","","W.1-2","F","F",9,3,14,"T","F",0,"F","F",0,"F","F",0,"F","F",0,"","F","F","",0,0,"N",0,"N",0,"N",1,2,0,0,"","","","","F","F","F","F","F","F","F","F","F","waitr001","","","F","F","F","F","F","","","","",0,0,0,0,0,0,0,0,0,27,"BAL","BAL","CLE",1,"F","F",1,0,0,11,2,"T","F",1,3,"T","T","murre001","decid001","T","T",7,2,26,0,0,0,0,0,0,"alexg101","","",0,0,0,0,0,0,0,0,0,0,0,0,0,"","F","F","F","F",0,0,0,0,0,0,0,0,0,0,F,F,"1978BAL.EVA.regular.event.csv",6023
"BAL197809270","CLE",3,1,1,0,0,"",0,1,"murre001","?","murre001","?","waitr001","?","waitr001","?","alexg101","thora001","kuipd001","bellb001","grifa001","norrj101","mannr001","brigd101","singk001","roeng001","","16(1)3/GDP","F","F",3,4,2,"T","T",0,"F","F",2,"T","F",0,"F","F",1,"G","F","F","",0,0,"N",0,"N",0,"N",0,0,2,0,"63","16","","","F","F","F","F","F","F","F","F","F","waitr001","waitr001","","F","F","F","F","F","","","","",0,6,3,0,1,6,0,0,0,28,"BAL","BAL","CLE",1,"F","T",1,0,0,12,3,"T","F",3,2,"T","T","decid001","may-l101","T","T",9,3,27,7,2,26,0,0,0,"alexg101","alexg101","",0,0,0,0,0,0,0,0,0,0,0,0,0,"waitr001","T","F","F","F",0,0,0,0,0,0,0,0,0,0,F,F,"1978BAL.EVA.regular.event.csv",6024
"BAL197809270","CLE",4,0,0,0,0,"",0,1,"alexg101","?","alexg101","?","martd001","?","martd001","?","dempr001","murre001","dauer001","decid001","belam101","roeng001","lopec101","singk001","","","","13","T","F",2,6,2,"T","T",0,"F","F",1,"F","F",0,"F","F",1,"G","F","F","",0,0,"N",0,"N",0,"N",0,0,0,0,"13","","","","F","F","F","F","F","F","F","F","F","","","","F","F","F","F","F","","","","",0,3,0,0,1,0,0,0,0,29,"BAL","CLE","BAL",0,"T","F",0,1,0,14,0,"T","F",0,0,"T","T","kuipd001","brigd101","T","T",0,0,0,0,0,0,0,0,0,"","","",0,0,0,0,0,0,0,0,0,0,0,0,0,"martd001","F","F","F","F",0,0,0,0,0,0,0,0,0,0,F,F,"1978BAL.EVA.regular.event.csv",6025
"BAL197809270","CLE",4,0,1,0,0,"",0,1,"kuipd001","?","kuipd001","?","martd001","?","martd001","?","dempr001","murre001","dauer001","decid001","belam101","roeng001","lopec101","singk001","","","","S","F","F",4,7,20,"T","T",1,"F","F",0,"F","F",0,"F","F",0,"","F","F","",0,0,"N",0,"N",0,"N",1,0,0,0,"","","","","F","F","F","F","F","F","F","F","F","","","","F","F","F","F","F","","","","",0,0,0,0,0,0,0,0,0,30,"BAL","CLE","BAL",0,"F","F",0,1,0,15,1,"T","F",0,1,"T","T","brigd101","grifa001","T","T",0,0,0,0,0,0,0,0,0,"","","",0,0,0,0,0,0,0,0,0,0,0,0,0,"","F","F","F","F",0,0,0,0,0,0,0,0,0,0,F,F,"1978BAL.EVA.regular.event.csv",6026
"BAL197809270","CLE",4,0,1,0,0,"",0,1,"brigd101","?","brigd101","?","martd001","?","martd001","?","dempr001","murre001","dauer001","decid001","belam101","roeng001","lopec101","singk001","kuipd001","","","8","F","F",9,8,2,"T","T",0,"F","F",1,"F","F",0,"F","F",8,"F","F","F","",0,0,"N",0,"N",0,"N",0,1,0,0,"8","","","","F","F","F","F","F","F","F","F","F","martd001","","","F","F","F","F","F","","","","",0,8,0,0,0,0,0,0,0,31,"BAL","CLE","BAL",0,"F","F",0,1,0,16,2,"T","F",1,1,"T","T","grifa001","mannr001","T","T",4,7,30,0,0,0,0,0,0,"dempr001","","",0,0,0,0,0,0,0,0,0,0,0,0,0,"lopec101","F","F","F","F",0,0,0,0,0,0,0,0,0,0,F,F,"1978BAL.EVA.regular.event.csv",6027
"BAL197809270","CLE",4,0,2,0,0,"",0,1,"grifa001","?","grifa001","?","martd001","?","martd001","?","dempr001","murre001","dauer001","decid001","belam101","roeng001","lopec101","singk001","kuipd001","","","64(1)/FO","F","F",6,9,2,"T","T",0,"F","F",1,"F","F",0,"F","F",6,"G","F","F","",0,0,"N",0,"N",0,"N",1,0,0,0,"","64","","","F","F","F","F","F","F","F","F","F","martd001","","","F","F","F","F","F","","","","",0,4,0,0,6,0,0,0,0,32,"BAL","CLE","BAL",0,"F","T",0,1,0,17,3,"T","F",1,1,"T","T","mannr001","norrj101","T","T",4,7,30,0,0,0,0,0,0,"dempr001","","",0,0,0,0,0,0,0,0,0,0,0,0,0,"belam101","T","F","F","F",0,0,0,0,0,0,0,0,0,0,F,F,"1978BAL.EVA.regular.event.csv",6028
"BAL197809270","CLE",4,1,0,0,0,"",0,1,"decid001","?","decid001","?","waitr001","?","waitr001","?","alexg101","thora001","kuipd001","bellb001","grifa001","norrj101","mannr001","brigd101","","","","53","T","F",5,5,2,"T","T",0,"F","F",1,"F","F",0,"F","F",5,"G","F","F","",0,0,"N",0,"N",0,"N",0,0,0,0,"53","","","","F","F","F","F","F","F","F","F","F","","","","F","F","F","F","F","","","","",0,3,0,0,5,0,0,0,0,33,"BAL","BAL","CLE",1,"T","F",1,0,0,13,0,"T","F",0,0,"T","T","may-l101","dempr001","T","T",0,0,0,0,0,0,0,0,0,"","","",0,0,0,0,0,0,0,0,0,0,0,0,0,"bellb001","F","F","F","F",0,0,0,0,0,0,0,0,0,0,F,F,"1978BAL.EVA.regular.event.csv",6029
"BAL197809270","CLE",4,1,1,0,0,"",0,1,"may-l101","?","may-l101","?","waitr001","?","waitr001","?","alexg101","thora001","kuipd001","bellb001","grifa001","norrj101","mannr001","brigd101","","","","E1","F","F",10,6,18,"T","T",0,"F","F",0,"F","F",0,"F","F",1,"G","F","F","",1,1,"F",0,"N",0,"N",1,0,0,0,"","","","","F","F","F","F","F","F","F","F","F","","","","F","F","F","F","F","","","","",0,0,0,0,0,0,0,0,0,34,"BAL","BAL","CLE",1,"F","F",1,0,0,14,1,"T","F",0,1,"T","T","dempr001","dauer001","T","T",0,0,0,0,0,0,0,0,0,"","","",0,0,0,0,0,0,0,0,0,0,0,0,0,"waitr001","F","F","F","T",0,0,0,0,0,0,0,0,0,0,F,F,"1978BAL.EVA.regular.event.csv",6030
"BAL197809270","CLE",4,1,1,0,0,"",0,1,"dempr001","?","dempr001","?","waitr001","?","waitr001","?","alexg101","thora001","kuipd001","bellb001","grifa001","norrj101","mannr001","brigd101","may-l101","","","S9.1-3","F","F",2,7,20,"T","T",1,"F","F",0,"F","F",0,"F","F",9,"","F","F","",0,0,"N",0,"N",0,"N",1,3,0,0,"","","","","F","F","F","F","F","F","F","F","F","waitr001","","","F","F","F","F","F","","","","",0,0,0,0,0,0,0,0,0,35,"BAL","BAL","CLE",1,"F","F",1,0,0,15,2,"T","F",1,5,"T","T","dauer001","belam101","T","T",10,6,34,0,0,0,0,0,0,"alexg101","","",0,0,0,0,0,0,0,0,0,0,0,0,0,"brigd101","F","F","F","F",0,0,0,0,0,0,0,0,0,0,F,F,"1978BAL.EVA.regular.event.csv",6031
"BAL197809270","CLE",4,1,1,0,0,"",0,1,"dauer001","?","dauer001","?","waitr001","?","waitr001","?","alexg101","thora001","kuipd001","bellb001","grifa001","norrj101","mannr001","brigd101","dempr001","","may-l101","7","F","F",4,8,2,"T","T",0,"F","F",1,"F","F",0,"F","F",7,"F","F","F","",0,0,"N",0,"N",0,"N",0,1,0,3,"7","","","","F","F","F","F","F","F","F","F","F","waitr001","","waitr001","F","F","F","F","F","","","","",0,7,0,0,0,0,0,0,0,36,"BAL","BAL","CLE",1,"F","F",1,0,0,16,3,"T","F",5,5,"T","T","belam101","lopec101","T","T",2,7,35,0,0,0,10,6,34,"alexg101","","alexg101",0,0,0,0,0,0,0,0,0,0,0,0,0,"norrj101","F","F","F","F",0,0,0,0,0,0,0,0,0,0,F,F,"1978BAL.EVA.regular.event.csv",6032
"BAL197809270","CLE",4,1,2,0,0,"",0,1,"belam101","?","belam101","?","waitr001","?","waitr001","?","alexg101","thora001","kuipd001","bellb001","grifa001","norrj101","mannr001","brigd101","dempr001","","may-l101","7","F","F",6,9,2,"T","T",0,"F","F",1,"F","F",0,"F","F",7,"F","F","F","",0,0,"N",0,"N",0,"N",0,1,0,3,"7","","","","F","F","F","F","F","F","F","F","F","waitr001","","waitr001","F","F","F","F","F","","","","",0,7,0,0,0,0,0,0,0,37,"BAL","BAL","CLE",1,"F","T",1,0,0,17,4,"T","F",5,5,"T","T","lopec101","roeng001","T","T",2,7,35,0,0,0,10,6,34,"alexg101","","alexg101",0,0,0,0,0,0,0,0,0,0,0,0,0,"norrj101","F","F","F","F",0,0,0,0,0,0,0,0,0,0,F,F,"1978BAL.EVA.regular.event.csv",6033
"BAL197809270","CLE",5,0,0,0,0,"",0,1,"mannr001","?","mannr001","?","martd001","?","martd001","?","dempr001","murre001","dauer001","decid001","belam101","roeng001","lopec101","singk001","","","","K/C","T","F",8,1,3,"T","T",0,"F","F",1,"F","F",0,"F","F",0,"","F","F","",0,0,"N",0,"N",0,"N",0,0,0,0,"2","","","","F","F","F","F","F","F","F","F","F","","","","F","F","F","F","F","","","","",0,2,0,0,0,0,0,0,0,38,"BAL","CLE","BAL",0,"T","F",0,1,0,18,0,"T","F",0,0,"T","T","norrj101","bellb001","T","T",0,0,0,0,0,0,0,0,0,"","","",0,0,0,0,0,0,0,0,0,0,0,0,0,"","F","F","F","F",0,0,0,0,0,0,0,0,0,0,F,F,"1978BAL.EVA.regular.event.csv",6034
"BAL197809270","CLE",5,0,1,0,0,"",0,1,"norrj101","?","norrj101","?","martd001","?","martd001","?","dempr001","murre001","dauer001","decid001","belam101","roeng001","lopec101","singk001","","","","W","F","F",7,2,14,"T","F",0,"F","F",0,"F","F",0,"F","F",0,"","F","F","",0,0,"N",0,"N",0,"N",1,0,0,0,"","","","","F","F","F","F","F","F","F","F","F","","","","F","F","F","F","F","","","","",0,0,0,0,0,0,0,0,0,39,"BAL","CLE","BAL",0,"F","F",0,1,0,19,1,"T","F",0,1,"T","T","bellb001","thora001","T","T",0,0,0,0,0,0,0,0,0,"","","",0,0,0,0,0,0,0,0,0,0,0,0,0,"","F","F","F","F",0,0,0,0,0,0,0,0,0,0,F,F,"1978BAL.EVA.regular.event.csv",6035
"BAL197809270","CLE",5,0,1,0,0,"",0,1,"bellb001","?","bellb001","?","martd001","?","martd001","?","dempr001","murre001","dauer001","decid001","belam101","roeng001","lopec101","singk001","norrj101","","","64(1)3/GDP","F","F",5,3,2,"T","T",0,"F","F",2,"T","F",0,"F","F",6,"G","F","F","",0,0,"N",0,"N",0,"N",0,0,0,0,"43","64","","","F","F","F","F","F","F","F","F","F","martd001","","","F","F","F","F","F","","","","",0,4,3,0,6,4,0,0,0,40,"BAL","CLE","BAL",0,"F","T",0,1,0,20,2,"T","F",1,0,"T","T","thora001","cagew101","T","T",7,2,39,0,0,0,0,0,0,"dempr001","","",0,0,0,0,0,0,0,0,0,0,0,0,0,"belam101","T","F","F","F",0,0,0,0,0,0,0,0,0,0,F,F,"1978BAL.EVA.regular.event.csv",6036
"BAL197809270","CLE",5,1,0,0,0,"",0,1,"lopec101","?","lopec101","?","waitr001","?","waitr001","?","alexg101","thora001","kuipd001","bellb001","grifa001","norrj101","mannr001","brigd101","","","","K","T","F",8,1,3,"T","T",0,"F","F",1,"F","F",0,"F","F",0,"","F","F","",0,0,"N",0,"N",0,"N",0,0,0,0,"2","","","","F","F","F","F","F","F","F","F","F","","","","F","F","F","F","F","","","","",0,2,0,0,0,0,0,0,0,41,"BAL","BAL","CLE",1,"T","F",1,0,0,18,0,"T","F",0,0,"T","T","roeng001","singk001","T","T",0,0,0,0,0,0,0,0,0,"","","",0,0,0,0,0,0,0,0,0,0,0,0,0,"","F","F","F","F",0,0,0,0,1,0,0,0,0,0,F,F,"1978BAL.EVA.regular.event.csv",6037
"BAL197809270","CLE",5,1,1,0,0,"",0,1,"roeng001","?","roeng001","?","waitr001","?","waitr001","?","alexg101","thora001","kuipd001","bellb001","grifa001","norrj101","mannr001","brigd101","","","","HR/7","F","F",7,2,23,"T","T",4,"F","F",0,"F","F",1,"F","F",0,"","F","F","7",0,0,"N",0,"N",0,"N",4,0,0,0,"","","","","F","F","F","F","F","F","F","F","F","","","","F","F","F","F","F","","","","",0,0,0,0,0,0,0,0,0,42,"BAL","BAL","CLE",1,"F","F",1,0,0,19,1,"T","F",0,0,"T","T","singk001","murre001","T","T",0,0,0,0,0,0,0,0,0,"","","",0,0,0,0,0,0,0,0,0,0,0,0,1,"","F","F","F","F",4,0,0,0,0,0,0,0,0,0,F,F,"1978BAL.EVA.regular.event.csv",6038
"BAL197809270","CLE",5,1,1,0,0,"",0,2,"singk001","?","singk001","?","waitr001","?","waitr001","?","alexg101","thora001","kuipd001","bellb001","grifa001","norrj101","mannr001","brigd101","","","","K/C","F","F",9,3,3,"T","T",0,"F","F",1,"F","F",0,"F","F",0,"","F","F","",0,0,"N",0,"N",0,"N",0,0,0,0,"2","","","","F","F","F","F","F","F","F","F","F","","","","F","F","F","F","F","","","","",0,2,0,0,0,0,0,0,0,43,"BAL","BAL","CLE",1,"F","F",2,0,1,20,2,"T","F",0,0,"T","T","murre001","decid001","T","T",0,0,0,0,0,0,0,0,0,"","","",0,0,0,0,0,0,0,0,0,0,0,0,0,"","F","F","F","F",0,0,0,0,0,0,0,0,0,0,F,F,"1978BAL.EVA.regular.event.csv",6039
"BAL197809270","CLE",5,1,2,0,0,"",0,2,"murre001","?","murre001","?","waitr001","?","waitr001","?","alexg101","thora001","kuipd001","bellb001","grifa001","norrj101","mannr001","brigd101","","","","63","F","F",3,4,2,"T","T",0,"F","F",1,"F","F",0,"F","F",6,"G","F","F","",0,0,"N",0,"N",0,"N",0,0,0,0,"63","","","","F","F","F","F","F","F","F","F","F","","","","F","F","F","F","F","","","","",0,3,0,0,6,0,0,0,0,44,"BAL","BAL","CLE",1,"F","T",2,0,1,21,3,"T","F",0,0,"T","T","decid001","may-l101","T","T",0,0,0,0,0,0,0,0,0,"","","",0,0,0,0,0,0,0,0,0,0,0,0,0,"grifa001","F","F","F","F",0,0,0,0,0,0,0,0,0,0,F,F,"1978BAL.EVA.regular.event.csv",6040
"BAL197809270","CLE",6,0,0,0,0,"",0,2,"thora001","?","thora001","?","martd001","?","martd001","?","dempr001","murre001","dauer001","decid001","belam101","roeng001","lopec101","singk001","","","","9","T","F",3,4,2,"T","T",0,"F","F",1,"F","F",0,"F","F",9,"F","F","F","",0,0,"N",0,"N",0,"N",0,0,0,0,"9","","","","F","F","F","F","F","F","F","F","F","","","","F","F","F","F","F","","","","",0,9,0,0,0,0,0,0,0,45,"BAL","CLE","BAL",0,"T","F",0,2,0,21,0,"T","F",0,0,"T","T","cagew101","alexg101","T","T",0,0,0,0,0,0,0,0,0,"","","",0,0,0,0,0,0,0,0,0,0,0,0,0,"singk001","F","F","F","F",0,0,0,0,0,0,0,0,0,0,F,F,"1978BAL.EVA.regular.event.csv",6041
"BAL197809270","CLE",6,0,1,0,0,"",0,2,"cagew101","?","cagew101","?","martd001","?","martd001","?","dempr001","murre001","dauer001","decid001","belam101","roeng001","lopec101","singk001","","","","D7","F","F",10,5,21,"T","T",2,"F","F",0,"F","F",0,"F","F",7,"","F","F","",0,0,"N",0,"N",0,"N",2,0,0,0,"","","","","F","F","F","F","F","F","F","F","F","","","","F","F","F","F","F","","","","",0,0,0,0,0,0,0,0,0,46,"BAL","CLE","BAL",0,"F","F",0,2,0,22,1,"T","F",0,2,"T","T","alexg101","kuipd001","T","T",0,0,0,0,0,0,0,0,0,"","","",0,0,0,0,0,0,0,0,0,0,0,0,0,"roeng001","F","F","F","F",3,0,0,0,0,0,0,0,0,0,F,F,"1978BAL.EVA.regular.event.csv",6042
"BAL197809270","CLE",6,0,1,0,0,"",0,2,"alexg101","?","alexg101","?","martd001","?","martd001","?","dempr001","murre001","dauer001","decid001","belam101","roeng001","lopec101","singk001","","cagew101","","43.2-3","F","F",2,6,2,"T","T",0,"F","F",1,"F","F",0,"F","F",4,"G","F","F","",0,0,"N",0,"N",0,"N",0,0,3,0,"43","","","","F","F","F","F","F","F","F","F","F","","martd001","","F","F","F","F","F","","","","",0,3,0,0,4,0,0,0,0,47,"BAL","CLE","BAL",0,"F","F",0,2,0,23,2,"T","F",2,4,"T","T","kuipd001","brigd101","T","T",0,0,0,10,5,46,0,0,0,"","dempr001","",0,0,0,0,0,0,0,0,0,0,0,0,0,"dauer001","F","F","F","F",0,0,3,0,0,0,0,0,0,0,F,F,"1978BAL.EVA.regular.event.csv",6043
"BAL197809270","CLE",6,0,2,0,0,"",0,2,"kuipd001","?","kuipd001","?","martd001","?","martd001","?","dempr001","murre001","dauer001","decid001","belam101","roeng001","lopec101","singk001","","","cagew101","63","F","F",4,7,2,"T","T",0,"F","F",1,"F","F",0,"F","F",6,"G","F","F","",0,0,"N",0,"N",0,"N",0,0,0,3,"63","","","","F","F","F","F","F","F","F","F","F","","","martd001","F","F","F","F","F","","","","",0,3,0,0,6,0,0,0,0,48,"BAL","CLE","BAL",0,"F","T",0,2,0,24,3,"T","F",4,4,"T","T","brigd101","grifa001","T","T",0,0,0,0,0,0,10,5,46,"","","dempr001",0,0,0,0,0,0,0,0,0,0,0,0,0,"belam101","F","F","F","F",0,0,0,3,0,0,0,0,0,0,F,F,"1978BAL.EVA.regular.event.csv",6044
"BAL197809270","CLE",6,1,0,0,0,"",0,2,"decid001","?","decid001","?","waitr001","?","waitr001","?","pruir101","thora001","kuipd001","bellb001","grifa001","norrj101","mannr001","brigd101","","","","E6","T","F",5,5,18,"T","T",0,"F","F",0,"F","F",0,"F","F",6,"G","F","F","",1,6,"F",0,"N",0,"N",1,0,0,0,"","","","","F","F","F","F","F","F","F","F","F","","","","F","F","F","F","F","","","","",0,0,0,0,0,0,0,0,0,49,"BAL","BAL","CLE",1,"T","F",2,0,0,22,0,"T","F",0,1,"T","T","may-l101","dempr001","T","T",0,0,0,0,0,0,0,0,0,"","","",0,0,0,0,0,0,0,0,0,0,0,0,0,"grifa001","F","F","F","T",0,0,0,0,0,0,0,0,0,0,F,F,"1978BAL.EVA.regular.event.csv",6045
"BAL197809270","CLE",6,1,0,0,0,"",0,2,"may-l101","?","may-l101","?","waitr001","?","waitr001","?","pruir101","thora001","kuipd001","bellb001","grifa001","norrj101","mannr001","brigd101","decid001","","","S.1-2","F","F",10,6,20,"T","T",1,"F","F",0,"F","F",0,"F","F",0,"","F","F","",0,0,"N",0,"N",0,"N",1,2,0,0,"","","","","F","F","F","F","F","F","F","F","F","waitr001","","","F","F","F","F","F","","","","",0,0,0,0,0,0,0,0,0,50,"BAL","BAL","CLE",1,"F","F",2,0,0,23,1,"T","F",1,3,"T","T","dempr001","dauer001","T","T",5,5,49,0,0,0,0,0,0,"pruir101","","",0,0,0,0,0,0,0,0,0,0,0,0,0,"","F","F","F","F",0,0,0,0,0,0,0,0,0,0,F,F,"1978BAL.EVA.regular.event.csv",6046
"BAL197809270","CLE",6,1,0,0,0,"",0,2,"dempr001","?","dempr001","?","waitr001","?","waitr001","?","pruir101","thora001","kuipd001","bellb001","grifa001","norrj101","mannr001","brigd101","may-l101","decid001","","8","F","F",2,7,2,"T","T",0,"F","F",1,"F","F",0,"F","F",8,"F","F","F","",0,0,"N",0,"N",0,"N",0,1,2,0,"8","","","","F","F","F","F","F","F","F","F","F","waitr001","waitr001","","F","F","F","F","F","","","","",0,8,0,0,0,0,0,0,0,51,"BAL","BAL","CLE",1,"F","F",2,0,0,24,2,"T","F",3,3,"T","T","dauer001","belam101","T","T",10,6,50,5,5,49,0,0,0,"pruir101","pruir101","",0,0,0,0,0,0,0,0,0,0,0,0,0,"mannr001","F","F","F","F",0,0,0,0,0,0,0,0,0,0,F,F,"1978BAL.EVA.regular.event.csv",6047
"BAL197809270","CLE",6,1,1,0,0,"",0,2,"dauer001","?","dauer001","?","waitr001","?","waitr001","?","pruir101","thora001","kuipd001","bellb001","grifa001","norrj101","mannr001","brigd101","may-l101","decid001","","64(1)3/GDP","F","F",4,8,2,"T","T",0,"F","F",2,"T","F",0,"F","F",6,"G","F","F","",0,0,"N",0,"N",0,"N",0,0,2,0,"43","64","","","F","F","F","F","F","F","F","F","F","waitr001","waitr001","","F","F","F","F","F","","","","",0,4,3,0,6,4,0,0,0,52,"BAL","BAL","CLE",1,"F","T",2,0,0,25,3,"T","F",3,2,"T","T","belam101","lopec101","T","T",10,6,50,5,5,49,0,0,0,"pruir101","pruir101","",0,0,0,0,0,0,0,0,0,0,0,0,0,"grifa001","T","F","F","F",0,0,0,0,0,0,0,0,0,0,F,F,"1978BAL.EVA.regular.event.csv",6048
"BAL197809270","CLE",7,0,0,0,0,"",0,2,"brigd101","?","brigd101","?","martd001","?","martd001","?","dempr001","murre001","dauer001","decid001","belam101","roeng001","lopec101","singk001","","","","W","T","F",9,8,14,"T","F",0,"F","F",0,"F","F",0,"F","F",0,"","F","F","",0,0,"N",0,"N",0,"N",1,0,0,0,"","","","","F","F","F","F","F","F","F","F","F","","","","F","F","F","F","F","","","","",0,0,0,0,0,0,0,0,0,53,"BAL","CLE","BAL",0,"T","F",0,2,0,25,0,"T","F",0,1,"T","T","grifa001","mannr001","T","T",0,0,0,0,0,0,0,0,0,"","","",0,0,0,0,0,0,0,0,0,0,0,0,0,"","F","F","F","F",0,0,0,0,0,0,0,0,0,0,F,F,"1978BAL.EVA.regular.event.csv",6049
"BAL197809270","CLE",7,0,0,0,0,"",0,2,"grifa001","?","grifa001","?","martd001","?","martd001","?","dempr001","murre001","dauer001","decid001","belam101","roeng001","lopec101","singk001","brigd101","","","K/C","F","F",6,9,3,"T","T",0,"F","F",1,"F","F",0,"F","F",0,"","F","F","",0,0,"N",0,"N",0,"N",0,1,0,0,"2","","","","F","F","F","F","F","F","F","F","F","martd001","","","F","F","F","F","F","","","","",0,2,0,0,0,0,0,0,0,54,"BAL","CLE","BAL",0,"F","F",0,2,0,26,1,"T","F",1,1,"T","T","mannr001","norrj101","T","T",9,8,53,0,0,0,0,0,0,"dempr001","","",0,0,0,0,0,0,0,0,0,0,0,0,0,"","F","F","F","F",0,0,0,0,0,0,0,0,0,0,F,F,"1978BAL.EVA.regular.event.csv",6050
"BAL197809270","CLE",7,0,1,0,0,"",0,2,"mannr001","?","mannr001","?","martd001","?","martd001","?","dempr001","murre001","dauer001","decid001","belam101","roeng001","lopec101","singk001","brigd101","","","7","F","F",8,1,2,"T","T",0,"F","F",1,"F","F",0,"F","F",7,"F","F","F","",0,0,"N",0,"N",0,"N",0,1,0,0,"7","","","","F","F","F","F","F","F","F","F","F","martd001","","","F","F","F","F","F","","","","",0,7,0,0,0,0,0,0,0,55,"BAL","CLE","BAL",0,"F","F",0,2,0,27,2,"T","F",1,1,"T","T","norrj101","bellb001","T","T",9,8,53,0,0,0,0,0,0,"dempr001","","",0,0,0,0,0,0,0,0,0,0,0,0,0,"roeng001","F","F","F","F",0,0,0,0,0,0,0,0,0,0,F,F,"1978BAL.EVA.regular.event.csv",6051
"BAL197809270","CLE",7,0,2,0,0,"",0,2,"norrj101","?","norrj101","?","martd001","?","martd001","?","dempr001","murre001","dauer001","decid001","belam101","roeng001","lopec101","singk001","brigd101","","","13","F","F",7,2,2,"T","T",0,"F","F",1,"F","F",0,"F","F",1,"G","F","F","",0,0,"N",0,"N",0,"N",0,1,0,0,"13","","","","F","F","F","F","F","F","F","F","F","martd001","","","F","F","F","F","F","","","","",0,3,0,0,1,0,0,0,0,56,"BAL","CLE","BAL",0,"F","T",0,2,0,28,3,"T","F",1,1,"T","T","bellb001","thora001","T","T",9,8,53,0,0,0,0,0,0,"dempr001","","",0,0,0,0,0,0,0,0,0,0,0,0,0,"martd001","F","F","F","F",0,0,0,0,0,0,0,0,0,0,F,F,"1978BAL.EVA.regular.event.csv",6052
"BAL197809270","CLE",7,1,0,0,0,"",0,2,"belam101","?","belam101","?","waitr001","?","waitr001","?","pruir101","thora001","kuipd001","bellb001","grifa001","norrj101","mannr001","brigd101","","","","43","T","F",6,9,2,"T","T",0,"F","F",1,"F","F",0,"F","F",4,"G","F","F","",0,0,"N",0,"N",0,"N",0,0,0,0,"43","","","","F","F","F","F","F","F","F","F","F","","","","F","F","F","F","F","","","","",0,3,0,0,4,0,0,0,0,57,"BAL","BAL","CLE",1,"T","F",2,0,0,26,0,"T","F",0,0,"T","T","lopec101","roeng001","T","T",0,0,0,0,0,0,0,0,0,"","","",0,0,0,0,0,0,0,0,0,0,0,0,0,"kuipd001","F","F","F","F",0,0,0,0,0,0,0,0,0,0,F,F,"1978BAL.EVA.regular.event.csv",6053
"BAL197809270","CLE",7,1,1,0,0,"",0,2,"lopec101","?","lopec101","?","waitr001","?","waitr001","?","pruir101","thora001","kuipd001","bellb001","grifa001","norrj101","mannr001","brigd101","","","","53","F","F",8,1,2,"T","T",0,"F","F",1,"F","F",0,"F","F",5,"G","F","F","",0,0,"N",0,"N",0,"N",0,0,0,0,"53","","","","F","F","F","F","F","F","F","F","F","","","","F","F","F","F","F","","","","",0,3,0,0,5,0,0,0,0,58,"BAL","BAL","CLE",1,"F","F",2,0,0,27,1,"T","F",0,0,"T","T","roeng001","singk001","T","T",0,0,0,0,0,0,0,0,0,"","","",0,0,0,0,0,0,0,0,0,0,0,0,0,"bellb001","F","F","F","F",0,0,0,0,0,0,0,0,0,0,F,F,"1978BAL.EVA.regular.event.csv",6054
"BAL197809270","CLE",7,1,2,0,0,"",0,2,"roeng001","?","roeng001","?","waitr001","?","waitr001","?","pruir101","thora001","kuipd001","bellb001","grifa001","norrj101","mannr001","brigd101","","","","W","F","F",7,2,14,"T","F",0,"F","F",0,"F","F",0,"F","F",0,"","F","F","",0,0,"N",0,"N",0,"N",1,0,0,0,"","","","","F","F","F","F","F","F","F","F","F","","","","F","F","F","F","F","","","","",0,0,0,0,0,0,0,0,0,59,"BAL","BAL","CLE",1,"F","F",2,0,0,28,2,"T","F",0,1,"T","T","singk001","murre001","T","T",0,0,0,0,0,0,0,0,0,"","","",0,0,0,0,0,0,0,0,0,0,0,0,0,"","F","F","F","F",3,0,0,0,0,0,0,0,0,0,F,F,"1978BAL.EVA.regular.event.csv",6055
"BAL197809270","CLE",7,1,2,0,0,"",0,2,"singk001","?","singk001","?","waitr001","?","waitr001","?","pruir101","thora001","kuipd001","bellb001","grifa001","norrj101","mannr001","brigd101","roeng001","","","S8.1-3","F","F",9,3,20,"T","T",1,"F","F",0,"F","F",0,"F","F",8,"","F","F","",0,0,"N",0,"N",0,"N",1,3,0,0,"","","","","F","F","F","F","F","F","F","F","F","waitr001","","","F","F","F","F","F","","","","",0,0,0,0,0,0,0,0,0,60,"BAL","BAL","CLE",1,"F","F",2,0,0,29,3,"T","F",1,5,"T","T","murre001","decid001","T","T",7,2,59,0,0,0,0,0,0,"pruir101","","",0,0,0,0,0,0,0,0,0,0,0,0,0,"mannr001","F","F","F","F",1,3,0,0,0,0,0,0,0,0,F,F,"1978BAL.EVA.regular.event.csv",6056
"BAL197809270","CLE",7,1,2,0,0,"",0,2,"murre001","?","murre001","?","waitr001","?","waitr001","?","pruir101","thora001","kuipd001","bellb001","grifa001","norrj101","mannr001","brigd101","harll101","","roeng001","43","F","F",3,4,2,"T","T",0,"F","F",1,"F","F",0,"F","F",4,"G","F","F","",0,0,"N",0,"N",0,"N",0,1,0,3,"43","","","","F","F","F","F","F","F","F","F","F","waitr001","","waitr001","F","F","T","F","F","singk001","","","",0,3,0,0,4,0,0,0,0,61,"BAL","BAL","CLE",1,"F","T",2,0,0,30,4,"T","F",5,5,"T","T","decid001","may-l101","T","T",0,3,60,0,0,0,7,2,59,"pruir101","","pruir101",0,0,0,0,0,0,0,0,0,0,0,0,0,"kuipd001","F","F","F","F",0,1,0,3,0,0,0,0,0,0,F,F,"1978BAL.EVA.regular.event.csv",6057
"BAL197809270","CLE",8,0,0,0,0,"",0,2,"bellb001","?","bellb001","?","martd001","?","martd001","?","dempr001","murre001","dauer001","decid001","belam101","roeng001","harll101","lopec101","","","","S8","T","F",5,3,20,"T","T",1,"F","F",0,"F","F",0,"F","F",8,"","F","F","",0,0,"N",0,"N",0,"N",1,0,0,0,"","","","","F","F","F","F","F","F","F","F","F","","","","F","F","F","F","F","","","","",0,0,0,0,0,0,0,0,0,62,"BAL","CLE","BAL",0,"T","F",0,2,0,29,0,"T","F",0,1,"T","T","thora001","cagew101","T","T",0,0,0,0,0,0,0,0,0,"","","",0,0,0,0,0,0,0,0,0,0,0,0,0,"harll101","F","F","F","F",4,0,0,0,1,0,0,0,0,0,F,F,"1978BAL.EVA.regular.event.csv",6058
"BAL197809270","CLE",8,0,0,0,0,"",0,2,"thora001","?","thora001","?","martd001","?","martd001","?","dempr001","murre001","dauer001","decid001","belam101","roeng001","harll101","lopec101","bellb001","","","S7.1-2","F","F",3,4,20,"T","T",1,"F","F",0,"F","F",0,"F","F",7,"","F","F","",0,0,"N",0,"N",0,"N",1,2,0,0,"","","","","F","F","F","F","F","F","F","F","F","martd001","","","F","F","F","F","F","","","","",0,0,0,0,0,0,0,0,0,63,"BAL","CLE","BAL",0,"F","F",0,2,0,30,1,"T","F",1,3,"T","T","cagew101","pruir101","T","T",5,3,62,0,0,0,0,0,0,"dempr001","","",0,0,0,0,0,0,0,0,0,0,0,0,0,"roeng001","F","F","F","F",0,4,0,0,1,0,0,0,0,0,F,F,"1978BAL.EVA.regular.event.csv",6059
"BAL197809270","CLE",8,0,0,0,0,"",0,2,"cagew101","?","cagew101","?","martd001","?","martd001","?","dempr001","murre001","dauer001","decid001","belam101","roeng001","harll101","lopec101","thora001","bellb001","","S8.2-H;1-2","F","F",10,5,20,"T","T",1,"F","F",0,"F","F",1,"F","F",8,"","F","F","",0,0,"N",0,"N",0,"N",1,2,4,0,"","","","","F","F","F","F","F","F","F","F","F","martd001","martd001","","F","F","F","F","F","","","","",0,0,0,0,0,0,0,0,0,64,"BAL","CLE","BAL",0,"F","F",0,2,0,31,2,"T","F",3,3,"T","T","pruir101","kuipd001","T","T",3,4,63,5,3,62,0,0,0,"dempr001","dempr001","",0,0,0,0,0,0,0,0,0,0,0,0,1,"harll101","F","F","F","F",0,0,4,0,0,0,0,0,0,0,F,F,"1978BAL.EVA.regular.event.csv",6060
"BAL197809270","CLE",8,0,0,0,0,"",1,2,"pruir101","?","pruir101","?","martd001","?","martd001","?","dempr001","murre001","dauer001","decid001","belam101","roeng001","harll101","lopec101","cagew101","thora001","","7","F","F",2,6,2,"T","T",0,"F","F",1,"F","F",0,"F","F",7,"F","F","F","",0,0,"N",0,"N",0,"N",0,1,2,0,"7","","","","F","F","F","F","F","F","F","F","F","martd001","martd001","","F","F","F","F","F","","","","",0,7,0,0,0,0,0,0,0,65,"BAL","CLE","BAL",0,"F","F",1,2,1,32,3,"T","F",3,3,"F","F","kuipd001","brigd101","T","T",10,5,64,3,4,63,0,0,0,"dempr001","dempr001","",0,0,0,0,0,0,0,0,0,0,0,0,0,"roeng001","F","F","F","F",0,0,0,0,0,0,0,0,0,0,F,F,"1978BAL.EVA.regular.event.csv",6061
"BAL197809270","CLE",8,0,1,0,0,"",1,2,"kuipd001","?","kuipd001","?","martd001","?","martd001","?","dempr001","murre001","dauer001","decid001","belam101","roeng001","harll101","lopec101","cagew101","thora001","","16(1)3/GDP","F","F",4,7,2,"T","T",0,"F","F",2,"T","F",0,"F","F",1,"G","F","F","",0,0,"N",0,"N",0,"N",0,0,2,0,"63","16","","","F","F","F","F","F","F","F","F","F","martd001","martd001","","F","F","F","F","F","","","","",0,6,3,0,1,6,0,0,0,66,"BAL","CLE","BAL",0,"F","T",1,2,1,33,4,"T","F",3,2,"T","T","brigd101","grifa001","T","T",10,5,64,3,4,63,0,0,0,"dempr001","dempr001","",0,0,0,0,0,0,0,0,0,0,0,0,0,"martd001","T","F","F","F",0,0,0,0,0,0,0,0,0,0,F,F,"1978BAL.EVA.regular.event.csv",6062
"BAL197809270","CLE",8,1,0,0,0,"",1,2,"decid001","?","decid001","?","waitr001","?","waitr001","?","pruir101","thora001","kuipd001","bellb001","grifa001","norrj101","mannr001","brigd101","","","","W","T","F",5,5,14,"T","F",0,"F","F",0,"F","F",0,"F","F",0,"","F","F","",0,0,"N",0,"N",0,"N",1,0,0,0,"","","","","F","F","F","F","F","F","F","F","F","","","","F","F","F","F","F","","","","",0,0,0,0,0,0,0,0,0,67,"BAL","BAL","CLE",1,"T","F",2,1,0,31,0,"T","F",0,1,"T","T","may-l101","dempr001","T","T",0,0,0,0,0,0,0,0,0,"","","",0,0,0,0,0,0,0,0,0,0,0,0,0,"","F","F","F","F",4,0,0,0,1,0,0,0,0,0,F,F,"1978BAL.EVA.regular.event.csv",6063
"BAL197809270","CLE",8,1,0,0,0,"",1,2,"may-l101","?","may-l101","?","waitr001","?","waitr001","?","pruir101","thora001","kuipd001","bellb001","grifa001","norrj101","mannr001","brigd101","decid001","","","SB2","F","F",10,6,4,"F","F",0,"F","F",0,"F","F",0,"F","F",0,"","F","F","",0,0,"N",0,"N",0,"N",0,2,0,0,"","","","","T","F","F","F","F","F","F","F","F","waitr001","","","F","F","F","F","F","","","","",0,0,0,0,0,0,0,0,0,68,"BAL","BAL","CLE",1,"F","F",2,1,0,32,1,"T","F",1,2,"T","T","dempr001","dauer001","T","T",5,5,67,0,0,0,0,0,0,"pruir101","","",0,0,0,0,0,0,0,0,0,0,0,0,0,"","F","F","F","F",0,4,0,0,1,0,0,0,0,0,F,F,"1978BAL.EVA.regular.event.csv",6064
"BAL197809270","CLE",8,1,0,0,0,"",1,2,"may-l101","?","may-l101","?","kernj001","?","kernj001","?","pruir101","thora001","kuipd001","bellb001","grifa001","norrj101","mannr001","brigd101","","decid001","","K","F","F",10,6,3,"T","T",0,"F","F",1,"F","F",0,"F","F",0,"","F","F","",0,0,"N",0,"N",0,"N",0,0,2,0,"2","","","","F","F","F","F","F","F","F","F","F","","waitr001","","F","F","F","F","F","","","","",0,2,0,0,0,0,0,0,0,69,"BAL","BAL","CLE",1,"F","F",2,1,0,32,1,"F","F",2,2,"T","T","dempr001","dauer001","F","F",0,0,0,5,5,67,0,0,0,"","pruir101","",0,0,0,0,0,0,0,0,0,0,0,0,0,"","F","F","F","F",0,0,4,0,1,0,0,0,0,0,F,F,"1978BAL.EVA.regular.event.csv",6065
"BAL197809270","CLE",8,1,1,0,0,"",1,2,"dempr001","?","dempr001","?","kernj001","?","kernj001","?","pruir101","thora001","kuipd001","bellb001","grifa001","norrj101","mannr001","brigd101","","decid001","","W","F","F",2,7,14,"T","F",0,"F","F",0,"F","F",0,"F","F",0,"","F","F","",0,0,"N",0,"N",0,"N",1,0,2,0,"","","","","F","F","F","F","F","F","F","F","F","","waitr001","","F","F","F","F","F","","","","",0,0,0,0,0,0,0,0,0,70,"BAL","BAL","CLE",1,"F","F",2,1,0,33,2,"T","F",2,3,"T","T","dauer001","belam101","F","F",0,0,0,5,5,67,0,0,0,"","pruir101","",0,0,0,0,0,0,0,0,0,0,0,0,0,"","F","F","F","F",3,0,4,0,1,0,0,0,0,0,F,F,"1978BAL.EVA.regular.event.csv",6066
"BAL197809270","CLE",8,1,1,0,0,"",1,2,"dauer001","?","dauer001","?","kernj001","?","kernj001","?","pruir101","thora001","kuipd001","bellb001","grifa001","norrj101","mannr001","brigd101","dempr001","decid001","","S1.2-3;1-2","F","F",4,8,20,"T","T",1,"F","F",0,"F","F",0,"F","F",1,"","F","F","",0,0,"N",0,"N",0,"N",1,2,3,0,"","","","","F","F","F","F","F","F","F","F","F","kernj001","waitr001","","F","F","F","F","F","","","","",0,0,0,0,0,0,0,0,0,71,"BAL","BAL","CLE",1,"F","F",2,1,0,34,3,"T","F",3,7,"T","T","belam101","lopec101","F","F",2,7,70,5,5,67,0,0,0,"pruir101","pruir101","",0,0,0,0,0,0,0,0,0,0,0,0,0,"kernj001","F","F","F","F",2,3,4,0,1,0,0,0,0,0,F,F,"1978BAL.EVA.regular.event.csv",6067
"BAL197809270","CLE",8,1,1,0,0,"",1,2,"belam101","?","belam101","?","kernj001","?","kernj001","?","pruir101","thora001","kuipd001","bellb001","grifa001","norrj101","mannr001","brigd101","dauer001","dempr001","decid001","S8.3-H;2-3;1-2","F","F",6,9,20,"T","T",1,"F","F",0,"F","F",1,"F","F",8,"","F","F","",0,0,"N",0,"N",0,"N",1,2,3,4,"","","","","F","F","F","F","F","F","F","F","F","kernj001","kernj001","waitr001","F","F","F","F","F","","","","",0,0,0,0,0,0,0,0,0,72,"BAL","BAL","CLE",1,"F","F",2,1,0,35,4,"T","F",7,7,"T","T","lopec101","roeng001","F","F",4,8,71,2,7,70,5,5,67,"pruir101","pruir101","pruir101",0,0,0,0,0,0,0,0,0,0,0,0,1,"mannr001","F","F","F","F",0,2,3,4,0,0,0,0,0,0,F,F,"1978BAL.EVA.regular.event.csv",6068
"BAL197809270","CLE",8,1,1,0,0,"",1,3,"crowt101","?","crowt101","?","kernj001","?","kernj001","?","pruir101","thora001","kuipd001","bellb001","grifa001","norrj101","mannr001","brigd101","belam101","dauer001","dempr001","46(1)3/GDP","F","T",11,1,2,"T","T",0,"F","F",2,"T","F",0,"F","F",4,"G","F","F","",0,0,"N",0,"N",0,"N",0,0,2,3,"63","46","","","F","F","F","F","F","F","F","F","F","kernj001","kernj001","kernj001","F","F","F","F","F","","","","lopec101",9,6,3,0,4,6,0,0,0,73,"BAL","BAL","CLE",1,"F","T",3,1,1,36,5,"T","F",7,6,"F","F","roeng001","harll101","F","F",6,9,72,4,8,71,2,7,70,"pruir101","pruir101","pruir101",0,0,0,0,0,0,0,0,0,0,0,0,0,"kuipd001","T","F","F","F",0,0,2,3,0,0,0,0,0,0,F,F,"1978BAL.EVA.regular.event.csv",6069
"BAL197809270","CLE",9,0,0,0,0,"",1,3,"brigd101","?","brigd101","?","martd001","?","martd001","?","dempr001","murre001","dauer001","decid001","belam101","andem101","harll101","dimmm101","","","","43","T","F",9,8,2,"T","T",0,"F","F",1,"F","F",0,"F","F",4,"G","F","F","",0,0,"N",0,"N",0,"N",0,0,0,0,"43","","","","F","F","F","F","F","F","F","F","F","","","","F","F","F","F","F","","","","",0,3,0,0,4,0,0,0,0,74,"BAL","CLE","BAL",0,"T","F",1,3,0,34,0,"T","F",0,0,"T","T","grifa001","mannr001","T","T",0,0,0,0,0,0,0,0,0,"","","",0,0,0,0,0,0,0,0,0,0,0,0,0,"dauer001","F","F","F","F",0,0,0,0,0,0,0,0,0,0,F,F,"1978BAL.EVA.regular.event.csv",6070
"BAL197809270","CLE",9,0,1,0,0,"",1,3,"cox-t101","?","cox-t101","?","martd001","?","martd001","?","dempr001","murre001","dauer001","decid001","belam101","andem101","harll101","dimmm101","","","","3/G","F","T",11,9,2,"T","T",0,"F","F",1,"F","F",0,"F","F",3,"G","F","F","",0,0,"N",0,"N",0,"N",0,0,0,0,"3","","","","F","F","F","F","F","F","F","F","F","","","","F","F","F","F","F","","","","grifa001",6,3,0,0,0,0,0,0,0,75,"BAL","CLE","BAL",0,"F","F",1,3,0,35,1,"T","F",0,0,"F","F","mannr001","norrj101","T","T",0,0,0,0,0,0,0,0,0,"","","",0,0,0,0,0,0,0,0,0,0,0,0,0,"murre001","F","F","F","F",0,0,0,0,0,0,0,0,0,0,F,F,"1978BAL.EVA.regular.event.csv",6071
"BAL197809270","CLE",9,0,2,0,0,"",1,3,"mannr001","?","mannr001","?","martd001","?","martd001","?","dempr001","murre001","dauer001","decid001","belam101","andem101","harll101","dimmm101","","","","63","F","F",8,1,2,"T","T",0,"F","F",1,"F","F",0,"F","F",6,"G","F","F","",0,0,"N",0,"N",0,"N",0,0,0,0,"63","","","","F","F","F","F","F","F","F","F","F","","","","F","T","F","F","F","","","","",0,3,0,0,6,0,0,0,0,76,"BAL","CLE","BAL",0,"F","T",1,3,0,36,2,"T","F",0,0,"T","T","norrj101","bellb001","T","T",0,0,0,0,0,0,0,0,0,"","","",0,0,0,0,0,0,0,0,0,0,0,0,0,"belam101","F","F","F","F",0,0,0,0,0,0,0,0,0,0,F,F,"1978BAL.EVA.regular.event.csv",6072
"BAL197809280","CLE",1,0,0,0,0,"",0,0,"mannr001","?","mannr001","?","palmj001","?","palmj001","?","dempr001","murre001","dauer001","decid001","belam101","roeng001","lopec101","singk001","","","","7","T","F",8,1,2,"T","T",0,"F","F",1,"F","F",0,"F","F",7,"F","F","F","",0,0,"N",0,"N",0,"N",0,0,0,0,"7","","","","F","F","F","F","F","F","F","F","F","","","","T","F","F","F","F","","","","",0,7,0,0,0,0,0,0,0,1,"BAL","CLE","BAL",0,"T","F",0,0,0,0,0,"T","F",0,0,"T","T","norrj101","bellb001","T","T",0,0,0,0,0,0,0,0,0,"","","",0,0,0,0,0,0,0,0,0,0,0,0,0,"roeng001","F","F","F","F",0,0,0,0,0,0,0,0,0,0,F,F,"1978BAL.EVA.regular.event.csv",6073
"BAL197809280","CLE",1,0,1,0,0,"",0,0,"norrj101","?","norrj101","?","palmj001","?","palmj001","?","dempr001","murre001","dauer001","decid001","belam101","roeng001","lopec101","singk001","","","","43","F","F",7,2,2,"T","T",0,"F","F",1,"F","F",0,"F","F",4,"G","F","F","",0,0,"N",0,"N",0,"N",0,0,0,0,"43","","","","F","F","F","F","F","F","F","F","F","","","","F","F","F","F","F","","","","",0,3,0,0,4,0,0,0,0,2,"BAL","CLE","BAL",0,"F","F",0,0,0,1,1,"T","F",0,0,"T","T","bellb001","thora001","T","T",0,0,0,0,0,0,0,0,0,"","","",0,0,0,0,0,0,0,0,0,0,0,0,0,"dauer001","F","F","F","F",0,0,0,0,0,0,0,0,0,0,F,F,"1978BAL.EVA.regular.event.csv",6074
"BAL197809280","CLE",1,0,2,0,0,"",0,0,"bellb001","?","bellb001","?","palmj001","?","palmj001","?","dempr001","murre001","dauer001","decid001","belam101","roeng001","lopec101","singk001","","","","6","F","F",5,3,2,"T","T",0,"F","F",1,"F","F",0,"F","F",6,"F","F","F","",0,0,"N",0,"N",0,"N",0,0,0,0,"6","","","","F","F","F","F","F","F","F","F","F","","","","F","F","F","F","F","","","","",0,6,0,0,0,0,0,0,0,3,"BAL","CLE","BAL",0,"F","T",0,0,0,2,2,"T","F",0,0,"T","T","thora001","cagew101","T","T",0,0,0,0,0,0,0,0,0,"","","",0,0,0,0,0,0,0,0,0,0,0,0,0,"belam101","F","F","F","F",0,0,0,0,0,0,0,0,0,0,F,F,"1978BAL.EVA.regular.event.csv",6075
"BAL197809280","CLE",1,1,0,0,0,"",0,0,"lopec101","?","lopec101","?","hoodd101","?","hoodd101","?","diazb001","thora001","kuipd001","bellb001","grifa001","norrj101","mannr001","brigd101","","","","S8","T","F",8,1,20,"T","T",1,"F","F",0,"F","F",0,"F","F",8,"","F","F","",0,0,"N",0,"N",0,"N",1,0,0,0,"","","","","F","F","F","F","F","F","F","F","F","","","","F","F","F","F","F","","","","",0,0,0,0,0,0,0,0,0,4,"BAL","BAL","CLE",1,"T","F",0,0,0,0,0,"T","F",0,1,"T","T","roeng001","singk001","T","T",0,0,0,0,0,0,0,0,0,"","","",0,0,0,0,0,0,0,0,0,0,0,0,0,"mannr001","F","F","F","F",4,0,0,0,1,0,0,0,0,0,F,F,"1978BAL.EVA.regular.event.csv",6076
"BAL197809280","CLE",1,1,0,0,0,"",0,0,"roeng001","?","roeng001","?","hoodd101","?","hoodd101","?","diazb001","thora001","kuipd001","bellb001","grifa001","norrj101","mannr001","brigd101","lopec101","","","S8.1-3","F","F",7,2,20,"T","T",1,"F","F",0,"F","F",0,"F","F",8,"","F","F","",0,0,"N",0,"N",0,"N",1,3,0,0,"","","","","F","F","F","F","F","F","F","F","F","hoodd101","","","F","F","F","F","F","","","","",0,0,0,0,0,0,0,0,0,5,"BAL","BAL","CLE",1,"F","F",0,0,0,1,1,"T","F",1,5,"T","T","singk001","murre001","T","T",8,1,4,0,0,0,0,0,0,"diazb001","","",0,0,0,0,0,0,0,0,0,0,0,0,0,"mannr001","F","F","F","F",0,4,0,0,1,0,0,0,0,0,F,F,"1978BAL.EVA.regular.event.csv",6077
"BAL197809280","CLE",1,1,0,0,0,"",0,0,"singk001","?","singk001","?","hoodd101","?","hoodd101","?","diazb001","thora001","kuipd001","bellb001","grifa001","norrj101","mannr001","brigd101","roeng001","","lopec101","53.1-2","F","F",9,3,2,"T","T",0,"F","F",1,"F","F",0,"F","F",5,"G","F","F","",0,0,"N",0,"N",0,"N",0,2,0,3,"53","","","","F","F","F","F","F","F","F","F","F","hoodd101","","hoodd101","F","F","F","F","F","","","","",0,3,0,0,5,0,0,0,0,6,"BAL","BAL","CLE",1,"F","F",0,0,0,2,2,"T","F",5,6,"T","T","murre001","decid001","T","T",7,2,5,0,0,0,8,1,4,"diazb001","","diazb001",0,0,0,0,0,0,0,0,0,0,0,0,0,"bellb001","F","F","F","F",0,0,0,4,1,0,0,0,0,0,F,F,"1978BAL.EVA.regular.event.csv",6078
"BAL197809280","CLE",1,1,1,0,0,"",0,0,"murre001","?","murre001","?","hoodd101","?","hoodd101","?","diazb001","thora001","kuipd001","bellb001","grifa001","norrj101","mannr001","brigd101","","roeng001","lopec101","9/SF.3-H;2-3","F","F",3,4,2,"T","F",0,"F","T",1,"F","F",1,"F","F",9,"F","F","F","",0,0,"N",0,"N",0,"N",0,0,3,4,"9","","","","F","F","F","F","F","F","F","F","F","","hoodd101","hoodd101","F","F","F","F","F","","","","",0,9,0,0,0,0,0,0,0,7,"BAL","BAL","CLE",1,"F","F",0,0,0,3,3,"T","F",6,4,"T","T","decid001","may-l101","T","T",0,0,0,7,2,5,8,1,4,"","diazb001","diazb001",0,0,0,0,0,0,0,0,0,0,0,0,1,"brigd101","F","F","F","F",0,0,0,4,0,0,0,0,0,0,F,F,"1978BAL.EVA.regular.event.csv",6079
"BAL197809280","CLE",1,1,2,0,0,"",0,1,"decid001","?","decid001","?","hoodd101","?","hoodd101","?","diazb001","thora001","kuipd001","bellb001","grifa001","norrj101","mannr001","brigd101","","","roeng001","W","F","F",5,5,14,"T","F",0,"F","F",0,"F","F",0,"F","F",0,"","F","F","",0,0,"N",0,"N",0,"N",1,0,0,3,"","","","","F","F","F","F","F","F","F","F","F","","","hoodd101","F","F","F","F","F","","","","",0,0,0,0,0,0,0,0,0,8,"BAL","BAL","CLE",1,"F","F",1,0,1,4,4,"T","F",4,5,"T","T","may-l101","dempr001","T","T",0,0,0,0,0,0,7,2,5,"","","diazb001",0,0,0,0,0,0,0,0,0,0,0,0,0,"","F","F","F","F",0,0,0,0,0,0,0,0,0,0,F,F,"1978BAL.EVA.regular.event.csv",6080
"BAL197809280","CLE",1,1,2,0,0,"",0,1,"may-l101","?","may-l101","?","hoodd101","?","hoodd101","?","diazb001","thora001","kuipd001","bellb001","grifa001","norrj101","mannr001","brigd101","decid001","","roeng001","9","F","F",10,6,2,"T","T",0,"F","F",1,"F","F",0,"F","F",9,"F","F","F","",0,0,"N",0,"N",0,"N",0,1,0,3,"9","","","","F","F","F","F","F","F","F","F","F","hoodd101","","hoodd101","F","F","F","F","F","","","","",0,9,0,0,0,0,0,0,0,9,"BAL","BAL","CLE",1,"F","T",1,0,1,5,5,"T","F",5,5,"T","T","dempr001","dauer001","T","T",5,5,8,0,0,0,7,2,5,"diazb001","","diazb001",0,0,0,0,0,0,0,0,0,0,0,0,0,"brigd101","F","F","F","F",0,0,0,0,0,0,0,0,0,0,F,F,"1978BAL.EVA.regular.event.csv",6081
"BAL197809280","CLE",2,0,0,0,0,"",0,1,"thora001","?","thora001","?","palmj001","?","palmj001","?","dempr001","murre001","dauer001","decid001","belam101","roeng001","lopec101","singk001","","","","8","T","F",3,4,2,"T","T",0,"F","F",1,"F","F",0,"F","F",8,"F","F","F","",0,0,"N",0,"N",0,"N",0,0,0,0,"8","","","","F","F","F","F","F","F","F","F","F","","","","F","F","F","F","F","","","","",0,8,0,0,0,0,0,0,0,10,"BAL","CLE","BAL",0,"T","F",0,1,0,3,0,"T","F",0,0,"T","T","cagew101","kuipd001","T","T",0,0,0,0,0,0,0,0,0,"","","",0,0,0,0,0,0,0,0,0,0,0,0,0,"lopec101","F","F","F","F",0,0,0,0,0,0,0,0,0,0,F,F,"1978BAL.EVA.regular.event.csv",6082
"BAL197809280","CLE",2,0,1,0,0,"",0,1,"cagew101","?","cagew101","?","palmj001","?","palmj001","?","dempr001","murre001","dauer001","decid001","belam101","roeng001","lopec101","singk001","","","","8","F","F",10,5,2,"T","T",0,"F","F",1,"F","F",0,"F","F",8,"F","F","F","",0,0,"N",0,"N",0,"N",0,0,0,0,"8","","","","F","F","F","F","F","F","F","F","F","","","","F","F","F","F","F","","","","",0,8,0,0,0,0,0,0,0,11,"BAL","CLE","BAL",0,"F","F",0,1,0,4,1,"T","F",0,0,"T","T","kuipd001","brigd101","T","T",0,0,0,0,0,0,0,0,0,"","","",0,0,0,0,0,0,0,0,0,0,0,0,0,"lopec101","F","F","F","F",0,0,0,0,0,0,0,0,0,0,F,F,"1978BAL.EVA.regular.event.csv",6083
"BAL197809280","CLE",2,0,2,0,0,"",0,1,"kuipd001","?","kuipd001","?","palmj001","?","palmj001","?","dempr001","murre001","dauer001","decid001","belam101","roeng001","lopec101","singk001","","","","6","F","F",4,6,2,"T","T",0,"F","F",1,"F","F",0,"F","F",6,"F","F","F","",0,0,"N",0,"N",0,"N",0,0,0,0,"6","","","","F","F","F","F","F","F","F","F","F","","","","F","F","F","F","F","","","","",0,6,0,0,0,0,0,0,0,12,"BAL","CLE","BAL",0,"F","T",0,1,0,5,2,"T","F",0,0,"T","T","brigd101","diazb001","T","T",0,0,0,0,0,0,0,0,0,"","","",0,0,0,0,0,0,0,0,0,0,0,0,0,"belam101","F","F","F","F",0,0,0,0,0,0,0,0,0,0,F,F,"1978BAL.EVA.regular.event.csv",6084
"BAL197809280","CLE",2,1,0,0,0,"",0,1,"dempr001","?","dempr001","?","hoodd101","?","hoodd101","?","diazb001","thora001","kuipd001","bellb001","grifa001","norrj101","mannr001","brigd101","","","","W","T","F",2,7,14,"T","F",0,"F","F",0,"F","F",0,"F","F",0,"","F","F","",0,0,"N",0,"N",0,"N",1,0,0,0,"","","","","F","F","F","F","F","F","F","F","F","","","","F","F","F","F","F","","","","",0,0,0,0,0,0,0,0,0,13,"BAL","BAL","CLE",1,"T","F",1,0,0,6,0,"T","F",0,1,"T","T","dauer001","belam101","T","T",0,0,0,0,0,0,0,0,0,"","","",0,0,0,0,0,0,0,0,0,0,0,0,0,"","F","F","F","F",0,0,0,0,0,0,0,0,0,0,F,F,"1978BAL.EVA.regular.event.csv",6085
"BAL197809280","CLE",2,1,0,0,0,"",0,1,"dauer001","?","dauer001","?","hoodd101","?","hoodd101","?","diazb001","thora001","kuipd001","bellb001","grifa001","norrj101","mannr001","brigd101","dempr001","","","46(1)3/GDP","F","F",4,8,2,"T","T",0,"F","F",2,"T","F",0,"F","F",4,"G","F","F","",0,0,"N",0,"N",0,"N",0,0,0,0,"63","46","","","F","F","F","F","F","F","F","F","F","hoodd101","","","F","F","F","F","F","","","","",0,6,3,0,4,6,0,0,0,14,"BAL","BAL","CLE",1,"F","F",1,0,0,7,1,"T","F",1,0,"T","T","belam101","lopec101","T","T",2,7,13,0,0,0,0,0,0,"diazb001","","",0,0,0,0,0,0,0,0,0,0,0,0,0,"kuipd001","T","F","F","F",0,0,0,0,0,0,0,0,0,0,F,F,"1978BAL.EVA.regular.event.csv",6086
"BAL197809280","CLE",2,1,2,0,0,"",0,1,"belam101","?","belam101","?","hoodd101","?","hoodd101","?","diazb001","thora001","kuipd001","bellb001","grifa001","norrj101","mannr001","brigd101","","","","3/P","F","F",6,9,2,"T","T",0,"F","F",1,"F","F",0,"F","F",3,"P","F","F","",0,0,"N",0,"N",0,"N",0,0,0,0,"3","","","","F","F","F","F","F","F","F","F","F","","","","F","F","F","F","F","","","","",0,3,0,0,0,0,0,0,0,15,"BAL","BAL","CLE",1,"F","T",1,0,0,8,2,"T","F",0,0,"T","T","lopec101","roeng001","T","T",0,0,0,0,0,0,0,0,0,"","","",0,0,0,0,0,0,0,0,0,0,0,0,0,"thora001","F","F","F","F",0,0,0,0,0,0,0,0,0,0,F,F,"1978BAL.EVA.regular.event.csv",6087
"BAL197809280","CLE",3,0,0,0,0,"",0,1,"brigd101","?","brigd101","?","palmj001","?","palmj001","?","dempr001","murre001","dauer001","decid001","belam101","roeng001","lopec101","singk001","","","","6","T","F",9,7,2,"T","T",0,"F","F",1,"F","F",0,"F","F",6,"F","F","F","",0,0,"N",0,"N",0,"N",0,0,0,0,"6","","","","F","F","F","F","F","F","F","F","F","","","","F","F","F","F","F","","","","",0,6,0,0,0,0,0,0,0,16,"BAL","CLE","BAL",0,"T","F",0,1,0,6,0,"T","F",0,0,"T","T","diazb001","grifa001","T","T",0,0,0,0,0,0,0,0,0,"","","",0,0,0,0,0,0,0,0,0,0,0,0,0,"belam101","F","F","F","F",0,0,0,0,0,0,0,0,0,0,F,F,"1978BAL.EVA.regular.event.csv",6088
"BAL197809280","CLE",3,0,1,0,0,"",0,1,"diazb001","?","diazb001","?","palmj001","?","palmj001","?","dempr001","murre001","dauer001","decid001","belam101","roeng001","lopec101","singk001","","","","8","F","F",2,8,2,"T","T",0,"F","F",1,"F","F",0,"F","F",8,"F","F","F","",0,0,"N",0,"N",0,"N",0,0,0,0,"8","","","","F","F","F","F","F","F","F","F","F","","","","F","F","F","F","F","","","","",0,8,0,0,0,0,0,0,0,17,"BAL","CLE","BAL",0,"F","F",0,1,0,7,1,"T","F",0,0,"T","T","grifa001","mannr001","T","T",0,0,0,0,0,0,0,0,0,"","","",0,0,0,0,0,0,0,0,0,0,0,0,0,"lopec101","F","F","F","F",0,0,0,0,0,0,0,0,0,0,F,F,"1978BAL.EVA.regular.event.csv",6089
"BAL197809280","CLE",3,0,2,0,0,"",0,1,"grifa001","?","grifa001","?","palmj001","?","palmj001","?","dempr001","murre001","dauer001","decid001","belam101","roeng001","lopec101","singk001","","","","S7","F","F",6,9,20,"T","T",1,"F","F",0,"F","F",0,"F","F",7,"","F","F","",0,0,"N",0,"N",0,"N",1,0,0,0,"","","","","F","F","F","F","F","F","F","F","F","","","","F","F","F","F","F","","","","",0,0,0,0,0,0,0,0,0,18,"BAL","CLE","BAL",0,"F","F",0,1,0,8,2,"T","F",0,1,"T","T","mannr001","norrj101","T","T",0,0,0,0,0,0,0,0,0,"","","",0,0,0,0,0,0,0,0,0,0,0,0,0,"roeng001","F","F","F","F",0,0,0,0,0,0,0,0,0,0,F,F,"1978BAL.EVA.regular.event.csv",6090
"BAL197809280","CLE",3,0,2,0,0,"",0,1,"mannr001","?","mannr001","?","palmj001","?","palmj001","?","dempr001","murre001","dauer001","decid001","belam101","roeng001","lopec101","singk001","grifa001","","","7","F","F",8,1,2,"T","T",0,"F","F",1,"F","F",0,"F","F",7,"F","F","F","",0,0,"N",0,"N",0,"N",0,1,0,0,"7","","","","F","F","F","F","F","F","F","F","F","palmj001","","","F","F","F","F","F","","","","",0,7,0,0,0,0,0,0,0,19,"BAL","CLE","BAL",0,"F","T",0,1,0,9,3,"T","F",1,1,"T","T","norrj101","bellb001","T","T",6,9,18,0,0,0,0,0,0,"dempr001","","",0,0,0,0,0,0,0,0,0,0,0,0,0,"roeng001","F","F","F","F",0,0,0,0,0,0,0,0,0,0,F,F,"1978BAL.EVA.regular.event.csv",6091
"BAL197809280","CLE",3,1,0,0,0,"",0,1,"lopec101","?","lopec101","?","hoodd101","?","hoodd101","?","diazb001","thora001","kuipd001","bellb001","grifa001","norrj101","mannr001","brigd101","","","","53","T","F",8,1,2,"T","T",0,"F","F",1,"F","F",0,"F","F",5,"G","F","F","",0,0,"N",0,"N",0,"N",0,0,0,0,"53","","","","F","F","F","F","F","F","F","F","F","","","","F","F","F","F","F","","","","",0,3,0,0,5,0,0,0,0,20,"BAL","BAL","CLE",1,"T","F",1,0,0,9,0,"T","F",0,0,"T","T","roeng001","singk001","T","T",0,0,0,0,0,0,0,0,0,"","","",0,0,0,0,0,0,0,0,0,0,0,0,0,"bellb001","F","F","F","F",0,0,0,0,0,0,0,0,0,0,F,F,"1978BAL.EVA.regular.event.csv",6092
"BAL197809280","CLE",3,1,1,0,0,"",0,1,"roeng001","?","roeng001","?","hoodd101","?","hoodd101","?","diazb001","thora001","kuipd001","bellb001","grifa001","norrj101","mannr001","brigd101","","","","4","F","F",7,2,2,"T","T",0,"F","F",1,"F","F",0,"F","F",4,"F","F","F","",0,0,"N",0,"N",0,"N",0,0,0,0,"4","","","","F","F","F","F","F","F","F","F","F","","","","F","F","F","F","F","","","","",0,4,0,0,0,0,0,0,0,21,"BAL","BAL","CLE",1,"F","F",1,0,0,10,1,"T","F",0,0,"T","T","singk001","murre001","T","T",0,0,0,0,0,0,0,0,0,"","","",0,0,0,0,0,0,0,0,0,0,0,0,0,"kuipd001","F","F","F","F",0,0,0,0,0,0,0,0,0,0,F,F,"1978BAL.EVA.regular.event.csv",6093
"BAL197809280","CLE",3,1,2,0,0,"",0,1,"singk001","?","singk001","?","hoodd101","?","hoodd101","?","diazb001","thora001","kuipd001","bellb001","grifa001","norrj101","mannr001","brigd101","","","","5/L","F","F",9,3,2,"T","T",0,"F","F",1,"F","F",0,"F","F",5,"L","F","F","",0,0,"N",0,"N",0,"N",0,0,0,0,"5","","","","F","F","F","F","F","F","F","F","F","","","","F","F","F","F","F","","","","",0,5,0,0,0,0,0,0,0,22,"BAL","BAL","CLE",1,"F","T",1,0,0,11,2,"T","F",0,0,"T","T","murre001","decid001","T","T",0,0,0,0,0,0,0,0,0,"","","",0,0,0,0,0,0,0,0,0,0,0,0,0,"bellb001","F","F","F","F",0,0,0,0,0,0,0,0,0,0,F,F,"1978BAL.EVA.regular.event.csv",6094
"BAL197809280","CLE",4,0,0,0,0,"",0,1,"norrj101","?","norrj101","?","palmj001","?","palmj001","?","dempr001","murre001","dauer001","decid001","belam101","roeng001","lopec101","singk001","","","","9","T","F",7,2,2,"T","T",0,"F","F",1,"F","F",0,"F","F",9,"F","F","F","",0,0,"N",0,"N",0,"N",0,0,0,0,"9","","","","F","F","F","F","F","F","F","F","F","","","","F","F","F","F","F","","","","",0,9,0,0,0,0,0,0,0,23,"BAL","CLE","BAL",0,"T","F",0,1,0,10,0,"T","F",0,0,"T","T","bellb001","thora001","T","T",0,0,0,0,0,0,0,0,0,"","","",0,0,0,0,0,0,0,0,0,0,0,0,0,"singk001","F","F","F","F",0,0,0,0,0,0,0,0,0,0,F,F,"1978BAL.EVA.regular.event.csv",6095
"BAL197809280","CLE",4,0,1,0,0,"",0,1,"bellb001","?","bellb001","?","palmj001","?","palmj001","?","dempr001","murre001","dauer001","decid001","belam101","roeng001","lopec101","singk001","","","","8/L","F","F",5,3,2,"T","T",0,"F","F",1,"F","F",0,"F","F",8,"L","F","F","",0,0,"N",0,"N",0,"N",0,0,0,0,"8","","","","F","F","F","F","F","F","F","F","F","","","","F","F","F","F","F","","","","",0,8,0,0,0,0,0,0,0,24,"BAL","CLE","BAL",0,"F","F",0,1,0,11,1,"T","F",0,0,"T","T","thora001","cagew101","T","T",0,0,0,0,0,0,0,0,0,"","","",0,0,0,0,0,0,0,0,0,0,0,0,0,"lopec101","F","F","F","F",0,0,0,0,0,0,0,0,0,0,F,F,"1978BAL.EVA.regular.event.csv",6096
"BAL197809280","CLE",4,0,2,0,0,"",0,1,"thora001","?","thora001","?","palmj001","?","palmj001","?","dempr001","murre001","dauer001","decid001","belam101","roeng001","lopec101","singk001","","","","K","F","F",3,4,3,"T","T",0,"F","F",1,"F","F",0,"F","F",0,"","F","F","",0,0,"N",0,"N",0,"N",0,0,0,0,"2","","","","F","F","F","F","F","F","F","F","F","","","","F","F","F","F","F","","","","",0,2,0,0,0,0,0,0,0,25,"BAL","CLE","BAL",0,"F","T",0,1,0,12,2,"T","F",0,0,"T","T","cagew101","kuipd001","T","T",0,0,0,0,0,0,0,0,0,"","","",0,0,0,0,0,0,0,0,0,0,0,0,0,"","F","F","F","F",0,0,0,0,0,0,0,0,0,0,F,F,"1978BAL.EVA.regular.event.csv",6097
"BAL197809280","CLE",4,1,0,0,0,"",0,1,"murre001","?","murre001","?","hoodd101","?","hoodd101","?","diazb001","thora001","kuipd001","bellb001","grifa001","norrj101","mannr001","brigd101","","","","53","T","F",3,4,2,"T","T",0,"F","F",1,"F","F",0,"F","F",5,"G","F","F","",0,0,"N",0,"N",0,"N",0,0,0,0,"53","","","","F","F","F","F","F","F","F","F","F","","","","F","F","F","F","F","","","","",0,3,0,0,5,0,0,0,0,26,"BAL","BAL","CLE",1,"T","F",1,0,0,12,0,"T","F",0,0,"T","T","decid001","may-l101","T","T",0,0,0,0,0,0,0,0,0,"","","",0,0,0,0,0,0,0,0,0,0,0,0,0,"bellb001","F","F","F","F",0,0,0,0,1,0,0,0,0,0,F,F,"1978BAL.EVA.regular.event.csv",6098
"BAL197809280","CLE",4,1,1,0,0,"",0,1,"decid001","?","decid001","?","hoodd101","?","hoodd101","?","diazb001","thora001","kuipd001","bellb001","grifa001","norrj101","mannr001","brigd101","","","","HR/7","F","F",5,5,23,"T","T",4,"F","F",0,"F","F",1,"F","F",0,"","F","F","7",0,0,"N",0,"N",0,"N",4,0,0,0,"","","","","F","F","F","F","F","F","F","F","F","","","","F","F","F","F","F","","","","",0,0,0,0,0,0,0,0,0,27,"BAL","BAL","CLE",1,"F","F",1,0,0,13,1,"T","F",0,0,"T","T","may-l101","dempr001","T","T",0,0,0,0,0,0,0,0,0,"","","",0,0,0,0,0,0,0,0,0,0,0,0,1,"","F","F","F","F",4,0,0,0,0,0,0,0,0,0,F,F,"1978BAL.EVA.regular.event.csv",6099
"BAL197809280","CLE",4,1,1,0,0,"",0,2,"may-l101","?","may-l101","?","hoodd101","?","hoodd101","?","diazb001","thora001","kuipd001","bellb001","grifa001","norrj101","mannr001","brigd101","","","","23","F","F",10,6,2,"T","T",0,"F","F",1,"F","F",0,"F","F",2,"G","F","F","",0,0,"N",0,"N",0,"N",0,0,0,0,"23","","","","F","F","F","F","F","F","F","F","F","","","","F","F","F","F","F","","","","",0,3,0,0,2,0,0,0,0,28,"BAL","BAL","CLE",1,"F","F",2,0,1,14,2,"T","F",0,0,"T","T","dempr001","dauer001","T","T",0,0,0,0,0,0,0,0,0,"","","",0,0,0,0,0,0,0,0,0,0,0,0,0,"diazb001","F","F","F","F",0,0,0,0,0,0,0,0,0,0,F,F,"1978BAL.EVA.regular.event.csv",6100
"BAL197809280","CLE",4,1,2,0,0,"",0,2,"dempr001","?","dempr001","?","hoodd101","?","hoodd101","?","diazb001","thora001","kuipd001","bellb001","grifa001","norrj101","mannr001","brigd101","","","","D7","F","F",2,7,21,"T","T",2,"F","F",0,"F","F",0,"F","F",7,"","F","F","",0,0,"N",0,"N",0,"N",2,0,0,0,"","","","","F","F","F","F","F","F","F","F","F","","","","F","F","F","F","F","","","","",0,0,0,0,0,0,0,0,0,29,"BAL","BAL","CLE",1,"F","F",2,0,1,15,3,"T","F",0,2,"T","T","dauer001","belam101","T","T",0,0,0,0,0,0,0,0,0,"","","",0,0,0,0,0,0,0,0,0,0,0,0,0,"norrj101","F","F","F","F",0,0,0,0,0,0,0,0,0,0,F,F,"1978BAL.EVA.regular.event.csv",6101
"BAL197809280","CLE",4,1,2,0,0,"",0,2,"dauer001","?","dauer001","?","hoodd101","?","hoodd101","?","diazb001","thora001","kuipd001","bellb001","grifa001","norrj101","mannr001","brigd101","","dempr001","","7","F","F",4,8,2,"T","T",0,"F","F",1,"F","F",0,"F","F",7,"F","F","F","",0,0,"N",0,"N",0,"N",0,0,2,0,"7","","","","F","F","F","F","F","F","F","F","F","","hoodd101","","F","F","F","F","F","","","","",0,7,0,0,0,0,0,0,0,30,"BAL","BAL","CLE",1,"F","T",2,0,1,16,4,"T","F",2,2,"T","T","belam101","lopec101","T","T",0,0,0,2,7,29,0,0,0,"","diazb001","",0,0,0,0,0,0,0,0,0,0,0,0,0,"norrj101","F","F","F","F",0,0,0,0,0,0,0,0,0,0,F,F,"1978BAL.EVA.regular.event.csv",6102
"BAL197809280","CLE",5,0,0,0,0,"",0,2,"cagew101","?","cagew101","?","palmj001","?","palmj001","?","dempr001","murre001","dauer001","decid001","belam101","roeng001","lopec101","singk001","","","","K","T","F",10,5,3,"T","T",0,"F","F",1,"F","F",0,"F","F",0,"","F","F","",0,0,"N",0,"N",0,"N",0,0,0,0,"2","","","","F","F","F","F","F","F","F","F","F","","","","F","F","F","F","F","","","","",0,2,0,0,0,0,0,0,0,31,"BAL","CLE","BAL",0,"T","F",0,2,0,13,0,"T","F",0,0,"T","T","kuipd001","brigd101","T","T",0,0,0,0,0,0,0,0,0,"","","",0,0,0,0,0,0,0,0,0,0,0,0,0,"","F","F","F","F",0,0,0,0,0,0,0,0,0,0,F,F,"1978BAL.EVA.regular.event.csv",6103
"BAL197809280","CLE",5,0,1,0,0,"",0,2,"kuipd001","?","kuipd001","?","palmj001","?","palmj001","?","dempr001","murre001","dauer001","decid001","belam101","roeng001","lopec101","singk001","","","","S7","F","F",4,6,20,"T","T",1,"F","F",0,"F","F",0,"F","F",7,"","F","F","",0,0,"N",0,"N",0,"N",1,0,0,0,"","","","","F","F","F","F","F","F","F","F","F","","","","F","F","F","F","F","","","","",0,0,0,0,0,0,0,0,0,32,"BAL","CLE","BAL",0,"F","F",0,2,0,14,1,"T","F",0,1,"T","T","brigd101","diazb001","T","T",0,0,0,0,0,0,0,0,0,"","","",0,0,0,0,0,0,0,0,0,0,0,0,0,"roeng001","F","F","F","F",0,0,0,0,0,0,0,0,0,0,F,F,"1978BAL.EVA.regular.event.csv",6104
"BAL197809280","CLE",5,0,1,0,0,"",0,2,"brigd101","?","brigd101","?","palmj001","?","palmj001","?","dempr001","murre001","dauer001","decid001","belam101","roeng001","lopec101","singk001","kuipd001","","","16(1)3/GDP","F","F",9,7,2,"T","T",0,"F","F",2,"T","F",0,"F","F",1,"G","F","F","",0,0,"N",0,"N",0,"N",0,0,0,0,"63","16","","","F","F","F","F","F","F","F","F","F","palmj001","","","F","F","F","F","F","","","","",0,6,3,0,1,6,0,0,0,33,"BAL","CLE","BAL",0,"F","T",0,2,0,15,2,"T","F",1,0,"T","T","diazb001","grifa001","T","T",4,6,32,0,0,0,0,0,0,"dempr001","","",0,0,0,0,0,0,0,0,0,0,0,0,0,"palmj001","T","F","F","F",0,0,0,0,0,0,0,0,0,0,F,F,"1978BAL.EVA.regular.event.csv",6105
"BAL197809280","CLE",5,1,0,0,0,"",0,2,"belam101","?","belam101","?","hoodd101","?","hoodd101","?","diazb001","thora001","kuipd001","bellb001","grifa001","norrj101","mannr001","brigd101","","","","5/L","T","F",6,9,2,"T","T",0,"F","F",1,"F","F",0,"F","F",5,"L","F","F","",0,0,"N",0,"N",0,"N",0,0,0,0,"5","","","","F","F","F","F","F","F","F","F","F","","","","F","F","F","F","F","","","","",0,5,0,0,0,0,0,0,0,34,"BAL","BAL","CLE",1,"T","F",2,0,0,17,0,"T","F",0,0,"T","T","lopec101","roeng001","T","T",0,0,0,0,0,0,0,0,0,"","","",0,0,0,0,0,0,0,0,0,0,0,0,0,"bellb001","F","F","F","F",0,0,0,0,0,0,0,0,0,0,F,F,"1978BAL.EVA.regular.event.csv",6106
"BAL197809280","CLE",5,1,1,0,0,"",0,2,"lopec101","?","lopec101","?","hoodd101","?","hoodd101","?","diazb001","thora001","kuipd001","bellb001","grifa001","norrj101","mannr001","brigd101","","","","53","F","F",8,1,2,"T","T",0,"F","F",1,"F","F",0,"F","F",5,"G","F","F","",0,0,"N",0,"N",0,"N",0,0,0,0,"53","","","","F","F","F","F","F","F","F","F","F","","","","F","F","F","F","F","","","","",0,3,0,0,5,0,0,0,0,35,"BAL","BAL","CLE",1,"F","F",2,0,0,18,1,"T","F",0,0,"T","T","roeng001","singk001","T","T",0,0,0,0,0,0,0,0,0,"","","",0,0,0,0,0,0,0,0,0,0,0,0,0,"bellb001","F","F","F","F",0,0,0,0,0,0,0,0,0,0,F,F,"1978BAL.EVA.regular.event.csv",6107
"BAL197809280","CLE",5,1,2,0,0,"",0,2,"roeng001","?","roeng001","?","hoodd101","?","hoodd101","?","diazb001","thora001","kuipd001","bellb001","grifa001","norrj101","mannr001","brigd101","","","","9","F","F",7,2,2,"T","T",0,"F","F",1,"F","F",0,"F","F",9,"F","F","F","",0,0,"N",0,"N",0,"N",0,0,0,0,"9","","","","F","F","F","F","F","F","F","F","F","","","","F","F","F","F","F","","","","",0,9,0,0,0,0,0,0,0,36,"BAL","BAL","CLE",1,"F","T",2,0,0,19,2,"T","F",0,0,"T","T","singk001","murre001","T","T",0,0,0,0,0,0,0,0,0,"","","",0,0,0,0,0,0,0,0,0,0,0,0,0,"brigd101","F","F","F","F",0,0,0,0,0,0,0,0,0,0,F,F,"1978BAL.EVA.regular.event.csv",6108
"BAL197809280","CLE",6,0,0,0,0,"",0,2,"diazb001","?","diazb001","?","palmj001","?","palmj001","?","dempr001","murre001","dauer001","decid001","belam101","roeng001","lopec101","singk001","","","","K","T","F",2,8,3,"T","T",0,"F","F",1,"F","F",0,"F","F",0,"","F","F","",0,0,"N",0,"N",0,"N",0,0,0,0,"2","","","","F","F","F","F","F","F","F","F","F","","","","F","F","F","F","F","","","","",0,2,0,0,0,0,0,0,0,37,"BAL","CLE","BAL",0,"T","F",0,2,0,16,0,"T","F",0,0,"T","T","grifa001","mannr001","T","T",0,0,0,0,0,0,0,0,0,"","","",0,0,0,0,0,0,0,0,0,0,0,0,0,"","F","F","F","F",0,0,0,0,0,0,0,0,0,0,F,F,"1978BAL.EVA.regular.event.csv",6109
"BAL197809280","CLE",6,0,1,0,0,"",0,2,"grifa001","?","grifa001","?","palmj001","?","palmj001","?","dempr001","murre001","dauer001","decid001","belam101","roeng001","lopec101","singk001","","","","W","F","F",6,9,14,"T","F",0,"F","F",0,"F","F",0,"F","F",0,"","F","F","",0,0,"N",0,"N",0,"N",1,0,0,0,"","","","","F","F","F","F","F","F","F","F","F","","","","F","F","F","F","F","","","","",0,0,0,0,0,0,0,0,0,38,"BAL","CLE","BAL",0,"F","F",0,2,0,17,1,"T","F",0,1,"T","T","mannr001","norrj101","T","T",0,0,0,0,0,0,0,0,0,"","","",0,0,0,0,0,0,0,0,0,0,0,0,0,"","F","F","F","F",0,0,0,0,0,0,0,0,0,0,F,F,"1978BAL.EVA.regular.event.csv",6110
"BAL197809280","CLE",6,0,1,0,0,"",0,2,"mannr001","?","mannr001","?","palmj001","?","palmj001","?","dempr001","murre001","dauer001","decid001","belam101","roeng001","lopec101","singk001","grifa001","","","8","F","F",8,1,2,"T","T",0,"F","F",1,"F","F",0,"F","F",8,"F","F","F","",0,0,"N",0,"N",0,"N",0,1,0,0,"8","","","","F","F","F","F","F","F","F","F","F","palmj001","","","F","F","F","F","F","","","","",0,8,0,0,0,0,0,0,0,39,"BAL","CLE","BAL",0,"F","F",0,2,0,18,2,"T","F",1,1,"T","T","norrj101","bellb001","T","T",6,9,38,0,0,0,0,0,0,"dempr001","","",0,0,0,0,0,0,0,0,0,0,0,0,0,"lopec101","F","F","F","F",0,0,0,0,0,0,0,0,0,0,F,F,"1978BAL.EVA.regular.event.csv",6111
"BAL197809280","CLE",6,0,2,0,0,"",0,2,"norrj101","?","norrj101","?","palmj001","?","palmj001","?","dempr001","murre001","dauer001","decid001","belam101","roeng001","lopec101","singk001","grifa001","","","63","F","F",7,2,2,"T","T",0,"F","F",1,"F","F",0,"F","F",6,"G","F","F","",0,0,"N",0,"N",0,"N",0,1,0,0,"63","","","","F","F","F","F","F","F","F","F","F","palmj001","","","F","F","F","F","F","","","","",0,3,0,0,6,0,0,0,0,40,"BAL","CLE","BAL",0,"F","T",0,2,0,19,3,"T","F",1,1,"T","T","bellb001","thora001","T","T",6,9,38,0,0,0,0,0,0,"dempr001","","",0,0,0,0,0,0,0,0,0,0,0,0,0,"belam101","F","F","F","F",0,0,0,0,0,0,0,0,0,0,F,F,"1978BAL.EVA.regular.event.csv",6112
"BAL197809280","CLE",6,1,0,0,0,"",0,2,"singk001","?","singk001","?","hoodd101","?","hoodd101","?","diazb001","thora001","kuipd001","bellb001","grifa001","norrj101","mannr001","brigd101","","","","53","T","F",9,3,2,"T","T",0,"F","F",1,"F","F",0,"F","F",5,"G","F","F","",0,0,"N",0,"N",0,"N",0,0,0,0,"53","","","","F","F","F","F","F","F","F","F","F","","","","F","F","F","F","F","","","","",0,3,0,0,5,0,0,0,0,41,"BAL","BAL","CLE",1,"T","F",2,0,0,20,0,"T","F",0,0,"T","T","murre001","decid001","T","T",0,0,0,0,0,0,0,0,0,"","","",0,0,0,0,0,0,0,0,0,0,0,0,0,"bellb001","F","F","F","F",0,0,0,0,0,0,0,0,0,0,F,F,"1978BAL.EVA.regular.event.csv",6113
"BAL197809280","CLE",6,1,1,0,0,"",0,2,"murre001","?","murre001","?","hoodd101","?","hoodd101","?","diazb001","thora001","kuipd001","bellb001","grifa001","norrj101","mannr001","brigd101","","","","53","F","F",3,4,2,"T","T",0,"F","F",1,"F","F",0,"F","F",5,"G","F","F","",0,0,"N",0,"N",0,"N",0,0,0,0,"53","","","","F","F","F","F","F","F","F","F","F","","","","F","F","F","F","F","","","","",0,3,0,0,5,0,0,0,0,42,"BAL","BAL","CLE",1,"F","F",2,0,0,21,1,"T","F",0,0,"T","T","decid001","may-l101","T","T",0,0,0,0,0,0,0,0,0,"","","",0,0,0,0,0,0,0,0,0,0,0,0,0,"bellb001","F","F","F","F",0,0,0,0,0,0,0,0,0,0,F,F,"1978BAL.EVA.regular.event.csv",6114
"BAL197809280","CLE",6,1,2,0,0,"",0,2,"decid001","?","decid001","?","hoodd101","?","hoodd101","?","diazb001","thora001","kuipd001","bellb001","grifa001","norrj101","mannr001","brigd101","","","","K","F","F",5,5,3,"T","T",0,"F","F",1,"F","F",0,"F","F",0,"","F","F","",0,0,"N",0,"N",0,"N",0,0,0,0,"2","","","","F","F","F","F","F","F","F","F","F","","","","F","F","F","F","F","","","","",0,2,0,0,0,0,0,0,0,43,"BAL","BAL","CLE",1,"F","T",2,0,0,22,2,"T","F",0,0,"T","T","may-l101","dempr001","T","T",0,0,0,0,0,0,0,0,0,"","","",0,0,0,0,0,0,0,0,0,0,0,0,0,"","F","F","F","F",0,0,0,0,0,0,0,0,0,0,F,F,"1978BAL.EVA.regular.event.csv",6115
"BAL197809280","CLE",7,0,0,0,0,"",0,2,"bellb001","?","bellb001","?","palmj001","?","palmj001","?","dempr001","murre001","dauer001","decid001","belam101","roeng001","lopec101","singk001","","","","9","T","F",5,3,2,"T","T",0,"F","F",1,"F","F",0,"F","F",9,"F","F","F","",0,0,"N",0,"N",0,"N",0,0,0,0,"9","","","","F","F","F","F","F","F","F","F","F","","","","F","F","F","F","F","","","","",0,9,0,0,0,0,0,0,0,44,"BAL","CLE","BAL",0,"T","F",0,2,0,20,0,"T","F",0,0,"T","T","thora001","cagew101","T","T",0,0,0,0,0,0,0,0,0,"","","",0,0,0,0,0,0,0,0,0,0,0,0,0,"singk001","F","F","F","F",0,0,0,0,0,0,0,0,0,0,F,F,"1978BAL.EVA.regular.event.csv",6116
"BAL197809280","CLE",7,0,1,0,0,"",0,2,"thora001","?","thora001","?","palmj001","?","palmj001","?","dempr001","murre001","dauer001","decid001","belam101","roeng001","lopec101","singk001","","","","53","F","F",3,4,2,"T","T",0,"F","F",1,"F","F",0,"F","F",5,"G","F","F","",0,0,"N",0,"N",0,"N",0,0,0,0,"53","","","","F","F","F","F","F","F","F","F","F","","","","F","F","F","F","F","","","","",0,3,0,0,5,0,0,0,0,45,"BAL","CLE","BAL",0,"F","F",0,2,0,21,1,"T","F",0,0,"T","T","cagew101","kuipd001","T","T",0,0,0,0,0,0,0,0,0,"","","",0,0,0,0,0,0,0,0,0,0,0,0,0,"decid001","F","F","F","F",0,0,0,0,0,0,0,0,0,0,F,F,"1978BAL.EVA.regular.event.csv",6117
"BAL197809280","CLE",7,0,2,0,0,"",0,2,"cagew101","?","cagew101","?","palmj001","?","palmj001","?","dempr001","murre001","dauer001","decid001","belam101","roeng001","lopec101","singk001","","","","63","F","F",10,5,2,"T","T",0,"F","F",1,"F","F",0,"F","F",6,"G","F","F","",0,0,"N",0,"N",0,"N",0,0,0,0,"63","","","","F","F","F","F","F","F","F","F","F","","","","F","F","F","F","F","","","","",0,3,0,0,6,0,0,0,0,46,"BAL","CLE","BAL",0,"F","T",0,2,0,22,2,"T","F",0,0,"T","T","kuipd001","brigd101","T","T",0,0,0,0,0,0,0,0,0,"","","",0,0,0,0,0,0,0,0,0,0,0,0,0,"belam101","F","F","F","F",0,0,0,0,0,0,0,0,0,0,F,F,"1978BAL.EVA.regular.event.csv",6118
"BAL197809280","CLE",7,1,0,0,0,"",0,2,"may-l101","?","may-l101","?","hoodd101","?","hoodd101","?","diazb001","thora001","kuipd001","bellb001","grifa001","norrj101","mannr001","brigd101","","","","K","T","F",10,6,3,"T","T",0,"F","F",1,"F","F",0,"F","F",0,"","F","F","",0,0,"N",0,"N",0,"N",0,0,0,0,"2","","","","F","F","F","F","F","F","F","F","F","","","","F","F","F","F","F","","","","",0,2,0,0,0,0,0,0,0,47,"BAL","BAL","CLE",1,"T","F",2,0,0,23,0,"T","F",0,0,"T","T","dempr001","dauer001","T","T",0,0,0,0,0,0,0,0,0,"","","",0,0,0,0,0,0,0,0,0,0,0,0,0,"","F","F","F","F",0,0,0,0,0,0,0,0,0,0,F,F,"1978BAL.EVA.regular.event.csv",6119
"BAL197809280","CLE",7,1,1,0,0,"",0,2,"dempr001","?","dempr001","?","hoodd101","?","hoodd101","?","diazb001","thora001","kuipd001","bellb001","grifa001","norrj101","mannr001","brigd101","","","","9","F","F",2,7,2,"T","T",0,"F","F",1,"F","F",0,"F","F",9,"F","F","F","",0,0,"N",0,"N",0,"N",0,0,0,0,"9","","","","F","F","F","F","F","F","F","F","F","","","","F","F","F","F","F","","","","",0,9,0,0,0,0,0,0,0,48,"BAL","BAL","CLE",1,"F","F",2,0,0,24,1,"T","F",0,0,"T","T","dauer001","belam101","T","T",0,0,0,0,0,0,0,0,0,"","","",0,0,0,0,0,0,0,0,0,0,0,0,0,"brigd101","F","F","F","F",0,0,0,0,0,0,0,0,0,0,F,F,"1978BAL.EVA.regular.event.csv",6120
"BAL197809280","CLE",7,1,2,0,0,"",0,2,"dauer001","?","dauer001","?","hoodd101","?","hoodd101","?","diazb001","thora001","kuipd001","bellb001","grifa001","norrj101","mannr001","brigd101","","","","9","F","F",4,8,2,"T","T",0,"F","F",1,"F","F",0,"F","F",9,"F","F","F","",0,0,"N",0,"N",0,"N",0,0,0,0,"9","","","","F","F","F","F","F","F","F","F","F","","","","F","F","F","F","F","","","","",0,9,0,0,0,0,0,0,0,49,"BAL","BAL","CLE",1,"F","T",2,0,0,25,2,"T","F",0,0,"T","T","belam101","lopec101","T","T",0,0,0,0,0,0,0,0,0,"","","",0,0,0,0,0,0,0,0,0,0,0,0,0,"brigd101","F","F","F","F",0,0,0,0,0,0,0,0,0,0,F,F,"1978BAL.EVA.regular.event.csv",6121
"BAL197809280","CLE",8,0,0,0,0,"",0,2,"kuipd001","?","kuipd001","?","palmj001","?","palmj001","?","dempr001","murre001","dauer001","decid001","belam101","roeng001","lopec101","singk001","","","","8","T","F",4,6,2,"T","T",0,"F","F",1,"F","F",0,"F","F",8,"F","F","F","",0,0,"N",0,"N",0,"N",0,0,0,0,"8","","","","F","F","F","F","F","F","F","F","F","","","","F","F","F","F","F","","","","",0,8,0,0,0,0,0,0,0,50,"BAL","CLE","BAL",0,"T","F",0,2,0,23,0,"T","F",0,0,"T","T","brigd101","diazb001","T","T",0,0,0,0,0,0,0,0,0,"","","",0,0,0,0,0,0,0,0,0,0,0,0,0,"lopec101","F","F","F","F",0,0,0,0,0,0,0,0,0,0,F,F,"1978BAL.EVA.regular.event.csv",6122
"BAL197809280","CLE",8,0,1,0,0,"",0,2,"brigd101","?","brigd101","?","palmj001","?","palmj001","?","dempr001","murre001","dauer001","decid001","belam101","roeng001","lopec101","singk001","","","","8","F","F",9,7,2,"T","T",0,"F","F",1,"F","F",0,"F","F",8,"F","F","F","",0,0,"N",0,"N",0,"N",0,0,0,0,"8","","","","F","F","F","F","F","F","F","F","F","","","","F","F","F","F","F","","","","",0,8,0,0,0,0,0,0,0,51,"BAL","CLE","BAL",0,"F","F",0,2,0,24,1,"T","F",0,0,"T","T","diazb001","grifa001","T","T",0,0,0,0,0,0,0,0,0,"","","",0,0,0,0,0,0,0,0,0,0,0,0,0,"lopec101","F","F","F","F",0,0,0,0,0,0,0,0,0,0,F,F,"1978BAL.EVA.regular.event.csv",6123
"BAL197809280","CLE",8,0,2,0,0,"",0,2,"pruir101","?","pruir101","?","palmj001","?","palmj001","?","dempr001","murre001","dauer001","decid001","belam101","roeng001","lopec101","singk001","","","","K","F","T",11,8,3,"T","T",0,"F","F",1,"F","F",0,"F","F",0,"","F","F","",0,0,"N",0,"N",0,"N",0,0,0,0,"2","","","","F","F","F","F","F","F","F","F","F","","","","F","F","F","F","F","","","","diazb001",2,2,0,0,0,0,0,0,0,52,"BAL","CLE","BAL",0,"F","T",0,2,0,25,2,"T","F",0,0,"F","F","grifa001","mannr001","T","T",0,0,0,0,0,0,0,0,0,"","","",0,0,0,0,0,0,0,0,0,0,0,0,0,"","F","F","F","F",0,0,0,0,0,0,0,0,0,0,F,F,"1978BAL.EVA.regular.event.csv",6124
"BAL197809280","CLE",8,1,0,0,0,"",0,2,"belam101","?","belam101","?","hoodd101","?","hoodd101","?","pruir101","thora001","kuipd001","bellb001","grifa001","norrj101","mannr001","brigd101","","","","D7","T","F",6,9,21,"T","T",2,"F","F",0,"F","F",0,"F","F",7,"","F","F","",0,0,"N",0,"N",0,"N",2,0,0,0,"","","","","F","F","F","F","F","F","F","F","F","","","","F","F","F","F","F","","","","",0,0,0,0,0,0,0,0,0,53,"BAL","BAL","CLE",1,"T","F",2,0,0,26,0,"T","F",0,2,"T","T","lopec101","roeng001","T","T",0,0,0,0,0,0,0,0,0,"","","",0,0,0,0,0,0,0,0,0,0,0,0,0,"norrj101","F","F","F","F",4,0,0,0,1,0,0,0,0,0,F,F,"1978BAL.EVA.regular.event.csv",6125
"BAL197809280","CLE",8,1,0,0,0,"",0,2,"lopec101","?","lopec101","?","hoodd101","?","hoodd101","?","pruir101","thora001","kuipd001","bellb001","grifa001","norrj101","mannr001","brigd101","","belam101","","63","F","F",8,1,2,"T","T",0,"F","F",1,"F","F",0,"F","F",6,"G","F","F","",0,0,"N",0,"N",0,"N",0,0,2,0,"63","","","","F","F","F","F","F","F","F","F","F","","hoodd101","","F","F","F","F","F","","","","",0,3,0,0,6,0,0,0,0,54,"BAL","BAL","CLE",1,"F","F",2,0,0,27,1,"T","F",2,2,"T","T","roeng001","singk001","T","T",0,0,0,6,9,53,0,0,0,"","pruir101","",0,0,0,0,0,0,0,0,0,0,0,0,0,"grifa001","F","F","F","F",0,0,4,0,1,0,0,0,0,0,F,F,"1978BAL.EVA.regular.event.csv",6126
"BAL197809280","CLE",8,1,1,0,0,"",0,2,"roeng001","?","roeng001","?","hoodd101","?","hoodd101","?","pruir101","thora001","kuipd001","bellb001","grifa001","norrj101","mannr001","brigd101","","belam101","","53.2-3","F","F",7,2,2,"T","T",0,"F","F",1,"F","F",0,"F","F",5,"G","F","F","",0,0,"N",0,"N",0,"N",0,0,3,0,"53","","","","F","F","F","F","F","F","F","F","F","","hoodd101","","F","F","F","F","F","","","","",0,3,0,0,5,0,0,0,0,55,"BAL","BAL","CLE",1,"F","F",2,0,0,28,2,"T","F",2,4,"T","T","singk001","murre001","T","T",0,0,0,6,9,53,0,0,0,"","pruir101","",0,0,0,0,0,0,0,0,0,0,0,0,0,"bellb001","F","F","F","F",0,0,4,0,1,0,0,0,0,0,F,F,"1978BAL.EVA.regular.event.csv",6127
"BAL197809280","CLE",8,1,2,0,0,"",0,2,"singk001","?","singk001","?","hoodd101","?","hoodd101","?","pruir101","thora001","kuipd001","bellb001","grifa001","norrj101","mannr001","brigd101","","","belam101","S7.3-H;BX2(753)","F","F",9,3,20,"T","T",1,"F","F",1,"F","F",1,"F","F",7,"","F","F","",0,0,"N",0,"N",0,"N",0,0,0,4,"753","","","","F","F","F","F","F","F","F","F","F","","","hoodd101","F","F","F","F","F","","","","",0,3,0,0,7,5,0,0,0,56,"BAL","BAL","CLE",1,"F","T",2,0,0,29,3,"T","F",4,0,"T","T","murre001","decid001","T","T",0,0,0,0,0,0,6,9,53,"","","pruir101",0,0,0,0,0,0,0,0,0,0,0,0,1,"norrj101","F","F","F","F",0,0,0,4,0,0,0,0,0,0,F,F,"1978BAL.EVA.regular.event.csv",6128
"BAL197809280","CLE",9,0,0,0,0,"",0,3,"grifa001","?","grifa001","?","palmj001","?","palmj001","?","dempr001","murre001","dauer001","decid001","belam101","andem101","harll101","lopec101","","","","W","T","F",6,9,14,"T","F",0,"F","F",0,"F","F",0,"F","F",0,"","F","F","",0,0,"N",0,"N",0,"N",1,0,0,0,"","","","","F","F","F","F","F","F","F","F","F","","","","F","F","F","F","F","","","","",0,0,0,0,0,0,0,0,0,57,"BAL","CLE","BAL",0,"T","F",0,3,0,26,0,"T","F",0,1,"T","T","mannr001","norrj101","T","T",0,0,0,0,0,0,0,0,0,"","","",0,0,0,0,0,0,0,0,0,0,0,0,0,"","F","F","F","F",4,0,0,0,2,0,0,0,0,0,F,F,"1978BAL.EVA.regular.event.csv",6129
"BAL197809280","CLE",9,0,0,0,0,"",0,3,"mannr001","?","mannr001","?","palmj001","?","palmj001","?","dempr001","murre001","dauer001","decid001","belam101","andem101","harll101","lopec101","grifa001","","","S7.1-2","F","F",8,1,20,"T","T",1,"F","F",0,"F","F",0,"F","F",7,"","F","F","",0,0,"N",0,"N",0,"N",1,2,0,0,"","","","","F","F","F","F","F","F","F","F","F","palmj001","","","F","F","F","F","F","","","","",0,0,0,0,0,0,0,0,0,58,"BAL","CLE","BAL",0,"F","F",0,3,0,27,1,"T","F",1,3,"T","T","norrj101","bellb001","T","T",6,9,57,0,0,0,0,0,0,"dempr001","","",0,0,0,0,0,0,0,0,0,0,0,0,0,"andem101","F","F","F","F",4,4,0,0,2,0,0,0,0,0,F,F,"1978BAL.EVA.regular.event.csv",6130
"BAL197809280","CLE",9,0,0,0,0,"",0,3,"norrj101","?","norrj101","?","palmj001","?","palmj001","?","dempr001","murre001","dauer001","decid001","belam101","andem101","harll101","lopec101","mannr001","grifa001","","S8.2-H;1-2","F","F",7,2,20,"T","T",1,"F","F",0,"F","F",1,"F","F",8,"","F","F","",0,0,"N",0,"N",0,"N",1,2,4,0,"","","","","F","F","F","F","F","F","F","F","F","palmj001","palmj001","","F","F","F","F","F","","","","",0,0,0,0,0,0,0,0,0,59,"BAL","CLE","BAL",0,"F","F",0,3,0,28,2,"T","F",3,3,"T","T","bellb001","thora001","T","T",8,1,58,6,9,57,0,0,0,"dempr001","dempr001","",0,0,0,0,0,0,0,0,0,0,0,0,1,"harll101","F","F","F","F",2,4,4,0,1,0,0,0,0,0,F,F,"1978BAL.EVA.regular.event.csv",6131
"BAL197809280","CLE",9,0,0,0,0,"",1,3,"bellb001","?","bellb001","?","stand101","?","stand101","?","dempr001","murre001","dauer001","decid001","belam101","andem101","harll101","lopec101","norrj101","mannr001","","13/SH.2-3;1-2","F","F",5,3,2,"T","F",0,"T","F",1,"F","F",0,"F","F",1,"G","T","F","",0,0,"N",0,"N",0,"N",0,2,3,0,"13","","","","F","F","F","F","F","F","F","F","F","palmj001","palmj001","","F","F","F","F","F","","","","",0,3,0,0,1,0,0,0,0,60,"BAL","CLE","BAL",0,"F","F",1,3,1,29,3,"T","F",3,6,"T","T","thora001","cagew101","F","F",7,2,59,8,1,58,0,0,0,"dempr001","dempr001","",0,0,0,0,0,0,0,0,0,0,0,0,0,"stand101","F","F","F","F",0,2,4,0,1,0,0,0,0,0,F,F,"1978BAL.EVA.regular.event.csv",6132
"BAL197809280","CLE",9,0,1,0,0,"",1,3,"thora001","?","thora001","?","stand101","?","stand101","?","dempr001","murre001","dauer001","decid001","belam101","andem101","harll101","lopec101","","norrj101","mannr001","8/SF.3-H","F","F",3,4,2,"T","F",0,"F","T",1,"F","F",1,"F","F",8,"F","F","F","",0,0,"N",0,"N",0,"N",0,0,2,4,"8","","","","F","F","F","F","F","F","F","F","F","","palmj001","palmj001","F","F","F","F","F","","","","",0,8,0,0,0,0,0,0,0,61,"BAL","CLE","BAL",0,"F","F",1,3,1,30,4,"T","F",6,2,"T","T","cagew101","kuipd001","F","F",0,0,0,7,2,59,8,1,58,"","dempr001","dempr001",0,0,0,0,0,0,0,0,0,0,0,0,1,"harll101","F","F","F","F",0,0,2,4,0,0,0,0,0,0,F,F,"1978BAL.EVA.regular.event.csv",6133
"BAL197809280","CLE",9,0,2,0,0,"",2,3,"cagew101","?","cagew101","?","stand101","?","stand101","?","dempr001","murre001","dauer001","decid001","belam101","andem101","harll101","lopec101","","norrj101","","W","F","F",10,5,14,"T","F",0,"F","F",0,"F","F",0,"F","F",0,"","F","F","",0,0,"N",0,"N",0,"N",1,0,2,0,"","","","","F","F","F","F","F","F","F","F","F","","palmj001","","F","F","F","F","F","","","","",0,0,0,0,0,0,0,0,0,62,"BAL","CLE","BAL",0,"F","F",2,3,2,31,5,"T","F",2,3,"T","T","kuipd001","brigd101","F","F",0,0,0,7,2,59,0,0,0,"","dempr001","",0,0,0,0,0,0,0,0,0,0,0,0,0,"","F","F","F","F",1,0,2,0,0,0,0,0,0,0,F,F,"1978BAL.EVA.regular.event.csv",6134
"BAL197809280","CLE",9,0,2,0,0,"",2,3,"kuipd001","?","kuipd001","?","stand101","?","stand101","?","dempr001","murre001","dauer001","decid001","belam101","andem101","harll101","lopec101","cagew101","norrj101","","43","F","F",4,6,2,"T","T",0,"F","F",1,"F","F",0,"F","F",4,"G","F","F","",0,0,"N",0,"N",0,"N",0,1,2,0,"43","","","","F","F","F","F","F","F","F","F","F","stand101","palmj001","","F","T","F","F","F","","","","",0,3,0,0,4,0,0,0,0,63,"BAL","CLE","BAL",0,"F","T",2,3,2,32,6,"T","F",3,3,"T","T","brigd101","pruir101","F","F",10,5,62,7,2,59,0,0,0,"dempr001","dempr001","",0,0,0,0,0,0,0,0,0,0,0,0,0,"dauer001","F","F","F","F",0,1,2,0,0,0,0,0,0,0,F,F,"1978BAL.EVA.regular.event.csv",6135
