"GAME_ID","INN_CT","BAT_HOME_ID","SUB_ID","SUB_HOME_ID","SUB_LINEUP_ID","SUB_FLD_CD","REMOVED_ID","REMOVED_FLD_CD","EVENT_ID","FILENAME_TX","LINE_NUMBER_CT"
"CHN201104010",7,0,"russj003",1,9,1,"dempr002",1,56,"2011CHN.EVN.regular.sub.csv",2
"CHN201104010",7,1,"colvt001",1,9,11,"russj003",1,58,"2011CHN.EVN.regular.sub.csv",3
"CHN201104010",7,1,"olsog003",0,9,1,"corrk001",1,58,"2011CHN.EVN.regular.sub.csv",4
"CHN201104010",7,1,"veraj001",0,9,1,"olsog003",1,61,"2011CHN.EVN.regular.sub.csv",5
"CHN201104010",8,0,"grabj002",1,9,1,"colvt001",11,64,"2011CHN.EVN.regular.sub.csv",6
"CHN201104010",8,0,"diazm003",0,7,11,"joneg002",9,66,"2011CHN.EVN.regular.sub.csv",7
"CHN201104010",8,1,"diazm003",0,7,9,"diazm003",11,68,"2011CHN.EVN.regular.sub.csv",8
"CHN201104010",8,1,"meeke001",0,9,1,"veraj001",1,68,"2011CHN.EVN.regular.sub.csv",9
"CHN201104010",9,0,"samaj001",1,9,1,"grabj002",1,72,"2011CHN.EVN.regular.sub.csv",10
"CHN201104010",9,0,"bowkj001",0,9,11,"meeke001",1,72,"2011CHN.EVN.regular.sub.csv",11
"CHN201104010",9,1,"hanrj001",0,9,1,"bowkj001",11,78,"2011CHN.EVN.regular.sub.csv",12
"CHN201104010",9,1,"dewib001",1,9,11,"samaj001",1,78,"2011CHN.EVN.regular.sub.csv",13
"CHN201104020",7,0,"woodk002",1,9,1,"zambc001",1,48,"2011CHN.EVN.regular.sub.csv",14
"CHN201104020",7,1,"johnr008",1,9,11,"woodk002",1,55,"2011CHN.EVN.regular.sub.csv",15
"CHN201104020",7,1,"veraj001",0,9,1,"mahop002",1,55,"2011CHN.EVN.regular.sub.csv",16
"CHN201104020",8,0,"marss002",1,9,1,"johnr008",11,56,"2011CHN.EVN.regular.sub.csv",17
"CHN201104020",8,1,"meeke001",0,9,1,"veraj001",1,59,"2011CHN.EVN.regular.sub.csv",18
"CHN201104020",8,1,"fukuk001",1,1,11,"bakej001",4,59,"2011CHN.EVN.regular.sub.csv",19
"CHN201104020",8,1,"resoc001",0,9,1,"meeke001",1,67,"2011CHN.EVN.regular.sub.csv",20
"CHN201104020",8,1,"dewib001",1,9,11,"marss002",1,68,"2011CHN.EVN.regular.sub.csv",21
"CHN201104020",9,0,"fukuk001",1,1,9,"fukuk001",11,70,"2011CHN.EVN.regular.sub.csv",22
"CHN201104020",9,0,"marmc001",1,7,1,"soria001",7,70,"2011CHN.EVN.regular.sub.csv",23
"CHN201104020",9,0,"colvt001",1,8,7,"colvt001",9,70,"2011CHN.EVN.regular.sub.csv",24
"CHN201104020",9,0,"barnd001",1,9,4,"dewib001",11,70,"2011CHN.EVN.regular.sub.csv",25
"CHN201104030",7,1,"crotm001",0,9,1,"ohler001",1,63,"2011CHN.EVN.regular.sub.csv",26
"CHN201104030",8,0,"woodk002",1,9,1,"garzm001",1,66,"2011CHN.EVN.regular.sub.csv",27
"CHN201104030",8,0,"bowkj001",0,9,11,"crotm001",1,69,"2011CHN.EVN.regular.sub.csv",28
"CHN201104030",8,1,"karsj001",0,9,1,"bowkj001",11,71,"2011CHN.EVN.regular.sub.csv",29
"CHN201104030",9,0,"marmc001",1,7,1,"soria001",7,74,"2011CHN.EVN.regular.sub.csv",30
"CHN201104030",9,0,"johnr008",1,9,7,"woodk002",1,74,"2011CHN.EVN.regular.sub.csv",31
"CHN201104030",9,1,"hanrj001",0,9,1,"karsj001",1,79,"2011CHN.EVN.regular.sub.csv",32
"CHN201104040",7,0,"marss002",1,9,1,"wellr001",1,56,"2011CHN.EVN.regular.sub.csv",33
"CHN201104040",7,0,"nadyx001",0,9,11,"saunj001",1,57,"2011CHN.EVN.regular.sub.csv",34
"CHN201104040",7,0,"matem001",1,9,1,"marss002",1,57,"2011CHN.EVN.regular.sub.csv",35
"CHN201104040",7,0,"miraj001",0,9,11,"nadyx001",11,57,"2011CHN.EVN.regular.sub.csv",36
"CHN201104040",7,0,"grabj002",1,8,1,"fukuk001",9,59,"2011CHN.EVN.regular.sub.csv",37
"CHN201104040",7,0,"colvt001",1,9,9,"matem001",1,59,"2011CHN.EVN.regular.sub.csv",38
"CHN201104040",7,1,"mickk001",0,9,1,"miraj001",11,60,"2011CHN.EVN.regular.sub.csv",39
"CHN201104040",8,0,"woodk002",1,8,1,"grabj002",1,63,"2011CHN.EVN.regular.sub.csv",40
"CHN201104040",8,1,"patej001",0,9,1,"mickk001",1,72,"2011CHN.EVN.regular.sub.csv",41
"CHN201104040",8,1,"johnr008",1,6,11,"penac001",3,72,"2011CHN.EVN.regular.sub.csv",42
"CHN201104040",8,1,"hernd002",0,9,1,"patej001",1,73,"2011CHN.EVN.regular.sub.csv",43
"CHN201104040",8,1,"barnd001",1,8,11,"woodk002",1,74,"2011CHN.EVN.regular.sub.csv",44
"CHN201104040",9,0,"bakej001",1,1,3,"bakej001",4,75,"2011CHN.EVN.regular.sub.csv",45
"CHN201104040",9,0,"johnr008",1,6,7,"johnr008",11,75,"2011CHN.EVN.regular.sub.csv",46
"CHN201104040",9,0,"marmc001",1,7,1,"soria001",7,75,"2011CHN.EVN.regular.sub.csv",47
"CHN201104040",9,0,"barnd001",1,8,4,"barnd001",11,75,"2011CHN.EVN.regular.sub.csv",48
"CHN201104040",9,0,"drews001",0,9,11,"hernd002",1,75,"2011CHN.EVN.regular.sub.csv",49
"CHN201104050",6,0,"samaj001",1,9,1,"casha001",1,41,"2011CHN.EVN.regular.sub.csv",50
"CHN201104050",7,0,"matem001",1,9,1,"samaj001",1,51,"2011CHN.EVN.regular.sub.csv",51
"CHN201104050",7,0,"branr001",0,9,11,"enrib001",1,53,"2011CHN.EVN.regular.sub.csv",52
"CHN201104050",7,0,"russj003",1,7,1,"barnd001",4,53,"2011CHN.EVN.regular.sub.csv",53
"CHN201104050",7,0,"bakej001",1,9,4,"matem001",1,53,"2011CHN.EVN.regular.sub.csv",54
"CHN201104050",7,1,"demes001",0,9,1,"branr001",11,56,"2011CHN.EVN.regular.sub.csv",55
"CHN201104050",7,1,"patej001",0,9,1,"demes001",1,61,"2011CHN.EVN.regular.sub.csv",56
"CHN201104050",7,1,"gutij002",0,9,1,"patej001",1,62,"2011CHN.EVN.regular.sub.csv",57
"CHN201104050",8,1,"hernd002",0,9,1,"gutij002",1,67,"2011CHN.EVN.regular.sub.csv",58
"CHN201104050",9,0,"marss002",1,1,1,"fukuk001",9,71,"2011CHN.EVN.regular.sub.csv",59
"CHN201104050",9,0,"johnr008",1,7,9,"russj003",1,71,"2011CHN.EVN.regular.sub.csv",60
"CHN201104050",9,0,"moram002",0,8,11,"parrg001",7,73,"2011CHN.EVN.regular.sub.csv",61
"CHN201104050",9,0,"nadyx001",0,9,11,"hernd002",1,74,"2011CHN.EVN.regular.sub.csv",62
"CHN201104060",7,1,"barnd001",1,9,11,"dempr002",1,57,"2011CHN.EVN.regular.sub.csv",63
"CHN201104060",8,0,"grabj002",1,9,1,"barnd001",11,58,"2011CHN.EVN.regular.sub.csv",64
"CHN201104060",8,1,"gutij002",0,9,1,"galaa002",1,63,"2011CHN.EVN.regular.sub.csv",65
"CHN201104060",9,0,"nadyx001",0,9,11,"gutij002",1,69,"2011CHN.EVN.regular.sub.csv",66
"CHN201104060",9,0,"matem001",1,9,1,"grabj002",1,70,"2011CHN.EVN.regular.sub.csv",67
"CHN201104060",9,1,"putzj001",0,9,1,"nadyx001",11,73,"2011CHN.EVN.regular.sub.csv",68
"CHN201104060",9,1,"bakej001",1,9,11,"matem001",1,75,"2011CHN.EVN.regular.sub.csv",69
"CHN201104180",8,0,"hawpb001",0,9,11,"staut001",1,53,"2011CHN.EVN.regular.sub.csv",70
"CHN201104180",8,1,"adamm001",0,9,1,"hawpb001",11,54,"2011CHN.EVN.regular.sub.csv",71
"CHN201104180",8,1,"dewib001",1,9,11,"zambc001",1,54,"2011CHN.EVN.regular.sub.csv",72
"CHN201104180",9,0,"marss002",1,9,1,"dewib001",11,57,"2011CHN.EVN.regular.sub.csv",73
"CHN201104180",9,0,"denoc001",0,1,11,"venaw001",9,57,"2011CHN.EVN.regular.sub.csv",74
"CHN201104180",9,0,"marmc001",1,9,1,"marss002",1,60,"2011CHN.EVN.regular.sub.csv",75
"CHN201104180",9,1,"denoc001",0,1,9,"denoc001",11,62,"2011CHN.EVN.regular.sub.csv",76
"CHN201104180",9,1,"gregl001",0,9,1,"adamm001",1,62,"2011CHN.EVN.regular.sub.csv",77
"CHN201104180",10,0,"patte001",0,9,11,"gregl001",1,68,"2011CHN.EVN.regular.sub.csv",78
"CHN201104180",10,1,"qualc001",0,9,1,"patte001",11,69,"2011CHN.EVN.regular.sub.csv",79
"CHN201104180",10,1,"colvt001",1,9,11,"marmc001",1,72,"2011CHN.EVN.regular.sub.csv",80
"CHN201104201",7,0,"grabj002",1,9,1,"garzm001",1,50,"2011CHN.EVN.regular.sub.csv",81
"CHN201104201",7,0,"denoc001",0,8,11,"patte001",8,50,"2011CHN.EVN.regular.sub.csv",82
"CHN201104201",7,0,"maybc001",0,9,11,"mosed001",1,51,"2011CHN.EVN.regular.sub.csv",83
"CHN201104201",7,0,"matem001",1,9,1,"grabj002",1,54,"2011CHN.EVN.regular.sub.csv",84
"CHN201104201",7,0,"marss002",1,6,1,"soria001",7,55,"2011CHN.EVN.regular.sub.csv",85
"CHN201104201",7,0,"colvt001",1,7,7,"colvt001",9,55,"2011CHN.EVN.regular.sub.csv",86
"CHN201104201",7,0,"fukuk001",1,9,9,"matem001",1,55,"2011CHN.EVN.regular.sub.csv",87
"CHN201104201",7,1,"neshp001",0,8,1,"denoc001",11,57,"2011CHN.EVN.regular.sub.csv",88
"CHN201104201",7,1,"maybc001",0,9,8,"maybc001",11,57,"2011CHN.EVN.regular.sub.csv",89
"CHN201104201",8,1,"luebc001",0,8,1,"neshp001",1,67,"2011CHN.EVN.regular.sub.csv",90
"CHN201104201",8,1,"bakej001",1,6,11,"marss002",1,68,"2011CHN.EVN.regular.sub.csv",91
"CHN201104201",9,0,"cantj001",0,8,11,"luebc001",1,69,"2011CHN.EVN.regular.sub.csv",92
"CHN201104201",9,0,"marmc001",1,6,1,"bakej001",11,69,"2011CHN.EVN.regular.sub.csv",93
"CHN201104201",9,1,"adamm001",0,8,1,"cantj001",11,76,"2011CHN.EVN.regular.sub.csv",94
"CHN201104201",10,0,"johnr008",1,6,9,"marmc001",1,80,"2011CHN.EVN.regular.sub.csv",95
"CHN201104201",10,0,"samaj001",1,9,1,"fukuk001",9,80,"2011CHN.EVN.regular.sub.csv",96
"CHN201104201",10,0,"gonza005",0,8,11,"adamm001",1,85,"2011CHN.EVN.regular.sub.csv",97
"CHN201104201",10,1,"gregl001",0,8,1,"gonza005",11,86,"2011CHN.EVN.regular.sub.csv",98
"CHN201104202",5,0,"stevj001",1,5,1,"penac001",3,35,"2011CHN.EVN.regular.sub.csv",99
"CHN201104202",5,0,"bakej001",1,9,3,"russj003",1,35,"2011CHN.EVN.regular.sub.csv",100
"CHN201104202",6,1,"byrdm001",1,5,11,"stevj001",1,52,"2011CHN.EVN.regular.sub.csv",101
"CHN201104202",7,0,"matem001",1,5,1,"byrdm001",11,55,"2011CHN.EVN.regular.sub.csv",102
"CHN201104202",7,1,"friee001",0,9,1,"haraa001",1,59,"2011CHN.EVN.regular.sub.csv",103
"CHN201104202",8,1,"qualc001",0,9,1,"friee001",1,67,"2011CHN.EVN.regular.sub.csv",104
"CHN201104202",8,1,"dewib001",1,5,11,"matem001",1,69,"2011CHN.EVN.regular.sub.csv",105
"CHN201104202",9,0,"grabj002",1,5,1,"dewib001",11,72,"2011CHN.EVN.regular.sub.csv",106
"CHN201104202",9,0,"hudso001",0,9,11,"qualc001",1,73,"2011CHN.EVN.regular.sub.csv",107
"CHN201104202",9,1,"bellh001",0,9,1,"hudso001",11,77,"2011CHN.EVN.regular.sub.csv",108
"CHN201104220",3,0,"stevj001",1,9,1,"colec001",1,25,"2011CHN.EVN.regular.sub.csv",109
"CHN201104220",7,0,"colvt001",1,4,7,"ramia001",5,61,"2011CHN.EVN.regular.sub.csv",110
"CHN201104220",7,0,"grabj002",1,7,1,"soria001",7,61,"2011CHN.EVN.regular.sub.csv",111
"CHN201104220",7,0,"dewib001",1,9,5,"stevj001",1,61,"2011CHN.EVN.regular.sub.csv",112
"CHN201104220",7,1,"jansk001",0,9,1,"billc001",1,69,"2011CHN.EVN.regular.sub.csv",113
"CHN201104220",8,0,"hillk002",1,8,2,"sotog001",2,71,"2011CHN.EVN.regular.sub.csv",114
"CHN201104220",8,0,"gwynt002",0,3,11,"ethia001",9,72,"2011CHN.EVN.regular.sub.csv",115
"CHN201104220",8,1,"gwynt002",0,3,9,"gwynt002",11,75,"2011CHN.EVN.regular.sub.csv",116
"CHN201104220",8,1,"dejei002",0,5,4,"uribj002",4,75,"2011CHN.EVN.regular.sub.csv",117
"CHN201104220",8,1,"johnr008",1,7,11,"grabj002",1,76,"2011CHN.EVN.regular.sub.csv",118
"CHN201104220",9,0,"matem001",1,6,1,"byrdm001",8,78,"2011CHN.EVN.regular.sub.csv",119
"CHN201104220",9,0,"johnr008",1,7,8,"johnr008",11,78,"2011CHN.EVN.regular.sub.csv",120
"CHN201104220",9,0,"thamm001",0,9,11,"jansk001",1,81,"2011CHN.EVN.regular.sub.csv",121
"CHN201104220",9,1,"corml001",0,9,1,"thamm001",11,86,"2011CHN.EVN.regular.sub.csv",122
"CHN201104230",5,1,"macdm001",0,9,1,"lillt001",1,51,"2011CHN.EVN.regular.sub.csv",123
"CHN201104230",6,0,"gwynt002",0,9,11,"macdm001",1,57,"2011CHN.EVN.regular.sub.csv",124
"CHN201104230",6,0,"marss002",1,9,1,"dempr002",1,60,"2011CHN.EVN.regular.sub.csv",125
"CHN201104230",6,1,"padiv001",0,9,1,"gwynt002",11,62,"2011CHN.EVN.regular.sub.csv",126
"CHN201104230",7,0,"samaj001",1,9,1,"marss002",1,70,"2011CHN.EVN.regular.sub.csv",127
"CHN201104230",7,0,"thamm001",0,9,11,"padiv001",1,70,"2011CHN.EVN.regular.sub.csv",128
"CHN201104230",7,1,"guerm001",0,9,1,"thamm001",11,71,"2011CHN.EVN.regular.sub.csv",129
"CHN201104230",8,1,"fukuk001",1,9,11,"samaj001",1,79,"2011CHN.EVN.regular.sub.csv",130
"CHN201104230",8,1,"hawkb001",0,9,1,"guerm001",1,84,"2011CHN.EVN.regular.sub.csv",131
"CHN201104230",9,0,"marmc001",1,5,1,"bakej001",3,86,"2011CHN.EVN.regular.sub.csv",132
"CHN201104230",9,0,"penac001",1,9,3,"fukuk001",11,86,"2011CHN.EVN.regular.sub.csv",133
"CHN201104240",5,1,"johnr008",1,9,11,"zambc001",1,41,"2011CHN.EVN.regular.sub.csv",134
"CHN201104240",6,0,"grabj002",1,9,1,"johnr008",11,44,"2011CHN.EVN.regular.sub.csv",135
"CHN201104240",7,0,"bergj002",1,9,1,"grabj002",1,55,"2011CHN.EVN.regular.sub.csv",136
"CHN201104240",7,1,"colvt001",1,9,11,"bergj002",1,60,"2011CHN.EVN.regular.sub.csv",137
"CHN201104240",7,1,"macdm001",0,9,1,"kuroh001",1,63,"2011CHN.EVN.regular.sub.csv",138
"CHN201104240",8,0,"woodk002",1,9,1,"colvt001",11,64,"2011CHN.EVN.regular.sub.csv",139
"CHN201104240",8,0,"thamm001",0,9,11,"macdm001",1,66,"2011CHN.EVN.regular.sub.csv",140
"CHN201104240",8,1,"hawkb001",0,9,1,"thamm001",11,68,"2011CHN.EVN.regular.sub.csv",141
"CHN201104240",9,0,"matem001",1,9,1,"woodk002",1,72,"2011CHN.EVN.regular.sub.csv",142
"CHN201104240",9,1,"broxj001",0,9,1,"hawkb001",1,77,"2011CHN.EVN.regular.sub.csv",143
"CHN201104240",9,1,"dewib001",1,9,11,"matem001",1,78,"2011CHN.EVN.regular.sub.csv",144
"CHN201104250",6,1,"johnr008",1,9,11,"garzm001",1,52,"2011CHN.EVN.regular.sub.csv",145
"CHN201104250",6,1,"lindm001",0,7,1,"lopej003",5,55,"2011CHN.EVN.regular.sub.csv",146
"CHN201104250",6,1,"wiggt001",0,9,5,"rogee002",1,55,"2011CHN.EVN.regular.sub.csv",147
"CHN201104250",7,0,"samaj001",1,9,1,"johnr008",11,57,"2011CHN.EVN.regular.sub.csv",148
"CHN201104250",8,1,"betar001",0,7,1,"lindm001",1,67,"2011CHN.EVN.regular.sub.csv",149
"CHN201104250",8,1,"dewib001",1,9,11,"samaj001",1,68,"2011CHN.EVN.regular.sub.csv",150
"CHN201104250",9,0,"matem001",1,9,1,"dewib001",11,71,"2011CHN.EVN.regular.sub.csv",151
"CHN201104250",9,0,"spilr001",0,7,11,"betar001",1,72,"2011CHN.EVN.regular.sub.csv",152
"CHN201104250",9,1,"streh001",0,7,1,"spilr001",11,75,"2011CHN.EVN.regular.sub.csv",153
"CHN201104260",5,0,"bergj002",1,9,1,"russj003",1,42,"2011CHN.EVN.regular.sub.csv",154
"CHN201104260",7,0,"marss002",1,9,1,"bergj002",1,56,"2011CHN.EVN.regular.sub.csv",155
"CHN201104260",7,1,"fukuk001",1,9,11,"marss002",1,60,"2011CHN.EVN.regular.sub.csv",156
"CHN201104260",8,0,"woodk002",1,3,1,"byrdm001",8,64,"2011CHN.EVN.regular.sub.csv",157
"CHN201104260",8,0,"johnr008",1,8,8,"johnr008",9,64,"2011CHN.EVN.regular.sub.csv",158
"CHN201104260",8,0,"fukuk001",1,9,9,"fukuk001",11,64,"2011CHN.EVN.regular.sub.csv",159
"CHN201104260",8,1,"betar001",0,6,1,"wiggt001",7,69,"2011CHN.EVN.regular.sub.csv",160
"CHN201104260",8,1,"gonzc001",0,9,7,"delaj001",1,69,"2011CHN.EVN.regular.sub.csv",161
"CHN201104260",9,0,"grabj002",1,3,1,"woodk002",1,72,"2011CHN.EVN.regular.sub.csv",162
"CHN201104260",9,1,"streh001",0,6,1,"betar001",1,76,"2011CHN.EVN.regular.sub.csv",163
"CHN201105060",6,1,"lecus001",0,9,1,"volqe001",1,56,"2011CHN.EVN.regular.sub.csv",164
"CHN201105060",6,1,"johnr008",1,9,11,"garzm001",1,57,"2011CHN.EVN.regular.sub.csv",165
"CHN201105060",7,0,"matem001",1,9,1,"johnr008",11,61,"2011CHN.EVN.regular.sub.csv",166
"CHN201105060",7,0,"marss002",1,9,1,"matem001",1,63,"2011CHN.EVN.regular.sub.csv",167
"CHN201105060",8,0,"woodk002",1,5,1,"soria001",7,69,"2011CHN.EVN.regular.sub.csv",168
"CHN201105060",8,0,"colvt001",1,9,7,"marss002",1,69,"2011CHN.EVN.regular.sub.csv",169
"CHN201105060",8,1,"massn001",0,6,1,"gomej001",7,72,"2011CHN.EVN.regular.sub.csv",170
"CHN201105060",8,1,"heisc001",0,9,7,"lecus001",1,72,"2011CHN.EVN.regular.sub.csv",171
"CHN201105060",9,1,"cordf002",0,6,1,"massn001",1,78,"2011CHN.EVN.regular.sub.csv",172
"CHN201105070",7,0,"woodk002",1,9,1,"colec001",1,50,"2011CHN.EVN.regular.sub.csv",173
"CHN201105070",7,0,"lewif001",0,8,11,"valac001",5,50,"2011CHN.EVN.regular.sub.csv",174
"CHN201105070",7,1,"cairm001",0,8,5,"lewif001",11,54,"2011CHN.EVN.regular.sub.csv",175
"CHN201105070",7,1,"johnr008",1,9,11,"woodk002",1,56,"2011CHN.EVN.regular.sub.csv",176
"CHN201105070",8,0,"russj003",1,9,1,"johnr008",11,57,"2011CHN.EVN.regular.sub.csv",177
"CHN201105070",8,0,"matem001",1,9,1,"russj003",1,60,"2011CHN.EVN.regular.sub.csv",178
"CHN201105070",8,1,"ondrl001",0,9,1,"arrob001",1,63,"2011CHN.EVN.regular.sub.csv",179
"CHN201105070",9,0,"gomej001",0,9,11,"ondrl001",1,67,"2011CHN.EVN.regular.sub.csv",180
"CHN201105070",9,1,"cordf002",0,9,1,"gomej001",11,68,"2011CHN.EVN.regular.sub.csv",181
"CHN201105070",9,1,"bakej001",1,9,11,"matem001",1,72,"2011CHN.EVN.regular.sub.csv",182
"CHN201105080",7,1,"brayb001",0,9,1,"cuetj001",1,51,"2011CHN.EVN.regular.sub.csv",183
"CHN201105080",7,1,"lecus001",0,9,1,"brayb001",1,52,"2011CHN.EVN.regular.sub.csv",184
"CHN201105080",7,1,"johnr008",1,9,11,"dempr002",1,53,"2011CHN.EVN.regular.sub.csv",185
"CHN201105080",8,0,"samaj001",1,9,1,"johnr008",11,56,"2011CHN.EVN.regular.sub.csv",186
"CHN201105080",8,0,"lewif001",0,9,11,"lecus001",1,56,"2011CHN.EVN.regular.sub.csv",187
"CHN201105080",8,1,"massn001",0,9,1,"lewif001",11,59,"2011CHN.EVN.regular.sub.csv",188
"CHN201105080",9,0,"marmc001",1,9,1,"samaj001",1,64,"2011CHN.EVN.regular.sub.csv",189
"CHN201105080",9,1,"heisc001",0,9,7,"massn001",1,69,"2011CHN.EVN.regular.sub.csv",190
"CHN201105080",9,1,"cordf002",0,6,1,"gomej001",7,69,"2011CHN.EVN.regular.sub.csv",191
"CHN201105080",9,1,"dewib001",1,9,11,"marmc001",1,71,"2011CHN.EVN.regular.sub.csv",192
"CHN201105100",1,1,"hillk002",1,8,11,"sotog001",2,13,"2011CHN.EVN.regular.sub.csv",193
"CHN201105100",2,0,"hillk002",1,8,2,"hillk002",11,14,"2011CHN.EVN.regular.sub.csv",194
"CHN201105100",8,0,"woodk002",1,9,1,"zambc001",1,64,"2011CHN.EVN.regular.sub.csv",195
"CHN201105100",8,0,"jay-j001",0,9,11,"carpc002",1,70,"2011CHN.EVN.regular.sub.csv",196
"CHN201105100",8,1,"batim001",0,5,1,"berkl001",9,72,"2011CHN.EVN.regular.sub.csv",197
"CHN201105100",8,1,"jay-j001",0,9,9,"jay-j001",11,72,"2011CHN.EVN.regular.sub.csv",198
"CHN201105100",8,1,"dewib001",1,9,11,"woodk002",1,72,"2011CHN.EVN.regular.sub.csv",199
"CHN201105100",9,0,"grabj002",1,9,1,"dewib001",11,76,"2011CHN.EVN.regular.sub.csv",200
"CHN201105100",9,0,"matem001",1,9,1,"grabj002",1,77,"2011CHN.EVN.regular.sub.csv",201
"CHN201105100",9,0,"hamim001",0,5,11,"batim001",1,79,"2011CHN.EVN.regular.sub.csv",202
"CHN201105100",9,0,"russj003",1,9,1,"matem001",1,79,"2011CHN.EVN.regular.sub.csv",203
"CHN201105100",9,1,"sance001",0,5,1,"hamim001",11,80,"2011CHN.EVN.regular.sub.csv",204
"CHN201105110",3,1,"mottj001",0,9,1,"westj001",1,25,"2011CHN.EVN.regular.sub.csv",205
"CHN201105110",4,1,"franr001",0,9,1,"mottj001",1,33,"2011CHN.EVN.regular.sub.csv",206
"CHN201105110",5,1,"colvt001",1,9,11,"garzm001",1,47,"2011CHN.EVN.regular.sub.csv",207
"CHN201105110",6,0,"samaj001",1,1,1,"fukuk001",9,50,"2011CHN.EVN.regular.sub.csv",208
"CHN201105110",6,0,"colvt001",1,9,9,"colvt001",11,50,"2011CHN.EVN.regular.sub.csv",209
"CHN201105110",6,0,"craia001",0,4,11,"hollm001",7,51,"2011CHN.EVN.regular.sub.csv",210
"CHN201105110",6,1,"craia001",0,4,7,"craia001",11,53,"2011CHN.EVN.regular.sub.csv",211
"CHN201105110",6,1,"bakej001",1,4,11,"ramia001",5,54,"2011CHN.EVN.regular.sub.csv",212
"CHN201105110",7,0,"bakej001",1,4,5,"bakej001",11,56,"2011CHN.EVN.regular.sub.csv",213
"CHN201105110",7,0,"hamim001",0,9,11,"franr001",1,59,"2011CHN.EVN.regular.sub.csv",214
"CHN201105110",7,0,"bergj002",1,1,1,"samaj001",1,63,"2011CHN.EVN.regular.sub.csv",215
"CHN201105110",7,1,"boggm001",0,3,1,"pujoa001",3,64,"2011CHN.EVN.regular.sub.csv",216
"CHN201105110",7,1,"greet004",0,5,9,"berkl001",9,64,"2011CHN.EVN.regular.sub.csv",217
"CHN201105110",7,1,"hamim001",0,9,3,"hamim001",11,64,"2011CHN.EVN.regular.sub.csv",218
"CHN201105110",8,1,"jay-j001",0,1,9,"therr001",6,72,"2011CHN.EVN.regular.sub.csv",219
"CHN201105110",8,1,"batim001",0,3,1,"boggm001",1,72,"2011CHN.EVN.regular.sub.csv",220
"CHN201105110",8,1,"greet004",0,5,6,"greet004",9,72,"2011CHN.EVN.regular.sub.csv",221
"CHN201105110",9,0,"marss002",1,1,1,"bergj002",1,75,"2011CHN.EVN.regular.sub.csv",222
"CHN201105110",9,0,"moliy001",0,3,11,"batim001",1,79,"2011CHN.EVN.regular.sub.csv",223
"CHN201105120",5,0,"russj003",1,9,1,"colec001",1,39,"2011CHN.EVN.regular.sub.csv",224
"CHN201105120",5,1,"colvt001",1,9,11,"russj003",1,44,"2011CHN.EVN.regular.sub.csv",225
"CHN201105120",6,0,"bergj002",1,9,1,"colvt001",11,46,"2011CHN.EVN.regular.sub.csv",226
"CHN201105120",6,1,"puntn001",0,2,4,"craia001",4,51,"2011CHN.EVN.regular.sub.csv",227
"CHN201105120",7,0,"grabj002",1,7,1,"soria001",7,62,"2011CHN.EVN.regular.sub.csv",228
"CHN201105120",7,0,"johnr008",1,9,7,"bergj002",1,62,"2011CHN.EVN.regular.sub.csv",229
"CHN201105120",8,1,"boggm001",0,9,1,"garcj004",1,74,"2011CHN.EVN.regular.sub.csv",230
"CHN201105120",9,0,"marmc001",1,3,1,"byrdm001",8,77,"2011CHN.EVN.regular.sub.csv",231
"CHN201105120",9,0,"dewib001",1,7,7,"grabj002",1,77,"2011CHN.EVN.regular.sub.csv",232
"CHN201105120",9,0,"johnr008",1,9,8,"johnr008",7,77,"2011CHN.EVN.regular.sub.csv",233
"CHN201105120",9,0,"hamim001",0,9,11,"boggm001",1,78,"2011CHN.EVN.regular.sub.csv",234
"CHN201105120",9,1,"salaf001",0,9,1,"hamim001",11,80,"2011CHN.EVN.regular.sub.csv",235
"CHN201105130",7,0,"woodk002",1,9,1,"dempr002",1,52,"2011CHN.EVN.regular.sub.csv",236
"CHN201105130",7,0,"burrp001",0,9,11,"bumgm001",1,53,"2011CHN.EVN.regular.sub.csv",237
"CHN201105130",7,1,"affej001",0,9,1,"burrp001",11,56,"2011CHN.EVN.regular.sub.csv",238
"CHN201105130",7,1,"fukuk001",1,9,11,"woodk002",1,57,"2011CHN.EVN.regular.sub.csv",239
"CHN201105130",7,1,"motag001",0,9,1,"affej001",1,61,"2011CHN.EVN.regular.sub.csv",240
"CHN201105130",8,0,"marss002",1,5,1,"soria001",7,66,"2011CHN.EVN.regular.sub.csv",241
"CHN201105130",8,0,"johnr008",1,6,7,"johnr008",9,66,"2011CHN.EVN.regular.sub.csv",242
"CHN201105130",8,0,"fukuk001",1,9,9,"fukuk001",11,66,"2011CHN.EVN.regular.sub.csv",243
"CHN201105130",8,1,"runzd001",0,9,1,"motag001",1,71,"2011CHN.EVN.regular.sub.csv",244
"CHN201105130",8,1,"dewib001",1,4,11,"bakej001",5,75,"2011CHN.EVN.regular.sub.csv",245
"CHN201105130",8,1,"colvt001",1,5,11,"marss002",1,76,"2011CHN.EVN.regular.sub.csv",246
"CHN201105130",9,0,"dewib001",1,4,5,"dewib001",11,79,"2011CHN.EVN.regular.sub.csv",247
"CHN201105130",9,0,"matem001",1,5,1,"colvt001",11,79,"2011CHN.EVN.regular.sub.csv",248
"CHN201105130",9,0,"derom001",0,9,11,"runzd001",1,80,"2011CHN.EVN.regular.sub.csv",249
"CHN201105140",5,1,"johnr008",1,9,11,"david002",1,39,"2011CHN.EVN.regular.sub.csv",250
"CHN201105140",6,0,"samaj001",1,9,1,"johnr008",11,44,"2011CHN.EVN.regular.sub.csv",251
"CHN201105140",6,0,"schin001",0,6,12,"burrp001",7,46,"2011CHN.EVN.regular.sub.csv",252
"CHN201105140",6,1,"rossc001",0,5,7,"rossc001",9,49,"2011CHN.EVN.regular.sub.csv",253
"CHN201105140",6,1,"schin001",0,6,9,"schin001",12,49,"2011CHN.EVN.regular.sub.csv",254
"CHN201105240",6,1,"bucht001",0,6,1,"harrw001",8,50,"2011CHN.EVN.regular.sub.csv",255
"CHN201105240",6,1,"pridj001",0,9,8,"niesj001",1,50,"2011CHN.EVN.regular.sub.csv",256
"CHN201105240",7,1,"martf002",0,4,7,"bay-j001",7,59,"2011CHN.EVN.regular.sub.csv",257
"CHN201105240",7,1,"miscp001",0,6,1,"bucht001",1,61,"2011CHN.EVN.regular.sub.csv",258
"CHN201105240",7,1,"campt001",1,6,12,"soria001",7,63,"2011CHN.EVN.regular.sub.csv",259
"CHN201105240",7,1,"zambc001",1,9,11,"dempr002",1,65,"2011CHN.EVN.regular.sub.csv",260
"CHN201105240",8,0,"johnr008",1,1,7,"johnr008",8,68,"2011CHN.EVN.regular.sub.csv",261
"CHN201105240",8,0,"campt001",1,6,8,"campt001",12,68,"2011CHN.EVN.regular.sub.csv",262
"CHN201105240",8,0,"grabj002",1,9,1,"zambc001",11,68,"2011CHN.EVN.regular.sub.csv",263
"CHN201105240",8,1,"oconm001",0,3,1,"beltc001",9,72,"2011CHN.EVN.regular.sub.csv",264
"CHN201105240",8,1,"martf002",0,4,9,"martf002",7,72,"2011CHN.EVN.regular.sub.csv",265
"CHN201105240",8,1,"evann001",0,6,7,"miscp001",1,72,"2011CHN.EVN.regular.sub.csv",266
"CHN201105240",9,0,"samaj001",1,9,1,"grabj002",1,77,"2011CHN.EVN.regular.sub.csv",267
"CHN201105250",2,0,"bergj002",1,9,1,"colec001",1,20,"2011CHN.EVN.regular.sub.csv",268
"CHN201105250",2,0,"russj003",1,9,1,"bergj002",1,23,"2011CHN.EVN.regular.sub.csv",269
"CHN201105250",6,0,"mains001",1,9,1,"russj003",1,50,"2011CHN.EVN.regular.sub.csv",270
"CHN201105260",3,1,"beatp001",0,9,1,"dickr001",1,23,"2011CHN.EVN.regular.sub.csv",271
"CHN201105260",5,0,"martf002",0,9,11,"beatp001",1,38,"2011CHN.EVN.regular.sub.csv",272
"CHN201105260",5,1,"miscp001",0,9,1,"martf002",11,42,"2011CHN.EVN.regular.sub.csv",273
"CHN201105260",6,1,"bucht001",0,9,1,"miscp001",1,54,"2011CHN.EVN.regular.sub.csv",274
"CHN201105260",6,1,"byrdt001",0,7,1,"pridj001",8,56,"2011CHN.EVN.regular.sub.csv",275
"CHN201105260",6,1,"hairs001",0,9,8,"bucht001",1,56,"2011CHN.EVN.regular.sub.csv",276
"CHN201105260",7,0,"marss002",1,9,1,"zambc001",1,57,"2011CHN.EVN.regular.sub.csv",277
"CHN201105260",7,0,"paulr001",0,2,11,"tholj001",2,60,"2011CHN.EVN.regular.sub.csv",278
"CHN201105260",7,1,"paulr001",0,2,2,"paulr001",11,61,"2011CHN.EVN.regular.sub.csv",279
"CHN201105260",7,1,"montl001",1,9,11,"marss002",1,65,"2011CHN.EVN.regular.sub.csv",280
"CHN201105260",8,0,"woodk002",1,6,1,"soria001",7,67,"2011CHN.EVN.regular.sub.csv",281
"CHN201105260",8,0,"montl001",1,9,7,"montl001",11,67,"2011CHN.EVN.regular.sub.csv",282
"CHN201105260",8,0,"harrw001",0,7,11,"byrdt001",1,71,"2011CHN.EVN.regular.sub.csv",283
"CHN201105260",8,1,"isrij001",0,7,1,"harrw001",11,72,"2011CHN.EVN.regular.sub.csv",284
"CHN201105260",8,1,"rodrf003",0,7,1,"isrij001",1,76,"2011CHN.EVN.regular.sub.csv",285
"CHN201105260",8,1,"colec001",1,6,11,"woodk002",1,77,"2011CHN.EVN.regular.sub.csv",286
"CHN201105260",9,0,"marmc001",1,6,1,"colec001",11,78,"2011CHN.EVN.regular.sub.csv",287
"CHN201105270",5,0,"colec001",1,9,1,"david002",1,45,"2011CHN.EVN.regular.sub.csv",288
"CHN201105270",5,1,"montl001",1,9,11,"colec001",1,47,"2011CHN.EVN.regular.sub.csv",289
"CHN201105270",6,0,"samaj001",1,9,1,"montl001",11,49,"2011CHN.EVN.regular.sub.csv",290
"CHN201105270",8,0,"mains001",1,9,1,"samaj001",1,65,"2011CHN.EVN.regular.sub.csv",291
"CHN201105270",8,1,"woodb003",0,2,5,"pears001",5,68,"2011CHN.EVN.regular.sub.csv",292
"CHN201105270",8,1,"bakej001",1,9,11,"mains001",1,69,"2011CHN.EVN.regular.sub.csv",293
"CHN201105270",8,1,"veraj001",0,9,1,"corrk001",1,71,"2011CHN.EVN.regular.sub.csv",294
"CHN201105270",9,0,"grabj002",1,9,1,"bakej001",11,74,"2011CHN.EVN.regular.sub.csv",295
"CHN201105270",9,1,"beimj001",0,5,1,"diazm003",9,78,"2011CHN.EVN.regular.sub.csv",296
"CHN201105270",9,1,"paulx001",0,9,9,"veraj001",1,78,"2011CHN.EVN.regular.sub.csv",297
"CHN201105270",9,1,"hanrj001",0,5,1,"beimj001",1,80,"2011CHN.EVN.regular.sub.csv",298
"CHN201105270",9,1,"dewib001",1,9,11,"grabj002",1,82,"2011CHN.EVN.regular.sub.csv",299
"CHN201105280",4,1,"woodb003",0,6,5,"pears001",5,29,"2011CHN.EVN.regular.sub.csv",300
"CHN201105280",5,0,"russj003",1,9,1,"wellr001",1,32,"2011CHN.EVN.regular.sub.csv",301
"CHN201105280",6,1,"fukuk001",1,9,11,"russj003",1,45,"2011CHN.EVN.regular.sub.csv",302
"CHN201105280",7,0,"mains001",1,9,1,"fukuk001",11,48,"2011CHN.EVN.regular.sub.csv",303
"CHN201105280",9,0,"grabj002",1,9,1,"mains001",1,63,"2011CHN.EVN.regular.sub.csv",304
"CHN201105280",9,1,"bakej001",1,9,11,"grabj002",1,68,"2011CHN.EVN.regular.sub.csv",305
"CHN201105290",2,1,"snydc002",0,6,2,"doumr001",2,17,"2011CHN.EVN.regular.sub.csv",306
"CHN201105290",6,1,"resoc001",0,9,1,"karsj001",1,46,"2011CHN.EVN.regular.sub.csv",307
"CHN201105290",7,0,"woodk002",1,9,1,"dempr002",1,49,"2011CHN.EVN.regular.sub.csv",308
"CHN201105290",7,0,"paulx001",0,9,11,"resoc001",1,52,"2011CHN.EVN.regular.sub.csv",309
"CHN201105290",7,1,"meeke001",0,1,1,"tabaj002",7,54,"2011CHN.EVN.regular.sub.csv",310
"CHN201105290",7,1,"paulx001",0,9,7,"paulx001",11,54,"2011CHN.EVN.regular.sub.csv",311
"CHN201105290",7,1,"dewib001",1,9,11,"woodk002",1,56,"2011CHN.EVN.regular.sub.csv",312
"CHN201105290",8,0,"montl001",1,6,7,"soria001",7,57,"2011CHN.EVN.regular.sub.csv",313
"CHN201105290",8,0,"marss002",1,9,1,"dewib001",11,57,"2011CHN.EVN.regular.sub.csv",314
"CHN201105290",8,0,"diazm003",0,2,11,"joneg002",9,57,"2011CHN.EVN.regular.sub.csv",315
"CHN201105290",8,1,"mccud001",0,1,1,"meeke001",1,60,"2011CHN.EVN.regular.sub.csv",316
"CHN201105290",8,1,"diazm003",0,2,9,"diazm003",11,60,"2011CHN.EVN.regular.sub.csv",317
"CHN201105290",9,0,"marmc001",1,9,1,"marss002",1,64,"2011CHN.EVN.regular.sub.csv",318
"CHN201105300",2,0,"dewib001",1,6,7,"soria001",7,13,"2011CHN.EVN.regular.sub.csv",319
"CHN201105300",5,0,"hallb001",0,9,11,"rodra002",1,44,"2011CHN.EVN.regular.sub.csv",320
"CHN201105300",5,0,"samaj001",1,9,1,"loper001",1,51,"2011CHN.EVN.regular.sub.csv",321
"CHN201105300",5,1,"escas001",0,9,1,"hallb001",11,52,"2011CHN.EVN.regular.sub.csv",322
"CHN201105300",6,0,"downm001",0,9,11,"escas001",1,59,"2011CHN.EVN.regular.sub.csv",323
"CHN201105300",6,1,"delre001",0,9,1,"downm001",11,62,"2011CHN.EVN.regular.sub.csv",324
"CHN201105300",7,0,"grabj002",1,9,1,"samaj001",1,70,"2011CHN.EVN.regular.sub.csv",325
"CHN201105300",8,0,"michj001",0,9,11,"delre001",1,77,"2011CHN.EVN.regular.sub.csv",326
"CHN201105300",8,1,"lopew001",0,9,1,"michj001",11,80,"2011CHN.EVN.regular.sub.csv",327
"CHN201105300",8,1,"lemad001",1,9,11,"grabj002",1,81,"2011CHN.EVN.regular.sub.csv",328
"CHN201105300",9,0,"mains001",1,9,1,"lemad001",11,84,"2011CHN.EVN.regular.sub.csv",329
"CHN201105300",9,0,"sanca005",0,9,11,"lopew001",1,90,"2011CHN.EVN.regular.sub.csv",330
"CHN201105300",9,1,"melam001",0,9,1,"sanca005",11,91,"2011CHN.EVN.regular.sub.csv",331
"CHN201105310",8,0,"michj001",0,4,12,"lee-c001",7,57,"2011CHN.EVN.regular.sub.csv",332
"CHN201105310",8,1,"michj001",0,4,7,"michj001",12,58,"2011CHN.EVN.regular.sub.csv",333
"CHN201105310",8,1,"colvt001",1,9,11,"zambc001",1,59,"2011CHN.EVN.regular.sub.csv",334
"CHN201105310",8,1,"snydb002",1,8,12,"sotog001",2,59,"2011CHN.EVN.regular.sub.csv",335
"CHN201105310",8,1,"escas001",0,9,1,"lylej001",1,60,"2011CHN.EVN.regular.sub.csv",336
"CHN201105310",8,1,"lopew001",0,9,1,"escas001",1,61,"2011CHN.EVN.regular.sub.csv",337
"CHN201105310",8,1,"rodrf004",0,9,1,"lopew001",1,65,"2011CHN.EVN.regular.sub.csv",338
"CHN201105310",9,0,"marmc001",1,6,1,"dewib001",7,66,"2011CHN.EVN.regular.sub.csv",339
"CHN201105310",9,0,"hillk002",1,8,2,"snydb002",12,66,"2011CHN.EVN.regular.sub.csv",340
"CHN201105310",9,0,"colvt001",1,9,7,"colvt001",11,66,"2011CHN.EVN.regular.sub.csv",341
"CHN201105310",9,0,"downm001",0,8,11,"cancr001",2,68,"2011CHN.EVN.regular.sub.csv",342
"CHN201105310",9,0,"sanca005",0,9,11,"rodrf004",1,69,"2011CHN.EVN.regular.sub.csv",343
"CHN201105310",9,0,"marss002",1,6,1,"marmc001",1,74,"2011CHN.EVN.regular.sub.csv",344
"CHN201105310",9,1,"towlj001",0,8,2,"downm001",11,77,"2011CHN.EVN.regular.sub.csv",345
"CHN201105310",9,1,"melam001",0,9,1,"sanca005",11,77,"2011CHN.EVN.regular.sub.csv",346
"CHN201106010",7,0,"woodk002",1,5,1,"ramia001",5,50,"2011CHN.EVN.regular.sub.csv",347
"CHN201106010",7,0,"lemad001",1,9,5,"david002",1,50,"2011CHN.EVN.regular.sub.csv",348
"CHN201106010",7,0,"sanca005",0,9,11,"myerb001",1,51,"2011CHN.EVN.regular.sub.csv",349
"CHN201106010",7,0,"marss002",1,5,1,"woodk002",1,52,"2011CHN.EVN.regular.sub.csv",350
"CHN201106010",7,1,"escas001",0,9,1,"sanca005",11,55,"2011CHN.EVN.regular.sub.csv",351
"CHN201106010",7,1,"delre001",0,9,1,"escas001",1,58,"2011CHN.EVN.regular.sub.csv",352
"CHN201106010",8,1,"wallb001",0,4,3,"lee-c001",3,63,"2011CHN.EVN.regular.sub.csv",353
"CHN201106010",9,0,"marmc001",1,5,1,"marss002",1,66,"2011CHN.EVN.regular.sub.csv",354
"CHN201106010",9,0,"downm001",0,9,11,"delre001",1,68,"2011CHN.EVN.regular.sub.csv",355
"CHN201106010",9,1,"melam001",0,9,1,"downm001",11,72,"2011CHN.EVN.regular.sub.csv",356
"CHN201106010",9,1,"snydb002",1,5,11,"marmc001",1,73,"2011CHN.EVN.regular.sub.csv",357
"CHN201106130",7,1,"dewib001",1,9,11,"dempr002",1,54,"2011CHN.EVN.regular.sub.csv",358
"CHN201106130",8,0,"samaj001",1,9,1,"dewib001",11,55,"2011CHN.EVN.regular.sub.csv",359
"CHN201106130",8,0,"counc001",0,8,11,"nievw001",2,55,"2011CHN.EVN.regular.sub.csv",360
"CHN201106130",8,0,"lucrj001",0,9,11,"wolfr001",1,56,"2011CHN.EVN.regular.sub.csv",361
"CHN201106130",8,1,"loe-k001",0,8,1,"counc001",11,58,"2011CHN.EVN.regular.sub.csv",362
"CHN201106130",8,1,"lucrj001",0,9,2,"lucrj001",11,58,"2011CHN.EVN.regular.sub.csv",363
"CHN201106130",8,1,"penac001",1,3,11,"bakej001",9,60,"2011CHN.EVN.regular.sub.csv",364
"CHN201106130",9,0,"penac001",1,3,3,"penac001",11,64,"2011CHN.EVN.regular.sub.csv",365
"CHN201106130",9,0,"fukuk001",1,7,9,"lemad001",3,64,"2011CHN.EVN.regular.sub.csv",366
"CHN201106130",9,0,"marmc001",1,9,1,"samaj001",1,64,"2011CHN.EVN.regular.sub.csv",367
"CHN201106140",7,0,"loper001",1,9,1,"wellr001",1,53,"2011CHN.EVN.regular.sub.csv",368
"CHN201106140",8,0,"counc001",0,9,11,"gally001",1,62,"2011CHN.EVN.regular.sub.csv",369
"CHN201106140",8,0,"russj003",1,8,1,"johnr008",8,62,"2011CHN.EVN.regular.sub.csv",370
"CHN201106140",8,0,"campt001",1,9,8,"loper001",1,62,"2011CHN.EVN.regular.sub.csv",371
"CHN201106140",8,0,"carpc003",1,8,1,"russj003",1,63,"2011CHN.EVN.regular.sub.csv",372
"CHN201106140",8,1,"estrm001",0,9,1,"counc001",11,66,"2011CHN.EVN.regular.sub.csv",373
"CHN201106140",8,1,"bradz001",0,9,1,"estrm001",1,70,"2011CHN.EVN.regular.sub.csv",374
"CHN201106140",9,0,"marmc001",1,5,1,"dewib001",7,72,"2011CHN.EVN.regular.sub.csv",375
"CHN201106140",9,0,"montl001",1,8,7,"carpc003",1,72,"2011CHN.EVN.regular.sub.csv",376
"CHN201106140",9,0,"gomec002",0,5,12,"mcgec001",5,74,"2011CHN.EVN.regular.sub.csv",377
"CHN201106140",9,1,"hawkl001",0,5,1,"gomec002",12,77,"2011CHN.EVN.regular.sub.csv",378
"CHN201106140",9,1,"wilsj003",0,9,5,"bradz001",1,77,"2011CHN.EVN.regular.sub.csv",379
"CHN201106140",10,0,"samaj001",1,5,1,"marmc001",1,80,"2011CHN.EVN.regular.sub.csv",380
"CHN201106140",10,1,"dillt001",0,5,1,"hawkl001",1,85,"2011CHN.EVN.regular.sub.csv",381
"CHN201106150",6,1,"soria001",1,9,11,"zambc001",1,54,"2011CHN.EVN.regular.sub.csv",382
"CHN201106150",6,1,"dillt001",0,9,1,"narvc001",1,54,"2011CHN.EVN.regular.sub.csv",383
"CHN201106150",7,0,"russj003",1,9,1,"soria001",11,56,"2011CHN.EVN.regular.sub.csv",384
"CHN201106150",7,0,"carpc003",1,9,1,"russj003",1,60,"2011CHN.EVN.regular.sub.csv",385
"CHN201106150",7,1,"hawkl001",0,9,1,"dillt001",1,64,"2011CHN.EVN.regular.sub.csv",386
"CHN201106150",8,0,"grabj002",1,9,1,"carpc003",1,68,"2011CHN.EVN.regular.sub.csv",387
"CHN201106150",8,0,"wilsj003",0,9,11,"hawkl001",1,68,"2011CHN.EVN.regular.sub.csv",388
"CHN201106150",8,1,"loe-k001",0,9,1,"wilsj003",11,72,"2011CHN.EVN.regular.sub.csv",389
"CHN201106150",8,1,"fukuk001",1,6,11,"montl001",9,72,"2011CHN.EVN.regular.sub.csv",390
"CHN201106150",8,1,"campt001",1,9,11,"grabj002",1,75,"2011CHN.EVN.regular.sub.csv",391
"CHN201106150",9,0,"fukuk001",1,6,9,"fukuk001",11,77,"2011CHN.EVN.regular.sub.csv",392
"CHN201106150",9,0,"loper001",1,9,1,"campt001",11,77,"2011CHN.EVN.regular.sub.csv",393
"CHN201106150",9,0,"kotsm001",0,9,11,"loe-k001",1,82,"2011CHN.EVN.regular.sub.csv",394
"CHN201106150",9,1,"axfoj001",0,9,1,"kotsm001",11,83,"2011CHN.EVN.regular.sub.csv",395
"CHN201106160",6,1,"johnr008",1,9,11,"garzm001",1,54,"2011CHN.EVN.regular.sub.csv",396
"CHN201106160",6,1,"herrd001",0,9,1,"greiz001",1,55,"2011CHN.EVN.regular.sub.csv",397
"CHN201106160",7,0,"marss002",1,3,1,"dewib001",4,59,"2011CHN.EVN.regular.sub.csv",398
"CHN201106160",7,0,"lemad001",1,9,4,"johnr008",11,59,"2011CHN.EVN.regular.sub.csv",399
"CHN201106160",7,0,"wilsj003",0,8,11,"kottg001",2,59,"2011CHN.EVN.regular.sub.csv",400
"CHN201106160",7,0,"lucrj001",0,9,11,"herrd001",1,60,"2011CHN.EVN.regular.sub.csv",401
"CHN201106160",7,1,"mitrs001",0,8,1,"wilsj003",11,62,"2011CHN.EVN.regular.sub.csv",402
"CHN201106160",7,1,"lucrj001",0,9,2,"lucrj001",11,62,"2011CHN.EVN.regular.sub.csv",403
"CHN201106160",8,1,"montl001",1,3,11,"marss002",1,73,"2011CHN.EVN.regular.sub.csv",404
"CHN201106160",9,0,"montl001",1,3,7,"montl001",11,76,"2011CHN.EVN.regular.sub.csv",405
"CHN201106160",9,0,"grabj002",1,6,1,"soria001",7,76,"2011CHN.EVN.regular.sub.csv",406
"CHN201106160",9,0,"gomec002",0,8,11,"mitrs001",1,78,"2011CHN.EVN.regular.sub.csv",407
"CHN201106170",8,0,"jonea002",0,9,11,"garcf002",1,55,"2011CHN.EVN.regular.sub.csv",408
"CHN201106170",8,0,"marss002",1,9,1,"david002",1,57,"2011CHN.EVN.regular.sub.csv",409
"CHN201106170",8,0,"marmc001",1,9,1,"marss002",1,59,"2011CHN.EVN.regular.sub.csv",410
"CHN201106170",8,1,"ayall001",0,9,1,"jonea002",11,60,"2011CHN.EVN.regular.sub.csv",411
"CHN201106170",9,0,"lemad001",1,3,4,"dewib001",4,63,"2011CHN.EVN.regular.sub.csv",412
"CHN201106170",9,0,"johnr008",1,6,7,"soria001",7,63,"2011CHN.EVN.regular.sub.csv",413
"CHN201106170",9,0,"posaj001",0,7,11,"nunee002",6,65,"2011CHN.EVN.regular.sub.csv",414
"CHN201106170",9,0,"dickc001",0,9,11,"ayall001",1,67,"2011CHN.EVN.regular.sub.csv",415
"CHN201106180",6,0,"russj003",1,9,1,"dempr002",1,52,"2011CHN.EVN.regular.sub.csv",416
"CHN201106180",6,1,"wadec001",0,9,1,"burna001",1,57,"2011CHN.EVN.regular.sub.csv",417
"CHN201106180",7,0,"carpc003",1,9,1,"russj003",1,59,"2011CHN.EVN.regular.sub.csv",418
"CHN201106180",7,1,"noesh001",0,9,1,"wadec001",1,63,"2011CHN.EVN.regular.sub.csv",419
"CHN201106180",7,1,"campt001",1,9,11,"carpc003",1,63,"2011CHN.EVN.regular.sub.csv",420
"CHN201106180",8,0,"samaj001",1,9,1,"campt001",11,66,"2011CHN.EVN.regular.sub.csv",421
"CHN201106180",8,0,"posaj001",0,9,11,"noesh001",1,68,"2011CHN.EVN.regular.sub.csv",422
"CHN201106180",8,1,"robed002",0,9,1,"posaj001",11,72,"2011CHN.EVN.regular.sub.csv",423
"CHN201106180",9,0,"grabj002",1,5,1,"penac001",3,78,"2011CHN.EVN.regular.sub.csv",424
"CHN201106180",9,0,"bakej001",1,9,3,"samaj001",1,78,"2011CHN.EVN.regular.sub.csv",425
"CHN201106180",9,1,"rivem002",0,6,1,"swisn001",9,80,"2011CHN.EVN.regular.sub.csv",426
"CHN201106180",9,1,"dickc001",0,9,9,"robed002",1,80,"2011CHN.EVN.regular.sub.csv",427
"CHN201106180",9,1,"montl001",1,7,12,"soria001",7,82,"2011CHN.EVN.regular.sub.csv",428
"CHN201106190",6,1,"campt001",1,9,11,"wellr001",1,54,"2011CHN.EVN.regular.sub.csv",429
"CHN201106190",7,0,"marss002",1,9,1,"campt001",11,55,"2011CHN.EVN.regular.sub.csv",430
"CHN201106190",8,0,"carpc003",1,9,1,"marss002",1,63,"2011CHN.EVN.regular.sub.csv",431
"CHN201106190",8,0,"posaj001",0,9,11,"sabac001",1,66,"2011CHN.EVN.regular.sub.csv",432
"CHN201106190",8,0,"russj003",1,9,1,"carpc003",1,66,"2011CHN.EVN.regular.sub.csv",433
"CHN201106190",8,1,"robed002",0,9,1,"posaj001",11,68,"2011CHN.EVN.regular.sub.csv",434
"CHN201106190",8,1,"penac001",1,7,11,"montl001",9,71,"2011CHN.EVN.regular.sub.csv",435
"CHN201106190",8,1,"dewib001",1,8,11,"lemad001",4,72,"2011CHN.EVN.regular.sub.csv",436
"CHN201106190",9,0,"bakej001",1,3,9,"bakej001",3,73,"2011CHN.EVN.regular.sub.csv",437
"CHN201106190",9,0,"penac001",1,7,3,"penac001",11,73,"2011CHN.EVN.regular.sub.csv",438
"CHN201106190",9,0,"dewib001",1,8,4,"dewib001",11,73,"2011CHN.EVN.regular.sub.csv",439
"CHN201106190",9,0,"loper001",1,9,1,"russj003",1,75,"2011CHN.EVN.regular.sub.csv",440
"CHN201106190",9,0,"penar002",0,4,12,"rodra001",5,79,"2011CHN.EVN.regular.sub.csv",441
"CHN201106190",9,1,"penar002",0,4,5,"penar002",12,80,"2011CHN.EVN.regular.sub.csv",442
"CHN201106190",9,1,"marqj002",0,6,1,"swisn001",9,80,"2011CHN.EVN.regular.sub.csv",443
"CHN201106190",9,1,"dickc001",0,9,9,"robed002",1,80,"2011CHN.EVN.regular.sub.csv",444
"CHN201106190",9,1,"fukuk001",1,9,11,"loper001",1,80,"2011CHN.EVN.regular.sub.csv",445
"CHN201106270",6,1,"brotr001",0,9,1,"chacj001",1,51,"2011CHN.EVN.regular.sub.csv",446
"CHN201106270",7,1,"mortc003",0,7,1,"blacc001",7,59,"2011CHN.EVN.regular.sub.csv",447
"CHN201106270",7,1,"spilr001",0,9,7,"brotr001",1,59,"2011CHN.EVN.regular.sub.csv",448
"CHN201106270",8,0,"lemad001",1,7,4,"dewib001",4,63,"2011CHN.EVN.regular.sub.csv",449
"CHN201106270",8,0,"marss002",1,6,1,"soria001",7,65,"2011CHN.EVN.regular.sub.csv",450
"CHN201106270",8,0,"johnr008",1,9,7,"garzm001",1,65,"2011CHN.EVN.regular.sub.csv",451
"CHN201106270",9,0,"marmc001",1,6,1,"marss002",1,70,"2011CHN.EVN.regular.sub.csv",452
"CHN201106270",9,0,"giamj001",0,7,11,"mortc003",1,73,"2011CHN.EVN.regular.sub.csv",453
"CHN201106281",5,0,"carpc003",1,9,1,"david002",1,45,"2011CHN.EVN.regular.sub.csv",454
"CHN201106281",6,0,"schin001",0,9,11,"voger001",1,63,"2011CHN.EVN.regular.sub.csv",455
"CHN201106281",6,1,"garcj002",0,9,1,"schin001",11,65,"2011CHN.EVN.regular.sub.csv",456
"CHN201106281",6,1,"johnr008",1,9,11,"carpc003",1,65,"2011CHN.EVN.regular.sub.csv",457
"CHN201106281",7,0,"russj003",1,2,1,"campt001",8,69,"2011CHN.EVN.regular.sub.csv",458
"CHN201106281",7,0,"johnr008",1,9,8,"johnr008",11,69,"2011CHN.EVN.regular.sub.csv",459
"CHN201106281",7,1,"tejam001",0,2,5,"tejam001",6,77,"2011CHN.EVN.regular.sub.csv",460
"CHN201106281",7,1,"affej001",0,5,1,"sandp001",5,77,"2011CHN.EVN.regular.sub.csv",461
"CHN201106281",7,1,"crawb001",0,9,6,"garcj002",1,77,"2011CHN.EVN.regular.sub.csv",462
"CHN201106281",8,1,"rowaa001",0,1,7,"rowaa001",8,81,"2011CHN.EVN.regular.sub.csv",463
"CHN201106281",8,1,"torra001",0,6,8,"burrp001",7,81,"2011CHN.EVN.regular.sub.csv",464
"CHN201106281",8,1,"bakej001",1,2,11,"russj003",1,83,"2011CHN.EVN.regular.sub.csv",465
"CHN201106281",9,0,"grabj002",1,2,1,"bakej001",11,84,"2011CHN.EVN.regular.sub.csv",466
"CHN201106281",9,1,"ramir003",0,5,1,"affej001",1,88,"2011CHN.EVN.regular.sub.csv",467
"CHN201106282",5,0,"grabj002",1,9,1,"loper001",1,40,"2011CHN.EVN.regular.sub.csv",468
"CHN201106282",5,1,"campt001",1,9,11,"grabj002",1,47,"2011CHN.EVN.regular.sub.csv",469
"CHN201106282",6,0,"samaj001",1,9,1,"campt001",11,50,"2011CHN.EVN.regular.sub.csv",470
"CHN201106282",8,0,"matem001",1,8,1,"montl001",9,63,"2011CHN.EVN.regular.sub.csv",471
"CHN201106282",8,0,"fukuk001",1,9,9,"samaj001",1,63,"2011CHN.EVN.regular.sub.csv",472
"CHN201106282",8,0,"burrp001",0,9,11,"zitob001",1,63,"2011CHN.EVN.regular.sub.csv",473
"CHN201106282",8,1,"motag001",0,9,1,"burrp001",11,66,"2011CHN.EVN.regular.sub.csv",474
"CHN201106282",9,1,"lopej002",0,9,1,"motag001",1,73,"2011CHN.EVN.regular.sub.csv",475
"CHN201106282",9,1,"wilsb001",0,9,1,"lopej002",1,74,"2011CHN.EVN.regular.sub.csv",476
"CHN201106290",8,1,"ramir003",0,9,1,"linct001",1,55,"2011CHN.EVN.regular.sub.csv",477
"CHN201106290",8,1,"affej001",0,9,1,"ramir003",1,59,"2011CHN.EVN.regular.sub.csv",478
"CHN201106290",8,1,"bakej001",1,5,11,"dewib001",5,60,"2011CHN.EVN.regular.sub.csv",479
"CHN201106290",9,0,"bakej001",1,5,5,"bakej001",11,61,"2011CHN.EVN.regular.sub.csv",480
"CHN201106290",9,0,"campt001",1,6,8,"soria001",7,61,"2011CHN.EVN.regular.sub.csv",481
"CHN201106290",9,0,"johnr008",1,7,7,"johnr008",8,61,"2011CHN.EVN.regular.sub.csv",482
"CHN201106290",9,0,"burrp001",0,9,11,"affej001",1,61,"2011CHN.EVN.regular.sub.csv",483
"CHN201106290",9,0,"hallb001",0,9,12,"burrp001",11,62,"2011CHN.EVN.regular.sub.csv",484
"CHN201106290",9,0,"marmc001",1,9,1,"dempr002",1,62,"2011CHN.EVN.regular.sub.csv",485
"CHN201106290",9,1,"romos001",0,5,1,"rossc001",7,67,"2011CHN.EVN.regular.sub.csv",486
"CHN201106290",9,1,"rowaa001",0,9,7,"hallb001",12,67,"2011CHN.EVN.regular.sub.csv",487
"CHN201106290",9,1,"ramia001",1,9,11,"marmc001",1,70,"2011CHN.EVN.regular.sub.csv",488
"CHN201106300",2,0,"matem001",1,9,1,"zambc001",1,11,"2011CHN.EVN.regular.sub.csv",489
"CHN201106300",7,0,"samaj001",1,9,1,"matem001",1,48,"2011CHN.EVN.regular.sub.csv",490
"CHN201106300",8,0,"marss002",1,9,1,"samaj001",1,54,"2011CHN.EVN.regular.sub.csv",491
"CHN201106300",8,0,"rowaa001",0,9,11,"cainm001",1,54,"2011CHN.EVN.regular.sub.csv",492
"CHN201106300",8,1,"romos001",0,4,1,"burrp001",7,57,"2011CHN.EVN.regular.sub.csv",493
"CHN201106300",8,1,"rowaa001",0,9,7,"rowaa001",11,57,"2011CHN.EVN.regular.sub.csv",494
"CHN201106300",8,1,"soria001",1,9,11,"marss002",1,57,"2011CHN.EVN.regular.sub.csv",495
"CHN201106300",9,0,"russj003",1,9,1,"soria001",11,60,"2011CHN.EVN.regular.sub.csv",496
"CHN201106300",9,0,"hallb001",0,4,11,"romos001",1,61,"2011CHN.EVN.regular.sub.csv",497
"CHN201106300",9,1,"wilsb001",0,4,1,"hallb001",11,63,"2011CHN.EVN.regular.sub.csv",498
"CHN201106300",10,0,"marmc001",1,6,1,"dewib001",7,67,"2011CHN.EVN.regular.sub.csv",499
"CHN201106300",10,0,"johnr008",1,9,7,"russj003",1,67,"2011CHN.EVN.regular.sub.csv",500
"CHN201106300",10,1,"garcj002",0,4,1,"wilsb001",1,70,"2011CHN.EVN.regular.sub.csv",501
"CHN201106300",10,1,"lopej002",0,4,1,"garcj002",1,73,"2011CHN.EVN.regular.sub.csv",502
"CHN201106300",10,1,"bakej001",1,1,11,"fukuk001",9,73,"2011CHN.EVN.regular.sub.csv",503
"CHN201106300",11,0,"bakej001",1,1,9,"bakej001",11,74,"2011CHN.EVN.regular.sub.csv",504
"CHN201106300",12,0,"bakej001",1,1,5,"bakej001",9,81,"2011CHN.EVN.regular.sub.csv",505
"CHN201106300",12,0,"grabj002",1,4,1,"ramia001",5,81,"2011CHN.EVN.regular.sub.csv",506
"CHN201106300",12,0,"montl001",1,6,9,"marmc001",1,81,"2011CHN.EVN.regular.sub.csv",507
"CHN201106300",12,0,"rossc001",0,4,11,"lopej002",1,81,"2011CHN.EVN.regular.sub.csv",508
"CHN201106300",12,0,"huffa001",0,8,11,"white004",2,86,"2011CHN.EVN.regular.sub.csv",509
"CHN201106300",12,1,"rossc001",0,4,7,"rossc001",11,88,"2011CHN.EVN.regular.sub.csv",510
"CHN201106300",12,1,"stewc001",0,8,2,"huffa001",11,88,"2011CHN.EVN.regular.sub.csv",511
"CHN201106300",12,1,"affej001",0,9,1,"rowaa001",7,88,"2011CHN.EVN.regular.sub.csv",512
"CHN201106300",13,1,"ramir003",0,9,1,"affej001",1,95,"2011CHN.EVN.regular.sub.csv",513
"CHN201106300",13,1,"sotog001",1,4,11,"grabj002",1,100,"2011CHN.EVN.regular.sub.csv",514
"CHN201107010",7,0,"dunna001",0,9,11,"jacke001",1,50,"2011CHN.EVN.regular.sub.csv",515
"CHN201107010",7,0,"samaj001",1,9,1,"wellr001",1,52,"2011CHN.EVN.regular.sub.csv",516
"CHN201107010",7,1,"brunb001",0,9,1,"dunna001",11,54,"2011CHN.EVN.regular.sub.csv",517
"CHN201107010",7,1,"dewib001",1,9,11,"samaj001",1,56,"2011CHN.EVN.regular.sub.csv",518
"CHN201107010",8,0,"woodk002",1,9,1,"dewib001",11,58,"2011CHN.EVN.regular.sub.csv",519
"CHN201107010",8,1,"craij001",0,9,1,"brunb001",1,61,"2011CHN.EVN.regular.sub.csv",520
"CHN201107010",9,0,"marss002",1,5,1,"penac001",3,65,"2011CHN.EVN.regular.sub.csv",521
"CHN201107010",9,0,"bakej001",1,9,3,"woodk002",1,65,"2011CHN.EVN.regular.sub.csv",522
"CHN201107010",9,0,"lillb001",0,9,11,"craij001",1,67,"2011CHN.EVN.regular.sub.csv",523
"CHN201107010",9,1,"sants001",0,9,1,"lillb001",11,70,"2011CHN.EVN.regular.sub.csv",524
"CHN201107020",8,0,"teahm001",0,9,11,"humbp001",1,55,"2011CHN.EVN.regular.sub.csv",525
"CHN201107020",8,1,"thorm001",0,9,1,"teahm001",11,58,"2011CHN.EVN.regular.sub.csv",526
"CHN201107020",9,1,"lillb001",0,3,9,"dunna001",9,65,"2011CHN.EVN.regular.sub.csv",527
"CHN201107030",7,1,"campt001",1,7,12,"soria001",7,48,"2011CHN.EVN.regular.sub.csv",528
"CHN201107030",7,1,"dewib001",1,9,11,"loper001",1,50,"2011CHN.EVN.regular.sub.csv",529
"CHN201107030",8,0,"campt001",1,7,7,"campt001",12,52,"2011CHN.EVN.regular.sub.csv",530
"CHN201107030",8,0,"woodk002",1,9,1,"dewib001",11,52,"2011CHN.EVN.regular.sub.csv",531
"CHN201107030",8,0,"konep001",0,9,11,"floyg001",1,55,"2011CHN.EVN.regular.sub.csv",532
"CHN201107030",8,0,"marss002",1,9,1,"woodk002",1,57,"2011CHN.EVN.regular.sub.csv",533
"CHN201107030",8,0,"lillb001",0,9,12,"konep001",11,57,"2011CHN.EVN.regular.sub.csv",534
"CHN201107030",8,0,"marmc001",1,9,1,"marss002",1,58,"2011CHN.EVN.regular.sub.csv",535
"CHN201107030",8,1,"brunb001",0,9,1,"lillb001",12,59,"2011CHN.EVN.regular.sub.csv",536
"CHN201107030",8,1,"ohmaw001",0,9,1,"brunb001",1,62,"2011CHN.EVN.regular.sub.csv",537
"CHN201107140",7,1,"cishs001",0,9,1,"sanca004",1,53,"2011CHN.EVN.regular.sub.csv",538
"CHN201107140",7,1,"campt001",1,6,12,"soria001",7,53,"2011CHN.EVN.regular.sub.csv",539
"CHN201107140",7,1,"dewib001",1,9,11,"garzm001",1,55,"2011CHN.EVN.regular.sub.csv",540
"CHN201107140",7,1,"choar001",0,9,1,"cishs001",1,55,"2011CHN.EVN.regular.sub.csv",541
"CHN201107140",7,1,"bakej001",1,9,11,"dewib001",11,55,"2011CHN.EVN.regular.sub.csv",542
"CHN201107140",8,0,"campt001",1,6,7,"campt001",12,57,"2011CHN.EVN.regular.sub.csv",543
"CHN201107140",8,0,"marss002",1,9,1,"bakej001",11,57,"2011CHN.EVN.regular.sub.csv",544
"CHN201107140",8,1,"badeb001",0,9,1,"choar001",1,60,"2011CHN.EVN.regular.sub.csv",545
"CHN201107140",8,1,"dunnm002",0,9,1,"badeb001",1,62,"2011CHN.EVN.regular.sub.csv",546
"CHN201107140",8,1,"mujie001",0,9,1,"dunnm002",1,63,"2011CHN.EVN.regular.sub.csv",547
"CHN201107140",9,0,"marmc001",1,9,1,"marss002",1,64,"2011CHN.EVN.regular.sub.csv",548
"CHN201107140",9,0,"dobbg001",0,9,11,"mujie001",1,67,"2011CHN.EVN.regular.sub.csv",549
"CHN201107140",9,0,"wised001",0,8,12,"buckj001",2,67,"2011CHN.EVN.regular.sub.csv",550
"CHN201107140",9,0,"hayeb001",0,9,12,"dobbg001",11,68,"2011CHN.EVN.regular.sub.csv",551
"CHN201107140",9,0,"woodk002",1,9,1,"marmc001",1,69,"2011CHN.EVN.regular.sub.csv",552
"CHN201107140",9,0,"russj003",1,9,1,"woodk002",1,72,"2011CHN.EVN.regular.sub.csv",553
"CHN201107140",9,1,"nunel001",0,5,1,"morrl001",7,75,"2011CHN.EVN.regular.sub.csv",554
"CHN201107140",9,1,"wised001",0,8,7,"wised001",12,75,"2011CHN.EVN.regular.sub.csv",555
"CHN201107140",9,1,"hayeb001",0,9,2,"hayeb001",12,75,"2011CHN.EVN.regular.sub.csv",556
"CHN201107140",9,1,"johnr008",1,9,11,"russj003",1,79,"2011CHN.EVN.regular.sub.csv",557
"CHN201107150",8,0,"johnr008",1,7,7,"soria001",7,52,"2011CHN.EVN.regular.sub.csv",558
"CHN201107150",8,0,"wised001",0,8,12,"buckj001",2,55,"2011CHN.EVN.regular.sub.csv",559
"CHN201107150",8,0,"dobbg001",0,9,11,"nolar001",1,55,"2011CHN.EVN.regular.sub.csv",560
"CHN201107150",8,0,"peteb001",0,9,12,"dobbg001",11,56,"2011CHN.EVN.regular.sub.csv",561
"CHN201107150",8,1,"hayeb001",0,8,2,"wised001",12,57,"2011CHN.EVN.regular.sub.csv",562
"CHN201107150",8,1,"badeb001",0,9,1,"peteb001",12,57,"2011CHN.EVN.regular.sub.csv",563
"CHN201107150",8,1,"choar001",0,9,1,"badeb001",1,59,"2011CHN.EVN.regular.sub.csv",564
"CHN201107150",9,0,"marmc001",1,9,1,"dempr002",1,60,"2011CHN.EVN.regular.sub.csv",565
"CHN201107150",9,0,"marss002",1,9,1,"marmc001",1,64,"2011CHN.EVN.regular.sub.csv",566
"CHN201107160",5,0,"ortir002",1,9,1,"zambc001",1,38,"2011CHN.EVN.regular.sub.csv",567
"CHN201107160",6,1,"bonie001",0,1,4,"bonie001",5,48,"2011CHN.EVN.regular.sub.csv",568
"CHN201107160",6,1,"helmw001",0,2,5,"infao001",4,48,"2011CHN.EVN.regular.sub.csv",569
"CHN201107160",6,1,"bakej001",1,9,11,"ortir002",1,49,"2011CHN.EVN.regular.sub.csv",570
"CHN201107160",7,0,"grabj002",1,9,1,"bakej001",11,54,"2011CHN.EVN.regular.sub.csv",571
"CHN201107160",8,0,"wised001",0,9,11,"vazqj001",1,61,"2011CHN.EVN.regular.sub.csv",572
"CHN201107160",8,0,"dewib001",1,3,5,"ramia001",5,61,"2011CHN.EVN.regular.sub.csv",573
"CHN201107160",8,0,"russj003",1,5,1,"byrdm001",8,61,"2011CHN.EVN.regular.sub.csv",574
"CHN201107160",8,0,"campt001",1,9,8,"grabj002",1,61,"2011CHN.EVN.regular.sub.csv",575
"CHN201107160",8,1,"hatcc002",0,3,1,"morrl001",7,65,"2011CHN.EVN.regular.sub.csv",576
"CHN201107160",8,1,"peteb001",0,7,7,"peteb001",8,65,"2011CHN.EVN.regular.sub.csv",577
"CHN201107160",8,1,"wised001",0,9,8,"wised001",11,65,"2011CHN.EVN.regular.sub.csv",578
"CHN201107160",9,0,"samaj001",1,5,1,"russj003",1,68,"2011CHN.EVN.regular.sub.csv",579
"CHN201107160",9,1,"sancb001",0,3,1,"hatcc002",1,74,"2011CHN.EVN.regular.sub.csv",580
"CHN201107170",4,0,"peteb001",0,9,11,"volsc001",1,31,"2011CHN.EVN.regular.sub.csv",581
"CHN201107170",4,1,"badeb001",0,9,1,"peteb001",11,32,"2011CHN.EVN.regular.sub.csv",582
"CHN201107170",7,0,"russj003",1,9,1,"wellr001",1,51,"2011CHN.EVN.regular.sub.csv",583
"CHN201107170",7,0,"samaj001",1,9,1,"russj003",1,53,"2011CHN.EVN.regular.sub.csv",584
"CHN201107170",7,1,"mujie001",0,9,1,"badeb001",1,56,"2011CHN.EVN.regular.sub.csv",585
"CHN201107170",8,0,"woodk002",1,6,1,"dewib001",7,59,"2011CHN.EVN.regular.sub.csv",586
"CHN201107170",8,0,"campt001",1,9,7,"samaj001",1,59,"2011CHN.EVN.regular.sub.csv",587
"CHN201107170",8,0,"helmw001",0,9,11,"mujie001",1,62,"2011CHN.EVN.regular.sub.csv",588
"CHN201107170",8,0,"hayeb001",0,8,12,"buckj001",2,63,"2011CHN.EVN.regular.sub.csv",589
"CHN201107170",8,1,"wised001",0,2,7,"dobbg001",5,67,"2011CHN.EVN.regular.sub.csv",590
"CHN201107170",8,1,"cishs001",0,3,1,"morrl001",7,67,"2011CHN.EVN.regular.sub.csv",591
"CHN201107170",8,1,"hayeb001",0,8,2,"hayeb001",12,67,"2011CHN.EVN.regular.sub.csv",592
"CHN201107170",8,1,"helmw001",0,9,5,"helmw001",11,67,"2011CHN.EVN.regular.sub.csv",593
"CHN201107170",8,1,"choar001",0,3,1,"cishs001",1,71,"2011CHN.EVN.regular.sub.csv",594
"CHN201107170",9,0,"grabj002",1,6,1,"woodk002",1,72,"2011CHN.EVN.regular.sub.csv",595
"CHN201107170",9,1,"bonie001",0,1,7,"bonie001",4,77,"2011CHN.EVN.regular.sub.csv",596
"CHN201107170",9,1,"wised001",0,2,8,"wised001",7,77,"2011CHN.EVN.regular.sub.csv",597
"CHN201107170",9,1,"infao001",0,3,4,"choar001",1,77,"2011CHN.EVN.regular.sub.csv",598
"CHN201107170",9,1,"nunel001",0,7,1,"camem001",8,77,"2011CHN.EVN.regular.sub.csv",599
"CHN201107170",9,1,"soria001",1,6,11,"grabj002",1,78,"2011CHN.EVN.regular.sub.csv",600
"CHN201107180",5,1,"carpa001",0,9,1,"hallr001",1,38,"2011CHN.EVN.regular.sub.csv",601
"CHN201107180",7,0,"orr-p001",0,9,11,"carpa001",1,60,"2011CHN.EVN.regular.sub.csv",602
"CHN201107180",7,0,"russj003",1,9,1,"loper001",1,60,"2011CHN.EVN.regular.sub.csv",603
"CHN201107180",7,0,"franb001",0,9,11,"orr-p001",11,60,"2011CHN.EVN.regular.sub.csv",604
"CHN201107180",7,1,"hernd003",0,9,1,"franb001",11,61,"2011CHN.EVN.regular.sub.csv",605
"CHN201107180",8,0,"samaj001",1,6,1,"soria001",7,66,"2011CHN.EVN.regular.sub.csv",606
"CHN201107180",8,0,"campt001",1,9,7,"russj003",1,66,"2011CHN.EVN.regular.sub.csv",607
"CHN201107180",9,0,"marmc001",1,6,1,"samaj001",1,72,"2011CHN.EVN.regular.sub.csv",608
"CHN201107190",7,0,"gloar001",0,9,11,"lee-c003",1,53,"2011CHN.EVN.regular.sub.csv",609
"CHN201107190",7,1,"stutm001",0,9,1,"gloar001",11,54,"2011CHN.EVN.regular.sub.csv",610
"CHN201107190",7,1,"dewib001",1,4,11,"bakej001",4,58,"2011CHN.EVN.regular.sub.csv",611
"CHN201107190",8,0,"barnd001",1,4,4,"dewib001",11,59,"2011CHN.EVN.regular.sub.csv",612
"CHN201107190",8,0,"marss002",1,9,1,"garzm001",1,60,"2011CHN.EVN.regular.sub.csv",613
"CHN201107190",9,0,"maybj001",0,7,11,"browd004",9,69,"2011CHN.EVN.regular.sub.csv",614
"CHN201107190",9,0,"franb001",0,9,11,"stutm001",1,71,"2011CHN.EVN.regular.sub.csv",615
"CHN201107190",9,1,"maybj001",0,7,9,"maybj001",11,74,"2011CHN.EVN.regular.sub.csv",616
"CHN201107190",9,1,"basta001",0,9,1,"franb001",11,74,"2011CHN.EVN.regular.sub.csv",617
"CHN201107190",9,1,"fukuk001",1,9,11,"marss002",1,74,"2011CHN.EVN.regular.sub.csv",618
"CHN201107200",3,1,"campt001",1,9,11,"dempr002",1,29,"2011CHN.EVN.regular.sub.csv",619
"CHN201107200",4,0,"ortir002",1,9,1,"campt001",11,31,"2011CHN.EVN.regular.sub.csv",620
"CHN201107200",6,1,"bakej001",1,9,11,"ortir002",1,50,"2011CHN.EVN.regular.sub.csv",621
"CHN201107200",7,0,"grabj002",1,9,1,"bakej001",11,53,"2011CHN.EVN.regular.sub.csv",622
"CHN201107200",7,0,"maybj001",0,4,11,"howar001",3,53,"2011CHN.EVN.regular.sub.csv",623
"CHN201107200",7,1,"maybj001",0,4,3,"maybj001",11,59,"2011CHN.EVN.regular.sub.csv",624
"CHN201107200",8,0,"valdw001",0,3,11,"utlec001",4,66,"2011CHN.EVN.regular.sub.csv",625
"CHN201107200",8,1,"valdw001",0,3,4,"valdw001",11,68,"2011CHN.EVN.regular.sub.csv",626
"CHN201107200",8,1,"dewib001",1,9,11,"grabj002",1,69,"2011CHN.EVN.regular.sub.csv",627
"CHN201107200",9,0,"woodk002",1,9,1,"dewib001",11,72,"2011CHN.EVN.regular.sub.csv",628
"CHN201107200",9,1,"madsr001",0,9,1,"worlv001",1,76,"2011CHN.EVN.regular.sub.csv",629
"CHN201107220",7,0,"russj003",1,9,1,"zambc001",1,54,"2011CHN.EVN.regular.sub.csv",630
"CHN201107220",7,0,"samaj001",1,9,1,"russj003",1,55,"2011CHN.EVN.regular.sub.csv",631
"CHN201107220",7,1,"dewib001",1,9,11,"samaj001",1,60,"2011CHN.EVN.regular.sub.csv",632
"CHN201107220",7,1,"escas001",0,9,1,"norrb001",1,61,"2011CHN.EVN.regular.sub.csv",633
"CHN201107220",7,1,"campt001",1,9,12,"dewib001",11,62,"2011CHN.EVN.regular.sub.csv",634
"CHN201107220",7,1,"rodrf004",0,9,1,"escas001",1,62,"2011CHN.EVN.regular.sub.csv",635
"CHN201107220",8,0,"grabj002",1,9,1,"campt001",12,64,"2011CHN.EVN.regular.sub.csv",636
"CHN201107220",8,0,"bourj001",0,5,11,"wallb001",3,64,"2011CHN.EVN.regular.sub.csv",637
"CHN201107220",8,0,"marmc001",1,9,1,"grabj002",1,65,"2011CHN.EVN.regular.sub.csv",638
"CHN201107220",8,1,"lee-c001",0,4,3,"lee-c001",7,67,"2011CHN.EVN.regular.sub.csv",639
"CHN201107220",8,1,"bourj001",0,5,7,"bourj001",11,67,"2011CHN.EVN.regular.sub.csv",640
"CHN201107220",9,0,"marss002",1,7,1,"soria001",7,71,"2011CHN.EVN.regular.sub.csv",641
"CHN201107220",9,0,"johnr008",1,9,7,"marmc001",1,71,"2011CHN.EVN.regular.sub.csv",642
"CHN201107220",9,0,"sanca005",0,8,11,"quinh001",2,71,"2011CHN.EVN.regular.sub.csv",643
"CHN201107220",9,0,"michj001",0,9,11,"rodrf004",1,72,"2011CHN.EVN.regular.sub.csv",644
"CHN201107230",7,0,"samaj001",1,9,1,"wellr001",1,46,"2011CHN.EVN.regular.sub.csv",645
"CHN201107230",7,0,"russj003",1,9,1,"samaj001",1,49,"2011CHN.EVN.regular.sub.csv",646
"CHN201107230",8,0,"johnr008",1,1,7,"johnr008",9,54,"2011CHN.EVN.regular.sub.csv",647
"CHN201107230",8,0,"marss002",1,7,1,"soria001",7,54,"2011CHN.EVN.regular.sub.csv",648
"CHN201107230",8,0,"fukuk001",1,9,9,"russj003",1,54,"2011CHN.EVN.regular.sub.csv",649
"CHN201107230",8,0,"bourj001",0,4,12,"lee-c001",7,58,"2011CHN.EVN.regular.sub.csv",650
"CHN201107230",8,0,"downm001",0,6,11,"wallb001",3,58,"2011CHN.EVN.regular.sub.csv",651
"CHN201107230",8,1,"bourj001",0,4,7,"bourj001",12,59,"2011CHN.EVN.regular.sub.csv",652
"CHN201107230",8,1,"downm001",0,6,3,"downm001",11,59,"2011CHN.EVN.regular.sub.csv",653
"CHN201107230",8,1,"escas001",0,9,1,"rodrw002",1,59,"2011CHN.EVN.regular.sub.csv",654
"CHN201107230",8,1,"rodrf004",0,9,1,"escas001",1,61,"2011CHN.EVN.regular.sub.csv",655
"CHN201107230",8,1,"penac001",1,4,11,"bakej001",3,64,"2011CHN.EVN.regular.sub.csv",656
"CHN201107230",8,1,"delre001",0,9,1,"rodrf004",1,66,"2011CHN.EVN.regular.sub.csv",657
"CHN201107230",9,0,"penac001",1,4,3,"penac001",11,67,"2011CHN.EVN.regular.sub.csv",658
"CHN201107230",9,0,"marmc001",1,7,1,"marss002",1,67,"2011CHN.EVN.regular.sub.csv",659
"CHN201107230",9,0,"michj001",0,9,11,"delre001",1,69,"2011CHN.EVN.regular.sub.csv",660
"CHN201107230",9,0,"quinh001",0,8,12,"corpc001",2,69,"2011CHN.EVN.regular.sub.csv",661
"CHN201107240",7,0,"sanca005",0,9,11,"lylej001",1,53,"2011CHN.EVN.regular.sub.csv",662
"CHN201107240",7,1,"delre001",0,9,1,"sanca005",11,56,"2011CHN.EVN.regular.sub.csv",663
"CHN201107240",7,1,"escas001",0,9,1,"delre001",1,59,"2011CHN.EVN.regular.sub.csv",664
"CHN201107240",8,0,"samaj001",1,9,1,"garzm001",1,60,"2011CHN.EVN.regular.sub.csv",665
"CHN201107240",8,0,"bourj001",0,6,12,"wallb001",3,64,"2011CHN.EVN.regular.sub.csv",666
"CHN201107240",8,0,"loper001",1,9,1,"samaj001",1,64,"2011CHN.EVN.regular.sub.csv",667
"CHN201107240",8,1,"lee-c001",0,4,3,"lee-c001",7,66,"2011CHN.EVN.regular.sub.csv",668
"CHN201107240",8,1,"bourj001",0,6,7,"bourj001",12,66,"2011CHN.EVN.regular.sub.csv",669
"CHN201107240",8,1,"lopew001",0,7,1,"downm001",4,66,"2011CHN.EVN.regular.sub.csv",670
"CHN201107240",8,1,"altuj001",0,9,4,"escas001",1,66,"2011CHN.EVN.regular.sub.csv",671
"CHN201107240",8,1,"dewib001",1,9,11,"loper001",1,70,"2011CHN.EVN.regular.sub.csv",672
"CHN201107240",8,1,"campt001",1,7,12,"soria001",7,70,"2011CHN.EVN.regular.sub.csv",673
"CHN201107240",9,0,"campt001",1,7,7,"campt001",12,72,"2011CHN.EVN.regular.sub.csv",674
"CHN201107240",9,0,"marmc001",1,9,1,"dewib001",11,72,"2011CHN.EVN.regular.sub.csv",675
"CHN201107240",10,0,"grabj002",1,9,1,"marmc001",1,81,"2011CHN.EVN.regular.sub.csv",676
"CHN201107240",10,0,"michj001",0,7,11,"lopew001",1,83,"2011CHN.EVN.regular.sub.csv",677
"CHN201107240",10,1,"carpd001",0,7,1,"michj001",11,85,"2011CHN.EVN.regular.sub.csv",678
"CHN201107240",10,1,"bakej001",1,9,11,"grabj002",1,90,"2011CHN.EVN.regular.sub.csv",679
"CHN201108050",6,1,"johnr008",1,9,11,"dempr002",1,55,"2011CHN.EVN.regular.sub.csv",680
"CHN201108050",7,0,"marss002",1,9,1,"johnr008",11,56,"2011CHN.EVN.regular.sub.csv",681
"CHN201108050",7,1,"arrej001",0,9,1,"leakm001",1,60,"2011CHN.EVN.regular.sub.csv",682
"CHN201108050",7,1,"brayb001",0,9,1,"arrej001",1,63,"2011CHN.EVN.regular.sub.csv",683
"CHN201108050",7,1,"bakej001",1,5,11,"dewib001",4,64,"2011CHN.EVN.regular.sub.csv",684
"CHN201108050",7,1,"ondrl001",0,9,1,"brayb001",1,64,"2011CHN.EVN.regular.sub.csv",685
"CHN201108050",8,0,"woodk002",1,5,1,"bakej001",11,66,"2011CHN.EVN.regular.sub.csv",686
"CHN201108050",8,0,"barnd001",1,9,4,"marss002",1,66,"2011CHN.EVN.regular.sub.csv",687
"CHN201108050",8,0,"heisc001",0,7,12,"alony001",7,68,"2011CHN.EVN.regular.sub.csv",688
"CHN201108050",8,0,"lewif001",0,9,11,"ondrl001",1,69,"2011CHN.EVN.regular.sub.csv",689
"CHN201108050",8,1,"cairm001",0,7,5,"heisc001",12,71,"2011CHN.EVN.regular.sub.csv",690
"CHN201108050",8,1,"frazt001",0,8,7,"frazt001",5,71,"2011CHN.EVN.regular.sub.csv",691
"CHN201108050",8,1,"chapa001",0,9,1,"lewif001",11,71,"2011CHN.EVN.regular.sub.csv",692
"CHN201108050",9,0,"marmc001",1,5,1,"woodk002",1,76,"2011CHN.EVN.regular.sub.csv",693
"CHN201108060",4,1,"lecus001",0,9,1,"cuetj001",1,43,"2011CHN.EVN.regular.sub.csv",694
"CHN201108060",5,0,"frazt001",0,4,11,"philb001",4,45,"2011CHN.EVN.regular.sub.csv",695
"CHN201108060",5,1,"frazt001",0,4,5,"frazt001",11,47,"2011CHN.EVN.regular.sub.csv",696
"CHN201108060",5,1,"cairm001",0,6,4,"cairm001",5,47,"2011CHN.EVN.regular.sub.csv",697
"CHN201108060",6,0,"lewif001",0,9,11,"lecus001",1,59,"2011CHN.EVN.regular.sub.csv",698
"CHN201108060",6,1,"arrej001",0,7,1,"alony001",7,61,"2011CHN.EVN.regular.sub.csv",699
"CHN201108060",6,1,"lewif001",0,9,7,"lewif001",11,61,"2011CHN.EVN.regular.sub.csv",700
"CHN201108060",6,1,"colvt001",1,9,11,"zambc001",1,64,"2011CHN.EVN.regular.sub.csv",701
"CHN201108060",7,0,"samaj001",1,9,1,"colvt001",11,67,"2011CHN.EVN.regular.sub.csv",702
"CHN201108060",7,1,"massn001",0,2,1,"rente001",6,70,"2011CHN.EVN.regular.sub.csv",703
"CHN201108060",7,1,"janip001",0,7,6,"arrej001",1,70,"2011CHN.EVN.regular.sub.csv",704
"CHN201108060",7,1,"bakej001",1,3,11,"ramia001",5,70,"2011CHN.EVN.regular.sub.csv",705
"CHN201108060",8,0,"bakej001",1,3,5,"bakej001",11,73,"2011CHN.EVN.regular.sub.csv",706
"CHN201108060",8,0,"grabj002",1,9,1,"samaj001",1,73,"2011CHN.EVN.regular.sub.csv",707
"CHN201108060",8,1,"cordf002",0,2,1,"massn001",1,77,"2011CHN.EVN.regular.sub.csv",708
"CHN201108060",9,0,"hanir001",0,2,11,"cordf002",1,82,"2011CHN.EVN.regular.sub.csv",709
"CHN201108070",7,0,"lewif001",0,9,11,"arrob001",1,54,"2011CHN.EVN.regular.sub.csv",710
"CHN201108070",7,1,"ondrl001",0,9,1,"lewif001",11,57,"2011CHN.EVN.regular.sub.csv",711
"CHN201108070",7,1,"johnr008",1,9,11,"wellr001",1,57,"2011CHN.EVN.regular.sub.csv",712
"CHN201108070",7,1,"brayb001",0,9,1,"ondrl001",1,61,"2011CHN.EVN.regular.sub.csv",713
"CHN201108070",7,1,"massn001",0,9,1,"brayb001",1,62,"2011CHN.EVN.regular.sub.csv",714
"CHN201108070",8,0,"marss002",1,6,1,"dewib001",4,66,"2011CHN.EVN.regular.sub.csv",715
"CHN201108070",8,0,"barnd001",1,9,4,"johnr008",11,66,"2011CHN.EVN.regular.sub.csv",716
"CHN201108070",8,0,"samaj001",1,6,1,"marss002",1,71,"2011CHN.EVN.regular.sub.csv",717
"CHN201108070",8,0,"alony001",0,9,11,"massn001",1,72,"2011CHN.EVN.regular.sub.csv",718
"CHN201108070",8,1,"chapa001",0,9,1,"alony001",11,73,"2011CHN.EVN.regular.sub.csv",719
"CHN201108070",8,1,"bakej001",1,8,11,"colvt001",9,73,"2011CHN.EVN.regular.sub.csv",720
"CHN201108070",9,0,"bakej001",1,8,9,"bakej001",11,76,"2011CHN.EVN.regular.sub.csv",721
"CHN201108070",9,1,"cordf002",0,9,1,"chapa001",1,79,"2011CHN.EVN.regular.sub.csv",722
"CHN201108090",6,1,"campt001",1,9,11,"garzm001",1,43,"2011CHN.EVN.regular.sub.csv",723
"CHN201108090",7,0,"russj003",1,9,1,"campt001",11,48,"2011CHN.EVN.regular.sub.csv",724
"CHN201108090",7,0,"bixlb001",0,9,11,"wangc001",1,48,"2011CHN.EVN.regular.sub.csv",725
"CHN201108090",7,1,"burns001",0,9,1,"bixlb001",11,51,"2011CHN.EVN.regular.sub.csv",726
"CHN201108090",8,0,"woodk002",1,9,1,"russj003",1,55,"2011CHN.EVN.regular.sub.csv",727
"CHN201108090",8,1,"clipt001",0,9,1,"burns001",1,58,"2011CHN.EVN.regular.sub.csv",728
"CHN201108090",8,1,"johnr008",1,9,11,"woodk002",1,59,"2011CHN.EVN.regular.sub.csv",729
"CHN201108090",9,0,"marmc001",1,9,1,"johnr008",11,62,"2011CHN.EVN.regular.sub.csv",730
"CHN201108090",9,1,"stord001",0,9,1,"clipt001",1,65,"2011CHN.EVN.regular.sub.csv",731
"CHN201108100",6,0,"samaj001",1,9,1,"loper001",1,46,"2011CHN.EVN.regular.sub.csv",732
"CHN201108100",6,1,"balec001",0,9,1,"detwr001",1,47,"2011CHN.EVN.regular.sub.csv",733
"CHN201108100",7,0,"nix-l001",0,9,11,"balec001",1,54,"2011CHN.EVN.regular.sub.csv",734
"CHN201108100",7,0,"marss002",1,9,1,"samaj001",1,54,"2011CHN.EVN.regular.sub.csv",735
"CHN201108100",7,1,"rodrh002",0,9,1,"nix-l001",11,56,"2011CHN.EVN.regular.sub.csv",736
"CHN201108100",7,1,"penac001",1,4,11,"bakej001",3,58,"2011CHN.EVN.regular.sub.csv",737
"CHN201108100",8,0,"penac001",1,4,3,"penac001",11,60,"2011CHN.EVN.regular.sub.csv",738
"CHN201108100",8,1,"campt001",1,7,12,"soria001",7,65,"2011CHN.EVN.regular.sub.csv",739
"CHN201108100",8,1,"dewib001",1,9,11,"marss002",1,67,"2011CHN.EVN.regular.sub.csv",740
"CHN201108100",9,0,"campt001",1,7,7,"campt001",12,68,"2011CHN.EVN.regular.sub.csv",741
"CHN201108100",9,0,"marmc001",1,9,1,"dewib001",11,68,"2011CHN.EVN.regular.sub.csv",742
"CHN201108110",7,0,"gomej001",0,4,12,"morsm001",3,50,"2011CHN.EVN.regular.sub.csv",743
"CHN201108110",7,1,"gomej001",0,4,7,"gomej001",12,52,"2011CHN.EVN.regular.sub.csv",744
"CHN201108110",7,1,"nix-l001",0,6,3,"nix-l001",7,52,"2011CHN.EVN.regular.sub.csv",745
"CHN201108110",7,1,"campt001",1,9,11,"dempr002",1,52,"2011CHN.EVN.regular.sub.csv",746
"CHN201108110",7,1,"mattr001",0,9,1,"zimmj003",1,57,"2011CHN.EVN.regular.sub.csv",747
"CHN201108110",8,0,"samaj001",1,9,1,"campt001",11,58,"2011CHN.EVN.regular.sub.csv",748
"CHN201108110",8,0,"coraa001",0,9,11,"mattr001",1,61,"2011CHN.EVN.regular.sub.csv",749
"CHN201108110",8,0,"marss002",1,9,1,"samaj001",1,61,"2011CHN.EVN.regular.sub.csv",750
"CHN201108110",8,0,"bixlb001",0,9,11,"coraa001",11,61,"2011CHN.EVN.regular.sub.csv",751
"CHN201108110",8,0,"johnr008",1,2,8,"johnr008",9,63,"2011CHN.EVN.regular.sub.csv",752
"CHN201108110",8,0,"woodk002",1,5,1,"byrdm001",8,63,"2011CHN.EVN.regular.sub.csv",753
"CHN201108110",8,0,"colvt001",1,9,9,"marss002",1,63,"2011CHN.EVN.regular.sub.csv",754
"CHN201108110",8,1,"cofft001",0,3,1,"zimmr001",5,65,"2011CHN.EVN.regular.sub.csv",755
"CHN201108110",8,1,"bixlb001",0,9,5,"bixlb001",11,65,"2011CHN.EVN.regular.sub.csv",756
"CHN201108110",9,0,"marmc001",1,5,1,"woodk002",1,69,"2011CHN.EVN.regular.sub.csv",757
"CHN201108190",5,1,"jay-j001",0,2,8,"craia001",8,40,"2011CHN.EVN.regular.sub.csv",758
"CHN201108190",7,1,"dewib001",1,9,11,"wellr001",1,56,"2011CHN.EVN.regular.sub.csv",759
"CHN201108190",7,1,"mottj001",0,9,1,"garcj004",1,57,"2011CHN.EVN.regular.sub.csv",760
"CHN201108190",8,0,"samaj001",1,9,1,"dewib001",11,59,"2011CHN.EVN.regular.sub.csv",761
"CHN201108190",8,1,"rhoda001",0,5,1,"berkl001",9,65,"2011CHN.EVN.regular.sub.csv",762
"CHN201108190",8,1,"pattc001",0,9,9,"mottj001",1,65,"2011CHN.EVN.regular.sub.csv",763
"CHN201108190",8,1,"penac001",1,4,11,"bakej001",3,65,"2011CHN.EVN.regular.sub.csv",764
"CHN201108190",8,1,"mcclk001",0,5,1,"rhoda001",1,66,"2011CHN.EVN.regular.sub.csv",765
"CHN201108190",9,0,"penac001",1,4,3,"penac001",11,70,"2011CHN.EVN.regular.sub.csv",766
"CHN201108190",9,0,"marmc001",1,7,1,"soria001",7,70,"2011CHN.EVN.regular.sub.csv",767
"CHN201108190",9,0,"campt001",1,9,7,"samaj001",1,70,"2011CHN.EVN.regular.sub.csv",768
"CHN201108190",10,0,"marss002",1,7,1,"marmc001",1,78,"2011CHN.EVN.regular.sub.csv",769
"CHN201108190",10,1,"doteo001",0,5,1,"mcclk001",1,81,"2011CHN.EVN.regular.sub.csv",770
"CHN201108190",10,1,"colvt001",1,7,11,"marss002",1,83,"2011CHN.EVN.regular.sub.csv",771
"CHN201108200",8,0,"marss002",1,6,1,"soria001",7,53,"2011CHN.EVN.regular.sub.csv",772
"CHN201108200",8,0,"campt001",1,9,7,"garzm001",1,53,"2011CHN.EVN.regular.sub.csv",773
"CHN201108200",8,0,"hollm001",0,9,11,"jacke001",1,53,"2011CHN.EVN.regular.sub.csv",774
"CHN201108200",8,0,"woodk002",1,6,1,"marss002",1,55,"2011CHN.EVN.regular.sub.csv",775
"CHN201108200",8,1,"boggm001",0,2,1,"craia001",7,56,"2011CHN.EVN.regular.sub.csv",776
"CHN201108200",8,1,"hollm001",0,9,7,"hollm001",11,56,"2011CHN.EVN.regular.sub.csv",777
"CHN201108200",9,0,"marmc001",1,6,1,"woodk002",1,62,"2011CHN.EVN.regular.sub.csv",778
"CHN201108210",6,0,"russj003",1,9,1,"loper001",1,50,"2011CHN.EVN.regular.sub.csv",779
"CHN201108210",6,0,"samaj001",1,5,1,"johnr008",7,53,"2011CHN.EVN.regular.sub.csv",780
"CHN201108210",6,0,"dewib001",1,9,7,"russj003",1,53,"2011CHN.EVN.regular.sub.csv",781
"CHN201108210",8,0,"grabj002",1,5,1,"samaj001",1,66,"2011CHN.EVN.regular.sub.csv",782
"CHN201108210",8,0,"craia001",0,9,11,"westj001",1,67,"2011CHN.EVN.regular.sub.csv",783
"CHN201108210",8,1,"mottj001",0,9,1,"craia001",11,69,"2011CHN.EVN.regular.sub.csv",784
"CHN201108210",8,1,"campt001",1,5,11,"grabj002",1,71,"2011CHN.EVN.regular.sub.csv",785
"CHN201108210",9,0,"ortir002",1,5,1,"campt001",11,72,"2011CHN.EVN.regular.sub.csv",786
"CHN201108210",9,1,"salaf001",0,5,1,"berkl001",9,75,"2011CHN.EVN.regular.sub.csv",787
"CHN201108210",9,1,"pattc001",0,9,9,"mottj001",1,75,"2011CHN.EVN.regular.sub.csv",788
"CHN201108220",6,0,"heywj001",0,8,12,"consj001",9,52,"2011CHN.EVN.regular.sub.csv",789
"CHN201108220",6,1,"heywj001",0,8,9,"heywj001",12,53,"2011CHN.EVN.regular.sub.csv",790
"CHN201108220",6,1,"campt001",1,9,11,"dempr002",1,55,"2011CHN.EVN.regular.sub.csv",791
"CHN201108220",7,0,"russj003",1,9,1,"campt001",11,59,"2011CHN.EVN.regular.sub.csv",792
"CHN201108220",7,1,"vizca001",0,9,1,"jurrj001",1,64,"2011CHN.EVN.regular.sub.csv",793
"CHN201108220",8,0,"samaj001",1,9,1,"russj003",1,66,"2011CHN.EVN.regular.sub.csv",794
"CHN201108220",8,1,"oflae001",0,9,1,"vizca001",1,69,"2011CHN.EVN.regular.sub.csv",795
"CHN201108220",8,1,"johnr008",1,7,11,"colvt001",9,69,"2011CHN.EVN.regular.sub.csv",796
"CHN201108220",8,1,"sotog001",1,8,11,"hillk002",2,70,"2011CHN.EVN.regular.sub.csv",797
"CHN201108220",8,1,"bakej001",1,9,11,"samaj001",1,71,"2011CHN.EVN.regular.sub.csv",798
"CHN201108220",9,0,"johnr008",1,7,9,"johnr008",11,73,"2011CHN.EVN.regular.sub.csv",799
"CHN201108220",9,0,"sotog001",1,8,2,"sotog001",11,73,"2011CHN.EVN.regular.sub.csv",800
"CHN201108220",9,0,"woodk002",1,9,1,"bakej001",11,73,"2011CHN.EVN.regular.sub.csv",801
"CHN201108220",9,0,"hinse001",0,9,11,"oflae001",1,75,"2011CHN.EVN.regular.sub.csv",802
"CHN201108220",9,1,"ventj001",0,9,1,"hinse001",11,76,"2011CHN.EVN.regular.sub.csv",803
"CHN201108230",5,1,"barnd001",1,9,11,"colec001",1,40,"2011CHN.EVN.regular.sub.csv",804
"CHN201108230",6,0,"grabj002",1,4,1,"bakej001",4,46,"2011CHN.EVN.regular.sub.csv",805
"CHN201108230",6,0,"barnd001",1,9,4,"barnd001",11,46,"2011CHN.EVN.regular.sub.csv",806
"CHN201108230",6,0,"lugoj001",0,9,11,"minom001",1,50,"2011CHN.EVN.regular.sub.csv",807
"CHN201108230",6,1,"martc005",0,9,1,"lugoj001",11,52,"2011CHN.EVN.regular.sub.csv",808
"CHN201108230",7,0,"woodk002",1,4,1,"grabj002",1,56,"2011CHN.EVN.regular.sub.csv",809
"CHN201108230",7,1,"dewib001",1,4,11,"woodk002",1,62,"2011CHN.EVN.regular.sub.csv",810
"CHN201108230",7,1,"sherg001",0,9,1,"martc005",1,62,"2011CHN.EVN.regular.sub.csv",811
"CHN201108230",7,1,"vizca001",0,9,1,"sherg001",1,64,"2011CHN.EVN.regular.sub.csv",812
"CHN201108230",8,0,"marss002",1,4,1,"dewib001",11,65,"2011CHN.EVN.regular.sub.csv",813
"CHN201108230",8,1,"freef001",0,6,3,"hinse001",3,68,"2011CHN.EVN.regular.sub.csv",814
"CHN201108230",9,0,"conrb001",0,9,11,"vizca001",1,72,"2011CHN.EVN.regular.sub.csv",815
"CHN201108230",9,1,"kimbc001",0,9,1,"conrb001",11,76,"2011CHN.EVN.regular.sub.csv",816
"CHN201108230",9,1,"colvt001",1,4,11,"marss002",1,79,"2011CHN.EVN.regular.sub.csv",817
"CHN201108240",7,0,"marss002",1,9,1,"wellr001",1,55,"2011CHN.EVN.regular.sub.csv",818
"CHN201108240",8,0,"woodk002",1,9,1,"marss002",1,59,"2011CHN.EVN.regular.sub.csv",819
"CHN201108240",8,0,"conrb001",0,9,11,"lowed001",1,60,"2011CHN.EVN.regular.sub.csv",820
"CHN201108240",8,1,"lines001",0,9,1,"conrb001",11,64,"2011CHN.EVN.regular.sub.csv",821
"CHN201108240",9,0,"marmc001",1,6,1,"soria001",7,69,"2011CHN.EVN.regular.sub.csv",822
"CHN201108240",9,0,"campt001",1,7,7,"campt001",8,69,"2011CHN.EVN.regular.sub.csv",823
"CHN201108240",9,0,"byrdm001",1,9,8,"woodk002",1,69,"2011CHN.EVN.regular.sub.csv",824
"CHN201108240",9,0,"consj001",0,6,12,"jonec004",5,72,"2011CHN.EVN.regular.sub.csv",825
"CHN201108250",5,1,"campt001",1,9,11,"garzm001",1,45,"2011CHN.EVN.regular.sub.csv",826
"CHN201108250",6,0,"grabj002",1,9,1,"campt001",11,47,"2011CHN.EVN.regular.sub.csv",827
"CHN201108250",7,1,"vizca001",0,9,1,"beacb001",1,60,"2011CHN.EVN.regular.sub.csv",828
"CHN201108250",7,1,"dewib001",1,9,11,"grabj002",1,62,"2011CHN.EVN.regular.sub.csv",829
"CHN201108250",8,0,"russj003",1,9,1,"dewib001",11,63,"2011CHN.EVN.regular.sub.csv",830
"CHN201108250",8,0,"conrb001",0,9,11,"vizca001",1,65,"2011CHN.EVN.regular.sub.csv",831
"CHN201108250",8,1,"oflae001",0,9,1,"conrb001",11,69,"2011CHN.EVN.regular.sub.csv",832
"CHN201108250",9,0,"samaj001",1,9,1,"russj003",1,73,"2011CHN.EVN.regular.sub.csv",833
"CHN201108250",9,1,"martc005",0,9,1,"oflae001",1,76,"2011CHN.EVN.regular.sub.csv",834
"CHN201109020",1,1,"presa001",0,1,8,"presa001",7,5,"2011CHN.EVN.regular.sub.csv",835
"CHN201109020",1,1,"tabaj002",0,4,7,"mccua001",8,5,"2011CHN.EVN.regular.sub.csv",836
"CHN201109020",6,1,"grilj001",0,7,1,"ceder002",6,49,"2011CHN.EVN.regular.sub.csv",837
"CHN201109020",6,1,"darnc001",0,9,6,"burrb001",1,49,"2011CHN.EVN.regular.sub.csv",838
"CHN201109020",7,0,"woodk002",1,9,1,"dempr002",1,53,"2011CHN.EVN.regular.sub.csv",839
"CHN201109020",7,0,"johnr008",1,2,8,"johnr008",9,56,"2011CHN.EVN.regular.sub.csv",840
"CHN201109020",7,0,"marss002",1,6,1,"byrdm001",8,56,"2011CHN.EVN.regular.sub.csv",841
"CHN201109020",7,0,"colvt001",1,9,9,"woodk002",1,56,"2011CHN.EVN.regular.sub.csv",842
"CHN201109020",7,1,"leroc001",0,7,1,"grilj001",1,58,"2011CHN.EVN.regular.sub.csv",843
"CHN201109020",8,0,"samaj001",1,6,1,"marss002",1,61,"2011CHN.EVN.regular.sub.csv",844
"CHN201109020",8,0,"lincb001",0,7,11,"leroc001",1,61,"2011CHN.EVN.regular.sub.csv",845
"CHN201109020",8,1,"veraj001",0,7,1,"lincb001",11,64,"2011CHN.EVN.regular.sub.csv",846
"CHN201109020",9,0,"russj003",1,6,1,"samaj001",1,71,"2011CHN.EVN.regular.sub.csv",847
"CHN201109020",9,0,"doumr001",0,5,11,"joneg002",3,71,"2011CHN.EVN.regular.sub.csv",848
"CHN201109020",9,1,"hanrj001",0,5,1,"doumr001",11,72,"2011CHN.EVN.regular.sub.csv",849
"CHN201109020",9,1,"woodb003",0,7,3,"veraj001",1,72,"2011CHN.EVN.regular.sub.csv",850
"CHN201109020",9,1,"dewib001",1,6,11,"russj003",1,74,"2011CHN.EVN.regular.sub.csv",851
"CHN201109030",5,1,"leroc001",0,9,1,"ohler001",1,47,"2011CHN.EVN.regular.sub.csv",852
"CHN201109030",6,1,"campt001",1,9,11,"colec001",1,53,"2011CHN.EVN.regular.sub.csv",853
"CHN201109030",7,0,"woodk002",1,9,1,"campt001",11,56,"2011CHN.EVN.regular.sub.csv",854
"CHN201109030",7,0,"joneg002",0,9,11,"leroc001",1,57,"2011CHN.EVN.regular.sub.csv",855
"CHN201109030",7,1,"mccud001",0,9,1,"joneg002",11,62,"2011CHN.EVN.regular.sub.csv",856
"CHN201109030",7,1,"resoc001",0,9,1,"mccud001",1,67,"2011CHN.EVN.regular.sub.csv",857
"CHN201109030",7,1,"dewib001",1,9,11,"woodk002",1,69,"2011CHN.EVN.regular.sub.csv",858
"CHN201109030",8,0,"johnr008",1,5,7,"soria001",7,70,"2011CHN.EVN.regular.sub.csv",859
"CHN201109030",8,0,"marss002",1,9,1,"dewib001",11,70,"2011CHN.EVN.regular.sub.csv",860
"CHN201109030",9,0,"marmc001",1,9,1,"marss002",1,79,"2011CHN.EVN.regular.sub.csv",861
"CHN201109030",9,0,"paulx001",0,8,11,"ceder002",6,79,"2011CHN.EVN.regular.sub.csv",862
"CHN201109030",9,0,"jaraj001",0,9,11,"resoc001",1,80,"2011CHN.EVN.regular.sub.csv",863
"CHN201109030",9,1,"hanrj001",0,6,1,"doumr001",2,88,"2011CHN.EVN.regular.sub.csv",864
"CHN201109030",9,1,"darnc001",0,8,6,"paulx001",11,88,"2011CHN.EVN.regular.sub.csv",865
"CHN201109030",9,1,"mckem001",0,9,2,"jaraj001",11,88,"2011CHN.EVN.regular.sub.csv",866
"CHN201109040",5,1,"watst001",0,9,1,"mortc002",1,53,"2011CHN.EVN.regular.sub.csv",867
"CHN201109040",7,0,"cirip001",0,9,11,"watst001",1,66,"2011CHN.EVN.regular.sub.csv",868
"CHN201109040",7,0,"campt001",1,2,7,"campt001",9,66,"2011CHN.EVN.regular.sub.csv",869
"CHN201109040",7,0,"russj003",1,5,1,"lahab001",7,66,"2011CHN.EVN.regular.sub.csv",870
"CHN201109040",7,0,"johnr008",1,9,9,"wellr001",1,66,"2011CHN.EVN.regular.sub.csv",871
"CHN201109040",7,1,"mccud001",0,9,1,"cirip001",11,69,"2011CHN.EVN.regular.sub.csv",872
"CHN201109040",8,0,"samaj001",1,5,1,"russj003",1,73,"2011CHN.EVN.regular.sub.csv",873
"CHN201109040",8,1,"veraj001",0,9,1,"mccud001",1,79,"2011CHN.EVN.regular.sub.csv",874
"CHN201109040",8,1,"dewib001",1,5,11,"samaj001",1,82,"2011CHN.EVN.regular.sub.csv",875
"CHN201109040",8,1,"colec001",1,5,12,"dewib001",11,83,"2011CHN.EVN.regular.sub.csv",876
"CHN201109040",9,0,"marss002",1,5,1,"colec001",12,85,"2011CHN.EVN.regular.sub.csv",877
"CHN201109040",9,0,"tabaj002",0,8,11,"mckem001",2,85,"2011CHN.EVN.regular.sub.csv",878
"CHN201109040",9,0,"doumr001",0,9,11,"veraj001",1,86,"2011CHN.EVN.regular.sub.csv",879
"CHN201109050",8,0,"campt001",1,5,7,"soria001",7,60,"2011CHN.EVN.regular.sub.csv",880
"CHN201109050",8,0,"russj003",1,9,1,"garzm001",1,66,"2011CHN.EVN.regular.sub.csv",881
"CHN201109050",8,1,"fishc001",0,9,1,"willd003",1,67,"2011CHN.EVN.regular.sub.csv",882
"CHN201109050",8,1,"chapa001",0,9,1,"fishc001",1,69,"2011CHN.EVN.regular.sub.csv",883
"CHN201109050",8,1,"barnd001",1,9,11,"russj003",1,70,"2011CHN.EVN.regular.sub.csv",884
"CHN201109050",9,0,"penac001",1,4,3,"bakej001",4,71,"2011CHN.EVN.regular.sub.csv",885
"CHN201109050",9,0,"marmc001",1,8,1,"lahab001",3,71,"2011CHN.EVN.regular.sub.csv",886
"CHN201109050",9,0,"barnd001",1,9,4,"barnd001",11,71,"2011CHN.EVN.regular.sub.csv",887
"CHN201109050",9,0,"heisc001",0,8,11,"janip001",6,73,"2011CHN.EVN.regular.sub.csv",888
"CHN201109060",6,0,"ortir002",1,9,1,"loper001",1,39,"2011CHN.EVN.regular.sub.csv",889
"CHN201109060",6,1,"lemad001",1,9,11,"ortir002",1,43,"2011CHN.EVN.regular.sub.csv",890
"CHN201109060",7,0,"samaj001",1,9,1,"lemad001",11,44,"2011CHN.EVN.regular.sub.csv",891
"CHN201109060",9,0,"woodk002",1,9,1,"samaj001",1,57,"2011CHN.EVN.regular.sub.csv",892
"CHN201109060",9,0,"stubd001",0,7,12,"frazt001",7,60,"2011CHN.EVN.regular.sub.csv",893
"CHN201109060",9,1,"sappd001",0,2,7,"sappd001",8,61,"2011CHN.EVN.regular.sub.csv",894
"CHN201109060",9,1,"stubd001",0,7,8,"stubd001",12,61,"2011CHN.EVN.regular.sub.csv",895
"CHN201109060",9,1,"janip001",0,8,6,"valac001",6,61,"2011CHN.EVN.regular.sub.csv",896
"CHN201109060",9,1,"dewib001",1,8,11,"sotog001",2,61,"2011CHN.EVN.regular.sub.csv",897
"CHN201109060",9,1,"johnr008",1,9,11,"woodk002",1,62,"2011CHN.EVN.regular.sub.csv",898
"CHN201109060",9,1,"lahab001",1,2,11,"barnd001",4,64,"2011CHN.EVN.regular.sub.csv",899
"CHN201109060",10,0,"marmc001",1,2,1,"lahab001",11,67,"2011CHN.EVN.regular.sub.csv",900
"CHN201109060",10,0,"bakej001",1,8,4,"dewib001",11,67,"2011CHN.EVN.regular.sub.csv",901
"CHN201109060",10,0,"hillk002",1,9,2,"johnr008",11,67,"2011CHN.EVN.regular.sub.csv",902
"CHN201109060",10,0,"alony001",0,9,11,"leakm001",1,67,"2011CHN.EVN.regular.sub.csv",903
"CHN201109060",10,1,"brayb001",0,9,1,"alony001",11,71,"2011CHN.EVN.regular.sub.csv",904
"CHN201109060",10,1,"massn001",0,9,1,"brayb001",1,72,"2011CHN.EVN.regular.sub.csv",905
"CHN201109060",10,1,"campt001",1,5,12,"soria001",7,73,"2011CHN.EVN.regular.sub.csv",906
"CHN201109060",10,1,"lecus001",0,9,1,"massn001",1,76,"2011CHN.EVN.regular.sub.csv",907
"CHN201109060",11,0,"marss002",1,2,1,"marmc001",1,77,"2011CHN.EVN.regular.sub.csv",908
"CHN201109060",11,0,"campt001",1,5,7,"campt001",12,77,"2011CHN.EVN.regular.sub.csv",909
"CHN201109060",11,1,"arrej001",0,5,1,"mesod001",2,81,"2011CHN.EVN.regular.sub.csv",910
"CHN201109060",11,1,"hanir001",0,9,2,"lecus001",1,81,"2011CHN.EVN.regular.sub.csv",911
"CHN201109060",11,1,"montl001",1,2,11,"marss002",1,83,"2011CHN.EVN.regular.sub.csv",912
"CHN201109060",11,1,"chapa001",0,5,1,"arrej001",1,86,"2011CHN.EVN.regular.sub.csv",913
"CHN201109060",12,0,"montl001",1,2,9,"montl001",11,87,"2011CHN.EVN.regular.sub.csv",914
"CHN201109060",12,0,"grabj002",1,4,1,"penac001",3,87,"2011CHN.EVN.regular.sub.csv",915
"CHN201109060",12,0,"colvt001",1,7,3,"colvt001",9,87,"2011CHN.EVN.regular.sub.csv",916
"CHN201109060",13,0,"heisc001",0,5,11,"chapa001",1,97,"2011CHN.EVN.regular.sub.csv",917
"CHN201109060",13,1,"cordf002",0,2,1,"sappd001",7,101,"2011CHN.EVN.regular.sub.csv",918
"CHN201109060",13,1,"heisc001",0,5,7,"heisc001",11,101,"2011CHN.EVN.regular.sub.csv",919
"CHN201109070",7,0,"russj003",1,9,1,"dempr002",1,53,"2011CHN.EVN.regular.sub.csv",920
"CHN201109070",7,1,"heisc001",0,5,7,"alony001",7,56,"2011CHN.EVN.regular.sub.csv",921
"CHN201109070",7,1,"dewib001",1,9,11,"russj003",1,59,"2011CHN.EVN.regular.sub.csv",922
"CHN201109070",8,0,"woodk002",1,9,1,"dewib001",11,60,"2011CHN.EVN.regular.sub.csv",923
"CHN201109070",8,0,"mesod001",0,9,11,"cuetj001",1,64,"2011CHN.EVN.regular.sub.csv",924
"CHN201109070",8,1,"ondrl001",0,9,1,"mesod001",11,65,"2011CHN.EVN.regular.sub.csv",925
"CHN201109070",8,1,"brayb001",0,9,1,"ondrl001",1,68,"2011CHN.EVN.regular.sub.csv",926
"CHN201109070",9,0,"campt001",1,5,7,"soria001",7,71,"2011CHN.EVN.regular.sub.csv",927
"CHN201109070",9,0,"marmc001",1,6,1,"lahab001",9,71,"2011CHN.EVN.regular.sub.csv",928
"CHN201109070",9,0,"montl001",1,9,9,"woodk002",1,71,"2011CHN.EVN.regular.sub.csv",929
"CHN201109160",6,1,"lopew001",0,9,1,"rodrw002",1,45,"2011CHN.EVN.regular.sub.csv",930
"CHN201109160",8,0,"johnr008",1,4,9,"bakej001",9,52,"2011CHN.EVN.regular.sub.csv",931
"CHN201109160",8,0,"wallb001",0,9,11,"lopew001",1,55,"2011CHN.EVN.regular.sub.csv",932
"CHN201109160",8,1,"harrl002",0,9,1,"wallb001",11,56,"2011CHN.EVN.regular.sub.csv",933
"CHN201109160",9,0,"campt001",1,7,7,"soria001",7,59,"2011CHN.EVN.regular.sub.csv",934
"CHN201109160",9,0,"shucj001",0,2,11,"altuj001",4,60,"2011CHN.EVN.regular.sub.csv",935
"CHN201109160",9,1,"sanca005",0,2,4,"shucj001",11,65,"2011CHN.EVN.regular.sub.csv",936
"CHN201109160",9,1,"cedex001",0,9,1,"harrl002",1,65,"2011CHN.EVN.regular.sub.csv",937
"CHN201109160",9,1,"delre001",0,9,1,"cedex001",1,67,"2011CHN.EVN.regular.sub.csv",938
"CHN201109160",9,1,"dewib001",1,9,11,"garzm001",1,69,"2011CHN.EVN.regular.sub.csv",939
"CHN201109160",9,1,"wrigw001",0,9,1,"delre001",1,69,"2011CHN.EVN.regular.sub.csv",940
"CHN201109160",9,1,"rodrf004",0,6,1,"parej002",5,70,"2011CHN.EVN.regular.sub.csv",941
"CHN201109160",9,1,"downm001",0,9,5,"wrigw001",1,70,"2011CHN.EVN.regular.sub.csv",942
"CHN201109160",10,0,"marmc001",1,9,1,"dewib001",11,71,"2011CHN.EVN.regular.sub.csv",943
"CHN201109160",11,1,"lahab001",1,9,11,"marmc001",1,84,"2011CHN.EVN.regular.sub.csv",944
"CHN201109160",12,0,"samaj001",1,9,1,"lahab001",11,85,"2011CHN.EVN.regular.sub.csv",945
"CHN201109160",12,0,"bourj001",0,4,12,"lee-c001",3,86,"2011CHN.EVN.regular.sub.csv",946
"CHN201109160",12,0,"johnc003",0,6,11,"rodrf004",1,88,"2011CHN.EVN.regular.sub.csv",947
"CHN201109160",12,1,"carpd001",0,4,1,"bourj001",12,90,"2011CHN.EVN.regular.sub.csv",948
"CHN201109160",12,1,"johnc003",0,6,5,"johnc003",11,90,"2011CHN.EVN.regular.sub.csv",949
"CHN201109160",12,1,"downm001",0,9,3,"downm001",5,90,"2011CHN.EVN.regular.sub.csv",950
"CHN201109170",6,1,"dewib001",1,9,11,"loper001",1,53,"2011CHN.EVN.regular.sub.csv",951
"CHN201109170",7,0,"ortir002",1,9,1,"dewib001",11,54,"2011CHN.EVN.regular.sub.csv",952
"CHN201109170",7,0,"shucj001",0,8,11,"corpc001",2,54,"2011CHN.EVN.regular.sub.csv",953
"CHN201109170",7,0,"wallb001",0,9,11,"sosah001",1,55,"2011CHN.EVN.regular.sub.csv",954
"CHN201109170",7,0,"russj003",1,9,1,"ortir002",1,55,"2011CHN.EVN.regular.sub.csv",955
"CHN201109170",7,0,"johnc003",0,9,11,"wallb001",11,55,"2011CHN.EVN.regular.sub.csv",956
"CHN201109170",7,0,"woodk002",1,9,1,"russj003",1,57,"2011CHN.EVN.regular.sub.csv",957
"CHN201109170",7,1,"delre001",0,1,1,"schaj002",8,59,"2011CHN.EVN.regular.sub.csv",958
"CHN201109170",7,1,"shucj001",0,8,8,"shucj001",11,59,"2011CHN.EVN.regular.sub.csv",959
"CHN201109170",7,1,"towlj001",0,9,2,"johnc003",11,59,"2011CHN.EVN.regular.sub.csv",960
"CHN201109170",7,1,"wrigw001",0,1,1,"delre001",1,62,"2011CHN.EVN.regular.sub.csv",961
"CHN201109170",8,0,"montl001",1,5,9,"lahab001",9,64,"2011CHN.EVN.regular.sub.csv",962
"CHN201109170",8,0,"altuj001",0,4,12,"lee-c001",3,65,"2011CHN.EVN.regular.sub.csv",963
"CHN201109170",8,1,"bourj001",0,1,8,"wrigw001",1,69,"2011CHN.EVN.regular.sub.csv",964
"CHN201109170",8,1,"altuj001",0,4,4,"altuj001",12,69,"2011CHN.EVN.regular.sub.csv",965
"CHN201109170",8,1,"downm001",0,6,3,"downm001",4,69,"2011CHN.EVN.regular.sub.csv",966
"CHN201109170",8,1,"melam001",0,8,1,"shucj001",8,69,"2011CHN.EVN.regular.sub.csv",967
"CHN201109170",9,0,"campt001",1,2,7,"campt001",8,72,"2011CHN.EVN.regular.sub.csv",968
"CHN201109170",9,0,"marss002",1,6,1,"soria001",7,72,"2011CHN.EVN.regular.sub.csv",969
"CHN201109170",9,0,"byrdm001",1,9,8,"woodk002",1,72,"2011CHN.EVN.regular.sub.csv",970
"CHN201109170",9,0,"sanca005",0,9,11,"towlj001",2,72,"2011CHN.EVN.regular.sub.csv",971
"CHN201109170",9,0,"quinh001",0,5,11,"bogub001",9,77,"2011CHN.EVN.regular.sub.csv",972
"CHN201109180",8,0,"russj003",1,9,1,"dempr002",1,59,"2011CHN.EVN.regular.sub.csv",973
"CHN201109180",8,0,"dewib001",1,6,5,"dewib001",4,62,"2011CHN.EVN.regular.sub.csv",974
"CHN201109180",8,0,"samaj001",1,7,1,"lemad001",5,62,"2011CHN.EVN.regular.sub.csv",975
"CHN201109180",8,0,"barnd001",1,9,4,"russj003",1,62,"2011CHN.EVN.regular.sub.csv",976
"CHN201109180",8,1,"ramia001",1,2,11,"campt001",9,65,"2011CHN.EVN.regular.sub.csv",977
"CHN201109180",8,1,"melam001",0,5,1,"bogub001",9,68,"2011CHN.EVN.regular.sub.csv",978
"CHN201109180",8,1,"shucj001",0,9,9,"myerb001",1,68,"2011CHN.EVN.regular.sub.csv",979
"CHN201109180",9,0,"ramia001",1,2,5,"ramia001",11,69,"2011CHN.EVN.regular.sub.csv",980
"CHN201109180",9,0,"lahab001",1,3,3,"lahab001",7,69,"2011CHN.EVN.regular.sub.csv",981
"CHN201109180",9,0,"ortir002",1,4,1,"penac001",3,69,"2011CHN.EVN.regular.sub.csv",982
"CHN201109180",9,0,"dewib001",1,6,7,"dewib001",5,69,"2011CHN.EVN.regular.sub.csv",983
"CHN201109180",9,0,"johnr008",1,7,9,"samaj001",1,69,"2011CHN.EVN.regular.sub.csv",984
"CHN201109180",9,1,"bourj001",0,1,7,"bourj001",8,73,"2011CHN.EVN.regular.sub.csv",985
"CHN201109180",9,1,"schaj002",0,3,8,"martj006",7,73,"2011CHN.EVN.regular.sub.csv",986
"CHN201109180",9,1,"soria001",1,8,11,"hillk002",2,75,"2011CHN.EVN.regular.sub.csv",987
"CHN201109190",5,0,"schal001",0,9,11,"narvc001",1,36,"2011CHN.EVN.regular.sub.csv",988
"CHN201109190",5,1,"estrm001",0,9,1,"schal001",11,38,"2011CHN.EVN.regular.sub.csv",989
"CHN201109190",6,1,"montl001",1,9,11,"colec001",1,50,"2011CHN.EVN.regular.sub.csv",990
"CHN201109190",7,0,"johnr008",1,4,9,"bakej001",9,51,"2011CHN.EVN.regular.sub.csv",991
"CHN201109190",7,0,"samaj001",1,9,1,"montl001",11,51,"2011CHN.EVN.regular.sub.csv",992
"CHN201109190",7,0,"kottg001",0,9,11,"estrm001",1,53,"2011CHN.EVN.regular.sub.csv",993
"CHN201109190",7,1,"dillt001",0,9,1,"kottg001",11,54,"2011CHN.EVN.regular.sub.csv",994
"CHN201109190",8,0,"marss002",1,9,1,"samaj001",1,58,"2011CHN.EVN.regular.sub.csv",995
"CHN201109190",8,1,"campt001",1,5,12,"soria001",7,64,"2011CHN.EVN.regular.sub.csv",996
"CHN201109190",9,0,"campt001",1,5,7,"campt001",12,66,"2011CHN.EVN.regular.sub.csv",997
"CHN201109190",9,0,"marmc001",1,9,1,"marss002",1,66,"2011CHN.EVN.regular.sub.csv",998
"CHN201109190",9,0,"kotsm001",0,7,11,"hairj002",6,68,"2011CHN.EVN.regular.sub.csv",999
"CHN201109190",9,0,"greet005",0,9,11,"dillt001",1,70,"2011CHN.EVN.regular.sub.csv",1000
"CHN201109200",5,1,"colvt001",1,9,11,"wellr001",1,44,"2011CHN.EVN.regular.sub.csv",1001
"CHN201109200",6,0,"ortir002",1,9,1,"colvt001",11,45,"2011CHN.EVN.regular.sub.csv",1002
"CHN201109200",7,0,"dewib001",1,3,5,"ramia001",5,53,"2011CHN.EVN.regular.sub.csv",1003
"CHN201109200",8,0,"casha001",1,9,1,"ortir002",1,60,"2011CHN.EVN.regular.sub.csv",1004
"CHN201109200",8,1,"johnr008",1,9,11,"casha001",1,65,"2011CHN.EVN.regular.sub.csv",1005
"CHN201109200",9,0,"grabj002",1,9,1,"johnr008",11,68,"2011CHN.EVN.regular.sub.csv",1006
"CHN201109200",9,1,"rodrf003",0,9,1,"marcs001",1,72,"2011CHN.EVN.regular.sub.csv",1007
"CHN201109210",7,1,"loe-k001",0,9,1,"wolfr001",1,54,"2011CHN.EVN.regular.sub.csv",1008
"CHN201109210",7,1,"dewib001",1,4,11,"bakej001",4,56,"2011CHN.EVN.regular.sub.csv",1009
"CHN201109210",8,0,"barnd001",1,4,4,"dewib001",11,59,"2011CHN.EVN.regular.sub.csv",1010
"CHN201109210",8,0,"greet005",0,9,11,"loe-k001",1,59,"2011CHN.EVN.regular.sub.csv",1011
"CHN201109210",8,1,"fierm001",0,5,1,"weekr001",4,63,"2011CHN.EVN.regular.sub.csv",1012
"CHN201109210",8,1,"greet005",0,9,4,"greet005",11,63,"2011CHN.EVN.regular.sub.csv",1013
"CHN201109210",9,0,"campt001",1,7,7,"soria001",7,68,"2011CHN.EVN.regular.sub.csv",1014
"CHN201109210",9,0,"counc001",0,5,11,"fierm001",1,69,"2011CHN.EVN.regular.sub.csv",1015
